Segment	Start	Stop	Forward_support	Reverse_support	Total_support	Fuzz_factor
KJ942680.1	1005	1346	1	0	1	1005
KJ942680.1	1011	1405	0	1	1	1405
KJ942680.1	1019	1597	0	1	1	1597
KJ942680.1	1021	1602	1	0	1	1021
KJ942680.1	1025	1698	0	1	1	1698
KJ942680.1	1045	1889	0	1	1	1889
KJ942680.1	1051	1552	1	0	1	1051
KJ942680.1	1054	1824	0	1	1	1824
KJ942680.1	1066	1359	1	0	1	1066
KJ942680.1	1084	1341	1	0	1	1084
KJ942680.1	1091	1167	1	0	1	1091
KJ942680.1	1097	1896	0	1	1	1896
KJ942680.1	1107	1400	3	0	3	1107
KJ942680.1	1112	1698	1	0	1	1112
KJ942680.1	1136	1868	1	0	1	1136
KJ942680.1	1137	1436	0	1	1	1436
KJ942680.1	1138	1361	0	1	1	1361
KJ942680.1	1147	1827	1	0	1	1147
KJ942680.1	1148	1824	0	1	1	1824
KJ942680.1	1171	1704	1	0	1	1171
KJ942680.1	1188	1310	1	0	1	1188
KJ942680.1	1193	1511	0	1	1	1511
KJ942680.1	1204	1282	1	0	1	1204
KJ942680.1	1221	1429	0	1	1	1429
KJ942680.1	1285	1348	1	0	1	1285
KJ942680.1	1312	1681	1	0	1	1312
KJ942680.1	1316	1338	2	6	8	1316
KJ942680.1	1340	1570	1	0	1	1340
KJ942680.1	1342	1913	0	1	1	1913
KJ942680.1	1343	1473	1	0	1	1343
KJ942680.1	1347	1553	1	0	1	1347
KJ942680.1	1349	1510	1	2	3	1349
KJ942680.1	1369	1428	0	2	2	1428
KJ942680.1	1385	1536	1	0	1	1385
KJ942680.1	1409	1610	1	0	1	1409
KJ942680.1	1410	1764	0	1	1	1764
KJ942680.1	1443	1568	0	1	1	1568
KJ942680.1	1470	1621	0	1	1	1621
KJ942680.1	1474	1712	0	1	1	1712
KJ942680.1	1524	1663	0	1	1	1663
KJ942680.1	1584	1679	0	1	1	1679
KJ942680.1	1640	1787	0	1	1	1787
KJ942680.1	1713	1914	0	1	1	1914
KJ942680.1	252	1355	1	0	1	252
KJ942680.1	262	1365	1	0	1	262
KJ942680.1	262	1873	1	0	1	262
KJ942680.1	263	1807	1	0	1	263
KJ942680.1	277	1819	19	0	19	277
KJ942680.1	282	1346	2	0	2	282
KJ942680.1	292	1358	2	0	2	292
KJ942680.1	300	870	1	0	1	300
KJ942680.1	310	1377	0	1	1	1377
KJ942680.1	332	1637	0	1	1	1637
KJ942680.1	344	513	0	1	1	513
KJ942680.1	346	594	0	1	1	594
KJ942680.1	384	1223	0	1	1	1223
KJ942680.1	403	1435	0	1	1	1435
KJ942680.1	403	867	0	1	1	867
KJ942680.1	404	1143	0	1	1	1143
KJ942680.1	404	1665	0	1	1	1665
KJ942680.1	410	1655	0	1	1	1655
KJ942680.1	413	1600	2	17	19	413
KJ942680.1	414	659	1	0	1	414
KJ942680.1	425	798	0	1	1	798
KJ942680.1	439	1311	1	0	1	439
KJ942680.1	440	1380	1	0	1	440
KJ942680.1	442	1706	1	0	1	442
KJ942680.1	447	1711	1	0	1	447
KJ942680.1	460	1472	1	0	1	460
KJ942680.1	479	893	0	1	1	893
KJ942680.1	484	641	0	1	1	641
KJ942680.1	486	603	1	0	1	486
KJ942680.1	495	1014	1	0	1	495
KJ942680.1	496	1549	1	0	1	496
KJ942680.1	508	682	0	1	1	682
KJ942680.1	515	727	0	1	1	727
KJ942680.1	517	1692	0	1	1	1692
KJ942680.1	521	1224	0	1	1	1224
KJ942680.1	521	1269	0	1	1	1269
KJ942680.1	522	1351	0	1	1	1351
KJ942680.1	522	624	0	1	1	624
KJ942680.1	532	825	1	0	1	532
KJ942680.1	533	596	0	1	1	596
KJ942680.1	538	1255	1	0	1	538
KJ942680.1	539	1313	0	1	1	1313
KJ942680.1	540	1285	1	0	1	540
KJ942680.1	541	1078	0	1	1	1078
KJ942680.1	561	1773	0	1	1	1773
KJ942680.1	577	1653	1	1	2	577
KJ942680.1	586	613	1	1	2	586
KJ942680.1	600	1511	0	1	1	1511
KJ942680.1	617	1494	1	0	1	617
KJ942680.1	617	1720	1	0	1	617
KJ942680.1	631	1825	1	0	1	631
KJ942680.1	636	1377	0	1	1	1377
KJ942680.1	637	1864	0	1	1	1864
KJ942680.1	640	766	0	1	1	766
KJ942680.1	641	878	0	1	1	878
KJ942680.1	645	796	1	0	1	645
KJ942680.1	655	1466	1	0	1	655
KJ942680.1	682	1137	1	0	1	682
KJ942680.1	700	974	1	0	1	700
KJ942680.1	746	1038	0	1	1	1038
KJ942680.1	749	1301	0	1	1	1301
KJ942680.1	749	1685	0	1	1	1685
KJ942680.1	801	1816	0	1	1	1816
KJ942680.1	806	1527	0	1	1	1527
KJ942680.1	806	1615	1	0	1	806
KJ942680.1	817	1475	0	1	1	1475
KJ942680.1	824	967	1	0	1	824
KJ942680.1	830	1231	1	0	1	830
KJ942680.1	830	968	1	0	1	830
KJ942680.1	831	1580	0	1	1	1580
KJ942680.1	869	1497	0	1	1	1497
KJ942680.1	873	1497	0	1	1	1497
KJ942680.1	886	1820	1	0	1	886
KJ942680.1	903	946	2	2	4	903
KJ942680.1	929	1842	1	0	1	929
KJ942680.1	930	1839	1	0	1	930
KJ942680.1	979	1911	0	1	1	1911
KJ942680.1	988	1644	0	1	1	1644
KJ942681.1	1008	1096	0	1	1	1096
KJ942681.1	238	845	1	0	1	238
KJ942681.1	271	925	1	0	1	271
KJ942681.1	275	649	1	0	1	275
KJ942681.1	287	616	1	0	1	287
KJ942681.1	290	863	36	1	37	290
KJ942681.1	291	1048	1	0	1	291
KJ942681.1	296	1000	1	0	1	296
KJ942681.1	301	1097	1	0	1	301
KJ942681.1	303	1155	4	3	7	303
KJ942681.1	320	1171	0	6	6	1171
KJ942681.1	336	817	3	1	4	336
KJ942681.1	339	956	0	1	1	956
KJ942681.1	347	598	0	1	1	598
KJ942681.1	358	496	0	1	1	496
KJ942681.1	358	788	0	1	1	788
KJ942681.1	362	1057	0	1	1	1057
KJ942681.1	371	1019	0	1	1	1019
KJ942681.1	381	612	0	1	1	612
KJ942681.1	393	1083	1	0	1	393
KJ942681.1	394	1052	0	1	1	1052
KJ942681.1	394	772	0	1	1	772
KJ942681.1	395	770	0	1	1	770
KJ942681.1	407	904	0	1	1	904
KJ942681.1	408	995	0	1	1	995
KJ942681.1	409	547	0	1	1	547
KJ942681.1	418	1081	0	1	1	1081
KJ942681.1	418	469	1	0	1	418
KJ942681.1	418	973	1	0	1	418
KJ942681.1	420	996	1	0	1	420
KJ942681.1	422	460	0	1	1	460
KJ942681.1	426	809	0	1	1	809
KJ942681.1	429	952	0	1	1	952
KJ942681.1	432	478	0	1	1	478
KJ942681.1	432	958	0	1	1	958
KJ942681.1	433	768	0	1	1	768
KJ942681.1	440	658	0	1	1	658
KJ942681.1	442	476	0	1	1	476
KJ942681.1	453	855	0	1	1	855
KJ942681.1	456	607	1	0	1	456
KJ942681.1	457	847	1	0	1	457
KJ942681.1	460	507	0	1	1	507
KJ942681.1	465	951	0	1	1	951
KJ942681.1	471	1176	0	1	1	1176
KJ942681.1	473	514	1	0	1	473
KJ942681.1	474	526	0	1	1	526
KJ942681.1	484	1011	2	0	2	484
KJ942681.1	487	1084	1	0	1	487
KJ942681.1	488	815	0	1	1	815
KJ942681.1	494	1027	9	4	13	494
KJ942681.1	497	646	1	0	1	497
KJ942681.1	498	659	1	0	1	498
KJ942681.1	500	651	1	0	1	500
KJ942681.1	515	547	0	1	1	547
KJ942681.1	516	1174	0	1	1	1174
KJ942681.1	520	1147	0	1	1	1147
KJ942681.1	532	628	0	1	1	628
KJ942681.1	538	768	0	1	1	768
KJ942681.1	543	845	0	1	1	845
KJ942681.1	551	882	0	1	1	882
KJ942681.1	577	1096	0	1	1	1096
KJ942681.1	582	996	1	0	1	582
KJ942681.1	593	895	0	1	1	895
KJ942681.1	605	1056	1	0	1	605
KJ942681.1	612	851	1	0	1	612
KJ942681.1	616	741	0	1	1	741
KJ942681.1	620	807	0	1	1	807
KJ942681.1	620	875	0	1	1	875
KJ942681.1	621	1108	0	1	1	1108
KJ942681.1	636	1174	0	1	1	1174
KJ942681.1	637	1037	0	1	1	1037
KJ942681.1	637	1158	0	1	1	1158
KJ942681.1	637	725	4	0	4	637
KJ942681.1	647	902	1	0	1	647
KJ942681.1	657	931	0	1	1	931
KJ942681.1	688	840	1	0	1	688
KJ942681.1	694	830	0	1	1	830
KJ942681.1	699	746	0	1	1	746
KJ942681.1	700	854	0	1	1	854
KJ942681.1	706	756	0	1	1	756
KJ942681.1	721	902	2	0	2	721
KJ942681.1	726	1016	1	0	1	726
KJ942681.1	731	804	1	0	1	731
KJ942681.1	733	875	4	8	12	733
KJ942681.1	734	1051	1	0	1	734
KJ942681.1	735	899	1	0	1	735
KJ942681.1	736	847	0	1	1	847
KJ942681.1	782	975	0	1	1	975
KJ942681.1	792	996	0	1	1	996
KJ942681.1	807	877	0	2	2	877
KJ942681.1	812	1018	1	0	1	812
KJ942681.1	812	1024	1	0	1	812
KJ942681.1	832	881	2	1	3	832
KJ942681.1	832	911	1	0	1	832
KJ942681.1	850	1068	1	0	1	850
KJ942681.1	856	1182	0	1	1	1182
KJ942681.1	911	980	1	0	1	911
KJ942681.1	918	1176	0	1	1	1176
KJ942681.1	920	997	1	0	1	920
KJ942681.1	922	1049	1	0	1	922
KJ942681.1	934	1031	2	0	2	934
KJ942681.1	968	1015	1	0	1	968
KJ942681.1	970	1164	0	1	1	1164
KJ942681.1	974	1083	1	0	1	974
KJ942681.1	975	1009	0	1	1	1009
KJ942681.1	988	1051	2	2	4	988
KJ942682.1	1098	1182	1	0	1	1098
KJ942682.1	1119	1488	1	0	1	1119
KJ942682.1	1184	1535	1	0	1	1184
KJ942682.1	1207	1323	1	0	1	1207
KJ942682.1	1239	1352	1	0	1	1239
KJ942682.1	1273	1594	0	1	1	1594
KJ942682.1	1275	1506	5	0	5	1275
KJ942682.1	1411	1589	0	1	1	1589
KJ942682.1	1411	1601	0	1	1	1601
KJ942682.1	1473	1525	3	2	5	1473
KJ942682.1	1602	1631	0	3	3	1631
KJ942682.1	251	1475	26	0	26	251
KJ942682.1	274	1265	1	0	1	274
KJ942682.1	282	1381	1	0	1	282
KJ942682.1	291	1464	8	0	8	291
KJ942682.1	309	1401	1	0	1	309
KJ942682.1	323	1421	15	26	41	323
KJ942682.1	330	1044	0	1	1	1044
KJ942682.1	363	979	0	1	1	979
KJ942682.1	373	1331	0	1	1	1331
KJ942682.1	389	722	0	1	1	722
KJ942682.1	400	1512	2	4	6	400
KJ942682.1	406	1031	0	1	1	1031
KJ942682.1	444	1336	1	0	1	444
KJ942682.1	454	1321	3	8	11	454
KJ942682.1	461	580	0	1	1	580
KJ942682.1	479	1378	3	4	7	479
KJ942682.1	560	1371	0	2	2	1371
KJ942682.1	576	662	0	1	1	662
KJ942682.1	592	1449	1	0	1	592
KJ942682.1	671	870	1	0	1	671
KJ942682.1	685	956	1	0	1	685
KJ942682.1	685	965	1	0	1	685
KJ942682.1	701	1471	0	1	1	1471
KJ942682.1	720	1046	1	0	1	720
KJ942682.1	740	1409	1	0	1	740
KJ942682.1	759	781	0	1	1	781
KJ942682.1	770	1472	0	1	1	1472
KJ942682.1	804	865	0	1	1	865
KJ942682.1	811	1311	0	1	1	1311
KJ942682.1	815	1224	0	1	1	1224
KJ942682.1	831	1235	0	1	1	1235
KJ942682.1	842	1131	1	0	1	842
KJ942682.1	845	1171	0	1	1	1171
KJ942682.1	845	971	3	2	5	845
KJ942682.1	861	913	0	1	1	913
KJ942682.1	883	1401	0	1	1	1401
KJ942682.1	898	1492	1	0	1	898
KJ942682.1	926	1413	1	0	1	926
KJ942682.1	965	1217	0	1	1	1217
KJ942682.1	966	1634	0	1	1	1634
KJ942682.1	967	1046	2	4	6	967
KJ942682.1	968	1047	2	0	2	968
KJ942682.1	995	1336	0	1	1	1336
KJ942683.1	1019	1248	0	1	1	1248
KJ942683.1	1023	1403	1	0	1	1023
KJ942683.1	1034	1487	1	0	1	1034
KJ942683.1	1037	1223	0	1	1	1223
KJ942683.1	1044	1108	3	1	4	1044
KJ942683.1	1050	1357	1	0	1	1050
KJ942683.1	1098	1707	0	1	1	1707
KJ942683.1	1119	1616	0	1	1	1616
KJ942683.1	1121	1192	1	0	1	1121
KJ942683.1	1122	1588	1	0	1	1122
KJ942683.1	1175	1253	0	1	1	1253
KJ942683.1	1178	1421	1	0	1	1178
KJ942683.1	1194	1516	0	1	1	1516
KJ942683.1	1196	1582	1	0	1	1196
KJ942683.1	1202	1531	1	0	1	1202
KJ942683.1	1241	1519	0	1	1	1519
KJ942683.1	1256	1912	1	0	1	1256
KJ942683.1	1262	1527	1	0	1	1262
KJ942683.1	1273	1557	1	0	1	1273
KJ942683.1	1280	1359	1	0	1	1280
KJ942683.1	1280	1606	1	0	1	1280
KJ942683.1	1297	1457	0	1	1	1457
KJ942683.1	1302	1436	0	1	1	1436
KJ942683.1	1341	1591	1	0	1	1341
KJ942683.1	1378	1510	1	0	1	1378
KJ942683.1	1398	1705	0	1	1	1705
KJ942683.1	1407	1709	0	1	1	1709
KJ942683.1	1411	1707	1	0	1	1411
KJ942683.1	1416	1508	0	1	1	1508
KJ942683.1	1436	1559	2	0	2	1436
KJ942683.1	1455	1571	1	0	1	1455
KJ942683.1	1456	1560	2	0	2	1456
KJ942683.1	1457	1581	2	0	2	1457
KJ942683.1	1489	1556	0	1	1	1556
KJ942683.1	1535	1631	0	1	1	1631
KJ942683.1	1549	1603	1	0	1	1549
KJ942683.1	1579	1694	1	0	1	1579
KJ942683.1	1621	1666	0	1	1	1666
KJ942683.1	251	1422	1	0	1	251
KJ942683.1	259	1499	1	0	1	259
KJ942683.1	260	1536	1	0	1	260
KJ942683.1	261	618	1	0	1	261
KJ942683.1	269	810	1	0	1	269
KJ942683.1	271	889	1	0	1	271
KJ942683.1	273	920	1	0	1	273
KJ942683.1	279	1323	1	0	1	279
KJ942683.1	296	1371	1	0	1	296
KJ942683.1	297	832	1	0	1	297
KJ942683.1	299	454	1	0	1	299
KJ942683.1	303	629	1	0	1	303
KJ942683.1	308	880	1	0	1	308
KJ942683.1	339	451	1	0	1	339
KJ942683.1	344	468	1	0	1	344
KJ942683.1	344	941	1	0	1	344
KJ942683.1	349	1671	0	1	1	1671
KJ942683.1	362	813	0	1	1	813
KJ942683.1	388	1482	2	0	2	388
KJ942683.1	417	1019	0	1	1	1019
KJ942683.1	417	900	1	0	1	417
KJ942683.1	438	606	0	1	1	606
KJ942683.1	439	1395	1	0	1	439
KJ942683.1	441	1120	0	1	1	1120
KJ942683.1	443	1718	0	1	1	1718
KJ942683.1	445	1021	0	1	1	1021
KJ942683.1	445	1385	0	1	1	1385
KJ942683.1	447	1320	1	0	1	447
KJ942683.1	447	1708	0	1	1	1708
KJ942683.1	454	1228	0	1	1	1228
KJ942683.1	455	1079	0	1	1	1079
KJ942683.1	456	1200	0	1	1	1200
KJ942683.1	463	922	0	1	1	922
KJ942683.1	472	989	0	1	1	989
KJ942683.1	479	599	0	1	1	599
KJ942683.1	482	602	0	1	1	602
KJ942683.1	493	699	1	0	1	493
KJ942683.1	496	1604	1	0	1	496
KJ942683.1	501	1618	0	1	1	1618
KJ942683.1	502	862	1	0	1	502
KJ942683.1	513	855	5	3	8	513
KJ942683.1	520	1279	0	1	1	1279
KJ942683.1	526	771	0	1	1	771
KJ942683.1	533	1160	0	1	1	1160
KJ942683.1	534	783	1	0	1	534
KJ942683.1	535	1254	1	0	1	535
KJ942683.1	536	612	0	1	1	612
KJ942683.1	536	856	1	1	2	536
KJ942683.1	537	1384	1	0	1	537
KJ942683.1	537	1481	0	1	1	1481
KJ942683.1	538	801	0	1	1	801
KJ942683.1	539	1417	0	1	1	1417
KJ942683.1	548	1453	3	3	6	548
KJ942683.1	551	1431	0	2	2	1431
KJ942683.1	567	1485	1	0	1	567
KJ942683.1	570	1021	1	0	1	570
KJ942683.1	571	1509	1	0	1	571
KJ942683.1	574	881	1	0	1	574
KJ942683.1	578	834	1	0	1	578
KJ942683.1	615	1335	0	1	1	1335
KJ942683.1	616	1509	0	1	1	1509
KJ942683.1	631	838	1	0	1	631
KJ942683.1	632	1232	1	0	1	632
KJ942683.1	637	1239	0	1	1	1239
KJ942683.1	637	732	2	0	2	637
KJ942683.1	656	1178	1	0	1	656
KJ942683.1	694	1532	1	0	1	694
KJ942683.1	712	1039	1	0	1	712
KJ942683.1	733	825	1	0	1	733
KJ942683.1	735	1533	1	0	1	735
KJ942683.1	735	1590	1	0	1	735
KJ942683.1	739	1591	0	1	1	1591
KJ942683.1	751	1316	1	0	1	751
KJ942683.1	754	1573	0	1	1	1573
KJ942683.1	777	1339	4	3	7	777
KJ942683.1	784	1480	1	0	1	784
KJ942683.1	797	924	0	1	1	924
KJ942683.1	804	996	1	0	1	804
KJ942683.1	814	1494	0	1	1	1494
KJ942683.1	829	1461	0	1	1	1461
KJ942683.1	832	861	1	0	1	832
KJ942683.1	844	1379	2	2	4	844
KJ942683.1	850	987	1	0	1	850
KJ942683.1	851	882	0	1	1	882
KJ942683.1	852	1508	1	0	1	852
KJ942683.1	863	1585	1	0	1	863
KJ942683.1	866	1309	0	1	1	1309
KJ942683.1	885	1454	0	1	1	1454
KJ942683.1	886	1171	0	1	1	1171
KJ942683.1	913	1301	1	0	1	913
KJ942683.1	914	1312	1	0	1	914
KJ942683.1	928	1526	1	0	1	928
KJ942683.1	932	1393	0	1	1	1393
KJ942683.1	933	1298	0	1	1	1298
KJ942683.1	934	1559	0	1	1	1559
KJ942683.1	938	1382	0	1	1	1382
KJ942683.1	950	1176	0	1	1	1176
KJ942683.1	957	1108	1	2	3	957
KJ942683.1	957	1418	1	0	1	957
KJ942683.1	979	1398	0	1	1	1398
KJ942683.1	985	1023	1	0	1	985
KJ942683.1	986	1057	2	0	2	986
KJ942683.1	998	1243	1	0	1	998
KJ942683.1	999	1487	1	0	1	999
KJ942684.1	247	886	1	0	1	247
KJ942684.1	251	936	36	1	37	251
KJ942684.1	262	928	1	0	1	262
KJ942684.1	268	303	4	0	4	268
KJ942684.1	274	903	48	0	48	274
KJ942684.1	288	955	1	0	1	288
KJ942684.1	299	977	1	0	1	299
KJ942684.1	303	980	46	1	47	303
KJ942684.1	366	806	34	71	105	366
KJ942684.1	381	413	1	2	3	381
KJ942684.1	381	805	3	0	3	381
KJ942684.1	399	861	0	1	1	861
KJ942684.1	401	863	11	16	27	401
KJ942684.1	490	722	1	0	1	490
KJ942684.1	526	755	19	35	54	526
KJ942684.1	991	1024	0	21	21	1024
KJ942685.1	1008	1857	1	0	1	1008
KJ942685.1	1024	1798	1	0	1	1024
KJ942685.1	1028	2052	1	0	1	1028
KJ942685.1	1057	1990	0	3	3	1990
KJ942685.1	1059	1861	1	0	1	1059
KJ942685.1	1062	1873	1	0	1	1062
KJ942685.1	1062	2143	0	1	1	2143
KJ942685.1	1064	1531	0	1	1	1531
KJ942685.1	1076	1937	0	1	1	1937
KJ942685.1	1084	2366	0	1	1	2366
KJ942685.1	1090	1667	2	0	2	1090
KJ942685.1	1106	2016	1	0	1	1106
KJ942685.1	1117	1428	0	1	1	1428
KJ942685.1	1134	1962	0	1	1	1962
KJ942685.1	1150	2247	1	0	1	1150
KJ942685.1	1210	2284	0	1	1	2284
KJ942685.1	1219	1754	1	3	4	1219
KJ942685.1	1253	1697	0	1	1	1697
KJ942685.1	1269	1658	0	1	1	1658
KJ942685.1	1288	1973	2	2	4	1288
KJ942685.1	1362	2031	1	0	1	1362
KJ942685.1	1366	2261	1	0	1	1366
KJ942685.1	1372	1816	0	1	1	1816
KJ942685.1	1380	2091	0	1	1	2091
KJ942685.1	1383	2228	0	1	1	2228
KJ942685.1	1406	2086	0	1	1	2086
KJ942685.1	1514	1961	1	2	3	1514
KJ942685.1	1521	2013	3	3	6	1521
KJ942685.1	1523	2307	0	2	2	2307
KJ942685.1	1533	1587	1	0	1	1533
KJ942685.1	1541	2004	1	0	1	1541
KJ942685.1	1555	2018	7	2	9	1555
KJ942685.1	1577	2006	10	12	22	1577
KJ942685.1	1589	2132	0	1	1	2132
KJ942685.1	1663	2334	1	0	1	1663
KJ942685.1	1708	1963	0	1	1	1963
KJ942685.1	1713	1880	1	0	1	1713
KJ942685.1	1715	1755	0	2	2	1755
KJ942685.1	1718	2096	0	1	1	2096
KJ942685.1	1781	1981	0	1	1	1981
KJ942685.1	1823	1868	1	1	2	1823
KJ942685.1	1839	1992	0	1	1	1992
KJ942685.1	1864	2268	0	1	1	2268
KJ942685.1	1872	1974	1	1	2	1872
KJ942685.1	1884	1915	0	1	1	1915
KJ942685.1	1890	2312	2	0	2	1890
KJ942685.1	1907	2023	1	0	1	1907
KJ942685.1	1919	2048	26	26	52	1919
KJ942685.1	1948	1972	1	0	1	1948
KJ942685.1	1950	2154	1	7	8	1950
KJ942685.1	1961	2021	4	3	7	1961
KJ942685.1	1965	2100	0	1	1	2100
KJ942685.1	2003	2185	0	1	1	2185
KJ942685.1	2009	2075	2	4	6	2009
KJ942685.1	2017	2039	4	4	8	2017
KJ942685.1	2021	2054	2	5	7	2021
KJ942685.1	2040	2077	4	6	10	2040
KJ942685.1	2051	2074	4	2	6	2051
KJ942685.1	2052	2388	0	1	1	2388
KJ942685.1	2074	2270	11	1	12	2074
KJ942685.1	2119	2201	1	0	1	2119
KJ942685.1	2132	2156	0	1	1	2156
KJ942685.1	2140	2173	4	1	5	2140
KJ942685.1	2140	2180	8	13	21	2140
KJ942685.1	2142	2164	8	10	18	2142
KJ942685.1	2143	2181	17	22	39	2143
KJ942685.1	2151	2174	5	3	8	2151
KJ942685.1	2151	2221	13	1	14	2151
KJ942685.1	2181	2235	9	0	9	2181
KJ942685.1	2222	2258	1	0	1	2222
KJ942685.1	2225	2248	0	2	2	2248
KJ942685.1	253	2158	3	1	4	253
KJ942685.1	271	2021	1	0	1	271
KJ942685.1	277	2264	2	0	2	277
KJ942685.1	280	428	1	0	1	280
KJ942685.1	284	2043	3	0	3	284
KJ942685.1	286	2047	1	0	1	286
KJ942685.1	288	1169	1	0	1	288
KJ942685.1	289	2048	2	0	2	289
KJ942685.1	289	2179	11	1	12	289
KJ942685.1	291	1207	1	0	1	291
KJ942685.1	291	2086	1	0	1	291
KJ942685.1	291	2191	67	10	77	291
KJ942685.1	293	1409	1	0	1	293
KJ942685.1	293	2180	6	0	6	293
KJ942685.1	293	2301	1	0	1	293
KJ942685.1	298	2111	1	0	1	298
KJ942685.1	298	2201	1	0	1	298
KJ942685.1	300	2013	1	0	1	300
KJ942685.1	300	2044	1	0	1	300
KJ942685.1	301	2063	6	0	6	301
KJ942685.1	314	2151	0	1	1	2151
KJ942685.1	314	345	0	2	2	345
KJ942685.1	315	338	2	1	3	315
KJ942685.1	321	2158	0	5	5	2158
KJ942685.1	321	2169	1	45	46	321
KJ942685.1	322	2282	0	4	4	2282
KJ942685.1	324	2023	1	0	1	324
KJ942685.1	328	2249	0	6	6	2249
KJ942685.1	336	374	1	0	1	336
KJ942685.1	337	359	4	26	30	337
KJ942685.1	341	1571	1	0	1	341
KJ942685.1	342	2263	8	6	14	342
KJ942685.1	343	2160	0	7	7	2160
KJ942685.1	344	2226	0	2	2	2226
KJ942685.1	344	2236	1	0	1	344
KJ942685.1	344	2313	0	1	1	2313
KJ942685.1	345	2075	78	197	275	345
KJ942685.1	345	2159	0	9	9	2159
KJ942685.1	345	2174	0	36	36	2174
KJ942685.1	345	538	0	7	7	538
KJ942685.1	346	2153	0	15	15	2153
KJ942685.1	360	1871	0	1	1	1871
KJ942685.1	370	2209	0	3	3	2209
KJ942685.1	370	2270	48	74	122	370
KJ942685.1	371	1884	1	13	14	371
KJ942685.1	371	2130	0	3	3	2130
KJ942685.1	371	393	0	7	7	393
KJ942685.1	374	402	5	37	42	374
KJ942685.1	376	2154	2	0	2	376
KJ942685.1	378	2171	3	3	6	378
KJ942685.1	380	2082	0	7	7	2082
KJ942685.1	380	2160	37	275	312	380
KJ942685.1	382	2162	0	1	1	2162
KJ942685.1	383	2126	1	0	1	383
KJ942685.1	394	2144	6	98	104	394
KJ942685.1	394	2152	2	70	72	394
KJ942685.1	396	2074	1	4	5	396
KJ942685.1	396	2143	2	11	13	396
KJ942685.1	396	2158	22	61	83	396
KJ942685.1	396	2190	10	27	37	396
KJ942685.1	396	2192	2	3	5	396
KJ942685.1	397	2088	12	50	62	397
KJ942685.1	398	2063	3	14	17	398
KJ942685.1	399	2296	0	2	2	2296
KJ942685.1	401	2152	0	5	5	2152
KJ942685.1	402	2194	10	32	42	402
KJ942685.1	407	2100	17	105	122	407
KJ942685.1	408	1721	0	1	1	1721
KJ942685.1	413	2154	1	16	17	413
KJ942685.1	414	1879	3	18	21	414
KJ942685.1	415	2175	0	12	12	2175
KJ942685.1	416	2038	6	3	9	416
KJ942685.1	416	2163	0	1	1	2163
KJ942685.1	427	2101	0	265	265	2101
KJ942685.1	431	2262	2	0	2	431
KJ942685.1	438	2269	5	14	19	438
KJ942685.1	438	461	0	2	2	461
KJ942685.1	440	2032	0	1	1	2032
KJ942685.1	443	2167	1	6	7	443
KJ942685.1	445	2180	1	0	1	445
KJ942685.1	446	2020	2	1	3	446
KJ942685.1	446	2154	1	7	8	446
KJ942685.1	447	2054	0	2	2	2054
KJ942685.1	447	2164	2	9	11	447
KJ942685.1	447	2167	4	13	17	447
KJ942685.1	450	1620	3	8	11	450
KJ942685.1	450	2042	6	0	6	450
KJ942685.1	452	2164	7	42	49	452
KJ942685.1	453	2066	3	4	7	453
KJ942685.1	456	1825	2	0	2	456
KJ942685.1	459	2074	0	2	2	2074
KJ942685.1	459	695	0	1	1	695
KJ942685.1	462	1831	1	0	1	462
KJ942685.1	464	489	27	7	34	464
KJ942685.1	465	524	0	1	1	524
KJ942685.1	466	2059	3	4	7	466
KJ942685.1	471	2011	1	0	1	471
KJ942685.1	473	1130	1	0	1	473
KJ942685.1	476	2097	0	9	9	2097
KJ942685.1	477	1847	7	0	7	477
KJ942685.1	479	2100	0	1	1	2100
KJ942685.1	479	2159	0	7	7	2159
KJ942685.1	481	2051	11	1	12	481
KJ942685.1	482	530	8	3	11	482
KJ942685.1	484	2057	176	272	448	484
KJ942685.1	484	2083	0	1	1	2083
KJ942685.1	485	903	0	1	1	903
KJ942685.1	486	2059	1	2	3	486
KJ942685.1	488	523	1	0	1	488
KJ942685.1	488	566	3	1	4	488
KJ942685.1	489	1983	1	1	2	489
KJ942685.1	490	2238	0	1	1	2238
KJ942685.1	492	2091	1	0	1	492
KJ942685.1	494	1639	1	0	1	494
KJ942685.1	494	2179	0	1	1	2179
KJ942685.1	497	2275	5	1	6	497
KJ942685.1	500	2052	0	2	2	2052
KJ942685.1	500	526	2	1	3	500
KJ942685.1	501	1952	6	2	8	501
KJ942685.1	502	2145	129	97	226	502
KJ942685.1	504	2152	5	16	21	504
KJ942685.1	504	2234	34	4	38	504
KJ942685.1	507	2020	43	24	67	507
KJ942685.1	507	732	0	1	1	732
KJ942685.1	509	2042	1	0	1	509
KJ942685.1	511	2039	3	5	8	511
KJ942685.1	511	2043	56	45	101	511
KJ942685.1	515	1854	1	0	1	515
KJ942685.1	515	2021	1	0	1	515
KJ942685.1	515	2288	1	0	1	515
KJ942685.1	517	1510	0	1	1	1510
KJ942685.1	518	2023	38	22	60	518
KJ942685.1	521	2189	0	1	1	2189
KJ942685.1	522	1861	546	157	703	522
KJ942685.1	522	1868	1	0	1	522
KJ942685.1	523	630	10	5	15	523
KJ942685.1	524	2192	7	1	8	524
KJ942685.1	529	1864	0	1	1	1864
KJ942685.1	529	1871	1	1	2	529
KJ942685.1	530	1798	1	0	1	530
KJ942685.1	531	1873	1	0	1	531
KJ942685.1	539	1726	0	1	1	1726
KJ942685.1	541	2028	1	0	1	541
KJ942685.1	544	1888	1	0	1	544
KJ942685.1	545	2038	1	0	1	545
KJ942685.1	548	2283	1	0	1	548
KJ942685.1	549	2057	0	3	3	2057
KJ942685.1	551	2050	8	4	12	551
KJ942685.1	553	2033	6	2	8	553
KJ942685.1	557	2021	1	0	1	557
KJ942685.1	557	2044	0	1	1	2044
KJ942685.1	559	1924	22	3	25	559
KJ942685.1	560	2028	21	10	31	560
KJ942685.1	560	2039	50	28	78	560
KJ942685.1	560	2075	8	3	11	560
KJ942685.1	562	1921	46	3	49	562
KJ942685.1	562	2029	2	2	4	562
KJ942685.1	562	2088	5	6	11	562
KJ942685.1	562	940	1	0	1	562
KJ942685.1	563	2070	14	12	26	563
KJ942685.1	565	1968	4	1	5	565
KJ942685.1	565	2020	3	4	7	565
KJ942685.1	566	1923	5	1	6	566
KJ942685.1	566	2039	1	3	4	566
KJ942685.1	566	2051	1	0	1	566
KJ942685.1	566	2167	0	14	14	2167
KJ942685.1	567	1852	35	54	89	567
KJ942685.1	567	1880	3	0	3	567
KJ942685.1	573	2062	0	1	1	2062
KJ942685.1	575	2023	1	0	1	575
KJ942685.1	575	2040	1	3	4	575
KJ942685.1	575	2046	0	2	2	2046
KJ942685.1	577	1942	1	1	2	577
KJ942685.1	579	1983	0	1	1	1983
KJ942685.1	595	1871	0	1	1	1871
KJ942685.1	599	2055	1	1	2	599
KJ942685.1	605	685	2	1	3	605
KJ942685.1	607	2013	3	1	4	607
KJ942685.1	613	1585	0	1	1	1585
KJ942685.1	614	1892	5	11	16	614
KJ942685.1	617	2020	4	4	8	617
KJ942685.1	617	2131	2	2	4	617
KJ942685.1	618	1838	1	0	1	618
KJ942685.1	619	1964	28	23	51	619
KJ942685.1	622	2133	1	6	7	622
KJ942685.1	627	1932	5	3	8	627
KJ942685.1	627	2027	4	1	5	627
KJ942685.1	628	1853	14	8	22	628
KJ942685.1	628	1854	0	1	1	1854
KJ942685.1	628	697	0	1	1	697
KJ942685.1	639	1924	3	1	4	639
KJ942685.1	640	2237	12	4	16	640
KJ942685.1	645	1875	4	4	8	645
KJ942685.1	652	1915	0	3	3	1915
KJ942685.1	656	1886	0	2	2	1886
KJ942685.1	658	1942	2	0	2	658
KJ942685.1	662	1945	17	6	23	662
KJ942685.1	670	2039	6	1	7	670
KJ942685.1	676	1270	0	1	1	1270
KJ942685.1	681	1174	0	1	1	1174
KJ942685.1	681	1423	0	1	1	1423
KJ942685.1	685	1957	3	6	9	685
KJ942685.1	689	1966	5	4	9	689
KJ942685.1	694	1974	0	1	1	1974
KJ942685.1	697	1963	0	2	2	1963
KJ942685.1	697	1970	1	0	1	697
KJ942685.1	704	2051	23	37	60	704
KJ942685.1	707	1910	1	0	1	707
KJ942685.1	709	1658	4	1	5	709
KJ942685.1	712	1926	2	1	3	712
KJ942685.1	713	1882	0	1	1	1882
KJ942685.1	714	1653	2	0	2	714
KJ942685.1	714	1855	2	1	3	714
KJ942685.1	722	1841	2	5	7	722
KJ942685.1	725	1945	21	3	24	725
KJ942685.1	728	1876	4	4	8	728
KJ942685.1	736	2001	1	0	1	736
KJ942685.1	738	1794	4	2	6	738
KJ942685.1	738	1800	0	1	1	1800
KJ942685.1	738	2305	3	0	3	738
KJ942685.1	741	1896	1	0	1	741
KJ942685.1	744	1937	9	4	13	744
KJ942685.1	744	2020	1	0	1	744
KJ942685.1	744	939	2	1	3	744
KJ942685.1	747	1708	0	1	1	1708
KJ942685.1	747	1901	0	11	11	1901
KJ942685.1	748	1867	8	1	9	748
KJ942685.1	753	1925	19	9	28	753
KJ942685.1	760	1899	4	4	8	760
KJ942685.1	760	1933	12	10	22	760
KJ942685.1	761	1932	5	6	11	761
KJ942685.1	766	1831	1	0	1	766
KJ942685.1	768	1885	32	5	37	768
KJ942685.1	768	2061	0	1	1	2061
KJ942685.1	773	1788	7	2	9	773
KJ942685.1	773	2049	0	1	1	2049
KJ942685.1	786	1818	3	3	6	786
KJ942685.1	786	1851	2	1	3	786
KJ942685.1	800	1741	1	0	1	800
KJ942685.1	808	1909	1	0	1	808
KJ942685.1	810	1817	1	0	1	810
KJ942685.1	821	1712	2	0	2	821
KJ942685.1	821	2199	1	0	1	821
KJ942685.1	821	2258	0	1	1	2258
KJ942685.1	822	1484	0	1	1	1484
KJ942685.1	823	1827	11	8	19	823
KJ942685.1	825	1721	14	2	16	825
KJ942685.1	827	1176	0	1	1	1176
KJ942685.1	827	1865	1	0	1	827
KJ942685.1	828	2073	0	1	1	2073
KJ942685.1	829	1867	7	5	12	829
KJ942685.1	830	1910	1	0	1	830
KJ942685.1	831	1745	17	26	43	831
KJ942685.1	834	1730	1	0	1	834
KJ942685.1	834	1802	5	2	7	834
KJ942685.1	836	1738	1	7	8	836
KJ942685.1	841	1849	0	1	1	1849
KJ942685.1	842	1319	0	1	1	1319
KJ942685.1	846	1785	7	4	11	846
KJ942685.1	848	1766	0	2	2	1766
KJ942685.1	855	1000	1	0	1	855
KJ942685.1	857	2388	0	1	1	2388
KJ942685.1	860	2149	1	0	1	860
KJ942685.1	862	1706	1	0	1	862
KJ942685.1	863	1731	34	21	55	863
KJ942685.1	864	1537	0	1	1	1537
KJ942685.1	864	1920	0	1	1	1920
KJ942685.1	878	1714	5	6	11	878
KJ942685.1	881	1082	0	1	1	1082
KJ942685.1	884	2242	1	0	1	884
KJ942685.1	888	2246	0	4	4	2246
KJ942685.1	926	1678	1	2	3	926
KJ942685.1	958	1101	0	1	1	1101
KJ942685.1	968	1042	4	1	5	968
KJ942685.1	974	2139	0	1	1	2139
KJ942685.1	981	1889	1	0	1	981
KJ942686.1	1004	1569	1	0	1	1004
KJ942686.1	1029	1130	0	1	1	1130
KJ942686.1	1047	2256	0	1	1	2256
KJ942686.1	1066	1834	0	1	1	1834
KJ942686.1	1071	2019	0	1	1	2019
KJ942686.1	1120	1205	0	1	1	1205
KJ942686.1	1120	1905	0	1	1	1905
KJ942686.1	1129	1501	1	0	1	1129
KJ942686.1	1158	1549	1	0	1	1158
KJ942686.1	1163	2291	1	0	1	1163
KJ942686.1	1172	1571	0	1	1	1571
KJ942686.1	1195	1422	0	1	1	1422
KJ942686.1	1199	1258	0	1	1	1258
KJ942686.1	1270	1310	0	1	1	1310
KJ942686.1	1293	1348	1	0	1	1293
KJ942686.1	1313	2341	0	1	1	2341
KJ942686.1	1330	1886	0	1	1	1886
KJ942686.1	1377	2484	0	1	1	2484
KJ942686.1	1418	2411	0	1	1	2411
KJ942686.1	1579	1733	0	1	1	1733
KJ942686.1	1583	1646	1	0	1	1583
KJ942686.1	1588	1974	1	0	1	1588
KJ942686.1	1597	1837	0	1	1	1837
KJ942686.1	1659	2296	0	1	1	2296
KJ942686.1	1661	2096	0	1	1	2096
KJ942686.1	1669	2277	1	0	1	1669
KJ942686.1	2056	2348	0	1	1	2348
KJ942686.1	2084	2198	2	1	3	2084
KJ942686.1	2213	2247	4	1	5	2213
KJ942686.1	2251	2346	1	0	1	2251
KJ942686.1	2288	2357	11	0	11	2288
KJ942686.1	2289	2459	0	4	4	2459
KJ942686.1	2331	2365	1	1	2	2331
KJ942686.1	2340	2388	33	6	39	2340
KJ942686.1	2371	2412	11	1	12	2371
KJ942686.1	2422	2459	1	11	12	2422
KJ942686.1	2422	2462	6	36	42	2422
KJ942686.1	2436	2483	0	1	1	2483
KJ942686.1	2437	2459	1	6	7	2437
KJ942686.1	2457	2496	0	2	2	2496
KJ942686.1	247	271	5	0	5	247
KJ942686.1	249	273	32	2	34	249
KJ942686.1	249	299	20	0	20	249
KJ942686.1	253	2315	1	0	1	253
KJ942686.1	270	2218	26	3	29	270
KJ942686.1	274	2425	7	0	7	274
KJ942686.1	285	1248	1	0	1	285
KJ942686.1	287	2259	1	0	1	287
KJ942686.1	295	2330	2	0	2	295
KJ942686.1	304	2226	1	0	1	304
KJ942686.1	315	2346	2	2	4	315
KJ942686.1	331	2174	2	2	4	331
KJ942686.1	335	2251	3	0	3	335
KJ942686.1	346	2312	2	0	2	346
KJ942686.1	350	623	4	0	4	350
KJ942686.1	358	2212	1	0	1	358
KJ942686.1	358	2458	0	6	6	2458
KJ942686.1	360	2207	3	16	19	360
KJ942686.1	365	2219	1	0	1	365
KJ942686.1	367	2217	0	1	1	2217
KJ942686.1	367	2219	1	2	3	367
KJ942686.1	370	1590	0	1	1	1590
KJ942686.1	387	2251	9	1	10	387
KJ942686.1	389	2251	8	1	9	389
KJ942686.1	391	1688	1	0	1	391
KJ942686.1	395	2252	32	2	34	395
KJ942686.1	398	2211	1	0	1	398
KJ942686.1	401	2247	6	0	6	401
KJ942686.1	401	2252	6	1	7	401
KJ942686.1	403	2218	3	7	10	403
KJ942686.1	413	1140	2	1	3	413
KJ942686.1	413	453	1	0	1	413
KJ942686.1	426	2104	3	0	3	426
KJ942686.1	431	2233	21	0	21	431
KJ942686.1	433	2234	117	177	294	433
KJ942686.1	434	2317	1	0	1	434
KJ942686.1	437	2202	1	0	1	437
KJ942686.1	439	2346	23	2	25	439
KJ942686.1	441	2241	0	2	2	2241
KJ942686.1	444	2220	1	0	1	444
KJ942686.1	449	2312	2	0	2	449
KJ942686.1	450	2112	1	0	1	450
KJ942686.1	452	2175	25	1	26	452
KJ942686.1	456	2253	41	2	43	456
KJ942686.1	458	2165	1	0	1	458
KJ942686.1	460	2141	1	0	1	460
KJ942686.1	464	2185	1	0	1	464
KJ942686.1	467	2305	4	0	4	467
KJ942686.1	470	1963	4	7	11	470
KJ942686.1	471	2218	6	11	17	471
KJ942686.1	473	2199	5	4	9	473
KJ942686.1	476	1587	1	0	1	476
KJ942686.1	478	2259	0	1	1	2259
KJ942686.1	480	2018	0	1	1	2018
KJ942686.1	498	2377	1	0	1	498
KJ942686.1	502	2154	1	3	4	502
KJ942686.1	511	2150	32	37	69	511
KJ942686.1	512	2224	18	10	28	512
KJ942686.1	522	2232	0	1	1	2232
KJ942686.1	535	2111	2	0	2	535
KJ942686.1	545	2029	1	4	5	545
KJ942686.1	545	2199	1	0	1	545
KJ942686.1	546	615	2	1	3	546
KJ942686.1	558	2105	24	1	25	558
KJ942686.1	559	2503	0	1	1	2503
KJ942686.1	569	1711	1	0	1	569
KJ942686.1	580	1985	1	0	1	580
KJ942686.1	581	749	0	1	1	749
KJ942686.1	600	2181	19	8	27	600
KJ942686.1	617	1313	1	0	1	617
KJ942686.1	621	1992	0	1	1	1992
KJ942686.1	627	1543	1	0	1	627
KJ942686.1	633	2041	5	1	6	633
KJ942686.1	634	1777	0	1	1	1777
KJ942686.1	635	2037	1	2	3	635
KJ942686.1	636	2023	12	6	18	636
KJ942686.1	637	747	2	0	2	637
KJ942686.1	648	2240	1	0	1	648
KJ942686.1	649	2033	4	2	6	649
KJ942686.1	649	2310	3	0	3	649
KJ942686.1	661	2309	7	0	7	661
KJ942686.1	661	2311	90	13	103	661
KJ942686.1	666	1594	0	1	1	1594
KJ942686.1	674	2055	1	0	1	674
KJ942686.1	683	2028	14	13	27	683
KJ942686.1	692	2100	8	0	8	692
KJ942686.1	695	2079	1	2	3	695
KJ942686.1	699	1773	0	1	1	1773
KJ942686.1	717	1739	6	4	10	717
KJ942686.1	718	2103	3	1	4	718
KJ942686.1	739	1413	1	0	1	739
KJ942686.1	742	2034	5	2	7	742
KJ942686.1	748	1755	0	1	1	1755
KJ942686.1	752	2023	5	8	13	752
KJ942686.1	755	1877	0	6	6	1877
KJ942686.1	759	1919	1	0	1	759
KJ942686.1	768	2006	0	3	3	2006
KJ942686.1	771	1671	1	0	1	771
KJ942686.1	787	1953	1	0	1	787
KJ942686.1	792	1782	4	0	4	792
KJ942686.1	799	1974	1	0	1	799
KJ942686.1	800	2163	1	0	1	800
KJ942686.1	801	1307	0	1	1	1307
KJ942686.1	802	1224	0	1	1	1224
KJ942686.1	803	826	1	0	1	803
KJ942686.1	816	1663	1	0	1	816
KJ942686.1	817	1744	32	25	57	817
KJ942686.1	818	1969	35	33	68	818
KJ942686.1	824	1272	1	0	1	824
KJ942686.1	824	1749	0	1	1	1749
KJ942686.1	824	1920	1	0	1	824
KJ942686.1	833	1382	1	0	1	833
KJ942686.1	839	1825	0	2	2	1825
KJ942686.1	846	1776	1	0	1	846
KJ942686.1	846	2195	1	0	1	846
KJ942686.1	846	2358	1	0	1	846
KJ942686.1	848	1277	0	1	1	1277
KJ942686.1	864	2234	0	1	1	2234
KJ942686.1	865	2207	18	30	48	865
KJ942686.1	867	1683	6	2	8	867
KJ942686.1	872	1806	2	0	2	872
KJ942686.1	873	1807	4	5	9	873
KJ942686.1	877	1628	1	0	1	877
KJ942686.1	877	2215	0	1	1	2215
KJ942686.1	883	1418	1	0	1	883
KJ942686.1	888	1799	1	0	1	888
KJ942686.1	898	1769	1	0	1	898
KJ942686.1	902	1914	4	8	12	902
KJ942686.1	903	1628	1	1	2	903
KJ942686.1	907	1769	10	5	15	907
KJ942686.1	907	2291	1	0	1	907
KJ942686.1	909	1892	0	1	1	1892
KJ942686.1	910	1876	0	2	2	1876
KJ942686.1	916	1887	0	1	1	1887
KJ942686.1	919	1890	1	0	1	919
KJ942686.1	921	1679	2	7	9	921
KJ942686.1	942	1961	0	1	1	1961
KJ942686.1	943	2439	0	1	1	2439
KJ942686.1	944	1691	0	1	1	1691
KJ942686.1	949	1696	0	1	1	1696
KJ942686.1	976	1139	1	0	1	976
KJ942686.1	976	1734	2	1	3	976
KJ942686.1	983	2245	5	10	15	983
KJ942687.1	1038	2075	0	1	1	2075
KJ942687.1	1040	1690	2	0	2	1040
KJ942687.1	1047	2086	0	1	1	2086
KJ942687.1	1071	2258	2	3	5	1071
KJ942687.1	1078	1778	2	4	6	1078
KJ942687.1	1082	1548	0	1	1	1548
KJ942687.1	1084	2271	1	0	1	1084
KJ942687.1	1141	2161	0	1	1	2161
KJ942687.1	1180	1683	0	1	1	1683
KJ942687.1	1188	1647	1	0	1	1188
KJ942687.1	1226	1441	0	1	1	1441
KJ942687.1	1262	1345	0	1	1	1345
KJ942687.1	1304	1677	1	0	1	1304
KJ942687.1	1356	1688	0	1	1	1688
KJ942687.1	1465	2133	0	1	1	2133
KJ942687.1	1480	1607	1	0	1	1480
KJ942687.1	1716	2352	1	0	1	1716
KJ942687.1	1718	1757	1	0	1	1718
KJ942687.1	1742	2239	1	0	1	1742
KJ942687.1	1848	2273	0	1	1	2273
KJ942687.1	2022	2049	1	0	1	2022
KJ942687.1	2100	2245	0	1	1	2245
KJ942687.1	2271	2341	4	0	4	2271
KJ942687.1	2360	2386	7	6	13	2360
KJ942687.1	247	2338	6	0	6	247
KJ942687.1	250	1264	1	0	1	250
KJ942687.1	256	1236	1	0	1	256
KJ942687.1	262	2353	20	0	20	262
KJ942687.1	263	1808	1	0	1	263
KJ942687.1	268	1365	1	0	1	268
KJ942687.1	277	1053	1	0	1	277
KJ942687.1	279	1406	1	0	1	279
KJ942687.1	292	1814	0	1	1	1814
KJ942687.1	295	2350	2	0	2	295
KJ942687.1	299	2148	1	0	1	299
KJ942687.1	301	1823	1	0	1	301
KJ942687.1	303	2367	1	0	1	303
KJ942687.1	303	422	1	0	1	303
KJ942687.1	304	1234	1	0	1	304
KJ942687.1	305	2360	1	0	1	305
KJ942687.1	307	2362	73	25	98	307
KJ942687.1	307	332	3	2	5	307
KJ942687.1	315	2375	0	1	1	2375
KJ942687.1	315	340	0	1	1	340
KJ942687.1	331	2340	0	2	2	2340
KJ942687.1	334	725	1	0	1	334
KJ942687.1	336	2339	2	2	4	336
KJ942687.1	338	2327	0	1	1	2327
KJ942687.1	348	2161	8	46	54	348
KJ942687.1	349	2164	0	1	1	2164
KJ942687.1	350	721	0	1	1	721
KJ942687.1	354	2343	2	1	3	354
KJ942687.1	355	2169	0	1	1	2169
KJ942687.1	359	1255	1	0	1	359
KJ942687.1	361	2250	0	1	1	2250
KJ942687.1	367	2120	0	1	1	2120
KJ942687.1	368	2144	0	6	6	2144
KJ942687.1	368	2308	0	1	1	2308
KJ942687.1	368	2367	9	14	23	368
KJ942687.1	368	2375	1	0	1	368
KJ942687.1	369	2122	18	72	90	369
KJ942687.1	372	2261	0	1	1	2261
KJ942687.1	373	2250	1	0	1	373
KJ942687.1	378	2131	1	2	3	378
KJ942687.1	379	2325	1	12	13	379
KJ942687.1	382	2343	264	384	648	382
KJ942687.1	382	426	4	27	31	382
KJ942687.1	383	2344	1	3	4	383
KJ942687.1	385	2298	0	18	18	2298
KJ942687.1	387	413	0	3	3	413
KJ942687.1	389	2348	3	9	12	389
KJ942687.1	390	2131	1	20	21	390
KJ942687.1	390	2408	0	1	1	2408
KJ942687.1	392	2093	0	1	1	2093
KJ942687.1	393	2395	1	3	4	393
KJ942687.1	395	2194	0	1	1	2194
KJ942687.1	398	2374	0	13	13	2374
KJ942687.1	401	2179	20	84	104	401
KJ942687.1	406	2290	0	40	40	2290
KJ942687.1	422	2328	1	0	1	422
KJ942687.1	423	2230	0	1	1	2230
KJ942687.1	424	2395	0	2	2	2395
KJ942687.1	425	2310	1	0	1	425
KJ942687.1	426	2327	0	4	4	2327
KJ942687.1	427	2186	1	6	7	427
KJ942687.1	427	729	1	0	1	427
KJ942687.1	429	1958	1	0	1	429
KJ942687.1	429	2236	1	0	1	429
KJ942687.1	432	2338	0	3	3	2338
KJ942687.1	443	2353	0	1	1	2353
KJ942687.1	444	2294	1	0	1	444
KJ942687.1	446	2378	0	1	1	2378
KJ942687.1	448	2345	0	1	1	2345
KJ942687.1	449	2281	0	9	9	2281
KJ942687.1	450	475	1	0	1	450
KJ942687.1	453	2227	16	71	87	453
KJ942687.1	454	2375	0	1	1	2375
KJ942687.1	457	1884	1	0	1	457
KJ942687.1	457	2218	3	1	4	457
KJ942687.1	458	1003	0	1	1	1003
KJ942687.1	459	2425	0	1	1	2425
KJ942687.1	466	2368	1	0	1	466
KJ942687.1	467	2295	6	19	25	467
KJ942687.1	468	2179	3	11	14	468
KJ942687.1	468	2263	19	39	58	468
KJ942687.1	468	502	27	105	132	468
KJ942687.1	470	2146	3	10	13	470
KJ942687.1	470	2372	13	7	20	470
KJ942687.1	474	2300	0	1	1	2300
KJ942687.1	476	2186	0	1	1	2186
KJ942687.1	476	2234	23	72	95	476
KJ942687.1	476	2269	27	41	68	476
KJ942687.1	476	527	0	1	1	527
KJ942687.1	484	534	0	2	2	534
KJ942687.1	486	2232	33	70	103	486
KJ942687.1	487	1846	1	0	1	487
KJ942687.1	487	2024	8	24	32	487
KJ942687.1	487	2279	6	11	17	487
KJ942687.1	488	2253	0	1	1	2253
KJ942687.1	496	2357	1	0	1	496
KJ942687.1	503	2071	0	1	1	2071
KJ942687.1	504	2296	0	2	2	2296
KJ942687.1	505	571	0	1	1	571
KJ942687.1	518	2224	4	5	9	518
KJ942687.1	520	1877	6	1	7	520
KJ942687.1	528	2236	1	0	1	528
KJ942687.1	530	2246	39	46	85	530
KJ942687.1	531	1337	0	1	1	1337
KJ942687.1	531	2247	0	1	1	2247
KJ942687.1	533	2085	0	10	10	2085
KJ942687.1	535	1895	0	208	208	1895
KJ942687.1	538	2225	2	2	4	538
KJ942687.1	543	1906	1	34	35	543
KJ942687.1	543	1986	9	38	47	543
KJ942687.1	545	1909	0	1	1	1909
KJ942687.1	549	1992	0	3	3	1992
KJ942687.1	551	1970	4	3	7	551
KJ942687.1	559	2065	70	119	189	559
KJ942687.1	566	2079	0	2	2	2079
KJ942687.1	569	2003	0	1	1	2003
KJ942687.1	573	2079	0	6	6	2079
KJ942687.1	573	818	0	1	1	818
KJ942687.1	581	2203	2	0	2	581
KJ942687.1	584	1956	2	0	2	584
KJ942687.1	586	2010	0	1	1	2010
KJ942687.1	590	2038	0	1	1	2038
KJ942687.1	590	2211	0	42	42	2211
KJ942687.1	592	1832	1	0	1	592
KJ942687.1	595	2130	3	9	12	595
KJ942687.1	598	2017	0	2	2	2017
KJ942687.1	599	2018	78	248	326	599
KJ942687.1	602	2021	0	1	1	2021
KJ942687.1	613	2234	0	1	1	2234
KJ942687.1	627	1986	9	7	16	627
KJ942687.1	627	2100	0	1	1	2100
KJ942687.1	628	2085	1	6	7	628
KJ942687.1	628	2389	1	0	1	628
KJ942687.1	629	1662	1	0	1	629
KJ942687.1	632	1992	0	1	1	1992
KJ942687.1	636	1918	0	1	1	1918
KJ942687.1	638	2079	0	1	1	2079
KJ942687.1	640	2002	0	1	1	2002
KJ942687.1	641	1844	9	6	15	641
KJ942687.1	650	1907	4	0	4	650
KJ942687.1	651	2051	0	2	2	2051
KJ942687.1	655	2046	3	4	7	655
KJ942687.1	659	2046	3	2	5	659
KJ942687.1	660	1830	19	10	29	660
KJ942687.1	660	1975	5	2	7	660
KJ942687.1	661	2071	1	3	4	661
KJ942687.1	662	2351	2	1	3	662
KJ942687.1	671	1928	4	1	5	671
KJ942687.1	674	2029	2	5	7	674
KJ942687.1	675	2053	0	2	2	2053
KJ942687.1	679	2030	2	1	3	679
KJ942687.1	680	2088	0	1	1	2088
KJ942687.1	685	2069	9	27	36	685
KJ942687.1	688	1932	1	0	1	688
KJ942687.1	691	1444	1	0	1	691
KJ942687.1	691	2069	6	15	21	691
KJ942687.1	691	2408	0	5	5	2408
KJ942687.1	695	2005	1	3	4	695
KJ942687.1	700	2002	4	25	29	700
KJ942687.1	701	2080	0	1	1	2080
KJ942687.1	704	1148	1	0	1	704
KJ942687.1	707	2011	1	3	4	707
KJ942687.1	714	2421	0	1	1	2421
KJ942687.1	717	1959	1	0	1	717
KJ942687.1	718	755	0	1	1	755
KJ942687.1	721	1963	1	0	1	721
KJ942687.1	722	1969	10	14	24	722
KJ942687.1	725	1939	1	0	1	725
KJ942687.1	726	1968	5	9	14	726
KJ942687.1	727	1953	12	12	24	727
KJ942687.1	732	1956	0	5	5	1956
KJ942687.1	732	1966	1	0	1	732
KJ942687.1	733	1913	1	1	2	733
KJ942687.1	736	1963	7	6	13	736
KJ942687.1	737	1979	0	1	1	1979
KJ942687.1	746	1995	0	1	1	1995
KJ942687.1	747	1957	3	2	5	747
KJ942687.1	748	1963	1	1	2	748
KJ942687.1	754	1102	1	0	1	754
KJ942687.1	754	1964	0	1	1	1964
KJ942687.1	755	1478	1	0	1	755
KJ942687.1	755	2020	0	1	1	2020
KJ942687.1	771	1801	1	0	1	771
KJ942687.1	771	1971	16	30	46	771
KJ942687.1	780	1825	15	8	23	780
KJ942687.1	791	1481	0	1	1	1481
KJ942687.1	791	1928	13	11	24	791
KJ942687.1	791	1969	0	2	2	1969
KJ942687.1	792	1887	11	12	23	792
KJ942687.1	795	1828	1	0	1	795
KJ942687.1	796	1881	1	0	1	796
KJ942687.1	797	1857	3	1	4	797
KJ942687.1	810	1958	3	3	6	810
KJ942687.1	812	1263	1	0	1	812
KJ942687.1	829	2392	2	0	2	829
KJ942687.1	839	1832	1	0	1	839
KJ942687.1	839	2210	0	31	31	2210
KJ942687.1	846	1932	0	1	1	1932
KJ942687.1	847	1246	1	1	2	847
KJ942687.1	847	1870	1	0	1	847
KJ942687.1	855	1870	9	4	13	855
KJ942687.1	855	1876	6	3	9	855
KJ942687.1	857	1719	4	3	7	857
KJ942687.1	862	1816	1	0	1	862
KJ942687.1	862	2147	17	23	40	862
KJ942687.1	863	1795	1	2	3	863
KJ942687.1	864	1883	107	99	206	864
KJ942687.1	865	1862	1	0	1	865
KJ942687.1	865	1875	7	7	14	865
KJ942687.1	866	1830	2	8	10	866
KJ942687.1	870	2166	2	5	7	870
KJ942687.1	872	1872	6	1	7	872
KJ942687.1	872	1875	1	1	2	872
KJ942687.1	872	2157	0	2	2	2157
KJ942687.1	882	1529	1	0	1	882
KJ942687.1	891	2139	2	6	8	891
KJ942687.1	893	1074	0	1	1	1074
KJ942687.1	905	1688	0	1	1	1688
KJ942687.1	911	1116	1	1	2	911
KJ942687.1	915	1719	6	1	7	915
KJ942687.1	923	2255	0	1	1	2255
KJ942687.1	924	1776	0	1	1	1776
KJ942687.1	966	1989	0	1	1	1989
