Segment	Start	Stop	Forward_support	Reverse_support	Total_support	Fuzz_factor
KJ942680.1	1011	1562	1	0	1	1011
KJ942680.1	1016	1084	0	1	1	1084
KJ942680.1	1046	1497	1	0	1	1046
KJ942680.1	1058	1454	1	0	1	1058
KJ942680.1	1073	1237	1	0	1	1073
KJ942680.1	1077	1921	0	1	1	1921
KJ942680.1	1110	1463	0	1	1	1463
KJ942680.1	1138	1801	1	0	1	1138
KJ942680.1	1346	1473	1	0	1	1346
KJ942680.1	1369	1443	0	1	1	1443
KJ942680.1	1372	1441	0	1	1	1441
KJ942680.1	1374	1512	1	0	1	1374
KJ942680.1	1392	1671	2	0	2	1392
KJ942680.1	1463	1666	1	0	1	1463
KJ942680.1	1488	1614	0	1	1	1614
KJ942680.1	1531	1720	0	1	1	1720
KJ942680.1	1563	1670	2	0	2	1563
KJ942680.1	1673	1789	1	0	1	1673
KJ942680.1	1696	1888	0	1	1	1888
KJ942680.1	1729	1883	0	1	1	1883
KJ942680.1	1883	1905	0	1	1	1905
KJ942680.1	299	423	1	0	1	299
KJ942680.1	301	542	1	0	1	301
KJ942680.1	345	1196	0	1	1	1196
KJ942680.1	351	1590	0	1	1	1590
KJ942680.1	405	1549	0	1	1	1549
KJ942680.1	424	1507	1	0	1	424
KJ942680.1	448	1203	1	0	1	448
KJ942680.1	487	1479	0	1	1	1479
KJ942680.1	488	1523	13	26	39	488
KJ942680.1	492	633	1	0	1	492
KJ942680.1	494	1473	0	1	1	1473
KJ942680.1	504	1509	0	1	1	1509
KJ942680.1	506	1185	0	1	1	1185
KJ942680.1	506	1827	1	0	1	506
KJ942680.1	515	1787	1	0	1	515
KJ942680.1	553	1463	0	1	1	1463
KJ942680.1	561	1380	1	0	1	561
KJ942680.1	599	1767	1	0	1	599
KJ942680.1	602	1613	0	1	1	1613
KJ942680.1	620	1832	1	0	1	620
KJ942680.1	640	798	0	1	1	798
KJ942680.1	647	1576	0	1	1	1576
KJ942680.1	673	948	1	0	1	673
KJ942680.1	697	1714	0	1	1	1714
KJ942680.1	697	1811	1	0	1	697
KJ942680.1	705	866	1	0	1	705
KJ942680.1	710	1498	1	0	1	710
KJ942680.1	718	1350	1	0	1	718
KJ942680.1	780	1482	0	1	1	1482
KJ942680.1	804	1632	0	1	1	1632
KJ942680.1	810	1654	1	0	1	810
KJ942680.1	812	955	1	0	1	812
KJ942680.1	831	1406	1	0	1	831
KJ942680.1	855	1798	1	0	1	855
KJ942680.1	895	1386	1	0	1	895
KJ942680.1	897	1916	0	1	1	1916
KJ942680.1	917	952	1	0	1	917
KJ942680.1	929	1603	1	0	1	929
KJ942680.1	940	1183	1	0	1	940
KJ942680.1	942	1418	1	0	1	942
KJ942680.1	978	1553	0	1	1	1553
KJ942681.1	1094	1156	0	1	1	1156
KJ942681.1	291	1112	1	0	1	291
KJ942681.1	293	400	1	0	1	293
KJ942681.1	296	586	1	0	1	296
KJ942681.1	361	571	0	1	1	571
KJ942681.1	379	996	1	0	1	379
KJ942681.1	394	547	0	1	1	547
KJ942681.1	411	1108	0	1	1	1108
KJ942681.1	418	528	1	0	1	418
KJ942681.1	464	584	0	1	1	584
KJ942681.1	468	646	0	1	1	646
KJ942681.1	476	579	0	1	1	579
KJ942681.1	486	700	0	1	1	700
KJ942681.1	493	1003	0	1	1	1003
KJ942681.1	526	615	12	17	29	526
KJ942681.1	527	805	1	0	1	527
KJ942681.1	538	1095	1	0	1	538
KJ942681.1	542	861	0	1	1	861
KJ942681.1	550	915	1	0	1	550
KJ942681.1	551	1003	1	0	1	551
KJ942681.1	556	636	0	1	1	636
KJ942681.1	562	1155	0	1	1	1155
KJ942681.1	584	996	1	0	1	584
KJ942681.1	585	751	0	1	1	751
KJ942681.1	604	877	9	8	17	604
KJ942681.1	630	855	0	1	1	855
KJ942681.1	637	725	6	5	11	637
KJ942681.1	665	1150	0	1	1	1150
KJ942681.1	692	952	1	0	1	692
KJ942681.1	699	1020	1	0	1	699
KJ942681.1	726	974	1	0	1	726
KJ942681.1	733	875	11	21	32	733
KJ942681.1	754	853	1	0	1	754
KJ942681.1	772	856	1	0	1	772
KJ942681.1	791	1044	1	0	1	791
KJ942681.1	797	979	1	0	1	797
KJ942681.1	806	889	0	1	1	889
KJ942681.1	811	980	0	1	1	980
KJ942681.1	843	974	1	0	1	843
KJ942681.1	861	965	1	0	1	861
KJ942681.1	926	963	1	0	1	926
KJ942682.1	1083	1488	0	1	1	1488
KJ942682.1	1104	1613	0	1	1	1613
KJ942682.1	1203	1458	1	0	1	1203
KJ942682.1	1264	1420	0	1	1	1420
KJ942682.1	1518	1564	0	1	1	1564
KJ942682.1	275	349	35	1	36	275
KJ942682.1	351	579	1	0	1	351
KJ942682.1	399	1320	0	6	6	1320
KJ942682.1	417	1041	1	0	1	417
KJ942682.1	430	1456	16	16	32	430
KJ942682.1	475	1408	1	0	1	475
KJ942682.1	787	1051	1	0	1	787
KJ942682.1	815	1252	1	0	1	815
KJ942683.1	1011	1079	0	1	1	1079
KJ942683.1	1037	1422	0	1	1	1422
KJ942683.1	1081	1524	1	0	1	1081
KJ942683.1	1102	1295	0	1	1	1295
KJ942683.1	1115	1388	0	1	1	1388
KJ942683.1	1126	1415	0	1	1	1415
KJ942683.1	1142	1612	0	1	1	1612
KJ942683.1	1168	1562	0	1	1	1562
KJ942683.1	1223	1411	1	0	1	1223
KJ942683.1	1302	1467	1	0	1	1302
KJ942683.1	1456	1562	0	1	1	1562
KJ942683.1	248	1079	1	0	1	248
KJ942683.1	254	1183	1	0	1	254
KJ942683.1	261	608	1	0	1	261
KJ942683.1	270	1468	1	0	1	270
KJ942683.1	292	841	1	0	1	292
KJ942683.1	305	1379	1	0	1	305
KJ942683.1	361	1603	1	0	1	361
KJ942683.1	363	873	1	0	1	363
KJ942683.1	379	1651	1	0	1	379
KJ942683.1	384	1254	1	0	1	384
KJ942683.1	386	1093	1	0	1	386
KJ942683.1	439	1395	0	1	1	1395
KJ942683.1	470	978	0	1	1	978
KJ942683.1	480	1508	1	0	1	480
KJ942683.1	505	1251	1	0	1	505
KJ942683.1	521	778	1	0	1	521
KJ942683.1	587	1474	0	1	1	1474
KJ942683.1	595	727	0	1	1	727
KJ942683.1	612	1220	1	0	1	612
KJ942683.1	627	1467	1	0	1	627
KJ942683.1	635	827	0	1	1	827
KJ942683.1	637	688	1	0	1	637
KJ942683.1	663	1509	1	0	1	663
KJ942683.1	678	750	1	0	1	678
KJ942683.1	689	1131	1	0	1	689
KJ942683.1	721	1186	0	1	1	1186
KJ942683.1	735	790	0	1	1	790
KJ942683.1	742	832	6	10	16	742
KJ942683.1	744	1215	1	0	1	744
KJ942683.1	744	844	0	1	1	844
KJ942683.1	755	1050	14	7	21	755
KJ942683.1	762	837	1	0	1	762
KJ942683.1	771	1656	9	7	16	771
KJ942683.1	780	1710	0	1	1	1710
KJ942683.1	796	1150	0	1	1	1150
KJ942683.1	803	1110	1	0	1	803
KJ942683.1	811	1212	1	0	1	811
KJ942683.1	830	1039	0	1	1	1039
KJ942683.1	852	1512	1	0	1	852
KJ942683.1	853	1503	0	1	1	1503
KJ942683.1	860	928	0	1	1	928
KJ942683.1	890	1372	0	1	1	1372
KJ942683.1	891	1545	1	0	1	891
KJ942683.1	947	1257	0	1	1	1257
KJ942684.1	240	897	1	0	1	240
KJ942684.1	355	1014	0	1	1	1014
KJ942684.1	371	596	0	1	1	596
KJ942684.1	697	729	0	1	1	729
KJ942685.1	1036	1158	0	1	1	1158
KJ942685.1	1038	1129	1	0	1	1038
KJ942685.1	1060	1574	1	0	1	1060
KJ942685.1	1061	1878	1	0	1	1061
KJ942685.1	1085	2316	8	0	8	1085
KJ942685.1	1139	2326	0	1	1	2326
KJ942685.1	1144	1329	1	0	1	1144
KJ942685.1	1156	2129	0	1	1	2129
KJ942685.1	1178	1827	1	0	1	1178
KJ942685.1	1193	1897	1	0	1	1193
KJ942685.1	1281	2173	0	1	1	2173
KJ942685.1	1343	1861	0	1	1	1861
KJ942685.1	1418	1602	0	1	1	1602
KJ942685.1	1577	2006	13	3	16	1577
KJ942685.1	1587	1686	13	8	21	1587
KJ942685.1	1646	1682	1	0	1	1646
KJ942685.1	1657	1701	1	1	2	1657
KJ942685.1	1683	2280	1	0	1	1683
KJ942685.1	1685	2217	0	1	1	2217
KJ942685.1	1745	1767	6	14	20	1745
KJ942685.1	1748	2078	1	0	1	1748
KJ942685.1	1775	2122	1	0	1	1775
KJ942685.1	1802	2114	0	1	1	2114
KJ942685.1	1962	2311	0	1	1	2311
KJ942685.1	2019	2044	11	21	32	2019
KJ942685.1	235	1784	1	0	1	235
KJ942685.1	235	1843	1	0	1	235
KJ942685.1	247	1683	1	0	1	247
KJ942685.1	276	1264	1	0	1	276
KJ942685.1	359	635	1	0	1	359
KJ942685.1	371	1824	5	32	37	371
KJ942685.1	394	1745	1	0	1	394
KJ942685.1	399	1314	0	1	1	1314
KJ942685.1	399	2077	22	107	129	399
KJ942685.1	408	1404	0	1	1	1404
KJ942685.1	464	1961	1	0	1	464
KJ942685.1	464	897	1	0	1	464
KJ942685.1	469	2093	0	1	1	2093
KJ942685.1	471	2011	1	0	1	471
KJ942685.1	473	1196	0	1	1	1196
KJ942685.1	474	1969	1	0	1	474
KJ942685.1	478	2013	1	0	1	478
KJ942685.1	488	2039	235	208	443	488
KJ942685.1	489	2040	0	2	2	2040
KJ942685.1	490	1963	1	0	1	490
KJ942685.1	498	2051	0	2	2	2051
KJ942685.1	503	1974	131	39	170	503
KJ942685.1	504	2167	25	27	52	504
KJ942685.1	520	2075	3	1	4	520
KJ942685.1	563	813	1	0	1	563
KJ942685.1	573	2062	0	1	1	2062
KJ942685.1	594	2199	1	5	6	594
KJ942685.1	598	1695	0	1	1	1695
KJ942685.1	609	1978	28	15	43	609
KJ942685.1	631	1889	1	0	1	631
KJ942685.1	634	1985	0	1	1	1985
KJ942685.1	697	1963	22	31	53	697
KJ942685.1	718	1769	1	0	1	718
KJ942685.1	736	1020	1	0	1	736
KJ942685.1	747	1928	0	4	4	1928
KJ942685.1	751	1727	1	0	1	751
KJ942685.1	754	2264	0	1	1	2264
KJ942685.1	766	1171	1	0	1	766
KJ942685.1	825	1721	1	0	1	825
KJ942685.1	839	1160	1	0	1	839
KJ942685.1	861	1600	6	13	19	861
KJ942685.1	861	1924	12	11	23	861
KJ942685.1	899	1284	0	1	1	1284
KJ942685.1	917	2054	0	1	1	2054
KJ942685.1	923	1798	0	1	1	1798
KJ942685.1	939	1741	1	0	1	939
KJ942685.1	944	1409	0	1	1	1409
KJ942685.1	959	1196	0	1	1	1196
KJ942685.1	961	1096	1	0	1	961
KJ942685.1	965	1530	0	1	1	1530
KJ942685.1	985	1841	0	1	1	1841
KJ942686.1	1002	1954	0	1	1	1954
KJ942686.1	1026	1364	1	0	1	1026
KJ942686.1	1043	1190	0	1	1	1190
KJ942686.1	1055	2343	1	0	1	1055
KJ942686.1	1115	1484	1	0	1	1115
KJ942686.1	1161	2527	0	1	1	2527
KJ942686.1	1190	1415	8	7	15	1190
KJ942686.1	1203	2152	0	1	1	2152
KJ942686.1	1219	1660	1	0	1	1219
KJ942686.1	1239	2066	0	1	1	2066
KJ942686.1	1277	1880	26	18	44	1277
KJ942686.1	1279	1317	1	0	1	1279
KJ942686.1	1287	2165	1	0	1	1287
KJ942686.1	1292	1899	0	1	1	1899
KJ942686.1	1304	2031	1	0	1	1304
KJ942686.1	1332	1687	1	0	1	1332
KJ942686.1	1507	2339	1	0	1	1507
KJ942686.1	1546	2503	0	1	1	2503
KJ942686.1	1646	1761	0	1	1	1761
KJ942686.1	1756	1812	1	0	1	1756
KJ942686.1	1835	2371	1	0	1	1835
KJ942686.1	1845	2053	0	1	1	2053
KJ942686.1	1888	2065	0	1	1	2065
KJ942686.1	1989	2326	0	1	1	2326
KJ942686.1	2298	2320	1	0	1	2298
KJ942686.1	2303	2330	6	3	9	2303
KJ942686.1	2343	2365	11	4	15	2343
KJ942686.1	2422	2459	0	1	1	2459
KJ942686.1	254	2230	1	0	1	254
KJ942686.1	329	2288	1	0	1	329
KJ942686.1	331	2324	1	0	1	331
KJ942686.1	335	2288	1	0	1	335
KJ942686.1	356	1622	1	0	1	356
KJ942686.1	358	2309	8	1	9	358
KJ942686.1	360	2311	159	13	172	360
KJ942686.1	372	2252	1	0	1	372
KJ942686.1	382	585	1	0	1	382
KJ942686.1	410	2251	6	0	6	410
KJ942686.1	413	1046	1	0	1	413
KJ942686.1	414	2392	0	1	1	2392
KJ942686.1	468	906	0	1	1	906
KJ942686.1	502	2125	0	1	1	2125
KJ942686.1	591	614	1	10	11	591
KJ942686.1	666	2100	8	4	12	666
KJ942686.1	682	2464	0	1	1	2464
KJ942686.1	764	1983	0	1	1	1983
KJ942686.1	798	1790	21	16	37	798
KJ942686.1	806	1170	0	1	1	1170
KJ942686.1	812	1830	1	0	1	812
KJ942686.1	825	2172	0	1	1	2172
KJ942686.1	851	1392	1	0	1	851
KJ942686.1	914	1430	1	0	1	914
KJ942686.1	922	2235	0	2	2	2235
KJ942686.1	941	1680	23	22	45	941
KJ942686.1	964	2079	1	1	2	964
KJ942687.1	1044	2340	1	0	1	1044
KJ942687.1	1058	1143	0	1	1	1143
KJ942687.1	1244	1675	1	0	1	1244
KJ942687.1	1334	1690	1	0	1	1334
KJ942687.1	1366	1612	1	0	1	1366
KJ942687.1	1425	1556	0	1	1	1556
KJ942687.1	1465	2334	1	0	1	1465
KJ942687.1	1498	1751	1	0	1	1498
KJ942687.1	1624	1805	0	1	1	1805
KJ942687.1	1689	2021	1	0	1	1689
KJ942687.1	1764	2419	1	0	1	1764
KJ942687.1	1812	2379	1	0	1	1812
KJ942687.1	1812	2395	0	1	1	2395
KJ942687.1	1813	2075	1	0	1	1813
KJ942687.1	1816	2053	2	15	17	1816
KJ942687.1	1821	2477	0	1	1	2477
KJ942687.1	1950	2295	1	0	1	1950
KJ942687.1	1958	1997	0	1	1	1997
KJ942687.1	1963	2319	1	0	1	1963
KJ942687.1	1993	2363	0	1	1	2363
KJ942687.1	242	1713	2	0	2	242
KJ942687.1	256	364	4	0	4	256
KJ942687.1	257	816	1	0	1	257
KJ942687.1	270	631	1	0	1	270
KJ942687.1	275	850	1	0	1	275
KJ942687.1	278	1488	1	0	1	278
KJ942687.1	280	1823	1	0	1	280
KJ942687.1	282	1324	1	0	1	282
KJ942687.1	298	608	1	0	1	298
KJ942687.1	300	1069	1	0	1	300
KJ942687.1	301	1823	1	0	1	301
KJ942687.1	303	422	1	0	1	303
KJ942687.1	305	1827	1	0	1	305
KJ942687.1	317	2222	1	0	1	317
KJ942687.1	331	2327	0	320	320	2327
KJ942687.1	333	2364	0	1	1	2364
KJ942687.1	336	1812	1	0	1	336
KJ942687.1	352	2428	1	0	1	352
KJ942687.1	354	2343	1	1	2	354
KJ942687.1	355	712	1	0	1	355
KJ942687.1	356	2088	1	0	1	356
KJ942687.1	356	2345	1	2	3	356
KJ942687.1	362	2338	0	1	1	2338
KJ942687.1	368	2308	1	0	1	368
KJ942687.1	373	2362	0	1	1	2362
KJ942687.1	378	519	0	1	1	519
KJ942687.1	380	2374	0	1	1	2374
KJ942687.1	382	2328	0	3	3	2328
KJ942687.1	385	1971	1	6	7	385
KJ942687.1	413	2038	0	1	1	2038
KJ942687.1	423	2230	0	3	3	2230
KJ942687.1	423	978	1	0	1	423
KJ942687.1	424	2395	2	0	2	424
KJ942687.1	425	1437	1	0	1	425
KJ942687.1	425	1642	0	1	1	1642
KJ942687.1	425	2318	1	0	1	425
KJ942687.1	425	966	0	1	1	966
KJ942687.1	427	1844	0	1	1	1844
KJ942687.1	427	2186	3	25	28	427
KJ942687.1	440	2321	10	0	10	440
KJ942687.1	444	1324	0	1	1	1324
KJ942687.1	444	2294	0	3	3	2294
KJ942687.1	451	1613	0	1	1	1613
KJ942687.1	457	2218	0	1	1	2218
KJ942687.1	465	2326	0	1	1	2326
KJ942687.1	468	2329	5	4	9	468
KJ942687.1	477	2335	1	5	6	477
KJ942687.1	482	2049	1	0	1	482
KJ942687.1	484	2050	0	1	1	2050
KJ942687.1	485	1139	0	1	1	1139
KJ942687.1	492	1883	0	1	1	1883
KJ942687.1	492	2298	1	0	1	492
KJ942687.1	492	2353	1	0	1	492
KJ942687.1	496	2357	8	4	12	496
KJ942687.1	508	1105	0	1	1	1105
KJ942687.1	521	1305	1	0	1	521
KJ942687.1	535	1125	1	0	1	535
KJ942687.1	540	2394	2	0	2	540
KJ942687.1	569	1309	0	1	1	1309
KJ942687.1	603	2490	0	1	1	2490
KJ942687.1	623	1443	1	0	1	623
KJ942687.1	706	2382	0	1	1	2382
KJ942687.1	751	1909	1	0	1	751
KJ942687.1	751	2346	1	0	1	751
KJ942687.1	754	1350	1	0	1	754
KJ942687.1	763	2391	1	0	1	763
KJ942687.1	791	1088	0	1	1	1088
KJ942687.1	812	1263	1	0	1	812
KJ942687.1	813	1945	0	1	1	1945
KJ942687.1	854	2036	9	7	16	854
KJ942687.1	870	1784	6	14	20	870
KJ942687.1	901	1599	0	1	1	1599
KJ942687.1	903	2357	1	0	1	903
KJ942687.1	914	1159	1	0	1	914
KJ942687.1	958	2442	1	0	1	958
KJ942687.1	976	1710	3	1	4	976
KJ942687.1	983	1763	1	0	1	983
