Segment	Start	Stop	Forward_support	Reverse_support	Total_support	Fuzz_factor
KJ942680.1	1009	1491	1	0	1	1009
KJ942680.1	1010	1032	1	0	1	1010
KJ942680.1	1014	1218	1	0	1	1014
KJ942680.1	1023	1393	1	0	1	1023
KJ942680.1	1026	1409	1	0	1	1026
KJ942680.1	1027	1395	0	1	1	1395
KJ942680.1	1038	1552	1	0	1	1038
KJ942680.1	1049	1352	1	0	1	1049
KJ942680.1	1066	1501	0	1	1	1501
KJ942680.1	1072	1316	0	1	1	1316
KJ942680.1	1078	1697	1	0	1	1078
KJ942680.1	1176	1675	0	1	1	1675
KJ942680.1	1189	1534	1	0	1	1189
KJ942680.1	1191	1655	0	1	1	1655
KJ942680.1	1193	1832	1	0	1	1193
KJ942680.1	1236	1519	0	1	1	1519
KJ942680.1	1257	1667	1	0	1	1257
KJ942680.1	1264	1787	0	1	1	1787
KJ942680.1	1302	1348	4	7	11	1302
KJ942680.1	1303	1498	0	1	1	1498
KJ942680.1	1304	1700	0	1	1	1700
KJ942680.1	1314	1748	1	0	1	1314
KJ942680.1	1316	1678	0	1	1	1678
KJ942680.1	1327	1568	1	0	1	1327
KJ942680.1	1350	1386	0	1	1	1386
KJ942680.1	1368	1636	1	0	1	1368
KJ942680.1	1377	1817	0	1	1	1817
KJ942680.1	1380	1752	0	1	1	1752
KJ942680.1	1389	1482	0	1	1	1482
KJ942680.1	1397	1649	1	0	1	1397
KJ942680.1	1415	1463	1	0	1	1415
KJ942680.1	1419	1676	1	0	1	1419
KJ942680.1	1467	1903	0	1	1	1903
KJ942680.1	1495	1902	0	1	1	1902
KJ942680.1	1499	1786	1	0	1	1499
KJ942680.1	1499	1847	1	0	1	1499
KJ942680.1	1509	1680	0	1	1	1680
KJ942680.1	1510	1565	0	1	1	1565
KJ942680.1	1565	1681	1	0	1	1565
KJ942680.1	1569	1615	1	0	1	1569
KJ942680.1	1580	1679	1	0	1	1580
KJ942680.1	1633	1790	1	0	1	1633
KJ942680.1	1647	1901	0	1	1	1901
KJ942680.1	1718	1905	0	1	1	1905
KJ942680.1	1760	1806	0	1	1	1806
KJ942680.1	1781	1841	0	1	1	1841
KJ942680.1	285	1052	1	0	1	285
KJ942680.1	294	849	1	0	1	294
KJ942680.1	299	1739	13	5	18	299
KJ942680.1	299	582	1	0	1	299
KJ942680.1	301	1204	1	0	1	301
KJ942680.1	318	1603	0	1	1	1603
KJ942680.1	348	1400	0	1	1	1400
KJ942680.1	363	1315	0	1	1	1315
KJ942680.1	370	1183	0	1	1	1183
KJ942680.1	379	424	1	0	1	379
KJ942680.1	380	653	1	0	1	380
KJ942680.1	381	688	1	0	1	381
KJ942680.1	384	877	0	1	1	877
KJ942680.1	387	1000	1	0	1	387
KJ942680.1	403	543	0	1	1	543
KJ942680.1	408	1695	1	0	1	408
KJ942680.1	441	896	0	1	1	896
KJ942680.1	442	733	1	0	1	442
KJ942680.1	444	1423	0	1	1	1423
KJ942680.1	464	1765	0	1	1	1765
KJ942680.1	471	924	0	1	1	924
KJ942680.1	484	1240	0	1	1	1240
KJ942680.1	526	1454	0	1	1	1454
KJ942680.1	536	1793	1	0	1	536
KJ942680.1	536	854	1	0	1	536
KJ942680.1	541	1319	1	0	1	541
KJ942680.1	553	1680	0	1	1	1680
KJ942680.1	576	1302	1	0	1	576
KJ942680.1	582	1419	1	0	1	582
KJ942680.1	601	1650	1	0	1	601
KJ942680.1	603	749	1	0	1	603
KJ942680.1	605	1237	0	1	1	1237
KJ942680.1	607	783	1	0	1	607
KJ942680.1	609	1635	1	0	1	609
KJ942680.1	612	1166	0	1	1	1166
KJ942680.1	614	1595	1	0	1	614
KJ942680.1	618	1386	1	0	1	618
KJ942680.1	621	1456	1	0	1	621
KJ942680.1	630	1022	1	0	1	630
KJ942680.1	634	1460	1	0	1	634
KJ942680.1	637	1627	1	0	1	637
KJ942680.1	644	1272	0	1	1	1272
KJ942680.1	648	1058	0	1	1	1058
KJ942680.1	662	904	1	0	1	662
KJ942680.1	681	1397	1	0	1	681
KJ942680.1	690	1460	1	0	1	690
KJ942680.1	692	1285	1	0	1	692
KJ942680.1	701	966	1	0	1	701
KJ942680.1	729	1007	1	0	1	729
KJ942680.1	732	1578	1	0	1	732
KJ942680.1	740	1052	1	0	1	740
KJ942680.1	745	997	0	1	1	997
KJ942680.1	761	1476	0	1	1	1476
KJ942680.1	765	994	0	1	1	994
KJ942680.1	771	1458	0	1	1	1458
KJ942680.1	788	1849	1	0	1	788
KJ942680.1	821	1197	0	1	1	1197
KJ942680.1	823	1480	0	1	1	1480
KJ942680.1	850	1000	1	0	1	850
KJ942680.1	882	1731	1	0	1	882
KJ942680.1	883	1286	1	0	1	883
KJ942680.1	910	1052	1	0	1	910
KJ942680.1	913	1744	1	0	1	913
KJ942680.1	949	1145	1	0	1	949
KJ942680.1	959	1888	0	1	1	1888
KJ942680.1	967	1434	0	1	1	1434
KJ942680.1	981	1769	0	1	1	1769
KJ942680.1	988	1021	1	0	1	988
KJ942680.1	991	1781	1	0	1	991
KJ942681.1	1000	1168	0	1	1	1168
KJ942681.1	1027	1179	1	1	2	1027
KJ942681.1	1123	1161	0	1	1	1161
KJ942681.1	242	1056	1	0	1	242
KJ942681.1	252	276	1	0	1	252
KJ942681.1	260	835	1	0	1	260
KJ942681.1	266	968	1	0	1	266
KJ942681.1	271	999	1	0	1	271
KJ942681.1	273	924	1	0	1	273
KJ942681.1	276	550	1	0	1	276
KJ942681.1	278	418	1	0	1	278
KJ942681.1	280	1031	1	0	1	280
KJ942681.1	288	406	1	0	1	288
KJ942681.1	290	863	1	0	1	290
KJ942681.1	304	391	1	0	1	304
KJ942681.1	304	515	1	0	1	304
KJ942681.1	308	863	0	1	1	863
KJ942681.1	311	542	1	0	1	311
KJ942681.1	320	731	0	1	1	731
KJ942681.1	326	649	0	1	1	649
KJ942681.1	328	663	0	2	2	663
KJ942681.1	332	401	0	1	1	401
KJ942681.1	339	1161	0	1	1	1161
KJ942681.1	349	1150	0	1	1	1150
KJ942681.1	356	816	0	1	1	816
KJ942681.1	357	1165	0	1	1	1165
KJ942681.1	357	504	1	0	1	357
KJ942681.1	362	588	3	4	7	362
KJ942681.1	368	1103	1	0	1	368
KJ942681.1	376	575	0	1	1	575
KJ942681.1	394	936	0	1	1	936
KJ942681.1	397	833	1	0	1	397
KJ942681.1	400	1158	0	1	1	1158
KJ942681.1	401	1046	0	1	1	1046
KJ942681.1	402	1184	0	1	1	1184
KJ942681.1	407	463	1	0	1	407
KJ942681.1	409	1059	0	1	1	1059
KJ942681.1	409	947	0	1	1	947
KJ942681.1	411	884	1	0	1	411
KJ942681.1	412	949	0	1	1	949
KJ942681.1	413	876	0	1	1	876
KJ942681.1	415	752	1	0	1	415
KJ942681.1	415	925	1	0	1	415
KJ942681.1	417	770	1	0	1	417
KJ942681.1	419	874	0	1	1	874
KJ942681.1	421	766	1	0	1	421
KJ942681.1	425	501	0	1	1	501
KJ942681.1	441	547	1	0	1	441
KJ942681.1	442	1157	1	1	2	442
KJ942681.1	451	651	0	1	1	651
KJ942681.1	453	615	1	0	1	453
KJ942681.1	454	1089	1	0	1	454
KJ942681.1	455	888	0	1	1	888
KJ942681.1	458	582	1	0	1	458
KJ942681.1	458	784	0	1	1	784
KJ942681.1	465	970	0	1	1	970
KJ942681.1	492	623	0	1	1	623
KJ942681.1	494	1107	0	1	1	1107
KJ942681.1	499	786	1	0	1	499
KJ942681.1	500	553	0	1	1	553
KJ942681.1	511	570	0	1	1	570
KJ942681.1	514	760	1	0	1	514
KJ942681.1	515	1072	0	1	1	1072
KJ942681.1	515	1081	1	0	1	515
KJ942681.1	516	965	1	0	1	516
KJ942681.1	522	1019	0	1	1	1019
KJ942681.1	523	863	1	0	1	523
KJ942681.1	528	1057	0	1	1	1057
KJ942681.1	530	1020	0	1	1	1020
KJ942681.1	533	741	1	0	1	533
KJ942681.1	534	952	1	0	1	534
KJ942681.1	540	1024	1	0	1	540
KJ942681.1	548	807	0	1	1	807
KJ942681.1	549	726	0	1	1	726
KJ942681.1	551	673	0	1	1	673
KJ942681.1	551	872	1	0	1	551
KJ942681.1	562	757	1	0	1	562
KJ942681.1	563	624	0	1	1	624
KJ942681.1	565	947	1	0	1	565
KJ942681.1	569	737	0	1	1	737
KJ942681.1	582	841	0	1	1	841
KJ942681.1	587	908	1	0	1	587
KJ942681.1	592	1040	1	0	1	592
KJ942681.1	594	1088	0	1	1	1088
KJ942681.1	596	641	0	1	1	641
KJ942681.1	598	762	1	0	1	598
KJ942681.1	600	662	1	0	1	600
KJ942681.1	600	786	0	1	1	786
KJ942681.1	610	945	1	0	1	610
KJ942681.1	611	974	1	0	1	611
KJ942681.1	620	834	0	1	1	834
KJ942681.1	635	1159	0	1	1	1159
KJ942681.1	639	819	1	0	1	639
KJ942681.1	641	1151	0	1	1	1151
KJ942681.1	643	700	0	1	1	700
KJ942681.1	643	777	1	0	1	643
KJ942681.1	646	983	1	0	1	646
KJ942681.1	649	951	0	1	1	951
KJ942681.1	661	947	0	1	1	947
KJ942681.1	694	830	0	1	1	830
KJ942681.1	699	995	1	0	1	699
KJ942681.1	706	981	1	0	1	706
KJ942681.1	707	933	1	0	1	707
KJ942681.1	718	1096	0	1	1	1096
KJ942681.1	724	845	0	1	1	845
KJ942681.1	731	1152	0	1	1	1152
KJ942681.1	733	875	8	18	26	733
KJ942681.1	743	783	4	7	11	743
KJ942681.1	747	988	1	0	1	747
KJ942681.1	749	988	0	1	1	988
KJ942681.1	751	882	0	1	1	882
KJ942681.1	755	778	0	1	1	778
KJ942681.1	763	844	1	0	1	763
KJ942681.1	768	1157	0	1	1	1157
KJ942681.1	769	1009	1	0	1	769
KJ942681.1	773	1105	1	0	1	773
KJ942681.1	776	866	0	1	1	866
KJ942681.1	778	1164	1	0	1	778
KJ942681.1	784	972	0	1	1	972
KJ942681.1	788	1051	0	1	1	1051
KJ942681.1	790	870	1	0	1	790
KJ942681.1	797	1045	0	1	1	1045
KJ942681.1	797	992	0	1	1	992
KJ942681.1	800	900	1	0	1	800
KJ942681.1	802	1104	1	0	1	802
KJ942681.1	803	1073	1	0	1	803
KJ942681.1	803	987	1	0	1	803
KJ942681.1	832	1049	1	0	1	832
KJ942681.1	833	1142	0	1	1	1142
KJ942681.1	836	973	1	0	1	836
KJ942681.1	837	1056	1	0	1	837
KJ942681.1	849	954	1	0	1	849
KJ942681.1	851	946	0	1	1	946
KJ942681.1	855	983	1	0	1	855
KJ942681.1	862	1083	1	1	2	862
KJ942681.1	887	990	0	1	1	990
KJ942681.1	897	1191	0	1	1	1191
KJ942681.1	926	1013	1	0	1	926
KJ942681.1	968	1152	0	1	1	1152
KJ942681.1	971	1109	1	0	1	971
KJ942681.1	973	1087	1	0	1	973
KJ942681.1	974	1113	1	0	1	974
KJ942681.1	979	1095	1	0	1	979
KJ942681.1	995	1173	0	1	1	1173
KJ942681.1	997	1073	1	0	1	997
KJ942682.1	1019	1530	1	0	1	1019
KJ942682.1	1078	1545	1	0	1	1078
KJ942682.1	1092	1630	0	1	1	1630
KJ942682.1	1134	1367	0	1	1	1367
KJ942682.1	1214	1252	1	0	1	1214
KJ942682.1	1226	1462	1	0	1	1226
KJ942682.1	1352	1499	1	0	1	1352
KJ942682.1	1438	1501	1	0	1	1438
KJ942682.1	1602	1631	0	4	4	1631
KJ942682.1	291	1372	1	0	1	291
KJ942682.1	315	1473	6	18	24	315
KJ942682.1	334	1059	1	0	1	334
KJ942682.1	390	635	1	0	1	390
KJ942682.1	390	655	0	1	1	655
KJ942682.1	427	1527	1	0	1	427
KJ942682.1	429	1516	0	1	1	1516
KJ942682.1	462	1153	1	0	1	462
KJ942682.1	557	925	1	0	1	557
KJ942682.1	583	925	1	0	1	583
KJ942682.1	597	979	1	0	1	597
KJ942682.1	690	1459	1	0	1	690
KJ942682.1	733	1542	1	0	1	733
KJ942682.1	797	904	1	0	1	797
KJ942682.1	928	1206	0	1	1	1206
KJ942682.1	933	1381	1	0	1	933
KJ942682.1	942	984	1	0	1	942
KJ942682.1	961	1029	0	1	1	1029
KJ942683.1	1001	1534	0	1	1	1534
KJ942683.1	1009	1080	0	1	1	1080
KJ942683.1	1015	1421	1	0	1	1015
KJ942683.1	1035	1263	0	1	1	1263
KJ942683.1	1040	1416	0	1	1	1416
KJ942683.1	1050	1360	0	1	1	1360
KJ942683.1	1067	1146	1	0	1	1067
KJ942683.1	1089	1462	1	0	1	1089
KJ942683.1	1097	1483	0	1	1	1483
KJ942683.1	1136	1259	1	0	1	1136
KJ942683.1	1150	1407	0	1	1	1407
KJ942683.1	1161	1273	0	1	1	1273
KJ942683.1	1161	1466	0	1	1	1466
KJ942683.1	1175	1557	0	1	1	1557
KJ942683.1	1194	1709	0	1	1	1709
KJ942683.1	1227	1296	0	1	1	1296
KJ942683.1	1252	1696	0	1	1	1696
KJ942683.1	1283	1363	0	1	1	1363
KJ942683.1	1287	1532	1	0	1	1287
KJ942683.1	1302	1634	0	1	1	1634
KJ942683.1	1304	1510	1	0	1	1304
KJ942683.1	1320	1451	1	0	1	1320
KJ942683.1	1322	1728	0	1	1	1728
KJ942683.1	1340	1582	1	0	1	1340
KJ942683.1	1376	1653	0	1	1	1653
KJ942683.1	1378	1443	0	1	1	1443
KJ942683.1	1388	1625	1	0	1	1388
KJ942683.1	1410	1653	0	1	1	1653
KJ942683.1	1437	1557	1	0	1	1437
KJ942683.1	1456	1639	1	0	1	1456
KJ942683.1	1477	1633	0	1	1	1633
KJ942683.1	1479	1681	0	1	1	1681
KJ942683.1	1551	1635	0	1	1	1635
KJ942683.1	1576	1728	0	1	1	1728
KJ942683.1	1578	1605	1	0	1	1578
KJ942683.1	257	899	1	0	1	257
KJ942683.1	260	1536	1	0	1	260
KJ942683.1	268	623	1	0	1	268
KJ942683.1	286	677	1	0	1	286
KJ942683.1	305	1186	1	0	1	305
KJ942683.1	307	588	0	1	1	588
KJ942683.1	333	411	1	0	1	333
KJ942683.1	346	818	0	2	2	818
KJ942683.1	348	1260	0	1	1	1260
KJ942683.1	355	1368	1	0	1	355
KJ942683.1	386	1184	0	1	1	1184
KJ942683.1	387	1153	0	1	1	1153
KJ942683.1	387	755	1	0	1	387
KJ942683.1	388	431	1	0	1	388
KJ942683.1	406	794	1	0	1	406
KJ942683.1	420	881	1	0	1	420
KJ942683.1	516	592	1	0	1	516
KJ942683.1	525	1323	0	1	1	1323
KJ942683.1	538	1366	0	1	1	1366
KJ942683.1	546	1290	1	0	1	546
KJ942683.1	567	1460	0	1	1	1460
KJ942683.1	575	1642	0	1	1	1642
KJ942683.1	579	1238	0	1	1	1238
KJ942683.1	585	1103	0	1	1	1103
KJ942683.1	588	1080	1	0	1	588
KJ942683.1	589	1455	0	1	1	1455
KJ942683.1	600	1254	1	0	1	600
KJ942683.1	600	905	1	0	1	600
KJ942683.1	607	1250	0	1	1	1250
KJ942683.1	608	1319	0	1	1	1319
KJ942683.1	616	1443	1	0	1	616
KJ942683.1	617	961	0	1	1	961
KJ942683.1	636	833	1	0	1	636
KJ942683.1	640	1249	0	1	1	1249
KJ942683.1	649	1483	1	0	1	649
KJ942683.1	661	744	1	0	1	661
KJ942683.1	666	1122	1	0	1	666
KJ942683.1	670	1279	0	1	1	1279
KJ942683.1	677	1707	0	1	1	1707
KJ942683.1	684	1467	1	0	1	684
KJ942683.1	691	718	1	0	1	691
KJ942683.1	718	809	0	1	1	809
KJ942683.1	719	982	0	1	1	982
KJ942683.1	731	1439	0	1	1	1439
KJ942683.1	732	1082	1	0	1	732
KJ942683.1	733	1172	0	1	1	1172
KJ942683.1	734	868	0	1	1	868
KJ942683.1	744	1149	0	1	1	1149
KJ942683.1	749	1155	1	0	1	749
KJ942683.1	774	1650	1	0	1	774
KJ942683.1	800	1025	1	0	1	800
KJ942683.1	809	1203	1	0	1	809
KJ942683.1	815	984	1	0	1	815
KJ942683.1	844	1071	0	1	1	1071
KJ942683.1	848	1634	1	0	1	848
KJ942683.1	873	1023	1	0	1	873
KJ942683.1	878	1526	1	0	1	878
KJ942683.1	880	1483	1	0	1	880
KJ942683.1	883	1400	1	0	1	883
KJ942683.1	885	998	0	1	1	998
KJ942683.1	903	1578	1	0	1	903
KJ942683.1	937	1204	0	1	1	1204
KJ942683.1	938	997	0	1	1	997
KJ942683.1	953	1015	1	1	2	953
KJ942683.1	956	1463	1	0	1	956
KJ942683.1	964	1662	0	1	1	1662
KJ942683.1	969	1188	0	1	1	1188
KJ942683.1	969	1243	0	1	1	1243
KJ942683.1	996	1648	0	1	1	1648
KJ942684.1	302	969	1	0	1	302
KJ942684.1	361	819	0	1	1	819
KJ942684.1	366	824	48	121	169	366
KJ942684.1	366	825	1	0	1	366
KJ942684.1	485	720	1	0	1	485
KJ942684.1	490	722	1	0	1	490
KJ942684.1	514	744	1	0	1	514
KJ942684.1	526	755	86	82	168	526
KJ942684.1	534	761	0	2	2	761
KJ942684.1	549	767	0	1	1	767
KJ942684.1	595	640	1	0	1	595
KJ942684.1	622	885	0	1	1	885
KJ942684.1	645	669	2	1	3	645
KJ942684.1	868	1018	0	1	1	1018
KJ942684.1	904	944	3	0	3	904
KJ942684.1	906	946	150	37	187	906
KJ942685.1	1017	2297	24	8	32	1017
KJ942685.1	1057	1990	15	18	33	1057
KJ942685.1	1081	2000	1	0	1	1081
KJ942685.1	1082	1989	1	0	1	1082
KJ942685.1	1106	2016	24	41	65	1106
KJ942685.1	1111	2024	1	2	3	1111
KJ942685.1	1115	1821	6	1	7	1115
KJ942685.1	1120	2031	0	7	7	2031
KJ942685.1	1123	1735	0	1	1	1735
KJ942685.1	1127	1556	0	1	1	1556
KJ942685.1	1195	1744	1	0	1	1195
KJ942685.1	1204	1861	0	1	1	1861
KJ942685.1	1208	2193	0	1	1	2193
KJ942685.1	1252	1329	0	1	1	1329
KJ942685.1	1270	1963	0	1	1	1963
KJ942685.1	1376	1576	1	0	1	1376
KJ942685.1	1399	2263	1	0	1	1399
KJ942685.1	1406	2234	0	1	1	2234
KJ942685.1	1480	1612	0	1	1	1612
KJ942685.1	1508	2262	10	4	14	1508
KJ942685.1	1520	2054	0	1	1	2054
KJ942685.1	1577	2006	7	6	13	1577
KJ942685.1	1600	2070	0	1	1	2070
KJ942685.1	1660	2126	0	1	1	2126
KJ942685.1	1756	2114	1	0	1	1756
KJ942685.1	1845	2138	0	1	1	2138
KJ942685.1	1851	2054	0	1	1	2054
KJ942685.1	1908	2367	0	1	1	2367
KJ942685.1	1941	2306	0	1	1	2306
KJ942685.1	2094	2176	1	0	1	2094
KJ942685.1	2112	2233	46	16	62	2112
KJ942685.1	2134	2253	0	1	1	2253
KJ942685.1	2225	2252	47	18	65	2225
KJ942685.1	236	1665	1	0	1	236
KJ942685.1	255	282	17	1	18	255
KJ942685.1	262	1191	1	0	1	262
KJ942685.1	329	1728	1	0	1	329
KJ942685.1	337	404	0	1	1	404
KJ942685.1	344	2111	0	4	4	2111
KJ942685.1	344	2155	0	1	1	2155
KJ942685.1	344	2226	1	1	2	344
KJ942685.1	372	2202	10	65	75	372
KJ942685.1	379	2210	0	2	2	2210
KJ942685.1	380	2249	10	17	27	380
KJ942685.1	381	2182	6	74	80	381
KJ942685.1	391	1150	0	1	1	1150
KJ942685.1	407	567	0	1	1	567
KJ942685.1	460	2179	3	14	17	460
KJ942685.1	465	550	29	3	32	465
KJ942685.1	470	2082	0	1	1	2082
KJ942685.1	494	1639	1	0	1	494
KJ942685.1	505	923	1	0	1	505
KJ942685.1	558	756	0	1	1	756
KJ942685.1	566	1958	32	17	49	566
KJ942685.1	570	1935	1	0	1	570
KJ942685.1	585	1744	1	0	1	585
KJ942685.1	590	1961	1	0	1	590
KJ942685.1	607	2013	19	11	30	607
KJ942685.1	610	2267	0	1	1	2267
KJ942685.1	619	1003	1	0	1	619
KJ942685.1	623	647	0	1	1	647
KJ942685.1	626	1963	1	0	1	626
KJ942685.1	627	1114	0	1	1	1114
KJ942685.1	629	2018	41	18	59	629
KJ942685.1	630	1967	522	444	966	630
KJ942685.1	633	1327	0	1	1	1327
KJ942685.1	640	1851	1	0	1	640
KJ942685.1	645	1857	41	64	105	645
KJ942685.1	655	1865	1	3	4	655
KJ942685.1	667	1681	1	0	1	667
KJ942685.1	686	1518	0	2	2	1518
KJ942685.1	689	1753	1	0	1	689
KJ942685.1	690	1846	1	0	1	690
KJ942685.1	696	1922	23	28	51	696
KJ942685.1	706	1949	0	1	1	1949
KJ942685.1	718	1683	1	0	1	718
KJ942685.1	724	1735	0	1	1	1735
KJ942685.1	724	1781	1	0	1	724
KJ942685.1	731	1537	1	0	1	731
KJ942685.1	733	1799	1	0	1	733
KJ942685.1	734	1701	1	0	1	734
KJ942685.1	738	1569	1	0	1	738
KJ942685.1	742	1706	2	2	4	742
KJ942685.1	744	2020	2	0	2	744
KJ942685.1	745	1818	101	82	183	745
KJ942685.1	751	1727	0	1	1	1727
KJ942685.1	766	1260	1	0	1	766
KJ942685.1	771	1934	41	20	61	771
KJ942685.1	776	2173	0	1	1	2173
KJ942685.1	778	1963	36	21	57	778
KJ942685.1	782	2172	1	0	1	782
KJ942685.1	784	1942	0	1	1	1942
KJ942685.1	786	1851	0	1	1	1851
KJ942685.1	818	1362	0	1	1	1362
KJ942685.1	837	1006	1	0	1	837
KJ942685.1	849	2083	1	0	1	849
KJ942685.1	892	1455	1	0	1	892
KJ942685.1	905	1663	10	9	19	905
KJ942685.1	928	987	1	0	1	928
KJ942685.1	935	1662	0	1	1	1662
KJ942685.1	948	1704	1	0	1	948
KJ942685.1	962	1713	9	10	19	962
KJ942685.1	975	1509	1	0	1	975
KJ942685.1	990	2142	0	1	1	2142
KJ942685.1	994	1813	0	2	2	1813
KJ942686.1	1012	1702	5	1	6	1012
KJ942686.1	1014	1698	1	0	1	1014
KJ942686.1	1017	1707	10	14	24	1017
KJ942686.1	1018	1708	1	0	1	1018
KJ942686.1	1029	1377	1	0	1	1029
KJ942686.1	1048	2069	0	1	1	2069
KJ942686.1	1067	1721	0	1	1	1721
KJ942686.1	1139	2364	0	1	1	2364
KJ942686.1	1157	1747	1	0	1	1157
KJ942686.1	1185	1232	1	0	1	1185
KJ942686.1	1242	1447	1	0	1	1242
KJ942686.1	1258	2267	0	1	1	2267
KJ942686.1	1280	1558	1	0	1	1280
KJ942686.1	1308	2180	0	1	1	2180
KJ942686.1	1327	2035	0	1	1	2035
KJ942686.1	1355	2501	0	1	1	2501
KJ942686.1	1359	1970	0	1	1	1970
KJ942686.1	1378	1404	1	0	1	1378
KJ942686.1	1383	1590	1	0	1	1383
KJ942686.1	1423	2070	0	1	1	2070
KJ942686.1	1435	2242	0	1	1	2242
KJ942686.1	1441	1759	0	1	1	1759
KJ942686.1	1450	2144	0	1	1	2144
KJ942686.1	1462	1557	0	1	1	1557
KJ942686.1	1479	1685	0	1	1	1685
KJ942686.1	1546	1629	0	1	1	1629
KJ942686.1	1669	2394	1	0	1	1669
KJ942686.1	1682	2012	0	1	1	2012
KJ942686.1	1712	1931	0	1	1	1931
KJ942686.1	1724	2011	0	1	1	2011
KJ942686.1	1803	2243	1	0	1	1803
KJ942686.1	1856	2303	0	1	1	2303
KJ942686.1	1876	2346	0	1	1	2346
KJ942686.1	1906	2066	1	0	1	1906
KJ942686.1	1917	2154	1	0	1	1917
KJ942686.1	1946	2041	0	1	1	2041
KJ942686.1	2109	2286	1	0	1	2109
KJ942686.1	249	2340	1	0	1	249
KJ942686.1	270	2218	1	0	1	270
KJ942686.1	295	2330	2	0	2	295
KJ942686.1	297	2348	29	12	41	297
KJ942686.1	315	2364	2	6	8	315
KJ942686.1	377	438	0	1	1	438
KJ942686.1	382	1686	1	0	1	382
KJ942686.1	424	2181	1	0	1	424
KJ942686.1	428	640	1	1	2	428
KJ942686.1	483	2331	1	0	1	483
KJ942686.1	486	1537	1	0	1	486
KJ942686.1	530	2112	0	1	1	2112
KJ942686.1	534	2288	1	0	1	534
KJ942686.1	560	854	1	0	1	560
KJ942686.1	564	1053	1	0	1	564
KJ942686.1	568	1055	1	0	1	568
KJ942686.1	631	1729	0	1	1	1729
KJ942686.1	645	1789	1	0	1	645
KJ942686.1	674	2055	1	0	1	674
KJ942686.1	678	1373	0	1	1	1373
KJ942686.1	700	2106	0	1	1	2106
KJ942686.1	708	1153	0	1	1	1153
KJ942686.1	710	2035	1	0	1	710
KJ942686.1	715	2041	3	9	12	715
KJ942686.1	719	2075	1	0	1	719
KJ942686.1	739	2033	8	25	33	739
KJ942686.1	753	2124	1	0	1	753
KJ942686.1	764	1194	0	1	1	1194
KJ942686.1	780	1000	1	0	1	780
KJ942686.1	786	2458	0	1	1	2458
KJ942686.1	797	959	1	0	1	797
KJ942686.1	808	2221	0	1	1	2221
KJ942686.1	824	1905	1	0	1	824
KJ942686.1	843	1019	0	1	1	1019
KJ942686.1	859	1548	0	1	1	1548
KJ942686.1	862	1227	1	0	1	862
KJ942686.1	894	2327	0	1	1	2327
KJ942686.1	899	1850	1	0	1	899
KJ942686.1	916	2494	0	1	1	2494
KJ942686.1	927	2051	0	1	1	2051
KJ942686.1	946	1351	0	1	1	1351
KJ942687.1	1075	1852	0	1	1	1852
KJ942687.1	1100	1466	1	0	1	1100
KJ942687.1	1103	2445	1	0	1	1103
KJ942687.1	1142	1200	0	1	1	1200
KJ942687.1	1143	1600	2	2	4	1143
KJ942687.1	1144	1904	18	16	34	1144
KJ942687.1	1160	1917	0	2	2	1917
KJ942687.1	1167	1766	0	1	1	1766
KJ942687.1	1183	1930	0	1	1	1930
KJ942687.1	1251	1573	0	1	1	1573
KJ942687.1	1264	2186	0	1	1	2186
KJ942687.1	1277	1555	1	0	1	1277
KJ942687.1	1301	1996	0	1	1	1996
KJ942687.1	1318	1693	1	0	1	1318
KJ942687.1	1338	1795	1	0	1	1338
KJ942687.1	1349	1709	0	1	1	1709
KJ942687.1	1353	1395	1	0	1	1353
KJ942687.1	1389	1422	0	1	1	1422
KJ942687.1	1415	1990	1	0	1	1415
KJ942687.1	1444	1811	1	0	1	1444
KJ942687.1	1489	1999	0	1	1	1999
KJ942687.1	1500	2114	1	0	1	1500
KJ942687.1	1574	1897	1	0	1	1574
KJ942687.1	1613	1737	1	0	1	1613
KJ942687.1	1673	2462	0	1	1	2462
KJ942687.1	1749	2153	1	0	1	1749
KJ942687.1	1789	2116	0	1	1	2116
KJ942687.1	1909	2027	0	1	1	2027
KJ942687.1	2019	2160	0	1	1	2160
KJ942687.1	2074	2422	0	1	1	2422
KJ942687.1	2104	2134	0	2	2	2134
KJ942687.1	2207	2395	0	1	1	2395
KJ942687.1	2233	2406	1	0	1	2233
KJ942687.1	2269	2291	1	0	1	2269
KJ942687.1	2385	2412	3	9	12	2385
KJ942687.1	256	1236	8	0	8	256
KJ942687.1	274	1489	1	0	1	274
KJ942687.1	288	1071	1	0	1	288
KJ942687.1	295	1755	1	0	1	295
KJ942687.1	301	1823	1	0	1	301
KJ942687.1	318	2190	6	34	40	318
KJ942687.1	339	2468	0	1	1	2468
KJ942687.1	356	2314	0	1	1	2314
KJ942687.1	367	775	0	1	1	775
KJ942687.1	386	2262	11	34	45	386
KJ942687.1	389	2328	36	83	119	389
KJ942687.1	391	1337	0	1	1	1337
KJ942687.1	398	2338	0	1	1	2338
KJ942687.1	401	2329	9	37	46	401
KJ942687.1	423	2326	89	212	301	423
KJ942687.1	425	1182	0	1	1	1182
KJ942687.1	426	1104	1	0	1	426
KJ942687.1	426	2329	0	11	11	2329
KJ942687.1	430	2401	1	0	1	430
KJ942687.1	432	2338	0	2	2	2338
KJ942687.1	435	2210	0	1	1	2210
KJ942687.1	450	475	3	3	6	450
KJ942687.1	454	2375	0	1	1	2375
KJ942687.1	460	2354	0	1	1	2354
KJ942687.1	466	837	0	1	1	837
KJ942687.1	469	2036	0	1	1	2036
KJ942687.1	521	1532	0	1	1	1532
KJ942687.1	529	2210	13	19	32	529
KJ942687.1	545	1133	1	0	1	545
KJ942687.1	569	2083	61	132	193	569
KJ942687.1	569	2370	1	0	1	569
KJ942687.1	650	1306	8	0	8	650
KJ942687.1	652	2108	0	1	1	2108
KJ942687.1	657	1969	11	9	20	657
KJ942687.1	672	717	1	0	1	672
KJ942687.1	686	2037	0	1	1	2037
KJ942687.1	690	2002	2	6	8	690
KJ942687.1	722	1969	3	4	7	722
KJ942687.1	736	1963	1	0	1	736
KJ942687.1	744	1284	1	0	1	744
KJ942687.1	767	966	1	0	1	767
KJ942687.1	803	1462	0	1	1	1462
KJ942687.1	811	1150	1	0	1	811
KJ942687.1	823	1890	40	37	77	823
KJ942687.1	831	1924	0	1	1	1924
KJ942687.1	842	1207	0	1	1	1207
KJ942687.1	890	2034	0	1	1	2034
KJ942687.1	920	1825	6	7	13	920
KJ942687.1	999	1064	1	0	1	999
KJ942687.1	999	2176	0	1	1	2176
