Segment	Start	Stop	Forward_support	Reverse_support	Total_support	Fuzz_factor
KJ942680.1	1014	1416	0	1	1	1416
KJ942680.1	1030	1698	0	1	1	1698
KJ942680.1	1075	1257	1	0	1	1075
KJ942680.1	1076	1270	0	1	1	1270
KJ942680.1	1076	1525	1	0	1	1076
KJ942680.1	1130	1806	1	0	1	1130
KJ942680.1	1146	1741	1	0	1	1146
KJ942680.1	1162	1712	2	1	3	1162
KJ942680.1	1195	1910	0	1	1	1910
KJ942680.1	1207	1504	0	1	1	1504
KJ942680.1	1222	1811	0	1	1	1811
KJ942680.1	1241	1918	0	1	1	1918
KJ942680.1	1247	1549	0	1	1	1549
KJ942680.1	1247	1605	0	1	1	1605
KJ942680.1	1276	1662	1	0	1	1276
KJ942680.1	1281	1524	1	0	1	1281
KJ942680.1	1281	1566	0	1	1	1566
KJ942680.1	1285	1424	0	1	1	1424
KJ942680.1	1285	1758	0	1	1	1758
KJ942680.1	1286	1794	0	1	1	1794
KJ942680.1	1305	1340	0	1	1	1340
KJ942680.1	1312	1398	1	0	1	1312
KJ942680.1	1315	1633	0	1	1	1633
KJ942680.1	1326	1816	0	1	1	1816
KJ942680.1	1351	1538	0	1	1	1538
KJ942680.1	1361	1486	0	1	1	1486
KJ942680.1	1368	1659	0	1	1	1659
KJ942680.1	1375	1534	1	2	3	1375
KJ942680.1	1416	1697	0	1	1	1697
KJ942680.1	1442	1718	1	0	1	1442
KJ942680.1	1490	1617	1	1	2	1490
KJ942680.1	1501	1801	0	1	1	1801
KJ942680.1	1521	1697	0	1	1	1697
KJ942680.1	1546	1604	0	1	1	1604
KJ942680.1	1549	1913	0	1	1	1913
KJ942680.1	1586	1775	0	1	1	1775
KJ942680.1	1620	1643	0	1	1	1643
KJ942680.1	1707	1758	0	1	1	1758
KJ942680.1	1713	1756	0	1	1	1756
KJ942680.1	1718	1905	1	7	8	1718
KJ942680.1	1742	1768	0	1	1	1768
KJ942680.1	1748	1915	0	1	1	1915
KJ942680.1	1756	1904	0	1	1	1904
KJ942680.1	1798	1829	0	1	1	1829
KJ942680.1	262	1072	1	0	1	262
KJ942680.1	273	321	2	0	2	273
KJ942680.1	281	1684	3	0	3	281
KJ942680.1	299	321	37	1	38	299
KJ942680.1	301	1412	1	0	1	301
KJ942680.1	301	364	1	0	1	301
KJ942680.1	305	1694	4	0	4	305
KJ942680.1	306	1718	25	6	31	306
KJ942680.1	307	502	0	1	1	502
KJ942680.1	323	848	0	1	1	848
KJ942680.1	355	1663	1	9	10	355
KJ942680.1	356	1202	1	0	1	356
KJ942680.1	356	1902	0	1	1	1902
KJ942680.1	374	955	0	1	1	955
KJ942680.1	404	1662	6	20	26	404
KJ942680.1	405	1585	0	3	3	1585
KJ942680.1	443	1166	0	1	1	1166
KJ942680.1	451	798	0	1	1	798
KJ942680.1	452	1743	1	0	1	452
KJ942680.1	465	1718	2	1	3	465
KJ942680.1	467	1721	21	40	61	467
KJ942680.1	468	1747	14	5	19	468
KJ942680.1	469	1675	2	2	4	469
KJ942680.1	471	1053	1	0	1	471
KJ942680.1	472	1295	0	1	1	1295
KJ942680.1	479	1090	0	1	1	1090
KJ942680.1	480	1936	0	18	18	1936
KJ942680.1	489	997	1	1	2	489
KJ942680.1	492	1197	0	1	1	1197
KJ942680.1	493	1771	0	1	1	1771
KJ942680.1	502	834	0	1	1	834
KJ942680.1	508	797	1	0	1	508
KJ942680.1	519	1510	0	2	2	1510
KJ942680.1	523	1103	0	1	1	1103
KJ942680.1	525	837	1	0	1	525
KJ942680.1	540	986	0	1	1	986
KJ942680.1	545	1515	1	2	3	545
KJ942680.1	554	1494	0	1	1	1494
KJ942680.1	564	1254	0	1	1	1254
KJ942680.1	565	1224	1	0	1	565
KJ942680.1	573	1030	1	1	2	573
KJ942680.1	573	1383	1	0	1	573
KJ942680.1	575	1241	0	1	1	1241
KJ942680.1	577	1181	1	0	1	577
KJ942680.1	577	1653	1	0	1	577
KJ942680.1	586	613	1	0	1	586
KJ942680.1	599	874	0	1	1	874
KJ942680.1	610	641	1	0	1	610
KJ942680.1	651	1491	0	1	1	1491
KJ942680.1	663	1043	0	1	1	1043
KJ942680.1	667	1083	1	0	1	667
KJ942680.1	668	876	1	0	1	668
KJ942680.1	691	1718	1	0	1	691
KJ942680.1	693	1454	1	0	1	693
KJ942680.1	698	1573	0	1	1	1573
KJ942680.1	699	1522	2	1	3	699
KJ942680.1	713	1585	0	1	1	1585
KJ942680.1	750	784	0	1	1	784
KJ942680.1	779	1515	0	1	1	1515
KJ942680.1	789	1671	1	0	1	789
KJ942680.1	812	1832	1	0	1	812
KJ942680.1	813	1888	0	1	1	1888
KJ942680.1	819	1157	1	0	1	819
KJ942680.1	826	1904	0	1	1	1904
KJ942680.1	829	1651	1	0	1	829
KJ942680.1	845	1284	0	1	1	1284
KJ942680.1	865	990	0	1	1	990
KJ942680.1	867	989	1	0	1	867
KJ942680.1	870	1303	1	0	1	870
KJ942680.1	891	932	1	0	1	891
KJ942680.1	916	1104	0	1	1	1104
KJ942680.1	923	1789	1	0	1	923
KJ942680.1	985	1321	1	0	1	985
KJ942681.1	1021	1053	0	1	1	1053
KJ942681.1	254	734	1	0	1	254
KJ942681.1	261	1056	1	0	1	261
KJ942681.1	284	701	1	0	1	284
KJ942681.1	340	530	1	0	1	340
KJ942681.1	352	650	1	0	1	352
KJ942681.1	361	384	0	1	1	384
KJ942681.1	362	631	0	1	1	631
KJ942681.1	366	1097	1	0	1	366
KJ942681.1	370	1013	1	0	1	370
KJ942681.1	372	815	1	0	1	372
KJ942681.1	374	406	0	1	1	406
KJ942681.1	394	496	0	1	1	496
KJ942681.1	395	566	0	1	1	566
KJ942681.1	396	461	1	0	1	396
KJ942681.1	402	654	1	0	1	402
KJ942681.1	408	432	0	1	1	432
KJ942681.1	415	490	1	0	1	415
KJ942681.1	418	673	0	1	1	673
KJ942681.1	427	1034	1	0	1	427
KJ942681.1	434	797	0	1	1	797
KJ942681.1	435	462	0	1	1	462
KJ942681.1	436	1098	1	0	1	436
KJ942681.1	453	694	0	1	1	694
KJ942681.1	453	979	1	0	1	453
KJ942681.1	455	584	1	0	1	455
KJ942681.1	473	772	0	1	1	772
KJ942681.1	475	1042	1	0	1	475
KJ942681.1	489	1155	0	1	1	1155
KJ942681.1	493	1071	1	0	1	493
KJ942681.1	500	1118	1	0	1	500
KJ942681.1	501	555	0	1	1	555
KJ942681.1	511	681	0	1	1	681
KJ942681.1	516	849	0	1	1	849
KJ942681.1	520	1116	0	1	1	1116
KJ942681.1	526	608	0	1	1	608
KJ942681.1	558	828	0	1	1	828
KJ942681.1	570	1053	1	0	1	570
KJ942681.1	572	864	0	1	1	864
KJ942681.1	583	737	1	1	2	583
KJ942681.1	584	768	0	1	1	768
KJ942681.1	585	929	1	0	1	585
KJ942681.1	588	676	1	0	1	588
KJ942681.1	594	1171	0	1	1	1171
KJ942681.1	604	683	1	0	1	604
KJ942681.1	609	853	1	0	1	609
KJ942681.1	618	754	1	0	1	618
KJ942681.1	624	1139	0	1	1	1139
KJ942681.1	624	677	1	0	1	624
KJ942681.1	631	984	1	0	1	631
KJ942681.1	662	1075	1	0	1	662
KJ942681.1	669	874	1	0	1	669
KJ942681.1	682	976	1	0	1	682
KJ942681.1	690	888	1	0	1	690
KJ942681.1	690	932	0	1	1	932
KJ942681.1	721	902	0	1	1	902
KJ942681.1	730	980	2	2	4	730
KJ942681.1	733	875	0	1	1	875
KJ942681.1	801	888	1	0	1	801
KJ942681.1	805	848	0	1	1	848
KJ942681.1	840	1099	0	1	1	1099
KJ942681.1	872	1013	1	0	1	872
KJ942681.1	875	1085	0	1	1	1085
KJ942681.1	885	920	0	1	1	920
KJ942681.1	896	1027	0	1	1	1027
KJ942681.1	931	1173	0	1	1	1173
KJ942682.1	1062	1153	1	0	1	1062
KJ942682.1	1098	1182	1	3	4	1098
KJ942682.1	1124	1227	1	0	1	1124
KJ942682.1	1159	1271	1	2	3	1159
KJ942682.1	1239	1596	0	1	1	1596
KJ942682.1	1246	1315	0	1	1	1315
KJ942682.1	1333	1402	0	1	1	1402
KJ942682.1	1367	1414	1	0	1	1367
KJ942682.1	1450	1473	4	0	4	1450
KJ942682.1	1501	1570	1	0	1	1501
KJ942682.1	248	368	1	0	1	248
KJ942682.1	249	291	3	0	3	249
KJ942682.1	250	290	2	0	2	250
KJ942682.1	265	323	2	0	2	265
KJ942682.1	288	1127	1	0	1	288
KJ942682.1	301	1197	1	0	1	301
KJ942682.1	302	1536	1	0	1	302
KJ942682.1	315	1382	0	1	1	1382
KJ942682.1	317	352	6	5	11	317
KJ942682.1	322	1501	2	0	2	322
KJ942682.1	323	1447	1	0	1	323
KJ942682.1	362	443	0	1	1	443
KJ942682.1	368	1126	1	0	1	368
KJ942682.1	379	1183	6	5	11	379
KJ942682.1	389	1451	1	0	1	389
KJ942682.1	390	1347	0	1	1	1347
KJ942682.1	399	1466	1	0	1	399
KJ942682.1	399	1569	2	0	2	399
KJ942682.1	403	1251	1	1	2	403
KJ942682.1	405	451	0	1	1	451
KJ942682.1	411	1522	1	0	1	411
KJ942682.1	413	1421	1	3	4	413
KJ942682.1	414	1377	1	2	3	414
KJ942682.1	421	1463	1	0	1	421
KJ942682.1	425	498	0	1	1	498
KJ942682.1	426	1425	3	2	5	426
KJ942682.1	428	1287	0	1	1	1287
KJ942682.1	434	1294	0	1	1	1294
KJ942682.1	436	689	0	1	1	689
KJ942682.1	446	473	0	1	1	473
KJ942682.1	449	1113	0	1	1	1113
KJ942682.1	461	1405	1	0	1	461
KJ942682.1	465	1388	0	1	1	1388
KJ942682.1	485	1552	1	0	1	485
KJ942682.1	487	1131	1	0	1	487
KJ942682.1	500	814	0	1	1	814
KJ942682.1	507	1388	2	0	2	507
KJ942682.1	518	1298	1	1	2	518
KJ942682.1	597	1100	2	1	3	597
KJ942682.1	598	1092	2	0	2	598
KJ942682.1	608	1086	0	1	1	1086
KJ942682.1	608	858	0	1	1	858
KJ942682.1	611	637	40	49	89	611
KJ942682.1	632	1183	1	1	2	632
KJ942682.1	685	1463	0	1	1	1463
KJ942682.1	689	1133	5	0	5	689
KJ942682.1	690	1133	5	0	5	690
KJ942682.1	692	1136	62	20	82	692
KJ942682.1	707	1621	0	1	1	1621
KJ942682.1	717	1350	1	0	1	717
KJ942682.1	722	1101	1	0	1	722
KJ942682.1	739	1243	0	1	1	1243
KJ942682.1	767	1021	1	0	1	767
KJ942682.1	817	1345	0	1	1	1345
KJ942682.1	828	1442	1	0	1	828
KJ942682.1	853	1519	1	0	1	853
KJ942682.1	883	980	1	0	1	883
KJ942682.1	902	1106	1	0	1	902
KJ942682.1	967	1046	1	1	2	967
KJ942682.1	967	1065	1	0	1	967
KJ942682.1	973	1190	0	1	1	1190
KJ942682.1	974	1464	1	0	1	974
KJ942683.1	1004	1118	0	1	1	1118
KJ942683.1	1007	1621	0	1	1	1621
KJ942683.1	1026	1498	2	0	2	1026
KJ942683.1	1055	1412	1	0	1	1055
KJ942683.1	1077	1313	0	1	1	1313
KJ942683.1	1107	1295	0	1	1	1295
KJ942683.1	1137	1166	1	0	1	1137
KJ942683.1	1137	1417	1	0	1	1137
KJ942683.1	1226	1312	1	0	1	1226
KJ942683.1	1232	1321	1	0	1	1232
KJ942683.1	1235	1397	1	0	1	1235
KJ942683.1	1237	1543	1	0	1	1237
KJ942683.1	1294	1357	1	0	1	1294
KJ942683.1	1334	1653	1	0	1	1334
KJ942683.1	1353	1674	1	0	1	1353
KJ942683.1	1364	1403	1	0	1	1364
KJ942683.1	1381	1417	1	0	1	1381
KJ942683.1	1400	1701	0	1	1	1701
KJ942683.1	1402	1519	0	1	1	1519
KJ942683.1	1409	1505	1	0	1	1409
KJ942683.1	1422	1724	0	1	1	1724
KJ942683.1	1457	1581	2	2	4	1457
KJ942683.1	1458	1582	0	1	1	1582
KJ942683.1	1533	1678	1	0	1	1533
KJ942683.1	1577	1701	0	2	2	1701
KJ942683.1	1595	1712	0	2	2	1712
KJ942683.1	1600	1657	1	0	1	1600
KJ942683.1	1604	1710	0	2	2	1710
KJ942683.1	1662	1701	0	3	3	1701
KJ942683.1	247	593	1	0	1	247
KJ942683.1	257	1590	1	0	1	257
KJ942683.1	259	404	1	0	1	259
KJ942683.1	261	618	2	0	2	261
KJ942683.1	269	514	1	0	1	269
KJ942683.1	291	435	1	0	1	291
KJ942683.1	292	892	1	0	1	292
KJ942683.1	294	1010	1	0	1	294
KJ942683.1	297	362	2	0	2	297
KJ942683.1	305	872	1	0	1	305
KJ942683.1	330	372	0	1	1	372
KJ942683.1	331	1728	0	1	1	1728
KJ942683.1	350	1541	0	1	1	1541
KJ942683.1	354	1560	3	4	7	354
KJ942683.1	361	832	1	0	1	361
KJ942683.1	376	917	0	1	1	917
KJ942683.1	387	483	1	0	1	387
KJ942683.1	391	997	1	0	1	391
KJ942683.1	410	1455	0	1	1	1455
KJ942683.1	412	1239	0	1	1	1239
KJ942683.1	416	1597	0	1	1	1597
KJ942683.1	416	1710	0	5	5	1710
KJ942683.1	425	1200	1	0	1	425
KJ942683.1	427	1167	0	1	1	1167
KJ942683.1	430	1695	0	1	1	1695
KJ942683.1	433	1532	1	2	3	433
KJ942683.1	440	1463	0	1	1	1463
KJ942683.1	442	1609	1	0	1	442
KJ942683.1	443	1351	0	4	4	1351
KJ942683.1	448	1502	3	4	7	448
KJ942683.1	454	568	0	1	1	568
KJ942683.1	471	1499	1	1	2	471
KJ942683.1	473	1435	2	0	2	473
KJ942683.1	475	564	1	0	1	475
KJ942683.1	485	1446	1	2	3	485
KJ942683.1	490	1637	1	0	1	490
KJ942683.1	493	1456	0	1	1	1456
KJ942683.1	504	1510	0	1	1	1510
KJ942683.1	505	1453	1	0	1	505
KJ942683.1	515	857	0	1	1	857
KJ942683.1	517	946	1	0	1	517
KJ942683.1	535	1349	1	0	1	535
KJ942683.1	537	1324	1	0	1	537
KJ942683.1	539	1140	1	0	1	539
KJ942683.1	544	1427	0	1	1	1427
KJ942683.1	545	905	1	0	1	545
KJ942683.1	549	997	1	0	1	549
KJ942683.1	553	881	1	0	1	553
KJ942683.1	561	1109	0	1	1	1109
KJ942683.1	566	1532	1	0	1	566
KJ942683.1	595	1559	1	0	1	595
KJ942683.1	595	843	1	0	1	595
KJ942683.1	598	1095	1	0	1	598
KJ942683.1	603	1337	1	1	2	603
KJ942683.1	604	1410	1	1	2	604
KJ942683.1	606	1165	0	1	1	1165
KJ942683.1	606	841	1	0	1	606
KJ942683.1	615	651	0	1	1	651
KJ942683.1	637	850	1	0	1	637
KJ942683.1	643	1561	1	0	1	643
KJ942683.1	657	1226	1	0	1	657
KJ942683.1	692	864	0	1	1	864
KJ942683.1	695	1207	1	0	1	695
KJ942683.1	729	1612	1	0	1	729
KJ942683.1	737	1164	1	0	1	737
KJ942683.1	744	1057	0	1	1	1057
KJ942683.1	758	1506	1	0	1	758
KJ942683.1	764	1699	0	1	1	1699
KJ942683.1	767	1163	0	1	1	1163
KJ942683.1	771	1656	1	0	1	771
KJ942683.1	773	1512	1	0	1	773
KJ942683.1	775	1180	0	1	1	1180
KJ942683.1	780	1575	1	0	1	780
KJ942683.1	781	1486	1	0	1	781
KJ942683.1	787	1015	1	0	1	787
KJ942683.1	794	823	0	1	1	823
KJ942683.1	823	1101	1	0	1	823
KJ942683.1	838	1429	0	1	1	1429
KJ942683.1	840	1300	1	0	1	840
KJ942683.1	851	1514	0	1	1	1514
KJ942683.1	866	1529	0	1	1	1529
KJ942683.1	891	1645	1	0	1	891
KJ942683.1	903	1655	0	1	1	1655
KJ942683.1	917	1067	0	1	1	1067
KJ942683.1	923	1407	0	1	1	1407
KJ942683.1	934	1082	1	0	1	934
KJ942683.1	952	1135	0	1	1	1135
KJ942683.1	952	1594	1	0	1	952
KJ942683.1	957	1108	1	1	2	957
KJ942683.1	992	1401	0	1	1	1401
KJ942684.1	1016	1042	0	1	1	1042
KJ942684.1	249	912	1	0	1	249
KJ942684.1	250	490	1	0	1	250
KJ942684.1	267	740	3	0	3	267
KJ942684.1	268	324	2	0	2	268
KJ942684.1	283	584	7	0	7	283
KJ942684.1	296	422	1	0	1	296
KJ942684.1	300	980	10	0	10	300
KJ942684.1	302	927	1	0	1	302
KJ942684.1	303	942	1	0	1	303
KJ942684.1	304	943	19	0	19	304
KJ942684.1	306	987	1	0	1	306
KJ942684.1	307	434	1	0	1	307
KJ942684.1	319	987	0	1	1	987
KJ942684.1	321	942	14	9	23	321
KJ942684.1	323	1006	0	2	2	1006
KJ942684.1	335	1017	0	9	9	1017
KJ942684.1	397	809	0	1	1	809
KJ942684.1	412	489	0	1	1	489
KJ942684.1	413	805	0	4	4	805
KJ942684.1	430	542	15	32	47	430
KJ942684.1	441	919	1	0	1	441
KJ942684.1	454	587	1	0	1	454
KJ942684.1	462	609	1	0	1	462
KJ942684.1	463	550	0	1	1	550
KJ942684.1	463	866	1	0	1	463
KJ942684.1	492	537	0	1	1	537
KJ942684.1	501	583	0	2	2	583
KJ942684.1	502	552	4	15	19	502
KJ942684.1	508	727	1	0	1	508
KJ942684.1	514	744	6	1	7	514
KJ942684.1	526	755	56	116	172	526
KJ942684.1	530	958	1	0	1	530
KJ942684.1	534	761	2	5	7	534
KJ942684.1	537	764	0	1	1	764
KJ942684.1	552	628	11	4	15	552
KJ942684.1	583	740	1	0	1	583
KJ942684.1	697	735	1	0	1	697
KJ942684.1	744	986	1	0	1	744
KJ942684.1	782	830	14	11	25	782
KJ942684.1	803	919	1	0	1	803
KJ942685.1	1033	2058	1	0	1	1033
KJ942685.1	1045	2077	1	1	2	1045
KJ942685.1	1057	1990	1	3	4	1057
KJ942685.1	1082	1427	1	0	1	1082
KJ942685.1	1090	1311	0	1	1	1311
KJ942685.1	1090	1856	1	0	1	1090
KJ942685.1	1090	1969	0	1	1	1969
KJ942685.1	1103	2305	1	1	2	1103
KJ942685.1	1106	2016	1	0	1	1106
KJ942685.1	1107	1143	0	1	1	1143
KJ942685.1	1108	1663	0	1	1	1663
KJ942685.1	1109	1803	1	0	1	1109
KJ942685.1	1132	2042	0	1	1	2042
KJ942685.1	1134	1497	0	1	1	1497
KJ942685.1	1215	2089	0	1	1	2089
KJ942685.1	1221	1594	1	0	1	1221
KJ942685.1	1241	1343	1	0	1	1241
KJ942685.1	1268	1549	1	1	2	1268
KJ942685.1	1269	1658	2	1	3	1269
KJ942685.1	1276	2049	0	1	1	2049
KJ942685.1	1276	2089	0	1	1	2089
KJ942685.1	1287	2308	1	0	1	1287
KJ942685.1	1290	1560	0	1	1	1560
KJ942685.1	1295	2150	0	1	1	2150
KJ942685.1	1297	1626	1	0	1	1297
KJ942685.1	1324	2031	1	2	3	1324
KJ942685.1	1354	1970	1	0	1	1354
KJ942685.1	1356	1691	1	0	1	1356
KJ942685.1	1366	1595	0	1	1	1595
KJ942685.1	1391	1853	0	1	1	1853
KJ942685.1	1445	1908	0	1	1	1908
KJ942685.1	1461	1797	0	1	1	1797
KJ942685.1	1520	1973	1	0	1	1520
KJ942685.1	1521	2013	0	1	1	2013
KJ942685.1	1523	2307	1	0	1	1523
KJ942685.1	1539	2305	2	3	5	1539
KJ942685.1	1544	2371	0	1	1	2371
KJ942685.1	1546	1619	1	0	1	1546
KJ942685.1	1555	1688	1	0	1	1555
KJ942685.1	1555	2018	1	1	2	1555
KJ942685.1	1557	1978	0	1	1	1978
KJ942685.1	1563	1968	1	2	3	1563
KJ942685.1	1577	1702	2	0	2	1577
KJ942685.1	1579	2306	0	3	3	2306
KJ942685.1	1599	2399	0	3	3	2399
KJ942685.1	1616	2036	0	1	1	2036
KJ942685.1	1657	1701	1	0	1	1657
KJ942685.1	1683	1725	0	1	1	1725
KJ942685.1	1714	1967	1	0	1	1714
KJ942685.1	1747	1901	1	1	2	1747
KJ942685.1	1752	2113	1	0	1	1752
KJ942685.1	1757	2008	1	0	1	1757
KJ942685.1	1771	1969	0	1	1	1969
KJ942685.1	1800	2017	1	2	3	1800
KJ942685.1	1958	2153	0	1	1	2153
KJ942685.1	1970	2072	0	1	1	2072
KJ942685.1	1989	2233	0	1	1	2233
KJ942685.1	2034	2075	0	4	4	2075
KJ942685.1	2060	2168	1	0	1	2060
KJ942685.1	2068	2155	4	0	4	2068
KJ942685.1	2072	2200	1	0	1	2072
KJ942685.1	2086	2120	2	2	4	2086
KJ942685.1	2086	2134	6	3	9	2086
KJ942685.1	2089	2390	0	2	2	2390
KJ942685.1	2097	2310	0	1	1	2310
KJ942685.1	2098	2195	1	1	2	2098
KJ942685.1	2098	2285	1	0	1	2098
KJ942685.1	2102	2163	0	1	1	2163
KJ942685.1	2102	2217	1	2	3	2102
KJ942685.1	2106	2131	4	0	4	2106
KJ942685.1	2123	2202	0	1	1	2202
KJ942685.1	2130	2159	3	1	4	2130
KJ942685.1	2140	2166	1	0	1	2140
KJ942685.1	2140	2173	4	3	7	2140
KJ942685.1	2141	2227	4	1	5	2141
KJ942685.1	2143	2171	3	1	4	2143
KJ942685.1	2143	2181	5	1	6	2143
KJ942685.1	2150	2196	2	4	6	2150
KJ942685.1	2163	2188	1	1	2	2163
KJ942685.1	2209	2403	0	1	1	2403
KJ942685.1	2220	2249	1	4	5	2220
KJ942685.1	2268	2304	2	0	2	2268
KJ942685.1	238	2201	5	0	5	238
KJ942685.1	247	1656	6	0	6	247
KJ942685.1	253	345	1	0	1	253
KJ942685.1	255	2184	8	0	8	255
KJ942685.1	259	2188	2	0	2	259
KJ942685.1	260	2172	1	0	1	260
KJ942685.1	265	2276	1	0	1	265
KJ942685.1	266	2399	1	0	1	266
KJ942685.1	268	2224	2	0	2	268
KJ942685.1	270	2227	1	0	1	270
KJ942685.1	271	1983	1	0	1	271
KJ942685.1	271	2227	266	13	279	271
KJ942685.1	273	1995	2	0	2	273
KJ942685.1	273	812	1	0	1	273
KJ942685.1	276	589	1	0	1	276
KJ942685.1	280	2234	1	0	1	280
KJ942685.1	286	2270	6	0	6	286
KJ942685.1	287	2224	2	0	2	287
KJ942685.1	291	2004	2	0	2	291
KJ942685.1	291	2086	2	0	2	291
KJ942685.1	291	2152	2	0	2	291
KJ942685.1	291	2270	5	1	6	291
KJ942685.1	292	1695	7	0	7	292
KJ942685.1	292	2256	4	0	4	292
KJ942685.1	293	1409	3	0	3	293
KJ942685.1	293	2046	3	1	4	293
KJ942685.1	293	2269	3	0	3	293
KJ942685.1	293	2301	2	0	2	293
KJ942685.1	293	345	10	0	10	293
KJ942685.1	294	1410	2	0	2	294
KJ942685.1	296	2200	1	0	1	296
KJ942685.1	297	319	3	0	3	297
KJ942685.1	300	1618	1	0	1	300
KJ942685.1	300	2013	2	0	2	300
KJ942685.1	300	2175	6	0	6	300
KJ942685.1	311	2203	0	1	1	2203
KJ942685.1	312	2021	1	4	5	312
KJ942685.1	314	2158	0	1	1	2158
KJ942685.1	315	2211	1	0	1	315
KJ942685.1	317	1429	1	0	1	317
KJ942685.1	321	2158	1	1	2	321
KJ942685.1	321	2291	1	0	1	321
KJ942685.1	328	379	0	3	3	379
KJ942685.1	331	2164	0	2	2	2164
KJ942685.1	332	375	0	11	11	375
KJ942685.1	336	2180	0	4	4	2180
KJ942685.1	336	2276	0	2	2	2276
KJ942685.1	337	2276	1	10	11	337
KJ942685.1	339	2252	1	0	1	339
KJ942685.1	339	387	0	1	1	387
KJ942685.1	341	2196	2	12	14	341
KJ942685.1	342	2174	0	3	3	2174
KJ942685.1	342	2178	1	1	2	342
KJ942685.1	343	2160	1	1	2	343
KJ942685.1	343	2191	2	4	6	343
KJ942685.1	343	2221	2	1	3	343
KJ942685.1	343	2256	152	211	363	343
KJ942685.1	344	1662	0	1	1	1662
KJ942685.1	344	2155	1	1	2	344
KJ942685.1	344	2197	2	6	8	344
KJ942685.1	344	2212	0	2	2	2212
KJ942685.1	344	2281	3	1	4	344
KJ942685.1	344	397	0	2	2	397
KJ942685.1	345	1028	1	0	1	345
KJ942685.1	345	2159	10	45	55	345
KJ942685.1	345	2160	1	6	7	345
KJ942685.1	345	2193	0	2	2	2193
KJ942685.1	346	2153	2	2	4	346
KJ942685.1	346	2168	0	5	5	2168
KJ942685.1	346	376	0	7	7	376
KJ942685.1	346	382	0	1	1	382
KJ942685.1	349	1582	0	1	1	1582
KJ942685.1	349	2185	3	4	7	349
KJ942685.1	350	2186	0	1	1	2186
KJ942685.1	351	444	0	1	1	444
KJ942685.1	353	2159	1	3	4	353
KJ942685.1	354	2189	0	1	1	2189
KJ942685.1	357	2218	1	6	7	357
KJ942685.1	358	2283	0	1	1	2283
KJ942685.1	359	2118	0	1	1	2118
KJ942685.1	359	2203	2	2	4	359
KJ942685.1	362	2074	0	9	9	2074
KJ942685.1	364	2125	0	2	2	2125
KJ942685.1	364	2261	3	1	4	364
KJ942685.1	365	1764	0	1	1	1764
KJ942685.1	365	2147	0	7	7	2147
KJ942685.1	365	2310	0	2	2	2310
KJ942685.1	368	2044	1	17	18	368
KJ942685.1	370	2046	0	2	2	2046
KJ942685.1	370	402	1	4	5	370
KJ942685.1	372	2090	10	41	51	372
KJ942685.1	372	2132	1	2	3	372
KJ942685.1	372	2183	1	11	12	372
KJ942685.1	373	2226	0	2	2	2226
KJ942685.1	373	403	0	2	2	403
KJ942685.1	374	2144	1	2	3	374
KJ942685.1	374	2188	0	4	4	2188
KJ942685.1	374	402	0	3	3	402
KJ942685.1	378	2171	3	2	5	378
KJ942685.1	378	2290	0	1	1	2290
KJ942685.1	380	2082	0	1	1	2082
KJ942685.1	385	2196	0	3	3	2196
KJ942685.1	386	2164	1	3	4	386
KJ942685.1	387	2201	0	1	1	2201
KJ942685.1	388	2131	13	7	20	388
KJ942685.1	391	2147	4	41	45	391
KJ942685.1	391	2159	1	2	3	391
KJ942685.1	392	1844	9	36	45	392
KJ942685.1	393	439	0	2	2	439
KJ942685.1	394	2150	0	1	1	2150
KJ942685.1	395	1953	1	1	2	395
KJ942685.1	395	2159	0	1	1	2159
KJ942685.1	395	2160	2	5	7	395
KJ942685.1	395	2200	9	34	43	395
KJ942685.1	396	2074	1	2	3	396
KJ942685.1	396	2151	2	11	13	396
KJ942685.1	396	2158	2	3	5	396
KJ942685.1	396	2173	1	0	1	396
KJ942685.1	396	2220	1	4	5	396
KJ942685.1	396	2291	4	1	5	396
KJ942685.1	396	422	1	67	68	396
KJ942685.1	396	428	0	3	3	428
KJ942685.1	396	454	0	4	4	454
KJ942685.1	397	2116	2	12	14	397
KJ942685.1	397	2142	414	1257	1671	397
KJ942685.1	397	2215	1	0	1	397
KJ942685.1	397	2227	3	0	3	397
KJ942685.1	398	2152	2	4	6	398
KJ942685.1	399	2144	3	42	45	399
KJ942685.1	400	2131	0	1	1	2131
KJ942685.1	400	430	1	0	1	400
KJ942685.1	401	2181	0	3	3	2181
KJ942685.1	402	2058	0	1	1	2058
KJ942685.1	402	2256	1	0	1	402
KJ942685.1	402	635	0	1	1	635
KJ942685.1	404	2116	0	7	7	2116
KJ942685.1	405	2158	1	4	5	405
KJ942685.1	407	2167	0	8	8	2167
KJ942685.1	407	432	0	1	1	432
KJ942685.1	411	2164	0	1	1	2164
KJ942685.1	412	437	0	1	1	437
KJ942685.1	413	2133	1	12	13	413
KJ942685.1	413	2141	1	0	1	413
KJ942685.1	413	2201	4	10	14	413
KJ942685.1	414	2159	0	3	3	2159
KJ942685.1	414	2181	149	503	652	414
KJ942685.1	415	2175	1	23	24	415
KJ942685.1	416	2146	1	4	5	416
KJ942685.1	416	2158	1	6	7	416
KJ942685.1	416	2166	0	4	4	2166
KJ942685.1	416	2180	2	7	9	416
KJ942685.1	417	2044	0	3	3	2044
KJ942685.1	417	2143	0	1	1	2143
KJ942685.1	417	440	0	2	2	440
KJ942685.1	418	2117	3	0	3	418
KJ942685.1	418	2198	2	6	8	418
KJ942685.1	419	2068	1	10	11	419
KJ942685.1	419	2132	4	11	15	419
KJ942685.1	419	2145	138	355	493	419
KJ942685.1	420	2146	0	1	1	2146
KJ942685.1	420	2167	0	1	1	2167
KJ942685.1	420	2270	2	4	6	420
KJ942685.1	421	2145	1	0	1	421
KJ942685.1	423	2073	0	1	1	2073
KJ942685.1	423	2203	1	1	2	423
KJ942685.1	424	2264	0	1	1	2264
KJ942685.1	425	2149	0	1	1	2149
KJ942685.1	426	2158	0	1	1	2158
KJ942685.1	427	2124	16	54	70	427
KJ942685.1	427	2132	0	9	9	2132
KJ942685.1	428	2144	0	2	2	2144
KJ942685.1	428	2295	0	1	1	2295
KJ942685.1	428	450	167	460	627	428
KJ942685.1	428	462	1	4	5	428
KJ942685.1	434	1531	1	0	1	434
KJ942685.1	434	2142	0	1	1	2142
KJ942685.1	435	2144	0	1	1	2144
KJ942685.1	436	2144	184	357	541	436
KJ942685.1	437	1198	9	8	17	437
KJ942685.1	437	2144	32	55	87	437
KJ942685.1	437	2159	5	21	26	437
KJ942685.1	437	2160	6	13	19	437
KJ942685.1	438	2223	1	4	5	438
KJ942685.1	441	2185	0	3	3	2185
KJ942685.1	442	2192	1	0	1	442
KJ942685.1	443	2158	3	1	4	443
KJ942685.1	445	2126	1	1	2	445
KJ942685.1	445	2180	0	2	2	2180
KJ942685.1	446	2115	3	3	6	446
KJ942685.1	446	2196	3	8	11	446
KJ942685.1	446	558	3	1	4	446
KJ942685.1	447	1062	1	0	1	447
KJ942685.1	447	2041	2	21	23	447
KJ942685.1	447	2051	1	4	5	447
KJ942685.1	447	2144	10	11	21	447
KJ942685.1	447	2152	11	14	25	447
KJ942685.1	449	2075	4	13	17	449
KJ942685.1	449	2077	2	3	5	449
KJ942685.1	449	2270	1	0	1	449
KJ942685.1	453	2189	0	1	1	2189
KJ942685.1	454	2193	0	1	1	2193
KJ942685.1	456	2082	0	1	1	2082
KJ942685.1	462	1404	1	0	1	462
KJ942685.1	462	2200	0	2	2	2200
KJ942685.1	463	505	9	38	47	463
KJ942685.1	465	512	0	5	5	512
KJ942685.1	466	1907	1	2	3	466
KJ942685.1	466	2160	1	0	1	466
KJ942685.1	471	2011	1	0	1	471
KJ942685.1	472	1869	1	0	1	472
KJ942685.1	473	1161	1	0	1	473
KJ942685.1	477	1825	1	2	3	477
KJ942685.1	478	2008	2	4	6	478
KJ942685.1	479	2039	1	5	6	479
KJ942685.1	479	2045	0	1	1	2045
KJ942685.1	479	2075	0	1	1	2075
KJ942685.1	481	2051	1	0	1	481
KJ942685.1	483	2043	0	1	1	2043
KJ942685.1	487	1907	11	21	32	487
KJ942685.1	487	2040	1	2	3	487
KJ942685.1	488	2038	2	8	10	488
KJ942685.1	488	2074	34	37	71	488
KJ942685.1	488	2153	0	1	1	2153
KJ942685.1	488	2195	0	2	2	2195
KJ942685.1	489	2074	0	3	3	2074
KJ942685.1	490	2246	1	0	1	490
KJ942685.1	492	2091	0	1	1	2091
KJ942685.1	494	2053	18	25	43	494
KJ942685.1	494	2179	0	4	4	2179
KJ942685.1	496	2023	5	2	7	496
KJ942685.1	496	2087	0	2	2	2087
KJ942685.1	497	1979	2	0	2	497
KJ942685.1	498	2075	1	4	5	498
KJ942685.1	498	2159	1	3	4	498
KJ942685.1	500	1982	0	2	2	1982
KJ942685.1	503	1974	0	1	1	1974
KJ942685.1	503	2019	2	1	3	503
KJ942685.1	503	2087	1	4	5	503
KJ942685.1	504	2054	0	1	1	2054
KJ942685.1	504	2061	3	3	6	504
KJ942685.1	505	2023	1	0	1	505
KJ942685.1	505	2119	4	4	8	505
KJ942685.1	506	1954	2	2	4	506
KJ942685.1	506	2041	1	0	1	506
KJ942685.1	506	2077	1	4	5	506
KJ942685.1	506	561	1	1	2	506
KJ942685.1	507	1936	1	1	2	507
KJ942685.1	507	2061	1	9	10	507
KJ942685.1	509	2030	3	8	11	509
KJ942685.1	510	2020	1	1	2	510
KJ942685.1	510	2068	0	2	2	2068
KJ942685.1	511	2039	2	0	2	511
KJ942685.1	511	2075	1	1	2	511
KJ942685.1	512	2087	0	2	2	2087
KJ942685.1	513	2002	0	1	1	2002
KJ942685.1	514	2053	4	5	9	514
KJ942685.1	515	1919	2	1	3	515
KJ942685.1	515	2069	0	2	2	2069
KJ942685.1	520	1906	0	1	1	1906
KJ942685.1	522	2123	6	2	8	522
KJ942685.1	523	1966	16	12	28	523
KJ942685.1	523	2028	0	1	1	2028
KJ942685.1	523	2039	2	5	7	523
KJ942685.1	523	2075	0	3	3	2075
KJ942685.1	524	813	1	0	1	524
KJ942685.1	525	1757	0	1	1	1757
KJ942685.1	527	1043	1	0	1	527
KJ942685.1	541	1913	2	0	2	541
KJ942685.1	545	2078	3	5	8	545
KJ942685.1	548	1924	1	2	3	548
KJ942685.1	548	2052	0	2	2	2052
KJ942685.1	549	2075	2	0	2	549
KJ942685.1	549	2086	2	0	2	549
KJ942685.1	549	2144	30	11	41	549
KJ942685.1	549	2174	4	3	7	549
KJ942685.1	550	2050	0	1	1	2050
KJ942685.1	557	2038	1	0	1	557
KJ942685.1	557	2042	2	3	5	557
KJ942685.1	557	623	1	1	2	557
KJ942685.1	559	1924	22	25	47	559
KJ942685.1	559	2020	0	1	1	2020
KJ942685.1	560	1906	1	2	3	560
KJ942685.1	561	594	0	1	1	594
KJ942685.1	563	2076	2	0	2	563
KJ942685.1	565	2020	1	0	1	565
KJ942685.1	565	2247	1	0	1	565
KJ942685.1	566	2167	5	1	6	566
KJ942685.1	567	1383	0	1	1	1383
KJ942685.1	568	2043	0	1	1	2043
KJ942685.1	569	2023	0	1	1	2023
KJ942685.1	570	1935	0	1	1	1935
KJ942685.1	572	1838	2	2	4	572
KJ942685.1	572	2022	8	3	11	572
KJ942685.1	573	2055	0	1	1	2055
KJ942685.1	575	1839	1	1	2	575
KJ942685.1	575	2023	3	1	4	575
KJ942685.1	575	2046	0	1	1	2046
KJ942685.1	581	646	0	1	1	646
KJ942685.1	582	2031	3	1	4	582
KJ942685.1	583	2229	1	0	1	583
KJ942685.1	584	2145	1	0	1	584
KJ942685.1	585	1744	1	1	2	585
KJ942685.1	588	2073	5	2	7	588
KJ942685.1	590	1956	0	1	1	1956
KJ942685.1	590	1961	1	0	1	590
KJ942685.1	591	1934	2	1	3	591
KJ942685.1	593	1963	0	1	1	1963
KJ942685.1	595	1929	0	1	1	1929
KJ942685.1	595	1930	0	1	1	1930
KJ942685.1	598	2295	4	0	4	598
KJ942685.1	600	1028	0	1	1	1028
KJ942685.1	600	1923	0	4	4	1923
KJ942685.1	606	1882	1	0	1	606
KJ942685.1	606	914	1	0	1	606
KJ942685.1	607	2013	1	1	2	607
KJ942685.1	609	1959	6	2	8	609
KJ942685.1	611	1970	0	2	2	1970
KJ942685.1	612	1918	0	1	1	1918
KJ942685.1	612	2163	0	1	1	2163
KJ942685.1	617	1764	2	0	2	617
KJ942685.1	618	1838	6	3	9	618
KJ942685.1	618	1945	0	1	1	1945
KJ942685.1	618	2193	1	0	1	618
KJ942685.1	627	1905	1	2	3	627
KJ942685.1	627	1952	4	9	13	627
KJ942685.1	627	2248	3	1	4	627
KJ942685.1	628	1921	0	1	1	1921
KJ942685.1	628	1956	12	9	21	628
KJ942685.1	628	1962	3	3	6	628
KJ942685.1	632	1960	0	1	1	1960
KJ942685.1	636	1911	1	1	2	636
KJ942685.1	637	1923	1	0	1	637
KJ942685.1	639	1920	1	1	2	639
KJ942685.1	639	1948	1	0	1	639
KJ942685.1	640	1777	8	6	14	640
KJ942685.1	646	1901	2	2	4	646
KJ942685.1	649	1850	1	0	1	649
KJ942685.1	655	1865	8	0	8	655
KJ942685.1	656	1946	0	1	1	1946
KJ942685.1	658	1867	47	70	117	658
KJ942685.1	658	1884	3	4	7	658
KJ942685.1	659	1924	0	1	1	1924
KJ942685.1	661	1875	0	1	1	1875
KJ942685.1	661	2070	1	0	1	661
KJ942685.1	664	1867	0	1	1	1867
KJ942685.1	665	1875	5	7	12	665
KJ942685.1	667	1682	1	0	1	667
KJ942685.1	677	1809	1	0	1	677
KJ942685.1	678	1444	1	0	1	678
KJ942685.1	678	1992	11	0	11	678
KJ942685.1	679	1924	14	11	25	679
KJ942685.1	682	1923	6	5	11	682
KJ942685.1	683	1858	2	4	6	683
KJ942685.1	684	1871	1	1	2	684
KJ942685.1	685	2017	292	303	595	685
KJ942685.1	686	2018	1	0	1	686
KJ942685.1	689	1966	3	3	6	689
KJ942685.1	690	1824	2	0	2	690
KJ942685.1	690	1846	1	0	1	690
KJ942685.1	690	815	1	2	3	690
KJ942685.1	692	1870	0	1	1	1870
KJ942685.1	692	1931	2	1	3	692
KJ942685.1	697	1963	2	3	5	697
KJ942685.1	697	2021	0	1	1	2021
KJ942685.1	700	2057	1	11	12	700
KJ942685.1	702	1851	1	0	1	702
KJ942685.1	702	2035	0	3	3	2035
KJ942685.1	705	1876	1	2	3	705
KJ942685.1	705	2060	0	1	1	2060
KJ942685.1	706	1949	0	2	2	1949
KJ942685.1	706	2211	1	0	1	706
KJ942685.1	711	2055	0	1	1	2055
KJ942685.1	713	1823	3	1	4	713
KJ942685.1	713	1882	5	10	15	713
KJ942685.1	713	2039	2	5	7	713
KJ942685.1	716	1774	0	2	2	1774
KJ942685.1	722	1874	1	1	2	722
KJ942685.1	726	2029	0	3	3	2029
KJ942685.1	727	1896	55	50	105	727
KJ942685.1	727	2030	0	1	1	2030
KJ942685.1	728	1879	0	1	1	1879
KJ942685.1	731	1884	1	0	1	731
KJ942685.1	735	1869	1	0	1	735
KJ942685.1	738	1956	0	2	2	1956
KJ942685.1	739	1706	7	1	8	739
KJ942685.1	739	1707	0	1	1	1707
KJ942685.1	739	1732	1	1	2	739
KJ942685.1	739	1906	1	0	1	739
KJ942685.1	741	1896	1	5	6	741
KJ942685.1	744	1842	2	0	2	744
KJ942685.1	745	1901	1	1	2	745
KJ942685.1	748	1939	3	4	7	748
KJ942685.1	751	1727	1	0	1	751
KJ942685.1	753	1842	1	2	3	753
KJ942685.1	755	1667	7	0	7	755
KJ942685.1	757	1926	0	2	2	1926
KJ942685.1	759	1841	0	2	2	1841
KJ942685.1	759	1929	3	0	3	759
KJ942685.1	765	1799	5	2	7	765
KJ942685.1	769	1780	2	0	2	769
KJ942685.1	769	1826	1	0	1	769
KJ942685.1	772	1245	3	0	3	772
KJ942685.1	773	1855	11	0	11	773
KJ942685.1	773	2049	1	0	1	773
KJ942685.1	774	1843	1	1	2	774
KJ942685.1	775	1777	13	7	20	775
KJ942685.1	780	2177	1	1	2	780
KJ942685.1	784	1837	1	1	2	784
KJ942685.1	785	857	1	0	1	785
KJ942685.1	790	1911	0	1	1	1911
KJ942685.1	798	1857	1	2	3	798
KJ942685.1	799	1855	3	2	5	799
KJ942685.1	819	1734	4	1	5	819
KJ942685.1	825	1721	3	0	3	825
KJ942685.1	828	1703	1	2	3	828
KJ942685.1	828	1883	0	1	1	1883
KJ942685.1	832	1839	1	0	1	832
KJ942685.1	841	1849	0	1	1	1849
KJ942685.1	843	1787	2	2	4	843
KJ942685.1	847	1793	0	1	1	1793
KJ942685.1	852	1771	16	14	30	852
KJ942685.1	859	1348	1	0	1	859
KJ942685.1	859	1628	11	5	16	859
KJ942685.1	859	1715	1	2	3	859
KJ942685.1	862	1694	2	1	3	862
KJ942685.1	889	1988	1	1	2	889
KJ942685.1	903	1864	1	0	1	903
KJ942685.1	903	2189	1	0	1	903
KJ942685.1	919	1690	1	0	1	919
KJ942685.1	958	1663	1	0	1	958
KJ942686.1	1029	1168	0	1	1	1168
KJ942686.1	1030	1825	0	2	2	1825
KJ942686.1	1055	2390	1	0	1	1055
KJ942686.1	1111	1763	0	1	1	1763
KJ942686.1	1127	2124	1	0	1	1127
KJ942686.1	1164	1517	0	1	1	1517
KJ942686.1	1184	2064	0	1	1	2064
KJ942686.1	1193	1615	0	1	1	1615
KJ942686.1	1235	2046	0	3	3	2046
KJ942686.1	1277	1935	1	0	1	1277
KJ942686.1	1281	1334	0	1	1	1334
KJ942686.1	1355	1539	0	1	1	1539
KJ942686.1	1360	1671	1	0	1	1360
KJ942686.1	1376	2402	1	1	2	1376
KJ942686.1	1407	2159	0	1	1	2159
KJ942686.1	1428	2229	1	0	1	1428
KJ942686.1	1468	1613	1	0	1	1468
KJ942686.1	1559	2159	0	1	1	2159
KJ942686.1	1623	2269	0	1	1	2269
KJ942686.1	1684	2222	1	0	1	1684
KJ942686.1	1694	1959	0	1	1	1959
KJ942686.1	1719	1753	1	0	1	1719
KJ942686.1	1789	2347	1	0	1	1789
KJ942686.1	1824	2226	0	1	1	2226
KJ942686.1	1845	2394	0	2	2	2394
KJ942686.1	1902	2023	1	0	1	1902
KJ942686.1	1917	2222	0	1	1	2222
KJ942686.1	1997	2194	0	1	1	2194
KJ942686.1	2035	2196	1	0	1	2035
KJ942686.1	2082	2130	14	2	16	2082
KJ942686.1	2085	2112	2	0	2	2085
KJ942686.1	2158	2252	1	0	1	2158
KJ942686.1	2174	2202	2	0	2	2174
KJ942686.1	2185	2265	1	0	1	2185
KJ942686.1	2189	2216	10	6	16	2189
KJ942686.1	2195	2304	3	0	3	2195
KJ942686.1	2201	2277	1	0	1	2201
KJ942686.1	2209	2247	1	0	1	2209
KJ942686.1	2232	2311	2	2	4	2232
KJ942686.1	2310	2363	11	4	15	2310
KJ942686.1	2314	2362	1	0	1	2314
KJ942686.1	2317	2365	1	3	4	2317
KJ942686.1	2330	2367	5	1	6	2330
KJ942686.1	2331	2365	1	0	1	2331
KJ942686.1	2339	2388	1	0	1	2339
KJ942686.1	2354	2387	11	8	19	2354
KJ942686.1	2367	2460	0	1	1	2460
KJ942686.1	2422	2459	100	312	412	2422
KJ942686.1	2431	2458	1	4	5	2431
KJ942686.1	2442	2489	0	1	1	2489
KJ942686.1	246	303	1	0	1	246
KJ942686.1	247	281	4	0	4	247
KJ942686.1	252	2143	4	0	4	252
KJ942686.1	256	2498	0	1	1	2498
KJ942686.1	256	285	2	0	2	256
KJ942686.1	257	2461	1	1	2	257
KJ942686.1	257	2501	2	1	3	257
KJ942686.1	257	282	1	0	1	257
KJ942686.1	260	2236	1	0	1	260
KJ942686.1	267	2126	1	0	1	267
KJ942686.1	275	2145	3	1	4	275
KJ942686.1	276	2146	26	2	28	276
KJ942686.1	277	2204	1	0	1	277
KJ942686.1	286	2350	6	0	6	286
KJ942686.1	290	1082	1	0	1	290
KJ942686.1	295	2330	1	0	1	295
KJ942686.1	297	2364	4	0	4	297
KJ942686.1	307	2250	1	0	1	307
KJ942686.1	321	2263	1	0	1	321
KJ942686.1	325	2299	6	0	6	325
KJ942686.1	326	2195	0	1	1	2195
KJ942686.1	329	2288	1	0	1	329
KJ942686.1	334	357	0	1	1	357
KJ942686.1	335	2288	3	0	3	335
KJ942686.1	338	2198	1	2	3	338
KJ942686.1	342	368	2	0	2	342
KJ942686.1	343	2207	1	2	3	343
KJ942686.1	343	2235	0	5	5	2235
KJ942686.1	343	2311	3	0	3	343
KJ942686.1	344	2317	50	2	52	344
KJ942686.1	345	2353	0	2	2	2353
KJ942686.1	346	2283	1	0	1	346
KJ942686.1	346	2312	2	4	6	346
KJ942686.1	347	2114	1	0	1	347
KJ942686.1	350	2086	20	0	20	350
KJ942686.1	358	2212	3	0	3	358
KJ942686.1	358	2309	26	0	26	358
KJ942686.1	360	1730	1	0	1	360
KJ942686.1	360	2311	287	36	323	360
KJ942686.1	360	2337	1	0	1	360
KJ942686.1	361	2365	1	2	3	361
KJ942686.1	364	2331	1	0	1	364
KJ942686.1	365	2219	1	0	1	365
KJ942686.1	366	2331	1	0	1	366
KJ942686.1	366	404	0	2	2	404
KJ942686.1	367	2219	9	0	9	367
KJ942686.1	367	409	3	11	14	367
KJ942686.1	372	2238	2	3	5	372
KJ942686.1	372	402	1	0	1	372
KJ942686.1	374	2129	10	0	10	374
KJ942686.1	375	2229	1	1	2	375
KJ942686.1	375	2274	1	0	1	375
KJ942686.1	380	2134	1	0	1	380
KJ942686.1	380	2289	1	0	1	380
KJ942686.1	381	2332	0	1	1	2332
KJ942686.1	382	1310	1	0	1	382
KJ942686.1	382	2345	1	0	1	382
KJ942686.1	383	2292	16	1	17	383
KJ942686.1	384	2225	1	2	3	384
KJ942686.1	384	928	0	1	1	928
KJ942686.1	386	2413	1	0	1	386
KJ942686.1	387	2239	2	3	5	387
KJ942686.1	389	2234	0	1	1	2234
KJ942686.1	389	2251	1	0	1	389
KJ942686.1	390	2302	3	0	3	390
KJ942686.1	391	2302	1	0	1	391
KJ942686.1	393	2288	5	0	5	393
KJ942686.1	395	2252	194	16	210	395
KJ942686.1	397	2197	1	0	1	397
KJ942686.1	398	2214	0	1	1	2214
KJ942686.1	399	2254	1	0	1	399
KJ942686.1	400	449	1	0	1	400
KJ942686.1	401	2235	4	7	11	401
KJ942686.1	407	431	1	0	1	407
KJ942686.1	411	2225	1	0	1	411
KJ942686.1	412	1282	0	1	1	1282
KJ942686.1	412	2199	0	1	1	2199
KJ942686.1	413	1140	0	1	1	1140
KJ942686.1	413	2269	1	1	2	413
KJ942686.1	431	2270	4	0	4	431
KJ942686.1	434	2101	1	1	2	434
KJ942686.1	434	2305	4	0	4	434
KJ942686.1	435	2103	3	0	3	435
KJ942686.1	435	2479	0	1	1	2479
KJ942686.1	436	2257	3	0	3	436
KJ942686.1	437	2291	1	0	1	437
KJ942686.1	439	2234	1	1	2	439
KJ942686.1	440	622	1	0	1	440
KJ942686.1	441	2303	1	0	1	441
KJ942686.1	442	2247	2	0	2	442
KJ942686.1	444	1657	1	0	1	444
KJ942686.1	444	2174	10	1	11	444
KJ942686.1	445	2331	4	0	4	445
KJ942686.1	447	2229	0	1	1	2229
KJ942686.1	454	2282	1	0	1	454
KJ942686.1	454	2311	25	0	25	454
KJ942686.1	455	2413	1	0	1	455
KJ942686.1	456	2234	18	29	47	456
KJ942686.1	456	2253	1	0	1	456
KJ942686.1	462	2241	0	1	1	2241
KJ942686.1	466	2234	3	1	4	466
KJ942686.1	470	2100	1	0	1	470
KJ942686.1	470	2174	1	2	3	470
KJ942686.1	471	2130	2	3	5	471
KJ942686.1	472	2213	0	1	1	2213
KJ942686.1	472	2248	1	6	7	472
KJ942686.1	472	2253	0	1	1	2253
KJ942686.1	474	1016	0	1	1	1016
KJ942686.1	475	2210	1	0	1	475
KJ942686.1	477	2218	3	3	6	477
KJ942686.1	478	2259	1	2	3	478
KJ942686.1	479	2265	0	1	1	2265
KJ942686.1	481	2216	1	0	1	481
KJ942686.1	483	1878	1	0	1	483
KJ942686.1	485	2102	1	1	2	485
KJ942686.1	485	2288	0	2	2	2288
KJ942686.1	486	1280	0	1	1	1280
KJ942686.1	486	2007	40	37	77	486
KJ942686.1	488	2009	0	1	1	2009
KJ942686.1	489	2199	0	1	1	2199
KJ942686.1	490	2241	2	5	7	490
KJ942686.1	491	2179	0	1	1	2179
KJ942686.1	492	2189	0	1	1	2189
KJ942686.1	493	2111	0	1	1	2111
KJ942686.1	493	537	0	1	1	537
KJ942686.1	494	2176	1	1	2	494
KJ942686.1	495	2226	1	0	1	495
KJ942686.1	499	2120	1	0	1	499
KJ942686.1	499	2153	1	1	2	499
KJ942686.1	499	2244	1	0	1	499
KJ942686.1	499	2304	0	1	1	2304
KJ942686.1	501	2102	0	1	1	2102
KJ942686.1	501	2246	3	3	6	501
KJ942686.1	503	2193	0	2	2	2193
KJ942686.1	503	2224	1	1	2	503
KJ942686.1	509	2196	1	1	2	509
KJ942686.1	511	1926	1	1	2	511
KJ942686.1	511	2102	1	0	1	511
KJ942686.1	511	2161	2	3	5	511
KJ942686.1	511	2199	4	1	5	511
KJ942686.1	513	2278	0	1	1	2278
KJ942686.1	517	2149	2	1	3	517
KJ942686.1	525	2329	1	0	1	525
KJ942686.1	526	2213	5	3	8	526
KJ942686.1	527	2072	1	1	2	527
KJ942686.1	530	2218	1	0	1	530
KJ942686.1	535	2342	2	0	2	535
KJ942686.1	536	2165	1	1	2	536
KJ942686.1	536	2312	8	0	8	536
KJ942686.1	537	2093	1	1	2	537
KJ942686.1	539	2346	19	0	19	539
KJ942686.1	540	2083	1	0	1	540
KJ942686.1	543	2100	1	1	2	543
KJ942686.1	543	2201	1	0	1	543
KJ942686.1	545	2248	18	5	23	545
KJ942686.1	550	2102	4	0	4	550
KJ942686.1	552	2023	2	1	3	552
KJ942686.1	553	1876	0	1	1	1876
KJ942686.1	553	2094	1	0	1	553
KJ942686.1	559	2102	0	1	1	2102
KJ942686.1	562	2104	7	3	10	562
KJ942686.1	565	2262	0	1	1	2262
KJ942686.1	573	1130	0	1	1	1130
KJ942686.1	575	2194	3	1	4	575
KJ942686.1	577	2214	1	4	5	577
KJ942686.1	581	1245	0	1	1	1245
KJ942686.1	583	2056	0	1	1	2056
KJ942686.1	586	2013	1	0	1	586
KJ942686.1	587	2005	0	1	1	2005
KJ942686.1	594	2255	1	0	1	594
KJ942686.1	598	1979	2	0	2	598
KJ942686.1	599	2147	1	0	1	599
KJ942686.1	608	2028	20	32	52	608
KJ942686.1	609	1892	0	1	1	1892
KJ942686.1	611	2120	1	0	1	611
KJ942686.1	612	2151	1	0	1	612
KJ942686.1	613	2102	3	1	4	613
KJ942686.1	619	2337	42	8	50	619
KJ942686.1	620	1778	0	2	2	1778
KJ942686.1	623	2129	1	0	1	623
KJ942686.1	624	1963	2	0	2	624
KJ942686.1	624	2048	1	0	1	624
KJ942686.1	625	2086	26	11	37	625
KJ942686.1	625	2096	1	0	1	625
KJ942686.1	627	2461	0	2	2	2461
KJ942686.1	630	1853	1	1	2	630
KJ942686.1	631	2311	4	0	4	631
KJ942686.1	633	1960	3	0	3	633
KJ942686.1	635	2037	0	1	1	2037
KJ942686.1	637	747	3	1	4	637
KJ942686.1	638	1655	0	1	1	1655
KJ942686.1	645	1485	1	0	1	645
KJ942686.1	645	2126	1	1	2	645
KJ942686.1	649	1742	1	1	2	649
KJ942686.1	649	2129	3	2	5	649
KJ942686.1	650	2101	2	0	2	650
KJ942686.1	655	1381	0	1	1	1381
KJ942686.1	660	2197	1	0	1	660
KJ942686.1	661	2006	1	0	1	661
KJ942686.1	663	1992	1	2	3	663
KJ942686.1	665	1783	3	1	4	665
KJ942686.1	666	1034	1	0	1	666
KJ942686.1	667	2247	1	0	1	667
KJ942686.1	671	1961	1	0	1	671
KJ942686.1	677	2103	4	8	12	677
KJ942686.1	680	2011	4	0	4	680
KJ942686.1	687	2121	2	0	2	687
KJ942686.1	688	1914	0	1	1	1914
KJ942686.1	689	2087	2	2	4	689
KJ942686.1	690	712	1	7	8	690
KJ942686.1	691	1891	1	0	1	691
KJ942686.1	691	1903	0	1	1	1903
KJ942686.1	691	1925	6	13	19	691
KJ942686.1	691	1941	1	1	2	691
KJ942686.1	692	1979	2	2	4	692
KJ942686.1	700	1739	0	1	1	1739
KJ942686.1	703	1277	0	1	1	1277
KJ942686.1	709	2068	0	1	1	2068
KJ942686.1	710	2113	1	0	1	710
KJ942686.1	715	2062	1	0	1	715
KJ942686.1	717	1739	1	1	2	717
KJ942686.1	717	2120	13	10	23	717
KJ942686.1	718	1935	1	1	2	718
KJ942686.1	723	1648	1	0	1	723
KJ942686.1	739	2165	1	0	1	739
KJ942686.1	741	1750	0	1	1	1750
KJ942686.1	744	2037	1	0	1	744
KJ942686.1	746	1680	0	1	1	1680
KJ942686.1	747	2459	0	3	3	2459
KJ942686.1	751	1908	1	2	3	751
KJ942686.1	751	2056	0	1	1	2056
KJ942686.1	751	2078	1	0	1	751
KJ942686.1	752	1903	0	1	1	1903
KJ942686.1	752	1925	0	1	1	1925
KJ942686.1	756	1891	0	1	1	1891
KJ942686.1	756	2005	0	1	1	2005
KJ942686.1	756	2083	1	3	4	756
KJ942686.1	758	1612	1	0	1	758
KJ942686.1	758	2008	3	0	3	758
KJ942686.1	758	2010	2	3	5	758
KJ942686.1	762	2011	0	1	1	2011
KJ942686.1	763	2011	1	0	1	763
KJ942686.1	766	1751	1	0	1	766
KJ942686.1	769	1946	0	1	1	1946
KJ942686.1	769	2096	0	1	1	2096
KJ942686.1	770	2320	2	1	3	770
KJ942686.1	772	2066	0	1	1	2066
KJ942686.1	777	1049	1	0	1	777
KJ942686.1	777	1750	0	1	1	1750
KJ942686.1	779	2220	0	1	1	2220
KJ942686.1	788	1822	1	0	1	788
KJ942686.1	789	1886	4	1	5	789
KJ942686.1	789	2149	0	1	1	2149
KJ942686.1	792	1862	0	3	3	1862
KJ942686.1	796	1959	1	0	1	796
KJ942686.1	806	1694	1	0	1	806
KJ942686.1	806	1903	0	2	2	1903
KJ942686.1	818	1787	2	1	3	818
KJ942686.1	820	1743	10	5	15	820
KJ942686.1	821	1780	0	1	1	1780
KJ942686.1	825	1816	0	2	2	1816
KJ942686.1	827	1638	5	0	5	827
KJ942686.1	833	1591	1	0	1	833
KJ942686.1	835	2104	0	1	1	2104
KJ942686.1	837	1936	1	1	2	837
KJ942686.1	844	1773	7	2	9	844
KJ942686.1	847	2402	0	1	1	2402
KJ942686.1	848	1943	0	1	1	1943
KJ942686.1	859	916	0	1	1	916
KJ942686.1	864	1902	1	0	1	864
KJ942686.1	871	1538	1	0	1	871
KJ942686.1	877	1628	1	0	1	877
KJ942686.1	880	1943	1	3	4	880
KJ942686.1	883	1620	4	1	5	883
KJ942686.1	890	1600	5	1	6	890
KJ942686.1	892	1763	0	1	1	1763
KJ942686.1	892	2308	2	1	3	892
KJ942686.1	893	1888	0	1	1	1888
KJ942686.1	895	934	1	0	1	895
KJ942686.1	903	1789	1	0	1	903
KJ942686.1	917	1731	2	1	3	917
KJ942686.1	924	1217	1	0	1	924
KJ942686.1	926	1626	2	1	3	926
KJ942686.1	926	1767	3	2	5	926
KJ942686.1	945	2001	0	1	1	2001
KJ942686.1	946	1747	3	1	4	946
KJ942686.1	946	2065	2	0	2	946
KJ942686.1	964	1731	1	0	1	964
KJ942686.1	964	2025	0	1	1	2025
KJ942686.1	970	1363	1	0	1	970
KJ942686.1	976	1648	0	1	1	1648
KJ942686.1	976	2103	2	0	2	976
KJ942686.1	981	1736	1	1	2	981
KJ942686.1	983	1732	0	1	1	1732
KJ942686.1	991	1682	1	0	1	991
KJ942686.1	999	1747	0	1	1	1747
KJ942687.1	1033	1651	1	2	3	1033
KJ942687.1	1052	1541	1	0	1	1052
KJ942687.1	1086	2187	0	1	1	2187
KJ942687.1	1119	1744	0	1	1	1744
KJ942687.1	1237	2414	1	0	1	1237
KJ942687.1	1439	1554	1	0	1	1439
KJ942687.1	1479	2319	0	1	1	2319
KJ942687.1	1509	1596	1	0	1	1509
KJ942687.1	1569	2109	0	1	1	2109
KJ942687.1	1617	1769	0	1	1	1769
KJ942687.1	1618	1726	1	0	1	1618
KJ942687.1	1630	2487	0	1	1	2487
KJ942687.1	1666	2051	0	1	1	2051
KJ942687.1	1681	2359	1	0	1	1681
KJ942687.1	1687	2478	0	1	1	2478
KJ942687.1	1696	2506	0	2	2	2506
KJ942687.1	1715	1748	0	1	1	1748
KJ942687.1	1715	2051	0	1	1	2051
KJ942687.1	1821	2485	0	1	1	2485
KJ942687.1	1897	2017	0	1	1	2017
KJ942687.1	1935	2379	1	0	1	1935
KJ942687.1	2048	2416	1	0	1	2048
KJ942687.1	2051	2498	0	1	1	2498
KJ942687.1	2102	2136	0	1	1	2136
KJ942687.1	2243	2353	1	0	1	2243
KJ942687.1	2271	2341	1	0	1	2271
KJ942687.1	2275	2330	17	11	28	2275
KJ942687.1	2309	2348	2	0	2	2309
KJ942687.1	2327	2386	1	1	2	2327
KJ942687.1	2360	2386	2	0	2	2360
KJ942687.1	243	2338	1	0	1	243
KJ942687.1	2474	2524	1	3	4	2474
KJ942687.1	254	543	1	0	1	254
KJ942687.1	261	1605	1	0	1	261
KJ942687.1	262	2353	1	0	1	262
KJ942687.1	263	2246	1	0	1	263
KJ942687.1	274	2076	1	0	1	274
KJ942687.1	275	2440	3	0	3	275
KJ942687.1	276	323	1	0	1	276
KJ942687.1	282	2374	1	0	1	282
KJ942687.1	294	2238	1	0	1	294
KJ942687.1	294	888	1	0	1	294
KJ942687.1	295	2239	13	2	15	295
KJ942687.1	296	1202	1	0	1	296
KJ942687.1	296	2374	1	0	1	296
KJ942687.1	296	2382	1	0	1	296
KJ942687.1	297	2256	17	2	19	297
KJ942687.1	300	2477	1	1	2	300
KJ942687.1	305	2244	1	0	1	305
KJ942687.1	327	2298	0	2	2	2298
KJ942687.1	331	2327	0	1	1	2327
KJ942687.1	331	2329	4	3	7	331
KJ942687.1	333	2364	0	1	1	2364
KJ942687.1	336	2346	3	0	3	336
KJ942687.1	337	1325	0	1	1	1325
KJ942687.1	340	1314	0	1	1	1314
KJ942687.1	344	2325	0	1	1	2325
KJ942687.1	347	1243	0	1	1	1243
KJ942687.1	347	2336	1	3	4	347
KJ942687.1	354	2343	6	3	9	354
KJ942687.1	370	2339	0	1	1	2339
KJ942687.1	370	784	0	1	1	784
KJ942687.1	373	2341	1	0	1	373
KJ942687.1	375	2428	1	0	1	375
KJ942687.1	376	2337	1	0	1	376
KJ942687.1	377	2069	0	1	1	2069
KJ942687.1	378	2357	1	0	1	378
KJ942687.1	380	2514	0	1	1	2514
KJ942687.1	381	2350	1	2	3	381
KJ942687.1	382	2224	0	6	6	2224
KJ942687.1	382	2297	1	6	7	382
KJ942687.1	382	2412	0	2	2	2412
KJ942687.1	383	2297	0	1	1	2297
KJ942687.1	383	2352	2693	5422	8115	383
KJ942687.1	383	2375	1	0	1	383
KJ942687.1	384	2353	15	26	41	384
KJ942687.1	385	2354	0	1	1	2354
KJ942687.1	391	1855	2	2	4	391
KJ942687.1	391	2080	0	1	1	2080
KJ942687.1	393	2104	0	1	1	2104
KJ942687.1	393	2359	0	2	2	2359
KJ942687.1	394	1361	0	1	1	1361
KJ942687.1	394	2422	0	1	1	2422
KJ942687.1	398	2374	3	45	48	398
KJ942687.1	399	2446	0	1	1	2446
KJ942687.1	400	2351	0	1	1	2351
KJ942687.1	401	2298	0	7	7	2298
KJ942687.1	402	2290	0	1	1	2290
KJ942687.1	403	2368	0	2	2	2368
KJ942687.1	406	1556	0	1	1	1556
KJ942687.1	407	2371	2	1	3	407
KJ942687.1	412	2146	0	1	1	2146
KJ942687.1	412	2377	1	0	1	412
KJ942687.1	414	2224	1	2	3	414
KJ942687.1	414	2279	0	5	5	2279
KJ942687.1	414	2389	0	1	1	2389
KJ942687.1	415	2229	2	7	9	415
KJ942687.1	416	2268	0	2	2	2268
KJ942687.1	421	1922	1	1	2	421
KJ942687.1	422	2328	1	1	2	422
KJ942687.1	424	2395	8	47	55	424
KJ942687.1	425	2145	1	1	2	425
KJ942687.1	426	1990	0	1	1	1990
KJ942687.1	428	2383	0	1	1	2383
KJ942687.1	429	2264	1	3	4	429
KJ942687.1	430	2171	0	2	2	2171
KJ942687.1	432	2177	0	3	3	2177
KJ942687.1	433	2340	4	9	13	433
KJ942687.1	437	2338	2	0	2	437
KJ942687.1	439	2284	1	1	2	439
KJ942687.1	442	2256	1	0	1	442
KJ942687.1	444	1789	2	0	2	444
KJ942687.1	444	2294	0	1	1	2294
KJ942687.1	446	2319	0	1	1	2319
KJ942687.1	447	1816	3	0	3	447
KJ942687.1	449	2262	0	2	2	2262
KJ942687.1	449	2304	1	0	1	449
KJ942687.1	450	2173	13	41	54	450
KJ942687.1	450	2178	0	2	2	2178
KJ942687.1	452	2489	0	1	1	2489
KJ942687.1	454	2375	0	1	1	2375
KJ942687.1	458	1861	36	48	84	458
KJ942687.1	458	2230	3	13	16	458
KJ942687.1	459	2233	1	4	5	459
KJ942687.1	462	1823	1	0	1	462
KJ942687.1	463	2193	2	2	4	463
KJ942687.1	464	2235	0	1	1	2235
KJ942687.1	469	1831	1	2	3	469
KJ942687.1	470	2173	6	22	28	470
KJ942687.1	472	1895	0	1	1	1895
KJ942687.1	475	2248	1	2	3	475
KJ942687.1	479	2210	0	1	1	2210
KJ942687.1	479	2232	2	1	3	479
KJ942687.1	480	2287	1	0	1	480
KJ942687.1	482	1813	2	0	2	482
KJ942687.1	486	2170	1	3	4	486
KJ942687.1	490	2034	2	0	2	490
KJ942687.1	492	1820	41	25	66	492
KJ942687.1	493	1821	0	1	1	1821
KJ942687.1	498	1264	1	0	1	498
KJ942687.1	499	2263	0	1	1	2263
KJ942687.1	503	1146	0	1	1	1146
KJ942687.1	503	2226	3	1	4	503
KJ942687.1	510	2298	1	0	1	510
KJ942687.1	510	2440	1	0	1	510
KJ942687.1	513	1935	0	1	1	1935
KJ942687.1	514	2223	0	1	1	2223
KJ942687.1	518	2249	8	2	10	518
KJ942687.1	519	2131	0	1	1	2131
KJ942687.1	522	2224	1	2	3	522
KJ942687.1	528	2216	11	9	20	528
KJ942687.1	528	2236	0	1	1	2236
KJ942687.1	532	2202	1	1	2	532
KJ942687.1	534	1620	1	0	1	534
KJ942687.1	535	2147	1	4	5	535
KJ942687.1	535	757	1	0	1	535
KJ942687.1	537	2107	0	2	2	2107
KJ942687.1	543	2082	0	1	1	2082
KJ942687.1	544	2156	0	1	1	2156
KJ942687.1	544	2201	1	0	1	544
KJ942687.1	548	2107	0	1	1	2107
KJ942687.1	551	2085	1	0	1	551
KJ942687.1	559	2176	1	1	2	559
KJ942687.1	560	1973	1	0	1	560
KJ942687.1	565	2088	1	0	1	565
KJ942687.1	566	2192	0	1	1	2192
KJ942687.1	577	2089	1	0	1	577
KJ942687.1	580	2130	1	1	2	580
KJ942687.1	581	2245	4	2	6	581
KJ942687.1	581	2380	1	0	1	581
KJ942687.1	585	1875	1	0	1	585
KJ942687.1	585	2084	1	0	1	585
KJ942687.1	590	2489	0	1	1	2489
KJ942687.1	595	2024	0	1	1	2024
KJ942687.1	611	2023	0	1	1	2023
KJ942687.1	611	2101	1	0	1	611
KJ942687.1	612	2143	1	0	1	612
KJ942687.1	617	1352	0	1	1	1352
KJ942687.1	623	1920	1	0	1	623
KJ942687.1	643	2063	1	1	2	643
KJ942687.1	647	2340	17	7	24	647
KJ942687.1	659	1969	2	0	2	659
KJ942687.1	660	1830	2	1	3	660
KJ942687.1	660	2405	1	1	2	660
KJ942687.1	661	1954	0	1	1	1954
KJ942687.1	662	2351	0	2	2	2351
KJ942687.1	678	2013	2	0	2	678
KJ942687.1	687	2014	1	1	2	687
KJ942687.1	689	1915	2	0	2	689
KJ942687.1	690	2012	2	1	3	690
KJ942687.1	690	2152	3	1	4	690
KJ942687.1	703	2049	0	2	2	2049
KJ942687.1	703	2069	0	1	1	2069
KJ942687.1	710	1980	5	3	8	710
KJ942687.1	719	2086	1	1	2	719
KJ942687.1	720	1934	2	0	2	720
KJ942687.1	723	1975	0	2	2	1975
KJ942687.1	724	1857	1	1	2	724
KJ942687.1	734	1868	1	0	1	734
KJ942687.1	746	2013	1	0	1	746
KJ942687.1	747	1952	1	0	1	747
KJ942687.1	748	1963	0	1	1	1963
KJ942687.1	749	1844	1	0	1	749
KJ942687.1	765	1856	6	2	8	765
KJ942687.1	771	2018	0	1	1	2018
KJ942687.1	778	2130	0	1	1	2130
KJ942687.1	791	1969	0	1	1	1969
KJ942687.1	791	2217	0	1	1	2217
KJ942687.1	792	2003	0	3	3	2003
KJ942687.1	795	2186	0	1	1	2186
KJ942687.1	797	1795	1	0	1	797
KJ942687.1	800	1937	0	1	1	1937
KJ942687.1	801	1928	1	0	1	801
KJ942687.1	803	1905	0	2	2	1905
KJ942687.1	812	1771	0	1	1	1771
KJ942687.1	813	2085	1	0	1	813
KJ942687.1	823	2520	0	1	1	2520
KJ942687.1	824	1294	0	1	1	1294
KJ942687.1	830	1686	1	0	1	830
KJ942687.1	836	2199	0	2	2	2199
KJ942687.1	837	1421	1	0	1	837
KJ942687.1	839	2012	1	1	2	839
KJ942687.1	841	1759	1	1	2	841
KJ942687.1	846	2120	0	2	2	2120
KJ942687.1	850	1917	2	0	2	850
KJ942687.1	858	1887	0	2	2	1887
KJ942687.1	858	2381	1	1	2	858
KJ942687.1	865	1789	1	1	2	865
KJ942687.1	866	1816	1	0	1	866
KJ942687.1	870	1776	1	1	2	870
KJ942687.1	870	1910	1	0	1	870
KJ942687.1	881	1827	0	1	1	1827
KJ942687.1	882	1803	1	0	1	882
KJ942687.1	884	1805	6	3	9	884
KJ942687.1	905	1738	1	0	1	905
KJ942687.1	913	1887	2	0	2	913
KJ942687.1	914	1795	0	1	1	1795
KJ942687.1	918	2382	1	0	1	918
KJ942687.1	919	2017	0	1	1	2017
KJ942687.1	924	2232	1	0	1	924
KJ942687.1	938	2391	1	0	1	938
KJ942687.1	960	1616	1	0	1	960
KJ942687.1	979	1796	3	2	5	979
KJ942687.1	994	1769	1	0	1	994
