Segment	Start	Stop	Forward_support	Reverse_support	Total_support	Fuzz_factor
KJ942680.1	1008	1236	0	1	1	1236
KJ942680.1	1044	1385	1	0	1	1044
KJ942680.1	1045	1698	1	0	1	1045
KJ942680.1	1055	1332	1	0	1	1055
KJ942680.1	1058	1411	0	1	1	1411
KJ942680.1	1072	1315	1	0	1	1072
KJ942680.1	1095	1144	1	0	1	1095
KJ942680.1	1100	1472	1	1	2	1100
KJ942680.1	1101	1329	0	1	1	1329
KJ942680.1	1101	1792	0	1	1	1792
KJ942680.1	1108	1707	1	0	1	1108
KJ942680.1	1114	1214	1	0	1	1114
KJ942680.1	1126	1364	0	2	2	1364
KJ942680.1	1127	1232	1	0	1	1127
KJ942680.1	1184	1933	0	1	1	1933
KJ942680.1	1185	1762	0	1	1	1762
KJ942680.1	1206	1345	1	0	1	1206
KJ942680.1	1223	1916	0	1	1	1916
KJ942680.1	1247	1365	1	0	1	1247
KJ942680.1	1261	1347	0	1	1	1347
KJ942680.1	1279	1353	0	1	1	1353
KJ942680.1	1302	1348	0	1	1	1348
KJ942680.1	1316	1346	0	1	1	1346
KJ942680.1	1360	1451	1	0	1	1360
KJ942680.1	1368	1659	0	1	1	1659
KJ942680.1	1440	1475	1	1	2	1440
KJ942680.1	1442	1603	1	2	3	1442
KJ942680.1	1479	1787	1	0	1	1479
KJ942680.1	1483	1732	1	0	1	1483
KJ942680.1	1484	1820	1	0	1	1484
KJ942680.1	1487	1765	1	0	1	1487
KJ942680.1	1525	1637	1	0	1	1525
KJ942680.1	1579	1706	0	1	1	1706
KJ942680.1	1581	1872	0	1	1	1872
KJ942680.1	1613	1702	1	2	3	1613
KJ942680.1	1619	1718	2	0	2	1619
KJ942680.1	1648	1773	0	1	1	1773
KJ942680.1	1707	1758	1	0	1	1707
KJ942680.1	1710	1763	8	6	14	1710
KJ942680.1	1713	1756	1	0	1	1713
KJ942680.1	1718	1905	0	5	5	1905
KJ942680.1	1744	1776	1	0	1	1744
KJ942680.1	1771	1797	0	1	1	1797
KJ942680.1	1894	1919	0	3	3	1919
KJ942680.1	243	361	1	0	1	243
KJ942680.1	257	911	1	0	1	257
KJ942680.1	260	1871	1	0	1	260
KJ942680.1	285	536	1	0	1	285
KJ942680.1	288	342	4	0	4	288
KJ942680.1	288	404	1	0	1	288
KJ942680.1	290	406	6	0	6	290
KJ942680.1	300	972	1	1	2	300
KJ942680.1	301	1404	1	0	1	301
KJ942680.1	301	700	1	0	1	301
KJ942680.1	311	889	1	0	1	311
KJ942680.1	312	1745	0	6	6	1745
KJ942680.1	313	1543	0	1	1	1543
KJ942680.1	318	390	0	1	1	390
KJ942680.1	328	1758	0	1	1	1758
KJ942680.1	333	934	0	1	1	934
KJ942680.1	349	1124	0	1	1	1124
KJ942680.1	360	1511	1	2	3	360
KJ942680.1	361	1787	0	1	1	1787
KJ942680.1	361	1860	1	0	1	361
KJ942680.1	363	751	0	1	1	751
KJ942680.1	375	1441	0	1	1	1441
KJ942680.1	377	408	0	3	3	408
KJ942680.1	379	1824	5	1	6	379
KJ942680.1	382	1621	1	0	1	382
KJ942680.1	389	1633	19	48	67	389
KJ942680.1	392	1636	0	2	2	1636
KJ942680.1	395	1684	1	1	2	395
KJ942680.1	404	1628	7	6	13	404
KJ942680.1	405	1605	8	12	20	405
KJ942680.1	410	1655	0	7	7	1655
KJ942680.1	421	1617	0	2	2	1617
KJ942680.1	423	1744	0	1	1	1744
KJ942680.1	435	1903	0	1	1	1903
KJ942680.1	436	1497	1	0	1	436
KJ942680.1	440	1225	0	1	1	1225
KJ942680.1	458	1524	3	5	8	458
KJ942680.1	458	539	0	1	1	539
KJ942680.1	464	1595	0	1	1	1595
KJ942680.1	475	1535	0	1	1	1535
KJ942680.1	478	1609	0	1	1	1609
KJ942680.1	478	538	0	1	1	538
KJ942680.1	486	1538	0	1	1	1538
KJ942680.1	502	1806	0	1	1	1806
KJ942680.1	504	1320	3	2	5	504
KJ942680.1	505	1469	2	1	3	505
KJ942680.1	508	905	0	1	1	905
KJ942680.1	541	1426	5	2	7	541
KJ942680.1	548	1516	2	4	6	548
KJ942680.1	549	1363	4	1	5	549
KJ942680.1	567	1227	2	1	3	567
KJ942680.1	573	1030	0	1	1	1030
KJ942680.1	580	1216	1	1	2	580
KJ942680.1	593	1758	1	6	7	593
KJ942680.1	602	1789	0	1	1	1789
KJ942680.1	625	1896	0	1	1	1896
KJ942680.1	663	929	0	1	1	929
KJ942680.1	688	1410	0	1	1	1410
KJ942680.1	701	1398	1	0	1	701
KJ942680.1	721	966	1	0	1	721
KJ942680.1	730	1572	0	1	1	1572
KJ942680.1	735	1108	0	1	1	1108
KJ942680.1	749	1337	0	1	1	1337
KJ942680.1	750	1279	1	0	1	750
KJ942680.1	773	795	1	0	1	773
KJ942680.1	774	970	0	1	1	970
KJ942680.1	788	1328	2	2	4	788
KJ942680.1	801	1627	0	1	1	1627
KJ942680.1	810	1410	1	0	1	810
KJ942680.1	825	1272	1	1	2	825
KJ942680.1	827	1274	0	1	1	1274
KJ942680.1	829	1346	0	1	1	1346
KJ942680.1	842	1471	0	1	1	1471
KJ942680.1	871	1494	1	0	1	871
KJ942680.1	895	1707	1	0	1	895
KJ942680.1	897	971	1	0	1	897
KJ942680.1	902	1787	1	0	1	902
KJ942680.1	932	1153	0	1	1	1153
KJ942680.1	945	1390	1	0	1	945
KJ942680.1	964	1235	1	0	1	964
KJ942680.1	984	1187	1	0	1	984
KJ942680.1	989	1133	1	0	1	989
KJ942681.1	239	931	1	0	1	239
KJ942681.1	245	475	1	0	1	245
KJ942681.1	253	305	1	0	1	253
KJ942681.1	254	1109	1	0	1	254
KJ942681.1	283	565	7	2	9	283
KJ942681.1	288	694	1	0	1	288
KJ942681.1	290	863	5	1	6	290
KJ942681.1	303	1155	1	3	4	303
KJ942681.1	304	444	1	0	1	304
KJ942681.1	318	930	1	0	1	318
KJ942681.1	321	1012	1	0	1	321
KJ942681.1	323	1072	0	1	1	1072
KJ942681.1	326	1165	0	1	1	1165
KJ942681.1	352	1098	1	0	1	352
KJ942681.1	359	900	0	3	3	900
KJ942681.1	362	588	0	1	1	588
KJ942681.1	366	517	0	2	2	517
KJ942681.1	371	1164	1	1	2	371
KJ942681.1	372	734	1	0	1	372
KJ942681.1	372	815	0	1	1	815
KJ942681.1	375	530	1	0	1	375
KJ942681.1	396	988	1	0	1	396
KJ942681.1	399	857	0	1	1	857
KJ942681.1	401	1173	0	1	1	1173
KJ942681.1	408	866	1	0	1	408
KJ942681.1	410	581	1	0	1	410
KJ942681.1	413	999	0	1	1	999
KJ942681.1	418	816	0	1	1	816
KJ942681.1	427	469	0	1	1	469
KJ942681.1	445	914	0	1	1	914
KJ942681.1	449	726	0	5	5	726
KJ942681.1	462	836	0	1	1	836
KJ942681.1	463	1076	1	1	2	463
KJ942681.1	492	1047	1	0	1	492
KJ942681.1	493	692	0	1	1	692
KJ942681.1	493	969	0	1	1	969
KJ942681.1	498	544	0	1	1	544
KJ942681.1	498	774	0	1	1	774
KJ942681.1	498	969	1	0	1	498
KJ942681.1	499	982	1	0	1	499
KJ942681.1	501	849	1	2	3	501
KJ942681.1	501	924	1	0	1	501
KJ942681.1	502	906	0	1	1	906
KJ942681.1	515	621	1	0	1	515
KJ942681.1	524	695	1	0	1	524
KJ942681.1	524	861	0	1	1	861
KJ942681.1	526	974	1	0	1	526
KJ942681.1	539	639	0	1	1	639
KJ942681.1	545	1044	0	1	1	1044
KJ942681.1	549	927	1	2	3	549
KJ942681.1	551	887	0	1	1	887
KJ942681.1	551	987	1	0	1	551
KJ942681.1	553	1023	1	0	1	553
KJ942681.1	553	602	0	1	1	602
KJ942681.1	555	850	2	4	6	555
KJ942681.1	559	1081	0	1	1	1081
KJ942681.1	564	912	1	0	1	564
KJ942681.1	568	834	1	0	1	568
KJ942681.1	571	624	1	0	1	571
KJ942681.1	579	924	1	0	1	579
KJ942681.1	581	637	0	1	1	637
KJ942681.1	597	819	0	1	1	819
KJ942681.1	603	746	0	1	1	746
KJ942681.1	604	877	2	1	3	604
KJ942681.1	604	976	2	0	2	604
KJ942681.1	608	1038	0	1	1	1038
KJ942681.1	610	758	1	0	1	610
KJ942681.1	613	914	0	1	1	914
KJ942681.1	614	1033	1	0	1	614
KJ942681.1	616	1010	3	2	5	616
KJ942681.1	616	700	1	1	2	616
KJ942681.1	617	925	1	0	1	617
KJ942681.1	625	784	0	1	1	784
KJ942681.1	628	838	0	1	1	838
KJ942681.1	634	662	0	1	1	662
KJ942681.1	638	949	0	1	1	949
KJ942681.1	642	848	1	0	1	642
KJ942681.1	656	1046	0	1	1	1046
KJ942681.1	665	1165	1	1	2	665
KJ942681.1	672	1127	1	1	2	672
KJ942681.1	674	824	1	0	1	674
KJ942681.1	674	994	1	0	1	674
KJ942681.1	686	945	1	0	1	686
KJ942681.1	694	830	9	11	20	694
KJ942681.1	694	924	1	0	1	694
KJ942681.1	695	951	1	0	1	695
KJ942681.1	696	871	1	2	3	696
KJ942681.1	700	854	0	1	1	854
KJ942681.1	705	989	0	2	2	989
KJ942681.1	707	1110	0	1	1	1110
KJ942681.1	712	787	0	2	2	787
KJ942681.1	713	1097	1	0	1	713
KJ942681.1	713	881	0	1	1	881
KJ942681.1	715	861	0	1	1	861
KJ942681.1	716	775	0	1	1	775
KJ942681.1	721	902	0	1	1	902
KJ942681.1	724	928	1	0	1	724
KJ942681.1	728	951	1	0	1	728
KJ942681.1	732	920	0	1	1	920
KJ942681.1	733	875	2	6	8	733
KJ942681.1	734	972	0	1	1	972
KJ942681.1	747	1019	0	1	1	1019
KJ942681.1	749	772	0	1	1	772
KJ942681.1	772	1068	1	0	1	772
KJ942681.1	780	1020	0	1	1	1020
KJ942681.1	783	865	0	1	1	865
KJ942681.1	796	925	1	1	2	796
KJ942681.1	805	848	1	0	1	805
KJ942681.1	807	877	1	1	2	807
KJ942681.1	812	1022	1	0	1	812
KJ942681.1	812	873	1	1	2	812
KJ942681.1	816	970	1	0	1	816
KJ942681.1	818	1049	2	1	3	818
KJ942681.1	820	859	0	1	1	859
KJ942681.1	832	1018	1	0	1	832
KJ942681.1	832	1100	1	0	1	832
KJ942681.1	832	881	2	2	4	832
KJ942681.1	833	869	1	1	2	833
KJ942681.1	877	977	0	1	1	977
KJ942681.1	886	928	1	0	1	886
KJ942681.1	892	1109	0	1	1	1109
KJ942681.1	896	1027	1	0	1	896
KJ942681.1	899	1178	0	1	1	1178
KJ942681.1	900	1012	1	0	1	900
KJ942681.1	905	1069	1	0	1	905
KJ942681.1	939	1055	1	0	1	939
KJ942681.1	972	1049	0	1	1	1049
KJ942681.1	972	1052	1	0	1	972
KJ942681.1	980	1092	0	1	1	1092
KJ942681.1	983	1120	1	0	1	983
KJ942681.1	988	1051	1	0	1	988
KJ942682.1	1011	1518	0	1	1	1518
KJ942682.1	1135	1388	1	0	1	1135
KJ942682.1	1233	1265	1	0	1	1233
KJ942682.1	1246	1298	0	2	2	1298
KJ942682.1	1327	1488	1	0	1	1327
KJ942682.1	1333	1463	1	2	3	1333
KJ942682.1	1352	1379	1	0	1	1352
KJ942682.1	1405	1455	2	0	2	1405
KJ942682.1	1491	1565	1	0	1	1491
KJ942682.1	247	291	1	0	1	247
KJ942682.1	265	1367	2	0	2	265
KJ942682.1	289	1545	7	0	7	289
KJ942682.1	316	1464	0	2	2	1464
KJ942682.1	318	1463	0	2	2	1463
KJ942682.1	322	1463	1	1	2	322
KJ942682.1	347	1501	1	0	1	347
KJ942682.1	378	401	0	1	1	401
KJ942682.1	386	1454	1	1	2	386
KJ942682.1	439	1276	0	3	3	1276
KJ942682.1	520	1245	0	2	2	1245
KJ942682.1	529	1393	1	0	1	529
KJ942682.1	577	1543	1	0	1	577
KJ942682.1	597	1100	0	1	1	1100
KJ942682.1	598	1092	1	1	2	598
KJ942682.1	617	1046	1	0	1	617
KJ942682.1	669	1152	0	2	2	1152
KJ942682.1	697	1563	1	0	1	697
KJ942682.1	859	994	0	1	1	994
KJ942682.1	967	1046	0	1	1	1046
KJ942682.1	973	1190	0	1	1	1190
KJ942683.1	1009	1098	0	1	1	1098
KJ942683.1	1015	1368	0	1	1	1368
KJ942683.1	1026	1483	0	1	1	1483
KJ942683.1	1033	1436	0	1	1	1436
KJ942683.1	1044	1108	2	3	5	1044
KJ942683.1	1059	1325	1	0	1	1059
KJ942683.1	1064	1467	0	1	1	1467
KJ942683.1	1090	1688	0	1	1	1688
KJ942683.1	1101	1278	0	1	1	1278
KJ942683.1	1135	1400	1	0	1	1135
KJ942683.1	1139	1262	0	1	1	1262
KJ942683.1	1148	1552	1	0	1	1148
KJ942683.1	1152	1243	0	2	2	1243
KJ942683.1	1245	1557	1	0	1	1245
KJ942683.1	1259	1516	1	1	2	1259
KJ942683.1	1293	1648	0	1	1	1648
KJ942683.1	1294	1357	2	0	2	1294
KJ942683.1	1302	1554	1	0	1	1302
KJ942683.1	1305	1392	1	0	1	1305
KJ942683.1	1316	1506	0	1	1	1506
KJ942683.1	1390	1543	2	1	3	1390
KJ942683.1	1412	1499	1	0	1	1412
KJ942683.1	1430	1619	1	0	1	1430
KJ942683.1	1450	1527	1	0	1	1450
KJ942683.1	1456	1575	1	0	1	1456
KJ942683.1	1457	1581	5	3	8	1457
KJ942683.1	1458	1582	1	0	1	1458
KJ942683.1	1460	1709	0	1	1	1709
KJ942683.1	1461	1511	0	1	1	1511
KJ942683.1	1482	1604	0	1	1	1604
KJ942683.1	1577	1701	0	3	3	1701
KJ942683.1	1593	1693	0	1	1	1693
KJ942683.1	1595	1712	0	1	1	1712
KJ942683.1	1601	1708	0	3	3	1708
KJ942683.1	1604	1710	0	1	1	1710
KJ942683.1	1638	1667	0	1	1	1667
KJ942683.1	264	596	1	0	1	264
KJ942683.1	269	510	1	0	1	269
KJ942683.1	283	1732	1	1	2	283
KJ942683.1	288	485	1	0	1	288
KJ942683.1	295	611	1	1	2	295
KJ942683.1	319	500	1	0	1	319
KJ942683.1	328	1402	0	1	1	1402
KJ942683.1	348	923	0	1	1	923
KJ942683.1	354	1590	0	2	2	1590
KJ942683.1	363	1031	1	0	1	363
KJ942683.1	368	1651	0	1	1	1651
KJ942683.1	376	1500	0	1	1	1500
KJ942683.1	392	1049	0	1	1	1049
KJ942683.1	394	1255	0	1	1	1255
KJ942683.1	409	677	1	0	1	409
KJ942683.1	416	1710	0	7	7	1710
KJ942683.1	417	1159	1	0	1	417
KJ942683.1	417	750	1	0	1	417
KJ942683.1	437	1444	0	1	1	1444
KJ942683.1	439	1351	0	1	1	1351
KJ942683.1	439	1446	1	0	1	439
KJ942683.1	459	671	0	1	1	671
KJ942683.1	480	1509	1	0	1	480
KJ942683.1	493	1015	0	1	1	1015
KJ942683.1	517	553	1	0	1	517
KJ942683.1	525	1337	1	0	1	525
KJ942683.1	528	1506	4	1	5	528
KJ942683.1	535	856	0	1	1	856
KJ942683.1	536	856	7	0	7	536
KJ942683.1	546	1309	0	1	1	1309
KJ942683.1	553	1213	0	1	1	1213
KJ942683.1	555	1145	1	0	1	555
KJ942683.1	561	705	0	1	1	705
KJ942683.1	564	1603	1	0	1	564
KJ942683.1	570	1461	1	0	1	570
KJ942683.1	576	1018	0	1	1	1018
KJ942683.1	577	1167	1	0	1	577
KJ942683.1	580	1510	1	0	1	580
KJ942683.1	587	1427	1	0	1	587
KJ942683.1	603	1496	1	0	1	603
KJ942683.1	606	1701	1	1	2	606
KJ942683.1	613	1576	0	1	1	1576
KJ942683.1	615	651	0	1	1	651
KJ942683.1	619	1383	1	0	1	619
KJ942683.1	632	851	0	1	1	851
KJ942683.1	640	949	1	0	1	640
KJ942683.1	654	1282	0	1	1	1282
KJ942683.1	655	1230	1	0	1	655
KJ942683.1	658	965	0	1	1	965
KJ942683.1	660	1424	0	1	1	1424
KJ942683.1	662	727	1	0	1	662
KJ942683.1	672	1559	0	1	1	1559
KJ942683.1	692	1565	1	0	1	692
KJ942683.1	700	1084	0	1	1	1084
KJ942683.1	702	1247	1	0	1	702
KJ942683.1	716	1655	1	0	1	716
KJ942683.1	724	1274	1	0	1	724
KJ942683.1	734	1482	0	1	1	1482
KJ942683.1	756	1159	0	1	1	1159
KJ942683.1	757	853	1	0	1	757
KJ942683.1	764	1207	1	0	1	764
KJ942683.1	771	1656	1	0	1	771
KJ942683.1	777	1339	2	0	2	777
KJ942683.1	782	847	0	1	1	847
KJ942683.1	784	1684	1	0	1	784
KJ942683.1	805	1182	0	1	1	1182
KJ942683.1	844	891	1	0	1	844
KJ942683.1	848	1526	3	0	3	848
KJ942683.1	877	1102	1	0	1	877
KJ942683.1	878	1466	0	1	1	1466
KJ942683.1	902	1578	0	1	1	1578
KJ942683.1	913	1340	1	0	1	913
KJ942683.1	917	1058	0	1	1	1058
KJ942683.1	917	1433	0	1	1	1433
KJ942683.1	923	1283	0	1	1	1283
KJ942683.1	927	1484	1	1	2	927
KJ942683.1	933	1374	1	0	1	933
KJ942683.1	938	1318	0	1	1	1318
KJ942683.1	952	1615	0	1	1	1615
KJ942683.1	957	1108	0	2	2	1108
KJ942683.1	957	1267	0	1	1	1267
KJ942683.1	978	1161	1	0	1	978
KJ942683.1	985	1215	1	0	1	985
KJ942683.1	986	1013	0	1	1	1013
KJ942683.1	986	1057	0	1	1	1057
KJ942684.1	236	986	1	0	1	236
KJ942684.1	247	270	18	0	18	247
KJ942684.1	249	912	1	0	1	249
KJ942684.1	266	958	3	0	3	266
KJ942684.1	269	937	6	0	6	269
KJ942684.1	274	950	12	2	14	274
KJ942684.1	289	999	3	0	3	289
KJ942684.1	298	916	28	6	34	298
KJ942684.1	302	985	4	0	4	302
KJ942684.1	307	856	6	4	10	307
KJ942684.1	318	951	14	0	14	318
KJ942684.1	335	856	2	1	3	335
KJ942684.1	337	675	0	4	4	675
KJ942684.1	348	852	1	0	1	348
KJ942684.1	357	591	1	2	3	357
KJ942684.1	365	880	0	3	3	880
KJ942684.1	389	864	0	2	2	864
KJ942684.1	393	417	0	2	2	417
KJ942684.1	401	825	1	1	2	401
KJ942684.1	419	847	1	0	1	419
KJ942684.1	448	520	0	2	2	520
KJ942684.1	453	864	4	1	5	453
KJ942684.1	463	877	2	3	5	463
KJ942684.1	473	555	1	0	1	473
KJ942684.1	476	578	2	0	2	476
KJ942684.1	502	552	0	1	1	552
KJ942684.1	522	576	1	0	1	522
KJ942684.1	526	755	21	16	37	526
KJ942684.1	534	761	2	2	4	534
KJ942684.1	553	948	3	1	4	553
KJ942684.1	573	848	1	0	1	573
KJ942684.1	576	790	2	4	6	576
KJ942684.1	658	705	3	0	3	658
KJ942684.1	782	879	1	3	4	782
KJ942684.1	890	913	1	0	1	890
KJ942684.1	933	957	0	1	1	957
KJ942684.1	968	1030	2	24	26	968
KJ942685.1	1027	2022	1	0	1	1027
KJ942685.1	1051	1666	1	0	1	1051
KJ942685.1	1082	1989	0	1	1	1989
KJ942685.1	1092	2069	0	1	1	2069
KJ942685.1	1106	2016	2	4	6	1106
KJ942685.1	1120	2031	0	2	2	2031
KJ942685.1	1134	2350	1	0	1	1134
KJ942685.1	1177	2054	0	1	1	2054
KJ942685.1	1179	1966	2	0	2	1179
KJ942685.1	1198	1720	0	1	1	1720
KJ942685.1	1203	1954	1	0	1	1203
KJ942685.1	1219	1754	0	1	1	1754
KJ942685.1	1220	1968	1	1	2	1220
KJ942685.1	1269	1386	1	0	1	1269
KJ942685.1	1281	1943	3	1	4	1281
KJ942685.1	1285	1940	0	1	1	1940
KJ942685.1	1288	1973	1	1	2	1288
KJ942685.1	1358	1587	0	1	1	1587
KJ942685.1	1389	1531	0	1	1	1531
KJ942685.1	1414	1960	1	0	1	1414
KJ942685.1	1427	1868	0	1	1	1868
KJ942685.1	1461	1797	0	1	1	1797
KJ942685.1	1477	1655	1	0	1	1477
KJ942685.1	1519	2308	0	1	1	2308
KJ942685.1	1520	1973	1	0	1	1520
KJ942685.1	1521	2013	2	1	3	1521
KJ942685.1	1523	2307	0	1	1	2307
KJ942685.1	1534	2109	2	0	2	1534
KJ942685.1	1539	2305	0	4	4	2305
KJ942685.1	1555	2018	2	4	6	1555
KJ942685.1	1571	2189	0	1	1	2189
KJ942685.1	1577	2006	2	2	4	1577
KJ942685.1	1589	2096	0	3	3	2096
KJ942685.1	1625	2371	0	1	1	2371
KJ942685.1	1649	2187	1	2	3	1649
KJ942685.1	1676	2357	2	1	3	1676
KJ942685.1	1713	2028	1	0	1	1713
KJ942685.1	1716	2202	0	1	1	2202
KJ942685.1	1733	1786	0	1	1	1786
KJ942685.1	1736	1908	1	0	1	1736
KJ942685.1	1755	2121	0	2	2	2121
KJ942685.1	1758	2280	1	2	3	1758
KJ942685.1	1768	2307	1	2	3	1768
KJ942685.1	1799	1878	1	0	1	1799
KJ942685.1	1800	2017	2	4	6	1800
KJ942685.1	1807	2066	0	1	1	2066
KJ942685.1	1833	1952	1	0	1	1833
KJ942685.1	1843	1964	1	0	1	1843
KJ942685.1	1866	1906	2	1	3	1866
KJ942685.1	1873	1906	1	1	2	1873
KJ942685.1	1895	1930	0	1	1	1930
KJ942685.1	1898	1942	57	63	120	1898
KJ942685.1	1912	2028	0	1	1	2028
KJ942685.1	1937	1963	0	1	1	1963
KJ942685.1	1960	2011	3	0	3	1960
KJ942685.1	1965	2100	0	1	1	2100
KJ942685.1	1973	2009	1	1	2	1973
KJ942685.1	1985	2178	0	1	1	2178
KJ942685.1	1989	2233	0	1	1	2233
KJ942685.1	2008	2371	0	1	1	2371
KJ942685.1	2014	2075	2	0	2	2014
KJ942685.1	2024	2085	0	1	1	2085
KJ942685.1	2039	2077	8	3	11	2039
KJ942685.1	2049	2178	1	1	2	2049
KJ942685.1	2050	2171	13	73	86	2050
KJ942685.1	2050	2173	0	1	1	2173
KJ942685.1	2075	2194	0	2	2	2194
KJ942685.1	2086	2146	1	0	1	2086
KJ942685.1	2120	2164	1	2	3	2120
KJ942685.1	2130	2184	2	0	2	2130
KJ942685.1	2131	2183	2	0	2	2131
KJ942685.1	2136	2181	19	74	93	2136
KJ942685.1	2137	2175	1	0	1	2137
KJ942685.1	2140	2163	1	1	2	2140
KJ942685.1	2140	2220	47	17	64	2140
KJ942685.1	2141	2227	1	0	1	2141
KJ942685.1	2142	2182	5	2	7	2142
KJ942685.1	2155	2182	0	1	1	2182
KJ942685.1	2157	2197	1	1	2	2157
KJ942685.1	2157	2293	4	0	4	2157
KJ942685.1	2162	2196	5	10	15	2162
KJ942685.1	2187	2221	2	1	3	2187
KJ942685.1	2190	2218	0	1	1	2218
KJ942685.1	2197	2283	0	4	4	2283
KJ942685.1	2247	2281	0	2	2	2281
KJ942685.1	2254	2286	0	2	2	2286
KJ942685.1	2268	2293	0	3	3	2293
KJ942685.1	2268	2330	0	1	1	2330
KJ942685.1	2291	2318	1	6	7	2291
KJ942685.1	241	1294	3	0	3	241
KJ942685.1	244	281	3	1	4	244
KJ942685.1	250	294	2	1	3	250
KJ942685.1	255	1624	1	0	1	255
KJ942685.1	259	2188	1	0	1	259
KJ942685.1	259	303	1	0	1	259
KJ942685.1	260	1907	1	0	1	260
KJ942685.1	271	2021	1	0	1	271
KJ942685.1	271	2175	1	0	1	271
KJ942685.1	275	298	3	0	3	275
KJ942685.1	277	2264	2	0	2	277
KJ942685.1	279	2255	10	0	10	279
KJ942685.1	282	2185	7	3	10	282
KJ942685.1	283	341	2	0	2	283
KJ942685.1	290	2182	21	30	51	290
KJ942685.1	291	2181	3	3	6	291
KJ942685.1	291	2185	4	2	6	291
KJ942685.1	291	334	7	2	9	291
KJ942685.1	293	2163	5	3	8	293
KJ942685.1	293	2195	1	1	2	293
KJ942685.1	293	2198	127	36	163	293
KJ942685.1	293	316	2	1	3	293
KJ942685.1	294	1662	1	0	1	294
KJ942685.1	294	2101	1	0	1	294
KJ942685.1	294	2179	2	0	2	294
KJ942685.1	294	2282	5	3	8	294
KJ942685.1	295	2200	4	0	4	295
KJ942685.1	297	319	3	1	4	297
KJ942685.1	301	2263	0	2	2	2263
KJ942685.1	302	332	5	4	9	302
KJ942685.1	302	354	1	1	2	302
KJ942685.1	303	1818	7	12	19	303
KJ942685.1	307	1764	0	3	3	1764
KJ942685.1	309	477	0	1	1	477
KJ942685.1	311	1934	1	3	4	311
KJ942685.1	312	1289	1	0	1	312
KJ942685.1	315	2227	0	1	1	2227
KJ942685.1	315	358	2	0	2	315
KJ942685.1	317	2023	1	0	1	317
KJ942685.1	319	2224	0	5	5	2224
KJ942685.1	321	2151	0	3	3	2151
KJ942685.1	321	2158	0	4	4	2158
KJ942685.1	322	2227	0	1	1	2227
KJ942685.1	324	2083	0	1	1	2083
KJ942685.1	328	2194	0	1	1	2194
KJ942685.1	336	2074	0	1	1	2074
KJ942685.1	336	2151	1	6	7	336
KJ942685.1	336	2158	2	22	24	336
KJ942685.1	337	2146	0	3	3	2146
KJ942685.1	337	2197	0	1	1	2197
KJ942685.1	342	379	0	1	1	379
KJ942685.1	344	1662	0	1	1	1662
KJ942685.1	346	376	0	1	1	376
KJ942685.1	349	2185	0	1	1	2185
KJ942685.1	352	761	1	0	1	352
KJ942685.1	354	2192	0	1	1	2192
KJ942685.1	364	2294	0	2	2	2294
KJ942685.1	365	1917	2	0	2	365
KJ942685.1	366	2229	1	0	1	366
KJ942685.1	370	2039	0	1	1	2039
KJ942685.1	370	2209	0	1	1	2209
KJ942685.1	371	1667	19	39	58	371
KJ942685.1	371	2158	1	3	4	371
KJ942685.1	374	2159	5	35	40	374
KJ942685.1	374	415	1	4	5	374
KJ942685.1	374	429	0	6	6	429
KJ942685.1	376	2098	0	1	1	2098
KJ942685.1	378	1674	0	1	1	1674
KJ942685.1	378	2171	1	2	3	378
KJ942685.1	378	2181	3	22	25	378
KJ942685.1	379	2101	9	120	129	379
KJ942685.1	384	2170	0	1	1	2170
KJ942685.1	385	2133	2	6	8	385
KJ942685.1	386	2100	19	110	129	386
KJ942685.1	386	2108	0	5	5	2108
KJ942685.1	386	2188	0	10	10	2188
KJ942685.1	387	1686	0	3	3	1686
KJ942685.1	388	2131	0	1	1	2131
KJ942685.1	388	2154	0	7	7	2154
KJ942685.1	388	2169	0	15	15	2169
KJ942685.1	391	455	2	2	4	391
KJ942685.1	394	2144	1	0	1	394
KJ942685.1	395	2109	0	4	4	2109
KJ942685.1	395	2159	0	1	1	2159
KJ942685.1	396	2146	1	3	4	396
KJ942685.1	396	2151	0	1	1	2151
KJ942685.1	396	2158	2	3	5	396
KJ942685.1	396	2190	1	2	3	396
KJ942685.1	396	420	0	5	5	420
KJ942685.1	397	2182	1	2	3	397
KJ942685.1	397	2197	2	5	7	397
KJ942685.1	400	2226	1	1	2	400
KJ942685.1	401	2087	8	37	45	401
KJ942685.1	401	2152	0	9	9	2152
KJ942685.1	401	2164	1	2	3	401
KJ942685.1	402	2194	1	11	12	402
KJ942685.1	402	431	16	27	43	402
KJ942685.1	403	2158	0	1	1	2158
KJ942685.1	403	2159	36	114	150	403
KJ942685.1	403	2161	0	2	2	2161
KJ942685.1	403	2190	1	8	9	403
KJ942685.1	403	432	0	1	1	432
KJ942685.1	404	2160	0	1	1	2160
KJ942685.1	405	2192	0	1	1	2192
KJ942685.1	408	2200	0	1	1	2200
KJ942685.1	411	2147	1	0	1	411
KJ942685.1	411	2164	1	5	6	411
KJ942685.1	411	2167	7	38	45	411
KJ942685.1	412	2160	0	13	13	2160
KJ942685.1	412	449	1	0	1	412
KJ942685.1	413	2154	0	2	2	2154
KJ942685.1	413	2182	1	3	4	413
KJ942685.1	413	438	0	2	2	438
KJ942685.1	413	439	2	0	2	413
KJ942685.1	414	2152	7	28	35	414
KJ942685.1	415	2175	1	9	10	415
KJ942685.1	416	2158	0	2	2	2158
KJ942685.1	418	1948	1	0	1	418
KJ942685.1	419	2019	1	0	1	419
KJ942685.1	419	2160	0	10	10	2160
KJ942685.1	420	2039	1	1	2	420
KJ942685.1	420	2075	1	2	3	420
KJ942685.1	420	2191	0	3	3	2191
KJ942685.1	421	2175	0	1	1	2175
KJ942685.1	423	2194	0	1	1	2194
KJ942685.1	426	2022	5	3	8	426
KJ942685.1	426	2158	2	8	10	426
KJ942685.1	426	2166	2	4	6	426
KJ942685.1	426	466	3	2	5	426
KJ942685.1	427	1983	0	1	1	1983
KJ942685.1	433	2008	1	0	1	433
KJ942685.1	437	2059	0	1	1	2059
KJ942685.1	438	1866	2	0	2	438
KJ942685.1	438	2143	1	0	1	438
KJ942685.1	441	2075	0	2	2	2075
KJ942685.1	441	2144	2	4	6	441
KJ942685.1	441	2159	2	4	6	441
KJ942685.1	441	2185	0	1	1	2185
KJ942685.1	443	1998	1	0	1	443
KJ942685.1	447	2147	0	5	5	2147
KJ942685.1	448	2160	1	3	4	448
KJ942685.1	450	2042	3	0	3	450
KJ942685.1	450	2120	1	0	1	450
KJ942685.1	450	2124	2	2	4	450
KJ942685.1	450	2138	1	6	7	450
KJ942685.1	453	1474	1	0	1	453
KJ942685.1	453	2189	0	1	1	2189
KJ942685.1	453	823	0	1	1	823
KJ942685.1	454	2054	0	4	4	2054
KJ942685.1	454	2224	25	5	30	454
KJ942685.1	455	2052	2	4	6	455
KJ942685.1	455	502	1	0	1	455
KJ942685.1	456	2045	1	0	1	456
KJ942685.1	458	2071	0	1	1	2071
KJ942685.1	459	2038	27	28	55	459
KJ942685.1	459	2048	2	3	5	459
KJ942685.1	459	2074	2	0	2	459
KJ942685.1	460	2155	6	18	24	460
KJ942685.1	460	2197	2	4	6	460
KJ942685.1	462	2041	0	1	1	2041
KJ942685.1	464	2095	1	3	4	464
KJ942685.1	464	2131	1	2	3	464
KJ942685.1	464	2226	1	0	1	464
KJ942685.1	465	2051	1	1	2	465
KJ942685.1	465	2174	0	2	2	2174
KJ942685.1	466	2076	7	7	14	466
KJ942685.1	466	2160	0	3	3	2160
KJ942685.1	469	1914	1	0	1	469
KJ942685.1	471	2011	1	0	1	471
KJ942685.1	475	2045	1	0	1	475
KJ942685.1	478	2145	1	0	1	478
KJ942685.1	479	2135	27	25	52	479
KJ942685.1	481	2051	4	1	5	481
KJ942685.1	481	2086	2	2	4	481
KJ942685.1	483	2012	2	0	2	483
KJ942685.1	486	2015	1	0	1	486
KJ942685.1	487	2040	3	2	5	487
KJ942685.1	487	2058	25	36	61	487
KJ942685.1	488	2074	3	2	5	488
KJ942685.1	492	2091	1	2	3	492
KJ942685.1	493	2151	1	3	4	493
KJ942685.1	496	2018	5	2	7	496
KJ942685.1	497	2083	94	77	171	497
KJ942685.1	499	2052	1	0	1	499
KJ942685.1	500	1003	1	0	1	500
KJ942685.1	501	2039	4	0	4	501
KJ942685.1	501	2054	4	1	5	501
KJ942685.1	501	2057	2	0	2	501
KJ942685.1	501	2167	0	2	2	2167
KJ942685.1	501	536	2	1	3	501
KJ942685.1	502	2044	6	1	7	502
KJ942685.1	502	2145	8	1	9	502
KJ942685.1	503	1896	27	9	36	503
KJ942685.1	503	2020	1	0	1	503
KJ942685.1	504	2043	3	2	5	504
KJ942685.1	506	2039	1	3	4	506
KJ942685.1	506	2047	1	2	3	506
KJ942685.1	508	1923	0	1	1	1923
KJ942685.1	510	2020	1	0	1	510
KJ942685.1	511	2022	0	1	1	2022
KJ942685.1	511	2075	0	2	2	2075
KJ942685.1	514	1957	1	1	2	514
KJ942685.1	514	2027	0	3	3	2027
KJ942685.1	514	2166	3	1	4	514
KJ942685.1	517	2185	1	0	1	517
KJ942685.1	518	2040	3	0	3	518
KJ942685.1	524	2192	1	1	2	524
KJ942685.1	529	1972	2	0	2	529
KJ942685.1	531	2074	2	1	3	531
KJ942685.1	532	1993	10	3	13	532
KJ942685.1	532	2053	1	0	1	532
KJ942685.1	532	2227	71	15	86	532
KJ942685.1	533	1962	1	4	5	533
KJ942685.1	533	1963	0	1	1	1963
KJ942685.1	534	1971	1	0	1	534
KJ942685.1	534	2015	4	1	5	534
KJ942685.1	534	2049	4	10	14	534
KJ942685.1	535	1940	4	0	4	535
KJ942685.1	542	1901	2	0	2	542
KJ942685.1	542	2194	3	3	6	542
KJ942685.1	543	2060	0	1	1	2060
KJ942685.1	545	2057	0	1	1	2057
KJ942685.1	546	1972	111	52	163	546
KJ942685.1	546	2051	0	1	1	2051
KJ942685.1	548	1926	3	1	4	548
KJ942685.1	548	1974	0	1	1	1974
KJ942685.1	549	1906	3	3	6	549
KJ942685.1	549	1945	1	0	1	549
KJ942685.1	549	1952	2	0	2	549
KJ942685.1	549	2022	1	4	5	549
KJ942685.1	549	621	20	6	26	549
KJ942685.1	551	1820	1	0	1	551
KJ942685.1	553	1950	2	0	2	553
KJ942685.1	557	1977	2	0	2	557
KJ942685.1	557	2074	0	1	1	2074
KJ942685.1	559	2114	5	5	10	559
KJ942685.1	560	1906	3	0	3	560
KJ942685.1	561	2027	3	0	3	561
KJ942685.1	562	1925	1	1	2	562
KJ942685.1	565	1920	1	0	1	565
KJ942685.1	565	2020	3	0	3	565
KJ942685.1	566	1830	13	8	21	566
KJ942685.1	566	1960	0	1	1	1960
KJ942685.1	566	2075	0	1	1	2075
KJ942685.1	570	2077	0	2	2	2077
KJ942685.1	573	1968	7	0	7	573
KJ942685.1	574	2016	3	1	4	574
KJ942685.1	575	2046	0	1	1	2046
KJ942685.1	575	2075	0	1	1	2075
KJ942685.1	576	2008	2	0	2	576
KJ942685.1	585	1744	1	3	4	585
KJ942685.1	586	1937	44	41	85	586
KJ942685.1	588	1967	11	2	13	588
KJ942685.1	590	1841	2	0	2	590
KJ942685.1	592	1949	1	2	3	592
KJ942685.1	592	629	1	0	1	592
KJ942685.1	595	1871	1	0	1	595
KJ942685.1	595	1972	0	1	1	1972
KJ942685.1	595	2013	0	1	1	2013
KJ942685.1	597	1925	1	2	3	597
KJ942685.1	598	1769	1	1	2	598
KJ942685.1	598	1958	1	0	1	598
KJ942685.1	603	1929	1	1	2	603
KJ942685.1	606	1847	2	0	2	606
KJ942685.1	606	1872	2	0	2	606
KJ942685.1	606	663	1	0	1	606
KJ942685.1	607	2013	12	4	16	607
KJ942685.1	611	1888	5	0	5	611
KJ942685.1	614	983	1	0	1	614
KJ942685.1	616	1933	0	1	1	1933
KJ942685.1	617	1853	1	3	4	617
KJ942685.1	617	2020	2	3	5	617
KJ942685.1	618	1838	1	0	1	618
KJ942685.1	618	1893	52	30	82	618
KJ942685.1	618	1935	1	1	2	618
KJ942685.1	618	1992	3	2	5	618
KJ942685.1	619	1979	3	1	4	619
KJ942685.1	619	645	0	1	1	645
KJ942685.1	622	1903	3	4	7	622
KJ942685.1	622	1950	1	0	1	622
KJ942685.1	622	1968	1	2	3	622
KJ942685.1	623	1945	1	0	1	623
KJ942685.1	623	2134	8	4	12	623
KJ942685.1	623	647	35	32	67	623
KJ942685.1	627	1905	1	0	1	627
KJ942685.1	627	658	1	0	1	627
KJ942685.1	628	1956	2	0	2	628
KJ942685.1	629	1863	4	0	4	629
KJ942685.1	636	1911	0	2	2	1911
KJ942685.1	638	1706	1	0	1	638
KJ942685.1	638	1900	0	1	1	1900
KJ942685.1	638	1906	1	0	1	638
KJ942685.1	639	1956	2	1	3	639
KJ942685.1	639	2131	3	1	4	639
KJ942685.1	642	1908	3	3	6	642
KJ942685.1	643	1885	97	82	179	643
KJ942685.1	646	1867	2	5	7	646
KJ942685.1	649	1850	1	0	1	649
KJ942685.1	654	1767	0	1	1	1767
KJ942685.1	658	1907	3	2	5	658
KJ942685.1	662	1865	0	1	1	1865
KJ942685.1	662	1882	0	1	1	1882
KJ942685.1	664	1867	24	18	42	664
KJ942685.1	664	1931	11	15	26	664
KJ942685.1	668	1863	7	6	13	668
KJ942685.1	668	1872	1	1	2	668
KJ942685.1	679	1904	1	0	1	679
KJ942685.1	679	1914	2	0	2	679
KJ942685.1	680	977	1	0	1	680
KJ942685.1	684	1746	0	1	1	1746
KJ942685.1	684	1923	1	0	1	684
KJ942685.1	685	1850	3	2	5	685
KJ942685.1	685	1856	2	3	5	685
KJ942685.1	689	1879	0	4	4	1879
KJ942685.1	689	1966	1	6	7	689
KJ942685.1	690	1846	1	0	1	690
KJ942685.1	692	1931	0	1	1	1931
KJ942685.1	693	1770	1	0	1	693
KJ942685.1	695	765	1	0	1	695
KJ942685.1	697	1963	3	3	6	697
KJ942685.1	700	1899	0	1	1	1899
KJ942685.1	702	1668	3	0	3	702
KJ942685.1	702	1775	1	0	1	702
KJ942685.1	702	1892	1	0	1	702
KJ942685.1	706	1949	0	3	3	1949
KJ942685.1	707	1692	2	1	3	707
KJ942685.1	707	1897	1	2	3	707
KJ942685.1	707	1910	0	1	1	1910
KJ942685.1	709	1467	1	0	1	709
KJ942685.1	709	1783	2	3	5	709
KJ942685.1	710	1702	1	0	1	710
KJ942685.1	710	2006	8	5	13	710
KJ942685.1	712	1652	1	1	2	712
KJ942685.1	712	2268	1	1	2	712
KJ942685.1	720	1760	1	0	1	720
KJ942685.1	722	1830	1	1	2	722
KJ942685.1	722	2061	1	1	2	722
KJ942685.1	729	1691	1	1	2	729
KJ942685.1	729	1770	1	1	2	729
KJ942685.1	730	1840	1	0	1	730
KJ942685.1	733	771	0	1	1	771
KJ942685.1	739	1328	1	0	1	739
KJ942685.1	740	1709	1	0	1	740
KJ942685.1	740	1817	2	4	6	740
KJ942685.1	740	1909	1	0	1	740
KJ942685.1	742	1870	3	2	5	742
KJ942685.1	745	1857	58	60	118	745
KJ942685.1	745	1879	9	21	30	745
KJ942685.1	746	1751	24	14	38	746
KJ942685.1	751	1727	1	0	1	751
KJ942685.1	751	1906	1	0	1	751
KJ942685.1	751	1933	3	0	3	751
KJ942685.1	752	1934	97	64	161	752
KJ942685.1	753	1616	1	0	1	753
KJ942685.1	754	1910	1	0	1	754
KJ942685.1	754	1936	0	1	1	1936
KJ942685.1	755	1881	1	0	1	755
KJ942685.1	755	1893	2	3	5	755
KJ942685.1	760	1838	5	3	8	760
KJ942685.1	760	1945	2	0	2	760
KJ942685.1	764	1943	2	0	2	764
KJ942685.1	764	2020	2	1	3	764
KJ942685.1	764	2175	1	0	1	764
KJ942685.1	765	1734	4	2	6	765
KJ942685.1	766	1839	2	1	3	766
KJ942685.1	766	1946	77	29	106	766
KJ942685.1	770	2051	4	2	6	770
KJ942685.1	771	1734	2	3	5	771
KJ942685.1	775	1749	1	2	3	775
KJ942685.1	776	1768	2	3	5	776
KJ942685.1	778	1843	3	1	4	778
KJ942685.1	778	1963	5	11	16	778
KJ942685.1	780	2177	1	0	1	780
KJ942685.1	781	2270	0	1	1	2270
KJ942685.1	783	2257	1	0	1	783
KJ942685.1	784	1814	96	61	157	784
KJ942685.1	785	2020	0	1	1	2020
KJ942685.1	787	1817	2	0	2	787
KJ942685.1	788	1930	0	1	1	1930
KJ942685.1	790	1820	1	1	2	790
KJ942685.1	790	1911	2	0	2	790
KJ942685.1	792	1866	0	1	1	1866
KJ942685.1	793	1977	5	3	8	793
KJ942685.1	796	1888	1	0	1	796
KJ942685.1	797	2270	1	0	1	797
KJ942685.1	798	2254	2	1	3	798
KJ942685.1	802	905	1	0	1	802
KJ942685.1	804	2275	4	0	4	804
KJ942685.1	805	1873	1	1	2	805
KJ942685.1	809	2191	0	1	1	2191
KJ942685.1	819	1799	7	2	9	819
KJ942685.1	821	1712	1	0	1	821
KJ942685.1	822	1052	1	0	1	822
KJ942685.1	822	1121	1	0	1	822
KJ942685.1	828	1738	3	5	8	828
KJ942685.1	832	1691	1	1	2	832
KJ942685.1	834	2060	0	1	1	2060
KJ942685.1	835	2234	1	2	3	835
KJ942685.1	840	1423	1	0	1	840
KJ942685.1	848	2070	2	3	5	848
KJ942685.1	850	2041	0	1	1	2041
KJ942685.1	851	1961	1	0	1	851
KJ942685.1	853	1628	0	1	1	1628
KJ942685.1	854	1852	0	2	2	1852
KJ942685.1	861	1771	1	0	1	861
KJ942685.1	861	1926	2	0	2	861
KJ942685.1	885	1878	0	2	2	1878
KJ942685.1	889	1988	3	4	7	889
KJ942685.1	891	2093	1	0	1	891
KJ942685.1	893	1705	2	3	5	893
KJ942685.1	905	1736	1	0	1	905
KJ942685.1	913	1688	0	1	1	1688
KJ942685.1	919	1814	0	1	1	1814
KJ942685.1	926	1678	0	2	2	1678
KJ942685.1	927	1667	2	1	3	927
KJ942685.1	927	1669	3	1	4	927
KJ942685.1	944	1833	0	1	1	1833
KJ942685.1	946	1803	0	1	1	1803
KJ942685.1	949	1866	0	2	2	1866
KJ942685.1	958	1663	0	1	1	1663
KJ942685.1	963	1640	1	0	1	963
KJ942685.1	971	2024	1	0	1	971
KJ942685.1	981	1859	2	3	5	981
KJ942685.1	981	2195	1	0	1	981
KJ942686.1	1003	1579	0	1	1	1579
KJ942686.1	1003	1595	2	2	4	1003
KJ942686.1	1012	1355	1	2	3	1012
KJ942686.1	1024	1121	1	0	1	1024
KJ942686.1	1032	1133	1	1	2	1032
KJ942686.1	1036	1727	2	4	6	1036
KJ942686.1	1062	1516	1	0	1	1062
KJ942686.1	1070	1522	1	3	4	1070
KJ942686.1	1072	1627	4	1	5	1072
KJ942686.1	1076	1723	1	3	4	1076
KJ942686.1	1090	2239	0	1	1	2239
KJ942686.1	1091	1531	1	0	1	1091
KJ942686.1	1109	2090	1	0	1	1109
KJ942686.1	1122	1145	1	0	1	1122
KJ942686.1	1136	1563	2	0	2	1136
KJ942686.1	1146	1558	1	0	1	1146
KJ942686.1	1153	1234	0	1	1	1234
KJ942686.1	1153	2066	1	0	1	1153
KJ942686.1	1158	2376	1	0	1	1158
KJ942686.1	1173	2242	1	0	1	1173
KJ942686.1	1222	2182	1	0	1	1222
KJ942686.1	1236	1970	0	1	1	1970
KJ942686.1	1276	1559	1	0	1	1276
KJ942686.1	1305	2141	0	1	1	2141
KJ942686.1	1315	2052	0	2	2	2052
KJ942686.1	1433	2437	1	0	1	1433
KJ942686.1	1464	1681	1	0	1	1464
KJ942686.1	1577	2048	0	1	1	2048
KJ942686.1	1615	1769	1	0	1	1615
KJ942686.1	1656	2184	1	0	1	1656
KJ942686.1	1660	2200	1	0	1	1660
KJ942686.1	1723	2277	0	1	1	2277
KJ942686.1	1812	1962	0	1	1	1962
KJ942686.1	1975	2127	1	0	1	1975
KJ942686.1	2059	2086	2	4	6	2059
KJ942686.1	2065	2264	1	0	1	2065
KJ942686.1	2102	2341	3	0	3	2102
KJ942686.1	2158	2460	40	53	93	2158
KJ942686.1	2167	2472	1	1	2	2167
KJ942686.1	2168	2297	1	0	1	2168
KJ942686.1	2172	2216	1	1	2	2172
KJ942686.1	2174	2199	3	1	4	2174
KJ942686.1	2191	2260	1	1	2	2191
KJ942686.1	2231	2256	0	6	6	2256
KJ942686.1	2233	2265	2	0	2	2233
KJ942686.1	2272	2415	1	0	1	2272
KJ942686.1	2292	2319	1	0	1	2292
KJ942686.1	2307	2331	5	0	5	2307
KJ942686.1	2331	2365	0	1	1	2365
KJ942686.1	2437	2459	1	7	8	2437
KJ942686.1	2437	2460	0	1	1	2460
KJ942686.1	249	2415	1	0	1	249
KJ942686.1	256	279	3	0	3	256
KJ942686.1	256	305	1	0	1	256
KJ942686.1	257	2461	0	1	1	2461
KJ942686.1	257	2477	1	1	2	257
KJ942686.1	259	290	2	0	2	259
KJ942686.1	262	1642	1	0	1	262
KJ942686.1	270	300	1	0	1	270
KJ942686.1	274	2418	1	0	1	274
KJ942686.1	277	2204	1	0	1	277
KJ942686.1	289	402	12	2	14	289
KJ942686.1	298	374	1	0	1	298
KJ942686.1	315	2331	1	0	1	315
KJ942686.1	318	2235	0	1	1	2235
KJ942686.1	328	2218	3	6	9	328
KJ942686.1	334	402	0	3	3	402
KJ942686.1	338	2276	2	0	2	338
KJ942686.1	338	2324	0	1	1	2324
KJ942686.1	338	2344	2	0	2	338
KJ942686.1	339	2331	1	0	1	339
KJ942686.1	339	2334	1	1	2	339
KJ942686.1	339	2364	3	0	3	339
KJ942686.1	343	2332	9	2	11	343
KJ942686.1	344	2252	1	0	1	344
KJ942686.1	347	2381	0	2	2	2381
KJ942686.1	349	2191	4	2	6	349
KJ942686.1	352	2256	1	0	1	352
KJ942686.1	358	2309	2	0	2	358
KJ942686.1	358	428	0	1	1	428
KJ942686.1	360	2311	13	1	14	360
KJ942686.1	365	2219	1	0	1	365
KJ942686.1	365	2311	1	0	1	365
KJ942686.1	366	2431	1	0	1	366
KJ942686.1	367	2219	10	9	19	367
KJ942686.1	369	2293	1	0	1	369
KJ942686.1	375	2274	1	0	1	375
KJ942686.1	376	2252	1	0	1	376
KJ942686.1	382	2280	1	0	1	382
KJ942686.1	387	2239	1	0	1	387
KJ942686.1	392	2226	30	67	97	392
KJ942686.1	394	437	0	2	2	437
KJ942686.1	396	2174	1	0	1	396
KJ942686.1	398	2293	15	0	15	398
KJ942686.1	398	2308	1	0	1	398
KJ942686.1	399	2234	0	1	1	2234
KJ942686.1	399	2254	1	0	1	399
KJ942686.1	401	2247	1	0	1	401
KJ942686.1	401	2252	1	1	2	401
KJ942686.1	402	2219	2	4	6	402
KJ942686.1	403	2218	0	2	2	2218
KJ942686.1	403	2258	1	1	2	403
KJ942686.1	409	2234	1	2	3	409
KJ942686.1	413	1140	4	3	7	413
KJ942686.1	425	2214	1	1	2	425
KJ942686.1	431	2264	3	0	3	431
KJ942686.1	437	2248	3	1	4	437
KJ942686.1	437	2291	1	0	1	437
KJ942686.1	438	2268	170	13	183	438
KJ942686.1	439	2269	1	0	1	439
KJ942686.1	439	2270	2	0	2	439
KJ942686.1	445	2190	1	0	1	445
KJ942686.1	445	2364	4	2	6	445
KJ942686.1	449	2202	1	0	1	449
KJ942686.1	454	2208	2	0	2	454
KJ942686.1	455	2226	1	1	2	455
KJ942686.1	455	2247	0	1	1	2247
KJ942686.1	455	2331	2	0	2	455
KJ942686.1	456	2253	1	0	1	456
KJ942686.1	460	2141	2	0	2	460
KJ942686.1	463	2296	1	0	1	463
KJ942686.1	470	2175	6	9	15	470
KJ942686.1	471	2103	1	5	6	471
KJ942686.1	471	2151	20	27	47	471
KJ942686.1	471	2214	3	1	4	471
KJ942686.1	471	2218	11	18	29	471
KJ942686.1	472	2029	2	4	6	472
KJ942686.1	473	2145	1	0	1	473
KJ942686.1	473	2283	13	32	45	473
KJ942686.1	473	2369	4	1	5	473
KJ942686.1	473	503	4	4	8	473
KJ942686.1	475	2307	0	2	2	2307
KJ942686.1	477	2218	0	1	1	2218
KJ942686.1	478	2259	0	3	3	2259
KJ942686.1	481	2102	2	2	4	481
KJ942686.1	481	2151	1	0	1	481
KJ942686.1	481	2256	0	1	1	2256
KJ942686.1	482	2006	2	2	4	482
KJ942686.1	482	2208	2	7	9	482
KJ942686.1	484	2149	2	0	2	484
KJ942686.1	488	2224	14	9	23	488
KJ942686.1	490	1933	3	1	4	490
KJ942686.1	495	1888	0	1	1	1888
KJ942686.1	495	2226	0	2	2	2226
KJ942686.1	497	2095	0	2	2	2095
KJ942686.1	498	2377	0	1	1	2377
KJ942686.1	499	2304	0	1	1	2304
KJ942686.1	502	1307	1	0	1	502
KJ942686.1	502	2145	2	2	4	502
KJ942686.1	502	2176	1	0	1	502
KJ942686.1	509	2229	1	0	1	509
KJ942686.1	512	2121	2	0	2	512
KJ942686.1	513	2278	0	1	1	2278
KJ942686.1	517	2194	1	0	1	517
KJ942686.1	518	2191	0	1	1	2191
KJ942686.1	526	2086	3	0	3	526
KJ942686.1	530	2060	0	1	1	2060
KJ942686.1	530	2460	0	1	1	2460
KJ942686.1	531	2074	0	1	1	2074
KJ942686.1	535	2251	3	0	3	535
KJ942686.1	536	2164	0	1	1	2164
KJ942686.1	536	2205	0	2	2	2205
KJ942686.1	540	1726	2	1	3	540
KJ942686.1	540	2252	4	0	4	540
KJ942686.1	544	2487	0	1	1	2487
KJ942686.1	546	1865	1	0	1	546
KJ942686.1	548	2204	0	1	1	2204
KJ942686.1	550	1937	0	1	1	1937
KJ942686.1	551	2056	4	3	7	551
KJ942686.1	551	2208	2	1	3	551
KJ942686.1	552	1876	0	1	1	1876
KJ942686.1	556	2048	3	2	5	556
KJ942686.1	558	1875	12	18	30	558
KJ942686.1	558	1980	2	0	2	558
KJ942686.1	558	2129	2	1	3	558
KJ942686.1	561	1750	1	0	1	561
KJ942686.1	561	2218	8	8	16	561
KJ942686.1	566	2122	1	0	1	566
KJ942686.1	566	618	1	0	1	566
KJ942686.1	569	2120	1	1	2	569
KJ942686.1	570	2216	0	1	1	2216
KJ942686.1	579	2027	0	1	1	2027
KJ942686.1	585	2103	1	1	2	585
KJ942686.1	585	2146	1	0	1	585
KJ942686.1	587	1923	0	1	1	1923
KJ942686.1	590	2022	1	0	1	590
KJ942686.1	591	2006	2	9	11	591
KJ942686.1	591	2187	1	0	1	591
KJ942686.1	592	2256	2	1	3	592
KJ942686.1	593	2104	0	1	1	2104
KJ942686.1	593	2185	3	2	5	593
KJ942686.1	598	1934	0	1	1	1934
KJ942686.1	608	2080	1	0	1	608
KJ942686.1	608	2147	2	1	3	608
KJ942686.1	609	2126	0	1	1	2126
KJ942686.1	611	2174	2	2	4	611
KJ942686.1	612	2050	2	0	2	612
KJ942686.1	620	1766	1	2	3	620
KJ942686.1	620	1817	0	2	2	1817
KJ942686.1	620	2086	3	0	3	620
KJ942686.1	625	2021	1	0	1	625
KJ942686.1	625	2293	3	1	4	625
KJ942686.1	627	2148	2	1	3	627
KJ942686.1	640	2022	2	1	3	640
KJ942686.1	643	1853	0	1	1	1853
KJ942686.1	643	2020	1	2	3	643
KJ942686.1	645	2126	0	1	1	2126
KJ942686.1	648	1855	0	1	1	1855
KJ942686.1	650	2101	1	0	1	650
KJ942686.1	652	2103	88	24	112	652
KJ942686.1	660	1758	0	1	1	1758
KJ942686.1	662	1955	1	3	4	662
KJ942686.1	664	1783	4	2	6	664
KJ942686.1	667	1840	0	1	1	1840
KJ942686.1	667	1955	1	0	1	667
KJ942686.1	669	1727	7	4	11	669
KJ942686.1	670	2083	1	0	1	670
KJ942686.1	674	2055	0	1	1	2055
KJ942686.1	677	1717	2	2	4	677
KJ942686.1	677	1832	0	1	1	1832
KJ942686.1	677	2093	2	4	6	677
KJ942686.1	678	2090	1	1	2	678
KJ942686.1	690	1729	0	2	2	1729
KJ942686.1	691	1627	5	4	9	691
KJ942686.1	691	1903	14	6	20	691
KJ942686.1	691	2023	2	0	2	691
KJ942686.1	692	1956	2	1	3	692
KJ942686.1	692	2104	1	0	1	692
KJ942686.1	693	1905	1	0	1	693
KJ942686.1	695	1999	2	0	2	695
KJ942686.1	700	1682	1	0	1	700
KJ942686.1	706	1982	1	0	1	706
KJ942686.1	707	1964	0	1	1	1964
KJ942686.1	708	1697	1	1	2	708
KJ942686.1	712	1629	0	1	1	1629
KJ942686.1	712	1845	0	1	1	1845
KJ942686.1	713	1910	0	1	1	1910
KJ942686.1	714	1906	2	1	3	714
KJ942686.1	715	1935	0	2	2	1935
KJ942686.1	720	1940	0	1	1	1940
KJ942686.1	729	1885	1	0	1	729
KJ942686.1	730	1890	0	3	3	1890
KJ942686.1	730	1999	0	1	1	1999
KJ942686.1	732	1991	1	1	2	732
KJ942686.1	733	1896	0	1	1	1896
KJ942686.1	734	1374	3	1	4	734
KJ942686.1	736	1769	1	0	1	736
KJ942686.1	737	1897	0	1	1	1897
KJ942686.1	740	1998	1	0	1	740
KJ942686.1	740	2031	0	1	1	2031
KJ942686.1	741	1897	0	3	3	1897
KJ942686.1	744	1151	0	1	1	1151
KJ942686.1	746	1934	0	1	1	1934
KJ942686.1	751	2010	0	1	1	2010
KJ942686.1	752	1743	2	6	8	752
KJ942686.1	752	1914	0	1	1	1914
KJ942686.1	752	2023	0	1	1	2023
KJ942686.1	755	2006	2	6	8	755
KJ942686.1	756	1903	0	1	1	1903
KJ942686.1	757	2022	0	2	2	2022
KJ942686.1	762	2020	40	96	136	762
KJ942686.1	765	1059	0	1	1	1059
KJ942686.1	766	1488	1	1	2	766
KJ942686.1	767	1955	0	2	2	1955
KJ942686.1	768	1996	0	1	1	1996
KJ942686.1	768	2006	1	2	3	768
KJ942686.1	769	1891	0	3	3	1891
KJ942686.1	769	1929	0	1	1	1929
KJ942686.1	769	2000	0	1	1	2000
KJ942686.1	772	1811	0	2	2	1811
KJ942686.1	775	2000	0	1	1	2000
KJ942686.1	778	1900	0	1	1	1900
KJ942686.1	781	1884	1	3	4	781
KJ942686.1	787	1888	0	1	1	1888
KJ942686.1	789	1780	2	3	5	789
KJ942686.1	789	1834	1	1	2	789
KJ942686.1	789	1957	1	1	2	789
KJ942686.1	791	1873	6	4	10	791
KJ942686.1	792	1973	2	0	2	792
KJ942686.1	800	1862	1	2	3	800
KJ942686.1	804	846	1	0	1	804
KJ942686.1	805	2013	1	1	2	805
KJ942686.1	806	1688	0	1	1	1688
KJ942686.1	810	1777	2	0	2	810
KJ942686.1	810	1831	1	1	2	810
KJ942686.1	823	1839	0	2	2	1839
KJ942686.1	827	1905	1	1	2	827
KJ942686.1	827	1972	3	1	4	827
KJ942686.1	829	1837	1	2	3	829
KJ942686.1	834	1711	1	1	2	834
KJ942686.1	835	1724	1	1	2	835
KJ942686.1	836	1833	0	1	1	1833
KJ942686.1	837	1838	0	1	1	1838
KJ942686.1	842	1621	1	0	1	842
KJ942686.1	858	1708	1	2	3	858
KJ942686.1	858	1781	1	0	1	858
KJ942686.1	863	1888	2	1	3	863
KJ942686.1	866	2077	0	1	1	2077
KJ942686.1	867	1779	1	0	1	867
KJ942686.1	867	1833	3	4	7	867
KJ942686.1	869	1683	1	2	3	869
KJ942686.1	870	1803	2	0	2	870
KJ942686.1	873	1927	0	1	1	1927
KJ942686.1	877	1628	1	0	1	877
KJ942686.1	880	1776	1	0	1	880
KJ942686.1	883	1677	1	4	5	883
KJ942686.1	883	1694	0	2	2	1694
KJ942686.1	883	1891	0	3	3	1891
KJ942686.1	883	1914	0	1	1	1914
KJ942686.1	884	2495	0	1	1	2495
KJ942686.1	891	1890	0	3	3	1890
KJ942686.1	897	1779	0	1	1	1779
KJ942686.1	898	1734	3	2	5	898
KJ942686.1	898	1788	2	1	3	898
KJ942686.1	899	1888	15	33	48	899
KJ942686.1	902	1824	0	1	1	1824
KJ942686.1	903	1900	1	0	1	903
KJ942686.1	906	1778	2	0	2	906
KJ942686.1	906	1902	1	0	1	906
KJ942686.1	907	2192	1	0	1	907
KJ942686.1	910	1842	1	0	1	910
KJ942686.1	916	1890	1	0	1	916
KJ942686.1	919	1778	1	0	1	919
KJ942686.1	921	1832	0	2	2	1832
KJ942686.1	924	1917	0	5	5	1917
KJ942686.1	927	1252	1	0	1	927
KJ942686.1	927	1918	0	1	1	1918
KJ942686.1	930	1751	1	0	1	930
KJ942686.1	934	1813	1	2	3	934
KJ942686.1	934	972	1	0	1	934
KJ942686.1	935	1891	1	3	4	935
KJ942686.1	941	1661	1	0	1	941
KJ942686.1	943	2182	0	2	2	2182
KJ942686.1	945	1067	1	0	1	945
KJ942686.1	947	1702	1	0	1	947
KJ942686.1	947	1778	4	1	5	947
KJ942686.1	950	1725	1	1	2	950
KJ942686.1	959	1392	0	1	1	1392
KJ942686.1	969	1592	0	1	1	1592
KJ942686.1	971	1891	1	0	1	971
KJ942686.1	972	1744	3	2	5	972
KJ942686.1	976	1600	1	0	1	976
KJ942686.1	984	1610	1	0	1	984
KJ942686.1	984	1808	1	2	3	984
KJ942686.1	984	2343	4	1	5	984
KJ942686.1	985	1790	0	3	3	1790
KJ942686.1	991	2020	2	2	4	991
KJ942687.1	1010	1606	0	1	1	1606
KJ942687.1	1012	2302	1	5	6	1012
KJ942687.1	1021	1720	1	1	2	1021
KJ942687.1	1029	1997	1	0	1	1029
KJ942687.1	1035	2072	1	0	1	1035
KJ942687.1	1046	2186	1	0	1	1046
KJ942687.1	1050	2489	0	1	1	2489
KJ942687.1	1052	1732	5	2	7	1052
KJ942687.1	1085	1702	0	1	1	1702
KJ942687.1	1087	1172	0	1	1	1172
KJ942687.1	1088	2294	0	1	1	2294
KJ942687.1	1152	2418	1	0	1	1152
KJ942687.1	1184	2032	1	0	1	1184
KJ942687.1	1188	1816	0	1	1	1816
KJ942687.1	1212	1541	1	0	1	1212
KJ942687.1	1257	2001	0	1	1	2001
KJ942687.1	1313	1531	0	1	1	1531
KJ942687.1	1343	2401	0	1	1	2401
KJ942687.1	1387	2242	0	1	1	2242
KJ942687.1	1395	1585	1	0	1	1395
KJ942687.1	1401	2164	1	0	1	1401
KJ942687.1	1413	1726	1	0	1	1413
KJ942687.1	1415	2285	0	1	1	2285
KJ942687.1	1421	1583	0	1	1	1583
KJ942687.1	1496	1950	0	1	1	1950
KJ942687.1	1529	1782	0	1	1	1782
KJ942687.1	1549	1939	1	0	1	1549
KJ942687.1	1586	1613	1	0	1	1586
KJ942687.1	1587	1981	0	1	1	1981
KJ942687.1	1613	2417	0	1	1	2417
KJ942687.1	1658	1816	1	0	1	1658
KJ942687.1	1658	1862	0	1	1	1862
KJ942687.1	1663	2373	0	1	1	2373
KJ942687.1	1664	1786	0	1	1	1786
KJ942687.1	1665	1853	1	0	1	1665
KJ942687.1	1687	2478	0	1	1	2478
KJ942687.1	1713	1847	1	0	1	1713
KJ942687.1	1719	1819	0	2	2	1819
KJ942687.1	1740	2489	0	1	1	2489
KJ942687.1	1765	1851	0	2	2	1851
KJ942687.1	1845	2301	1	0	1	1845
KJ942687.1	1878	2485	0	1	1	2485
KJ942687.1	1906	1968	1	0	1	1906
KJ942687.1	2009	2309	1	0	1	2009
KJ942687.1	2056	2211	1	0	1	2056
KJ942687.1	2271	2341	1	3	4	2271
KJ942687.1	2338	2363	1	0	1	2338
KJ942687.1	238	2333	1	0	1	238
KJ942687.1	253	2283	1	0	1	253
KJ942687.1	256	1236	1	0	1	256
KJ942687.1	262	2353	1	0	1	262
KJ942687.1	277	2135	1	0	1	277
KJ942687.1	294	2153	6	3	9	294
KJ942687.1	301	2157	10	5	15	301
KJ942687.1	310	2346	0	1	1	2346
KJ942687.1	317	2356	0	1	1	2356
KJ942687.1	318	2295	0	2	2	2295
KJ942687.1	319	2353	0	3	3	2353
KJ942687.1	319	2369	8	9	17	319
KJ942687.1	330	1931	1	1	2	330
KJ942687.1	331	2211	1	2	3	331
KJ942687.1	331	2327	2	4	6	331
KJ942687.1	332	2363	1	2	3	332
KJ942687.1	334	2228	1	0	1	334
KJ942687.1	335	2326	0	1	1	2326
KJ942687.1	338	2329	1	3	4	338
KJ942687.1	344	2289	1	1	2	344
KJ942687.1	347	2336	1	0	1	347
KJ942687.1	360	2371	1	2	3	360
KJ942687.1	361	2250	27	7	34	361
KJ942687.1	361	2347	2	19	21	361
KJ942687.1	362	1258	1	0	1	362
KJ942687.1	365	1441	1	0	1	365
KJ942687.1	366	2255	2	1	3	366
KJ942687.1	369	1994	0	3	3	1994
KJ942687.1	372	2261	1	0	1	372
KJ942687.1	379	2259	163	494	657	379
KJ942687.1	379	2290	1	5	6	379
KJ942687.1	381	2282	1	2	3	381
KJ942687.1	382	2279	0	2	2	2279
KJ942687.1	382	2280	1	22	23	382
KJ942687.1	382	2326	6	25	31	382
KJ942687.1	383	2297	80	329	409	383
KJ942687.1	383	2311	1	0	1	383
KJ942687.1	383	2372	0	1	1	2372
KJ942687.1	384	2298	0	1	1	2298
KJ942687.1	387	2319	0	1	1	2319
KJ942687.1	388	2340	2	5	7	388
KJ942687.1	393	2285	0	6	6	2285
KJ942687.1	394	2232	1	3	4	394
KJ942687.1	397	2312	0	1	1	2312
KJ942687.1	399	2282	0	11	11	2282
KJ942687.1	400	2386	3	3	6	400
KJ942687.1	401	2349	2	2	4	401
KJ942687.1	402	2311	32	78	110	402
KJ942687.1	402	2328	1	0	1	402
KJ942687.1	404	2290	0	1	1	2290
KJ942687.1	407	1923	2	2	4	407
KJ942687.1	411	2292	2	7	9	411
KJ942687.1	412	2201	0	1	1	2201
KJ942687.1	416	2225	15	29	44	416
KJ942687.1	417	2111	0	1	1	2111
KJ942687.1	424	2297	0	1	1	2297
KJ942687.1	424	2395	1	0	1	424
KJ942687.1	425	2318	0	1	1	2318
KJ942687.1	429	2236	0	7	7	2236
KJ942687.1	432	2334	4	3	7	432
KJ942687.1	432	2345	0	4	4	2345
KJ942687.1	434	2328	0	1	1	2328
KJ942687.1	435	2279	1	7	8	435
KJ942687.1	436	2297	5	21	26	436
KJ942687.1	436	2395	5	2	7	436
KJ942687.1	440	2321	3	4	7	440
KJ942687.1	441	2303	0	1	1	2303
KJ942687.1	442	2256	0	1	1	2256
KJ942687.1	444	2294	0	1	1	2294
KJ942687.1	447	2248	0	2	2	2248
KJ942687.1	448	2345	1	1	2	448
KJ942687.1	449	2279	0	3	3	2279
KJ942687.1	450	2071	0	2	2	2071
KJ942687.1	457	2270	0	4	4	2270
KJ942687.1	462	2223	2	4	6	462
KJ942687.1	467	2189	64	103	167	467
KJ942687.1	467	2295	1	2	3	467
KJ942687.1	468	2179	1	3	4	468
KJ942687.1	469	2036	1	0	1	469
KJ942687.1	469	2224	1	3	4	469
KJ942687.1	471	2063	5	13	18	471
KJ942687.1	474	2101	0	1	1	2101
KJ942687.1	474	2300	0	1	1	2300
KJ942687.1	476	2118	4	5	9	476
KJ942687.1	478	2228	6	8	14	478
KJ942687.1	481	2280	5	6	11	481
KJ942687.1	482	1850	3	1	4	482
KJ942687.1	483	1964	1	1	2	483
KJ942687.1	485	1993	1	0	1	485
KJ942687.1	485	2271	1	1	2	485
KJ942687.1	487	2069	3	4	7	487
KJ942687.1	487	2146	1	2	3	487
KJ942687.1	488	2132	1	0	1	488
KJ942687.1	494	2137	8	19	27	494
KJ942687.1	495	2043	3	2	5	495
KJ942687.1	495	2207	0	1	1	2207
KJ942687.1	496	2007	1	12	13	496
KJ942687.1	498	1907	0	1	1	1907
KJ942687.1	498	2182	2	1	3	498
KJ942687.1	499	2083	0	4	4	2083
KJ942687.1	499	2250	3	1	4	499
KJ942687.1	506	2037	0	1	1	2037
KJ942687.1	508	1633	1	0	1	508
KJ942687.1	510	2271	1	1	2	510
KJ942687.1	513	2167	0	1	1	2167
KJ942687.1	513	2213	2	0	2	513
KJ942687.1	519	2224	11	14	25	519
KJ942687.1	519	2336	1	0	1	519
KJ942687.1	522	2218	5	9	14	522
KJ942687.1	524	2205	3	8	11	524
KJ942687.1	524	2230	19	16	35	524
KJ942687.1	525	1898	1	0	1	525
KJ942687.1	526	2247	0	1	1	2247
KJ942687.1	527	2144	3	5	8	527
KJ942687.1	534	1175	1	0	1	534
KJ942687.1	535	2203	1	1	2	535
KJ942687.1	536	2398	2	0	2	536
KJ942687.1	538	2213	1	3	4	538
KJ942687.1	540	2250	0	1	1	2250
KJ942687.1	540	2394	1	0	1	540
KJ942687.1	540	2402	1	0	1	540
KJ942687.1	542	2087	0	1	1	2087
KJ942687.1	543	2085	1	5	6	543
KJ942687.1	548	2182	0	2	2	2182
KJ942687.1	553	2413	1	0	1	553
KJ942687.1	555	2015	1	2	3	555
KJ942687.1	556	2081	1	5	6	556
KJ942687.1	556	2202	10	7	17	556
KJ942687.1	557	2218	0	1	1	2218
KJ942687.1	560	1684	0	1	1	1684
KJ942687.1	566	1937	1	0	1	566
KJ942687.1	569	2144	7	6	13	569
KJ942687.1	570	2180	3	1	4	570
KJ942687.1	573	971	0	1	1	971
KJ942687.1	576	1960	2	2	4	576
KJ942687.1	580	1780	3	0	3	580
KJ942687.1	581	2164	0	2	2	2164
KJ942687.1	582	1055	0	1	1	1055
KJ942687.1	584	2237	0	1	1	2237
KJ942687.1	586	2086	0	3	3	2086
KJ942687.1	589	2019	2	3	5	589
KJ942687.1	590	2083	0	1	1	2083
KJ942687.1	590	645	1	0	1	590
KJ942687.1	592	1805	0	1	1	1805
KJ942687.1	595	2023	2	1	3	595
KJ942687.1	598	2072	0	1	1	2072
KJ942687.1	599	1927	1	0	1	599
KJ942687.1	600	2045	0	1	1	2045
KJ942687.1	601	1929	1	5	6	601
KJ942687.1	601	2124	1	0	1	601
KJ942687.1	604	2027	1	0	1	604
KJ942687.1	611	2108	1	0	1	611
KJ942687.1	611	2136	1	0	1	611
KJ942687.1	613	2136	1	2	3	613
KJ942687.1	617	1857	4	6	10	617
KJ942687.1	619	2033	1	0	1	619
KJ942687.1	620	2141	0	1	1	2141
KJ942687.1	628	2105	1	1	2	628
KJ942687.1	631	2059	2	3	5	631
KJ942687.1	634	2060	1	0	1	634
KJ942687.1	637	2265	1	2	3	637
KJ942687.1	643	2056	0	1	1	2056
KJ942687.1	643	2063	1	1	2	643
KJ942687.1	643	2086	1	1	2	643
KJ942687.1	643	2117	4	0	4	643
KJ942687.1	645	1915	2	0	2	645
KJ942687.1	649	1940	2	0	2	649
KJ942687.1	649	2308	3	2	5	649
KJ942687.1	650	2314	1	0	1	650
KJ942687.1	651	2218	0	1	1	2218
KJ942687.1	655	2324	1	0	1	655
KJ942687.1	656	1920	0	1	1	1920
KJ942687.1	656	1959	3	0	3	656
KJ942687.1	658	1807	2	1	3	658
KJ942687.1	659	2101	1	0	1	659
KJ942687.1	660	1965	50	40	90	660
KJ942687.1	660	2035	1	0	1	660
KJ942687.1	660	2192	1	0	1	660
KJ942687.1	660	2329	3	3	6	660
KJ942687.1	667	2085	1	4	5	667
KJ942687.1	667	2129	1	0	1	667
KJ942687.1	668	1867	5	2	7	668
KJ942687.1	669	1953	8	5	13	669
KJ942687.1	671	2089	1	1	2	671
KJ942687.1	672	1938	0	2	2	1938
KJ942687.1	672	1953	4	1	5	672
KJ942687.1	672	2083	1	2	3	672
KJ942687.1	677	2023	0	2	2	2023
KJ942687.1	678	1774	3	2	5	678
KJ942687.1	678	2050	1	4	5	678
KJ942687.1	678	2056	1	2	3	678
KJ942687.1	680	2088	1	0	1	680
KJ942687.1	684	1977	1	6	7	684
KJ942687.1	688	1932	1	0	1	688
KJ942687.1	691	1929	0	1	1	1929
KJ942687.1	693	2147	1	1	2	693
KJ942687.1	695	2005	1	0	1	695
KJ942687.1	696	2484	0	1	1	2484
KJ942687.1	700	1999	1	7	8	700
KJ942687.1	706	2000	0	1	1	2000
KJ942687.1	709	1768	3	0	3	709
KJ942687.1	718	2001	1	3	4	718
KJ942687.1	719	1971	1	6	7	719
KJ942687.1	719	1986	1	0	1	719
KJ942687.1	722	1931	1	0	1	722
KJ942687.1	722	2119	1	1	2	722
KJ942687.1	724	1972	31	25	56	724
KJ942687.1	733	1408	1	0	1	733
KJ942687.1	735	1880	2	2	4	735
KJ942687.1	736	1963	2	0	2	736
KJ942687.1	745	1760	1	0	1	745
KJ942687.1	748	1948	1	0	1	748
KJ942687.1	750	1808	1	0	1	750
KJ942687.1	752	1903	1	0	1	752
KJ942687.1	752	1952	0	1	1	1952
KJ942687.1	753	1970	2	1	3	753
KJ942687.1	756	1887	3	1	4	756
KJ942687.1	756	1971	2	0	2	756
KJ942687.1	758	1970	1	1	2	758
KJ942687.1	765	1830	1	3	4	765
KJ942687.1	765	1971	1	1	2	765
KJ942687.1	766	1884	3	0	3	766
KJ942687.1	766	1954	0	1	1	1954
KJ942687.1	767	1928	2	0	2	767
KJ942687.1	768	1887	4	0	4	768
KJ942687.1	771	1890	28	18	46	771
KJ942687.1	771	2037	0	1	1	2037
KJ942687.1	773	1888	1	0	1	773
KJ942687.1	775	1902	0	1	1	1902
KJ942687.1	776	2300	0	1	1	2300
KJ942687.1	778	1708	3	0	3	778
KJ942687.1	778	2130	0	1	1	2130
KJ942687.1	780	1898	0	1	1	1898
KJ942687.1	780	1912	0	1	1	1912
KJ942687.1	780	1965	0	2	2	1965
KJ942687.1	782	1962	1	0	1	782
KJ942687.1	784	1957	1	0	1	784
KJ942687.1	787	2186	2	0	2	787
KJ942687.1	791	1875	0	1	1	1875
KJ942687.1	791	1896	1	0	1	791
KJ942687.1	791	1969	2	2	4	791
KJ942687.1	791	1982	1	0	1	791
KJ942687.1	792	1883	4	0	4	792
KJ942687.1	793	1966	0	2	2	1966
KJ942687.1	795	1828	1	0	1	795
KJ942687.1	795	1942	2	4	6	795
KJ942687.1	795	1985	4	6	10	795
KJ942687.1	796	1793	2	1	3	796
KJ942687.1	796	1887	4	8	12	796
KJ942687.1	802	1241	0	1	1	1241
KJ942687.1	804	1883	1	0	1	804
KJ942687.1	808	1876	3	0	3	808
KJ942687.1	815	1810	1	0	1	815
KJ942687.1	818	1907	2	4	6	818
KJ942687.1	820	1318	0	1	1	1318
KJ942687.1	823	1855	1	2	3	823
KJ942687.1	839	2206	0	1	1	2206
KJ942687.1	840	2108	2	1	3	840
KJ942687.1	841	2083	1	3	4	841
KJ942687.1	843	1843	1	0	1	843
KJ942687.1	854	1888	1	3	4	854
KJ942687.1	863	1875	0	2	2	1875
KJ942687.1	865	1876	1	0	1	865
KJ942687.1	866	1732	1	0	1	866
KJ942687.1	866	2052	2	0	2	866
KJ942687.1	869	1258	0	1	1	1258
KJ942687.1	870	1824	1	0	1	870
KJ942687.1	870	1879	1	2	3	870
KJ942687.1	871	1876	2	1	3	871
KJ942687.1	872	1868	2	2	4	872
KJ942687.1	873	1843	1	0	1	873
KJ942687.1	873	1871	1	1	2	873
KJ942687.1	873	2152	2	0	2	873
KJ942687.1	877	1857	6	3	9	877
KJ942687.1	884	1810	2	1	3	884
KJ942687.1	885	2013	0	1	1	2013
KJ942687.1	885	2219	2	1	3	885
KJ942687.1	895	1071	1	0	1	895
KJ942687.1	903	1817	2	0	2	903
KJ942687.1	904	2034	1	0	1	904
KJ942687.1	906	1771	1	1	2	906
KJ942687.1	907	1767	1	0	1	907
KJ942687.1	912	2155	1	0	1	912
KJ942687.1	913	1726	8	7	15	913
KJ942687.1	913	1825	1	3	4	913
KJ942687.1	917	1778	2	0	2	917
KJ942687.1	918	2378	1	0	1	918
KJ942687.1	924	1974	0	1	1	1974
KJ942687.1	926	1768	0	1	1	1768
KJ942687.1	932	2118	1	1	2	932
KJ942687.1	939	1963	0	2	2	1963
KJ942687.1	944	1730	12	13	25	944
KJ942687.1	947	1804	1	1	2	947
KJ942687.1	951	1851	0	1	1	1851
KJ942687.1	958	1878	2	0	2	958
KJ942687.1	960	1341	1	1	2	960
KJ942687.1	961	1809	1	1	2	961
KJ942687.1	961	1810	0	1	1	1810
KJ942687.1	961	1858	0	2	2	1858
KJ942687.1	967	1719	1	1	2	967
KJ942687.1	969	1072	1	0	1	969
KJ942687.1	976	1707	1	3	4	976
KJ942687.1	976	1840	1	0	1	976
KJ942687.1	978	1620	0	1	1	1620
KJ942687.1	978	1829	1	3	4	978
KJ942687.1	987	1720	0	1	1	1720
KJ942687.1	994	1769	0	1	1	1769
