Segment	Start	Stop	Forward_support	Reverse_support	Total_support	Fuzz_factor
KJ942680.1	1001	1472	1	0	1	1001
KJ942680.1	1003	1622	0	1	1	1622
KJ942680.1	1053	1830	1	0	1	1053
KJ942680.1	1059	1583	0	1	1	1583
KJ942680.1	1098	1686	1	0	1	1098
KJ942680.1	1101	1891	0	1	1	1891
KJ942680.1	1144	1857	1	0	1	1144
KJ942680.1	1184	1675	0	1	1	1675
KJ942680.1	1188	1728	1	0	1	1188
KJ942680.1	1212	1748	0	1	1	1748
KJ942680.1	1227	1399	0	1	1	1399
KJ942680.1	1241	1421	0	1	1	1421
KJ942680.1	1270	1398	0	1	1	1398
KJ942680.1	1270	1741	1	0	1	1270
KJ942680.1	1271	1766	0	1	1	1766
KJ942680.1	1283	1617	0	1	1	1617
KJ942680.1	1302	1717	0	1	1	1717
KJ942680.1	1372	1443	1	0	1	1372
KJ942680.1	1383	1405	0	2	2	1405
KJ942680.1	1443	1748	0	1	1	1748
KJ942680.1	1448	1930	0	1	1	1930
KJ942680.1	1464	1771	1	0	1	1464
KJ942680.1	1490	1522	1	0	1	1490
KJ942680.1	1490	1617	0	1	1	1617
KJ942680.1	1490	1754	0	1	1	1754
KJ942680.1	1501	1801	1	0	1	1501
KJ942680.1	1509	1749	1	1	2	1509
KJ942680.1	1517	1626	0	1	1	1626
KJ942680.1	1527	1619	0	1	1	1619
KJ942680.1	1530	1622	0	1	1	1622
KJ942680.1	1614	1925	0	1	1	1925
KJ942680.1	1625	1706	0	1	1	1706
KJ942680.1	1681	1934	0	1	1	1934
KJ942680.1	1695	1842	0	1	1	1842
KJ942680.1	1718	1905	0	1	1	1905
KJ942680.1	273	515	1	0	1	273
KJ942680.1	341	1666	1	1	2	341
KJ942680.1	343	905	1	0	1	343
KJ942680.1	355	487	1	0	1	355
KJ942680.1	363	1289	0	1	1	1289
KJ942680.1	377	1717	0	1	1	1717
KJ942680.1	380	431	0	1	1	431
KJ942680.1	384	542	0	1	1	542
KJ942680.1	385	1751	0	1	1	1751
KJ942680.1	404	1599	1	2	3	404
KJ942680.1	405	432	0	2	2	432
KJ942680.1	410	1655	1	0	1	410
KJ942680.1	418	1537	0	1	1	1537
KJ942680.1	433	1071	1	0	1	433
KJ942680.1	433	903	1	0	1	433
KJ942680.1	434	1726	0	1	1	1726
KJ942680.1	442	1804	1	0	1	442
KJ942680.1	454	506	0	1	1	506
KJ942680.1	461	1387	1	0	1	461
KJ942680.1	467	723	1	0	1	467
KJ942680.1	467	904	1	0	1	467
KJ942680.1	471	1326	1	0	1	471
KJ942680.1	474	1075	0	1	1	1075
KJ942680.1	475	1073	0	1	1	1073
KJ942680.1	488	1849	1	0	1	488
KJ942680.1	495	1538	0	1	1	1538
KJ942680.1	497	1092	0	1	1	1092
KJ942680.1	498	1210	0	1	1	1210
KJ942680.1	501	990	1	0	1	501
KJ942680.1	503	1480	1	0	1	503
KJ942680.1	509	1614	0	1	1	1614
KJ942680.1	509	808	0	1	1	808
KJ942680.1	520	1516	0	1	1	1516
KJ942680.1	538	1622	0	1	1	1622
KJ942680.1	540	1321	1	0	1	540
KJ942680.1	545	1515	1	0	1	545
KJ942680.1	549	1111	1	0	1	549
KJ942680.1	565	1224	2	0	2	565
KJ942680.1	565	1395	1	0	1	565
KJ942680.1	574	1408	3	1	4	574
KJ942680.1	579	1631	1	1	2	579
KJ942680.1	580	1216	3	3	6	580
KJ942680.1	581	1059	0	1	1	1059
KJ942680.1	586	1542	1	1	2	586
KJ942680.1	642	1381	1	0	1	642
KJ942680.1	650	755	0	1	1	755
KJ942680.1	668	1218	1	0	1	668
KJ942680.1	670	1654	0	1	1	1654
KJ942680.1	709	1827	1	0	1	709
KJ942680.1	776	1383	0	1	1	1383
KJ942680.1	806	1697	1	0	1	806
KJ942680.1	817	876	0	1	1	876
KJ942680.1	822	1312	0	1	1	1312
KJ942680.1	823	1838	1	0	1	823
KJ942680.1	829	1887	0	2	2	1887
KJ942680.1	835	1891	0	1	1	1891
KJ942680.1	840	1224	0	1	1	1224
KJ942680.1	855	1849	1	0	1	855
KJ942680.1	873	1808	0	1	1	1808
KJ942680.1	959	1059	0	1	1	1059
KJ942680.1	964	1190	1	0	1	964
KJ942680.1	979	1468	0	1	1	1468
KJ942680.1	988	1270	0	1	1	1270
KJ942680.1	989	1176	0	1	1	1176
KJ942680.1	991	1413	0	1	1	1413
KJ942681.1	1108	1158	0	1	1	1158
KJ942681.1	271	407	1	0	1	271
KJ942681.1	275	401	3	0	3	275
KJ942681.1	277	956	1	1	2	277
KJ942681.1	290	863	12	0	12	290
KJ942681.1	294	924	1	0	1	294
KJ942681.1	296	991	0	1	1	991
KJ942681.1	299	883	1	0	1	299
KJ942681.1	301	1067	1	0	1	301
KJ942681.1	302	491	1	0	1	302
KJ942681.1	303	1155	3	3	6	303
KJ942681.1	326	980	1	1	2	326
KJ942681.1	353	1032	0	2	2	1032
KJ942681.1	353	1171	0	1	1	1171
KJ942681.1	356	771	0	1	1	771
KJ942681.1	356	836	0	1	1	836
KJ942681.1	356	926	1	0	1	356
KJ942681.1	360	1081	0	1	1	1081
KJ942681.1	362	588	0	8	8	588
KJ942681.1	365	819	0	1	1	819
KJ942681.1	367	984	1	1	2	367
KJ942681.1	370	499	0	1	1	499
KJ942681.1	377	577	0	2	2	577
KJ942681.1	379	457	0	1	1	457
KJ942681.1	384	996	0	1	1	996
KJ942681.1	391	970	1	0	1	391
KJ942681.1	399	806	1	0	1	399
KJ942681.1	401	929	0	1	1	929
KJ942681.1	402	671	0	1	1	671
KJ942681.1	406	927	1	0	1	406
KJ942681.1	408	494	0	1	1	494
KJ942681.1	417	948	1	0	1	417
KJ942681.1	449	664	1	0	1	449
KJ942681.1	449	693	0	1	1	693
KJ942681.1	460	878	0	1	1	878
KJ942681.1	485	1111	1	0	1	485
KJ942681.1	486	815	1	0	1	486
KJ942681.1	494	553	0	1	1	553
KJ942681.1	495	692	0	1	1	692
KJ942681.1	497	746	1	0	1	497
KJ942681.1	500	806	1	0	1	500
KJ942681.1	501	555	0	1	1	555
KJ942681.1	502	695	0	1	1	695
KJ942681.1	513	1076	1	0	1	513
KJ942681.1	513	540	0	1	1	540
KJ942681.1	513	798	1	0	1	513
KJ942681.1	538	1131	0	1	1	1131
KJ942681.1	538	818	0	1	1	818
KJ942681.1	540	966	1	0	1	540
KJ942681.1	554	651	1	0	1	554
KJ942681.1	557	808	1	0	1	557
KJ942681.1	563	799	1	0	1	563
KJ942681.1	569	687	1	0	1	569
KJ942681.1	570	853	1	0	1	570
KJ942681.1	571	899	0	1	1	899
KJ942681.1	575	710	0	1	1	710
KJ942681.1	581	637	0	1	1	637
KJ942681.1	589	1132	1	0	1	589
KJ942681.1	599	702	1	0	1	599
KJ942681.1	600	817	1	1	2	600
KJ942681.1	604	877	1	3	4	604
KJ942681.1	610	1011	1	1	2	610
KJ942681.1	626	1056	0	1	1	1056
KJ942681.1	630	677	1	0	1	630
KJ942681.1	641	774	1	1	2	641
KJ942681.1	644	667	0	1	1	667
KJ942681.1	644	972	1	0	1	644
KJ942681.1	663	841	0	1	1	841
KJ942681.1	690	1089	1	0	1	690
KJ942681.1	692	1110	0	1	1	1110
KJ942681.1	694	1081	0	1	1	1081
KJ942681.1	694	830	1	1	2	694
KJ942681.1	700	854	0	1	1	854
KJ942681.1	705	1051	0	1	1	1051
KJ942681.1	707	935	1	0	1	707
KJ942681.1	709	913	1	0	1	709
KJ942681.1	723	819	0	1	1	819
KJ942681.1	727	834	0	1	1	834
KJ942681.1	728	951	1	1	2	728
KJ942681.1	730	930	1	2	3	730
KJ942681.1	730	980	1	2	3	730
KJ942681.1	733	875	6	7	13	733
KJ942681.1	736	949	0	1	1	949
KJ942681.1	742	1052	0	1	1	1052
KJ942681.1	761	980	0	1	1	980
KJ942681.1	762	952	0	1	1	952
KJ942681.1	783	865	2	0	2	783
KJ942681.1	799	868	1	0	1	799
KJ942681.1	803	897	0	1	1	897
KJ942681.1	805	929	1	0	1	805
KJ942681.1	807	1011	0	1	1	1011
KJ942681.1	812	846	0	1	1	846
KJ942681.1	832	881	1	2	3	832
KJ942681.1	833	869	0	2	2	869
KJ942681.1	843	898	1	0	1	843
KJ942681.1	845	1185	0	1	1	1185
KJ942681.1	845	899	1	0	1	845
KJ942681.1	859	959	0	1	1	959
KJ942681.1	860	1069	1	0	1	860
KJ942681.1	896	1027	0	1	1	1027
KJ942681.1	939	1055	1	0	1	939
KJ942681.1	956	1081	1	0	1	956
KJ942681.1	971	1127	1	0	1	971
KJ942681.1	982	1071	0	1	1	1071
KJ942681.1	993	1046	0	1	1	1046
KJ942682.1	1035	1593	0	1	1	1593
KJ942682.1	1139	1347	1	0	1	1139
KJ942682.1	1320	1477	1	0	1	1320
KJ942682.1	1327	1488	0	1	1	1488
KJ942682.1	1351	1456	1	1	2	1351
KJ942682.1	1381	1443	1	0	1	1381
KJ942682.1	1545	1619	0	1	1	1619
KJ942682.1	298	903	0	1	1	903
KJ942682.1	323	1351	2	0	2	323
KJ942682.1	328	1455	1	13	14	328
KJ942682.1	337	1483	0	2	2	1483
KJ942682.1	362	859	0	1	1	859
KJ942682.1	363	1587	0	1	1	1587
KJ942682.1	386	1405	0	1	1	1405
KJ942682.1	394	431	1	0	1	394
KJ942682.1	401	469	0	1	1	469
KJ942682.1	403	547	1	0	1	403
KJ942682.1	409	938	0	1	1	938
KJ942682.1	416	1529	1	0	1	416
KJ942682.1	416	763	1	0	1	416
KJ942682.1	431	929	1	0	1	431
KJ942682.1	432	1345	2	0	2	432
KJ942682.1	442	538	0	1	1	538
KJ942682.1	452	1101	0	1	1	1101
KJ942682.1	501	524	0	1	1	524
KJ942682.1	508	572	1	0	1	508
KJ942682.1	509	1234	1	0	1	509
KJ942682.1	510	875	0	1	1	875
KJ942682.1	514	885	0	1	1	885
KJ942682.1	520	1260	1	1	2	520
KJ942682.1	529	981	1	0	1	529
KJ942682.1	532	1463	1	0	1	532
KJ942682.1	566	679	0	1	1	679
KJ942682.1	577	1299	0	1	1	1299
KJ942682.1	593	936	1	0	1	593
KJ942682.1	597	1604	0	1	1	1604
KJ942682.1	608	1086	1	0	1	608
KJ942682.1	632	710	1	0	1	632
KJ942682.1	686	1406	1	0	1	686
KJ942682.1	719	1168	1	0	1	719
KJ942682.1	728	879	1	0	1	728
KJ942682.1	753	1070	0	1	1	1070
KJ942682.1	753	1183	1	0	1	753
KJ942682.1	756	1180	1	0	1	756
KJ942682.1	786	1416	0	1	1	1416
KJ942682.1	817	1490	1	0	1	817
KJ942682.1	824	1233	0	1	1	1233
KJ942682.1	830	1316	0	1	1	1316
KJ942682.1	850	1247	0	1	1	1247
KJ942682.1	892	1090	1	0	1	892
KJ942682.1	904	957	0	1	1	957
KJ942682.1	937	1260	0	1	1	1260
KJ942682.1	956	1187	0	1	1	1187
KJ942682.1	960	1607	0	1	1	1607
KJ942682.1	970	1051	0	1	1	1051
KJ942682.1	979	1310	1	0	1	979
KJ942683.1	1018	1369	1	0	1	1018
KJ942683.1	1057	1141	1	0	1	1057
KJ942683.1	1058	1245	0	1	1	1245
KJ942683.1	1058	1577	0	1	1	1577
KJ942683.1	1077	1612	0	1	1	1612
KJ942683.1	1091	1394	0	1	1	1394
KJ942683.1	1115	1223	0	1	1	1223
KJ942683.1	1117	1478	2	0	2	1117
KJ942683.1	1152	1243	0	1	1	1243
KJ942683.1	1159	1687	0	1	1	1687
KJ942683.1	1225	1493	1	0	1	1225
KJ942683.1	1249	1456	0	1	1	1456
KJ942683.1	1264	1547	1	0	1	1264
KJ942683.1	1275	1410	1	0	1	1275
KJ942683.1	1314	1648	0	1	1	1648
KJ942683.1	1335	1388	0	1	1	1388
KJ942683.1	1394	1698	0	1	1	1698
KJ942683.1	1431	1685	0	1	1	1685
KJ942683.1	1438	1565	0	1	1	1565
KJ942683.1	1450	1527	1	2	3	1450
KJ942683.1	1452	1615	0	1	1	1615
KJ942683.1	1512	1693	0	1	1	1693
KJ942683.1	1577	1701	0	1	1	1701
KJ942683.1	1595	1712	0	3	3	1712
KJ942683.1	1604	1710	0	3	3	1710
KJ942683.1	1619	1740	0	1	1	1740
KJ942683.1	1662	1701	0	4	4	1701
KJ942683.1	1666	1710	0	1	1	1710
KJ942683.1	269	1209	1	0	1	269
KJ942683.1	269	1564	1	0	1	269
KJ942683.1	295	922	1	0	1	295
KJ942683.1	297	1603	2	1	3	297
KJ942683.1	300	861	1	0	1	300
KJ942683.1	305	899	1	1	2	305
KJ942683.1	319	1591	1	0	1	319
KJ942683.1	350	1497	0	1	1	1497
KJ942683.1	354	1517	0	1	1	1517
KJ942683.1	361	1521	1	0	1	361
KJ942683.1	364	490	1	0	1	364
KJ942683.1	375	1507	0	1	1	1507
KJ942683.1	380	1589	0	1	1	1589
KJ942683.1	386	1152	1	1	2	386
KJ942683.1	394	1506	1	0	1	394
KJ942683.1	396	1596	2	0	2	396
KJ942683.1	396	499	0	1	1	499
KJ942683.1	403	1532	0	3	3	1532
KJ942683.1	407	1254	1	0	1	407
KJ942683.1	412	1547	0	1	1	1547
KJ942683.1	415	721	0	1	1	721
KJ942683.1	419	1183	1	0	1	419
KJ942683.1	427	1218	0	1	1	1218
KJ942683.1	449	1537	1	0	1	449
KJ942683.1	453	1348	0	1	1	1348
KJ942683.1	458	1412	1	0	1	458
KJ942683.1	472	705	1	0	1	472
KJ942683.1	480	652	0	1	1	652
KJ942683.1	498	1621	2	0	2	498
KJ942683.1	507	1419	1	0	1	507
KJ942683.1	514	1171	1	0	1	514
KJ942683.1	519	1137	0	1	1	1137
KJ942683.1	522	922	1	0	1	522
KJ942683.1	536	856	5	1	6	536
KJ942683.1	541	1412	1	0	1	541
KJ942683.1	546	997	1	0	1	546
KJ942683.1	551	881	0	1	1	881
KJ942683.1	573	1469	0	1	1	1469
KJ942683.1	589	1700	0	1	1	1700
KJ942683.1	590	1557	0	1	1	1557
KJ942683.1	606	1289	0	1	1	1289
KJ942683.1	634	1144	1	0	1	634
KJ942683.1	635	827	1	0	1	635
KJ942683.1	636	1080	0	1	1	1080
KJ942683.1	637	837	1	0	1	637
KJ942683.1	638	904	1	0	1	638
KJ942683.1	641	991	0	1	1	991
KJ942683.1	650	876	1	0	1	650
KJ942683.1	657	993	1	0	1	657
KJ942683.1	680	1510	0	1	1	1510
KJ942683.1	682	1357	0	1	1	1357
KJ942683.1	701	1470	1	0	1	701
KJ942683.1	702	1383	0	1	1	1383
KJ942683.1	702	1466	1	0	1	702
KJ942683.1	758	1283	0	1	1	1283
KJ942683.1	767	862	0	1	1	862
KJ942683.1	771	1448	0	1	1	1448
KJ942683.1	776	1162	0	1	1	1162
KJ942683.1	782	1583	1	0	1	782
KJ942683.1	784	1214	0	1	1	1214
KJ942683.1	794	935	1	0	1	794
KJ942683.1	803	1110	0	1	1	1110
KJ942683.1	815	950	0	1	1	950
KJ942683.1	829	1037	1	0	1	829
KJ942683.1	832	997	1	1	2	832
KJ942683.1	834	1413	0	1	1	1413
KJ942683.1	843	922	0	1	1	922
KJ942683.1	844	1537	1	0	1	844
KJ942683.1	859	1268	0	1	1	1268
KJ942683.1	871	1453	0	1	1	1453
KJ942683.1	872	1472	1	0	1	872
KJ942683.1	872	946	0	1	1	946
KJ942683.1	892	966	0	1	1	966
KJ942683.1	924	1376	1	1	2	924
KJ942683.1	950	1292	0	1	1	1292
KJ942683.1	952	1710	0	1	1	1710
KJ942683.1	955	1240	1	0	1	955
KJ942683.1	958	1046	0	1	1	1046
KJ942683.1	964	1093	1	0	1	964
KJ942683.1	973	1535	0	1	1	1535
KJ942683.1	983	1055	0	1	1	1055
KJ942683.1	983	1091	0	1	1	1091
KJ942684.1	285	944	1	0	1	285
KJ942684.1	287	949	5	0	5	287
KJ942684.1	302	1017	1	0	1	302
KJ942684.1	307	434	0	1	1	434
KJ942684.1	357	591	1	2	3	357
KJ942684.1	359	959	0	1	1	959
KJ942684.1	389	875	2	1	3	389
KJ942684.1	432	1013	0	1	1	1013
KJ942684.1	456	865	3	2	5	456
KJ942684.1	490	1040	0	1	1	1040
KJ942684.1	514	744	1	0	1	514
KJ942684.1	519	627	0	1	1	627
KJ942684.1	526	755	8	17	25	526
KJ942684.1	527	573	1	1	2	527
KJ942684.1	534	761	0	3	3	761
KJ942684.1	563	854	0	1	1	854
KJ942684.1	565	608	1	0	1	565
KJ942684.1	698	870	0	1	1	870
KJ942685.1	1004	1524	1	1	2	1004
KJ942685.1	1004	1539	2	1	3	1004
KJ942685.1	1017	2257	0	1	1	2257
KJ942685.1	1023	1047	0	1	1	1047
KJ942685.1	1044	1083	1	2	3	1044
KJ942685.1	1050	1971	3	0	3	1050
KJ942685.1	1053	1098	1	0	1	1053
KJ942685.1	1053	2232	0	1	1	2232
KJ942685.1	1057	1990	1	1	2	1057
KJ942685.1	1084	1675	0	1	1	1675
KJ942685.1	1087	1489	1	0	1	1087
KJ942685.1	1091	2089	1	0	1	1091
KJ942685.1	1094	2275	1	0	1	1094
KJ942685.1	1103	2305	1	0	1	1103
KJ942685.1	1106	2016	1	0	1	1106
KJ942685.1	1108	2251	1	0	1	1108
KJ942685.1	1111	2024	0	1	1	2024
KJ942685.1	1115	1821	1	0	1	1115
KJ942685.1	1161	2095	0	1	1	2095
KJ942685.1	1205	2316	0	1	1	2316
KJ942685.1	1220	1968	2	0	2	1220
KJ942685.1	1248	2060	0	1	1	2060
KJ942685.1	1248	2201	1	0	1	1248
KJ942685.1	1266	1856	1	1	2	1266
KJ942685.1	1269	1658	2	1	3	1269
KJ942685.1	1285	1861	0	1	1	1861
KJ942685.1	1292	1970	1	1	2	1292
KJ942685.1	1301	2072	0	1	1	2072
KJ942685.1	1395	2101	0	1	1	2101
KJ942685.1	1406	1568	1	0	1	1406
KJ942685.1	1418	1579	0	1	1	1579
KJ942685.1	1451	1500	1	1	2	1451
KJ942685.1	1465	2070	1	0	1	1465
KJ942685.1	1473	1911	1	0	1	1473
KJ942685.1	1507	2123	1	0	1	1507
KJ942685.1	1518	1640	1	0	1	1518
KJ942685.1	1518	2199	0	1	1	2199
KJ942685.1	1520	1847	1	0	1	1520
KJ942685.1	1521	2013	5	3	8	1521
KJ942685.1	1522	2115	0	1	1	2115
KJ942685.1	1539	2305	2	2	4	1539
KJ942685.1	1544	2371	0	2	2	2371
KJ942685.1	1554	1801	1	0	1	1554
KJ942685.1	1555	2018	1	5	6	1555
KJ942685.1	1557	1978	1	0	1	1557
KJ942685.1	1559	2297	0	1	1	2297
KJ942685.1	1563	1968	1	0	1	1563
KJ942685.1	1577	2006	6	1	7	1577
KJ942685.1	1583	2346	1	0	1	1583
KJ942685.1	1611	1655	1	0	1	1611
KJ942685.1	1614	2297	2	0	2	1614
KJ942685.1	1649	2187	0	1	1	2187
KJ942685.1	1686	2266	0	1	1	2266
KJ942685.1	1694	2300	1	0	1	1694
KJ942685.1	1712	1863	0	1	1	1863
KJ942685.1	1714	1967	2	0	2	1714
KJ942685.1	1736	2106	1	0	1	1736
KJ942685.1	1754	2201	0	1	1	2201
KJ942685.1	1763	2302	1	0	1	1763
KJ942685.1	1800	2017	0	2	2	2017
KJ942685.1	1803	1972	1	0	1	1803
KJ942685.1	1823	2122	0	1	1	2122
KJ942685.1	1836	2371	0	1	1	2371
KJ942685.1	1848	1970	0	1	1	1970
KJ942685.1	1852	2263	0	1	1	2263
KJ942685.1	1859	2033	0	1	1	2033
KJ942685.1	2012	2070	0	1	1	2070
KJ942685.1	2050	2079	1	0	1	2050
KJ942685.1	2068	2116	2	0	2	2068
KJ942685.1	2074	2181	1	0	1	2074
KJ942685.1	2083	2201	0	1	1	2201
KJ942685.1	2096	2198	0	1	1	2198
KJ942685.1	2097	2134	0	1	1	2134
KJ942685.1	2140	2190	7	1	8	2140
KJ942685.1	2142	2226	0	1	1	2226
KJ942685.1	2143	2181	2	0	2	2143
KJ942685.1	2156	2390	0	1	1	2390
KJ942685.1	2179	2201	1	0	1	2179
KJ942685.1	2185	2262	1	0	1	2185
KJ942685.1	2191	2225	0	1	1	2225
KJ942685.1	2248	2318	1	1	2	2248
KJ942685.1	2268	2330	0	1	1	2330
KJ942685.1	2281	2321	1	0	1	2281
KJ942685.1	268	399	5	0	5	268
KJ942685.1	291	2086	1	0	1	291
KJ942685.1	293	321	1	1	2	293
KJ942685.1	297	2255	2	0	2	297
KJ942685.1	297	330	5	1	6	297
KJ942685.1	299	1709	1	0	1	299
KJ942685.1	302	2159	15	10	25	302
KJ942685.1	302	2174	2	1	3	302
KJ942685.1	306	345	1	1	2	306
KJ942685.1	323	375	0	2	2	375
KJ942685.1	329	2144	2	9	11	329
KJ942685.1	332	2174	1	9	10	332
KJ942685.1	344	2293	12	1	13	344
KJ942685.1	345	2061	0	2	2	2061
KJ942685.1	345	2164	0	1	1	2164
KJ942685.1	345	2249	2	3	5	345
KJ942685.1	346	2153	0	2	2	2153
KJ942685.1	348	2054	0	1	1	2054
KJ942685.1	354	2189	0	1	1	2189
KJ942685.1	358	2182	1	5	6	358
KJ942685.1	359	2072	1	4	5	359
KJ942685.1	362	2199	1	1	2	362
KJ942685.1	371	2166	0	3	3	2166
KJ942685.1	373	397	1	3	4	373
KJ942685.1	374	2193	3	11	14	374
KJ942685.1	378	2171	0	1	1	2171
KJ942685.1	378	402	0	4	4	402
KJ942685.1	379	1853	0	1	1	1853
KJ942685.1	379	2165	0	3	3	2165
KJ942685.1	397	2101	1	4	5	397
KJ942685.1	398	421	0	2	2	421
KJ942685.1	403	2071	1	0	1	403
KJ942685.1	404	2146	1	1	2	404
KJ942685.1	407	2167	1	0	1	407
KJ942685.1	408	2160	1	0	1	408
KJ942685.1	411	2167	2	8	10	411
KJ942685.1	413	2196	1	1	2	413
KJ942685.1	414	2159	0	5	5	2159
KJ942685.1	415	2175	1	0	1	415
KJ942685.1	415	542	1	0	1	415
KJ942685.1	418	2117	1	0	1	418
KJ942685.1	421	2116	3	1	4	421
KJ942685.1	421	2145	0	1	1	2145
KJ942685.1	426	2158	0	5	5	2158
KJ942685.1	426	2166	5	5	10	426
KJ942685.1	436	2147	1	0	1	436
KJ942685.1	441	764	1	0	1	441
KJ942685.1	444	2183	56	44	100	444
KJ942685.1	466	2291	0	1	1	2291
KJ942685.1	469	1956	1	0	1	469
KJ942685.1	471	2011	1	0	1	471
KJ942685.1	475	2135	1	0	1	475
KJ942685.1	483	2103	1	0	1	483
KJ942685.1	488	2082	2	3	5	488
KJ942685.1	489	1571	0	1	1	1571
KJ942685.1	493	2042	9	12	21	493
KJ942685.1	493	2044	2	3	5	493
KJ942685.1	494	2069	1	0	1	494
KJ942685.1	499	1393	1	0	1	499
KJ942685.1	500	1924	3	1	4	500
KJ942685.1	511	2160	1	2	3	511
KJ942685.1	514	2223	5	0	5	514
KJ942685.1	517	1631	0	1	1	1631
KJ942685.1	525	2149	3	2	5	525
KJ942685.1	528	1745	0	1	1	1745
KJ942685.1	531	2069	2	1	3	531
KJ942685.1	536	1471	1	0	1	536
KJ942685.1	557	2038	2	1	3	557
KJ942685.1	561	1922	2	0	2	561
KJ942685.1	562	1024	0	1	1	1024
KJ942685.1	562	684	1	0	1	562
KJ942685.1	565	2008	0	1	1	2008
KJ942685.1	567	2352	0	1	1	2352
KJ942685.1	573	2020	2	1	3	573
KJ942685.1	573	2062	0	1	1	2062
KJ942685.1	575	915	1	0	1	575
KJ942685.1	576	1960	0	1	1	1960
KJ942685.1	577	2044	1	0	1	577
KJ942685.1	582	801	1	0	1	582
KJ942685.1	585	1744	3	0	3	585
KJ942685.1	590	2007	1	0	1	590
KJ942685.1	590	2210	1	0	1	590
KJ942685.1	601	1882	1	0	1	601
KJ942685.1	605	923	1	0	1	605
KJ942685.1	607	2013	5	0	5	607
KJ942685.1	607	2281	0	1	1	2281
KJ942685.1	608	1879	0	1	1	1879
KJ942685.1	609	1923	1	0	1	609
KJ942685.1	609	915	1	0	1	609
KJ942685.1	612	1951	7	0	7	612
KJ942685.1	614	983	2	1	3	614
KJ942685.1	624	1123	1	0	1	624
KJ942685.1	627	1881	0	1	1	1881
KJ942685.1	644	1185	1	0	1	644
KJ942685.1	647	2073	1	0	1	647
KJ942685.1	650	1910	0	1	1	1910
KJ942685.1	669	1968	0	1	1	1968
KJ942685.1	679	1943	1	0	1	679
KJ942685.1	685	1634	1	0	1	685
KJ942685.1	688	1618	1	0	1	688
KJ942685.1	689	1966	12	8	20	689
KJ942685.1	692	1931	1	0	1	692
KJ942685.1	697	1664	1	0	1	697
KJ942685.1	697	1970	2	0	2	697
KJ942685.1	700	782	1	0	1	700
KJ942685.1	704	2006	0	1	1	2006
KJ942685.1	706	1802	3	0	3	706
KJ942685.1	706	1877	0	1	1	1877
KJ942685.1	709	1658	2	0	2	709
KJ942685.1	709	2392	0	2	2	2392
KJ942685.1	710	2006	7	3	10	710
KJ942685.1	711	1031	1	0	1	711
KJ942685.1	711	880	4	5	9	711
KJ942685.1	713	927	1	1	2	713
KJ942685.1	726	2011	1	0	1	726
KJ942685.1	729	2001	1	0	1	729
KJ942685.1	734	2005	1	0	1	734
KJ942685.1	739	1839	0	1	1	1839
KJ942685.1	753	1842	6	4	10	753
KJ942685.1	767	1692	1	0	1	767
KJ942685.1	770	2051	2	1	3	770
KJ942685.1	773	2012	1	0	1	773
KJ942685.1	778	1963	4	0	4	778
KJ942685.1	780	2091	0	1	1	2091
KJ942685.1	780	2177	4	0	4	780
KJ942685.1	782	2058	1	0	1	782
KJ942685.1	788	1712	5	2	7	788
KJ942685.1	790	1911	1	0	1	790
KJ942685.1	792	1120	1	0	1	792
KJ942685.1	794	2086	0	1	1	2086
KJ942685.1	796	1215	0	1	1	1215
KJ942685.1	805	2216	1	0	1	805
KJ942685.1	821	1298	1	0	1	821
KJ942685.1	826	1936	1	0	1	826
KJ942685.1	834	1655	1	0	1	834
KJ942685.1	835	2197	0	1	1	2197
KJ942685.1	838	2024	0	1	1	2024
KJ942685.1	854	2189	1	0	1	854
KJ942685.1	856	1574	0	1	1	1574
KJ942685.1	864	1936	1	0	1	864
KJ942685.1	899	1044	0	1	1	1044
KJ942685.1	903	2257	0	1	1	2257
KJ942685.1	908	1724	0	1	1	1724
KJ942685.1	913	1865	0	1	1	1865
KJ942685.1	923	2014	1	1	2	923
KJ942685.1	936	1598	0	1	1	1598
KJ942685.1	937	1090	0	1	1	1090
KJ942685.1	939	1741	2	0	2	939
KJ942685.1	949	2338	1	0	1	949
KJ942685.1	958	1663	1	0	1	958
KJ942685.1	962	2109	1	0	1	962
KJ942685.1	984	1075	0	4	4	1075
KJ942685.1	994	2111	0	1	1	2111
KJ942686.1	1029	1130	2	0	2	1029
KJ942686.1	1096	2403	1	0	1	1096
KJ942686.1	1098	1991	0	1	1	1991
KJ942686.1	1288	1885	1	0	1	1288
KJ942686.1	1288	2238	0	1	1	2238
KJ942686.1	1395	1452	1	0	1	1395
KJ942686.1	1455	1992	1	1	2	1455
KJ942686.1	1602	2272	1	0	1	1602
KJ942686.1	1749	2194	1	1	2	1749
KJ942686.1	2246	2343	0	1	1	2343
KJ942686.1	284	2343	1	0	1	284
KJ942686.1	295	2330	1	0	1	295
KJ942686.1	297	2343	15	5	20	297
KJ942686.1	339	2190	0	1	1	2190
KJ942686.1	350	623	1	0	1	350
KJ942686.1	358	2212	0	1	1	2212
KJ942686.1	377	2311	2	0	2	377
KJ942686.1	386	1650	3	0	3	386
KJ942686.1	386	2012	1	0	1	386
KJ942686.1	397	2197	1	1	2	397
KJ942686.1	400	2256	1	0	1	400
KJ942686.1	413	1140	1	0	1	413
KJ942686.1	415	2312	0	1	1	2312
KJ942686.1	439	2253	1	0	1	439
KJ942686.1	449	2470	0	1	1	2470
KJ942686.1	455	2341	1	0	1	455
KJ942686.1	471	2252	0	2	2	2252
KJ942686.1	486	2354	1	0	1	486
KJ942686.1	490	1771	0	1	1	1771
KJ942686.1	519	1212	1	0	1	519
KJ942686.1	524	2085	1	0	1	524
KJ942686.1	533	569	0	1	1	569
KJ942686.1	548	2167	4	0	4	548
KJ942686.1	558	1132	1	0	1	558
KJ942686.1	560	2176	16	3	19	560
KJ942686.1	568	2207	0	1	1	2207
KJ942686.1	606	2406	3	0	3	606
KJ942686.1	617	2185	0	1	1	2185
KJ942686.1	673	2460	0	1	1	2460
KJ942686.1	705	757	0	1	1	757
KJ942686.1	742	1390	1	0	1	742
KJ942686.1	782	1508	1	0	1	782
KJ942686.1	797	1152	0	1	1	1152
KJ942686.1	797	1666	0	1	1	1666
KJ942686.1	820	1840	0	1	1	1840
KJ942686.1	838	1881	1	0	1	838
KJ942686.1	870	2375	0	1	1	2375
KJ942686.1	899	1627	1	0	1	899
KJ942686.1	918	1975	1	1	2	918
KJ942686.1	939	2458	0	1	1	2458
KJ942686.1	949	1849	0	1	1	1849
KJ942686.1	978	1681	0	1	1	1681
KJ942686.1	981	1685	0	1	1	1685
KJ942686.1	987	1463	1	0	1	987
KJ942687.1	1027	2010	0	1	1	2010
KJ942687.1	1044	2271	1	0	1	1044
KJ942687.1	1067	1619	1	0	1	1067
KJ942687.1	1077	2263	0	3	3	2263
KJ942687.1	1079	1644	0	1	1	1644
KJ942687.1	1123	1724	1	0	1	1123
KJ942687.1	1136	1955	0	1	1	1955
KJ942687.1	1149	1494	0	1	1	1494
KJ942687.1	1169	1785	1	0	1	1169
KJ942687.1	1222	2069	0	1	1	2069
KJ942687.1	1273	1337	0	1	1	1337
KJ942687.1	1303	2481	0	1	1	2481
KJ942687.1	1381	1713	0	1	1	1713
KJ942687.1	1420	2362	0	1	1	2362
KJ942687.1	1463	1583	1	0	1	1463
KJ942687.1	1481	2269	1	0	1	1481
KJ942687.1	1504	2090	0	1	1	2090
KJ942687.1	1546	2347	1	0	1	1546
KJ942687.1	1547	2104	0	1	1	2104
KJ942687.1	1568	1708	1	0	1	1568
KJ942687.1	1693	2172	0	1	1	2172
KJ942687.1	1732	1908	1	1	2	1732
KJ942687.1	1735	1940	1	0	1	1735
KJ942687.1	1762	2219	0	1	1	2219
KJ942687.1	1807	1912	0	1	1	1912
KJ942687.1	1859	2291	0	1	1	2291
KJ942687.1	1897	2167	0	1	1	2167
KJ942687.1	2050	2315	0	1	1	2315
KJ942687.1	2188	2365	0	1	1	2365
KJ942687.1	2233	2406	1	0	1	2233
KJ942687.1	2243	2325	0	1	1	2325
KJ942687.1	2271	2341	0	1	1	2341
KJ942687.1	267	1036	1	0	1	267
KJ942687.1	278	1252	1	0	1	278
KJ942687.1	297	557	1	0	1	297
KJ942687.1	300	2477	1	1	2	300
KJ942687.1	302	2045	1	0	1	302
KJ942687.1	319	2052	1	6	7	319
KJ942687.1	330	2371	0	1	1	2371
KJ942687.1	333	2335	0	1	1	2335
KJ942687.1	347	2336	1	0	1	347
KJ942687.1	350	473	0	1	1	473
KJ942687.1	359	1255	0	1	1	1255
KJ942687.1	362	1258	0	1	1	1258
KJ942687.1	365	722	0	1	1	722
KJ942687.1	370	1973	0	1	1	1973
KJ942687.1	376	482	0	1	1	482
KJ942687.1	381	1660	0	1	1	1660
KJ942687.1	381	2349	0	4	4	2349
KJ942687.1	386	1896	0	1	1	1896
KJ942687.1	388	2353	0	3	3	2353
KJ942687.1	389	2326	1	11	12	389
KJ942687.1	389	2344	24	56	80	389
KJ942687.1	391	2297	0	22	22	2297
KJ942687.1	395	1282	0	1	1	1282
KJ942687.1	400	2351	0	4	4	2351
KJ942687.1	417	2277	0	1	1	2277
KJ942687.1	421	1922	0	4	4	1922
KJ942687.1	423	2348	2	0	2	423
KJ942687.1	425	2318	0	1	1	2318
KJ942687.1	431	2327	1	0	1	431
KJ942687.1	432	2266	0	1	1	2266
KJ942687.1	434	2262	0	1	1	2262
KJ942687.1	437	1177	1	0	1	437
KJ942687.1	451	2331	1	2	3	451
KJ942687.1	455	1962	0	1	1	1962
KJ942687.1	467	2189	1	1	2	467
KJ942687.1	471	2253	1	0	1	471
KJ942687.1	471	925	1	0	1	471
KJ942687.1	475	2219	0	1	1	2219
KJ942687.1	476	2193	20	28	48	476
KJ942687.1	487	2506	0	1	1	2506
KJ942687.1	490	1089	1	0	1	490
KJ942687.1	496	2168	1	0	1	496
KJ942687.1	504	2033	0	1	1	2033
KJ942687.1	505	1526	0	1	1	1526
KJ942687.1	529	2158	10	15	25	529
KJ942687.1	530	2173	9	23	32	530
KJ942687.1	532	1952	0	1	1	1952
KJ942687.1	535	2164	1	1	2	535
KJ942687.1	547	2468	0	1	1	2468
KJ942687.1	559	1222	1	0	1	559
KJ942687.1	560	2303	0	1	1	2303
KJ942687.1	565	1358	1	0	1	565
KJ942687.1	569	2043	0	1	1	2043
KJ942687.1	577	945	1	0	1	577
KJ942687.1	578	2085	1	0	1	578
KJ942687.1	581	2035	0	1	1	2035
KJ942687.1	589	1378	1	0	1	589
KJ942687.1	619	2372	0	1	1	2372
KJ942687.1	657	1029	0	1	1	1029
KJ942687.1	660	1825	1	0	1	660
KJ942687.1	680	2167	1	0	1	680
KJ942687.1	692	825	0	1	1	825
KJ942687.1	735	1964	1	0	1	735
KJ942687.1	747	1974	1	0	1	747
KJ942687.1	750	2325	0	1	1	2325
KJ942687.1	759	2320	1	0	1	759
KJ942687.1	780	1965	1	0	1	780
KJ942687.1	783	2488	1	0	1	783
KJ942687.1	788	1251	0	1	1	1251
KJ942687.1	841	2037	0	1	1	2037
KJ942687.1	906	1777	2	1	3	906
KJ942687.1	928	1674	1	0	1	928
KJ942687.1	935	2219	0	1	1	2219
KJ942687.1	976	1555	1	0	1	976
