Segment	Start	Stop	Forward_support	Reverse_support	Total_support	Fuzz_factor
KJ942680.1	1028	1258	0	1	1	1258
KJ942680.1	1052	1458	1	0	1	1052
KJ942680.1	1068	1301	1	0	1	1068
KJ942680.1	1072	1377	0	1	1	1377
KJ942680.1	1072	1636	0	1	1	1636
KJ942680.1	1080	1540	0	1	1	1540
KJ942680.1	1080	1661	1	0	1	1080
KJ942680.1	1122	1284	1	0	1	1122
KJ942680.1	1131	1257	1	0	1	1131
KJ942680.1	1134	1641	0	1	1	1641
KJ942680.1	1252	1912	0	1	1	1912
KJ942680.1	1279	1353	6	3	9	1279
KJ942680.1	1302	1348	0	1	1	1348
KJ942680.1	1311	1663	0	1	1	1663
KJ942680.1	1315	1685	4	3	7	1315
KJ942680.1	1316	1338	1	0	1	1316
KJ942680.1	1325	1821	0	1	1	1821
KJ942680.1	1404	1444	1	0	1	1404
KJ942680.1	1413	1546	0	4	4	1546
KJ942680.1	1424	1664	1	0	1	1424
KJ942680.1	1452	1664	1	0	1	1452
KJ942680.1	1478	1638	0	1	1	1638
KJ942680.1	1498	1788	1	0	1	1498
KJ942680.1	1503	1783	1	0	1	1503
KJ942680.1	1513	1721	0	1	1	1721
KJ942680.1	1516	1826	1	0	1	1516
KJ942680.1	1524	1675	1	0	1	1524
KJ942680.1	1544	1664	0	1	1	1664
KJ942680.1	1577	1752	1	0	1	1577
KJ942680.1	1620	1796	0	1	1	1796
KJ942680.1	1728	1780	0	1	1	1780
KJ942680.1	1737	1789	1	0	1	1737
KJ942680.1	1739	1840	1	1	2	1739
KJ942680.1	260	1871	0	1	1	1871
KJ942680.1	261	1601	1	0	1	261
KJ942680.1	271	1748	1	0	1	271
KJ942680.1	300	1353	1	0	1	300
KJ942680.1	311	1713	0	1	1	1713
KJ942680.1	315	1380	1	0	1	315
KJ942680.1	381	1043	1	0	1	381
KJ942680.1	409	1641	0	1	1	1641
KJ942680.1	420	898	0	1	1	898
KJ942680.1	426	1747	0	1	1	1747
KJ942680.1	442	1457	1	0	1	442
KJ942680.1	448	886	0	1	1	886
KJ942680.1	455	1632	0	1	1	1632
KJ942680.1	481	770	0	1	1	770
KJ942680.1	485	613	0	1	1	613
KJ942680.1	489	1337	1	0	1	489
KJ942680.1	520	1835	0	1	1	1835
KJ942680.1	521	1850	0	1	1	1850
KJ942680.1	539	1062	0	1	1	1062
KJ942680.1	540	605	0	1	1	605
KJ942680.1	605	764	0	1	1	764
KJ942680.1	609	966	0	1	1	966
KJ942680.1	614	1218	0	1	1	1218
KJ942680.1	615	1314	1	0	1	615
KJ942680.1	626	1139	1	0	1	626
KJ942680.1	632	1230	0	1	1	1230
KJ942680.1	689	1650	1	0	1	689
KJ942680.1	711	929	0	1	1	929
KJ942680.1	713	1817	1	0	1	713
KJ942680.1	724	1628	1	0	1	724
KJ942680.1	734	1038	1	0	1	734
KJ942680.1	763	1745	0	1	1	1745
KJ942680.1	773	1304	1	0	1	773
KJ942680.1	780	1601	0	1	1	1601
KJ942680.1	782	1022	1	0	1	782
KJ942680.1	784	1064	1	0	1	784
KJ942680.1	791	1159	0	1	1	1159
KJ942680.1	821	1937	0	1	1	1937
KJ942680.1	827	1174	1	0	1	827
KJ942680.1	831	893	0	1	1	893
KJ942680.1	859	1923	0	1	1	1923
KJ942680.1	886	1100	1	0	1	886
KJ942680.1	893	929	0	1	1	929
KJ942680.1	897	1048	0	1	1	1048
KJ942680.1	901	1231	0	1	1	1231
KJ942680.1	923	1651	0	1	1	1651
KJ942680.1	968	1491	0	1	1	1491
KJ942681.1	1018	1058	1	0	1	1018
KJ942681.1	1046	1139	1	0	1	1046
KJ942681.1	246	917	1	0	1	246
KJ942681.1	254	337	1	0	1	254
KJ942681.1	261	543	1	0	1	261
KJ942681.1	278	1154	1	1	2	278
KJ942681.1	282	384	1	0	1	282
KJ942681.1	283	565	30	1	31	283
KJ942681.1	286	861	1	0	1	286
KJ942681.1	287	950	3	0	3	287
KJ942681.1	290	953	16	1	17	290
KJ942681.1	294	678	1	0	1	294
KJ942681.1	329	428	0	1	1	428
KJ942681.1	350	552	0	1	1	552
KJ942681.1	356	703	0	1	1	703
KJ942681.1	356	755	0	1	1	755
KJ942681.1	370	499	0	1	1	499
KJ942681.1	370	595	0	1	1	595
KJ942681.1	370	660	0	1	1	660
KJ942681.1	371	428	0	1	1	428
KJ942681.1	372	840	1	0	1	372
KJ942681.1	378	738	1	0	1	378
KJ942681.1	382	991	0	1	1	991
KJ942681.1	386	734	0	2	2	734
KJ942681.1	407	1088	1	0	1	407
KJ942681.1	408	1017	0	1	1	1017
KJ942681.1	409	560	1	0	1	409
KJ942681.1	409	625	0	1	1	625
KJ942681.1	409	646	0	1	1	646
KJ942681.1	409	969	1	0	1	409
KJ942681.1	411	1028	1	2	3	411
KJ942681.1	412	744	1	0	1	412
KJ942681.1	413	502	1	0	1	413
KJ942681.1	419	1078	0	1	1	1078
KJ942681.1	419	473	0	1	1	473
KJ942681.1	427	1075	1	0	1	427
KJ942681.1	434	723	0	1	1	723
KJ942681.1	434	921	1	0	1	434
KJ942681.1	446	835	0	1	1	835
KJ942681.1	449	693	2	6	8	449
KJ942681.1	456	622	0	1	1	622
KJ942681.1	467	1021	1	0	1	467
KJ942681.1	470	501	0	1	1	501
KJ942681.1	472	552	0	1	1	552
KJ942681.1	476	1048	1	0	1	476
KJ942681.1	485	889	0	1	1	889
KJ942681.1	492	584	0	2	2	584
KJ942681.1	493	955	1	0	1	493
KJ942681.1	493	978	0	1	1	978
KJ942681.1	494	920	0	1	1	920
KJ942681.1	495	738	0	1	1	738
KJ942681.1	495	961	0	1	1	961
KJ942681.1	500	644	2	4	6	500
KJ942681.1	509	675	0	1	1	675
KJ942681.1	514	562	0	1	1	562
KJ942681.1	538	1045	1	0	1	538
KJ942681.1	539	639	2	6	8	539
KJ942681.1	540	1076	1	0	1	540
KJ942681.1	550	781	1	0	1	550
KJ942681.1	556	931	1	1	2	556
KJ942681.1	579	906	1	1	2	579
KJ942681.1	581	637	0	2	2	637
KJ942681.1	601	708	0	1	1	708
KJ942681.1	604	877	3	2	5	604
KJ942681.1	604	976	8	2	10	604
KJ942681.1	611	1109	0	2	2	1109
KJ942681.1	616	1010	1	0	1	616
KJ942681.1	621	1120	0	1	1	1120
KJ942681.1	621	1159	0	1	1	1159
KJ942681.1	621	886	1	0	1	621
KJ942681.1	622	1093	0	1	1	1093
KJ942681.1	627	1023	0	1	1	1023
KJ942681.1	638	859	0	1	1	859
KJ942681.1	644	751	1	0	1	644
KJ942681.1	652	999	1	0	1	652
KJ942681.1	665	846	1	0	1	665
KJ942681.1	692	953	0	1	1	953
KJ942681.1	694	830	5	4	9	694
KJ942681.1	696	730	0	1	1	730
KJ942681.1	700	854	0	2	2	854
KJ942681.1	715	866	0	1	1	866
KJ942681.1	717	804	0	1	1	804
KJ942681.1	722	818	0	1	1	818
KJ942681.1	733	875	4	5	9	733
KJ942681.1	743	783	0	1	1	783
KJ942681.1	768	958	0	1	1	958
KJ942681.1	775	872	1	0	1	775
KJ942681.1	793	1072	1	0	1	793
KJ942681.1	805	839	0	3	3	839
KJ942681.1	805	848	1	0	1	805
KJ942681.1	831	952	0	1	1	952
KJ942681.1	832	881	6	3	9	832
KJ942681.1	837	1016	1	0	1	837
KJ942681.1	851	979	1	0	1	851
KJ942681.1	871	930	3	0	3	871
KJ942681.1	872	1024	1	0	1	872
KJ942681.1	874	998	1	0	1	874
KJ942681.1	877	977	1	2	3	877
KJ942681.1	896	1027	1	0	1	896
KJ942681.1	896	922	1	0	1	896
KJ942681.1	901	1033	1	0	1	901
KJ942681.1	901	1118	1	0	1	901
KJ942681.1	910	999	1	0	1	910
KJ942681.1	926	1023	1	0	1	926
KJ942681.1	939	1055	3	1	4	939
KJ942681.1	962	1042	1	0	1	962
KJ942681.1	969	1120	1	0	1	969
KJ942682.1	1059	1098	1	0	1	1059
KJ942682.1	1083	1530	0	1	1	1530
KJ942682.1	1088	1266	1	0	1	1088
KJ942682.1	1097	1287	0	1	1	1287
KJ942682.1	1104	1292	0	1	1	1292
KJ942682.1	1124	1227	0	2	2	1227
KJ942682.1	1138	1356	1	0	1	1138
KJ942682.1	1225	1366	1	0	1	1225
KJ942682.1	1238	1406	1	0	1	1238
KJ942682.1	1255	1350	0	1	1	1350
KJ942682.1	1299	1615	0	1	1	1615
KJ942682.1	1432	1561	2	0	2	1432
KJ942682.1	284	1455	14	0	14	284
KJ942682.1	302	436	1	0	1	302
KJ942682.1	317	393	0	1	1	393
KJ942682.1	366	1597	0	1	1	1597
KJ942682.1	366	647	1	0	1	366
KJ942682.1	388	757	0	1	1	757
KJ942682.1	403	1509	2	5	7	403
KJ942682.1	447	1479	0	1	1	1479
KJ942682.1	466	1073	0	1	1	1073
KJ942682.1	490	688	0	1	1	688
KJ942682.1	505	1071	0	1	1	1071
KJ942682.1	516	575	0	1	1	575
KJ942682.1	558	1019	0	1	1	1019
KJ942682.1	572	1291	1	0	1	572
KJ942682.1	575	837	1	0	1	575
KJ942682.1	578	1622	0	1	1	1622
KJ942682.1	591	1389	4	3	7	591
KJ942682.1	597	1100	0	1	1	1100
KJ942682.1	598	1001	1	0	1	598
KJ942682.1	609	1351	0	1	1	1351
KJ942682.1	710	1135	0	1	1	1135
KJ942682.1	791	1068	1	0	1	791
KJ942682.1	795	904	0	1	1	904
KJ942682.1	796	822	1	0	1	796
KJ942682.1	819	1594	0	1	1	1594
KJ942682.1	845	971	0	1	1	971
KJ942682.1	934	990	1	0	1	934
KJ942682.1	967	1046	0	1	1	1046
KJ942682.1	996	1496	1	0	1	996
KJ942683.1	1011	1245	1	0	1	1011
KJ942683.1	1012	1057	4	0	4	1012
KJ942683.1	1063	1538	1	0	1	1063
KJ942683.1	1106	1145	0	1	1	1145
KJ942683.1	1110	1174	0	1	1	1174
KJ942683.1	1123	1718	0	1	1	1718
KJ942683.1	1163	1607	0	1	1	1607
KJ942683.1	1239	1265	0	1	1	1265
KJ942683.1	1261	1405	1	0	1	1261
KJ942683.1	1341	1518	1	0	1	1341
KJ942683.1	1368	1576	1	0	1	1368
KJ942683.1	1404	1597	1	0	1	1404
KJ942683.1	1409	1695	0	1	1	1695
KJ942683.1	1456	1560	1	0	1	1456
KJ942683.1	1476	1720	0	1	1	1720
KJ942683.1	1544	1651	0	1	1	1651
KJ942683.1	1553	1649	1	0	1	1553
KJ942683.1	1577	1701	0	5	5	1701
KJ942683.1	261	618	1	0	1	261
KJ942683.1	270	457	1	0	1	270
KJ942683.1	271	1367	1	0	1	271
KJ942683.1	271	626	1	0	1	271
KJ942683.1	275	630	1	0	1	275
KJ942683.1	276	1273	1	0	1	276
KJ942683.1	285	1734	1	1	2	285
KJ942683.1	295	454	1	0	1	295
KJ942683.1	328	1402	0	1	1	1402
KJ942683.1	357	1517	0	2	2	1517
KJ942683.1	361	1603	0	1	1	1603
KJ942683.1	362	813	1	0	1	362
KJ942683.1	366	1077	0	1	1	1077
KJ942683.1	366	1253	1	0	1	366
KJ942683.1	370	742	0	1	1	742
KJ942683.1	374	1570	0	1	1	1570
KJ942683.1	377	1671	0	1	1	1671
KJ942683.1	389	490	1	2	3	389
KJ942683.1	391	1066	1	0	1	391
KJ942683.1	411	1556	2	5	7	411
KJ942683.1	412	1557	1	0	1	412
KJ942683.1	420	1437	0	4	4	1437
KJ942683.1	422	1504	4	5	9	422
KJ942683.1	426	1383	0	1	1	1383
KJ942683.1	432	1566	0	1	1	1566
KJ942683.1	440	1605	0	1	1	1605
KJ942683.1	447	1455	0	1	1	1455
KJ942683.1	455	972	1	0	1	455
KJ942683.1	467	587	1	0	1	467
KJ942683.1	472	1289	0	1	1	1289
KJ942683.1	476	1709	0	1	1	1709
KJ942683.1	480	1510	0	1	1	1510
KJ942683.1	482	996	0	1	1	996
KJ942683.1	488	1159	1	0	1	488
KJ942683.1	488	1540	1	2	3	488
KJ942683.1	496	1618	0	1	1	1618
KJ942683.1	507	1224	1	2	3	507
KJ942683.1	518	1544	1	0	1	518
KJ942683.1	536	856	2	3	5	536
KJ942683.1	541	1055	0	1	1	1055
KJ942683.1	542	1009	0	1	1	1009
KJ942683.1	560	830	1	1	2	560
KJ942683.1	561	1138	0	1	1	1138
KJ942683.1	603	1157	1	0	1	603
KJ942683.1	616	662	0	1	1	662
KJ942683.1	634	1634	1	0	1	634
KJ942683.1	659	1306	1	0	1	659
KJ942683.1	669	1539	0	1	1	1539
KJ942683.1	673	1554	1	1	2	673
KJ942683.1	701	1529	4	1	5	701
KJ942683.1	714	876	1	0	1	714
KJ942683.1	721	1371	1	0	1	721
KJ942683.1	733	955	1	0	1	733
KJ942683.1	753	1406	0	1	1	1406
KJ942683.1	767	1076	0	1	1	1076
KJ942683.1	773	1324	0	1	1	1324
KJ942683.1	797	1523	0	1	1	1523
KJ942683.1	802	1223	2	1	3	802
KJ942683.1	813	1519	1	0	1	813
KJ942683.1	830	1247	1	0	1	830
KJ942683.1	831	1562	0	1	1	1562
KJ942683.1	848	1526	5	6	11	848
KJ942683.1	855	1282	0	1	1	1282
KJ942683.1	905	1458	0	1	1	1458
KJ942683.1	938	1442	0	1	1	1442
KJ942683.1	952	1529	1	0	1	952
KJ942683.1	954	1199	1	1	2	954
KJ942683.1	966	1388	2	1	3	966
KJ942683.1	997	1464	1	0	1	997
KJ942684.1	235	1049	4	0	4	235
KJ942684.1	240	943	1	0	1	240
KJ942684.1	249	937	55	0	55	249
KJ942684.1	250	964	1	0	1	250
KJ942684.1	262	928	2	0	2	262
KJ942684.1	268	479	32	0	32	268
KJ942684.1	272	941	1	0	1	272
KJ942684.1	285	944	3	0	3	285
KJ942684.1	298	965	2	0	2	298
KJ942684.1	299	966	1	0	1	299
KJ942684.1	302	969	342	26	368	302
KJ942684.1	303	970	1	0	1	303
KJ942684.1	318	892	0	1	1	892
KJ942684.1	335	879	0	2	2	879
KJ942684.1	337	860	0	1	1	860
KJ942684.1	351	569	0	1	1	569
KJ942684.1	365	863	4	7	11	365
KJ942684.1	381	856	5	1	6	381
KJ942684.1	462	521	0	1	1	521
KJ942684.1	476	578	4	12	16	476
KJ942684.1	511	954	22	1	23	511
KJ942684.1	514	744	7	0	7	514
KJ942684.1	526	755	45	99	144	526
KJ942684.1	534	761	3	11	14	534
KJ942684.1	572	800	0	1	1	800
KJ942684.1	583	681	1	0	1	583
KJ942684.1	899	947	0	1	1	947
KJ942684.1	911	976	1	0	1	911
KJ942684.1	936	986	7	2	9	936
KJ942685.1	1021	1866	2	1	3	1021
KJ942685.1	1099	2381	0	1	1	2381
KJ942685.1	1106	2016	1	2	3	1106
KJ942685.1	1269	1658	2	1	3	1269
KJ942685.1	1310	2045	0	1	1	2045
KJ942685.1	1311	1354	0	1	1	1354
KJ942685.1	1426	2267	1	2	3	1426
KJ942685.1	1436	1759	0	1	1	1759
KJ942685.1	1452	1501	2	0	2	1452
KJ942685.1	1510	1816	1	0	1	1510
KJ942685.1	1520	1973	1	3	4	1520
KJ942685.1	1521	2013	1	0	1	1521
KJ942685.1	1527	2234	8	2	10	1527
KJ942685.1	1577	2006	10	1	11	1577
KJ942685.1	1634	2223	1	0	1	1634
KJ942685.1	1636	2084	2	0	2	1636
KJ942685.1	1640	2171	1	0	1	1640
KJ942685.1	1646	2343	0	1	1	2343
KJ942685.1	1676	1961	2	0	2	1676
KJ942685.1	1714	1967	1	1	2	1714
KJ942685.1	1745	1841	1	1	2	1745
KJ942685.1	1817	1839	5	5	10	1817
KJ942685.1	1846	1973	1	1	2	1846
KJ942685.1	1866	1899	5	0	5	1866
KJ942685.1	1930	1952	6	4	10	1930
KJ942685.1	1981	2163	0	12	12	2163
KJ942685.1	2015	2074	3	1	4	2015
KJ942685.1	2031	2104	1	1	2	2031
KJ942685.1	2040	2077	8	4	12	2040
KJ942685.1	2051	2074	6	3	9	2051
KJ942685.1	2130	2173	6	2	8	2130
KJ942685.1	2132	2156	4	0	4	2132
KJ942685.1	2133	2183	3	2	5	2133
KJ942685.1	2139	2163	1	0	1	2139
KJ942685.1	2143	2181	1	2	3	2143
KJ942685.1	2143	2185	0	1	1	2185
KJ942685.1	2150	2182	0	2	2	2182
KJ942685.1	2151	2188	0	3	3	2188
KJ942685.1	2151	2241	1	3	4	2151
KJ942685.1	2153	2208	4	1	5	2153
KJ942685.1	2157	2182	78	116	194	2157
KJ942685.1	2157	2245	2	1	3	2157
KJ942685.1	2212	2320	0	3	3	2320
KJ942685.1	2232	2256	6	2	8	2232
KJ942685.1	2292	2323	1	0	1	2292
KJ942685.1	265	2381	2	0	2	265
KJ942685.1	265	309	11	0	11	265
KJ942685.1	267	1915	1	0	1	267
KJ942685.1	268	2039	3	0	3	268
KJ942685.1	268	296	6	1	7	268
KJ942685.1	271	316	11	1	12	271
KJ942685.1	273	1189	1	0	1	273
KJ942685.1	277	2264	8	0	8	277
KJ942685.1	278	2378	1	0	1	278
KJ942685.1	280	316	136	32	168	280
KJ942685.1	280	527	20	2	22	280
KJ942685.1	281	320	10	0	10	281
KJ942685.1	282	318	1	0	1	282
KJ942685.1	288	844	1	0	1	288
KJ942685.1	290	315	1	0	1	290
KJ942685.1	292	1695	1	0	1	292
KJ942685.1	296	2296	1	1	2	296
KJ942685.1	301	2281	2	0	2	301
KJ942685.1	302	324	11	5	16	302
KJ942685.1	307	2281	0	1	1	2281
KJ942685.1	307	2282	1	20	21	307
KJ942685.1	307	2283	0	1	1	2283
KJ942685.1	310	2285	0	1	1	2285
KJ942685.1	314	370	1	0	1	314
KJ942685.1	315	358	3	5	8	315
KJ942685.1	322	348	0	1	1	348
KJ942685.1	329	1728	1	0	1	329
KJ942685.1	339	2147	0	2	2	2147
KJ942685.1	342	2147	0	1	1	2147
KJ942685.1	342	2226	4	4	8	342
KJ942685.1	344	2201	1	0	1	344
KJ942685.1	344	2256	84	112	196	344
KJ942685.1	345	2164	0	1	1	2164
KJ942685.1	345	2191	0	2	2	2191
KJ942685.1	345	2214	3	0	3	345
KJ942685.1	345	2218	2	2	4	345
KJ942685.1	345	2262	1	4	5	345
KJ942685.1	345	379	1	0	1	345
KJ942685.1	345	415	1	0	1	345
KJ942685.1	345	455	1	0	1	345
KJ942685.1	346	2235	2	1	3	346
KJ942685.1	346	376	1	0	1	346
KJ942685.1	356	2158	2	0	2	356
KJ942685.1	357	2227	1	0	1	357
KJ942685.1	358	2268	0	1	1	2268
KJ942685.1	370	2209	0	1	1	2209
KJ942685.1	370	2218	1	2	3	370
KJ942685.1	371	2151	28	221	249	371
KJ942685.1	371	2158	4	24	28	371
KJ942685.1	371	2232	1	2	3	371
KJ942685.1	371	2233	7	22	29	371
KJ942685.1	371	465	0	1	1	465
KJ942685.1	372	2183	8	48	56	372
KJ942685.1	373	397	1	3	4	373
KJ942685.1	374	2193	0	7	7	2193
KJ942685.1	375	2186	0	1	1	2186
KJ942685.1	378	2171	0	6	6	2171
KJ942685.1	380	2147	16	170	186	380
KJ942685.1	386	524	0	3	3	524
KJ942685.1	388	2154	0	2	2	2154
KJ942685.1	390	2131	0	2	2	2131
KJ942685.1	391	2209	2	0	2	391
KJ942685.1	394	2181	0	5	5	2181
KJ942685.1	394	2188	0	5	5	2188
KJ942685.1	395	2160	5	57	62	395
KJ942685.1	395	423	2	5	7	395
KJ942685.1	396	2158	1	15	16	396
KJ942685.1	396	2166	1	14	15	396
KJ942685.1	396	2184	32	106	138	396
KJ942685.1	396	2218	88	187	275	396
KJ942685.1	397	2179	0	2	2	2179
KJ942685.1	397	495	4	28	32	397
KJ942685.1	398	2070	1	15	16	398
KJ942685.1	398	2194	1	12	13	398
KJ942685.1	399	2256	2	9	11	399
KJ942685.1	402	2194	0	2	2	2194
KJ942685.1	403	2233	3	6	9	403
KJ942685.1	405	2235	1	0	1	405
KJ942685.1	406	2154	1	23	24	406
KJ942685.1	406	2236	37	72	109	406
KJ942685.1	408	826	0	1	1	826
KJ942685.1	411	2152	0	3	3	2152
KJ942685.1	411	2241	0	2	2	2241
KJ942685.1	412	2219	0	2	2	2219
KJ942685.1	413	2182	3	24	27	413
KJ942685.1	413	474	62	132	194	413
KJ942685.1	414	2152	3	34	37	414
KJ942685.1	414	2159	2	14	16	414
KJ942685.1	414	2194	0	1	1	2194
KJ942685.1	414	521	1	0	1	414
KJ942685.1	415	2175	0	6	6	2175
KJ942685.1	415	2220	1	0	1	415
KJ942685.1	416	1982	0	2	2	1982
KJ942685.1	416	2154	1	2	3	416
KJ942685.1	417	2152	6	26	32	417
KJ942685.1	417	512	1	2	3	417
KJ942685.1	420	442	1	0	1	420
KJ942685.1	421	2145	1	4	5	421
KJ942685.1	421	2154	0	1	1	2154
KJ942685.1	421	2242	9	2	11	421
KJ942685.1	423	2159	1	17	18	423
KJ942685.1	424	486	0	7	7	486
KJ942685.1	426	1084	0	1	1	1084
KJ942685.1	426	2233	1	4	5	426
KJ942685.1	427	2243	3	4	7	427
KJ942685.1	432	2168	1	13	14	432
KJ942685.1	435	2144	0	3	3	2144
KJ942685.1	438	2173	0	1	1	2173
KJ942685.1	441	467	1	0	1	441
KJ942685.1	443	2143	1	3	4	443
KJ942685.1	443	2153	0	5	5	2153
KJ942685.1	443	2217	4	0	4	443
KJ942685.1	445	2180	0	2	2	2180
KJ942685.1	446	2201	0	1	1	2201
KJ942685.1	447	524	2	0	2	447
KJ942685.1	450	2042	1	0	1	450
KJ942685.1	452	2152	3	11	14	452
KJ942685.1	457	2007	1	0	1	457
KJ942685.1	459	2011	4	8	12	459
KJ942685.1	463	2076	4	5	9	463
KJ942685.1	463	2137	1	1	2	463
KJ942685.1	464	2196	0	1	1	2196
KJ942685.1	464	2226	2	0	2	464
KJ942685.1	465	580	3	0	3	465
KJ942685.1	466	2160	2	26	28	466
KJ942685.1	470	2082	8	12	20	470
KJ942685.1	477	2039	4	3	7	477
KJ942685.1	477	2075	1	3	4	477
KJ942685.1	479	2072	5	16	21	479
KJ942685.1	479	2075	20	33	53	479
KJ942685.1	483	2054	0	1	1	2054
KJ942685.1	484	2040	2	2	4	484
KJ942685.1	484	2083	0	1	1	2083
KJ942685.1	484	2152	0	2	2	2152
KJ942685.1	488	2038	1	9	10	488
KJ942685.1	490	1953	9	4	13	490
KJ942685.1	490	534	1	2	3	490
KJ942685.1	492	2091	0	2	2	2091
KJ942685.1	493	1986	1	0	1	493
KJ942685.1	494	1639	0	1	1	1639
KJ942685.1	494	2179	0	11	11	2179
KJ942685.1	499	2210	2	0	2	499
KJ942685.1	500	2030	5	4	9	500
KJ942685.1	501	2191	10	7	17	501
KJ942685.1	503	2182	0	3	3	2182
KJ942685.1	504	2028	1	3	4	504
KJ942685.1	504	2041	4	3	7	504
KJ942685.1	510	1994	1	0	1	510
KJ942685.1	511	2193	2	1	3	511
KJ942685.1	514	2069	1	3	4	514
KJ942685.1	515	1921	1	2	3	515
KJ942685.1	515	2021	0	1	1	2021
KJ942685.1	515	2053	10	10	20	515
KJ942685.1	517	2004	1	0	1	517
KJ942685.1	520	2057	1	3	4	520
KJ942685.1	523	2010	162	64	226	523
KJ942685.1	523	2295	2	39	41	523
KJ942685.1	525	2042	2	7	9	525
KJ942685.1	530	2014	1	0	1	530
KJ942685.1	530	924	1	0	1	530
KJ942685.1	531	1705	0	1	1	1705
KJ942685.1	532	575	0	1	1	575
KJ942685.1	535	2119	0	1	1	2119
KJ942685.1	539	2038	3	1	4	539
KJ942685.1	541	2028	0	2	2	2028
KJ942685.1	545	2038	2	1	3	545
KJ942685.1	549	2028	3	0	3	549
KJ942685.1	549	2086	1	0	1	549
KJ942685.1	549	2164	0	4	4	2164
KJ942685.1	551	1704	1	0	1	551
KJ942685.1	552	1837	6	2	8	552
KJ942685.1	552	1876	3	0	3	552
KJ942685.1	552	895	1	0	1	552
KJ942685.1	554	2049	1	0	1	554
KJ942685.1	557	2027	1	0	1	557
KJ942685.1	557	2038	2	2	4	557
KJ942685.1	558	2053	128	201	329	558
KJ942685.1	559	2052	5	7	12	559
KJ942685.1	560	2028	6	4	10	560
KJ942685.1	561	2218	2	1	3	561
KJ942685.1	565	1843	35	19	54	565
KJ942685.1	566	2045	0	1	1	2045
KJ942685.1	568	663	1	0	1	568
KJ942685.1	572	1606	1	0	1	572
KJ942685.1	573	1868	2	1	3	573
KJ942685.1	573	2062	1	11	12	573
KJ942685.1	575	2046	5	8	13	575
KJ942685.1	578	2020	4	1	5	578
KJ942685.1	579	2022	7	2	9	579
KJ942685.1	583	2004	4	5	9	583
KJ942685.1	590	1850	1	0	1	590
KJ942685.1	592	1876	1	3	4	592
KJ942685.1	595	1871	0	1	1	1871
KJ942685.1	595	1972	1	0	1	595
KJ942685.1	596	2044	2	2	4	596
KJ942685.1	597	2310	0	1	1	2310
KJ942685.1	598	1928	2	0	2	598
KJ942685.1	600	1990	9	6	15	600
KJ942685.1	601	1953	6	3	9	601
KJ942685.1	605	1924	2	0	2	605
KJ942685.1	607	2013	1	0	1	607
KJ942685.1	611	1888	1	0	1	611
KJ942685.1	617	1792	7	4	11	617
KJ942685.1	617	2001	1	1	2	617
KJ942685.1	619	1920	3	1	4	619
KJ942685.1	619	1963	4	3	7	619
KJ942685.1	620	1867	2	1	3	620
KJ942685.1	620	1899	5	0	5	620
KJ942685.1	620	1933	13	2	15	620
KJ942685.1	620	1978	1	1	2	620
KJ942685.1	623	1643	3	0	3	623
KJ942685.1	623	671	3	0	3	623
KJ942685.1	624	862	0	1	1	862
KJ942685.1	629	2043	2	0	2	629
KJ942685.1	630	1907	8	4	12	630
KJ942685.1	631	1935	1	0	1	631
KJ942685.1	631	1960	5	4	9	631
KJ942685.1	634	1949	2	0	2	634
KJ942685.1	636	1911	0	4	4	1911
KJ942685.1	641	1946	2	2	4	641
KJ942685.1	644	1974	3	0	3	644
KJ942685.1	646	1818	3	1	4	646
KJ942685.1	646	1976	7	1	8	646
KJ942685.1	648	1954	0	1	1	1954
KJ942685.1	651	1934	1	7	8	651
KJ942685.1	653	1958	3	6	9	653
KJ942685.1	655	779	1	0	1	655
KJ942685.1	658	1923	20	11	31	658
KJ942685.1	662	2028	1	1	2	662
KJ942685.1	685	1925	7	1	8	685
KJ942685.1	685	2003	4	5	9	685
KJ942685.1	689	1966	2	5	7	689
KJ942685.1	690	2062	5	6	11	690
KJ942685.1	695	1965	4	3	7	695
KJ942685.1	696	1975	0	1	1	1975
KJ942685.1	700	1899	1	0	1	700
KJ942685.1	702	2051	0	1	1	2051
KJ942685.1	703	1825	1	0	1	703
KJ942685.1	705	745	1	1	2	705
KJ942685.1	706	1949	4	6	10	706
KJ942685.1	707	1910	1	2	3	707
KJ942685.1	710	1882	9	15	24	710
KJ942685.1	713	1867	6	16	22	713
KJ942685.1	719	1922	0	2	2	1922
KJ942685.1	723	1880	0	3	3	1880
KJ942685.1	725	1923	5	6	11	725
KJ942685.1	731	2048	0	1	1	2048
KJ942685.1	736	1877	1	3	4	736
KJ942685.1	737	2090	0	1	1	2090
KJ942685.1	738	1794	2	1	3	738
KJ942685.1	742	1847	2	5	7	742
KJ942685.1	743	1452	1	0	1	743
KJ942685.1	745	1834	7	3	10	745
KJ942685.1	752	1938	1	2	3	752
KJ942685.1	755	1837	1	0	1	755
KJ942685.1	756	1612	3	5	8	756
KJ942685.1	765	1851	6	5	11	765
KJ942685.1	777	1915	5	1	6	777
KJ942685.1	777	2021	3	1	4	777
KJ942685.1	778	1963	1	3	4	778
KJ942685.1	782	1900	2	1	3	782
KJ942685.1	784	1850	8	0	8	784
KJ942685.1	785	1698	4	2	6	785
KJ942685.1	786	1906	6	3	9	786
KJ942685.1	788	1580	1	0	1	788
KJ942685.1	792	2034	1	0	1	792
KJ942685.1	795	2280	1	0	1	795
KJ942685.1	800	940	1	0	1	800
KJ942685.1	813	1859	2	1	3	813
KJ942685.1	816	1860	5	4	9	816
KJ942685.1	819	1773	1	1	2	819
KJ942685.1	825	1721	6	0	6	825
KJ942685.1	844	1961	1	0	1	844
KJ942685.1	853	1734	4	13	17	853
KJ942685.1	853	1952	8	5	13	853
KJ942685.1	862	1747	1	2	3	862
KJ942685.1	862	1851	1	5	6	862
KJ942685.1	862	1945	0	1	1	1945
KJ942685.1	870	1612	1	1	2	870
KJ942685.1	878	1714	0	3	3	1714
KJ942685.1	878	1747	2	1	3	878
KJ942685.1	896	1613	3	4	7	896
KJ942685.1	935	2013	1	3	4	935
KJ942685.1	944	1191	1	0	1	944
KJ942685.1	955	1660	1	0	1	955
KJ942685.1	958	1663	2	0	2	958
KJ942685.1	961	1432	0	1	1	1432
KJ942686.1	1027	1916	0	1	1	1916
KJ942686.1	1047	1547	0	1	1	1547
KJ942686.1	1063	1670	1	0	1	1063
KJ942686.1	1078	1716	1	2	3	1078
KJ942686.1	1103	1740	0	1	1	1740
KJ942686.1	1112	2263	0	1	1	2263
KJ942686.1	1167	2368	1	0	1	1167
KJ942686.1	1184	2311	1	0	1	1184
KJ942686.1	1301	2319	1	0	1	1301
KJ942686.1	1315	2052	0	2	2	2052
KJ942686.1	1355	2175	0	1	1	2175
KJ942686.1	1408	2311	1	0	1	1408
KJ942686.1	1409	2327	0	1	1	2327
KJ942686.1	1587	1644	1	0	1	1587
KJ942686.1	1658	2115	0	1	1	2115
KJ942686.1	1722	1803	0	1	1	1803
KJ942686.1	1796	2109	0	1	1	2109
KJ942686.1	1849	2382	1	0	1	1849
KJ942686.1	2005	2033	2	2	4	2005
KJ942686.1	2011	2111	2	0	2	2011
KJ942686.1	2146	2173	5	2	7	2146
KJ942686.1	2160	2311	15	1	16	2160
KJ942686.1	2178	2245	1	0	1	2178
KJ942686.1	2206	2251	2	0	2	2206
KJ942686.1	2258	2465	0	1	1	2465
KJ942686.1	2323	2361	2	0	2	2323
KJ942686.1	2329	2368	14	6	20	2329
KJ942686.1	2427	2459	4	27	31	2427
KJ942686.1	2438	2467	0	3	3	2467
KJ942686.1	257	282	2	0	2	257
KJ942686.1	258	2062	1	0	1	258
KJ942686.1	271	2343	14	1	15	271
KJ942686.1	272	2509	2	0	2	272
KJ942686.1	274	2111	9	1	10	274
KJ942686.1	280	353	2	0	2	280
KJ942686.1	282	2462	3	2	5	282
KJ942686.1	293	1354	1	0	1	293
KJ942686.1	332	2433	1	0	1	332
KJ942686.1	334	2293	3	1	4	334
KJ942686.1	335	2213	0	5	5	2213
KJ942686.1	341	2258	5	1	6	341
KJ942686.1	343	2311	4	0	4	343
KJ942686.1	345	2288	7	4	11	345
KJ942686.1	350	623	1	0	1	350
KJ942686.1	362	2163	3	1	4	362
KJ942686.1	367	2217	14	50	64	367
KJ942686.1	367	2286	4	0	4	367
KJ942686.1	368	2218	0	1	1	2218
KJ942686.1	391	473	2	0	2	391
KJ942686.1	393	806	1	0	1	393
KJ942686.1	395	2034	3	1	4	395
KJ942686.1	397	2343	7	2	9	397
KJ942686.1	413	1140	2	1	3	413
KJ942686.1	414	441	2	2	4	414
KJ942686.1	431	2308	1	0	1	431
KJ942686.1	432	2191	3	1	4	432
KJ942686.1	434	2312	35	0	35	434
KJ942686.1	442	2234	5	9	14	442
KJ942686.1	444	2220	1	0	1	444
KJ942686.1	448	2085	1	0	1	448
KJ942686.1	455	2256	1	0	1	455
KJ942686.1	457	933	1	0	1	457
KJ942686.1	493	2208	6	11	17	493
KJ942686.1	496	2297	0	1	1	2297
KJ942686.1	504	1490	1	0	1	504
KJ942686.1	509	2170	8	9	17	509
KJ942686.1	516	2211	9	15	24	516
KJ942686.1	520	2264	1	0	1	520
KJ942686.1	537	1028	1	0	1	537
KJ942686.1	543	2311	3	0	3	543
KJ942686.1	550	2049	2	2	4	550
KJ942686.1	556	2043	1	1	2	556
KJ942686.1	558	2189	1	1	2	558
KJ942686.1	575	2159	5	3	8	575
KJ942686.1	578	2027	0	2	2	2027
KJ942686.1	593	1150	1	0	1	593
KJ942686.1	598	1333	0	2	2	1333
KJ942686.1	614	2279	1	0	1	614
KJ942686.1	625	2043	2	0	2	625
KJ942686.1	630	2039	1	2	3	630
KJ942686.1	631	2137	1	0	1	631
KJ942686.1	637	747	2	0	2	637
KJ942686.1	638	1655	1	0	1	638
KJ942686.1	641	849	1	0	1	641
KJ942686.1	643	2021	3	1	4	643
KJ942686.1	643	2234	7	3	10	643
KJ942686.1	647	1663	0	1	1	1663
KJ942686.1	649	2213	0	1	1	2213
KJ942686.1	650	2133	2	2	4	650
KJ942686.1	661	2008	2	3	5	661
KJ942686.1	671	1942	1	0	1	671
KJ942686.1	672	2248	0	1	1	2248
KJ942686.1	674	2055	4	3	7	674
KJ942686.1	676	1725	0	3	3	1725
KJ942686.1	676	2229	10	3	13	676
KJ942686.1	681	1954	2	0	2	681
KJ942686.1	683	1721	1	0	1	683
KJ942686.1	684	1700	1	0	1	684
KJ942686.1	684	2060	1	0	1	684
KJ942686.1	690	1729	5	1	6	690
KJ942686.1	691	1707	2	2	4	691
KJ942686.1	712	1385	1	0	1	712
KJ942686.1	730	1640	1	0	1	730
KJ942686.1	733	1924	2	3	5	733
KJ942686.1	743	1777	1	0	1	743
KJ942686.1	746	1654	5	4	9	746
KJ942686.1	752	1914	0	5	5	1914
KJ942686.1	764	2011	1	8	9	764
KJ942686.1	766	1751	1	0	1	766
KJ942686.1	769	2021	0	2	2	2021
KJ942686.1	769	822	0	3	3	822
KJ942686.1	772	2000	0	1	1	2000
KJ942686.1	777	1832	0	3	3	1832
KJ942686.1	784	1888	6	7	13	784
KJ942686.1	792	1667	1	0	1	792
KJ942686.1	796	1940	1	1	2	796
KJ942686.1	801	1307	0	1	1	1307
KJ942686.1	812	1659	2	0	2	812
KJ942686.1	824	1840	1	0	1	824
KJ942686.1	831	1834	1	3	4	831
KJ942686.1	840	2164	2	0	2	840
KJ942686.1	841	2028	0	1	1	2028
KJ942686.1	847	1948	0	1	1	1948
KJ942686.1	851	1392	1	0	1	851
KJ942686.1	865	1697	29	14	43	865
KJ942686.1	867	1779	1	0	1	867
KJ942686.1	868	1405	1	0	1	868
KJ942686.1	873	897	0	1	1	897
KJ942686.1	875	1790	3	3	6	875
KJ942686.1	879	1790	0	1	1	1790
KJ942686.1	879	1795	0	1	1	1795
KJ942686.1	884	1738	2	3	5	884
KJ942686.1	884	1901	1	0	1	884
KJ942686.1	892	1803	0	1	1	1803
KJ942686.1	893	1783	3	2	5	893
KJ942686.1	901	1781	2	1	3	901
KJ942686.1	911	1850	0	1	1	1850
KJ942686.1	919	1033	0	1	1	1033
KJ942686.1	934	972	1	0	1	934
KJ942686.1	944	2394	1	0	1	944
KJ942686.1	975	1874	0	1	1	1874
KJ942687.1	1014	1830	2	1	3	1014
KJ942687.1	1063	1736	0	4	4	1736
KJ942687.1	1187	1700	0	1	1	1700
KJ942687.1	1217	1390	0	1	1	1390
KJ942687.1	1315	2310	0	1	1	2310
KJ942687.1	1352	1428	0	1	1	1428
KJ942687.1	1358	2204	1	0	1	1358
KJ942687.1	1439	2191	0	1	1	2191
KJ942687.1	1613	2061	0	1	1	2061
KJ942687.1	1662	1929	1	1	2	1662
KJ942687.1	1687	1964	0	1	1	1964
KJ942687.1	1688	2404	1	0	1	1688
KJ942687.1	1718	1828	1	0	1	1718
KJ942687.1	1786	2161	0	1	1	2161
KJ942687.1	1835	2301	0	1	1	2301
KJ942687.1	2125	2285	0	1	1	2285
KJ942687.1	2189	2503	0	1	1	2503
KJ942687.1	2194	2262	1	0	1	2194
KJ942687.1	2220	2273	0	1	1	2273
KJ942687.1	2251	2279	2	0	2	2251
KJ942687.1	2254	2306	1	1	2	2254
KJ942687.1	2261	2316	10	25	35	2261
KJ942687.1	2267	2289	1	0	1	2267
KJ942687.1	2269	2291	352	1137	1489	2269
KJ942687.1	2270	2292	1	0	1	2270
KJ942687.1	2280	2306	0	1	1	2306
KJ942687.1	2331	2386	1	1	2	2331
KJ942687.1	2375	2404	0	1	1	2404
KJ942687.1	256	1314	1	0	1	256
KJ942687.1	256	364	1	0	1	256
KJ942687.1	268	2378	1	0	1	268
KJ942687.1	274	2190	1	0	1	274
KJ942687.1	274	2199	1	0	1	274
KJ942687.1	277	1228	1	0	1	277
KJ942687.1	280	632	1	0	1	280
KJ942687.1	284	2234	1	0	1	284
KJ942687.1	288	449	1	0	1	288
KJ942687.1	294	879	1	0	1	294
KJ942687.1	295	547	1	0	1	295
KJ942687.1	300	1742	1	0	1	300
KJ942687.1	317	2356	1	0	1	317
KJ942687.1	318	2416	0	1	1	2416
KJ942687.1	327	2349	0	1	1	2349
KJ942687.1	331	2211	0	12	12	2211
KJ942687.1	339	2468	0	2	2	2468
KJ942687.1	341	2294	2	8	10	341
KJ942687.1	354	1250	0	1	1	1250
KJ942687.1	355	2169	0	1	1	2169
KJ942687.1	362	1258	1	0	1	362
KJ942687.1	362	1261	0	1	1	1261
KJ942687.1	366	1144	1	0	1	366
KJ942687.1	368	2290	1	10	11	368
KJ942687.1	377	2339	0	3	3	2339
KJ942687.1	381	2335	8	12	20	381
KJ942687.1	382	2348	3	4	7	382
KJ942687.1	383	2326	0	9	9	2326
KJ942687.1	383	2352	1	0	1	383
KJ942687.1	387	2310	2	13	15	387
KJ942687.1	389	2224	5	66	71	389
KJ942687.1	390	2225	2	46	48	390
KJ942687.1	390	2311	0	4	4	2311
KJ942687.1	391	1544	0	1	1	1544
KJ942687.1	391	2145	0	1	1	2145
KJ942687.1	395	2194	0	1	1	2194
KJ942687.1	401	1989	0	1	1	1989
KJ942687.1	404	2046	0	1	1	2046
KJ942687.1	404	2144	0	1	1	2144
KJ942687.1	404	2290	0	7	7	2290
KJ942687.1	415	2275	0	5	5	2275
KJ942687.1	417	2148	2	12	14	417
KJ942687.1	419	2237	0	1	1	2237
KJ942687.1	420	2228	1	18	19	420
KJ942687.1	426	2349	3	14	17	426
KJ942687.1	429	1016	0	1	1	1016
KJ942687.1	429	2086	0	3	3	2086
KJ942687.1	429	2236	0	3	3	2236
KJ942687.1	432	2269	0	15	15	2269
KJ942687.1	432	2345	1	1	2	432
KJ942687.1	442	1213	0	1	1	1213
KJ942687.1	443	2245	0	1	1	2245
KJ942687.1	444	2294	0	1	1	2294
KJ942687.1	444	474	1	0	1	444
KJ942687.1	446	979	0	1	1	979
KJ942687.1	448	473	9	27	36	448
KJ942687.1	448	474	2	2	4	448
KJ942687.1	450	475	1787	3676	5463	450
KJ942687.1	450	476	0	2	2	476
KJ942687.1	452	482	0	1	1	482
KJ942687.1	453	478	5	26	31	453
KJ942687.1	454	2375	1	0	1	454
KJ942687.1	455	1413	0	1	1	1413
KJ942687.1	455	548	1	0	1	455
KJ942687.1	456	489	1	0	1	456
KJ942687.1	458	491	51	149	200	458
KJ942687.1	468	2211	68	183	251	468
KJ942687.1	470	2004	0	1	1	2004
KJ942687.1	473	1970	13	11	24	473
KJ942687.1	474	2162	1	7	8	474
KJ942687.1	478	2228	0	1	1	2228
KJ942687.1	495	2211	3	6	9	495
KJ942687.1	504	1336	0	1	1	1336
KJ942687.1	504	1747	0	1	1	1747
KJ942687.1	504	925	1	0	1	504
KJ942687.1	508	2478	0	1	1	2478
KJ942687.1	510	2233	14	10	24	510
KJ942687.1	511	1467	0	1	1	1467
KJ942687.1	512	1830	1	0	1	512
KJ942687.1	519	2221	1	0	1	519
KJ942687.1	521	1979	1	2	3	521
KJ942687.1	522	2224	2	6	8	522
KJ942687.1	523	2225	1	0	1	523
KJ942687.1	525	2211	1	7	8	525
KJ942687.1	527	1913	1	0	1	527
KJ942687.1	534	939	1	0	1	534
KJ942687.1	536	2246	0	1	1	2246
KJ942687.1	551	2184	3	4	7	551
KJ942687.1	555	2144	5	2	7	555
KJ942687.1	559	1971	4	4	8	559
KJ942687.1	559	2117	5	13	18	559
KJ942687.1	565	630	1	0	1	565
KJ942687.1	574	2118	1	1	2	574
KJ942687.1	582	1562	1	0	1	582
KJ942687.1	585	2118	2	1	3	585
KJ942687.1	586	2335	1	0	1	586
KJ942687.1	586	639	7	3	10	586
KJ942687.1	589	2025	0	2	2	2025
KJ942687.1	589	2035	0	4	4	2035
KJ942687.1	589	2046	0	5	5	2046
KJ942687.1	595	2131	3	3	6	595
KJ942687.1	600	2045	0	1	1	2045
KJ942687.1	617	2086	0	1	1	2086
KJ942687.1	619	1052	0	1	1	1052
KJ942687.1	621	2171	3	3	6	621
KJ942687.1	629	1249	0	1	1	1249
KJ942687.1	642	1809	1	0	1	642
KJ942687.1	642	1842	0	2	2	1842
KJ942687.1	643	1981	6	3	9	643
KJ942687.1	651	2193	1	1	2	651
KJ942687.1	655	2101	3	9	12	655
KJ942687.1	659	1847	1	2	3	659
KJ942687.1	660	2043	0	2	2	2043
KJ942687.1	666	2154	1	0	1	666
KJ942687.1	667	1938	1	0	1	667
KJ942687.1	670	1267	1	0	1	670
KJ942687.1	677	2017	0	3	3	2017
KJ942687.1	677	2019	3	7	10	677
KJ942687.1	678	2056	2	3	5	678
KJ942687.1	685	2012	1	4	5	685
KJ942687.1	688	1932	28	0	28	688
KJ942687.1	688	1940	1	0	1	688
KJ942687.1	690	2012	0	1	1	2012
KJ942687.1	694	2134	1	0	1	694
KJ942687.1	701	1936	1	2	3	701
KJ942687.1	702	1937	3	9	12	702
KJ942687.1	705	2077	0	1	1	2077
KJ942687.1	706	2079	0	1	1	2079
KJ942687.1	711	1748	1	0	1	711
KJ942687.1	713	2312	1	0	1	713
KJ942687.1	714	2000	1	2	3	714
KJ942687.1	717	1959	27	3	30	717
KJ942687.1	717	1986	3	2	5	717
KJ942687.1	720	1967	1	0	1	720
KJ942687.1	722	1658	1	0	1	722
KJ942687.1	722	1969	1791	2110	3901	722
KJ942687.1	724	1971	0	2	2	1971
KJ942687.1	724	1972	34	30	64	724
KJ942687.1	728	1976	0	1	1	1976
KJ942687.1	730	2309	1	0	1	730
KJ942687.1	732	2389	1	0	1	732
KJ942687.1	733	1913	1	0	1	733
KJ942687.1	745	1221	1	0	1	745
KJ942687.1	746	1960	3	1	4	746
KJ942687.1	746	1995	0	25	25	1995
KJ942687.1	747	1754	5	4	9	747
KJ942687.1	747	2012	0	1	1	2012
KJ942687.1	750	1905	1	0	1	750
KJ942687.1	752	2051	0	5	5	2051
KJ942687.1	755	1948	0	1	1	1948
KJ942687.1	755	2020	0	17	17	2020
KJ942687.1	756	1766	0	1	1	1766
KJ942687.1	760	1975	0	1	1	1975
KJ942687.1	760	2010	3	38	41	760
KJ942687.1	763	2030	1	4	5	763
KJ942687.1	766	2014	0	22	22	2014
KJ942687.1	771	1919	4	5	9	771
KJ942687.1	777	2006	2	4	6	777
KJ942687.1	777	2030	0	2	2	2030
KJ942687.1	780	2311	0	1	1	2311
KJ942687.1	782	1351	1	0	1	782
KJ942687.1	785	1962	1	2	3	785
KJ942687.1	790	2044	0	2	2	2044
KJ942687.1	791	2238	0	2	2	2238
KJ942687.1	792	2425	74	37	111	792
KJ942687.1	796	1883	1	0	1	796
KJ942687.1	799	2089	0	1	1	2089
KJ942687.1	802	1883	8	4	12	802
KJ942687.1	802	1953	8	4	12	802
KJ942687.1	802	2050	0	1	1	2050
KJ942687.1	804	1928	9	6	15	804
KJ942687.1	810	2498	0	3	3	2498
KJ942687.1	813	1264	0	1	1	1264
KJ942687.1	820	2016	1	2	3	820
KJ942687.1	823	1855	1	0	1	823
KJ942687.1	825	1199	0	1	1	1199
KJ942687.1	825	2011	6	3	9	825
KJ942687.1	826	1862	1	5	6	826
KJ942687.1	829	2392	1	0	1	829
KJ942687.1	831	1924	0	1	1	1924
KJ942687.1	842	1829	1	0	1	842
KJ942687.1	850	1847	5	6	11	850
KJ942687.1	861	1786	0	1	1	1786
KJ942687.1	864	1883	2	10	12	864
KJ942687.1	865	1835	4	2	6	865
KJ942687.1	869	1282	0	1	1	1282
KJ942687.1	899	2253	1	0	1	899
KJ942687.1	905	1951	1	0	1	905
KJ942687.1	917	1888	0	1	1	1888
KJ942687.1	937	1776	2	1	3	937
KJ942687.1	974	2074	0	2	2	2074
KJ942687.1	980	1337	1	2	3	980
KJ942687.1	983	2501	0	1	1	2501
KJ942687.1	989	1813	0	1	1	1813
KJ942687.1	994	1333	1	0	1	994
