Segment	Start	Stop	Forward_support	Reverse_support	Total_support	Fuzz_factor
KJ942680.1	1038	1757	0	1	1	1757
KJ942680.1	1044	1393	0	1	1	1393
KJ942680.1	1077	1790	0	1	1	1790
KJ942680.1	1106	1679	1	0	1	1106
KJ942680.1	1111	1551	0	1	1	1551
KJ942680.1	1119	1612	0	1	1	1612
KJ942680.1	1169	1311	0	1	1	1311
KJ942680.1	1182	1641	1	0	1	1182
KJ942680.1	1185	1245	1	0	1	1185
KJ942680.1	1189	1861	0	1	1	1861
KJ942680.1	1219	1404	0	1	1	1404
KJ942680.1	1222	1895	1	1	2	1222
KJ942680.1	1224	1729	0	1	1	1729
KJ942680.1	1227	1511	0	1	1	1511
KJ942680.1	1241	1918	0	2	2	1918
KJ942680.1	1254	1487	0	1	1	1487
KJ942680.1	1275	1540	0	1	1	1540
KJ942680.1	1288	1587	0	1	1	1587
KJ942680.1	1300	1685	0	1	1	1685
KJ942680.1	1302	1848	1	0	1	1302
KJ942680.1	1316	1338	1	1	2	1316
KJ942680.1	1317	1587	0	1	1	1587
KJ942680.1	1320	1904	0	1	1	1904
KJ942680.1	1323	1781	1	0	1	1323
KJ942680.1	1349	1704	0	1	1	1704
KJ942680.1	1360	1534	0	1	1	1534
KJ942680.1	1382	1407	2	1	3	1382
KJ942680.1	1388	1548	0	1	1	1548
KJ942680.1	1391	1787	1	0	1	1391
KJ942680.1	1419	1454	0	1	1	1454
KJ942680.1	1424	1670	1	0	1	1424
KJ942680.1	1434	1679	1	0	1	1434
KJ942680.1	1440	1503	1	0	1	1440
KJ942680.1	1441	1848	1	0	1	1441
KJ942680.1	1666	1810	2	0	2	1666
KJ942680.1	1706	1835	0	1	1	1835
KJ942680.1	1738	1760	1	0	1	1738
KJ942680.1	1744	1769	1	0	1	1744
KJ942680.1	1829	1884	0	1	1	1884
KJ942680.1	259	307	11	1	12	259
KJ942680.1	274	1739	25	3	28	274
KJ942680.1	276	383	1	0	1	276
KJ942680.1	309	499	1	0	1	309
KJ942680.1	317	1604	1	0	1	317
KJ942680.1	322	1694	1	0	1	322
KJ942680.1	324	1719	1	0	1	324
KJ942680.1	327	1671	3	1	4	327
KJ942680.1	334	1617	1	0	1	334
KJ942680.1	342	435	1	0	1	342
KJ942680.1	344	1132	1	0	1	344
KJ942680.1	344	1927	1	0	1	344
KJ942680.1	350	1409	1	0	1	350
KJ942680.1	351	1479	1	0	1	351
KJ942680.1	389	440	1	0	1	389
KJ942680.1	397	1593	1	8	9	397
KJ942680.1	404	1828	4	5	9	404
KJ942680.1	417	1931	0	1	1	1931
KJ942680.1	418	720	0	1	1	720
KJ942680.1	421	1257	1	0	1	421
KJ942680.1	426	1846	0	1	1	1846
KJ942680.1	442	1696	0	2	2	1696
KJ942680.1	447	1558	1	0	1	447
KJ942680.1	448	1838	0	1	1	1838
KJ942680.1	454	849	0	1	1	849
KJ942680.1	460	1472	1	0	1	460
KJ942680.1	462	1832	1	0	1	462
KJ942680.1	466	1529	0	4	4	1529
KJ942680.1	479	1717	3	0	3	479
KJ942680.1	486	643	1	0	1	486
KJ942680.1	487	1423	1	0	1	487
KJ942680.1	488	1202	1	0	1	488
KJ942680.1	491	1545	4	1	5	491
KJ942680.1	493	1237	1	0	1	493
KJ942680.1	493	1900	0	1	1	1900
KJ942680.1	501	1567	1	0	1	501
KJ942680.1	501	990	3	0	3	501
KJ942680.1	503	1128	0	1	1	1128
KJ942680.1	509	585	1	1	2	509
KJ942680.1	520	1430	1	1	2	520
KJ942680.1	545	1515	0	1	1	1515
KJ942680.1	549	596	0	1	1	596
KJ942680.1	561	1773	4	0	4	561
KJ942680.1	562	1650	4	0	4	562
KJ942680.1	572	706	0	1	1	706
KJ942680.1	577	1184	1	0	1	577
KJ942680.1	577	1653	8	3	11	577
KJ942680.1	579	988	1	0	1	579
KJ942680.1	583	1206	0	1	1	1206
KJ942680.1	585	831	0	1	1	831
KJ942680.1	590	1749	2	0	2	590
KJ942680.1	607	727	1	0	1	607
KJ942680.1	619	681	0	1	1	681
KJ942680.1	638	828	0	1	1	828
KJ942680.1	646	852	0	1	1	852
KJ942680.1	652	1559	1	0	1	652
KJ942680.1	662	1570	0	1	1	1570
KJ942680.1	702	1351	1	0	1	702
KJ942680.1	710	749	1	0	1	710
KJ942680.1	713	1217	0	1	1	1217
KJ942680.1	719	1488	0	1	1	1488
KJ942680.1	726	1463	0	1	1	1463
KJ942680.1	731	1203	1	0	1	731
KJ942680.1	739	1302	1	0	1	739
KJ942680.1	746	1502	0	1	1	1502
KJ942680.1	751	1382	1	0	1	751
KJ942680.1	757	1549	0	1	1	1549
KJ942680.1	770	1652	0	1	1	1652
KJ942680.1	771	1595	0	1	1	1595
KJ942680.1	780	1601	1	0	1	780
KJ942680.1	829	1198	1	0	1	829
KJ942680.1	829	977	1	0	1	829
KJ942680.1	830	1617	1	0	1	830
KJ942680.1	835	1634	0	1	1	1634
KJ942680.1	870	1673	1	0	1	870
KJ942680.1	886	1668	1	0	1	886
KJ942680.1	888	1037	1	0	1	888
KJ942680.1	895	1552	1	0	1	895
KJ942680.1	903	1816	0	1	1	1816
KJ942680.1	940	1586	0	1	1	1586
KJ942680.1	956	1421	0	1	1	1421
KJ942680.1	957	1536	0	1	1	1536
KJ942680.1	984	1022	1	0	1	984
KJ942680.1	984	1152	0	1	1	1152
KJ942680.1	984	1606	1	0	1	984
KJ942680.1	986	1205	0	1	1	1205
KJ942680.1	992	1450	0	1	1	1450
KJ942681.1	1044	1110	0	1	1	1110
KJ942681.1	1046	1143	1	0	1	1046
KJ942681.1	239	931	1	0	1	239
KJ942681.1	262	964	1	0	1	262
KJ942681.1	267	449	1	0	1	267
KJ942681.1	269	563	9	0	9	269
KJ942681.1	278	1082	1	0	1	278
KJ942681.1	284	566	17	0	17	284
KJ942681.1	285	1032	1	0	1	285
KJ942681.1	290	863	1	0	1	290
KJ942681.1	300	925	1	1	2	300
KJ942681.1	306	608	0	1	1	608
KJ942681.1	316	551	0	1	1	551
KJ942681.1	321	1039	0	1	1	1039
KJ942681.1	331	670	1	0	1	331
KJ942681.1	352	935	1	3	4	352
KJ942681.1	353	991	0	1	1	991
KJ942681.1	356	795	0	1	1	795
KJ942681.1	362	588	9	31	40	362
KJ942681.1	365	862	0	1	1	862
KJ942681.1	370	523	0	1	1	523
KJ942681.1	372	514	1	0	1	372
KJ942681.1	372	815	0	1	1	815
KJ942681.1	375	752	1	0	1	375
KJ942681.1	399	1087	0	1	1	1087
KJ942681.1	400	514	1	0	1	400
KJ942681.1	404	901	1	0	1	404
KJ942681.1	410	1117	0	1	1	1117
KJ942681.1	418	1155	0	1	1	1155
KJ942681.1	427	563	0	2	2	563
KJ942681.1	428	452	0	1	1	452
KJ942681.1	429	841	0	1	1	841
KJ942681.1	430	703	0	1	1	703
KJ942681.1	433	585	0	2	2	585
KJ942681.1	434	721	0	1	1	721
KJ942681.1	440	682	1	0	1	440
KJ942681.1	449	693	1	1	2	449
KJ942681.1	449	828	9	11	20	449
KJ942681.1	456	899	0	1	1	899
KJ942681.1	460	728	0	1	1	728
KJ942681.1	460	830	2	1	3	460
KJ942681.1	460	878	1	1	2	460
KJ942681.1	460	977	1	3	4	460
KJ942681.1	462	836	2	1	3	462
KJ942681.1	465	615	0	1	1	615
KJ942681.1	465	839	0	1	1	839
KJ942681.1	484	1035	1	0	1	484
KJ942681.1	489	1161	0	1	1	1161
KJ942681.1	492	1112	0	1	1	1112
KJ942681.1	492	908	0	1	1	908
KJ942681.1	493	1071	1	0	1	493
KJ942681.1	493	738	1	0	1	493
KJ942681.1	496	548	0	1	1	548
KJ942681.1	497	1161	0	1	1	1161
KJ942681.1	498	969	2	1	3	498
KJ942681.1	504	526	1	0	1	504
KJ942681.1	504	932	1	0	1	504
KJ942681.1	505	1045	1	0	1	505
KJ942681.1	505	569	1	0	1	505
KJ942681.1	519	618	0	1	1	618
KJ942681.1	523	765	1	0	1	523
KJ942681.1	531	591	1	1	2	531
KJ942681.1	531	699	0	1	1	699
KJ942681.1	534	1159	0	1	1	1159
KJ942681.1	555	673	1	0	1	555
KJ942681.1	571	647	1	0	1	571
KJ942681.1	596	930	1	0	1	596
KJ942681.1	599	702	1	0	1	599
KJ942681.1	600	817	1	2	3	600
KJ942681.1	604	683	0	2	2	683
KJ942681.1	604	877	7	1	8	604
KJ942681.1	604	976	3	1	4	604
KJ942681.1	608	1038	9	2	11	608
KJ942681.1	627	902	1	1	2	627
KJ942681.1	628	723	0	6	6	723
KJ942681.1	637	725	0	1	1	725
KJ942681.1	638	1155	0	1	1	1155
KJ942681.1	640	975	1	0	1	640
KJ942681.1	643	837	1	0	1	643
KJ942681.1	644	972	3	2	5	644
KJ942681.1	647	816	1	0	1	647
KJ942681.1	656	894	1	0	1	656
KJ942681.1	663	1050	1	0	1	663
KJ942681.1	669	1064	1	0	1	669
KJ942681.1	671	842	1	0	1	671
KJ942681.1	691	860	0	1	1	860
KJ942681.1	694	830	2	1	3	694
KJ942681.1	695	951	0	1	1	951
KJ942681.1	700	854	8	13	21	700
KJ942681.1	701	816	1	0	1	701
KJ942681.1	709	991	1	0	1	709
KJ942681.1	710	793	0	1	1	793
KJ942681.1	712	787	1	1	2	712
KJ942681.1	721	902	0	1	1	902
KJ942681.1	725	1000	0	1	1	1000
KJ942681.1	725	799	0	1	1	799
KJ942681.1	726	782	0	1	1	782
KJ942681.1	727	834	2	1	3	727
KJ942681.1	731	969	1	0	1	731
KJ942681.1	733	875	11	18	29	733
KJ942681.1	736	882	0	1	1	882
KJ942681.1	750	893	0	1	1	893
KJ942681.1	753	1042	1	0	1	753
KJ942681.1	773	969	3	2	5	773
KJ942681.1	782	882	0	1	1	882
KJ942681.1	785	1102	2	0	2	785
KJ942681.1	787	1036	1	0	1	787
KJ942681.1	796	1116	1	0	1	796
KJ942681.1	802	884	0	1	1	884
KJ942681.1	805	860	1	0	1	805
KJ942681.1	807	877	3	1	4	807
KJ942681.1	813	867	1	1	2	813
KJ942681.1	816	996	0	1	1	996
KJ942681.1	818	1049	0	1	1	1049
KJ942681.1	825	928	1	0	1	825
KJ942681.1	839	1002	1	0	1	839
KJ942681.1	840	1052	1	0	1	840
KJ942681.1	856	908	1	0	1	856
KJ942681.1	859	1154	0	1	1	1154
KJ942681.1	863	916	0	1	1	916
KJ942681.1	877	977	1	0	1	877
KJ942681.1	885	1158	0	1	1	1158
KJ942681.1	896	1027	1	0	1	896
KJ942681.1	901	924	1	0	1	901
KJ942681.1	918	1080	0	1	1	1080
KJ942681.1	924	1045	0	1	1	1045
KJ942681.1	948	1034	1	0	1	948
KJ942681.1	967	1009	1	0	1	967
KJ942681.1	981	1125	1	0	1	981
KJ942681.1	988	1051	2	0	2	988
KJ942681.1	997	1036	0	1	1	1036
KJ942682.1	1023	1472	0	1	1	1472
KJ942682.1	1081	1410	0	1	1	1410
KJ942682.1	1197	1452	1	0	1	1197
KJ942682.1	1222	1311	1	0	1	1222
KJ942682.1	1268	1315	0	2	2	1315
KJ942682.1	1304	1459	1	0	1	1304
KJ942682.1	1415	1515	0	1	1	1515
KJ942682.1	1586	1630	0	1	1	1630
KJ942682.1	252	1463	7	0	7	252
KJ942682.1	274	308	1	0	1	274
KJ942682.1	280	1157	1	0	1	280
KJ942682.1	291	1464	1	0	1	291
KJ942682.1	291	1500	1	0	1	291
KJ942682.1	293	1097	1	0	1	293
KJ942682.1	299	1421	2	1	3	299
KJ942682.1	300	1112	1	0	1	300
KJ942682.1	341	1421	2	6	8	341
KJ942682.1	364	814	1	0	1	364
KJ942682.1	366	1352	1	0	1	366
KJ942682.1	367	476	0	1	1	476
KJ942682.1	380	1403	0	1	1	1403
KJ942682.1	401	1475	18	19	37	401
KJ942682.1	411	911	0	1	1	911
KJ942682.1	414	1603	0	1	1	1603
KJ942682.1	416	1024	0	1	1	1024
KJ942682.1	418	1570	0	1	1	1570
KJ942682.1	423	1276	1	1	2	423
KJ942682.1	432	1315	2	2	4	432
KJ942682.1	448	1010	0	1	1	1010
KJ942682.1	450	1557	1	0	1	450
KJ942682.1	480	1421	1	0	1	480
KJ942682.1	485	575	1	0	1	485
KJ942682.1	504	914	1	0	1	504
KJ942682.1	509	834	1	1	2	509
KJ942682.1	512	1637	0	1	1	1637
KJ942682.1	546	860	1	0	1	546
KJ942682.1	550	888	1	0	1	550
KJ942682.1	572	1294	1	1	2	572
KJ942682.1	583	1175	1	0	1	583
KJ942682.1	598	863	0	1	1	863
KJ942682.1	607	1287	1	0	1	607
KJ942682.1	619	916	0	1	1	916
KJ942682.1	635	871	0	1	1	871
KJ942682.1	709	1489	0	1	1	1489
KJ942682.1	733	852	0	1	1	852
KJ942682.1	754	1530	0	1	1	1530
KJ942682.1	807	1571	1	0	1	807
KJ942682.1	816	1140	1	0	1	816
KJ942682.1	829	1267	0	1	1	1267
KJ942682.1	837	1401	1	0	1	837
KJ942682.1	868	895	1	0	1	868
KJ942682.1	886	1442	1	0	1	886
KJ942682.1	899	1024	0	1	1	1024
KJ942682.1	902	1081	0	1	1	1081
KJ942682.1	950	1073	0	1	1	1073
KJ942682.1	969	1309	1	0	1	969
KJ942682.1	973	1190	1	1	2	973
KJ942682.1	977	1352	1	0	1	977
KJ942682.1	993	1357	0	1	1	1357
KJ942683.1	1007	1207	0	1	1	1207
KJ942683.1	1012	1708	0	2	2	1708
KJ942683.1	1016	1352	1	0	1	1016
KJ942683.1	1034	1523	1	1	2	1034
KJ942683.1	1044	1073	1	0	1	1044
KJ942683.1	1058	1362	1	0	1	1058
KJ942683.1	1060	1248	0	1	1	1248
KJ942683.1	1062	1171	0	1	1	1171
KJ942683.1	1063	1162	0	1	1	1162
KJ942683.1	1063	1383	1	0	1	1063
KJ942683.1	1079	1153	1	0	1	1079
KJ942683.1	1101	1170	0	1	1	1170
KJ942683.1	1105	1164	0	1	1	1164
KJ942683.1	1117	1597	0	1	1	1597
KJ942683.1	1122	1733	0	1	1	1733
KJ942683.1	1125	1471	0	1	1	1471
KJ942683.1	1145	1339	1	0	1	1145
KJ942683.1	1150	1355	0	1	1	1355
KJ942683.1	1261	1496	1	0	1	1261
KJ942683.1	1271	1704	0	1	1	1704
KJ942683.1	1275	1382	1	0	1	1275
KJ942683.1	1302	1724	0	1	1	1724
KJ942683.1	1313	1675	0	1	1	1675
KJ942683.1	1314	1620	1	0	1	1314
KJ942683.1	1384	1467	1	0	1	1384
KJ942683.1	1436	1533	0	1	1	1533
KJ942683.1	1442	1483	1	0	1	1442
KJ942683.1	1446	1497	0	1	1	1497
KJ942683.1	1456	1560	1	0	1	1456
KJ942683.1	1547	1650	1	0	1	1547
KJ942683.1	1604	1710	0	3	3	1710
KJ942683.1	1655	1689	0	1	1	1689
KJ942683.1	254	1427	1	0	1	254
KJ942683.1	259	915	1	0	1	259
KJ942683.1	265	1686	1	0	1	265
KJ942683.1	266	1190	1	0	1	266
KJ942683.1	279	927	1	0	1	279
KJ942683.1	286	1185	1	0	1	286
KJ942683.1	294	1043	1	0	1	294
KJ942683.1	299	1071	1	1	2	299
KJ942683.1	323	715	0	1	1	715
KJ942683.1	330	355	0	1	1	355
KJ942683.1	347	1595	2	1	3	347
KJ942683.1	358	1480	0	2	2	1480
KJ942683.1	364	835	1	0	1	364
KJ942683.1	371	1123	0	1	1	1123
KJ942683.1	381	979	1	0	1	381
KJ942683.1	388	1182	0	1	1	1182
KJ942683.1	391	702	1	0	1	391
KJ942683.1	402	1506	3	4	7	402
KJ942683.1	403	1553	2	2	4	403
KJ942683.1	411	1251	0	1	1	1251
KJ942683.1	416	1710	0	4	4	1710
KJ942683.1	426	685	0	1	1	685
KJ942683.1	443	492	0	1	1	492
KJ942683.1	445	704	1	0	1	445
KJ942683.1	454	1694	0	1	1	1694
KJ942683.1	457	580	1	1	2	457
KJ942683.1	460	1489	0	1	1	1489
KJ942683.1	473	971	0	1	1	971
KJ942683.1	474	842	1	0	1	474
KJ942683.1	476	1599	2	1	3	476
KJ942683.1	479	879	1	0	1	479
KJ942683.1	483	1467	1	0	1	483
KJ942683.1	488	1582	1	0	1	488
KJ942683.1	492	555	0	1	1	555
KJ942683.1	492	571	1	0	1	492
KJ942683.1	493	1042	1	0	1	493
KJ942683.1	493	890	0	1	1	890
KJ942683.1	494	1108	1	0	1	494
KJ942683.1	496	1604	4	0	4	496
KJ942683.1	536	1636	1	0	1	536
KJ942683.1	536	856	1	0	1	536
KJ942683.1	537	1636	1	0	1	537
KJ942683.1	539	1469	1	0	1	539
KJ942683.1	556	1452	1	1	2	556
KJ942683.1	567	1522	1	0	1	567
KJ942683.1	573	882	0	1	1	882
KJ942683.1	574	1209	1	0	1	574
KJ942683.1	595	710	0	1	1	710
KJ942683.1	602	713	0	1	1	713
KJ942683.1	607	630	0	1	1	630
KJ942683.1	637	1502	0	1	1	1502
KJ942683.1	638	1217	1	0	1	638
KJ942683.1	642	1031	1	0	1	642
KJ942683.1	654	699	1	0	1	654
KJ942683.1	656	1503	1	0	1	656
KJ942683.1	660	1580	1	1	2	660
KJ942683.1	670	1094	1	0	1	670
KJ942683.1	672	1641	1	0	1	672
KJ942683.1	691	1433	1	0	1	691
KJ942683.1	696	1684	1	0	1	696
KJ942683.1	704	850	1	0	1	704
KJ942683.1	705	1058	1	0	1	705
KJ942683.1	716	1655	1	1	2	716
KJ942683.1	721	940	0	1	1	940
KJ942683.1	732	1169	1	0	1	732
KJ942683.1	749	1070	1	0	1	749
KJ942683.1	751	1728	0	1	1	1728
KJ942683.1	775	1194	1	0	1	775
KJ942683.1	805	1684	1	0	1	805
KJ942683.1	809	1230	1	0	1	809
KJ942683.1	811	1592	0	1	1	1592
KJ942683.1	816	923	1	0	1	816
KJ942683.1	818	1321	0	1	1	1321
KJ942683.1	823	1469	1	0	1	823
KJ942683.1	828	1259	0	1	1	1259
KJ942683.1	836	881	0	1	1	881
KJ942683.1	837	1415	0	1	1	1415
KJ942683.1	838	1039	1	0	1	838
KJ942683.1	843	1652	1	0	1	843
KJ942683.1	891	1120	0	1	1	1120
KJ942683.1	892	1602	1	0	1	892
KJ942683.1	907	1413	0	1	1	1413
KJ942683.1	912	1444	0	1	1	1444
KJ942683.1	951	1201	1	0	1	951
KJ942683.1	972	1243	0	2	2	1243
KJ942684.1	258	971	1	0	1	258
KJ942684.1	271	970	4	0	4	271
KJ942684.1	283	945	10	0	10	283
KJ942684.1	297	979	2	0	2	297
KJ942684.1	328	368	0	1	1	368
KJ942684.1	329	768	0	3	3	768
KJ942684.1	357	880	0	8	8	880
KJ942684.1	477	599	0	2	2	599
KJ942684.1	478	879	4	1	5	478
KJ942684.1	514	744	2	0	2	514
KJ942684.1	526	755	2	3	5	526
KJ942684.1	595	799	0	1	1	799
KJ942684.1	698	870	1	0	1	698
KJ942684.1	789	871	0	1	1	871
KJ942684.1	846	893	0	1	1	893
KJ942684.1	879	970	2	0	2	879
KJ942684.1	904	978	0	1	1	978
KJ942684.1	905	1046	0	1	1	1046
KJ942684.1	999	1032	0	1	1	1032
KJ942685.1	1081	1152	1	0	1	1081
KJ942685.1	1088	1472	1	0	1	1088
KJ942685.1	1091	2373	1	3	4	1091
KJ942685.1	1099	2381	0	1	1	2381
KJ942685.1	1127	2078	1	0	1	1127
KJ942685.1	1147	1779	0	1	1	1779
KJ942685.1	1167	1380	0	1	1	1380
KJ942685.1	1196	2111	1	0	1	1196
KJ942685.1	1197	1690	1	0	1	1197
KJ942685.1	1232	2198	0	1	1	2198
KJ942685.1	1236	1869	0	1	1	1869
KJ942685.1	1246	1971	1	0	1	1246
KJ942685.1	1269	1658	0	2	2	1658
KJ942685.1	1316	1749	1	0	1	1316
KJ942685.1	1317	1634	1	0	1	1317
KJ942685.1	1405	2025	0	1	1	2025
KJ942685.1	1411	1741	0	1	1	1741
KJ942685.1	1439	1551	0	1	1	1551
KJ942685.1	1449	2091	1	0	1	1449
KJ942685.1	1476	2277	0	1	1	2277
KJ942685.1	1523	1940	1	0	1	1523
KJ942685.1	1533	1588	1	0	1	1533
KJ942685.1	1540	2265	0	1	1	2265
KJ942685.1	1559	2297	1	0	1	1559
KJ942685.1	1570	1674	1	0	1	1570
KJ942685.1	1579	2306	1	4	5	1579
KJ942685.1	1582	2309	0	1	1	2309
KJ942685.1	1614	2297	1	0	1	1614
KJ942685.1	1649	2346	0	1	1	2346
KJ942685.1	1687	2295	1	0	1	1687
KJ942685.1	1698	2311	0	1	1	2311
KJ942685.1	1744	2078	1	0	1	1744
KJ942685.1	1804	2309	0	1	1	2309
KJ942685.1	1815	1891	1	0	1	1815
KJ942685.1	1859	2084	0	1	1	2084
KJ942685.1	1900	2075	1	0	1	1900
KJ942685.1	1999	2311	0	1	1	2311
KJ942685.1	2026	2247	0	1	1	2247
KJ942685.1	2089	2157	1	1	2	2089
KJ942685.1	2099	2135	0	1	1	2135
KJ942685.1	2099	2158	8	2	10	2099
KJ942685.1	2143	2181	2	0	2	2143
KJ942685.1	236	1971	2	0	2	236
KJ942685.1	238	2201	1	0	1	238
KJ942685.1	239	2121	1	0	1	239
KJ942685.1	244	281	7	0	7	244
KJ942685.1	246	1977	5	0	5	246
KJ942685.1	255	1984	1	0	1	255
KJ942685.1	279	302	4	1	5	279
KJ942685.1	284	2203	6	1	7	284
KJ942685.1	287	2224	1	0	1	287
KJ942685.1	291	2277	2	0	2	291
KJ942685.1	298	2138	1	1	2	298
KJ942685.1	299	2049	2	0	2	299
KJ942685.1	300	2013	2	1	3	300
KJ942685.1	300	2044	2	0	2	300
KJ942685.1	301	2139	1	0	1	301
KJ942685.1	301	557	1	0	1	301
KJ942685.1	302	1592	1	0	1	302
KJ942685.1	303	2103	2	1	3	303
KJ942685.1	307	2283	1	0	1	307
KJ942685.1	314	744	1	0	1	314
KJ942685.1	315	2283	1	2	3	315
KJ942685.1	316	2370	0	2	2	2370
KJ942685.1	321	2166	0	2	2	2166
KJ942685.1	325	2380	0	1	1	2380
KJ942685.1	327	2178	0	1	1	2178
KJ942685.1	335	2196	2	5	7	335
KJ942685.1	336	2158	0	8	8	2158
KJ942685.1	336	398	0	1	1	398
KJ942685.1	339	2185	0	11	11	2185
KJ942685.1	342	2181	1	14	15	342
KJ942685.1	342	2188	0	1	1	2188
KJ942685.1	344	1174	1	0	1	344
KJ942685.1	344	2168	5	17	22	344
KJ942685.1	344	372	0	1	1	372
KJ942685.1	345	2159	9	51	60	345
KJ942685.1	345	2270	18	42	60	345
KJ942685.1	346	2278	5	17	22	346
KJ942685.1	346	374	1	30	31	346
KJ942685.1	346	376	0	5	5	376
KJ942685.1	347	1282	0	1	1	1282
KJ942685.1	350	2055	46	143	189	350
KJ942685.1	352	1358	0	1	1	1358
KJ942685.1	354	2189	0	2	2	2189
KJ942685.1	357	1016	0	1	1	1016
KJ942685.1	358	2283	0	3	3	2283
KJ942685.1	359	2199	0	1	1	2199
KJ942685.1	361	2286	0	1	1	2286
KJ942685.1	364	2143	13	66	79	364
KJ942685.1	364	2180	11	50	61	364
KJ942685.1	370	2188	0	2	2	2188
KJ942685.1	371	2158	1	3	4	371
KJ942685.1	374	2159	7	56	63	374
KJ942685.1	374	2164	63	181	244	374
KJ942685.1	375	628	0	1	1	628
KJ942685.1	376	2154	0	4	4	2154
KJ942685.1	378	2171	5	20	25	378
KJ942685.1	378	2191	1	0	1	378
KJ942685.1	380	2082	0	2	2	2082
KJ942685.1	381	2054	0	4	4	2054
KJ942685.1	384	2170	0	1	1	2170
KJ942685.1	385	2149	6	11	17	385
KJ942685.1	391	2188	0	2	2	2188
KJ942685.1	394	2188	0	6	6	2188
KJ942685.1	396	1970	2	2	4	396
KJ942685.1	397	2155	1	5	6	397
KJ942685.1	401	2152	0	2	2	2152
KJ942685.1	402	2077	0	1	1	2077
KJ942685.1	403	2146	3	18	21	403
KJ942685.1	404	2142	3	7	10	404
KJ942685.1	405	2148	0	1	1	2148
KJ942685.1	413	2275	2	0	2	413
KJ942685.1	414	2152	2	4	6	414
KJ942685.1	414	2193	0	6	6	2193
KJ942685.1	415	2175	4	0	4	415
KJ942685.1	418	2198	0	1	1	2198
KJ942685.1	420	716	1	1	2	420
KJ942685.1	426	2112	0	2	2	2112
KJ942685.1	426	2158	1	3	4	426
KJ942685.1	426	2198	0	1	1	2198
KJ942685.1	430	2186	38	41	79	430
KJ942685.1	432	2204	0	1	1	2204
KJ942685.1	435	2191	0	2	2	2191
KJ942685.1	446	2201	1	0	1	446
KJ942685.1	447	488	0	2	2	488
KJ942685.1	455	2160	4	3	7	455
KJ942685.1	461	1867	0	1	1	1867
KJ942685.1	462	2023	6	6	12	462
KJ942685.1	464	2061	2	6	8	464
KJ942685.1	468	2187	5	7	12	468
KJ942685.1	471	2011	0	1	1	2011
KJ942685.1	473	1231	0	1	1	1231
KJ942685.1	478	2013	1	0	1	478
KJ942685.1	481	2075	3	1	4	481
KJ942685.1	482	2111	0	1	1	2111
KJ942685.1	483	2086	13	13	26	483
KJ942685.1	483	903	0	1	1	903
KJ942685.1	484	2083	0	1	1	2083
KJ942685.1	488	2195	0	1	1	2195
KJ942685.1	490	2134	7	8	15	490
KJ942685.1	492	2091	0	1	1	2091
KJ942685.1	494	2179	0	1	1	2179
KJ942685.1	500	2020	1	1	2	500
KJ942685.1	500	2023	1	2	3	500
KJ942685.1	500	2087	0	1	1	2087
KJ942685.1	501	1694	0	1	1	1694
KJ942685.1	501	524	3	2	5	501
KJ942685.1	503	2020	12	19	31	503
KJ942685.1	508	2017	0	1	1	2017
KJ942685.1	510	2131	1	0	1	510
KJ942685.1	514	1866	3	5	8	514
KJ942685.1	514	1943	1	0	1	514
KJ942685.1	514	2146	2	0	2	514
KJ942685.1	515	1479	1	0	1	515
KJ942685.1	515	2021	20	12	32	515
KJ942685.1	520	2061	1	1	2	520
KJ942685.1	524	2050	3	2	5	524
KJ942685.1	526	2053	23	37	60	526
KJ942685.1	543	2060	0	1	1	2060
KJ942685.1	548	1956	1	2	3	548
KJ942685.1	556	592	1	0	1	556
KJ942685.1	558	1927	4	4	8	558
KJ942685.1	563	1360	1	0	1	563
KJ942685.1	565	1961	14	9	23	565
KJ942685.1	565	1962	1	0	1	565
KJ942685.1	565	2016	3	4	7	565
KJ942685.1	565	2020	0	1	1	2020
KJ942685.1	565	592	0	5	5	592
KJ942685.1	566	1906	4	2	6	566
KJ942685.1	571	2020	1	0	1	571
KJ942685.1	572	1885	0	1	1	1885
KJ942685.1	573	2013	2	1	3	573
KJ942685.1	573	2029	1	1	2	573
KJ942685.1	573	2062	0	2	2	2062
KJ942685.1	575	2080	0	1	1	2080
KJ942685.1	575	915	3	0	3	575
KJ942685.1	577	659	0	1	1	659
KJ942685.1	580	2016	1	0	1	580
KJ942685.1	584	1975	0	1	1	1975
KJ942685.1	585	1897	1	0	1	585
KJ942685.1	590	1956	0	2	2	1956
KJ942685.1	596	1930	1	1	2	596
KJ942685.1	597	1917	1	1	2	597
KJ942685.1	600	1892	0	1	1	1892
KJ942685.1	602	2161	1	0	1	602
KJ942685.1	603	1936	1	1	2	603
KJ942685.1	606	1931	1	1	2	606
KJ942685.1	607	2013	2	1	3	607
KJ942685.1	613	2016	1	1	2	613
KJ942685.1	614	1958	9	8	17	614
KJ942685.1	619	1950	2	1	3	619
KJ942685.1	620	647	5	0	5	620
KJ942685.1	623	1786	0	1	1	1786
KJ942685.1	623	1906	0	1	1	1906
KJ942685.1	627	1778	2	0	2	627
KJ942685.1	628	1915	1	0	1	628
KJ942685.1	633	1705	2	1	3	633
KJ942685.1	633	1900	3	3	6	633
KJ942685.1	634	1957	3	3	6	634
KJ942685.1	637	1451	1	0	1	637
KJ942685.1	637	1901	3	2	5	637
KJ942685.1	641	1945	1	1	2	641
KJ942685.1	646	2080	0	1	1	2080
KJ942685.1	647	1940	3	0	3	647
KJ942685.1	651	1905	1	1	2	651
KJ942685.1	655	1865	1	0	1	655
KJ942685.1	658	1942	1	0	1	658
KJ942685.1	662	1882	1	0	1	662
KJ942685.1	664	1870	2	3	5	664
KJ942685.1	667	1929	0	1	1	1929
KJ942685.1	668	1882	1	0	1	668
KJ942685.1	668	1923	1	0	1	668
KJ942685.1	669	1852	2	0	2	669
KJ942685.1	677	1858	1	1	2	677
KJ942685.1	680	1627	1	0	1	680
KJ942685.1	681	1540	1	0	1	681
KJ942685.1	683	1835	1	0	1	683
KJ942685.1	686	1991	0	1	1	1991
KJ942685.1	690	1967	0	3	3	1967
KJ942685.1	694	1935	1	0	1	694
KJ942685.1	695	1822	3	0	3	695
KJ942685.1	697	1843	1	1	2	697
KJ942685.1	697	1963	5	0	5	697
KJ942685.1	706	1949	1	0	1	706
KJ942685.1	706	2021	1	1	2	706
KJ942685.1	707	790	0	1	1	790
KJ942685.1	708	1660	1	0	1	708
KJ942685.1	710	1796	1	0	1	710
KJ942685.1	710	2004	0	3	3	2004
KJ942685.1	721	1876	2	2	4	721
KJ942685.1	722	1958	25	33	58	722
KJ942685.1	722	766	0	1	1	766
KJ942685.1	723	2024	1	0	1	723
KJ942685.1	724	1853	3	1	4	724
KJ942685.1	730	1866	1	1	2	730
KJ942685.1	735	929	0	1	1	929
KJ942685.1	738	1554	1	2	3	738
KJ942685.1	738	1750	4	2	6	738
KJ942685.1	739	1840	1	0	1	739
KJ942685.1	739	1851	4	0	4	739
KJ942685.1	740	1677	0	1	1	1677
KJ942685.1	741	1956	0	1	1	1956
KJ942685.1	746	1748	2	6	8	746
KJ942685.1	751	2165	1	0	1	751
KJ942685.1	755	1838	0	1	1	1838
KJ942685.1	760	1838	5	2	7	760
KJ942685.1	765	1894	0	4	4	1894
KJ942685.1	769	2273	1	1	2	769
KJ942685.1	776	1850	0	1	1	1850
KJ942685.1	777	1795	1	1	2	777
KJ942685.1	778	1963	2	1	3	778
KJ942685.1	778	2369	0	1	1	2369
KJ942685.1	784	1690	2	1	3	784
KJ942685.1	784	1753	1	0	1	784
KJ942685.1	788	1418	0	1	1	1418
KJ942685.1	788	2241	1	0	1	788
KJ942685.1	793	1774	2	1	3	793
KJ942685.1	805	2243	0	1	1	2243
KJ942685.1	816	1874	1	1	2	816
KJ942685.1	817	1840	2	1	3	817
KJ942685.1	823	1979	0	1	1	1979
KJ942685.1	827	1461	1	0	1	827
KJ942685.1	832	1889	1	0	1	832
KJ942685.1	835	1854	2	0	2	835
KJ942685.1	838	1767	0	1	1	1767
KJ942685.1	838	1983	0	1	1	1983
KJ942685.1	842	1319	1	0	1	842
KJ942685.1	854	2189	0	1	1	2189
KJ942685.1	862	1706	1	0	1	862
KJ942685.1	863	1733	1	0	1	863
KJ942685.1	863	1739	3	0	3	863
KJ942685.1	864	1601	1	0	1	864
KJ942685.1	870	1970	0	1	1	1970
KJ942685.1	873	1764	2	1	3	873
KJ942685.1	878	1710	1	0	1	878
KJ942685.1	893	1778	0	1	1	1778
KJ942685.1	895	1668	1	1	2	895
KJ942685.1	901	1168	1	0	1	901
KJ942685.1	904	1705	2	0	2	904
KJ942685.1	907	1636	1	0	1	907
KJ942685.1	909	1690	1	0	1	909
KJ942685.1	912	1797	2	1	3	912
KJ942685.1	919	1678	4	1	5	919
KJ942685.1	920	1216	1	0	1	920
KJ942685.1	921	1667	2	1	3	921
KJ942685.1	923	1049	0	1	1	1049
KJ942685.1	925	1573	1	0	1	925
KJ942685.1	925	1782	1	0	1	925
KJ942685.1	927	1677	0	1	1	1677
KJ942685.1	929	1677	1	2	3	929
KJ942685.1	931	1888	0	1	1	1888
KJ942685.1	933	1669	1	1	2	933
KJ942685.1	933	1677	1	0	1	933
KJ942685.1	934	1655	1	0	1	934
KJ942685.1	936	1882	0	2	2	1882
KJ942685.1	936	1971	0	1	1	1971
KJ942685.1	950	1168	1	0	1	950
KJ942685.1	978	2109	0	1	1	2109
KJ942685.1	980	1287	1	0	1	980
KJ942685.1	985	1054	1	0	1	985
KJ942685.1	988	1615	0	1	1	1615
KJ942686.1	1004	1554	0	1	1	1554
KJ942686.1	1004	1959	0	2	2	1959
KJ942686.1	1005	1689	1	0	1	1005
KJ942686.1	1012	1355	1	0	1	1012
KJ942686.1	1013	1777	1	1	2	1013
KJ942686.1	1016	1579	1	0	1	1016
KJ942686.1	1024	1576	2	0	2	1024
KJ942686.1	1033	1662	1	0	1	1033
KJ942686.1	1036	1775	0	1	1	1775
KJ942686.1	1047	2021	0	1	1	2021
KJ942686.1	1048	1428	1	0	1	1048
KJ942686.1	1056	1766	1	0	1	1056
KJ942686.1	1074	2244	1	0	1	1074
KJ942686.1	1100	1194	1	0	1	1100
KJ942686.1	1104	2088	1	0	1	1104
KJ942686.1	1116	1778	0	1	1	1778
KJ942686.1	1147	2421	1	0	1	1147
KJ942686.1	1153	2047	0	1	1	2047
KJ942686.1	1157	2070	0	1	1	2070
KJ942686.1	1158	1914	0	1	1	1914
KJ942686.1	1191	1793	1	0	1	1191
KJ942686.1	1193	1797	0	1	1	1797
KJ942686.1	1214	1381	1	0	1	1214
KJ942686.1	1215	1980	1	0	1	1215
KJ942686.1	1228	2331	1	0	1	1228
KJ942686.1	1315	1926	0	1	1	1926
KJ942686.1	1318	2206	0	1	1	2206
KJ942686.1	1367	2169	1	0	1	1367
KJ942686.1	1570	1598	0	1	1	1598
KJ942686.1	1586	1922	0	1	1	1922
KJ942686.1	1646	1831	1	0	1	1646
KJ942686.1	1666	1985	0	1	1	1985
KJ942686.1	1717	2238	1	0	1	1717
KJ942686.1	1725	2007	1	0	1	1725
KJ942686.1	1748	2265	0	1	1	2265
KJ942686.1	1876	2239	1	0	1	1876
KJ942686.1	1882	1948	0	1	1	1948
KJ942686.1	1917	1949	0	1	1	1949
KJ942686.1	1921	2349	0	1	1	2349
KJ942686.1	1926	2218	1	1	2	1926
KJ942686.1	1985	2219	0	1	1	2219
KJ942686.1	2007	2076	0	1	1	2076
KJ942686.1	2010	2368	1	0	1	2010
KJ942686.1	2055	2145	0	1	1	2145
KJ942686.1	2126	2385	0	1	1	2385
KJ942686.1	2144	2424	1	0	1	2144
KJ942686.1	2168	2407	2	1	3	2168
KJ942686.1	2203	2405	1	3	4	2203
KJ942686.1	2276	2305	4	1	5	2276
KJ942686.1	2279	2376	1	0	1	2279
KJ942686.1	2289	2387	3	1	4	2289
KJ942686.1	2341	2411	1	0	1	2341
KJ942686.1	2422	2459	0	2	2	2459
KJ942686.1	2434	2510	0	1	1	2510
KJ942686.1	249	1251	1	0	1	249
KJ942686.1	251	2326	3	0	3	251
KJ942686.1	255	2380	3	0	3	255
KJ942686.1	256	2149	3	0	3	256
KJ942686.1	256	2331	15	0	15	256
KJ942686.1	256	2334	4	0	4	256
KJ942686.1	256	300	3	0	3	256
KJ942686.1	256	367	3	0	3	256
KJ942686.1	257	2239	3	1	4	257
KJ942686.1	259	921	1	0	1	259
KJ942686.1	262	1642	1	0	1	262
KJ942686.1	275	324	2	0	2	275
KJ942686.1	280	367	1	1	2	280
KJ942686.1	283	2371	1	1	2	283
KJ942686.1	295	2330	2	0	2	295
KJ942686.1	296	2296	3	0	3	296
KJ942686.1	306	2460	0	3	3	2460
KJ942686.1	317	1521	1	0	1	317
KJ942686.1	338	2368	1	0	1	338
KJ942686.1	348	2357	11	6	17	348
KJ942686.1	358	2309	1	0	1	358
KJ942686.1	364	2343	7	1	8	364
KJ942686.1	364	2364	0	1	1	2364
KJ942686.1	367	2219	1	0	1	367
KJ942686.1	370	1590	1	0	1	370
KJ942686.1	372	2134	2	1	3	372
KJ942686.1	372	2331	15	1	16	372
KJ942686.1	373	2391	3	1	4	373
KJ942686.1	382	2237	1	0	1	382
KJ942686.1	385	1657	1	0	1	385
KJ942686.1	385	2304	8	0	8	385
KJ942686.1	389	2146	1	0	1	389
KJ942686.1	392	470	1	0	1	392
KJ942686.1	393	2251	3	0	3	393
KJ942686.1	397	2218	0	1	1	2218
KJ942686.1	406	2271	12	0	12	406
KJ942686.1	408	2278	3	0	3	408
KJ942686.1	422	2212	2	0	2	422
KJ942686.1	423	2354	2	0	2	423
KJ942686.1	427	2255	4	0	4	427
KJ942686.1	428	2241	13	1	14	428
KJ942686.1	430	2200	4	1	5	430
KJ942686.1	430	2230	0	1	1	2230
KJ942686.1	432	1891	1	0	1	432
KJ942686.1	439	2253	3	0	3	439
KJ942686.1	441	1634	1	0	1	441
KJ942686.1	443	2257	357	164	521	443
KJ942686.1	445	2112	6	1	7	445
KJ942686.1	448	2363	2	0	2	448
KJ942686.1	450	2352	2	1	3	450
KJ942686.1	452	2267	0	1	1	2267
KJ942686.1	454	2282	1	1	2	454
KJ942686.1	455	1196	1	0	1	455
KJ942686.1	456	2264	0	1	1	2264
KJ942686.1	461	2286	0	3	3	2286
KJ942686.1	463	2296	1	4	5	463
KJ942686.1	466	2246	1	0	1	466
KJ942686.1	470	2078	1	3	4	470
KJ942686.1	471	2293	0	3	3	2293
KJ942686.1	475	2307	1	5	6	475
KJ942686.1	475	531	1	2	3	475
KJ942686.1	481	2023	1	2	3	481
KJ942686.1	481	2393	3	0	3	481
KJ942686.1	482	2175	2	0	2	482
KJ942686.1	485	1915	1	2	3	485
KJ942686.1	486	1280	4	0	4	486
KJ942686.1	486	2192	0	2	2	2192
KJ942686.1	496	1370	1	0	1	496
KJ942686.1	499	2175	2	2	4	499
KJ942686.1	503	2382	2	0	2	503
KJ942686.1	527	2072	2	1	3	527
KJ942686.1	530	2216	2	1	3	530
KJ942686.1	534	681	1	0	1	534
KJ942686.1	535	2292	5	2	7	535
KJ942686.1	536	2208	1	0	1	536
KJ942686.1	541	1185	0	1	1	1185
KJ942686.1	550	2264	1	0	1	550
KJ942686.1	556	2197	0	1	1	2197
KJ942686.1	556	2247	5	4	9	556
KJ942686.1	557	2162	0	1	1	2162
KJ942686.1	574	2457	0	1	1	2457
KJ942686.1	575	2028	0	1	1	2028
KJ942686.1	582	2215	0	2	2	2215
KJ942686.1	591	618	1	0	1	591
KJ942686.1	594	2237	1	0	1	594
KJ942686.1	597	2173	0	2	2	2173
KJ942686.1	603	2089	0	1	1	2089
KJ942686.1	611	2311	0	1	1	2311
KJ942686.1	612	2023	1	5	6	612
KJ942686.1	612	2235	2	0	2	612
KJ942686.1	613	2113	2	0	2	613
KJ942686.1	617	2161	1	1	2	617
KJ942686.1	619	1770	2	1	3	619
KJ942686.1	620	2103	1	0	1	620
KJ942686.1	620	2200	1	0	1	620
KJ942686.1	622	1821	0	1	1	1821
KJ942686.1	624	1763	4	2	6	624
KJ942686.1	643	2023	1	0	1	643
KJ942686.1	646	2023	1	3	4	646
KJ942686.1	649	2133	0	1	1	2133
KJ942686.1	666	1730	0	2	2	1730
KJ942686.1	669	1723	1	0	1	669
KJ942686.1	673	1672	1	0	1	673
KJ942686.1	674	2055	1	0	1	674
KJ942686.1	677	1717	2	0	2	677
KJ942686.1	677	2147	1	0	1	677
KJ942686.1	681	1945	1	0	1	681
KJ942686.1	682	2056	0	1	1	2056
KJ942686.1	697	2058	0	1	1	2058
KJ942686.1	697	2179	3	0	3	697
KJ942686.1	698	1901	2	0	2	698
KJ942686.1	698	2086	1	0	1	698
KJ942686.1	701	2071	0	1	1	2071
KJ942686.1	711	2311	1	1	2	711
KJ942686.1	716	1956	2	1	3	716
KJ942686.1	723	1648	0	1	1	1648
KJ942686.1	730	1682	1	0	1	730
KJ942686.1	733	1927	3	0	3	733
KJ942686.1	735	1927	1	0	1	735
KJ942686.1	751	2078	1	0	1	751
KJ942686.1	752	1914	1	0	1	752
KJ942686.1	752	2023	0	1	1	2023
KJ942686.1	759	2029	2	4	6	759
KJ942686.1	762	1999	0	1	1	1999
KJ942686.1	762	2011	0	1	1	2011
KJ942686.1	768	2006	1	1	2	768
KJ942686.1	769	1905	2	0	2	769
KJ942686.1	769	2023	0	1	1	2023
KJ942686.1	769	2113	2	3	5	769
KJ942686.1	770	2016	0	1	1	2016
KJ942686.1	775	1884	1	1	2	775
KJ942686.1	776	2006	0	1	1	2006
KJ942686.1	778	1892	1	0	1	778
KJ942686.1	784	2017	1	1	2	784
KJ942686.1	790	1876	1	0	1	790
KJ942686.1	798	1828	1	1	2	798
KJ942686.1	798	1983	0	1	1	1983
KJ942686.1	799	1406	1	0	1	799
KJ942686.1	800	1809	0	1	1	1809
KJ942686.1	800	2104	5	2	7	800
KJ942686.1	806	1694	1	0	1	806
KJ942686.1	807	1856	1	1	2	807
KJ942686.1	811	1865	1	0	1	811
KJ942686.1	812	1830	2	0	2	812
KJ942686.1	813	1867	1	4	5	813
KJ942686.1	829	2028	1	1	2	829
KJ942686.1	835	1905	1	1	2	835
KJ942686.1	842	1890	1	0	1	842
KJ942686.1	847	2266	1	0	1	847
KJ942686.1	859	1959	1	1	2	859
KJ942686.1	862	1459	1	1	2	862
KJ942686.1	867	1779	1	0	1	867
KJ942686.1	868	1185	0	1	1	1185
KJ942686.1	876	1794	0	2	2	1794
KJ942686.1	884	1174	1	0	1	884
KJ942686.1	893	1884	7	9	16	893
KJ942686.1	893	2238	1	0	1	893
KJ942686.1	897	1706	0	1	1	1706
KJ942686.1	897	1883	1	2	3	897
KJ942686.1	901	1844	1	0	1	901
KJ942686.1	902	1296	1	0	1	902
KJ942686.1	917	2381	0	1	1	2381
KJ942686.1	921	1895	0	1	1	1895
KJ942686.1	924	1747	2	0	2	924
KJ942686.1	944	1030	1	0	1	944
KJ942686.1	944	1719	1	0	1	944
KJ942686.1	945	1491	1	0	1	945
KJ942686.1	950	2355	1	2	3	950
KJ942686.1	960	2072	0	1	1	2072
KJ942686.1	971	1832	1	0	1	971
KJ942686.1	975	1206	0	1	1	1206
KJ942686.1	981	1736	4	0	4	981
KJ942686.1	984	1895	1	1	2	984
KJ942686.1	996	1028	0	1	1	1028
KJ942687.1	1019	1417	1	0	1	1019
KJ942687.1	1034	1735	1	0	1	1034
KJ942687.1	1037	1611	1	1	2	1037
KJ942687.1	1081	2243	1	0	1	1081
KJ942687.1	1140	2031	1	0	1	1140
KJ942687.1	1160	2141	1	0	1	1160
KJ942687.1	1185	2063	1	1	2	1185
KJ942687.1	1186	2165	1	4	5	1186
KJ942687.1	1186	2172	6	5	11	1186
KJ942687.1	1190	1582	1	0	1	1190
KJ942687.1	1193	2178	5	13	18	1193
KJ942687.1	1197	1681	1	0	1	1197
KJ942687.1	1198	2104	5	8	13	1198
KJ942687.1	1198	2107	20	47	67	1198
KJ942687.1	1239	2125	0	1	1	2125
KJ942687.1	1246	2435	1	0	1	1246
KJ942687.1	1252	1403	1	0	1	1252
KJ942687.1	1260	2129	0	1	1	2129
KJ942687.1	1263	2129	0	1	1	2129
KJ942687.1	1326	2137	0	1	1	2137
KJ942687.1	1348	2122	1	1	2	1348
KJ942687.1	1369	2122	0	1	1	2122
KJ942687.1	1371	1992	1	0	1	1371
KJ942687.1	1375	2030	1	0	1	1375
KJ942687.1	1408	2054	61	46	107	1408
KJ942687.1	1419	2013	0	3	3	2013
KJ942687.1	1429	2122	0	1	1	2122
KJ942687.1	1457	2219	1	0	1	1457
KJ942687.1	1504	2116	1	0	1	1504
KJ942687.1	1511	2123	2	0	2	1511
KJ942687.1	1515	2127	1	0	1	1515
KJ942687.1	1561	1843	1	0	1	1561
KJ942687.1	1604	1696	0	1	1	1696
KJ942687.1	1613	1717	1	0	1	1613
KJ942687.1	1616	2178	0	1	1	2178
KJ942687.1	1666	2051	0	1	1	2051
KJ942687.1	1689	2021	0	1	1	2021
KJ942687.1	1697	1844	1	1	2	1697
KJ942687.1	1697	2174	1	0	1	1697
KJ942687.1	1704	2096	1	0	1	1704
KJ942687.1	1705	2113	0	2	2	2113
KJ942687.1	1710	1955	1	0	1	1710
KJ942687.1	1714	2052	0	1	1	2052
KJ942687.1	1715	2051	5	6	11	1715
KJ942687.1	1715	2489	0	1	1	2489
KJ942687.1	1716	2052	1	0	1	1716
KJ942687.1	1773	1803	0	1	1	1803
KJ942687.1	1962	2047	2	1	3	1962
KJ942687.1	2004	2035	1	0	1	2004
KJ942687.1	2095	2199	0	1	1	2199
KJ942687.1	2248	2393	0	1	1	2393
KJ942687.1	2271	2341	0	1	1	2341
KJ942687.1	2355	2413	1	0	1	2355
KJ942687.1	255	2413	1	0	1	255
KJ942687.1	258	2416	8	0	8	258
KJ942687.1	281	1794	1	0	1	281
KJ942687.1	297	2317	6	4	10	297
KJ942687.1	299	2094	6	0	6	299
KJ942687.1	320	2204	0	7	7	2204
KJ942687.1	336	812	0	1	1	812
KJ942687.1	349	2164	0	1	1	2164
KJ942687.1	354	2343	1	0	1	354
KJ942687.1	360	2008	0	1	1	2008
KJ942687.1	361	2250	1	0	1	361
KJ942687.1	378	2310	1	6	7	378
KJ942687.1	379	2174	0	3	3	2174
KJ942687.1	382	2328	0	3	3	2328
KJ942687.1	384	2266	0	4	4	2266
KJ942687.1	386	1922	0	1	1	1922
KJ942687.1	386	2224	4	9	13	386
KJ942687.1	386	2348	4	40	44	386
KJ942687.1	386	858	0	1	1	858
KJ942687.1	388	2147	0	3	3	2147
KJ942687.1	388	2298	0	1	1	2298
KJ942687.1	395	2012	1	0	1	395
KJ942687.1	396	2183	7	26	33	396
KJ942687.1	396	2252	0	3	3	2252
KJ942687.1	396	2319	0	4	4	2319
KJ942687.1	397	2329	2	61	63	397
KJ942687.1	398	2250	14	42	56	398
KJ942687.1	398	454	0	10	10	454
KJ942687.1	399	2186	0	2	2	2186
KJ942687.1	399	2247	2	4	6	399
KJ942687.1	417	1421	1	0	1	417
KJ942687.1	423	2347	0	1	1	2347
KJ942687.1	425	2296	0	7	7	2296
KJ942687.1	425	473	0	1	1	473
KJ942687.1	427	2006	0	2	2	2006
KJ942687.1	429	2236	0	1	1	2236
KJ942687.1	429	2525	0	2	2	2525
KJ942687.1	430	2141	1	0	1	430
KJ942687.1	436	2049	0	2	2	2049
KJ942687.1	440	2254	3	2	5	440
KJ942687.1	445	2185	0	2	2	2185
KJ942687.1	450	2326	1	6	7	450
KJ942687.1	457	1239	0	1	1	1239
KJ942687.1	458	2197	1	1	2	458
KJ942687.1	458	2251	0	1	1	2251
KJ942687.1	467	2291	2	2	4	467
KJ942687.1	474	2172	2	0	2	474
KJ942687.1	475	2179	2	5	7	475
KJ942687.1	479	2101	1	0	1	479
KJ942687.1	485	2312	1	6	7	485
KJ942687.1	487	2178	7	5	12	487
KJ942687.1	496	2168	1	0	1	496
KJ942687.1	497	2245	0	3	3	2245
KJ942687.1	497	2268	1	1	2	497
KJ942687.1	498	2242	2	1	3	498
KJ942687.1	501	2219	2	9	11	501
KJ942687.1	503	2262	1	0	1	503
KJ942687.1	510	2143	0	2	2	2143
KJ942687.1	524	2172	11	11	22	524
KJ942687.1	534	1576	1	0	1	534
KJ942687.1	536	2246	0	2	2	2246
KJ942687.1	537	1996	1	1	2	537
KJ942687.1	538	2072	0	2	2	2072
KJ942687.1	538	2083	0	2	2	2083
KJ942687.1	539	1190	1	1	2	539
KJ942687.1	541	2030	2	2	4	541
KJ942687.1	549	1964	1	3	4	549
KJ942687.1	549	2202	1	5	6	549
KJ942687.1	566	2113	0	1	1	2113
KJ942687.1	568	2108	0	1	1	2108
KJ942687.1	569	2086	1	1	2	569
KJ942687.1	574	2217	1	1	2	574
KJ942687.1	582	2231	0	3	3	2231
KJ942687.1	589	1928	4	0	4	589
KJ942687.1	589	2023	3	1	4	589
KJ942687.1	590	1971	0	1	1	1971
KJ942687.1	590	2298	2	1	3	590
KJ942687.1	611	2130	11	18	29	611
KJ942687.1	611	2155	2	1	3	611
KJ942687.1	616	2145	0	1	1	2145
KJ942687.1	618	2002	1	0	1	618
KJ942687.1	629	1863	1	0	1	629
KJ942687.1	629	2275	1	0	1	629
KJ942687.1	633	1986	3	2	5	633
KJ942687.1	633	2116	1	0	1	633
KJ942687.1	634	2108	1	1	2	634
KJ942687.1	642	1969	1	0	1	642
KJ942687.1	647	2127	2	2	4	647
KJ942687.1	656	1825	5	2	7	656
KJ942687.1	658	2050	5	3	8	658
KJ942687.1	659	1969	2	0	2	659
KJ942687.1	659	2107	2	0	2	659
KJ942687.1	660	1971	2	0	2	660
KJ942687.1	660	2035	1	0	1	660
KJ942687.1	665	1963	1	2	3	665
KJ942687.1	669	2043	1	0	1	669
KJ942687.1	676	2029	1	0	1	676
KJ942687.1	679	2030	3	0	3	679
KJ942687.1	688	2090	0	1	1	2090
KJ942687.1	689	1880	1	0	1	689
KJ942687.1	690	2034	1	0	1	690
KJ942687.1	690	2128	1	1	2	690
KJ942687.1	693	2211	0	1	1	2211
KJ942687.1	699	2101	0	1	1	2101
KJ942687.1	701	2049	11	8	19	701
KJ942687.1	702	1919	1	1	2	702
KJ942687.1	713	1998	0	3	3	1998
KJ942687.1	716	2003	0	1	1	2003
KJ942687.1	720	2082	0	1	1	2082
KJ942687.1	722	2037	2	0	2	722
KJ942687.1	729	1964	0	2	2	1964
KJ942687.1	736	1970	0	1	1	1970
KJ942687.1	747	2055	0	2	2	2055
KJ942687.1	748	1963	1	0	1	748
KJ942687.1	752	1964	2	0	2	752
KJ942687.1	768	1935	1	0	1	768
KJ942687.1	768	1953	1	4	5	768
KJ942687.1	773	2340	1	0	1	773
KJ942687.1	775	1978	2	1	3	775
KJ942687.1	776	2230	0	1	1	2230
KJ942687.1	779	1940	1	0	1	779
KJ942687.1	781	1884	0	2	2	1884
KJ942687.1	783	1959	1	0	1	783
KJ942687.1	784	1240	1	0	1	784
KJ942687.1	785	1962	1	3	4	785
KJ942687.1	792	2179	2	0	2	792
KJ942687.1	793	1959	1	0	1	793
KJ942687.1	796	1953	4	4	8	796
KJ942687.1	799	1928	2	0	2	799
KJ942687.1	806	1876	1	0	1	806
KJ942687.1	807	1934	1	0	1	807
KJ942687.1	808	1947	0	1	1	1947
KJ942687.1	815	1713	0	1	1	1713
KJ942687.1	840	1846	3	1	4	840
KJ942687.1	842	1815	1	2	3	842
KJ942687.1	858	1830	1	0	1	858
KJ942687.1	866	1816	1	0	1	866
KJ942687.1	887	1780	0	1	1	1780
KJ942687.1	901	1843	0	1	1	1843
KJ942687.1	913	1825	0	1	1	1825
KJ942687.1	916	1825	4	1	5	916
KJ942687.1	918	1820	0	1	1	1820
KJ942687.1	920	1825	0	1	1	1825
KJ942687.1	932	2017	0	3	3	2017
KJ942687.1	933	2083	1	1	2	933
KJ942687.1	949	1767	1	0	1	949
KJ942687.1	996	1821	0	1	1	1821
KJ942687.1	996	1957	6	3	9	996
