Segment	Start	Stop	Forward_support	Reverse_support	Total_support	Fuzz_factor
KJ942680.1	1014	1662	0	1	1	1662
KJ942680.1	1024	1722	1	0	1	1024
KJ942680.1	1028	1102	1	0	1	1028
KJ942680.1	1029	1468	1	0	1	1029
KJ942680.1	1037	1705	0	1	1	1705
KJ942680.1	1040	1552	1	0	1	1040
KJ942680.1	1045	1138	1	1	2	1045
KJ942680.1	1060	1215	0	1	1	1215
KJ942680.1	1093	1191	0	1	1	1191
KJ942680.1	1101	1746	1	0	1	1101
KJ942680.1	1111	1433	0	1	1	1433
KJ942680.1	1111	1580	0	1	1	1580
KJ942680.1	1117	1201	0	1	1	1201
KJ942680.1	1125	1176	0	1	1	1176
KJ942680.1	1147	1329	1	0	1	1147
KJ942680.1	1149	1730	1	0	1	1149
KJ942680.1	1163	1233	0	1	1	1233
KJ942680.1	1170	1716	0	1	1	1716
KJ942680.1	1170	1832	1	0	1	1170
KJ942680.1	1176	1738	0	1	1	1738
KJ942680.1	1196	1294	1	0	1	1196
KJ942680.1	1201	1747	1	0	1	1201
KJ942680.1	1219	1385	1	0	1	1219
KJ942680.1	1220	1408	0	1	1	1408
KJ942680.1	1224	1417	0	1	1	1417
KJ942680.1	1237	1287	1	0	1	1237
KJ942680.1	1244	1401	1	0	1	1244
KJ942680.1	1244	1451	0	1	1	1451
KJ942680.1	1244	1801	0	1	1	1801
KJ942680.1	1248	1810	1	0	1	1248
KJ942680.1	1266	1806	1	0	1	1266
KJ942680.1	1269	1558	1	0	1	1269
KJ942680.1	1292	1545	1	0	1	1292
KJ942680.1	1311	1552	1	0	1	1311
KJ942680.1	1316	1338	1	0	1	1316
KJ942680.1	1316	1433	0	1	1	1433
KJ942680.1	1316	1799	0	1	1	1799
KJ942680.1	1317	1488	0	1	1	1488
KJ942680.1	1334	1684	0	1	1	1684
KJ942680.1	1337	1795	0	1	1	1795
KJ942680.1	1372	1497	0	1	1	1497
KJ942680.1	1382	1407	0	2	2	1407
KJ942680.1	1391	1434	1	0	1	1391
KJ942680.1	1414	1705	1	0	1	1414
KJ942680.1	1424	1549	0	1	1	1549
KJ942680.1	1424	1586	0	1	1	1586
KJ942680.1	1500	1658	1	0	1	1500
KJ942680.1	1513	1608	0	1	1	1608
KJ942680.1	1544	1886	0	1	1	1886
KJ942680.1	1568	1869	0	1	1	1869
KJ942680.1	1570	1730	0	1	1	1730
KJ942680.1	1575	1608	1	0	1	1575
KJ942680.1	1577	1617	1	0	1	1577
KJ942680.1	1581	1619	0	1	1	1619
KJ942680.1	1632	1899	0	1	1	1899
KJ942680.1	1648	1773	0	1	1	1773
KJ942680.1	1656	1718	0	1	1	1718
KJ942680.1	1669	1728	1	0	1	1669
KJ942680.1	1672	1694	3	1	4	1672
KJ942680.1	1702	1754	1	1	2	1702
KJ942680.1	1707	1898	0	1	1	1898
KJ942680.1	1712	1759	0	1	1	1759
KJ942680.1	1716	1750	2	0	2	1716
KJ942680.1	1718	1905	0	3	3	1905
KJ942680.1	1745	1777	1	0	1	1745
KJ942680.1	1823	1847	0	1	1	1847
KJ942680.1	241	1919	0	1	1	1919
KJ942680.1	260	1871	1	0	1	260
KJ942680.1	266	456	1	0	1	266
KJ942680.1	266	625	1	0	1	266
KJ942680.1	274	517	1	0	1	274
KJ942680.1	290	430	2	0	2	290
KJ942680.1	299	1759	1	0	1	299
KJ942680.1	309	397	0	1	1	397
KJ942680.1	310	1377	1	0	1	310
KJ942680.1	361	1472	0	1	1	1472
KJ942680.1	362	1702	0	1	1	1702
KJ942680.1	362	1909	0	4	4	1909
KJ942680.1	363	1608	1	0	1	363
KJ942680.1	365	1883	0	1	1	1883
KJ942680.1	371	836	0	1	1	836
KJ942680.1	378	424	1	0	1	378
KJ942680.1	381	1580	0	1	1	1580
KJ942680.1	381	1808	0	1	1	1808
KJ942680.1	384	1210	0	1	1	1210
KJ942680.1	387	1474	0	1	1	1474
KJ942680.1	389	1671	0	4	4	1671
KJ942680.1	396	1672	1	0	1	396
KJ942680.1	398	1632	1	0	1	398
KJ942680.1	398	1717	1	0	1	398
KJ942680.1	398	824	0	1	1	824
KJ942680.1	399	1695	1	6	7	399
KJ942680.1	402	1222	0	1	1	1222
KJ942680.1	406	1771	1	0	1	406
KJ942680.1	408	967	0	1	1	967
KJ942680.1	413	1703	2	0	2	413
KJ942680.1	429	767	0	1	1	767
KJ942680.1	431	1481	0	2	2	1481
KJ942680.1	433	1242	1	0	1	433
KJ942680.1	434	666	0	1	1	666
KJ942680.1	440	1293	1	0	1	440
KJ942680.1	441	635	0	1	1	635
KJ942680.1	447	1904	0	2	2	1904
KJ942680.1	458	1366	0	1	1	1366
KJ942680.1	459	1921	0	1	1	1921
KJ942680.1	460	1472	0	1	1	1472
KJ942680.1	466	1529	1	0	1	466
KJ942680.1	469	1353	1	0	1	469
KJ942680.1	471	1158	0	1	1	1158
KJ942680.1	477	1605	0	3	3	1605
KJ942680.1	480	1936	1	14	15	480
KJ942680.1	481	1194	1	0	1	481
KJ942680.1	482	1523	0	2	2	1523
KJ942680.1	484	1575	4	5	9	484
KJ942680.1	487	1628	1	0	1	487
KJ942680.1	491	1428	0	1	1	1428
KJ942680.1	491	1611	0	1	1	1611
KJ942680.1	502	660	1	0	1	502
KJ942680.1	504	1320	0	1	1	1320
KJ942680.1	521	1149	0	1	1	1149
KJ942680.1	531	1695	0	1	1	1695
KJ942680.1	552	1316	0	1	1	1316
KJ942680.1	555	1676	0	1	1	1676
KJ942680.1	562	1556	0	1	1	1556
KJ942680.1	562	1650	0	1	1	1650
KJ942680.1	565	1224	0	2	2	1224
KJ942680.1	565	1395	1	0	1	565
KJ942680.1	572	821	1	0	1	572
KJ942680.1	573	1383	1	2	3	573
KJ942680.1	574	1408	1	1	2	574
KJ942680.1	577	1653	3	2	5	577
KJ942680.1	579	1631	0	1	1	1631
KJ942680.1	580	1216	2	1	3	580
KJ942680.1	584	799	0	1	1	799
KJ942680.1	586	1795	1	0	1	586
KJ942680.1	588	1217	1	0	1	588
KJ942680.1	593	1898	0	2	2	1898
KJ942680.1	617	1729	1	0	1	617
KJ942680.1	619	681	0	1	1	681
KJ942680.1	626	1636	1	0	1	626
KJ942680.1	646	1118	0	1	1	1118
KJ942680.1	654	1714	0	1	1	1714
KJ942680.1	663	1303	0	1	1	1303
KJ942680.1	668	1626	0	1	1	1626
KJ942680.1	676	1254	1	0	1	676
KJ942680.1	684	1618	1	0	1	684
KJ942680.1	688	1832	1	0	1	688
KJ942680.1	710	1675	0	1	1	1675
KJ942680.1	718	1654	1	0	1	718
KJ942680.1	719	801	0	1	1	801
KJ942680.1	731	788	0	1	1	788
KJ942680.1	755	922	0	1	1	922
KJ942680.1	791	1027	0	1	1	1027
KJ942680.1	795	1760	1	0	1	795
KJ942680.1	821	874	1	0	1	821
KJ942680.1	824	1315	1	0	1	824
KJ942680.1	824	908	0	1	1	908
KJ942680.1	825	1339	4	0	4	825
KJ942680.1	828	1267	1	0	1	828
KJ942680.1	829	1069	1	0	1	829
KJ942680.1	837	1049	0	1	1	1049
KJ942680.1	854	1141	0	1	1	1141
KJ942680.1	855	1102	0	1	1	1102
KJ942680.1	857	1126	0	1	1	1126
KJ942680.1	859	1211	1	0	1	859
KJ942680.1	859	1646	1	0	1	859
KJ942680.1	869	1748	1	0	1	869
KJ942680.1	876	1123	0	1	1	1123
KJ942680.1	886	1275	0	1	1	1275
KJ942680.1	889	1602	0	1	1	1602
KJ942680.1	906	1260	1	0	1	906
KJ942680.1	936	1068	1	0	1	936
KJ942680.1	953	1471	1	0	1	953
KJ942680.1	959	1125	1	0	1	959
KJ942680.1	959	1128	1	0	1	959
KJ942680.1	970	1791	1	0	1	970
KJ942680.1	985	1068	1	0	1	985
KJ942680.1	990	1400	1	0	1	990
KJ942680.1	991	1473	1	0	1	991
KJ942681.1	235	1158	1	0	1	235
KJ942681.1	238	872	1	0	1	238
KJ942681.1	257	761	1	0	1	257
KJ942681.1	260	1071	1	0	1	260
KJ942681.1	266	1025	1	0	1	266
KJ942681.1	282	1035	1	0	1	282
KJ942681.1	283	565	10	0	10	283
KJ942681.1	290	863	8	0	8	290
KJ942681.1	293	468	1	0	1	293
KJ942681.1	315	946	0	1	1	946
KJ942681.1	345	1122	1	0	1	345
KJ942681.1	346	633	1	0	1	346
KJ942681.1	356	1158	0	1	1	1158
KJ942681.1	356	799	1	0	1	356
KJ942681.1	362	588	0	2	2	588
KJ942681.1	370	1013	0	1	1	1013
KJ942681.1	370	1105	0	1	1	1105
KJ942681.1	379	613	0	1	1	613
KJ942681.1	381	403	0	1	1	403
KJ942681.1	384	725	0	1	1	725
KJ942681.1	390	956	1	0	1	390
KJ942681.1	396	625	0	1	1	625
KJ942681.1	408	481	0	1	1	481
KJ942681.1	409	486	0	1	1	486
KJ942681.1	409	525	1	0	1	409
KJ942681.1	415	1054	1	0	1	415
KJ942681.1	415	892	0	1	1	892
KJ942681.1	418	566	0	1	1	566
KJ942681.1	419	766	1	0	1	419
KJ942681.1	454	1102	0	1	1	1102
KJ942681.1	457	1043	0	1	1	1043
KJ942681.1	457	833	0	1	1	833
KJ942681.1	473	1002	1	0	1	473
KJ942681.1	473	835	1	0	1	473
KJ942681.1	488	601	0	1	1	601
KJ942681.1	492	996	1	0	1	492
KJ942681.1	493	838	1	0	1	493
KJ942681.1	494	1027	3	0	3	494
KJ942681.1	500	639	0	1	1	639
KJ942681.1	514	904	1	0	1	514
KJ942681.1	515	624	0	1	1	624
KJ942681.1	515	715	1	0	1	515
KJ942681.1	515	902	1	0	1	515
KJ942681.1	516	906	0	1	1	906
KJ942681.1	526	615	1	0	1	526
KJ942681.1	530	622	1	0	1	530
KJ942681.1	534	806	0	1	1	806
KJ942681.1	542	880	0	1	1	880
KJ942681.1	550	583	1	0	1	550
KJ942681.1	552	960	1	0	1	552
KJ942681.1	555	929	0	1	1	929
KJ942681.1	556	984	1	1	2	556
KJ942681.1	557	640	0	1	1	640
KJ942681.1	559	860	1	0	1	559
KJ942681.1	559	977	0	1	1	977
KJ942681.1	580	648	1	0	1	580
KJ942681.1	581	641	1	0	1	581
KJ942681.1	581	826	0	1	1	826
KJ942681.1	600	1095	0	1	1	1095
KJ942681.1	600	828	0	1	1	828
KJ942681.1	600	852	1	0	1	600
KJ942681.1	601	920	0	1	1	920
KJ942681.1	604	877	3	1	4	604
KJ942681.1	604	976	1	0	1	604
KJ942681.1	620	848	1	0	1	620
KJ942681.1	621	1039	1	0	1	621
KJ942681.1	625	1059	1	0	1	625
KJ942681.1	638	1160	0	1	1	1160
KJ942681.1	638	727	1	0	1	638
KJ942681.1	641	732	0	1	1	732
KJ942681.1	642	951	0	1	1	951
KJ942681.1	643	930	1	0	1	643
KJ942681.1	646	932	1	0	1	646
KJ942681.1	662	953	1	0	1	662
KJ942681.1	674	817	1	0	1	674
KJ942681.1	678	1118	1	0	1	678
KJ942681.1	682	877	1	0	1	682
KJ942681.1	686	800	1	0	1	686
KJ942681.1	687	871	0	1	1	871
KJ942681.1	691	860	1	0	1	691
KJ942681.1	695	765	0	1	1	765
KJ942681.1	700	854	2	3	5	700
KJ942681.1	700	927	0	1	1	927
KJ942681.1	717	804	0	1	1	804
KJ942681.1	718	922	1	0	1	718
KJ942681.1	721	903	0	1	1	903
KJ942681.1	730	980	0	1	1	980
KJ942681.1	733	780	0	1	1	780
KJ942681.1	733	875	1	2	3	733
KJ942681.1	734	814	0	1	1	814
KJ942681.1	735	1056	1	0	1	735
KJ942681.1	735	1181	0	1	1	1181
KJ942681.1	736	824	0	1	1	824
KJ942681.1	738	933	1	0	1	738
KJ942681.1	742	901	0	1	1	901
KJ942681.1	743	1056	1	0	1	743
KJ942681.1	749	855	0	1	1	855
KJ942681.1	760	1080	1	0	1	760
KJ942681.1	768	904	0	1	1	904
KJ942681.1	772	1055	1	0	1	772
KJ942681.1	773	1073	1	0	1	773
KJ942681.1	774	883	0	1	1	883
KJ942681.1	779	895	1	1	2	779
KJ942681.1	780	835	0	1	1	835
KJ942681.1	783	865	0	2	2	865
KJ942681.1	803	1067	1	0	1	803
KJ942681.1	804	1068	0	1	1	1068
KJ942681.1	807	877	1	1	2	807
KJ942681.1	812	1015	1	0	1	812
KJ942681.1	832	881	2	3	5	832
KJ942681.1	833	869	0	1	1	869
KJ942681.1	838	959	0	1	1	959
KJ942681.1	839	1005	1	0	1	839
KJ942681.1	849	969	1	0	1	849
KJ942681.1	871	930	1	0	1	871
KJ942681.1	874	976	0	1	1	976
KJ942681.1	915	996	0	1	1	996
KJ942681.1	929	1096	1	0	1	929
KJ942681.1	956	1152	0	1	1	1152
KJ942681.1	966	1017	1	0	1	966
KJ942681.1	972	1014	0	1	1	1014
KJ942681.1	993	1072	0	1	1	1072
KJ942681.1	996	1192	0	1	1	1192
KJ942682.1	1009	1294	0	1	1	1294
KJ942682.1	1023	1205	0	1	1	1205
KJ942682.1	1037	1093	0	2	2	1093
KJ942682.1	1037	1310	0	1	1	1310
KJ942682.1	1059	1141	0	1	1	1141
KJ942682.1	1098	1182	0	1	1	1182
KJ942682.1	1098	1311	0	1	1	1311
KJ942682.1	1117	1215	1	0	1	1117
KJ942682.1	1124	1227	0	2	2	1227
KJ942682.1	1159	1187	1	0	1	1159
KJ942682.1	1233	1518	0	1	1	1518
KJ942682.1	1246	1315	0	2	2	1315
KJ942682.1	1266	1540	1	0	1	1266
KJ942682.1	1268	1530	1	0	1	1268
KJ942682.1	1286	1337	0	1	1	1337
KJ942682.1	1420	1447	1	2	3	1420
KJ942682.1	1424	1462	1	0	1	1424
KJ942682.1	1497	1552	0	1	1	1552
KJ942682.1	1511	1629	0	4	4	1629
KJ942682.1	1561	1583	0	1	1	1583
KJ942682.1	1579	1623	0	1	1	1623
KJ942682.1	247	1477	1	0	1	247
KJ942682.1	248	368	22	0	22	248
KJ942682.1	258	950	1	0	1	258
KJ942682.1	259	484	6	0	6	259
KJ942682.1	260	1492	4	0	4	260
KJ942682.1	270	427	1	0	1	270
KJ942682.1	275	1421	2	0	2	275
KJ942682.1	285	979	1	0	1	285
KJ942682.1	288	1399	2	1	3	288
KJ942682.1	288	334	1	0	1	288
KJ942682.1	289	449	2	0	2	289
KJ942682.1	293	1544	7	0	7	293
KJ942682.1	299	1407	6	0	6	299
KJ942682.1	299	373	1	0	1	299
KJ942682.1	301	1272	6	1	7	301
KJ942682.1	304	1507	5	0	5	304
KJ942682.1	323	1447	0	1	1	1447
KJ942682.1	334	1467	5	6	11	334
KJ942682.1	341	1426	1	1	2	341
KJ942682.1	341	1455	2	1	3	341
KJ942682.1	354	1079	0	1	1	1079
KJ942682.1	369	1517	7	4	11	369
KJ942682.1	371	576	0	1	1	576
KJ942682.1	375	1073	0	1	1	1073
KJ942682.1	378	1556	0	1	1	1556
KJ942682.1	381	1454	3	2	5	381
KJ942682.1	384	1454	0	1	1	1454
KJ942682.1	385	434	0	1	1	434
KJ942682.1	393	635	0	1	1	635
KJ942682.1	399	1466	22	1	23	399
KJ942682.1	402	1166	3	6	9	402
KJ942682.1	412	1206	0	1	1	1206
KJ942682.1	418	672	0	1	1	672
KJ942682.1	419	1378	2	0	2	419
KJ942682.1	419	800	0	1	1	800
KJ942682.1	423	1001	1	0	1	423
KJ942682.1	432	1511	1	0	1	432
KJ942682.1	440	914	1	0	1	440
KJ942682.1	455	1264	1	0	1	455
KJ942682.1	464	1324	1	0	1	464
KJ942682.1	480	1408	1	3	4	480
KJ942682.1	493	1368	0	1	1	1368
KJ942682.1	550	634	1	0	1	550
KJ942682.1	566	1463	1	0	1	566
KJ942682.1	567	1011	1	1	2	567
KJ942682.1	586	864	0	1	1	864
KJ942682.1	597	1100	1	0	1	597
KJ942682.1	607	1591	0	3	3	1591
KJ942682.1	611	800	1	0	1	611
KJ942682.1	614	1446	2	0	2	614
KJ942682.1	615	966	1	0	1	615
KJ942682.1	632	710	1	0	1	632
KJ942682.1	642	1108	0	1	1	1108
KJ942682.1	667	872	1	0	1	667
KJ942682.1	687	722	1	0	1	687
KJ942682.1	694	1189	1	0	1	694
KJ942682.1	697	864	1	0	1	697
KJ942682.1	720	1281	0	1	1	1281
KJ942682.1	727	991	0	2	2	991
KJ942682.1	733	847	0	1	1	847
KJ942682.1	734	1054	0	1	1	1054
KJ942682.1	763	1321	0	1	1	1321
KJ942682.1	790	1241	0	1	1	1241
KJ942682.1	791	1348	1	0	1	791
KJ942682.1	796	1005	0	1	1	1005
KJ942682.1	796	874	0	1	1	874
KJ942682.1	810	1018	0	1	1	1018
KJ942682.1	816	1548	0	1	1	1548
KJ942682.1	818	1130	1	0	1	818
KJ942682.1	830	1401	0	1	1	1401
KJ942682.1	856	1082	1	0	1	856
KJ942682.1	862	891	1	0	1	862
KJ942682.1	872	966	1	0	1	872
KJ942682.1	903	1191	0	1	1	1191
KJ942682.1	907	1483	0	1	1	1483
KJ942682.1	929	1129	1	0	1	929
KJ942682.1	958	1002	0	1	1	1002
KJ942682.1	963	1469	0	1	1	1469
KJ942682.1	967	1046	0	1	1	1046
KJ942683.1	1002	1430	1	1	2	1002
KJ942683.1	1013	1309	0	1	1	1309
KJ942683.1	1026	1170	0	1	1	1170
KJ942683.1	1026	1448	1	0	1	1026
KJ942683.1	1027	1319	0	1	1	1319
KJ942683.1	1053	1406	0	1	1	1406
KJ942683.1	1118	1199	1	0	1	1118
KJ942683.1	1138	1697	0	1	1	1697
KJ942683.1	1139	1603	1	0	1	1139
KJ942683.1	1173	1229	0	1	1	1229
KJ942683.1	1221	1252	0	1	1	1252
KJ942683.1	1222	1621	1	0	1	1222
KJ942683.1	1249	1597	1	0	1	1249
KJ942683.1	1267	1444	1	0	1	1267
KJ942683.1	1301	1526	1	0	1	1301
KJ942683.1	1409	1478	1	0	1	1409
KJ942683.1	1412	1483	1	0	1	1412
KJ942683.1	1434	1589	0	1	1	1589
KJ942683.1	1436	1559	1	0	1	1436
KJ942683.1	1457	1581	2	3	5	1457
KJ942683.1	1551	1606	1	0	1	1551
KJ942683.1	1584	1738	0	2	2	1738
KJ942683.1	1595	1712	0	1	1	1712
KJ942683.1	1604	1710	0	3	3	1710
KJ942683.1	1619	1740	0	1	1	1740
KJ942683.1	261	618	1	0	1	261
KJ942683.1	282	442	1	0	1	282
KJ942683.1	295	619	1	0	1	295
KJ942683.1	301	671	1	0	1	301
KJ942683.1	319	745	0	1	1	745
KJ942683.1	320	1692	0	1	1	1692
KJ942683.1	335	1335	0	1	1	1335
KJ942683.1	345	1015	0	1	1	1015
KJ942683.1	346	818	1	0	1	346
KJ942683.1	351	1718	0	7	7	1718
KJ942683.1	360	1410	1	0	1	360
KJ942683.1	367	563	0	1	1	563
KJ942683.1	368	1516	1	0	1	368
KJ942683.1	368	998	1	0	1	368
KJ942683.1	377	1577	2	1	3	377
KJ942683.1	379	1494	1	0	1	379
KJ942683.1	406	1194	0	1	1	1194
KJ942683.1	406	937	0	1	1	937
KJ942683.1	412	781	0	1	1	781
KJ942683.1	416	1425	1	0	1	416
KJ942683.1	416	1710	0	3	3	1710
KJ942683.1	417	1139	0	1	1	1139
KJ942683.1	417	1346	0	1	1	1346
KJ942683.1	417	1706	0	1	1	1706
KJ942683.1	417	598	0	1	1	598
KJ942683.1	417	744	0	1	1	744
KJ942683.1	418	504	1	0	1	418
KJ942683.1	420	673	0	1	1	673
KJ942683.1	434	1210	0	1	1	1210
KJ942683.1	437	1162	0	1	1	1162
KJ942683.1	443	1393	1	1	2	443
KJ942683.1	445	1161	1	0	1	445
KJ942683.1	452	1444	0	1	1	1444
KJ942683.1	454	940	1	0	1	454
KJ942683.1	460	1264	0	1	1	1264
KJ942683.1	463	1264	0	1	1	1264
KJ942683.1	463	1413	0	1	1	1413
KJ942683.1	469	1599	1	0	1	469
KJ942683.1	476	1427	2	5	7	476
KJ942683.1	490	1461	0	1	1	1461
KJ942683.1	496	1604	2	0	2	496
KJ942683.1	507	1419	1	5	6	507
KJ942683.1	507	738	0	1	1	738
KJ942683.1	515	857	0	1	1	857
KJ942683.1	529	1521	1	2	3	529
KJ942683.1	533	651	1	0	1	533
KJ942683.1	535	1163	1	0	1	535
KJ942683.1	535	788	1	0	1	535
KJ942683.1	536	1202	1	0	1	536
KJ942683.1	536	1437	0	2	2	1437
KJ942683.1	537	1360	1	0	1	537
KJ942683.1	538	1448	0	1	1	1448
KJ942683.1	540	774	1	0	1	540
KJ942683.1	561	1547	1	0	1	561
KJ942683.1	562	1051	0	1	1	1051
KJ942683.1	564	1327	0	1	1	1327
KJ942683.1	570	956	0	1	1	956
KJ942683.1	573	1235	0	1	1	1235
KJ942683.1	585	934	1	0	1	585
KJ942683.1	587	1395	1	0	1	587
KJ942683.1	606	984	0	1	1	984
KJ942683.1	608	1495	1	0	1	608
KJ942683.1	615	1534	1	0	1	615
KJ942683.1	629	1061	1	0	1	629
KJ942683.1	637	979	1	0	1	637
KJ942683.1	640	1413	0	1	1	1413
KJ942683.1	643	910	0	1	1	910
KJ942683.1	652	1323	0	1	1	1323
KJ942683.1	663	1194	0	1	1	1194
KJ942683.1	664	816	1	0	1	664
KJ942683.1	667	1410	1	0	1	667
KJ942683.1	667	1642	1	0	1	667
KJ942683.1	675	1186	0	1	1	1186
KJ942683.1	676	1633	0	1	1	1633
KJ942683.1	683	1193	1	0	1	683
KJ942683.1	692	968	0	1	1	968
KJ942683.1	700	738	1	0	1	700
KJ942683.1	722	1416	1	0	1	722
KJ942683.1	730	1337	0	1	1	1337
KJ942683.1	730	931	1	0	1	730
KJ942683.1	734	1102	0	1	1	1102
KJ942683.1	735	1372	0	1	1	1372
KJ942683.1	740	927	0	1	1	927
KJ942683.1	747	1447	0	1	1	1447
KJ942683.1	762	847	1	0	1	762
KJ942683.1	766	1385	1	0	1	766
KJ942683.1	777	1339	1	0	1	777
KJ942683.1	794	1140	0	1	1	1140
KJ942683.1	800	1365	1	0	1	800
KJ942683.1	801	1267	2	1	3	801
KJ942683.1	816	1574	1	0	1	816
KJ942683.1	817	1385	1	0	1	817
KJ942683.1	825	1153	1	0	1	825
KJ942683.1	825	1309	0	1	1	1309
KJ942683.1	828	1334	1	0	1	828
KJ942683.1	831	1603	1	0	1	831
KJ942683.1	835	1400	1	0	1	835
KJ942683.1	843	882	0	1	1	882
KJ942683.1	848	1526	0	1	1	1526
KJ942683.1	861	1265	0	1	1	1265
KJ942683.1	866	1033	0	1	1	1033
KJ942683.1	866	1428	1	0	1	866
KJ942683.1	886	1039	1	0	1	886
KJ942683.1	890	1612	1	0	1	890
KJ942683.1	891	1253	0	1	1	1253
KJ942683.1	891	1606	1	0	1	891
KJ942683.1	916	1161	1	0	1	916
KJ942683.1	938	1554	1	0	1	938
KJ942683.1	952	1138	1	0	1	952
KJ942683.1	953	977	1	0	1	953
KJ942683.1	957	1267	1	1	2	957
KJ942683.1	968	1285	0	1	1	1285
KJ942683.1	974	1136	1	1	2	974
KJ942683.1	977	1063	1	0	1	977
KJ942683.1	986	1057	0	1	1	1057
KJ942683.1	986	1309	0	1	1	1309
KJ942683.1	993	1021	1	0	1	993
KJ942684.1	236	986	2	0	2	236
KJ942684.1	248	274	1	0	1	248
KJ942684.1	251	966	3	0	3	251
KJ942684.1	272	941	2	0	2	272
KJ942684.1	276	945	9	0	9	276
KJ942684.1	284	865	1	0	1	284
KJ942684.1	289	331	1	0	1	289
KJ942684.1	296	422	1	0	1	296
KJ942684.1	302	855	6	0	6	302
KJ942684.1	302	966	4	0	4	302
KJ942684.1	303	850	4	0	4	303
KJ942684.1	304	986	2	0	2	304
KJ942684.1	305	856	4	0	4	305
KJ942684.1	341	529	0	1	1	529
KJ942684.1	358	908	2	0	2	358
KJ942684.1	364	864	2	3	5	364
KJ942684.1	365	860	2	2	4	365
KJ942684.1	366	653	1	0	1	366
KJ942684.1	371	870	0	1	1	870
KJ942684.1	388	920	0	1	1	920
KJ942684.1	393	631	1	0	1	393
KJ942684.1	405	835	0	1	1	835
KJ942684.1	431	856	1	1	2	431
KJ942684.1	432	783	0	9	9	783
KJ942684.1	437	847	0	1	1	847
KJ942684.1	438	660	0	1	1	660
KJ942684.1	444	517	0	2	2	517
KJ942684.1	476	578	1	1	2	476
KJ942684.1	485	720	2	0	2	485
KJ942684.1	490	722	1	0	1	490
KJ942684.1	506	831	1	0	1	506
KJ942684.1	507	553	1	0	1	507
KJ942684.1	514	744	4	0	4	514
KJ942684.1	526	755	66	132	198	526
KJ942684.1	527	756	1	0	1	527
KJ942684.1	534	761	0	7	7	761
KJ942684.1	568	793	1	1	2	568
KJ942684.1	570	813	1	0	1	570
KJ942684.1	596	728	0	1	1	728
KJ942684.1	613	850	2	2	4	613
KJ942684.1	699	866	1	0	1	699
KJ942684.1	722	1011	0	1	1	1011
KJ942684.1	855	880	2	0	2	855
KJ942684.1	937	1001	1	0	1	937
KJ942684.1	937	1021	0	2	2	1021
KJ942684.1	941	980	1	0	1	941
KJ942685.1	1011	1191	1	0	1	1011
KJ942685.1	1013	1143	1	0	1	1013
KJ942685.1	1015	1692	1	0	1	1015
KJ942685.1	1016	1165	1	0	1	1016
KJ942685.1	1025	1294	0	1	1	1294
KJ942685.1	1043	1204	0	1	1	1204
KJ942685.1	1044	1961	0	1	1	1961
KJ942685.1	1045	1708	1	0	1	1045
KJ942685.1	1049	1926	0	1	1	1926
KJ942685.1	1057	1990	1	3	4	1057
KJ942685.1	1060	1808	1	0	1	1060
KJ942685.1	1082	1301	1	0	1	1082
KJ942685.1	1085	2316	0	2	2	2316
KJ942685.1	1090	2321	0	1	1	2321
KJ942685.1	1114	1881	0	1	1	1881
KJ942685.1	1120	2031	1	0	1	1120
KJ942685.1	1129	1210	1	0	1	1129
KJ942685.1	1149	1811	0	1	1	1811
KJ942685.1	1175	1740	1	0	1	1175
KJ942685.1	1178	1589	0	1	1	1589
KJ942685.1	1182	2155	0	1	1	2155
KJ942685.1	1183	1685	0	1	1	1685
KJ942685.1	1202	1327	1	0	1	1202
KJ942685.1	1220	1244	1	0	1	1220
KJ942685.1	1220	1968	1	0	1	1220
KJ942685.1	1221	2242	1	0	1	1221
KJ942685.1	1232	1603	1	0	1	1232
KJ942685.1	1235	1836	1	0	1	1235
KJ942685.1	1242	1996	0	1	1	1996
KJ942685.1	1251	2300	1	0	1	1251
KJ942685.1	1255	1757	0	1	1	1757
KJ942685.1	1266	1538	1	0	1	1266
KJ942685.1	1269	1658	1	2	3	1269
KJ942685.1	1286	1769	1	0	1	1286
KJ942685.1	1287	1360	0	1	1	1360
KJ942685.1	1287	2308	2	2	4	1287
KJ942685.1	1291	1360	0	1	1	1360
KJ942685.1	1294	2258	0	1	1	2258
KJ942685.1	1295	2253	1	0	1	1295
KJ942685.1	1295	2326	1	0	1	1295
KJ942685.1	1323	2249	0	1	1	2249
KJ942685.1	1343	1382	0	1	1	1382
KJ942685.1	1354	1411	1	0	1	1354
KJ942685.1	1359	2235	0	1	1	2235
KJ942685.1	1383	1472	0	1	1	1472
KJ942685.1	1438	1682	1	0	1	1438
KJ942685.1	1467	2356	0	1	1	2356
KJ942685.1	1473	1639	1	0	1	1473
KJ942685.1	1476	2180	0	1	1	2180
KJ942685.1	1489	2097	0	1	1	2097
KJ942685.1	1492	1716	0	1	1	1716
KJ942685.1	1518	2019	1	0	1	1518
KJ942685.1	1521	2013	0	1	1	2013
KJ942685.1	1525	1667	1	0	1	1525
KJ942685.1	1533	1587	1	0	1	1533
KJ942685.1	1544	2371	0	2	2	2371
KJ942685.1	1555	2018	0	1	1	2018
KJ942685.1	1557	1978	1	0	1	1557
KJ942685.1	1577	2006	1	0	1	1577
KJ942685.1	1579	2306	0	2	2	2306
KJ942685.1	1587	1686	1	0	1	1587
KJ942685.1	1606	2219	0	1	1	2219
KJ942685.1	1612	2356	0	1	1	2356
KJ942685.1	1616	1655	1	0	1	1616
KJ942685.1	1628	1708	0	1	1	1708
KJ942685.1	1711	2021	1	0	1	1711
KJ942685.1	1711	2247	1	0	1	1711
KJ942685.1	1714	1967	0	1	1	1967
KJ942685.1	1716	2117	1	0	1	1716
KJ942685.1	1717	2090	0	1	1	2090
KJ942685.1	1738	1975	1	0	1	1738
KJ942685.1	1745	2265	1	0	1	1745
KJ942685.1	1800	2017	1	4	5	1800
KJ942685.1	1813	1955	1	3	4	1813
KJ942685.1	1823	1950	0	2	2	1950
KJ942685.1	1837	1879	0	1	1	1879
KJ942685.1	1880	1998	0	4	4	1998
KJ942685.1	1957	2253	4	1	5	1957
KJ942685.1	1982	2034	0	1	1	2034
KJ942685.1	1989	2233	1	0	1	1989
KJ942685.1	1995	2080	2	1	3	1995
KJ942685.1	2021	2054	1	0	1	2021
KJ942685.1	2089	2172	0	1	1	2172
KJ942685.1	2132	2156	2	1	3	2132
KJ942685.1	2143	2167	4	2	6	2143
KJ942685.1	2147	2268	1	0	1	2147
KJ942685.1	2149	2276	0	1	1	2276
KJ942685.1	2150	2182	0	1	1	2182
KJ942685.1	2153	2306	2	0	2	2153
KJ942685.1	2158	2188	2	1	3	2158
KJ942685.1	2163	2191	3	0	3	2163
KJ942685.1	2184	2270	1	0	1	2184
KJ942685.1	2196	2227	2	0	2	2196
KJ942685.1	2232	2361	0	1	1	2361
KJ942685.1	2268	2330	0	2	2	2330
KJ942685.1	265	2296	9	0	9	265
KJ942685.1	282	2185	1	0	1	282
KJ942685.1	285	1703	1	0	1	285
KJ942685.1	289	2282	8	0	8	289
KJ942685.1	290	2266	13	0	13	290
KJ942685.1	293	1409	1	0	1	293
KJ942685.1	294	2250	1	0	1	294
KJ942685.1	296	2293	1	0	1	296
KJ942685.1	298	2138	2	0	2	298
KJ942685.1	301	2139	1	0	1	301
KJ942685.1	302	2159	1	0	1	302
KJ942685.1	316	2154	0	2	2	2154
KJ942685.1	321	2269	1	1	2	321
KJ942685.1	325	2194	1	0	1	325
KJ942685.1	328	2188	6	26	32	328
KJ942685.1	328	2191	0	2	2	2191
KJ942685.1	328	350	0	1	1	350
KJ942685.1	335	2196	0	1	1	2196
KJ942685.1	336	2107	1	1	2	336
KJ942685.1	336	2143	0	2	2	2143
KJ942685.1	336	2206	2	0	2	336
KJ942685.1	337	2155	1	3	4	337
KJ942685.1	337	2197	0	1	1	2197
KJ942685.1	338	2228	2	6	8	338
KJ942685.1	341	2196	1	3	4	341
KJ942685.1	342	2185	0	1	1	2185
KJ942685.1	344	2195	0	1	1	2195
KJ942685.1	344	372	0	2	2	372
KJ942685.1	345	2159	1	8	9	345
KJ942685.1	345	2160	0	1	1	2160
KJ942685.1	345	2164	0	1	1	2164
KJ942685.1	345	2174	0	3	3	2174
KJ942685.1	345	2188	0	4	4	2188
KJ942685.1	345	2193	1	0	1	345
KJ942685.1	345	2218	36	75	111	345
KJ942685.1	345	2224	3	0	3	345
KJ942685.1	346	2153	5	31	36	346
KJ942685.1	346	376	0	2	2	376
KJ942685.1	346	388	0	2	2	388
KJ942685.1	347	1412	1	0	1	347
KJ942685.1	350	454	0	1	1	454
KJ942685.1	353	2075	0	1	1	2075
KJ942685.1	353	2164	0	2	2	2164
KJ942685.1	357	2234	0	1	1	2234
KJ942685.1	359	1931	3	2	5	359
KJ942685.1	362	2056	1	4	5	362
KJ942685.1	370	2075	0	1	1	2075
KJ942685.1	370	2159	0	3	3	2159
KJ942685.1	370	2174	0	2	2	2174
KJ942685.1	370	2354	0	1	1	2354
KJ942685.1	371	2151	2	6	8	371
KJ942685.1	371	2158	1	15	16	371
KJ942685.1	371	2168	0	1	1	2168
KJ942685.1	375	2291	2	1	3	375
KJ942685.1	378	1429	1	0	1	378
KJ942685.1	378	1742	0	1	1	1742
KJ942685.1	378	2072	0	1	1	2072
KJ942685.1	378	2171	1	0	1	378
KJ942685.1	379	2123	3	16	19	379
KJ942685.1	379	2229	3	1	4	379
KJ942685.1	386	2149	0	1	1	2149
KJ942685.1	386	2191	0	5	5	2191
KJ942685.1	386	2193	1	4	5	386
KJ942685.1	386	484	0	4	4	484
KJ942685.1	387	2052	2	13	15	387
KJ942685.1	388	1707	0	1	1	1707
KJ942685.1	388	2131	4	2	6	388
KJ942685.1	388	2151	112	453	565	388
KJ942685.1	390	2197	0	3	3	2197
KJ942685.1	391	2191	2	7	9	391
KJ942685.1	392	2182	0	3	3	2182
KJ942685.1	394	2188	0	2	2	2188
KJ942685.1	395	2045	0	15	15	2045
KJ942685.1	395	2054	0	5	5	2054
KJ942685.1	396	2143	0	2	2	2143
KJ942685.1	396	2173	0	2	2	2173
KJ942685.1	396	2198	1	2	3	396
KJ942685.1	398	429	0	1	1	429
KJ942685.1	401	2144	1	1	2	401
KJ942685.1	401	2167	1	4	5	401
KJ942685.1	402	2058	0	1	1	2058
KJ942685.1	402	2143	0	4	4	2143
KJ942685.1	402	2194	0	1	1	2194
KJ942685.1	403	2143	1	0	1	403
KJ942685.1	404	1218	1	0	1	404
KJ942685.1	404	1880	1	0	1	404
KJ942685.1	404	2111	0	3	3	2111
KJ942685.1	404	2124	0	1	1	2124
KJ942685.1	404	2198	0	4	4	2198
KJ942685.1	406	2182	2	1	3	406
KJ942685.1	408	1721	2	0	2	408
KJ942685.1	408	906	0	1	1	906
KJ942685.1	411	2164	0	1	1	2164
KJ942685.1	413	1974	0	1	1	1974
KJ942685.1	413	2236	0	1	1	2236
KJ942685.1	414	2159	1	3	4	414
KJ942685.1	414	466	0	2	2	466
KJ942685.1	415	1881	1	0	1	415
KJ942685.1	415	2175	1	13	14	415
KJ942685.1	416	2166	0	9	9	2166
KJ942685.1	418	524	0	1	1	524
KJ942685.1	420	448	5	31	36	420
KJ942685.1	422	457	1	1	2	422
KJ942685.1	430	2281	2	2	4	430
KJ942685.1	435	471	0	1	1	471
KJ942685.1	436	471	15	59	74	436
KJ942685.1	438	2151	3	4	7	438
KJ942685.1	438	504	0	1	1	504
KJ942685.1	439	2165	1	2	3	439
KJ942685.1	441	1648	1	0	1	441
KJ942685.1	441	2185	0	1	1	2185
KJ942685.1	442	1484	1	0	1	442
KJ942685.1	444	2227	0	1	1	2227
KJ942685.1	447	1775	0	2	2	1775
KJ942685.1	447	2164	0	1	1	2164
KJ942685.1	447	2174	2	1	3	447
KJ942685.1	447	2214	2	0	2	447
KJ942685.1	448	2160	2	1	3	448
KJ942685.1	448	488	3	4	7	448
KJ942685.1	449	2077	3	9	12	449
KJ942685.1	450	1809	0	1	1	1809
KJ942685.1	450	2042	1	0	1	450
KJ942685.1	452	2080	0	1	1	2080
KJ942685.1	452	2144	0	1	1	2144
KJ942685.1	454	2051	1	4	5	454
KJ942685.1	463	1379	1	0	1	463
KJ942685.1	463	497	1	1	2	463
KJ942685.1	464	2201	0	2	2	2201
KJ942685.1	464	515	0	2	2	515
KJ942685.1	465	1923	1	5	6	465
KJ942685.1	466	2040	4	2	6	466
KJ942685.1	466	2083	0	2	2	2083
KJ942685.1	467	918	1	0	1	467
KJ942685.1	469	1803	0	1	1	1803
KJ942685.1	471	2048	0	1	1	2048
KJ942685.1	472	1583	0	1	1	1583
KJ942685.1	472	2058	0	1	1	2058
KJ942685.1	472	2069	1	0	1	472
KJ942685.1	472	2217	1	0	1	472
KJ942685.1	473	1698	1	0	1	473
KJ942685.1	477	2255	4	1	5	477
KJ942685.1	479	2093	1	0	1	479
KJ942685.1	480	1438	0	1	1	1438
KJ942685.1	480	2094	0	2	2	2094
KJ942685.1	484	2083	0	3	3	2083
KJ942685.1	486	1942	0	1	1	1942
KJ942685.1	487	2040	1	2	3	487
KJ942685.1	487	2049	2	2	4	487
KJ942685.1	488	2027	6	6	12	488
KJ942685.1	490	528	1	0	1	490
KJ942685.1	492	2030	1	0	1	492
KJ942685.1	493	2009	0	3	3	2009
KJ942685.1	500	2020	1	1	2	500
KJ942685.1	500	2024	1	2	3	500
KJ942685.1	500	2178	2	0	2	500
KJ942685.1	500	532	2	0	2	500
KJ942685.1	501	2181	2	2	4	501
KJ942685.1	501	524	6	22	28	501
KJ942685.1	503	2131	2	0	2	503
KJ942685.1	505	1886	0	2	2	1886
KJ942685.1	506	2167	4	5	9	506
KJ942685.1	509	2013	1	0	1	509
KJ942685.1	510	2016	0	3	3	2016
KJ942685.1	511	2082	1	1	2	511
KJ942685.1	511	569	1	2	3	511
KJ942685.1	515	1869	10	4	14	515
KJ942685.1	515	2021	2	1	3	515
KJ942685.1	517	2012	0	1	1	2012
KJ942685.1	520	2015	1	0	1	520
KJ942685.1	521	2189	0	1	1	2189
KJ942685.1	523	1933	0	3	3	1933
KJ942685.1	523	2020	1	0	1	523
KJ942685.1	523	2039	0	5	5	2039
KJ942685.1	523	2040	1	2	3	523
KJ942685.1	523	2045	0	1	1	2045
KJ942685.1	523	2061	1	0	1	523
KJ942685.1	523	2075	2	2	4	523
KJ942685.1	523	578	14	13	27	523
KJ942685.1	524	2192	1	0	1	524
KJ942685.1	532	1983	1	1	2	532
KJ942685.1	534	1956	2	5	7	534
KJ942685.1	536	1803	2	1	3	536
KJ942685.1	540	1455	1	0	1	540
KJ942685.1	541	1978	2	2	4	541
KJ942685.1	548	2028	0	1	1	2028
KJ942685.1	553	2131	0	3	3	2131
KJ942685.1	557	1899	0	1	1	1899
KJ942685.1	557	1972	2	1	3	557
KJ942685.1	557	2074	0	3	3	2074
KJ942685.1	558	2053	0	1	1	2053
KJ942685.1	559	2016	1	0	1	559
KJ942685.1	560	2000	0	3	3	2000
KJ942685.1	560	2045	4	16	20	560
KJ942685.1	561	2042	0	1	1	2042
KJ942685.1	562	2304	1	0	1	562
KJ942685.1	563	1110	0	1	1	1110
KJ942685.1	563	1958	2	4	6	563
KJ942685.1	564	1943	34	24	58	564
KJ942685.1	565	2020	0	1	1	2020
KJ942685.1	566	1945	1	0	1	566
KJ942685.1	566	2004	1	0	1	566
KJ942685.1	569	2016	3	4	7	569
KJ942685.1	571	1948	1	2	3	571
KJ942685.1	572	1714	0	2	2	1714
KJ942685.1	573	1968	2	3	5	573
KJ942685.1	573	2030	1	1	2	573
KJ942685.1	573	2062	3	0	3	573
KJ942685.1	575	2046	4	1	5	575
KJ942685.1	577	1901	0	1	1	1901
KJ942685.1	578	2016	1	1	2	578
KJ942685.1	583	2010	1	0	1	583
KJ942685.1	583	2174	1	1	2	583
KJ942685.1	585	1744	1	0	1	585
KJ942685.1	585	1910	0	1	1	1910
KJ942685.1	592	1949	0	1	1	1949
KJ942685.1	592	2021	2	0	2	592
KJ942685.1	601	1953	1	0	1	601
KJ942685.1	604	2074	228	211	439	604
KJ942685.1	605	2068	3	4	7	605
KJ942685.1	607	1287	1	0	1	607
KJ942685.1	607	1982	2	4	6	607
KJ942685.1	609	915	2	0	2	609
KJ942685.1	610	2084	0	3	3	2084
KJ942685.1	616	703	0	1	1	703
KJ942685.1	617	1914	0	1	1	1914
KJ942685.1	617	1956	1	0	1	617
KJ942685.1	618	1882	1	0	1	618
KJ942685.1	618	1952	2	0	2	618
KJ942685.1	618	1978	1	0	1	618
KJ942685.1	619	1968	2	0	2	619
KJ942685.1	620	1899	12	9	21	620
KJ942685.1	622	1956	2	1	3	622
KJ942685.1	628	1950	1	1	2	628
KJ942685.1	628	1961	1	0	1	628
KJ942685.1	628	2002	3	2	5	628
KJ942685.1	631	1960	0	1	1	1960
KJ942685.1	634	1949	2	0	2	634
KJ942685.1	634	1962	0	1	1	1962
KJ942685.1	636	1911	1	1	2	636
KJ942685.1	638	1946	1	0	1	638
KJ942685.1	638	1953	0	1	1	1953
KJ942685.1	639	1895	5	3	8	639
KJ942685.1	639	1924	0	1	1	1924
KJ942685.1	639	1947	1	0	1	639
KJ942685.1	639	1956	3	0	3	639
KJ942685.1	641	1900	0	1	1	1900
KJ942685.1	643	1958	7	11	18	643
KJ942685.1	645	1800	2	2	4	645
KJ942685.1	648	1947	1	0	1	648
KJ942685.1	649	2052	1	2	3	649
KJ942685.1	653	1105	1	0	1	653
KJ942685.1	653	1931	1	0	1	653
KJ942685.1	653	2082	0	1	1	2082
KJ942685.1	655	1867	0	1	1	1867
KJ942685.1	656	1848	1	0	1	656
KJ942685.1	658	1528	8	2	10	658
KJ942685.1	659	1853	1	0	1	659
KJ942685.1	659	1960	0	1	1	1960
KJ942685.1	661	1920	2	0	2	661
KJ942685.1	662	1923	2	1	3	662
KJ942685.1	663	1853	1	0	1	663
KJ942685.1	664	1939	1	0	1	664
KJ942685.1	667	1914	1	1	2	667
KJ942685.1	668	1176	1	0	1	668
KJ942685.1	668	1923	2	0	2	668
KJ942685.1	669	1852	1	1	2	669
KJ942685.1	670	1882	1	0	1	670
KJ942685.1	677	1809	1	0	1	677
KJ942685.1	685	1915	1	3	4	685
KJ942685.1	686	1568	1	0	1	686
KJ942685.1	689	1145	1	0	1	689
KJ942685.1	689	1668	1	1	2	689
KJ942685.1	689	1818	2	1	3	689
KJ942685.1	689	1966	3	2	5	689
KJ942685.1	692	1814	0	2	2	1814
KJ942685.1	692	1931	0	2	2	1931
KJ942685.1	692	2307	1	0	1	692
KJ942685.1	695	1677	1	0	1	695
KJ942685.1	695	1817	0	1	1	1817
KJ942685.1	696	1862	1	0	1	696
KJ942685.1	697	1963	1	1	2	697
KJ942685.1	706	1768	0	1	1	1768
KJ942685.1	709	1854	0	1	1	1854
KJ942685.1	709	1887	0	1	1	1887
KJ942685.1	710	1720	0	2	2	1720
KJ942685.1	710	1823	1	0	1	710
KJ942685.1	710	1892	2	0	2	710
KJ942685.1	710	2006	1	2	3	710
KJ942685.1	711	1812	1	2	3	711
KJ942685.1	712	1014	1	1	2	712
KJ942685.1	713	1838	0	1	1	1838
KJ942685.1	713	1923	0	1	1	1923
KJ942685.1	714	1852	2	2	4	714
KJ942685.1	715	1933	1	1	2	715
KJ942685.1	726	1878	3	3	6	726
KJ942685.1	728	1845	2	0	2	728
KJ942685.1	728	1931	1	0	1	728
KJ942685.1	731	1856	1	3	4	731
KJ942685.1	733	1630	0	1	1	1630
KJ942685.1	735	1807	0	1	1	1807
KJ942685.1	737	1201	1	0	1	737
KJ942685.1	737	964	0	1	1	964
KJ942685.1	738	1937	3	1	4	738
KJ942685.1	739	1851	3	1	4	739
KJ942685.1	739	1899	0	1	1	1899
KJ942685.1	739	1906	1	0	1	739
KJ942685.1	739	1945	1	0	1	739
KJ942685.1	744	1855	2	0	2	744
KJ942685.1	744	1875	0	1	1	1875
KJ942685.1	745	1669	0	1	1	1669
KJ942685.1	745	1816	2	3	5	745
KJ942685.1	746	1968	3	0	3	746
KJ942685.1	747	1937	1	0	1	747
KJ942685.1	751	1840	3	0	3	751
KJ942685.1	755	1613	0	1	1	1613
KJ942685.1	760	1732	1	2	3	760
KJ942685.1	760	1838	1	1	2	760
KJ942685.1	761	1815	7	0	7	761
KJ942685.1	763	1940	1	0	1	763
KJ942685.1	764	1780	0	1	1	1780
KJ942685.1	764	1875	1	0	1	764
KJ942685.1	765	1598	0	1	1	1598
KJ942685.1	765	1942	5	0	5	765
KJ942685.1	768	1609	2	1	3	768
KJ942685.1	768	1702	4	1	5	768
KJ942685.1	770	1367	1	0	1	770
KJ942685.1	771	1934	1	0	1	771
KJ942685.1	776	1591	2	3	5	776
KJ942685.1	777	1795	4	0	4	777
KJ942685.1	783	1779	0	1	1	1779
KJ942685.1	783	1826	0	2	2	1826
KJ942685.1	787	2062	1	0	1	787
KJ942685.1	790	1911	2	0	2	790
KJ942685.1	793	1719	2	1	3	793
KJ942685.1	799	2027	1	0	1	799
KJ942685.1	806	2017	1	0	1	806
KJ942685.1	815	1688	2	0	2	815
KJ942685.1	816	948	1	0	1	816
KJ942685.1	818	1771	1	0	1	818
KJ942685.1	820	2303	1	0	1	820
KJ942685.1	821	1869	2	1	3	821
KJ942685.1	821	960	0	1	1	960
KJ942685.1	825	1721	1	0	1	825
KJ942685.1	826	1857	2	3	5	826
KJ942685.1	828	1775	1	0	1	828
KJ942685.1	831	1626	0	1	1	1626
KJ942685.1	835	1751	1	1	2	835
KJ942685.1	836	1863	0	1	1	1863
KJ942685.1	840	1770	0	1	1	1770
KJ942685.1	847	1832	2	1	3	847
KJ942685.1	848	1499	1	0	1	848
KJ942685.1	848	1766	2	1	3	848
KJ942685.1	853	1900	1	0	1	853
KJ942685.1	855	1836	1	0	1	855
KJ942685.1	856	1778	0	1	1	1778
KJ942685.1	861	1645	1	0	1	861
KJ942685.1	862	1706	0	1	1	1706
KJ942685.1	862	1714	1	0	1	862
KJ942685.1	863	1731	1	0	1	863
KJ942685.1	869	1713	2	0	2	869
KJ942685.1	869	2151	2	1	3	869
KJ942685.1	873	1733	2	0	2	873
KJ942685.1	877	1926	2	4	6	877
KJ942685.1	883	1839	1	1	2	883
KJ942685.1	886	1831	1	0	1	886
KJ942685.1	890	1924	1	0	1	890
KJ942685.1	891	1614	1	1	2	891
KJ942685.1	896	1217	1	0	1	896
KJ942685.1	904	1709	1	1	2	904
KJ942685.1	909	1733	0	1	1	1733
KJ942685.1	913	1865	0	1	1	1865
KJ942685.1	918	1652	0	1	1	1652
KJ942685.1	923	1552	1	0	1	923
KJ942685.1	925	1554	0	3	3	1554
KJ942685.1	926	1678	1	3	4	926
KJ942685.1	929	2011	1	0	1	929
KJ942685.1	935	2080	0	1	1	2080
KJ942685.1	936	1562	0	1	1	1562
KJ942685.1	937	1090	1	0	1	937
KJ942685.1	938	1670	3	1	4	938
KJ942685.1	939	1741	2	0	2	939
KJ942685.1	941	2229	0	1	1	2229
KJ942685.1	962	1718	0	1	1	1718
KJ942685.1	964	1525	1	1	2	964
KJ942685.1	975	1654	1	1	2	975
KJ942685.1	979	1557	1	0	1	979
KJ942685.1	984	1075	1	0	1	984
KJ942685.1	986	1578	1	0	1	986
KJ942685.1	993	1622	0	1	1	1622
KJ942686.1	1000	1627	1	0	1	1000
KJ942686.1	1001	1764	0	1	1	1764
KJ942686.1	1008	1819	0	1	1	1819
KJ942686.1	1019	2327	1	0	1	1019
KJ942686.1	1028	1702	1	0	1	1028
KJ942686.1	1029	2197	1	1	2	1029
KJ942686.1	1061	2073	1	0	1	1061
KJ942686.1	1078	2114	1	0	1	1078
KJ942686.1	1087	1616	0	1	1	1616
KJ942686.1	1097	1699	1	0	1	1097
KJ942686.1	1110	1404	1	0	1	1110
KJ942686.1	1122	1493	0	1	1	1493
KJ942686.1	1134	1772	0	1	1	1772
KJ942686.1	1135	2275	1	0	1	1135
KJ942686.1	1140	1836	0	1	1	1836
KJ942686.1	1150	1724	1	0	1	1150
KJ942686.1	1152	1547	0	1	1	1547
KJ942686.1	1210	1657	1	0	1	1210
KJ942686.1	1292	1558	0	1	1	1558
KJ942686.1	1311	2028	0	1	1	2028
KJ942686.1	1367	1856	1	0	1	1367
KJ942686.1	1375	1549	0	1	1	1549
KJ942686.1	1400	1834	0	1	1	1834
KJ942686.1	1405	2396	0	1	1	2396
KJ942686.1	1478	1689	1	0	1	1478
KJ942686.1	1485	2385	1	0	1	1485
KJ942686.1	1488	1615	1	0	1	1488
KJ942686.1	1616	2032	1	0	1	1616
KJ942686.1	1627	1770	1	0	1	1627
KJ942686.1	1648	1754	0	1	1	1754
KJ942686.1	1670	1698	1	0	1	1670
KJ942686.1	1677	1863	0	1	1	1863
KJ942686.1	1696	2478	0	1	1	2478
KJ942686.1	1801	2226	0	1	1	2226
KJ942686.1	1830	2179	0	1	1	2179
KJ942686.1	1843	2365	1	0	1	1843
KJ942686.1	1914	2371	1	0	1	1914
KJ942686.1	1953	1984	0	1	1	1984
KJ942686.1	1966	2387	1	0	1	1966
KJ942686.1	2020	2258	0	1	1	2258
KJ942686.1	2143	2213	1	0	1	2143
KJ942686.1	2144	2424	1	0	1	2144
KJ942686.1	2158	2214	1	1	2	2158
KJ942686.1	2162	2357	1	0	1	2162
KJ942686.1	2187	2236	1	0	1	2187
KJ942686.1	2190	2246	1	0	1	2190
KJ942686.1	2191	2242	4	11	15	2191
KJ942686.1	2194	2480	0	1	1	2480
KJ942686.1	2257	2343	3	0	3	2257
KJ942686.1	2275	2297	4	0	4	2275
KJ942686.1	2276	2312	1	0	1	2276
KJ942686.1	2290	2355	3	2	5	2290
KJ942686.1	2291	2344	1	0	1	2291
KJ942686.1	2300	2363	2	1	3	2300
KJ942686.1	2341	2368	4	0	4	2341
KJ942686.1	2373	2401	0	1	1	2401
KJ942686.1	2422	2462	0	3	3	2462
KJ942686.1	2427	2459	0	2	2	2459
KJ942686.1	2437	2459	0	1	1	2459
KJ942686.1	246	275	2	0	2	246
KJ942686.1	249	401	1	0	1	249
KJ942686.1	256	2247	1	0	1	256
KJ942686.1	256	298	9	0	9	256
KJ942686.1	257	2397	5	0	5	257
KJ942686.1	258	2434	1	0	1	258
KJ942686.1	259	281	1	0	1	259
KJ942686.1	265	290	3	1	4	265
KJ942686.1	265	316	7	0	7	265
KJ942686.1	269	1215	1	0	1	269
KJ942686.1	270	349	6	0	6	270
KJ942686.1	286	340	1	0	1	286
KJ942686.1	289	2441	1	0	1	289
KJ942686.1	290	2011	1	1	2	290
KJ942686.1	323	2291	1	0	1	323
KJ942686.1	335	2288	1	0	1	335
KJ942686.1	339	2331	4	0	4	339
KJ942686.1	343	2311	2	0	2	343
KJ942686.1	345	2102	1	0	1	345
KJ942686.1	345	2363	1	0	1	345
KJ942686.1	346	1295	0	1	1	1295
KJ942686.1	346	2312	6	1	7	346
KJ942686.1	348	496	1	0	1	348
KJ942686.1	354	2333	3	0	3	354
KJ942686.1	355	2181	1	0	1	355
KJ942686.1	357	2247	0	1	1	2247
KJ942686.1	366	2341	2	1	3	366
KJ942686.1	372	2287	1	0	1	372
KJ942686.1	379	860	1	0	1	379
KJ942686.1	383	2459	0	4	4	2459
KJ942686.1	384	1890	1	0	1	384
KJ942686.1	390	2400	1	0	1	390
KJ942686.1	391	2301	1	0	1	391
KJ942686.1	392	2346	1	0	1	392
KJ942686.1	396	428	0	1	1	428
KJ942686.1	397	443	0	1	1	443
KJ942686.1	400	2110	1	1	2	400
KJ942686.1	403	1130	1	0	1	403
KJ942686.1	403	2319	2	0	2	403
KJ942686.1	405	2293	1	0	1	405
KJ942686.1	406	2285	1	0	1	406
KJ942686.1	408	2255	1	0	1	408
KJ942686.1	409	2310	1	0	1	409
KJ942686.1	412	1282	3	0	3	412
KJ942686.1	413	1140	2	3	5	413
KJ942686.1	415	1658	0	1	1	1658
KJ942686.1	420	1431	1	0	1	420
KJ942686.1	420	2318	4	0	4	420
KJ942686.1	425	2388	0	1	1	2388
KJ942686.1	426	2289	2	0	2	426
KJ942686.1	439	2284	4	0	4	439
KJ942686.1	448	2102	1	0	1	448
KJ942686.1	454	2207	0	2	2	2207
KJ942686.1	455	501	1	0	1	455
KJ942686.1	467	2199	2	0	2	467
KJ942686.1	469	2147	5	6	11	469
KJ942686.1	470	2153	2	2	4	470
KJ942686.1	470	2164	1	3	4	470
KJ942686.1	470	502	2	2	4	470
KJ942686.1	472	2133	0	1	1	2133
KJ942686.1	472	2342	1	0	1	472
KJ942686.1	473	2199	0	1	1	2199
KJ942686.1	486	1137	0	1	1	1137
KJ942686.1	488	2391	2	0	2	488
KJ942686.1	490	2002	1	0	1	490
KJ942686.1	492	1993	0	1	1	1993
KJ942686.1	492	2213	1	0	1	492
KJ942686.1	498	2377	1	0	1	498
KJ942686.1	500	1974	1	0	1	500
KJ942686.1	500	1986	2	0	2	500
KJ942686.1	501	2102	6	8	14	501
KJ942686.1	501	2252	0	1	1	2252
KJ942686.1	503	2076	1	0	1	503
KJ942686.1	505	2393	0	1	1	2393
KJ942686.1	513	2200	1	0	1	513
KJ942686.1	529	2064	2	4	6	529
KJ942686.1	529	2174	2	1	3	529
KJ942686.1	529	583	1	1	2	529
KJ942686.1	530	2214	1	1	2	530
KJ942686.1	530	2218	0	1	1	2218
KJ942686.1	537	1699	1	0	1	537
KJ942686.1	539	2343	1	0	1	539
KJ942686.1	540	791	1	0	1	540
KJ942686.1	544	1988	0	1	1	1988
KJ942686.1	550	2033	2	1	3	550
KJ942686.1	551	2075	4	0	4	551
KJ942686.1	552	2235	1	0	1	552
KJ942686.1	557	1941	0	1	1	1941
KJ942686.1	557	2131	1	0	1	557
KJ942686.1	558	2095	2	1	3	558
KJ942686.1	558	2129	1	1	2	558
KJ942686.1	560	1173	1	0	1	560
KJ942686.1	565	2108	0	1	1	2108
KJ942686.1	565	2342	2	0	2	565
KJ942686.1	574	1630	1	0	1	574
KJ942686.1	574	2010	1	1	2	574
KJ942686.1	575	2086	0	1	1	2086
KJ942686.1	575	2238	0	1	1	2238
KJ942686.1	577	1302	1	0	1	577
KJ942686.1	582	2129	0	2	2	2129
KJ942686.1	591	2201	2	1	3	591
KJ942686.1	592	2021	0	1	1	2021
KJ942686.1	593	2104	2	3	5	593
KJ942686.1	593	2113	1	1	2	593
KJ942686.1	596	1359	1	0	1	596
KJ942686.1	597	1925	0	3	3	1925
KJ942686.1	606	637	1	0	1	606
KJ942686.1	607	1764	1	0	1	607
KJ942686.1	608	1778	2	0	2	608
KJ942686.1	611	2110	1	0	1	611
KJ942686.1	612	1778	1	0	1	612
KJ942686.1	615	2044	0	1	1	2044
KJ942686.1	616	1330	0	1	1	1330
KJ942686.1	617	1777	2	0	2	617
KJ942686.1	617	2102	0	2	2	2102
KJ942686.1	617	2172	1	0	1	617
KJ942686.1	620	1766	1	0	1	620
KJ942686.1	623	2022	0	2	2	2022
KJ942686.1	628	945	0	1	1	945
KJ942686.1	630	2027	1	0	1	630
KJ942686.1	634	1774	1	0	1	634
KJ942686.1	636	2028	1	1	2	636
KJ942686.1	636	2110	0	1	1	2110
KJ942686.1	637	2112	1	0	1	637
KJ942686.1	637	747	2	0	2	637
KJ942686.1	638	1655	0	1	1	1655
KJ942686.1	639	1216	1	0	1	639
KJ942686.1	640	1937	1	0	1	640
KJ942686.1	640	2022	0	1	1	2022
KJ942686.1	641	2192	1	2	3	641
KJ942686.1	646	2021	1	0	1	646
KJ942686.1	649	1971	14	10	24	649
KJ942686.1	649	2004	1	0	1	649
KJ942686.1	649	2022	6	6	12	649
KJ942686.1	649	2027	1	1	2	649
KJ942686.1	649	2111	1	2	3	649
KJ942686.1	649	2161	3	1	4	649
KJ942686.1	649	2213	1	0	1	649
KJ942686.1	651	2057	0	1	1	2057
KJ942686.1	652	2025	1	2	3	652
KJ942686.1	652	2147	1	0	1	652
KJ942686.1	653	1970	1	0	1	653
KJ942686.1	654	1802	0	1	1	1802
KJ942686.1	655	1972	51	53	104	655
KJ942686.1	660	1979	1	0	1	660
KJ942686.1	666	1725	1	1	2	666
KJ942686.1	667	1723	5	2	7	667
KJ942686.1	669	2005	0	2	2	2005
KJ942686.1	669	2048	0	1	1	2048
KJ942686.1	673	1672	0	1	1	1672
KJ942686.1	674	2055	0	1	1	2055
KJ942686.1	678	2110	0	1	1	2110
KJ942686.1	686	1791	2	2	4	686
KJ942686.1	687	1449	1	0	1	687
KJ942686.1	689	1970	1	0	1	689
KJ942686.1	691	2023	0	2	2	2023
KJ942686.1	692	1973	0	3	3	1973
KJ942686.1	692	2061	0	1	1	2061
KJ942686.1	694	2023	2	1	3	694
KJ942686.1	694	2086	0	1	1	2086
KJ942686.1	695	1760	5	1	6	695
KJ942686.1	700	1954	1	2	3	700
KJ942686.1	700	2095	2	0	2	700
KJ942686.1	703	2094	1	0	1	703
KJ942686.1	714	1844	0	1	1	1844
KJ942686.1	717	1739	1	1	2	717
KJ942686.1	718	2103	1	1	2	718
KJ942686.1	731	1494	1	0	1	731
KJ942686.1	732	1986	0	1	1	1986
KJ942686.1	733	1902	1	1	2	733
KJ942686.1	734	1315	1	0	1	734
KJ942686.1	737	1927	0	1	1	1927
KJ942686.1	738	2040	1	0	1	738
KJ942686.1	747	1926	0	1	1	1926
KJ942686.1	749	2304	1	0	1	749
KJ942686.1	752	1914	0	1	1	1914
KJ942686.1	752	2023	1	1	2	752
KJ942686.1	754	1834	0	1	1	1834
KJ942686.1	756	1959	1	0	1	756
KJ942686.1	759	2012	0	2	2	2012
KJ942686.1	759	2021	1	0	1	759
KJ942686.1	760	1876	0	2	2	1876
KJ942686.1	763	2011	0	1	1	2011
KJ942686.1	764	2008	0	4	4	2008
KJ942686.1	768	2008	0	3	3	2008
KJ942686.1	768	2010	0	3	3	2010
KJ942686.1	769	1897	0	1	1	1897
KJ942686.1	769	2012	1	1	2	769
KJ942686.1	770	2000	0	1	1	2000
KJ942686.1	771	2007	1	0	1	771
KJ942686.1	775	2025	0	1	1	2025
KJ942686.1	775	2086	1	0	1	775
KJ942686.1	776	1802	2	2	4	776
KJ942686.1	777	2005	1	1	2	777
KJ942686.1	786	2201	0	1	1	2201
KJ942686.1	787	2000	0	1	1	2000
KJ942686.1	790	1392	0	1	1	1392
KJ942686.1	791	1092	0	1	1	1092
KJ942686.1	793	1764	1	0	1	793
KJ942686.1	794	1792	0	1	1	1792
KJ942686.1	794	1969	1	0	1	794
KJ942686.1	795	2259	0	1	1	2259
KJ942686.1	796	1888	1	0	1	796
KJ942686.1	797	955	0	1	1	955
KJ942686.1	799	1891	3	0	3	799
KJ942686.1	800	1854	1	1	2	800
KJ942686.1	801	1307	0	1	1	1307
KJ942686.1	802	1866	1	0	1	802
KJ942686.1	809	1146	0	1	1	1146
KJ942686.1	809	1856	2	0	2	809
KJ942686.1	809	1974	2	1	3	809
KJ942686.1	811	1965	0	1	1	1965
KJ942686.1	818	2000	0	1	1	2000
KJ942686.1	820	1851	1	0	1	820
KJ942686.1	822	1820	1	0	1	822
KJ942686.1	823	1839	0	1	1	1839
KJ942686.1	824	1478	1	0	1	824
KJ942686.1	824	900	0	1	1	900
KJ942686.1	829	1340	0	1	1	1340
KJ942686.1	829	1836	1	1	2	829
KJ942686.1	829	1988	1	2	3	829
KJ942686.1	831	1837	0	1	1	1837
KJ942686.1	832	1372	0	1	1	1372
KJ942686.1	836	1979	0	1	1	1979
KJ942686.1	837	1785	1	0	1	837
KJ942686.1	839	1825	0	1	1	1825
KJ942686.1	840	1960	0	7	7	1960
KJ942686.1	841	1794	0	1	1	1794
KJ942686.1	841	1817	0	1	1	1817
KJ942686.1	848	1858	0	1	1	1858
KJ942686.1	851	1392	1	2	3	851
KJ942686.1	855	1800	1	0	1	855
KJ942686.1	862	1082	0	1	1	1082
KJ942686.1	862	1616	1	0	1	862
KJ942686.1	866	1903	1	1	2	866
KJ942686.1	866	1923	1	2	3	866
KJ942686.1	868	1139	0	1	1	1139
KJ942686.1	868	1764	2	0	2	868
KJ942686.1	875	1544	1	0	1	875
KJ942686.1	880	1743	2	1	3	880
KJ942686.1	882	1795	0	1	1	1795
KJ942686.1	897	1777	1	0	1	897
KJ942686.1	897	1887	0	1	1	1887
KJ942686.1	898	1460	0	1	1	1460
KJ942686.1	899	1888	0	1	1	1888
KJ942686.1	901	1781	0	1	1	1781
KJ942686.1	901	1865	1	0	1	901
KJ942686.1	904	1876	1	0	1	904
KJ942686.1	905	1805	1	0	1	905
KJ942686.1	907	1877	0	1	1	1877
KJ942686.1	908	1314	1	0	1	908
KJ942686.1	908	1919	0	1	1	1919
KJ942686.1	912	2211	0	1	1	2211
KJ942686.1	913	1933	0	1	1	1933
KJ942686.1	914	1047	1	0	1	914
KJ942686.1	917	1224	0	1	1	1224
KJ942686.1	917	1988	0	1	1	1988
KJ942686.1	919	1662	1	0	1	919
KJ942686.1	922	1598	0	2	2	1598
KJ942686.1	924	959	1	0	1	924
KJ942686.1	934	1727	1	0	1	934
KJ942686.1	934	2041	3	2	5	934
KJ942686.1	948	2022	0	1	1	2022
KJ942686.1	954	2201	1	1	2	954
KJ942686.1	962	1847	1	0	1	962
KJ942686.1	972	1803	1	0	1	972
KJ942686.1	976	1749	2	0	2	976
KJ942686.1	984	1683	2	0	2	984
KJ942686.1	984	1723	2	3	5	984
KJ942686.1	991	1722	0	1	1	1722
KJ942686.1	999	2138	3	2	5	999
KJ942687.1	1005	1702	0	1	1	1702
KJ942687.1	1008	1046	1	0	1	1008
KJ942687.1	1035	1830	1	1	2	1035
KJ942687.1	1046	2227	0	1	1	2227
KJ942687.1	1060	1722	1	0	1	1060
KJ942687.1	1069	2363	0	1	1	2363
KJ942687.1	1079	1826	2	0	2	1079
KJ942687.1	1093	2131	0	1	1	2131
KJ942687.1	1098	2447	1	0	1	1098
KJ942687.1	1110	1199	1	0	1	1110
KJ942687.1	1116	1717	1	0	1	1116
KJ942687.1	1123	1724	0	1	1	1724
KJ942687.1	1124	1164	2	0	2	1124
KJ942687.1	1132	2347	1	0	1	1132
KJ942687.1	1139	2345	1	1	2	1139
KJ942687.1	1140	2031	0	1	1	2031
KJ942687.1	1151	1675	1	1	2	1151
KJ942687.1	1157	1765	0	1	1	1765
KJ942687.1	1162	1764	0	1	1	1764
KJ942687.1	1184	1537	1	0	1	1184
KJ942687.1	1199	1832	1	0	1	1199
KJ942687.1	1214	1766	0	1	1	1766
KJ942687.1	1221	2278	0	1	1	2278
KJ942687.1	1225	1659	0	1	1	1659
KJ942687.1	1234	1378	1	0	1	1234
KJ942687.1	1251	2490	0	1	1	2490
KJ942687.1	1277	1478	0	1	1	1478
KJ942687.1	1281	1419	0	1	1	1419
KJ942687.1	1289	1524	1	0	1	1289
KJ942687.1	1303	1602	0	1	1	1602
KJ942687.1	1315	1719	1	0	1	1315
KJ942687.1	1334	1868	0	1	1	1868
KJ942687.1	1381	1933	0	1	1	1933
KJ942687.1	1400	2351	0	1	1	2351
KJ942687.1	1411	1539	1	0	1	1411
KJ942687.1	1438	1887	1	0	1	1438
KJ942687.1	1463	1490	0	1	1	1490
KJ942687.1	1473	1755	0	1	1	1755
KJ942687.1	1481	2507	0	1	1	2507
KJ942687.1	1601	2260	0	1	1	2260
KJ942687.1	1617	1769	1	1	2	1617
KJ942687.1	1636	1664	0	1	1	1664
KJ942687.1	1659	1699	0	1	1	1699
KJ942687.1	1667	2144	0	1	1	2144
KJ942687.1	1677	2109	0	1	1	2109
KJ942687.1	1678	2507	0	1	1	2507
KJ942687.1	1687	2256	1	0	1	1687
KJ942687.1	1750	2094	0	1	1	2094
KJ942687.1	1771	2258	0	1	1	2258
KJ942687.1	1781	2114	1	0	1	1781
KJ942687.1	1783	2001	0	1	1	2001
KJ942687.1	2070	2148	1	1	2	2070
KJ942687.1	2271	2341	2	1	3	2271
KJ942687.1	2371	2417	0	1	1	2417
KJ942687.1	2385	2412	0	1	1	2412
KJ942687.1	243	2338	1	0	1	243
KJ942687.1	256	1236	4	0	4	256
KJ942687.1	262	2353	4	0	4	262
KJ942687.1	278	1252	2	0	2	278
KJ942687.1	301	1823	2	0	2	301
KJ942687.1	302	333	1	0	1	302
KJ942687.1	305	1827	1	0	1	305
KJ942687.1	310	2343	2	0	2	310
KJ942687.1	314	2035	2	1	3	314
KJ942687.1	317	2356	1	0	1	317
KJ942687.1	318	2386	1	0	1	318
KJ942687.1	319	2349	1	0	1	319
KJ942687.1	325	2356	1	0	1	325
KJ942687.1	333	2364	62	76	138	333
KJ942687.1	336	1460	0	1	1	1460
KJ942687.1	347	2336	2	0	2	347
KJ942687.1	349	1340	0	1	1	1340
KJ942687.1	350	1589	0	1	1	1589
KJ942687.1	350	990	0	1	1	990
KJ942687.1	354	1250	1	0	1	354
KJ942687.1	354	2343	3	3	6	354
KJ942687.1	359	1255	0	2	2	1255
KJ942687.1	359	2349	1	3	4	359
KJ942687.1	360	1367	0	1	1	1367
KJ942687.1	360	2401	0	1	1	2401
KJ942687.1	361	2250	1	0	1	361
KJ942687.1	363	2375	0	1	1	2375
KJ942687.1	376	1904	0	1	1	1904
KJ942687.1	376	2337	1	1	2	376
KJ942687.1	376	577	0	1	1	577
KJ942687.1	377	2144	0	2	2	2144
KJ942687.1	379	2295	0	1	1	2295
KJ942687.1	382	2328	4	6	10	382
KJ942687.1	382	2373	42	68	110	382
KJ942687.1	383	488	1	0	1	383
KJ942687.1	387	2252	0	1	1	2252
KJ942687.1	387	2387	0	2	2	2387
KJ942687.1	388	2225	4	41	45	388
KJ942687.1	388	2349	1	1	2	388
KJ942687.1	391	2127	1	5	6	391
KJ942687.1	391	2297	1	2	3	391
KJ942687.1	391	2347	0	1	1	2347
KJ942687.1	391	492	1	0	1	391
KJ942687.1	393	2349	112	173	285	393
KJ942687.1	394	2275	0	5	5	2275
KJ942687.1	395	2194	1	0	1	395
KJ942687.1	398	2374	0	1	1	2374
KJ942687.1	399	2282	0	5	5	2282
KJ942687.1	400	2290	0	3	3	2290
KJ942687.1	401	2225	0	1	1	2225
KJ942687.1	401	2329	0	2	2	2329
KJ942687.1	402	2328	0	1	1	2328
KJ942687.1	403	2308	12	86	98	403
KJ942687.1	408	554	1	0	1	408
KJ942687.1	409	2133	1	3	4	409
KJ942687.1	409	2287	0	3	3	2287
KJ942687.1	418	2342	1	0	1	418
KJ942687.1	419	2237	0	1	1	2237
KJ942687.1	420	2314	1	1	2	420
KJ942687.1	423	1032	0	1	1	1032
KJ942687.1	424	2395	2	8	10	424
KJ942687.1	425	2271	2	19	21	425
KJ942687.1	426	1568	1	0	1	426
KJ942687.1	426	2179	1	2	3	426
KJ942687.1	426	2353	2	5	7	426
KJ942687.1	426	2354	1	0	1	426
KJ942687.1	427	2406	0	2	2	2406
KJ942687.1	427	2441	0	2	2	2441
KJ942687.1	428	2240	1	7	8	428
KJ942687.1	429	2086	0	2	2	2086
KJ942687.1	429	2236	0	1	1	2236
KJ942687.1	430	1415	1	0	1	430
KJ942687.1	433	2311	2	2	4	433
KJ942687.1	434	2184	0	5	5	2184
KJ942687.1	434	2262	32	99	131	434
KJ942687.1	436	1688	1	0	1	436
KJ942687.1	436	2061	0	1	1	2061
KJ942687.1	437	2322	0	1	1	2322
KJ942687.1	440	2321	0	1	1	2321
KJ942687.1	442	483	0	1	1	483
KJ942687.1	442	764	0	1	1	764
KJ942687.1	443	2233	0	3	3	2233
KJ942687.1	443	2277	0	1	1	2277
KJ942687.1	446	2252	0	3	3	2252
KJ942687.1	450	2249	0	2	2	2249
KJ942687.1	452	2314	0	4	4	2314
KJ942687.1	454	2375	1	1	2	454
KJ942687.1	455	1902	1	0	1	455
KJ942687.1	459	2437	1	0	1	459
KJ942687.1	467	2255	0	2	2	2255
KJ942687.1	468	1955	0	1	1	1955
KJ942687.1	468	2186	1	1	2	468
KJ942687.1	469	2328	1	2	3	469
KJ942687.1	474	2300	0	2	2	2300
KJ942687.1	482	2436	0	1	1	2436
KJ942687.1	483	2184	0	1	1	2184
KJ942687.1	486	2202	1	0	1	486
KJ942687.1	487	2295	2	0	2	487
KJ942687.1	488	2253	1	0	1	488
KJ942687.1	490	2183	3	1	4	490
KJ942687.1	491	1055	0	1	1	1055
KJ942687.1	494	1736	1	0	1	494
KJ942687.1	494	2157	0	1	1	2157
KJ942687.1	496	2168	1	0	1	496
KJ942687.1	497	1375	1	0	1	497
KJ942687.1	498	2200	1	4	5	498
KJ942687.1	498	2266	0	4	4	2266
KJ942687.1	498	533	3	6	9	498
KJ942687.1	499	2211	0	1	1	2211
KJ942687.1	499	2225	0	3	3	2225
KJ942687.1	499	2250	1	1	2	499
KJ942687.1	501	2271	1	1	2	501
KJ942687.1	503	2210	2	5	7	503
KJ942687.1	506	2210	1	1	2	506
KJ942687.1	511	956	1	0	1	511
KJ942687.1	514	2212	1	3	4	514
KJ942687.1	515	2122	1	1	2	515
KJ942687.1	518	2224	1	0	1	518
KJ942687.1	522	2224	1	0	1	522
KJ942687.1	522	2232	0	1	1	2232
KJ942687.1	524	2088	0	1	1	2088
KJ942687.1	524	2295	0	1	1	2295
KJ942687.1	525	1987	0	3	3	1987
KJ942687.1	526	2006	2	2	4	526
KJ942687.1	526	2186	2	1	3	526
KJ942687.1	528	2072	0	5	5	2072
KJ942687.1	528	2174	1	1	2	528
KJ942687.1	528	2225	0	1	1	2225
KJ942687.1	529	2207	1	0	1	529
KJ942687.1	529	2224	0	1	1	2224
KJ942687.1	532	2270	1	2	3	532
KJ942687.1	537	2068	0	1	1	2068
KJ942687.1	537	2088	0	1	1	2088
KJ942687.1	538	2000	0	1	1	2000
KJ942687.1	538	2083	0	1	1	2083
KJ942687.1	538	2211	2	1	3	538
KJ942687.1	538	2225	0	1	1	2225
KJ942687.1	539	2224	0	5	5	2224
KJ942687.1	540	1929	0	1	1	1929
KJ942687.1	542	2029	1	2	3	542
KJ942687.1	545	2211	0	1	1	2211
KJ942687.1	548	2129	1	3	4	548
KJ942687.1	551	2002	2	0	2	551
KJ942687.1	551	2085	3	2	5	551
KJ942687.1	559	2022	1	0	1	559
KJ942687.1	561	2173	0	1	1	2173
KJ942687.1	565	2272	1	0	1	565
KJ942687.1	566	2052	1	0	1	566
KJ942687.1	568	2144	0	2	2	2144
KJ942687.1	568	2172	0	1	1	2172
KJ942687.1	568	2195	1	0	1	568
KJ942687.1	569	2356	1	1	2	569
KJ942687.1	570	1557	0	1	1	1557
KJ942687.1	578	1855	0	1	1	1855
KJ942687.1	581	1316	0	1	1	1316
KJ942687.1	581	1771	3	0	3	581
KJ942687.1	581	2203	0	2	2	2203
KJ942687.1	582	2148	1	1	2	582
KJ942687.1	583	2143	0	2	2	2143
KJ942687.1	585	1947	11	22	33	585
KJ942687.1	589	2107	2	0	2	589
KJ942687.1	590	2133	1	0	1	590
KJ942687.1	590	2263	1	0	1	590
KJ942687.1	594	2511	0	1	1	2511
KJ942687.1	597	2144	1	1	2	597
KJ942687.1	599	2023	1	3	4	599
KJ942687.1	612	2015	0	1	1	2015
KJ942687.1	620	1871	1	1	2	620
KJ942687.1	629	1479	0	1	1	1479
KJ942687.1	629	1684	1	0	1	629
KJ942687.1	633	1421	1	0	1	633
KJ942687.1	635	1847	1	0	1	635
KJ942687.1	638	2104	1	0	1	638
KJ942687.1	642	2068	1	0	1	642
KJ942687.1	644	2041	1	0	1	644
KJ942687.1	647	2399	0	1	1	2399
KJ942687.1	650	2056	1	1	2	650
KJ942687.1	650	2113	1	1	2	650
KJ942687.1	652	1028	1	0	1	652
KJ942687.1	655	1975	0	1	1	1975
KJ942687.1	655	2027	1	0	1	655
KJ942687.1	655	904	0	1	1	904
KJ942687.1	657	1846	0	1	1	1846
KJ942687.1	657	2088	1	1	2	657
KJ942687.1	659	2107	1	1	2	659
KJ942687.1	659	2130	0	1	1	2130
KJ942687.1	659	2200	0	1	1	2200
KJ942687.1	660	2035	5	17	22	660
KJ942687.1	660	2048	0	1	1	2048
KJ942687.1	661	2014	0	2	2	2014
KJ942687.1	666	1901	1	0	1	666
KJ942687.1	668	1810	1	0	1	668
KJ942687.1	669	2040	0	2	2	2040
KJ942687.1	670	1936	1	1	2	670
KJ942687.1	670	2004	0	1	1	2004
KJ942687.1	671	2107	0	1	1	2107
KJ942687.1	671	2130	0	1	1	2130
KJ942687.1	672	1825	1	0	1	672
KJ942687.1	672	2040	0	1	1	2040
KJ942687.1	673	2068	1	2	3	673
KJ942687.1	674	2029	1	0	1	674
KJ942687.1	674	2164	0	2	2	2164
KJ942687.1	677	2017	0	2	2	2017
KJ942687.1	677	2101	0	1	1	2101
KJ942687.1	677	2108	1	0	1	677
KJ942687.1	678	2013	0	1	1	2013
KJ942687.1	680	2088	0	1	1	2088
KJ942687.1	684	2127	1	0	1	684
KJ942687.1	689	1808	2	0	2	689
KJ942687.1	691	1963	0	1	1	1963
KJ942687.1	695	1774	1	0	1	695
KJ942687.1	695	2005	1	0	1	695
KJ942687.1	699	1306	1	0	1	699
KJ942687.1	702	1886	0	1	1	1886
KJ942687.1	702	1894	1	0	1	702
KJ942687.1	702	2002	0	1	1	2002
KJ942687.1	707	2003	0	2	2	2003
KJ942687.1	707	2107	1	3	4	707
KJ942687.1	709	1996	0	1	1	1996
KJ942687.1	710	1856	1	0	1	710
KJ942687.1	710	1887	0	1	1	1887
KJ942687.1	720	2087	0	1	1	2087
KJ942687.1	721	1970	1	1	2	721
KJ942687.1	722	2110	1	1	2	722
KJ942687.1	723	2056	0	1	1	2056
KJ942687.1	727	1953	1	0	1	727
KJ942687.1	736	1970	0	1	1	1970
KJ942687.1	738	806	1	0	1	738
KJ942687.1	740	1070	0	1	1	1070
KJ942687.1	747	1894	2	1	3	747
KJ942687.1	747	1952	0	1	1	1952
KJ942687.1	747	1960	0	2	2	1960
KJ942687.1	748	1947	2	0	2	748
KJ942687.1	748	1951	1	2	3	748
KJ942687.1	748	1963	1	0	1	748
KJ942687.1	749	1953	1	2	3	749
KJ942687.1	750	1971	1	0	1	750
KJ942687.1	751	1460	1	0	1	751
KJ942687.1	752	1824	1	0	1	752
KJ942687.1	754	1952	1	0	1	754
KJ942687.1	756	1953	1	0	1	756
KJ942687.1	757	1601	1	0	1	757
KJ942687.1	758	849	0	1	1	849
KJ942687.1	764	1421	0	1	1	1421
KJ942687.1	764	2130	1	1	2	764
KJ942687.1	765	1958	2	0	2	765
KJ942687.1	765	1965	0	1	1	1965
KJ942687.1	767	1186	1	0	1	767
KJ942687.1	773	1836	0	1	1	1836
KJ942687.1	775	2007	0	1	1	2007
KJ942687.1	779	1940	0	1	1	1940
KJ942687.1	780	1971	3	1	4	780
KJ942687.1	784	1857	1	0	1	784
KJ942687.1	784	1954	0	2	2	1954
KJ942687.1	785	1969	1	3	4	785
KJ942687.1	789	1907	1	1	2	789
KJ942687.1	791	1847	0	2	2	1847
KJ942687.1	791	1892	0	1	1	1892
KJ942687.1	791	2238	1	0	1	791
KJ942687.1	792	1820	2	0	2	792
KJ942687.1	792	2013	0	1	1	2013
KJ942687.1	793	1946	0	1	1	1946
KJ942687.1	795	1828	1	0	1	795
KJ942687.1	795	1915	1	1	2	795
KJ942687.1	796	1830	1	2	3	796
KJ942687.1	796	2203	0	3	3	2203
KJ942687.1	797	1759	0	1	1	1759
KJ942687.1	797	1857	1	0	1	797
KJ942687.1	800	1528	2	0	2	800
KJ942687.1	800	1546	1	0	1	800
KJ942687.1	800	1920	3	1	4	800
KJ942687.1	801	1942	0	1	1	1942
KJ942687.1	802	1953	1	0	1	802
KJ942687.1	804	1764	1	0	1	804
KJ942687.1	804	2077	0	1	1	2077
KJ942687.1	805	2181	1	0	1	805
KJ942687.1	806	1981	1	0	1	806
KJ942687.1	808	1915	1	0	1	808
KJ942687.1	809	1972	0	4	4	1972
KJ942687.1	823	1903	2	0	2	823
KJ942687.1	824	1865	2	1	3	824
KJ942687.1	824	1910	1	1	2	824
KJ942687.1	825	1907	2	0	2	825
KJ942687.1	836	2491	0	1	1	2491
KJ942687.1	839	1829	0	1	1	1829
KJ942687.1	840	1861	0	1	1	1861
KJ942687.1	840	1871	2	0	2	840
KJ942687.1	840	1951	1	1	2	840
KJ942687.1	842	1824	1	2	3	842
KJ942687.1	842	1835	1	1	2	842
KJ942687.1	842	2180	1	2	3	842
KJ942687.1	843	1850	0	1	1	1850
KJ942687.1	844	1893	1	1	2	844
KJ942687.1	845	1912	1	0	1	845
KJ942687.1	845	1915	1	2	3	845
KJ942687.1	846	1593	1	0	1	846
KJ942687.1	846	1857	1	2	3	846
KJ942687.1	850	1831	1	0	1	850
KJ942687.1	850	2101	1	0	1	850
KJ942687.1	851	1830	1	2	3	851
KJ942687.1	851	1881	1	1	2	851
KJ942687.1	851	2086	1	3	4	851
KJ942687.1	852	1884	2	0	2	852
KJ942687.1	854	1855	1	0	1	854
KJ942687.1	855	1848	1	1	2	855
KJ942687.1	857	1873	1	0	1	857
KJ942687.1	857	1876	1	0	1	857
KJ942687.1	857	1892	0	3	3	1892
KJ942687.1	858	1830	1	0	1	858
KJ942687.1	858	1841	1	1	2	858
KJ942687.1	858	1844	2	3	5	858
KJ942687.1	858	1883	1	3	4	858
KJ942687.1	858	1887	2	0	2	858
KJ942687.1	859	1832	1	0	1	859
KJ942687.1	860	1816	0	1	1	1816
KJ942687.1	860	1883	0	1	1	1883
KJ942687.1	862	1883	1	0	1	862
KJ942687.1	863	1786	1	0	1	863
KJ942687.1	863	1870	1	0	1	863
KJ942687.1	864	1883	2	0	2	864
KJ942687.1	866	1801	1	1	2	866
KJ942687.1	866	1853	0	1	1	1853
KJ942687.1	866	1887	2	0	2	866
KJ942687.1	870	1918	3	1	4	870
KJ942687.1	870	2085	0	1	1	2085
KJ942687.1	893	2457	0	1	1	2457
KJ942687.1	897	1886	0	1	1	1886
KJ942687.1	898	1840	2	0	2	898
KJ942687.1	898	1846	3	2	5	898
KJ942687.1	898	1893	1	0	1	898
KJ942687.1	900	1708	1	0	1	900
KJ942687.1	900	1754	3	0	3	900
KJ942687.1	902	1849	0	1	1	1849
KJ942687.1	904	1829	1	0	1	904
KJ942687.1	911	1116	1	1	2	911
KJ942687.1	913	1825	2	0	2	913
KJ942687.1	914	2219	1	0	1	914
KJ942687.1	920	1727	1	0	1	920
KJ942687.1	924	1776	1	0	1	924
KJ942687.1	924	1777	1	0	1	924
KJ942687.1	934	1520	1	0	1	934
KJ942687.1	943	1720	0	1	1	1720
KJ942687.1	943	1836	1	0	1	943
KJ942687.1	952	2012	0	1	1	2012
KJ942687.1	955	1740	1	1	2	955
KJ942687.1	966	1843	1	2	3	966
KJ942687.1	966	1978	0	1	1	1978
KJ942687.1	971	2419	0	1	1	2419
KJ942687.1	973	2173	0	1	1	2173
KJ942687.1	986	1325	1	0	1	986
KJ942687.1	987	1249	1	0	1	987
