Segment	Start	Stop	Forward_support	Reverse_support	Total_support	Fuzz_factor
KJ942680.1	1044	1526	0	1	1	1526
KJ942680.1	1115	1225	0	1	1	1225
KJ942680.1	1135	1696	1	0	1	1135
KJ942680.1	1149	1744	0	1	1	1744
KJ942680.1	1220	1529	0	1	1	1529
KJ942680.1	1227	1260	1	0	1	1227
KJ942680.1	1247	1326	1	1	2	1247
KJ942680.1	1247	1327	0	1	1	1327
KJ942680.1	1259	1431	1	0	1	1259
KJ942680.1	1262	1527	0	1	1	1527
KJ942680.1	1268	1335	1	0	1	1268
KJ942680.1	1303	1646	1	0	1	1303
KJ942680.1	1434	1765	0	1	1	1765
KJ942680.1	1468	1721	0	1	1	1721
KJ942680.1	1488	1547	0	1	1	1547
KJ942680.1	1490	1617	1	0	1	1490
KJ942680.1	1532	1574	0	1	1	1574
KJ942680.1	1536	1646	0	1	1	1646
KJ942680.1	1568	1809	1	0	1	1568
KJ942680.1	1609	1667	0	1	1	1667
KJ942680.1	1635	1665	0	1	1	1665
KJ942680.1	1700	1726	0	1	1	1726
KJ942680.1	253	1739	1	0	1	253
KJ942680.1	271	365	14	0	14	271
KJ942680.1	274	1455	1	0	1	274
KJ942680.1	280	1316	1	0	1	280
KJ942680.1	284	1203	1	0	1	284
KJ942680.1	300	360	1	0	1	300
KJ942680.1	312	1702	0	1	1	1702
KJ942680.1	321	1115	1	0	1	321
KJ942680.1	341	1927	0	1	1	1927
KJ942680.1	365	1884	0	1	1	1884
KJ942680.1	395	1258	1	0	1	395
KJ942680.1	406	543	1	0	1	406
KJ942680.1	442	466	1	1	2	442
KJ942680.1	459	1667	2	12	14	459
KJ942680.1	461	1387	2	4	6	461
KJ942680.1	469	1622	1	0	1	469
KJ942680.1	469	1647	0	1	1	1647
KJ942680.1	478	501	1	7	8	478
KJ942680.1	501	1237	0	1	1	1237
KJ942680.1	501	1696	2	2	4	501
KJ942680.1	509	654	0	1	1	654
KJ942680.1	525	1639	0	1	1	1639
KJ942680.1	531	1319	1	0	1	531
KJ942680.1	537	605	0	1	1	605
KJ942680.1	539	895	1	0	1	539
KJ942680.1	542	1710	0	1	1	1710
KJ942680.1	560	604	1	0	1	560
KJ942680.1	565	1224	1	0	1	565
KJ942680.1	569	849	1	0	1	569
KJ942680.1	574	1408	2	0	2	574
KJ942680.1	577	1653	0	1	1	1653
KJ942680.1	580	1216	3	0	3	580
KJ942680.1	590	1533	4	4	8	590
KJ942680.1	596	1616	0	1	1	1616
KJ942680.1	675	1048	0	1	1	1048
KJ942680.1	679	1164	1	0	1	679
KJ942680.1	681	1138	0	1	1	1138
KJ942680.1	722	1467	0	1	1	1467
KJ942680.1	732	1852	1	0	1	732
KJ942680.1	774	1529	0	1	1	1529
KJ942680.1	781	1421	0	1	1	1421
KJ942680.1	796	1359	0	1	1	1359
KJ942680.1	804	1552	0	1	1	1552
KJ942680.1	935	1214	1	0	1	935
KJ942680.1	958	1142	0	1	1	1142
KJ942680.1	959	1899	0	1	1	1899
KJ942680.1	976	1422	1	0	1	976
KJ942680.1	982	1016	0	1	1	1016
KJ942681.1	1045	1152	0	1	1	1152
KJ942681.1	266	968	1	0	1	266
KJ942681.1	320	724	1	0	1	320
KJ942681.1	349	1096	0	1	1	1096
KJ942681.1	359	888	1	0	1	359
KJ942681.1	362	588	0	1	1	588
KJ942681.1	395	1182	0	1	1	1182
KJ942681.1	400	645	0	1	1	645
KJ942681.1	409	969	0	1	1	969
KJ942681.1	411	795	1	0	1	411
KJ942681.1	412	780	0	1	1	780
KJ942681.1	422	894	1	0	1	422
KJ942681.1	425	845	0	1	1	845
KJ942681.1	428	1072	1	0	1	428
KJ942681.1	443	1048	1	0	1	443
KJ942681.1	462	622	0	1	1	622
KJ942681.1	467	517	1	0	1	467
KJ942681.1	487	753	1	0	1	487
KJ942681.1	498	1065	1	0	1	498
KJ942681.1	500	691	1	0	1	500
KJ942681.1	519	1181	0	1	1	1181
KJ942681.1	555	850	4	2	6	555
KJ942681.1	564	760	1	0	1	564
KJ942681.1	568	607	0	1	1	607
KJ942681.1	604	877	1	1	2	604
KJ942681.1	604	976	5	0	5	604
KJ942681.1	609	1033	1	0	1	609
KJ942681.1	620	1147	0	1	1	1147
KJ942681.1	628	723	0	1	1	723
KJ942681.1	641	755	1	0	1	641
KJ942681.1	662	1181	0	1	1	1181
KJ942681.1	700	854	0	2	2	854
KJ942681.1	701	1043	0	1	1	1043
KJ942681.1	719	997	0	1	1	997
KJ942681.1	724	850	1	0	1	724
KJ942681.1	730	980	1	0	1	730
KJ942681.1	731	813	0	1	1	813
KJ942681.1	733	875	1	0	1	733
KJ942681.1	733	974	2	2	4	733
KJ942681.1	734	1029	1	0	1	734
KJ942681.1	766	1043	1	0	1	766
KJ942681.1	778	1161	0	1	1	1161
KJ942681.1	807	877	3	1	4	807
KJ942681.1	816	919	0	1	1	919
KJ942681.1	832	881	0	1	1	881
KJ942681.1	833	869	1	1	2	833
KJ942681.1	874	1121	1	0	1	874
KJ942681.1	896	1027	1	0	1	896
KJ942682.1	1063	1386	1	0	1	1063
KJ942682.1	1129	1532	1	0	1	1129
KJ942682.1	1166	1197	0	1	1	1197
KJ942682.1	1190	1385	0	1	1	1385
KJ942682.1	1254	1501	1	0	1	1254
KJ942682.1	1344	1400	0	1	1	1400
KJ942682.1	1367	1414	1	1	2	1367
KJ942682.1	250	1449	1	0	1	250
KJ942682.1	282	1008	1	0	1	282
KJ942682.1	323	790	1	0	1	323
KJ942682.1	326	957	1	2	3	326
KJ942682.1	334	1452	2	2	4	334
KJ942682.1	349	1456	4	6	10	349
KJ942682.1	359	1510	0	1	1	1510
KJ942682.1	375	854	0	1	1	854
KJ942682.1	399	1352	0	1	1	1352
KJ942682.1	400	481	0	1	1	481
KJ942682.1	418	532	1	0	1	418
KJ942682.1	425	765	0	1	1	765
KJ942682.1	425	971	0	1	1	971
KJ942682.1	433	463	0	1	1	463
KJ942682.1	504	719	0	1	1	719
KJ942682.1	582	1170	2	0	2	582
KJ942682.1	590	1295	6	2	8	590
KJ942682.1	609	1534	1	0	1	609
KJ942682.1	628	1061	0	1	1	1061
KJ942682.1	628	1413	1	0	1	628
KJ942682.1	719	1434	0	1	1	1434
KJ942682.1	741	1253	1	0	1	741
KJ942682.1	744	1396	0	1	1	1396
KJ942682.1	778	1564	0	1	1	1564
KJ942682.1	810	939	0	2	2	939
KJ942683.1	1149	1506	1	0	1	1149
KJ942683.1	1187	1247	0	1	1	1247
KJ942683.1	1223	1447	0	1	1	1447
KJ942683.1	1311	1396	1	2	3	1311
KJ942683.1	1457	1531	1	0	1	1457
KJ942683.1	1604	1710	0	1	1	1710
KJ942683.1	290	662	1	0	1	290
KJ942683.1	295	570	1	0	1	295
KJ942683.1	297	362	4	0	4	297
KJ942683.1	361	832	0	1	1	832
KJ942683.1	380	662	1	0	1	380
KJ942683.1	409	899	0	1	1	899
KJ942683.1	417	1378	1	0	1	417
KJ942683.1	438	905	0	1	1	905
KJ942683.1	439	1395	0	1	1	1395
KJ942683.1	447	1172	0	1	1	1172
KJ942683.1	447	1385	0	1	1	1385
KJ942683.1	454	860	0	1	1	860
KJ942683.1	461	1517	1	0	1	461
KJ942683.1	474	1342	1	0	1	474
KJ942683.1	474	983	0	1	1	983
KJ942683.1	478	568	0	1	1	568
KJ942683.1	492	956	0	1	1	956
KJ942683.1	541	1427	0	5	5	1427
KJ942683.1	577	1530	0	1	1	1530
KJ942683.1	646	1283	1	0	1	646
KJ942683.1	727	1162	0	1	1	1162
KJ942683.1	751	1656	1	0	1	751
KJ942683.1	757	1269	1	0	1	757
KJ942683.1	786	1102	0	1	1	1102
KJ942683.1	839	1064	0	1	1	1064
KJ942683.1	844	923	0	1	1	923
KJ942683.1	845	972	1	0	1	845
KJ942683.1	861	1527	0	1	1	1527
KJ942683.1	873	960	1	0	1	873
KJ942683.1	881	1059	1	0	1	881
KJ942683.1	887	993	1	0	1	887
KJ942683.1	905	1105	0	1	1	1105
KJ942683.1	911	1201	0	1	1	1201
KJ942683.1	970	1683	1	0	1	970
KJ942683.1	973	1196	0	1	1	1196
KJ942683.1	986	1057	0	1	1	1057
KJ942684.1	286	970	15	0	15	286
KJ942684.1	295	1033	2	2	4	295
KJ942684.1	312	880	1	1	2	312
KJ942684.1	357	591	0	2	2	591
KJ942684.1	364	858	0	1	1	858
KJ942684.1	371	839	0	1	1	839
KJ942684.1	399	880	8	28	36	399
KJ942684.1	400	827	3	14	17	400
KJ942684.1	405	854	3	0	3	405
KJ942684.1	414	859	32	58	90	414
KJ942684.1	416	873	0	1	1	873
KJ942684.1	427	1047	0	2	2	1047
KJ942684.1	450	574	0	3	3	574
KJ942684.1	476	578	0	2	2	578
KJ942684.1	514	744	2	0	2	514
KJ942684.1	526	755	40	75	115	526
KJ942684.1	534	761	3	7	10	534
KJ942684.1	634	693	0	1	1	693
KJ942684.1	797	866	1	0	1	797
KJ942684.1	802	860	1	1	2	802
KJ942684.1	937	960	1	0	1	937
KJ942685.1	1004	1180	1	1	2	1004
KJ942685.1	1013	2158	1	2	3	1013
KJ942685.1	1057	1990	1	2	3	1057
KJ942685.1	1066	1489	1	0	1	1066
KJ942685.1	1077	2048	0	1	1	2048
KJ942685.1	1090	1667	0	1	1	1667
KJ942685.1	1094	1671	0	1	1	1671
KJ942685.1	1099	1961	0	1	1	1961
KJ942685.1	1103	2305	1	0	1	1103
KJ942685.1	1106	2016	2	3	5	1106
KJ942685.1	1118	1299	1	0	1	1118
KJ942685.1	1133	1460	1	0	1	1133
KJ942685.1	1155	1327	0	1	1	1327
KJ942685.1	1269	1658	3	3	6	1269
KJ942685.1	1282	1842	0	1	1	1842
KJ942685.1	1395	1719	0	1	1	1719
KJ942685.1	1419	1466	0	1	1	1466
KJ942685.1	1473	1911	3	2	5	1473
KJ942685.1	1554	1801	1	0	1	1554
KJ942685.1	1555	2018	1	1	2	1555
KJ942685.1	1561	2307	0	1	1	2307
KJ942685.1	1572	1690	1	1	2	1572
KJ942685.1	1577	2006	1	0	1	1577
KJ942685.1	1584	1859	0	2	2	1859
KJ942685.1	1618	2286	0	1	1	2286
KJ942685.1	1670	2109	0	1	1	2109
KJ942685.1	1700	2250	1	0	1	1700
KJ942685.1	1756	1973	0	1	1	1973
KJ942685.1	1800	2017	0	1	1	2017
KJ942685.1	1836	1963	3	2	5	1836
KJ942685.1	1951	2174	1	1	2	1951
KJ942685.1	2017	2295	1	0	1	2017
KJ942685.1	2029	2313	0	1	1	2313
KJ942685.1	2041	2101	4	1	5	2041
KJ942685.1	2132	2156	7	0	7	2132
KJ942685.1	2140	2220	3	1	4	2140
KJ942685.1	2197	2234	5	2	7	2197
KJ942685.1	2281	2310	2	2	4	2281
KJ942685.1	282	2185	1	0	1	282
KJ942685.1	286	2356	1	0	1	286
KJ942685.1	293	323	4	0	4	293
KJ942685.1	294	2197	13	0	13	294
KJ942685.1	298	2138	1	0	1	298
KJ942685.1	318	358	1	17	18	318
KJ942685.1	322	2155	1	1	2	322
KJ942685.1	328	379	1	6	7	328
KJ942685.1	342	2209	0	3	3	2209
KJ942685.1	343	2159	2	8	10	343
KJ942685.1	344	2234	6	7	13	344
KJ942685.1	345	2159	8	41	49	345
KJ942685.1	345	2193	0	1	1	2193
KJ942685.1	345	2199	2	8	10	345
KJ942685.1	345	2256	1	3	4	345
KJ942685.1	347	2021	3	8	11	347
KJ942685.1	347	2117	1	3	4	347
KJ942685.1	349	1849	2	7	9	349
KJ942685.1	357	1772	0	1	1	1772
KJ942685.1	357	2183	3	7	10	357
KJ942685.1	358	2389	0	1	1	2389
KJ942685.1	364	2159	0	1	1	2159
KJ942685.1	376	2131	0	8	8	2131
KJ942685.1	379	2242	0	1	1	2242
KJ942685.1	381	2049	1	2	3	381
KJ942685.1	386	2004	0	2	2	2004
KJ942685.1	388	1503	1	0	1	388
KJ942685.1	396	447	0	1	1	447
KJ942685.1	397	2161	8	67	75	397
KJ942685.1	400	2178	5	59	64	400
KJ942685.1	403	2223	4	6	10	403
KJ942685.1	403	428	0	1	1	428
KJ942685.1	404	2146	0	16	16	2146
KJ942685.1	405	2225	0	1	1	2225
KJ942685.1	408	1721	0	1	1	1721
KJ942685.1	413	2133	0	6	6	2133
KJ942685.1	414	2171	4	4	8	414
KJ942685.1	415	2175	0	1	1	2175
KJ942685.1	416	2146	0	6	6	2146
KJ942685.1	420	2015	6	4	10	420
KJ942685.1	420	2193	1	4	5	420
KJ942685.1	422	2141	1	2	3	422
KJ942685.1	425	1506	2	1	3	425
KJ942685.1	429	2148	2	8	10	429
KJ942685.1	431	453	1	14	15	431
KJ942685.1	435	1161	0	1	1	1161
KJ942685.1	436	1923	2	9	11	436
KJ942685.1	447	1879	0	1	1	1879
KJ942685.1	450	2042	3	0	3	450
KJ942685.1	452	1799	2	0	2	452
KJ942685.1	456	1779	1	0	1	456
KJ942685.1	465	1851	5	3	8	465
KJ942685.1	466	2160	2	9	11	466
KJ942685.1	471	1817	2	3	5	471
KJ942685.1	471	2114	1	0	1	471
KJ942685.1	476	923	0	1	1	923
KJ942685.1	479	2045	1	7	8	479
KJ942685.1	481	1893	5	15	20	481
KJ942685.1	484	1429	0	1	1	1429
KJ942685.1	484	2073	1	0	1	484
KJ942685.1	484	2083	2	0	2	484
KJ942685.1	487	2076	1	2	3	487
KJ942685.1	489	2081	61	136	197	489
KJ942685.1	489	511	0	12	12	511
KJ942685.1	492	2091	0	1	1	2091
KJ942685.1	493	523	0	5	5	523
KJ942685.1	494	2179	0	1	1	2179
KJ942685.1	498	1274	1	0	1	498
KJ942685.1	501	1923	0	4	4	1923
KJ942685.1	501	2075	8	11	19	501
KJ942685.1	508	567	1	4	5	508
KJ942685.1	510	2068	1	1	2	510
KJ942685.1	511	1906	3	2	5	511
KJ942685.1	513	2119	1	0	1	513
KJ942685.1	514	2073	1	1	2	514
KJ942685.1	514	2120	234	321	555	514
KJ942685.1	515	2021	0	1	1	2021
KJ942685.1	515	2121	1	1	2	515
KJ942685.1	521	2189	0	3	3	2189
KJ942685.1	522	2020	0	3	3	2020
KJ942685.1	523	2039	3	5	8	523
KJ942685.1	523	2075	24	37	61	523
KJ942685.1	530	2085	0	1	1	2085
KJ942685.1	532	2053	0	2	2	2053
KJ942685.1	535	2200	0	1	1	2200
KJ942685.1	547	1998	1	0	1	547
KJ942685.1	558	2013	1	0	1	558
KJ942685.1	558	2088	0	1	1	2088
KJ942685.1	563	2022	0	2	2	2022
KJ942685.1	566	2058	2	4	6	566
KJ942685.1	567	1842	1	3	4	567
KJ942685.1	573	2020	2	2	4	573
KJ942685.1	579	2022	2	2	4	579
KJ942685.1	582	2066	3	2	5	582
KJ942685.1	583	669	2	0	2	583
KJ942685.1	588	1879	4	3	7	588
KJ942685.1	595	1520	0	1	1	1520
KJ942685.1	604	2181	0	1	1	2181
KJ942685.1	606	2040	1	2	3	606
KJ942685.1	607	1929	7	3	10	607
KJ942685.1	607	2013	1	1	2	607
KJ942685.1	611	1922	0	2	2	1922
KJ942685.1	611	1975	7	7	14	611
KJ942685.1	618	1928	3	4	7	618
KJ942685.1	619	1961	1	2	3	619
KJ942685.1	620	1952	4	6	10	620
KJ942685.1	621	1792	1	2	3	621
KJ942685.1	623	942	1	0	1	623
KJ942685.1	627	2040	1	1	2	627
KJ942685.1	628	1856	4	1	5	628
KJ942685.1	628	1915	0	1	1	1915
KJ942685.1	628	2096	5	2	7	628
KJ942685.1	629	1928	4	2	6	629
KJ942685.1	631	1960	1	0	1	631
KJ942685.1	637	1888	1	0	1	637
KJ942685.1	638	999	0	1	1	999
KJ942685.1	639	1764	1	1	2	639
KJ942685.1	645	1633	3	5	8	645
KJ942685.1	651	1900	3	2	5	651
KJ942685.1	658	1867	5	3	8	658
KJ942685.1	662	1777	0	1	1	1777
KJ942685.1	662	1906	4	0	4	662
KJ942685.1	668	1874	4	4	8	668
KJ942685.1	668	1882	2	0	2	668
KJ942685.1	676	1878	5	4	9	676
KJ942685.1	684	1719	5	5	10	684
KJ942685.1	684	1866	2	7	9	684
KJ942685.1	684	1912	5	2	7	684
KJ942685.1	687	1844	33	23	56	687
KJ942685.1	689	1966	7	2	9	689
KJ942685.1	690	1850	1	2	3	690
KJ942685.1	693	1923	1	2	3	693
KJ942685.1	695	1850	1	0	1	695
KJ942685.1	710	1702	1	0	1	710
KJ942685.1	710	2006	4	6	10	710
KJ942685.1	711	2007	1	1	2	711
KJ942685.1	728	1845	0	2	2	1845
KJ942685.1	744	2205	1	0	1	744
KJ942685.1	748	1900	6	4	10	748
KJ942685.1	755	1746	0	1	1	1746
KJ942685.1	771	1022	1	0	1	771
KJ942685.1	783	1832	1	0	1	783
KJ942685.1	785	1834	0	3	3	1834
KJ942685.1	788	1842	2	1	3	788
KJ942685.1	816	1867	6	3	9	816
KJ942685.1	835	1876	1	1	2	835
KJ942685.1	838	2024	2	0	2	838
KJ942685.1	846	1737	3	2	5	846
KJ942685.1	864	1736	6	3	9	864
KJ942685.1	889	1988	0	1	1	1988
KJ942685.1	895	1703	2	2	4	895
KJ942685.1	896	1816	2	0	2	896
KJ942685.1	984	1075	2	1	3	984
KJ942685.1	993	1705	2	3	5	993
KJ942686.1	1000	1717	0	4	4	1717
KJ942686.1	1013	1691	0	1	1	1691
KJ942686.1	1014	1698	0	2	2	1698
KJ942686.1	1030	1540	0	1	1	1540
KJ942686.1	1036	1717	0	2	2	1717
KJ942686.1	1077	2186	1	0	1	1077
KJ942686.1	1124	2276	1	0	1	1124
KJ942686.1	1155	1639	1	0	1	1155
KJ942686.1	1162	1393	1	0	1	1162
KJ942686.1	1222	2331	0	1	1	2331
KJ942686.1	1255	1941	0	1	1	1941
KJ942686.1	1275	2477	0	1	1	2477
KJ942686.1	1277	2257	2	0	2	1277
KJ942686.1	1314	1677	1	0	1	1314
KJ942686.1	1353	1435	1	0	1	1353
KJ942686.1	1748	2176	1	0	1	1748
KJ942686.1	1820	2200	1	0	1	1820
KJ942686.1	2160	2191	10	4	14	2160
KJ942686.1	2387	2460	0	11	11	2460
KJ942686.1	2429	2460	0	7	7	2460
KJ942686.1	249	280	2	0	2	249
KJ942686.1	256	300	1	0	1	256
KJ942686.1	256	373	4	0	4	256
KJ942686.1	258	282	4	0	4	258
KJ942686.1	258	290	5	0	5	258
KJ942686.1	275	1271	1	0	1	275
KJ942686.1	294	1785	1	0	1	294
KJ942686.1	296	2458	5	4	9	296
KJ942686.1	298	346	3	0	3	298
KJ942686.1	299	2388	13	1	14	299
KJ942686.1	344	2357	6	0	6	344
KJ942686.1	372	2343	1	0	1	372
KJ942686.1	382	1310	1	1	2	382
KJ942686.1	392	1155	1	0	1	392
KJ942686.1	394	1785	2	2	4	394
KJ942686.1	413	1140	2	5	7	413
KJ942686.1	444	2174	1	0	1	444
KJ942686.1	446	2215	3	0	3	446
KJ942686.1	457	635	1	0	1	457
KJ942686.1	470	1970	1	0	1	470
KJ942686.1	481	2130	1	1	2	481
KJ942686.1	482	2044	1	1	2	482
KJ942686.1	485	2098	1	0	1	485
KJ942686.1	488	1486	1	0	1	488
KJ942686.1	490	2123	2	2	4	490
KJ942686.1	493	2111	1	0	1	493
KJ942686.1	502	2121	7	17	24	502
KJ942686.1	502	2157	0	2	2	2157
KJ942686.1	515	1302	0	1	1	1302
KJ942686.1	517	2135	0	1	1	2135
KJ942686.1	531	2074	1	0	1	531
KJ942686.1	545	2044	1	0	1	545
KJ942686.1	559	1570	0	1	1	1570
KJ942686.1	572	2212	0	1	1	2212
KJ942686.1	581	1314	1	0	1	581
KJ942686.1	583	2079	1	0	1	583
KJ942686.1	608	2061	1	2	3	608
KJ942686.1	612	2252	3	0	3	612
KJ942686.1	621	2394	1	0	1	621
KJ942686.1	631	1690	1	0	1	631
KJ942686.1	634	1777	1	0	1	634
KJ942686.1	638	1655	0	1	1	1655
KJ942686.1	639	1216	0	1	1	1216
KJ942686.1	666	1730	3	2	5	666
KJ942686.1	666	1733	2	3	5	666
KJ942686.1	683	2068	3	3	6	683
KJ942686.1	688	1805	2	0	2	688
KJ942686.1	692	2104	3	1	4	692
KJ942686.1	695	1812	1	1	2	695
KJ942686.1	697	2071	1	0	1	697
KJ942686.1	706	2060	1	2	3	706
KJ942686.1	709	2080	8	10	18	709
KJ942686.1	718	2017	6	7	13	718
KJ942686.1	733	2076	0	1	1	2076
KJ942686.1	735	1954	0	1	1	1954
KJ942686.1	737	2080	0	1	1	2080
KJ942686.1	738	1920	1	0	1	738
KJ942686.1	739	1894	0	1	1	1894
KJ942686.1	746	1380	1	0	1	746
KJ942686.1	756	1959	0	1	1	1959
KJ942686.1	756	2023	1	1	2	756
KJ942686.1	756	2034	2	9	11	756
KJ942686.1	767	2025	0	1	1	2025
KJ942686.1	796	1940	0	1	1	1940
KJ942686.1	809	1856	1	0	1	809
KJ942686.1	838	1969	2	9	11	838
KJ942686.1	841	1233	0	1	1	1233
KJ942686.1	841	1884	2	0	2	841
KJ942686.1	846	1650	1	0	1	846
KJ942686.1	866	1899	6	4	10	866
KJ942686.1	870	1785	4	2	6	870
KJ942686.1	883	1677	1	0	1	883
KJ942686.1	883	1743	3	7	10	883
KJ942686.1	884	1779	3	1	4	884
KJ942686.1	914	1577	1	0	1	914
KJ942686.1	917	1580	2	0	2	917
KJ942686.1	920	1744	1	1	2	920
KJ942686.1	943	1434	0	1	1	1434
KJ942686.1	976	1118	1	0	1	976
KJ942686.1	977	2078	0	1	1	2078
KJ942686.1	984	1723	0	1	1	1723
KJ942687.1	1053	1727	2	0	2	1053
KJ942687.1	1078	1569	1	0	1	1078
KJ942687.1	1080	1691	2	0	2	1080
KJ942687.1	1183	1843	1	0	1	1183
KJ942687.1	1276	2135	0	1	1	2135
KJ942687.1	1282	2283	0	1	1	2283
KJ942687.1	1404	2347	0	1	1	2347
KJ942687.1	1420	2363	0	1	1	2363
KJ942687.1	1427	1707	1	0	1	1427
KJ942687.1	1669	1972	0	1	1	1972
KJ942687.1	1694	2394	1	0	1	1694
KJ942687.1	1859	2039	0	1	1	2039
KJ942687.1	1885	1915	5	1	6	1885
KJ942687.1	1917	2320	2	0	2	1917
KJ942687.1	2178	2213	0	1	1	2213
KJ942687.1	2326	2349	11	1	12	2326
KJ942687.1	2345	2504	0	1	1	2504
KJ942687.1	257	816	1	0	1	257
KJ942687.1	319	2179	1	3	4	319
KJ942687.1	331	2327	1	1	2	331
KJ942687.1	333	2364	1	6	7	333
KJ942687.1	338	2086	2	4	6	338
KJ942687.1	347	1243	1	0	1	347
KJ942687.1	359	1255	1	0	1	359
KJ942687.1	361	1345	1	0	1	361
KJ942687.1	379	2070	2	2	4	379
KJ942687.1	383	2352	1	4	5	383
KJ942687.1	393	2285	0	1	1	2285
KJ942687.1	423	2230	1	0	1	423
KJ942687.1	432	2264	1	2	3	432
KJ942687.1	432	2518	0	6	6	2518
KJ942687.1	446	1667	1	0	1	446
KJ942687.1	447	2250	3	27	30	447
KJ942687.1	449	2282	0	1	1	2282
KJ942687.1	450	1542	1	1	2	450
KJ942687.1	456	2087	0	3	3	2087
KJ942687.1	469	2036	0	2	2	2036
KJ942687.1	478	2282	3	1	4	478
KJ942687.1	484	1948	1	1	2	484
KJ942687.1	490	2152	1	5	6	490
KJ942687.1	503	2116	2	3	5	503
KJ942687.1	508	1587	1	0	1	508
KJ942687.1	510	2179	3	8	11	510
KJ942687.1	513	1156	1	0	1	513
KJ942687.1	525	2174	1	1	2	525
KJ942687.1	527	2214	4	7	11	527
KJ942687.1	533	2232	6	7	13	533
KJ942687.1	543	2210	0	2	2	2210
KJ942687.1	582	662	1	0	1	582
KJ942687.1	595	2019	1	2	3	595
KJ942687.1	604	2046	0	2	2	2046
KJ942687.1	613	1456	1	0	1	613
KJ942687.1	618	2086	1	0	1	618
KJ942687.1	650	2056	1	2	3	650
KJ942687.1	656	1881	0	1	1	1881
KJ942687.1	657	1917	7	0	7	657
KJ942687.1	657	2053	1	2	3	657
KJ942687.1	670	911	1	0	1	670
KJ942687.1	672	2072	2	2	4	672
KJ942687.1	685	913	0	1	1	913
KJ942687.1	686	1439	0	1	1	1439
KJ942687.1	688	1932	1	0	1	688
KJ942687.1	703	2334	0	1	1	2334
KJ942687.1	723	1953	1	2	3	723
KJ942687.1	730	1893	3	1	4	730
KJ942687.1	752	1952	1	0	1	752
KJ942687.1	771	2507	0	1	1	2507
KJ942687.1	775	1058	0	1	1	1058
KJ942687.1	785	1391	0	1	1	1391
KJ942687.1	788	2123	0	2	2	2123
KJ942687.1	791	1928	1	0	1	791
KJ942687.1	791	1929	10	3	13	791
KJ942687.1	802	1655	1	0	1	802
KJ942687.1	808	1909	0	1	1	1909
KJ942687.1	813	1264	0	1	1	1264
KJ942687.1	861	1435	1	0	1	861
KJ942687.1	871	1876	3	2	5	871
KJ942687.1	897	1999	0	1	1	1999
KJ942687.1	911	1116	0	2	2	1116
KJ942687.1	917	1847	5	4	9	917
KJ942687.1	920	1987	1	2	3	920
KJ942687.1	967	1835	1	1	2	967
KJ942687.1	975	1758	1	1	2	975
KJ942687.1	990	1313	1	0	1	990
KJ942687.1	997	1743	5	0	5	997
KJ942687.1	998	1410	0	1	1	1410
