Segment	Start	Stop	Forward_support	Reverse_support	Total_support	Fuzz_factor
KJ942680.1	1008	1293	1	0	1	1008
KJ942680.1	1009	1712	0	1	1	1712
KJ942680.1	1019	1101	0	1	1	1101
KJ942680.1	1020	1487	0	1	1	1487
KJ942680.1	1037	1829	0	1	1	1829
KJ942680.1	1043	1398	1	0	1	1043
KJ942680.1	1046	1673	1	0	1	1046
KJ942680.1	1047	1166	1	0	1	1047
KJ942680.1	1058	1236	0	1	1	1236
KJ942680.1	1072	1312	1	0	1	1072
KJ942680.1	1084	1371	0	1	1	1371
KJ942680.1	1108	1131	0	1	1	1131
KJ942680.1	1111	1312	1	1	2	1111
KJ942680.1	1121	1247	1	0	1	1121
KJ942680.1	1150	1537	0	1	1	1537
KJ942680.1	1178	1534	1	0	1	1178
KJ942680.1	1180	1498	0	1	1	1498
KJ942680.1	1207	1737	0	1	1	1737
KJ942680.1	1260	1898	0	1	1	1898
KJ942680.1	1276	1800	1	1	2	1276
KJ942680.1	1302	1348	10	4	14	1302
KJ942680.1	1303	1366	0	1	1	1366
KJ942680.1	1315	1685	8	5	13	1315
KJ942680.1	1317	1889	0	1	1	1889
KJ942680.1	1323	1811	0	1	1	1811
KJ942680.1	1333	1512	1	0	1	1333
KJ942680.1	1378	1602	1	0	1	1378
KJ942680.1	1388	1548	1	1	2	1388
KJ942680.1	1401	1557	1	0	1	1401
KJ942680.1	1413	1603	0	1	1	1603
KJ942680.1	1423	1557	0	1	1	1557
KJ942680.1	1517	1562	1	0	1	1517
KJ942680.1	1570	1755	1	0	1	1570
KJ942680.1	1575	1619	1	0	1	1575
KJ942680.1	1614	1643	0	1	1	1643
KJ942680.1	1645	1760	0	1	1	1760
KJ942680.1	1656	1749	1	0	1	1656
KJ942680.1	260	1871	1	0	1	260
KJ942680.1	282	1346	1	0	1	282
KJ942680.1	298	876	1	0	1	298
KJ942680.1	333	1904	0	1	1	1904
KJ942680.1	339	752	1	0	1	339
KJ942680.1	382	1453	14	19	33	382
KJ942680.1	389	1785	1	0	1	389
KJ942680.1	397	1647	1	0	1	397
KJ942680.1	397	672	1	0	1	397
KJ942680.1	400	1590	2	4	6	400
KJ942680.1	402	1747	1	0	1	402
KJ942680.1	407	1695	1	0	1	407
KJ942680.1	413	1413	0	1	1	1413
KJ942680.1	418	1761	3	1	4	418
KJ942680.1	422	1069	0	1	1	1069
KJ942680.1	424	1361	0	1	1	1361
KJ942680.1	428	667	1	0	1	428
KJ942680.1	471	1365	0	1	1	1365
KJ942680.1	488	1594	6	4	10	488
KJ942680.1	490	1654	0	1	1	1654
KJ942680.1	504	1110	0	1	1	1110
KJ942680.1	508	1566	1	0	1	508
KJ942680.1	514	1440	0	1	1	1440
KJ942680.1	526	704	1	0	1	526
KJ942680.1	531	914	0	1	1	914
KJ942680.1	539	1467	1	0	1	539
KJ942680.1	539	1627	0	1	1	1627
KJ942680.1	549	1020	1	0	1	549
KJ942680.1	554	1220	0	1	1	1220
KJ942680.1	559	899	1	0	1	559
KJ942680.1	565	1224	9	13	22	565
KJ942680.1	573	1030	2	2	4	573
KJ942680.1	575	1369	0	1	1	1369
KJ942680.1	581	1059	5	3	8	581
KJ942680.1	593	668	1	0	1	593
KJ942680.1	612	1417	0	1	1	1417
KJ942680.1	618	1269	1	0	1	618
KJ942680.1	700	1832	1	0	1	700
KJ942680.1	710	1248	0	1	1	1248
KJ942680.1	720	927	1	0	1	720
KJ942680.1	748	1265	1	0	1	748
KJ942680.1	752	1414	1	0	1	752
KJ942680.1	771	1845	1	0	1	771
KJ942680.1	774	1274	1	0	1	774
KJ942680.1	791	1648	1	0	1	791
KJ942680.1	808	1771	0	1	1	1771
KJ942680.1	817	1832	1	0	1	817
KJ942680.1	827	1413	0	1	1	1413
KJ942680.1	830	1122	0	1	1	1122
KJ942680.1	903	1481	0	1	1	1481
KJ942680.1	906	1737	0	1	1	1737
KJ942680.1	924	1920	0	1	1	1920
KJ942680.1	937	1121	0	1	1	1121
KJ942680.1	940	1798	1	0	1	940
KJ942680.1	950	983	0	1	1	983
KJ942680.1	959	1462	0	1	1	1462
KJ942680.1	988	1761	0	1	1	1761
KJ942681.1	1005	1131	0	1	1	1131
KJ942681.1	1026	1083	0	1	1	1083
KJ942681.1	241	878	1	0	1	241
KJ942681.1	242	890	1	0	1	242
KJ942681.1	247	1117	2	0	2	247
KJ942681.1	247	525	1	0	1	247
KJ942681.1	271	841	1	0	1	271
KJ942681.1	273	362	1	0	1	273
KJ942681.1	277	753	1	0	1	277
KJ942681.1	278	967	1	0	1	278
KJ942681.1	286	1154	11	4	15	286
KJ942681.1	295	487	1	0	1	295
KJ942681.1	299	926	1	0	1	299
KJ942681.1	316	417	0	1	1	417
KJ942681.1	330	706	0	1	1	706
KJ942681.1	333	708	0	1	1	708
KJ942681.1	334	799	0	1	1	799
KJ942681.1	350	433	1	0	1	350
KJ942681.1	355	438	0	1	1	438
KJ942681.1	356	513	0	1	1	513
KJ942681.1	356	805	1	0	1	356
KJ942681.1	361	670	1	0	1	361
KJ942681.1	367	1105	0	3	3	1105
KJ942681.1	367	983	0	1	1	983
KJ942681.1	370	765	0	1	1	765
KJ942681.1	370	895	4	10	14	370
KJ942681.1	370	969	4	9	13	370
KJ942681.1	373	522	0	1	1	522
KJ942681.1	384	493	1	0	1	384
KJ942681.1	394	1011	0	1	1	1011
KJ942681.1	407	548	0	1	1	548
KJ942681.1	408	1014	0	1	1	1014
KJ942681.1	409	892	0	1	1	892
KJ942681.1	417	692	1	0	1	417
KJ942681.1	417	875	1	0	1	417
KJ942681.1	418	548	0	1	1	548
KJ942681.1	419	746	0	1	1	746
KJ942681.1	432	593	0	1	1	593
KJ942681.1	434	811	0	1	1	811
KJ942681.1	465	918	1	0	1	465
KJ942681.1	477	721	1	0	1	477
KJ942681.1	484	572	1	0	1	484
KJ942681.1	498	733	1	0	1	498
KJ942681.1	500	1131	1	0	1	500
KJ942681.1	514	1054	1	0	1	514
KJ942681.1	514	925	1	0	1	514
KJ942681.1	519	951	1	0	1	519
KJ942681.1	521	1008	0	1	1	1008
KJ942681.1	538	725	3	2	5	538
KJ942681.1	538	883	0	1	1	883
KJ942681.1	549	646	1	0	1	549
KJ942681.1	550	866	1	0	1	550
KJ942681.1	550	974	0	1	1	974
KJ942681.1	550	992	1	0	1	550
KJ942681.1	552	1145	1	0	1	552
KJ942681.1	555	850	1	3	4	555
KJ942681.1	561	1078	0	1	1	1078
KJ942681.1	570	655	1	0	1	570
KJ942681.1	574	997	0	1	1	997
KJ942681.1	582	970	1	0	1	582
KJ942681.1	584	1097	0	1	1	1097
KJ942681.1	597	790	0	1	1	790
KJ942681.1	604	976	6	4	10	604
KJ942681.1	608	1038	4	8	12	608
KJ942681.1	616	1097	0	1	1	1097
KJ942681.1	621	648	1	0	1	621
KJ942681.1	621	895	1	0	1	621
KJ942681.1	628	1056	1	0	1	628
KJ942681.1	638	758	0	1	1	758
KJ942681.1	643	1014	1	0	1	643
KJ942681.1	653	906	0	1	1	906
KJ942681.1	664	796	1	0	1	664
KJ942681.1	670	853	0	1	1	853
KJ942681.1	676	830	0	1	1	830
KJ942681.1	678	802	0	1	1	802
KJ942681.1	694	830	0	1	1	830
KJ942681.1	695	831	3	0	3	695
KJ942681.1	696	871	0	1	1	871
KJ942681.1	705	1051	1	1	2	705
KJ942681.1	717	1034	1	0	1	717
KJ942681.1	724	867	1	0	1	724
KJ942681.1	733	875	2	5	7	733
KJ942681.1	766	1073	1	0	1	766
KJ942681.1	779	839	0	1	1	839
KJ942681.1	792	835	1	0	1	792
KJ942681.1	805	848	1	0	1	805
KJ942681.1	807	926	0	1	1	926
KJ942681.1	824	912	0	1	1	912
KJ942681.1	827	915	0	1	1	915
KJ942681.1	832	881	2	3	5	832
KJ942681.1	833	882	1	1	2	833
KJ942681.1	839	1023	1	0	1	839
KJ942681.1	856	908	3	2	5	856
KJ942681.1	860	946	1	0	1	860
KJ942681.1	878	919	1	0	1	878
KJ942681.1	886	1097	1	0	1	886
KJ942681.1	896	1027	4	1	5	896
KJ942681.1	929	1064	0	1	1	1064
KJ942681.1	929	1072	0	1	1	1072
KJ942681.1	939	1074	1	0	1	939
KJ942681.1	952	1167	0	1	1	1167
KJ942681.1	959	1016	0	1	1	1016
KJ942681.1	969	1026	5	1	6	969
KJ942681.1	971	1144	1	0	1	971
KJ942682.1	1025	1639	0	11	11	1639
KJ942682.1	1039	1190	1	3	4	1039
KJ942682.1	1052	1336	0	1	1	1336
KJ942682.1	1101	1395	0	1	1	1395
KJ942682.1	1141	1448	0	1	1	1448
KJ942682.1	1272	1310	1	0	1	1272
KJ942682.1	1289	1410	1	0	1	1289
KJ942682.1	1327	1433	1	0	1	1327
KJ942682.1	1432	1561	4	2	6	1432
KJ942682.1	1489	1516	0	1	1	1516
KJ942682.1	1557	1589	0	1	1	1589
KJ942682.1	258	932	1	0	1	258
KJ942682.1	259	757	17	0	17	259
KJ942682.1	262	760	1	0	1	262
KJ942682.1	284	1455	7	1	8	284
KJ942682.1	291	351	2	0	2	291
KJ942682.1	297	1152	1	0	1	297
KJ942682.1	303	963	1	0	1	303
KJ942682.1	328	1635	0	4	4	1635
KJ942682.1	365	1025	1	0	1	365
KJ942682.1	366	985	1	0	1	366
KJ942682.1	399	1501	0	1	1	1501
KJ942682.1	401	720	0	1	1	720
KJ942682.1	417	1343	0	1	1	1343
KJ942682.1	476	1231	1	0	1	476
KJ942682.1	479	1320	0	1	1	1320
KJ942682.1	480	1410	5	3	8	480
KJ942682.1	486	1306	3	5	8	486
KJ942682.1	499	707	0	1	1	707
KJ942682.1	508	647	1	1	2	508
KJ942682.1	512	1008	1	0	1	512
KJ942682.1	512	637	0	1	1	637
KJ942682.1	516	1326	0	1	1	1326
KJ942682.1	517	1373	0	1	1	1373
KJ942682.1	532	1085	1	0	1	532
KJ942682.1	533	657	0	1	1	657
KJ942682.1	536	818	0	1	1	818
KJ942682.1	564	1604	0	1	1	1604
KJ942682.1	598	1092	1	0	1	598
KJ942682.1	610	1620	0	1	1	1620
KJ942682.1	626	721	1	0	1	626
KJ942682.1	633	1271	1	0	1	633
KJ942682.1	652	853	0	1	1	853
KJ942682.1	681	1503	1	0	1	681
KJ942682.1	740	1419	1	0	1	740
KJ942682.1	759	800	0	1	1	800
KJ942682.1	761	1462	0	1	1	1462
KJ942682.1	797	1442	0	1	1	1442
KJ942682.1	802	1089	0	1	1	1089
KJ942682.1	811	995	1	13	14	811
KJ942682.1	817	989	1	0	1	817
KJ942682.1	839	885	0	1	1	885
KJ942682.1	864	1386	0	1	1	1386
KJ942682.1	883	1039	1	0	1	883
KJ942682.1	933	1052	0	1	1	1052
KJ942682.1	992	1392	0	1	1	1392
KJ942682.1	995	1483	1	0	1	995
KJ942683.1	1001	1502	1	0	1	1001
KJ942683.1	1012	1057	1	0	1	1012
KJ942683.1	1021	1099	1	0	1	1021
KJ942683.1	1022	1500	1	0	1	1022
KJ942683.1	1043	1089	3	3	6	1043
KJ942683.1	1043	1535	1	0	1	1043
KJ942683.1	1106	1185	1	0	1	1106
KJ942683.1	1252	1363	1	0	1	1252
KJ942683.1	1314	1469	1	0	1	1314
KJ942683.1	1378	1535	2	1	3	1378
KJ942683.1	1411	1463	0	1	1	1463
KJ942683.1	1494	1543	1	0	1	1494
KJ942683.1	1581	1694	1	1	2	1581
KJ942683.1	1584	1738	0	4	4	1738
KJ942683.1	1595	1712	0	2	2	1712
KJ942683.1	1607	1667	1	0	1	1607
KJ942683.1	239	1702	2	0	2	239
KJ942683.1	250	808	1	0	1	250
KJ942683.1	254	565	1	0	1	254
KJ942683.1	260	336	1	0	1	260
KJ942683.1	264	340	8	0	8	264
KJ942683.1	274	1330	1	0	1	274
KJ942683.1	281	1189	1	0	1	281
KJ942683.1	284	1633	4	0	4	284
KJ942683.1	285	1717	2	1	3	285
KJ942683.1	296	1665	1	0	1	296
KJ942683.1	297	558	1	0	1	297
KJ942683.1	317	1668	1	1	2	317
KJ942683.1	334	1406	1	0	1	334
KJ942683.1	348	1700	0	1	1	1700
KJ942683.1	354	1308	0	1	1	1308
KJ942683.1	366	892	0	1	1	892
KJ942683.1	375	1554	0	1	1	1554
KJ942683.1	389	1163	1	0	1	389
KJ942683.1	410	524	0	1	1	524
KJ942683.1	411	1556	9	2	11	411
KJ942683.1	413	1582	0	1	1	1582
KJ942683.1	416	1467	1	0	1	416
KJ942683.1	417	972	0	1	1	972
KJ942683.1	420	1612	1	0	1	420
KJ942683.1	423	580	1	0	1	423
KJ942683.1	441	1574	0	1	1	1574
KJ942683.1	445	732	1	0	1	445
KJ942683.1	454	843	1	0	1	454
KJ942683.1	455	1510	0	1	1	1510
KJ942683.1	459	1208	0	1	1	1208
KJ942683.1	462	1189	0	1	1	1189
KJ942683.1	469	1184	1	0	1	469
KJ942683.1	469	1476	1	0	1	469
KJ942683.1	480	1639	0	1	1	1639
KJ942683.1	480	972	0	1	1	972
KJ942683.1	487	902	1	0	1	487
KJ942683.1	489	1138	0	1	1	1138
KJ942683.1	496	1604	7	4	11	496
KJ942683.1	499	1566	0	1	1	1566
KJ942683.1	506	1328	1	0	1	506
KJ942683.1	506	1495	0	1	1	1495
KJ942683.1	513	855	5	3	8	513
KJ942683.1	514	737	1	0	1	514
KJ942683.1	514	857	6	4	10	514
KJ942683.1	515	1562	5	4	9	515
KJ942683.1	521	1574	1	0	1	521
KJ942683.1	533	967	1	0	1	533
KJ942683.1	536	856	2	0	2	536
KJ942683.1	549	1456	1	0	1	549
KJ942683.1	549	956	0	1	1	956
KJ942683.1	555	739	1	0	1	555
KJ942683.1	561	753	0	1	1	753
KJ942683.1	563	1506	1	0	1	563
KJ942683.1	603	1319	0	1	1	1319
KJ942683.1	635	888	0	1	1	888
KJ942683.1	647	984	1	0	1	647
KJ942683.1	662	790	1	0	1	662
KJ942683.1	678	1631	1	0	1	678
KJ942683.1	693	899	1	0	1	693
KJ942683.1	714	1035	1	0	1	714
KJ942683.1	716	751	0	1	1	751
KJ942683.1	727	804	0	1	1	804
KJ942683.1	751	1057	1	0	1	751
KJ942683.1	755	1026	1	0	1	755
KJ942683.1	758	1061	0	1	1	1061
KJ942683.1	762	1227	0	1	1	1227
KJ942683.1	770	1392	1	0	1	770
KJ942683.1	774	1483	1	0	1	774
KJ942683.1	774	1637	1	0	1	774
KJ942683.1	813	945	0	1	1	945
KJ942683.1	834	1454	1	0	1	834
KJ942683.1	834	1467	0	1	1	1467
KJ942683.1	848	1526	1	0	1	848
KJ942683.1	854	1450	0	1	1	1450
KJ942683.1	862	1318	0	1	1	1318
KJ942683.1	865	1041	1	0	1	865
KJ942683.1	881	1059	2	1	3	881
KJ942683.1	891	960	0	1	1	960
KJ942683.1	900	1506	1	0	1	900
KJ942683.1	917	1058	1	0	1	917
KJ942683.1	935	1286	0	1	1	1286
KJ942683.1	938	1270	1	0	1	938
KJ942683.1	972	1243	2	2	4	972
KJ942683.1	985	1058	0	1	1	1058
KJ942683.1	989	1538	1	0	1	989
KJ942684.1	249	912	1	0	1	249
KJ942684.1	249	937	92	0	92	249
KJ942684.1	250	964	2	0	2	250
KJ942684.1	262	928	1	0	1	262
KJ942684.1	295	974	8	1	9	295
KJ942684.1	298	965	3	0	3	298
KJ942684.1	299	966	1	0	1	299
KJ942684.1	302	969	417	72	489	302
KJ942684.1	303	970	4	0	4	303
KJ942684.1	311	977	0	1	1	977
KJ942684.1	357	591	5	17	22	357
KJ942684.1	365	890	11	20	31	365
KJ942684.1	374	849	2	0	2	374
KJ942684.1	378	853	1	0	1	378
KJ942684.1	380	605	0	2	2	605
KJ942684.1	381	856	20	3	23	381
KJ942684.1	384	721	0	1	1	721
KJ942684.1	469	508	1	8	9	469
KJ942684.1	473	569	0	1	1	569
KJ942684.1	481	671	2	4	6	481
KJ942684.1	485	720	2	0	2	485
KJ942684.1	514	744	5	0	5	514
KJ942684.1	526	755	68	94	162	526
KJ942684.1	534	761	3	9	12	534
KJ942684.1	538	764	0	1	1	764
KJ942684.1	594	631	0	1	1	631
KJ942684.1	618	660	2	2	4	618
KJ942684.1	754	923	0	1	1	923
KJ942684.1	878	941	3	0	3	878
KJ942684.1	936	986	32	4	36	936
KJ942684.1	939	973	16	7	23	939
KJ942685.1	1010	2275	1	3	4	1010
KJ942685.1	1028	1434	2	0	2	1028
KJ942685.1	1057	1990	3	6	9	1057
KJ942685.1	1057	2277	11	6	17	1057
KJ942685.1	1058	1780	0	1	1	1780
KJ942685.1	1068	2213	10	7	17	1068
KJ942685.1	1069	2173	1	0	1	1069
KJ942685.1	1072	2001	0	1	1	2001
KJ942685.1	1082	2232	0	1	1	2232
KJ942685.1	1083	1434	0	1	1	1434
KJ942685.1	1085	2316	8	3	11	1085
KJ942685.1	1117	1535	1	0	1	1117
KJ942685.1	1158	1749	0	1	1	1749
KJ942685.1	1178	2175	0	1	1	2175
KJ942685.1	1186	1845	0	1	1	1845
KJ942685.1	1271	1457	0	1	1	1457
KJ942685.1	1281	2325	0	1	1	2325
KJ942685.1	1285	2235	0	1	1	2235
KJ942685.1	1389	1928	0	1	1	1928
KJ942685.1	1425	2078	0	1	1	2078
KJ942685.1	1434	1660	1	0	1	1434
KJ942685.1	1521	2013	1	2	3	1521
KJ942685.1	1525	1667	4	1	5	1525
KJ942685.1	1527	2234	1	0	1	1527
KJ942685.1	1561	2203	2	2	4	1561
KJ942685.1	1577	2006	0	2	2	2006
KJ942685.1	1605	2010	1	0	1	1605
KJ942685.1	1618	1710	0	1	1	1710
KJ942685.1	1676	1961	21	11	32	1676
KJ942685.1	1733	1996	10	1	11	1733
KJ942685.1	1766	1923	1	0	1	1766
KJ942685.1	1768	1870	1	2	3	1768
KJ942685.1	1771	1868	0	1	1	1868
KJ942685.1	1771	1969	1	1	2	1771
KJ942685.1	1781	1981	0	1	1	1981
KJ942685.1	1785	2209	7	2	9	1785
KJ942685.1	1796	1929	3	2	5	1796
KJ942685.1	1800	2017	2	0	2	1800
KJ942685.1	1803	1871	0	1	1	1871
KJ942685.1	1807	2067	2	2	4	1807
KJ942685.1	1817	1839	1	0	1	1817
KJ942685.1	1824	2012	0	1	1	2012
KJ942685.1	1833	1945	2	0	2	1833
KJ942685.1	1879	2164	0	1	1	2164
KJ942685.1	1897	1926	5	8	13	1897
KJ942685.1	1904	1926	6	6	12	1904
KJ942685.1	1930	1952	1	1	2	1930
KJ942685.1	1945	1969	1	0	1	1945
KJ942685.1	1981	2163	9	77	86	1981
KJ942685.1	2011	2075	7	3	10	2011
KJ942685.1	2016	2088	3	3	6	2016
KJ942685.1	2024	2085	0	1	1	2085
KJ942685.1	2040	2077	2	1	3	2040
KJ942685.1	2051	2074	18	11	29	2051
KJ942685.1	2092	2393	0	1	1	2393
KJ942685.1	2132	2156	2	0	2	2132
KJ942685.1	2133	2183	3	3	6	2133
KJ942685.1	2143	2167	4	1	5	2143
KJ942685.1	2143	2181	2	0	2	2143
KJ942685.1	2151	2241	3	1	4	2151
KJ942685.1	2152	2182	1	0	1	2152
KJ942685.1	2153	2208	7	2	9	2153
KJ942685.1	2157	2182	102	164	266	2157
KJ942685.1	2159	2194	3	5	8	2159
KJ942685.1	2178	2314	1	1	2	2178
KJ942685.1	2212	2320	0	2	2	2320
KJ942685.1	2292	2323	0	1	1	2323
KJ942685.1	243	2354	4	2	6	243
KJ942685.1	262	314	1	0	1	262
KJ942685.1	270	308	6	0	6	270
KJ942685.1	277	2264	3	0	3	277
KJ942685.1	277	313	3	0	3	277
KJ942685.1	279	345	5	0	5	279
KJ942685.1	280	1376	1	0	1	280
KJ942685.1	280	316	171	74	245	280
KJ942685.1	280	527	11	3	14	280
KJ942685.1	281	320	16	3	19	281
KJ942685.1	282	318	1	0	1	282
KJ942685.1	286	980	1	0	1	286
KJ942685.1	291	340	2	0	2	291
KJ942685.1	291	346	1	0	1	291
KJ942685.1	292	2219	3	1	4	292
KJ942685.1	296	2296	3	2	5	296
KJ942685.1	298	2138	1	0	1	298
KJ942685.1	302	324	2	1	3	302
KJ942685.1	307	2281	0	1	1	2281
KJ942685.1	307	2282	3	62	65	307
KJ942685.1	307	2283	0	6	6	2283
KJ942685.1	310	2284	0	1	1	2284
KJ942685.1	310	2285	0	1	1	2285
KJ942685.1	314	345	1	3	4	314
KJ942685.1	314	370	0	1	1	370
KJ942685.1	315	2155	0	2	2	2155
KJ942685.1	315	348	6	1	7	315
KJ942685.1	315	358	3	6	9	315
KJ942685.1	316	2277	0	3	3	2277
KJ942685.1	317	2296	0	1	1	2296
KJ942685.1	322	348	0	1	1	348
KJ942685.1	323	2304	0	1	1	2304
KJ942685.1	323	360	1	1	2	323
KJ942685.1	328	372	1	0	1	328
KJ942685.1	330	427	0	1	1	427
KJ942685.1	336	2158	0	10	10	2158
KJ942685.1	338	2226	2	0	2	338
KJ942685.1	339	2185	1	0	1	339
KJ942685.1	342	2226	5	5	10	342
KJ942685.1	342	379	2	0	2	342
KJ942685.1	343	2076	1	5	6	343
KJ942685.1	343	2255	1	0	1	343
KJ942685.1	344	2226	1	3	4	344
KJ942685.1	344	2256	97	135	232	344
KJ942685.1	345	2174	0	16	16	2174
KJ942685.1	345	2191	0	1	1	2191
KJ942685.1	345	2255	4	1	5	345
KJ942685.1	346	2195	1	0	1	346
KJ942685.1	346	376	2	0	2	346
KJ942685.1	347	1412	1	0	1	347
KJ942685.1	347	2294	0	1	1	2294
KJ942685.1	352	2182	1	1	2	352
KJ942685.1	356	1431	2	0	2	356
KJ942685.1	356	2158	1	2	3	356
KJ942685.1	358	2182	2	0	2	358
KJ942685.1	358	2268	0	4	4	2268
KJ942685.1	361	2286	0	1	1	2286
KJ942685.1	369	2230	1	0	1	369
KJ942685.1	371	2151	52	206	258	371
KJ942685.1	371	2153	0	1	1	2153
KJ942685.1	371	2232	5	19	24	371
KJ942685.1	371	465	0	7	7	465
KJ942685.1	372	2183	4	40	44	372
KJ942685.1	373	2153	0	2	2	2153
KJ942685.1	374	2039	0	2	2	2039
KJ942685.1	374	2193	0	3	3	2193
KJ942685.1	374	2249	12	2	14	374
KJ942685.1	375	2186	0	1	1	2186
KJ942685.1	377	2144	0	1	1	2144
KJ942685.1	378	2171	0	7	7	2171
KJ942685.1	379	2242	0	1	1	2242
KJ942685.1	380	2147	34	148	182	380
KJ942685.1	381	2182	1	21	22	381
KJ942685.1	383	2206	1	0	1	383
KJ942685.1	388	2154	0	1	1	2154
KJ942685.1	389	2206	1	0	1	389
KJ942685.1	391	2209	1	0	1	391
KJ942685.1	394	2188	0	5	5	2188
KJ942685.1	394	2194	0	1	1	2194
KJ942685.1	395	2160	0	11	11	2160
KJ942685.1	395	2183	0	1	1	2183
KJ942685.1	395	2219	1	0	1	395
KJ942685.1	396	2163	3	20	23	396
KJ942685.1	396	2173	0	1	1	2173
KJ942685.1	396	2180	3	20	23	396
KJ942685.1	396	2184	25	69	94	396
KJ942685.1	396	2218	108	166	274	396
KJ942685.1	397	2179	4	27	31	397
KJ942685.1	397	2219	0	1	1	2219
KJ942685.1	397	2282	3	10	13	397
KJ942685.1	397	495	8	29	37	397
KJ942685.1	398	2070	0	5	5	2070
KJ942685.1	401	499	0	1	1	499
KJ942685.1	402	2194	0	1	1	2194
KJ942685.1	403	2233	31	37	68	403
KJ942685.1	404	2098	0	1	1	2098
KJ942685.1	406	2154	6	12	18	406
KJ942685.1	406	2236	60	50	110	406
KJ942685.1	407	2237	1	0	1	407
KJ942685.1	410	2179	0	1	1	2179
KJ942685.1	411	2152	1	21	22	411
KJ942685.1	411	2164	0	1	1	2164
KJ942685.1	411	2182	0	2	2	2182
KJ942685.1	411	2241	0	1	1	2241
KJ942685.1	413	2182	16	45	61	413
KJ942685.1	413	474	93	164	257	413
KJ942685.1	414	2152	2	7	9	414
KJ942685.1	414	2194	3	0	3	414
KJ942685.1	414	521	1	0	1	414
KJ942685.1	415	2175	0	2	2	2175
KJ942685.1	418	480	0	1	1	480
KJ942685.1	420	505	0	1	1	505
KJ942685.1	421	1800	0	1	1	1800
KJ942685.1	421	2145	12	26	38	421
KJ942685.1	424	486	2	2	4	424
KJ942685.1	426	2233	6	2	8	426
KJ942685.1	432	2168	0	5	5	2168
KJ942685.1	433	2279	0	1	1	2279
KJ942685.1	435	2144	3	8	11	435
KJ942685.1	439	2142	1	1	2	439
KJ942685.1	443	2128	5	3	8	443
KJ942685.1	443	2217	3	0	3	443
KJ942685.1	445	2180	1	0	1	445
KJ942685.1	446	2201	4	2	6	446
KJ942685.1	447	2004	10	1	11	447
KJ942685.1	447	2300	0	5	5	2300
KJ942685.1	447	524	2	0	2	447
KJ942685.1	448	2160	2	9	11	448
KJ942685.1	450	2042	1	0	1	450
KJ942685.1	452	2152	3	12	15	452
KJ942685.1	455	1948	5	2	7	455
KJ942685.1	455	2145	0	1	1	2145
KJ942685.1	459	2005	13	10	23	459
KJ942685.1	459	2011	3	3	6	459
KJ942685.1	459	2173	4	8	12	459
KJ942685.1	459	2220	8	2	10	459
KJ942685.1	461	2054	1	0	1	461
KJ942685.1	463	2137	3	2	5	463
KJ942685.1	465	2234	5	0	5	465
KJ942685.1	465	580	4	0	4	465
KJ942685.1	466	2160	16	60	76	466
KJ942685.1	467	2079	1	0	1	467
KJ942685.1	468	2079	1	0	1	468
KJ942685.1	470	2082	24	17	41	470
KJ942685.1	471	2011	1	0	1	471
KJ942685.1	477	2072	5	0	5	477
KJ942685.1	479	2072	13	17	30	479
KJ942685.1	479	2075	76	60	136	479
KJ942685.1	484	2040	1	1	2	484
KJ942685.1	487	1691	2	0	2	487
KJ942685.1	487	2075	11	6	17	487
KJ942685.1	488	2038	10	16	26	488
KJ942685.1	488	2173	1	13	14	488
KJ942685.1	490	1953	6	1	7	490
KJ942685.1	490	528	1	0	1	490
KJ942685.1	490	534	8	0	8	490
KJ942685.1	492	2091	1	10	11	492
KJ942685.1	493	1986	1	0	1	493
KJ942685.1	494	2179	6	44	50	494
KJ942685.1	496	529	6	0	6	496
KJ942685.1	497	1144	1	0	1	497
KJ942685.1	497	525	5	1	6	497
KJ942685.1	498	2039	1	0	1	498
KJ942685.1	500	2131	3	0	3	500
KJ942685.1	510	1994	2	0	2	510
KJ942685.1	511	2054	4	3	7	511
KJ942685.1	511	2057	11	3	14	511
KJ942685.1	515	2053	9	12	21	515
KJ942685.1	517	1415	1	0	1	517
KJ942685.1	517	2004	2	0	2	517
KJ942685.1	521	2008	1	0	1	521
KJ942685.1	521	2189	1	0	1	521
KJ942685.1	523	2010	189	88	277	523
KJ942685.1	523	2159	0	2	2	2159
KJ942685.1	523	2295	13	38	51	523
KJ942685.1	524	2192	0	1	1	2192
KJ942685.1	525	2042	0	1	1	2042
KJ942685.1	526	2021	1	0	1	526
KJ942685.1	530	2014	6	5	11	530
KJ942685.1	535	2119	0	1	1	2119
KJ942685.1	541	2028	4	0	4	541
KJ942685.1	543	2013	11	6	17	543
KJ942685.1	543	2060	1	1	2	543
KJ942685.1	545	2038	1	0	1	545
KJ942685.1	549	2086	17	10	27	549
KJ942685.1	552	1837	6	5	11	552
KJ942685.1	552	1876	4	3	7	552
KJ942685.1	557	2017	3	1	4	557
KJ942685.1	558	2053	175	202	377	558
KJ942685.1	560	2039	3	1	4	560
KJ942685.1	562	2183	1	3	4	562
KJ942685.1	565	1843	54	29	83	565
KJ942685.1	565	2020	1	1	2	565
KJ942685.1	566	1945	6	2	8	566
KJ942685.1	566	2035	3	0	3	566
KJ942685.1	568	663	5	5	10	568
KJ942685.1	570	1935	1	0	1	570
KJ942685.1	573	2029	7	7	14	573
KJ942685.1	573	2062	0	10	10	2062
KJ942685.1	575	1848	0	1	1	1848
KJ942685.1	575	2023	0	1	1	2023
KJ942685.1	575	2046	0	2	2	2046
KJ942685.1	580	2016	4	5	9	580
KJ942685.1	584	1981	2	4	6	584
KJ942685.1	592	2021	1	0	1	592
KJ942685.1	595	2024	3	2	5	595
KJ942685.1	596	1805	1	0	1	596
KJ942685.1	596	2044	19	10	29	596
KJ942685.1	597	2116	0	1	1	2116
KJ942685.1	599	2266	3	1	4	599
KJ942685.1	600	1990	11	10	21	600
KJ942685.1	605	1924	3	1	4	605
KJ942685.1	609	915	6	0	6	609
KJ942685.1	611	1802	6	5	11	611
KJ942685.1	617	2001	8	6	14	617
KJ942685.1	618	1747	10	3	13	618
KJ942685.1	618	1838	1	2	3	618
KJ942685.1	618	1851	6	7	13	618
KJ942685.1	618	2001	5	3	8	618
KJ942685.1	618	2058	7	3	10	618
KJ942685.1	620	1867	1	2	3	620
KJ942685.1	620	1899	5	1	6	620
KJ942685.1	620	1933	3	2	5	620
KJ942685.1	623	1643	8	14	22	623
KJ942685.1	623	647	6	1	7	623
KJ942685.1	623	671	3	0	3	623
KJ942685.1	625	1684	1	0	1	625
KJ942685.1	628	1962	0	1	1	1962
KJ942685.1	628	2088	0	2	2	2088
KJ942685.1	629	1863	0	1	1	1863
KJ942685.1	629	1963	0	1	1	1963
KJ942685.1	629	2043	4	4	8	629
KJ942685.1	630	1907	9	5	14	630
KJ942685.1	631	1960	2	11	13	631
KJ942685.1	634	1065	1	0	1	634
KJ942685.1	634	1949	1	0	1	634
KJ942685.1	636	1911	7	6	13	636
KJ942685.1	639	1764	0	2	2	1764
KJ942685.1	639	1956	0	1	1	1956
KJ942685.1	640	1901	5	6	11	640
KJ942685.1	642	1908	1	1	2	642
KJ942685.1	644	1974	1	1	2	644
KJ942685.1	645	1855	5	6	11	645
KJ942685.1	645	1956	2	4	6	645
KJ942685.1	646	1710	5	6	11	646
KJ942685.1	646	1867	2	0	2	646
KJ942685.1	646	1935	4	6	10	646
KJ942685.1	646	1976	4	1	5	646
KJ942685.1	646	2043	2	3	5	646
KJ942685.1	646	2181	3	4	7	646
KJ942685.1	648	1940	2	4	6	648
KJ942685.1	653	1865	1	0	1	653
KJ942685.1	653	1958	5	5	10	653
KJ942685.1	653	2054	0	1	1	2054
KJ942685.1	653	2082	0	1	1	2082
KJ942685.1	654	1937	5	8	13	654
KJ942685.1	655	1867	2	4	6	655
KJ942685.1	658	1923	0	1	1	1923
KJ942685.1	664	1933	4	8	12	664
KJ942685.1	665	698	1	0	1	665
KJ942685.1	668	1786	5	1	6	668
KJ942685.1	670	2255	1	0	1	670
KJ942685.1	673	1113	0	1	1	1113
KJ942685.1	677	1809	1	0	1	677
KJ942685.1	679	1743	1	0	1	679
KJ942685.1	684	1837	4	3	7	684
KJ942685.1	685	1653	1	0	1	685
KJ942685.1	685	1921	2	0	2	685
KJ942685.1	685	1965	8	2	10	685
KJ942685.1	689	1802	1	2	3	689
KJ942685.1	690	1846	1	0	1	690
KJ942685.1	692	2203	0	6	6	2203
KJ942685.1	693	1679	6	5	11	693
KJ942685.1	697	1664	2	0	2	697
KJ942685.1	697	1963	0	1	1	1963
KJ942685.1	697	1970	1	4	5	697
KJ942685.1	700	1899	0	1	1	1899
KJ942685.1	705	745	8	1	9	705
KJ942685.1	706	1949	0	1	1	1949
KJ942685.1	707	1910	0	1	1	1910
KJ942685.1	710	1882	9	26	35	710
KJ942685.1	710	2006	13	11	24	710
KJ942685.1	713	1867	2	16	18	713
KJ942685.1	719	1922	4	4	8	719
KJ942685.1	725	1923	15	23	38	725
KJ942685.1	744	1764	5	5	10	744
KJ942685.1	744	1842	4	4	8	744
KJ942685.1	751	1727	1	0	1	751
KJ942685.1	759	1828	27	9	36	759
KJ942685.1	764	1926	16	2	18	764
KJ942685.1	765	1867	0	1	1	1867
KJ942685.1	768	1706	15	4	19	768
KJ942685.1	768	1838	18	8	26	768
KJ942685.1	773	2049	1	0	1	773
KJ942685.1	778	1843	1	1	2	778
KJ942685.1	778	1963	0	1	1	1963
KJ942685.1	782	2058	3	3	6	782
KJ942685.1	783	1849	5	2	7	783
KJ942685.1	784	1837	8	0	8	784
KJ942685.1	791	2329	1	0	1	791
KJ942685.1	798	1866	0	1	1	1866
KJ942685.1	807	848	1	0	1	807
KJ942685.1	809	1878	9	9	18	809
KJ942685.1	814	1947	0	1	1	1947
KJ942685.1	825	1721	2	0	2	825
KJ942685.1	828	1691	1	1	2	828
KJ942685.1	830	1852	7	3	10	830
KJ942685.1	831	1679	3	2	5	831
KJ942685.1	831	1775	5	5	10	831
KJ942685.1	836	1436	0	1	1	1436
KJ942685.1	843	1724	0	1	1	1724
KJ942685.1	846	1791	0	1	1	1791
KJ942685.1	846	1904	0	1	1	1904
KJ942685.1	853	1734	2	7	9	853
KJ942685.1	853	1952	2	9	11	853
KJ942685.1	853	927	1	1	2	853
KJ942685.1	861	1645	1	0	1	861
KJ942685.1	862	1549	1	3	4	862
KJ942685.1	862	1747	15	26	41	862
KJ942685.1	887	1449	0	1	1	1449
KJ942685.1	892	1208	1	0	1	892
KJ942685.1	894	1781	2	1	3	894
KJ942685.1	896	1613	2	6	8	896
KJ942685.1	903	2056	1	0	1	903
KJ942685.1	905	2165	0	1	1	2165
KJ942685.1	907	1636	1	0	1	907
KJ942685.1	911	1706	3	3	6	911
KJ942685.1	919	1678	4	4	8	919
KJ942685.1	919	1732	0	1	1	1732
KJ942685.1	922	1664	9	19	28	922
KJ942685.1	939	1741	0	2	2	1741
KJ942685.1	958	1663	10	8	18	958
KJ942685.1	967	1129	0	1	1	1129
KJ942685.1	997	1396	1	0	1	997
KJ942686.1	1009	1962	3	5	8	1009
KJ942686.1	1019	1060	0	1	1	1060
KJ942686.1	1031	1913	0	1	1	1913
KJ942686.1	1037	1987	0	1	1	1987
KJ942686.1	1047	1765	1	0	1	1047
KJ942686.1	1055	1769	1	5	6	1055
KJ942686.1	1079	1684	1	0	1	1079
KJ942686.1	1094	1268	0	1	1	1268
KJ942686.1	1096	2208	1	0	1	1096
KJ942686.1	1098	1198	1	0	1	1098
KJ942686.1	1100	2364	6	0	6	1100
KJ942686.1	1125	1661	1	0	1	1125
KJ942686.1	1141	1235	0	1	1	1235
KJ942686.1	1173	2202	1	0	1	1173
KJ942686.1	1189	1731	1	5	6	1189
KJ942686.1	1222	2110	0	1	1	2110
KJ942686.1	1233	1703	0	2	2	1703
KJ942686.1	1236	1549	1	0	1	1236
KJ942686.1	1257	1649	1	0	1	1257
KJ942686.1	1377	2143	0	1	1	2143
KJ942686.1	1399	2337	0	1	1	2337
KJ942686.1	1456	2377	1	0	1	1456
KJ942686.1	1469	1674	1	0	1	1469
KJ942686.1	1614	1954	2	0	2	1614
KJ942686.1	1691	2093	1	0	1	1691
KJ942686.1	1776	1864	0	1	1	1864
KJ942686.1	1859	1925	0	1	1	1925
KJ942686.1	1876	2259	1	0	1	1876
KJ942686.1	1953	2276	5	0	5	1953
KJ942686.1	2005	2033	6	9	15	2005
KJ942686.1	2011	2111	2	1	3	2011
KJ942686.1	2019	2144	1	0	1	2019
KJ942686.1	2060	2100	0	3	3	2100
KJ942686.1	2206	2251	4	1	5	2206
KJ942686.1	2212	2290	6	0	6	2212
KJ942686.1	2252	2299	7	2	9	2252
KJ942686.1	2282	2311	12	8	20	2282
KJ942686.1	2291	2313	10	4	14	2291
KJ942686.1	2306	2343	3	1	4	2306
KJ942686.1	2329	2368	34	2	36	2329
KJ942686.1	240	597	1	0	1	240
KJ942686.1	2427	2459	18	23	41	2427
KJ942686.1	246	1908	5	0	5	246
KJ942686.1	246	892	3	1	4	246
KJ942686.1	249	280	7	0	7	249
KJ942686.1	249	317	1	0	1	249
KJ942686.1	255	2311	4	0	4	255
KJ942686.1	274	2111	5	0	5	274
KJ942686.1	275	303	4	0	4	275
KJ942686.1	280	353	3	0	3	280
KJ942686.1	286	2461	7	10	17	286
KJ942686.1	290	1657	1	1	2	290
KJ942686.1	300	2311	1	0	1	300
KJ942686.1	314	2443	1	0	1	314
KJ942686.1	326	2480	0	1	1	2480
KJ942686.1	331	437	0	1	1	437
KJ942686.1	338	2341	1	2	3	338
KJ942686.1	338	2368	24	1	25	338
KJ942686.1	339	2343	1	0	1	339
KJ942686.1	341	2258	3	1	4	341
KJ942686.1	343	2174	1	0	1	343
KJ942686.1	345	2288	9	7	16	345
KJ942686.1	361	576	1	0	1	361
KJ942686.1	362	2163	7	2	9	362
KJ942686.1	367	2217	16	26	42	367
KJ942686.1	367	2286	3	1	4	367
KJ942686.1	382	1369	0	1	1	1369
KJ942686.1	390	2302	1	0	1	390
KJ942686.1	394	2311	1	0	1	394
KJ942686.1	397	2216	2	3	5	397
KJ942686.1	397	2343	8	1	9	397
KJ942686.1	403	2216	7	15	22	403
KJ942686.1	406	2334	1	0	1	406
KJ942686.1	413	1140	9	3	12	413
KJ942686.1	414	2013	1	0	1	414
KJ942686.1	414	673	1	0	1	414
KJ942686.1	428	2241	1	0	1	428
KJ942686.1	431	2308	2	0	2	431
KJ942686.1	434	2312	70	0	70	434
KJ942686.1	445	2252	5	0	5	445
KJ942686.1	456	2253	1	0	1	456
KJ942686.1	469	1750	1	0	1	469
KJ942686.1	478	2259	0	1	1	2259
KJ942686.1	490	1771	2	0	2	490
KJ942686.1	495	1775	11	5	16	495
KJ942686.1	509	2170	7	4	11	509
KJ942686.1	516	2211	1	1	2	516
KJ942686.1	517	2253	0	3	3	2253
KJ942686.1	535	2129	6	0	6	535
KJ942686.1	540	2148	8	8	16	540
KJ942686.1	545	1718	0	1	1	1718
KJ942686.1	545	2059	3	4	7	545
KJ942686.1	546	2312	17	4	21	546
KJ942686.1	547	2057	7	4	11	547
KJ942686.1	547	2155	0	1	1	2155
KJ942686.1	548	2204	2	2	4	548
KJ942686.1	550	2139	5	5	10	550
KJ942686.1	557	2103	5	3	8	557
KJ942686.1	560	1879	2	1	3	560
KJ942686.1	570	1929	0	4	4	1929
KJ942686.1	578	2027	0	1	1	2027
KJ942686.1	587	2086	4	4	8	587
KJ942686.1	592	2028	0	2	2	2028
KJ942686.1	593	2104	3	7	10	593
KJ942686.1	610	2220	0	3	3	2220
KJ942686.1	617	818	2	3	5	617
KJ942686.1	622	1510	1	0	1	622
KJ942686.1	624	1763	5	3	8	624
KJ942686.1	625	2043	0	1	1	2043
KJ942686.1	632	2226	1	0	1	632
KJ942686.1	635	2037	1	0	1	635
KJ942686.1	636	2120	5	8	13	636
KJ942686.1	637	747	2	0	2	637
KJ942686.1	643	2234	10	6	16	643
KJ942686.1	649	2196	2	0	2	649
KJ942686.1	676	1725	2	0	2	676
KJ942686.1	676	2091	1	3	4	676
KJ942686.1	677	2060	3	2	5	677
KJ942686.1	681	1954	1	1	2	681
KJ942686.1	685	1975	1	2	3	685
KJ942686.1	687	1615	1	0	1	687
KJ942686.1	697	1583	0	1	1	1583
KJ942686.1	718	1955	0	2	2	1955
KJ942686.1	733	1924	4	13	17	733
KJ942686.1	738	2034	1	2	3	738
KJ942686.1	739	1219	1	0	1	739
KJ942686.1	742	1337	0	1	1	1337
KJ942686.1	744	2037	0	5	5	2037
KJ942686.1	753	2104	2	4	6	753
KJ942686.1	754	1901	0	5	5	1901
KJ942686.1	756	1959	0	1	1	1959
KJ942686.1	758	2011	1	2	3	758
KJ942686.1	759	1537	1	0	1	759
KJ942686.1	761	2016	0	4	4	2016
KJ942686.1	762	2020	0	4	4	2020
KJ942686.1	766	1917	0	1	1	1917
KJ942686.1	769	1897	0	2	2	1897
KJ942686.1	769	2021	3	6	9	769
KJ942686.1	769	822	6	9	15	769
KJ942686.1	784	1888	16	10	26	784
KJ942686.1	796	1921	0	1	1	1921
KJ942686.1	821	1836	1	1	2	821
KJ942686.1	846	1650	1	0	1	846
KJ942686.1	857	1664	2	0	2	857
KJ942686.1	858	959	0	1	1	959
KJ942686.1	865	1697	32	24	56	865
KJ942686.1	875	907	4	2	6	875
KJ942686.1	876	1552	1	0	1	876
KJ942686.1	877	1892	6	6	12	877
KJ942686.1	880	1903	0	1	1	1903
KJ942686.1	884	1738	5	8	13	884
KJ942686.1	896	1795	1	0	1	896
KJ942686.1	943	1199	0	1	1	1199
KJ942686.1	944	1044	1	0	1	944
KJ942686.1	945	1227	0	1	1	1227
KJ942686.1	950	1997	0	1	1	1997
KJ942686.1	966	1592	4	2	6	966
KJ942686.1	976	1600	0	1	1	1600
KJ942686.1	979	2338	1	0	1	979
KJ942686.1	992	2355	4	2	6	992
KJ942687.1	1005	1641	4	5	9	1005
KJ942687.1	1006	1440	0	1	1	1440
KJ942687.1	1014	1830	1	0	1	1014
KJ942687.1	1036	1147	1	0	1	1036
KJ942687.1	1048	1827	1	0	1	1048
KJ942687.1	1055	2301	0	1	1	2301
KJ942687.1	1064	1439	0	1	1	1439
KJ942687.1	1073	2368	1	1	2	1073
KJ942687.1	1090	1353	1	0	1	1090
KJ942687.1	1123	2379	1	0	1	1123
KJ942687.1	1132	1580	1	0	1	1132
KJ942687.1	1137	2017	1	0	1	1137
KJ942687.1	1140	2526	0	1	1	2526
KJ942687.1	1142	1884	1	0	1	1142
KJ942687.1	1177	2352	0	1	1	2352
KJ942687.1	1217	2372	0	1	1	2372
KJ942687.1	1286	2238	1	3	4	1286
KJ942687.1	1338	2186	0	1	1	2186
KJ942687.1	1345	2298	1	0	1	1345
KJ942687.1	1380	1464	1	2	3	1380
KJ942687.1	1400	2037	0	1	1	2037
KJ942687.1	1411	2220	1	0	1	1411
KJ942687.1	1431	2141	0	1	1	2141
KJ942687.1	1445	1997	0	1	1	1997
KJ942687.1	1561	2318	0	1	1	2318
KJ942687.1	1576	2340	1	0	1	1576
KJ942687.1	1666	2051	0	3	3	2051
KJ942687.1	1747	2363	0	1	1	2363
KJ942687.1	1821	2485	0	1	1	2485
KJ942687.1	1983	2147	1	0	1	1983
KJ942687.1	1994	2116	1	0	1	1994
KJ942687.1	1996	2316	0	1	1	2316
KJ942687.1	2050	2174	0	1	1	2174
KJ942687.1	2061	2100	0	1	1	2100
KJ942687.1	2094	2139	4	0	4	2094
KJ942687.1	2095	2199	0	6	6	2199
KJ942687.1	2101	2388	1	0	1	2101
KJ942687.1	2152	2243	0	1	1	2243
KJ942687.1	2157	2410	0	1	1	2410
KJ942687.1	2202	2329	0	1	1	2329
KJ942687.1	2251	2279	5	0	5	2251
KJ942687.1	2254	2306	2	0	2	2254
KJ942687.1	2261	2316	13	47	60	2261
KJ942687.1	2266	2417	12	5	17	2266
KJ942687.1	2267	2289	1	1	2	2267
KJ942687.1	2267	2290	1	0	1	2267
KJ942687.1	2269	2291	417	1611	2028	2269
KJ942687.1	2269	2423	2	0	2	2269
KJ942687.1	2270	2292	1	3	4	2270
KJ942687.1	2271	2341	1	0	1	2271
KJ942687.1	2284	2366	0	1	1	2366
KJ942687.1	2316	2412	1	0	1	2316
KJ942687.1	2323	2418	1	0	1	2323
KJ942687.1	2386	2408	0	1	1	2408
KJ942687.1	2401	2462	0	1	1	2462
KJ942687.1	244	805	1	0	1	244
KJ942687.1	247	2338	1	0	1	247
KJ942687.1	247	804	1	0	1	247
KJ942687.1	253	2229	0	1	1	2229
KJ942687.1	259	2494	5	3	8	259
KJ942687.1	284	675	1	0	1	284
KJ942687.1	288	1973	1	0	1	288
KJ942687.1	295	360	1	0	1	295
KJ942687.1	318	2351	5	5	10	318
KJ942687.1	319	2269	0	2	2	2269
KJ942687.1	327	2179	0	2	2	2179
KJ942687.1	331	2211	5	15	20	331
KJ942687.1	349	2397	1	0	1	349
KJ942687.1	350	1589	0	1	1	1589
KJ942687.1	355	2331	0	1	1	2331
KJ942687.1	361	2250	1	0	1	361
KJ942687.1	362	1261	1	0	1	362
KJ942687.1	365	2134	1	0	1	365
KJ942687.1	366	1760	1	0	1	366
KJ942687.1	368	2290	3	34	37	368
KJ942687.1	377	2339	3	2	5	377
KJ942687.1	389	2224	12	65	77	389
KJ942687.1	389	418	0	1	1	418
KJ942687.1	390	1478	0	1	1	1478
KJ942687.1	390	2225	8	84	92	390
KJ942687.1	390	2311	2	17	19	390
KJ942687.1	393	2359	1	0	1	393
KJ942687.1	398	2335	1	3	4	398
KJ942687.1	403	2368	6	8	14	403
KJ942687.1	404	549	1	0	1	404
KJ942687.1	410	1839	0	1	1	1839
KJ942687.1	410	2184	7	10	17	410
KJ942687.1	415	1972	0	1	1	1972
KJ942687.1	419	2237	0	1	1	2237
KJ942687.1	423	459	2	0	2	423
KJ942687.1	424	2189	0	1	1	2189
KJ942687.1	424	881	1	0	1	424
KJ942687.1	429	2236	0	3	3	2236
KJ942687.1	430	2094	0	1	1	2094
KJ942687.1	434	2380	1	3	4	434
KJ942687.1	435	2311	5	5	10	435
KJ942687.1	436	2312	0	1	1	2312
KJ942687.1	436	848	1	0	1	436
KJ942687.1	444	470	5	5	10	444
KJ942687.1	444	474	1	0	1	444
KJ942687.1	445	2176	1	0	1	445
KJ942687.1	448	473	14	26	40	448
KJ942687.1	448	474	0	3	3	474
KJ942687.1	450	475	1915	2949	4864	450
KJ942687.1	451	2169	1	0	1	451
KJ942687.1	453	478	5	28	33	453
KJ942687.1	454	479	0	1	1	479
KJ942687.1	458	491	85	117	202	458
KJ942687.1	464	682	1	0	1	464
KJ942687.1	468	2211	99	177	276	468
KJ942687.1	471	2252	4	1	5	471
KJ942687.1	473	1970	9	15	24	473
KJ942687.1	480	1518	1	1	2	480
KJ942687.1	488	2253	0	1	1	2253
KJ942687.1	488	2388	1	1	2	488
KJ942687.1	492	1820	0	1	1	1820
KJ942687.1	496	2168	4	7	11	496
KJ942687.1	498	1089	1	0	1	498
KJ942687.1	499	2185	5	7	12	499
KJ942687.1	509	2130	8	4	12	509
KJ942687.1	510	2233	11	6	17	510
KJ942687.1	511	2238	9	8	17	511
KJ942687.1	519	2232	1	0	1	519
KJ942687.1	525	2211	2	1	3	525
KJ942687.1	528	2010	4	2	6	528
KJ942687.1	531	2085	0	1	1	2085
KJ942687.1	532	2232	2	2	4	532
KJ942687.1	533	697	0	1	1	697
KJ942687.1	538	2216	7	9	16	538
KJ942687.1	540	659	0	1	1	659
KJ942687.1	544	2042	0	1	1	2042
KJ942687.1	551	2085	12	23	35	551
KJ942687.1	556	1981	3	9	12	556
KJ942687.1	557	2218	0	1	1	2218
KJ942687.1	559	2117	1	3	4	559
KJ942687.1	565	1991	0	1	1	1991
KJ942687.1	567	754	0	1	1	754
KJ942687.1	571	1084	0	1	1	1084
KJ942687.1	573	1834	1	0	1	573
KJ942687.1	573	2411	1	0	1	573
KJ942687.1	577	2229	0	1	1	2229
KJ942687.1	581	2035	2	8	10	581
KJ942687.1	583	2223	1	0	1	583
KJ942687.1	586	680	0	1	1	680
KJ942687.1	589	2035	1	7	8	589
KJ942687.1	592	1939	1	0	1	592
KJ942687.1	595	620	1	0	1	595
KJ942687.1	596	2293	0	1	1	2293
KJ942687.1	612	1812	4	8	12	612
KJ942687.1	613	2490	0	1	1	2490
KJ942687.1	617	2226	1	1	2	617
KJ942687.1	617	705	1	0	1	617
KJ942687.1	618	2014	2	10	12	618
KJ942687.1	618	2230	0	1	1	2230
KJ942687.1	624	1870	0	1	1	1870
KJ942687.1	627	1986	1	0	1	627
KJ942687.1	631	2341	0	1	1	2341
KJ942687.1	638	2079	0	1	1	2079
KJ942687.1	643	1981	12	10	22	643
KJ942687.1	648	757	0	1	1	757
KJ942687.1	649	2148	1	0	1	649
KJ942687.1	651	2193	5	9	14	651
KJ942687.1	655	2101	14	22	36	655
KJ942687.1	656	1920	1	0	1	656
KJ942687.1	665	2027	1	0	1	665
KJ942687.1	668	1913	1	0	1	668
KJ942687.1	668	2119	0	1	1	2119
KJ942687.1	671	2101	0	3	3	2101
KJ942687.1	677	1835	0	1	1	1835
KJ942687.1	677	2017	0	2	2	2017
KJ942687.1	677	2019	5	16	21	677
KJ942687.1	678	2118	1	0	1	678
KJ942687.1	678	2157	1	3	4	678
KJ942687.1	680	1692	0	1	1	1692
KJ942687.1	686	1894	1	0	1	686
KJ942687.1	688	1932	31	3	34	688
KJ942687.1	695	2000	3	4	7	695
KJ942687.1	695	2045	0	3	3	2045
KJ942687.1	700	1926	0	1	1	1926
KJ942687.1	701	1936	2	0	2	701
KJ942687.1	702	1937	0	3	3	1937
KJ942687.1	705	1932	1	0	1	705
KJ942687.1	706	1005	1	0	1	706
KJ942687.1	707	1567	1	0	1	707
KJ942687.1	709	1961	1	0	1	709
KJ942687.1	710	1937	1	0	1	710
KJ942687.1	712	1871	1	0	1	712
KJ942687.1	712	2339	1	0	1	712
KJ942687.1	717	1959	25	2	27	717
KJ942687.1	719	1987	3	4	7	719
KJ942687.1	720	1967	3	2	5	720
KJ942687.1	722	1969	2232	2747	4979	722
KJ942687.1	724	1971	7	6	13	724
KJ942687.1	724	1972	44	28	72	724
KJ942687.1	727	1959	3	4	7	727
KJ942687.1	728	2328	3	3	6	728
KJ942687.1	730	2201	1	0	1	730
KJ942687.1	735	1970	1	2	3	735
KJ942687.1	739	2023	0	1	1	2023
KJ942687.1	740	1996	0	1	1	1996
KJ942687.1	746	1995	3	25	28	746
KJ942687.1	747	2012	0	1	1	2012
KJ942687.1	751	2346	1	0	1	751
KJ942687.1	753	2190	0	1	1	2190
KJ942687.1	755	1948	11	4	15	755
KJ942687.1	755	2020	1	18	19	755
KJ942687.1	760	2010	2	37	39	760
KJ942687.1	761	2011	0	1	1	2011
KJ942687.1	763	1435	0	1	1	1435
KJ942687.1	763	2030	1	9	10	763
KJ942687.1	766	1954	1	1	2	766
KJ942687.1	766	2014	1	23	24	766
KJ942687.1	768	2035	0	1	1	2035
KJ942687.1	773	2019	4	4	8	773
KJ942687.1	774	1835	2	2	4	774
KJ942687.1	777	1972	0	1	1	1972
KJ942687.1	779	1983	0	1	1	1983
KJ942687.1	784	2042	0	2	2	2042
KJ942687.1	789	2422	1	0	1	789
KJ942687.1	792	2050	0	1	1	2050
KJ942687.1	792	2425	139	56	195	792
KJ942687.1	792	919	0	1	1	919
KJ942687.1	798	1960	3	0	3	798
KJ942687.1	802	1953	14	12	26	802
KJ942687.1	804	1928	17	11	28	804
KJ942687.1	805	2452	0	1	1	2452
KJ942687.1	810	1699	1	1	2	810
KJ942687.1	810	2498	0	1	1	2498
KJ942687.1	811	1928	9	7	16	811
KJ942687.1	827	1946	0	1	1	1946
KJ942687.1	835	1307	1	0	1	835
KJ942687.1	839	1761	1	0	1	839
KJ942687.1	843	1195	1	0	1	843
KJ942687.1	858	1841	4	3	7	858
KJ942687.1	859	1794	6	2	8	859
KJ942687.1	864	1883	13	8	21	864
KJ942687.1	873	1871	1	1	2	873
KJ942687.1	874	968	1	0	1	874
KJ942687.1	876	1830	2	2	4	876
KJ942687.1	878	2303	1	0	1	878
KJ942687.1	888	1478	0	1	1	1478
KJ942687.1	890	2004	4	2	6	890
KJ942687.1	900	1952	0	1	1	1952
KJ942687.1	916	1825	5	2	7	916
KJ942687.1	917	2145	1	0	1	917
KJ942687.1	918	2168	1	0	1	918
KJ942687.1	920	1690	2	1	3	920
KJ942687.1	920	1785	0	2	2	1785
KJ942687.1	925	2143	0	1	1	2143
KJ942687.1	925	2511	0	1	1	2511
KJ942687.1	928	2480	0	1	1	2480
KJ942687.1	937	1776	19	15	34	937
KJ942687.1	942	2149	1	0	1	942
KJ942687.1	947	1817	6	5	11	947
KJ942687.1	961	1490	0	1	1	1490
KJ942687.1	961	2442	0	1	1	2442
KJ942687.1	975	1185	1	0	1	975
KJ942687.1	982	1776	2	6	8	982
KJ942687.1	997	1868	0	1	1	1868
KJ942687.1	997	2013	1	0	1	997
