Segment	Start	Stop	Forward_support	Reverse_support	Total_support	Fuzz_factor
KJ942680.1	1007	1447	1	0	1	1007
KJ942680.1	1038	1605	1	0	1	1038
KJ942680.1	1053	1421	1	0	1	1053
KJ942680.1	1075	1157	1	0	1	1075
KJ942680.1	1090	1162	0	1	1	1162
KJ942680.1	1090	1246	1	0	1	1090
KJ942680.1	1130	1344	0	1	1	1344
KJ942680.1	1135	1606	1	0	1	1135
KJ942680.1	1145	1433	0	1	1	1433
KJ942680.1	1147	1282	0	1	1	1282
KJ942680.1	1151	1217	1	0	1	1151
KJ942680.1	1152	1473	1	0	1	1152
KJ942680.1	1153	1885	1	0	1	1153
KJ942680.1	1159	1554	1	0	1	1159
KJ942680.1	1160	1360	1	0	1	1160
KJ942680.1	1160	1511	0	1	1	1511
KJ942680.1	1184	1665	0	1	1	1665
KJ942680.1	1197	1457	0	1	1	1457
KJ942680.1	1276	1656	0	1	1	1656
KJ942680.1	1323	1448	0	1	1	1448
KJ942680.1	1323	1741	0	1	1	1741
KJ942680.1	1344	1643	1	0	1	1344
KJ942680.1	1367	1501	0	1	1	1501
KJ942680.1	1368	1448	0	1	1	1448
KJ942680.1	1374	1766	1	0	1	1374
KJ942680.1	1377	1406	1	0	1	1377
KJ942680.1	1384	1722	0	1	1	1722
KJ942680.1	1403	1611	0	1	1	1611
KJ942680.1	1465	1703	1	0	1	1465
KJ942680.1	1489	1894	0	1	1	1894
KJ942680.1	1536	1864	1	0	1	1536
KJ942680.1	1541	1787	1	0	1	1541
KJ942680.1	1544	1816	1	0	1	1544
KJ942680.1	1613	1693	0	1	1	1693
KJ942680.1	1626	1700	1	0	1	1626
KJ942680.1	1648	1773	0	1	1	1773
KJ942680.1	1670	1811	1	0	1	1670
KJ942680.1	1684	1714	0	1	1	1714
KJ942680.1	1706	1750	0	1	1	1750
KJ942680.1	1718	1905	0	1	1	1905
KJ942680.1	1766	1819	1	0	1	1766
KJ942680.1	241	1759	2	0	2	241
KJ942680.1	259	1657	1	0	1	259
KJ942680.1	260	1756	1	0	1	260
KJ942680.1	260	1873	1	0	1	260
KJ942680.1	271	1662	3	1	4	271
KJ942680.1	272	1605	1	0	1	272
KJ942680.1	272	1760	1	0	1	272
KJ942680.1	273	1131	1	0	1	273
KJ942680.1	277	1759	2	0	2	277
KJ942680.1	277	307	1	0	1	277
KJ942680.1	277	321	1	0	1	277
KJ942680.1	312	730	0	1	1	730
KJ942680.1	320	1697	1	0	1	320
KJ942680.1	323	1739	1	0	1	323
KJ942680.1	350	1871	1	0	1	350
KJ942680.1	360	1790	1	0	1	360
KJ942680.1	361	1746	1	0	1	361
KJ942680.1	363	1404	0	1	1	1404
KJ942680.1	365	1884	0	1	1	1884
KJ942680.1	365	479	0	1	1	479
KJ942680.1	367	1826	1	0	1	367
KJ942680.1	375	1008	1	0	1	375
KJ942680.1	382	1472	0	1	1	1472
KJ942680.1	389	1604	0	1	1	1604
KJ942680.1	391	1672	0	1	1	1672
KJ942680.1	391	752	1	0	1	391
KJ942680.1	396	1605	0	1	1	1605
KJ942680.1	396	1745	0	1	1	1745
KJ942680.1	397	1901	0	1	1	1901
KJ942680.1	399	433	0	1	1	433
KJ942680.1	402	1768	3	3	6	402
KJ942680.1	404	1717	1	2	3	404
KJ942680.1	404	1723	0	1	1	1723
KJ942680.1	408	1394	0	1	1	1394
KJ942680.1	413	870	0	1	1	870
KJ942680.1	418	1672	1	0	1	418
KJ942680.1	418	1697	1	0	1	418
KJ942680.1	424	1091	0	1	1	1091
KJ942680.1	430	761	0	1	1	761
KJ942680.1	437	1820	1	0	1	437
KJ942680.1	440	1605	0	1	1	1605
KJ942680.1	442	1747	1	0	1	442
KJ942680.1	442	1750	1	0	1	442
KJ942680.1	446	1807	1	0	1	446
KJ942680.1	447	1787	1	0	1	447
KJ942680.1	448	1243	1	0	1	448
KJ942680.1	457	933	0	1	1	933
KJ942680.1	465	1718	1	0	1	465
KJ942680.1	477	884	0	1	1	884
KJ942680.1	489	1284	0	1	1	1284
KJ942680.1	496	538	0	1	1	538
KJ942680.1	511	1523	0	1	1	1523
KJ942680.1	514	1782	0	1	1	1782
KJ942680.1	534	592	1	0	1	534
KJ942680.1	537	1292	1	0	1	537
KJ942680.1	538	752	1	1	2	538
KJ942680.1	539	1718	0	1	1	1718
KJ942680.1	541	1747	0	1	1	1747
KJ942680.1	552	1337	1	0	1	552
KJ942680.1	553	1076	1	0	1	553
KJ942680.1	553	1529	0	1	1	1529
KJ942680.1	561	1773	1	0	1	561
KJ942680.1	568	1207	1	0	1	568
KJ942680.1	577	1653	4	2	6	577
KJ942680.1	580	1441	1	0	1	580
KJ942680.1	581	1059	1	0	1	581
KJ942680.1	581	919	0	1	1	919
KJ942680.1	587	1653	1	0	1	587
KJ942680.1	593	1758	0	1	1	1758
KJ942680.1	593	1898	0	1	1	1898
KJ942680.1	595	915	1	0	1	595
KJ942680.1	605	1532	0	1	1	1532
KJ942680.1	608	1209	0	1	1	1209
KJ942680.1	617	663	0	1	1	663
KJ942680.1	624	668	1	0	1	624
KJ942680.1	628	1362	0	1	1	1362
KJ942680.1	630	1575	1	0	1	630
KJ942680.1	655	1529	1	0	1	655
KJ942680.1	664	958	0	1	1	958
KJ942680.1	673	1296	1	0	1	673
KJ942680.1	700	1700	1	0	1	700
KJ942680.1	710	1002	1	0	1	710
KJ942680.1	710	827	1	0	1	710
KJ942680.1	715	1131	1	0	1	715
KJ942680.1	719	1441	0	1	1	1441
KJ942680.1	728	1141	0	1	1	1141
KJ942680.1	729	1220	1	0	1	729
KJ942680.1	738	1130	0	1	1	1130
KJ942680.1	740	1883	0	1	1	1883
KJ942680.1	775	1258	1	0	1	775
KJ942680.1	802	1618	1	0	1	802
KJ942680.1	805	1236	1	0	1	805
KJ942680.1	829	986	0	1	1	986
KJ942680.1	835	1891	0	3	3	1891
KJ942680.1	839	1632	1	0	1	839
KJ942680.1	883	984	1	0	1	883
KJ942680.1	900	1507	0	1	1	1507
KJ942680.1	913	1719	0	1	1	1719
KJ942680.1	935	1894	0	1	1	1894
KJ942680.1	937	1678	0	1	1	1678
KJ942680.1	940	1705	0	1	1	1705
KJ942680.1	941	1893	0	1	1	1893
KJ942680.1	973	1742	0	1	1	1742
KJ942680.1	985	1800	1	0	1	985
KJ942681.1	1075	1151	0	1	1	1151
KJ942681.1	1082	1155	0	1	1	1155
KJ942681.1	247	1105	1	0	1	247
KJ942681.1	256	751	1	0	1	256
KJ942681.1	261	543	1	0	1	261
KJ942681.1	269	563	5	0	5	269
KJ942681.1	271	587	1	0	1	271
KJ942681.1	277	957	1	0	1	277
KJ942681.1	278	1082	1	0	1	278
KJ942681.1	282	433	0	1	1	433
KJ942681.1	282	699	1	0	1	282
KJ942681.1	284	566	9	1	10	284
KJ942681.1	285	1153	1	1	2	285
KJ942681.1	286	1151	1	1	2	286
KJ942681.1	286	1155	0	1	1	1155
KJ942681.1	287	1150	1	0	1	287
KJ942681.1	287	1154	1	1	2	287
KJ942681.1	287	1155	1	1	2	287
KJ942681.1	290	863	2	0	2	290
KJ942681.1	291	998	1	0	1	291
KJ942681.1	302	1119	2	0	2	302
KJ942681.1	303	1155	1	1	2	303
KJ942681.1	304	951	1	0	1	304
KJ942681.1	312	639	0	1	1	639
KJ942681.1	321	355	0	1	1	355
KJ942681.1	326	980	0	1	1	980
KJ942681.1	359	900	0	1	1	900
KJ942681.1	362	588	4	20	24	362
KJ942681.1	369	1073	1	0	1	369
KJ942681.1	372	815	1	1	2	372
KJ942681.1	373	1151	0	1	1	1151
KJ942681.1	373	801	1	0	1	373
KJ942681.1	396	952	0	1	1	952
KJ942681.1	406	445	0	1	1	445
KJ942681.1	406	925	0	1	1	925
KJ942681.1	409	1051	1	0	1	409
KJ942681.1	422	872	0	1	1	872
KJ942681.1	424	681	0	1	1	681
KJ942681.1	428	1159	0	1	1	1159
KJ942681.1	430	497	0	1	1	497
KJ942681.1	431	743	0	1	1	743
KJ942681.1	432	559	0	1	1	559
KJ942681.1	440	682	0	1	1	682
KJ942681.1	445	879	0	1	1	879
KJ942681.1	447	861	0	1	1	861
KJ942681.1	449	828	3	6	9	449
KJ942681.1	449	902	0	1	1	902
KJ942681.1	450	956	1	0	1	450
KJ942681.1	460	878	1	2	3	460
KJ942681.1	461	685	0	1	1	685
KJ942681.1	468	777	0	1	1	777
KJ942681.1	492	648	1	0	1	492
KJ942681.1	496	905	0	1	1	905
KJ942681.1	497	750	0	1	1	750
KJ942681.1	503	629	1	0	1	503
KJ942681.1	517	1084	0	1	1	1084
KJ942681.1	537	700	0	1	1	700
KJ942681.1	538	779	1	0	1	538
KJ942681.1	554	684	0	1	1	684
KJ942681.1	569	644	0	2	2	644
KJ942681.1	570	646	0	1	1	646
KJ942681.1	582	707	1	0	1	582
KJ942681.1	587	721	0	1	1	721
KJ942681.1	593	1151	0	1	1	1151
KJ942681.1	599	702	1	0	1	599
KJ942681.1	600	817	1	1	2	600
KJ942681.1	604	877	3	2	5	604
KJ942681.1	608	1038	3	0	3	608
KJ942681.1	611	1154	1	1	2	611
KJ942681.1	617	1014	0	1	1	1014
KJ942681.1	619	746	1	0	1	619
KJ942681.1	628	723	1	0	1	628
KJ942681.1	628	864	1	0	1	628
KJ942681.1	629	874	1	0	1	629
KJ942681.1	638	765	1	0	1	638
KJ942681.1	641	889	0	1	1	889
KJ942681.1	647	816	0	3	3	816
KJ942681.1	652	1012	1	0	1	652
KJ942681.1	671	842	2	0	2	671
KJ942681.1	674	925	0	1	1	925
KJ942681.1	694	830	2	4	6	694
KJ942681.1	696	1110	0	1	1	1110
KJ942681.1	696	979	2	1	3	696
KJ942681.1	700	854	2	1	3	700
KJ942681.1	701	855	1	0	1	701
KJ942681.1	718	1030	1	0	1	718
KJ942681.1	718	922	1	0	1	718
KJ942681.1	724	907	0	1	1	907
KJ942681.1	727	830	1	0	1	727
KJ942681.1	727	834	2	2	4	727
KJ942681.1	730	980	1	0	1	730
KJ942681.1	733	875	4	4	8	733
KJ942681.1	733	974	1	0	1	733
KJ942681.1	754	1039	1	0	1	754
KJ942681.1	773	969	1	1	2	773
KJ942681.1	782	882	1	0	1	782
KJ942681.1	788	858	0	1	1	858
KJ942681.1	800	864	1	0	1	800
KJ942681.1	804	1018	1	0	1	804
KJ942681.1	805	839	1	0	1	805
KJ942681.1	805	848	0	1	1	848
KJ942681.1	812	1101	0	1	1	1101
KJ942681.1	819	1029	0	1	1	1029
KJ942681.1	819	933	1	0	1	819
KJ942681.1	825	928	0	1	1	928
KJ942681.1	830	969	0	1	1	969
KJ942681.1	832	881	0	1	1	881
KJ942681.1	855	918	1	0	1	855
KJ942681.1	896	1027	1	0	1	896
KJ942681.1	934	1031	0	2	2	1031
KJ942681.1	939	1055	1	1	2	939
KJ942681.1	947	1010	0	1	1	1010
KJ942681.1	970	1021	1	0	1	970
KJ942681.1	988	1051	1	0	1	988
KJ942682.1	1007	1471	1	0	1	1007
KJ942682.1	1037	1093	1	0	1	1037
KJ942682.1	1167	1427	1	0	1	1167
KJ942682.1	1178	1257	1	0	1	1178
KJ942682.1	1218	1455	0	1	1	1455
KJ942682.1	1246	1311	0	1	1	1311
KJ942682.1	1266	1300	1	0	1	1266
KJ942682.1	1347	1477	1	0	1	1347
KJ942682.1	1419	1523	1	0	1	1419
KJ942682.1	1500	1544	1	0	1	1500
KJ942682.1	1556	1623	0	6	6	1623
KJ942682.1	264	504	1	0	1	264
KJ942682.1	266	1378	1	0	1	266
KJ942682.1	266	292	1	0	1	266
KJ942682.1	274	1462	1	0	1	274
KJ942682.1	277	1234	1	0	1	277
KJ942682.1	289	470	9	1	10	289
KJ942682.1	290	1558	1	0	1	290
KJ942682.1	316	1464	1	0	1	316
KJ942682.1	328	1447	0	1	1	1447
KJ942682.1	328	1498	0	1	1	1498
KJ942682.1	334	1560	0	1	1	1560
KJ942682.1	340	1451	1	0	1	340
KJ942682.1	341	1330	1	0	1	341
KJ942682.1	348	1390	0	1	1	1390
KJ942682.1	395	1455	0	1	1	1455
KJ942682.1	400	1404	0	2	2	1404
KJ942682.1	400	1629	0	1	1	1629
KJ942682.1	428	595	0	1	1	595
KJ942682.1	482	510	0	1	1	510
KJ942682.1	519	788	1	0	1	519
KJ942682.1	543	1407	0	1	1	1407
KJ942682.1	564	1351	0	1	1	1351
KJ942682.1	565	1369	1	0	1	565
KJ942682.1	567	1199	1	0	1	567
KJ942682.1	575	681	1	0	1	575
KJ942682.1	577	1464	3	4	7	577
KJ942682.1	584	979	0	1	1	979
KJ942682.1	597	1100	1	0	1	597
KJ942682.1	607	1427	0	1	1	1427
KJ942682.1	685	1439	0	1	1	1439
KJ942682.1	693	1253	1	0	1	693
KJ942682.1	695	1148	0	1	1	1148
KJ942682.1	704	1491	0	1	1	1491
KJ942682.1	737	957	0	1	1	957
KJ942682.1	756	836	1	1	2	756
KJ942682.1	787	1227	1	0	1	787
KJ942682.1	792	1336	1	1	2	792
KJ942682.1	796	872	1	0	1	796
KJ942682.1	800	1234	0	1	1	1234
KJ942682.1	807	1554	1	0	1	807
KJ942682.1	867	1392	0	1	1	1392
KJ942682.1	934	1495	1	0	1	934
KJ942682.1	953	1475	0	1	1	1475
KJ942683.1	1002	1057	1	0	1	1002
KJ942683.1	1009	1413	1	0	1	1009
KJ942683.1	1014	1510	0	1	1	1510
KJ942683.1	1051	1698	0	1	1	1698
KJ942683.1	1071	1498	0	1	1	1498
KJ942683.1	1078	1501	0	1	1	1501
KJ942683.1	1081	1631	1	0	1	1081
KJ942683.1	1104	1614	0	1	1	1614
KJ942683.1	1163	1555	0	1	1	1555
KJ942683.1	1243	1670	1	0	1	1243
KJ942683.1	1245	1493	1	0	1	1245
KJ942683.1	1251	1341	1	0	1	1251
KJ942683.1	1280	1533	0	1	1	1533
KJ942683.1	1298	1321	0	1	1	1321
KJ942683.1	1309	1378	0	1	1	1378
KJ942683.1	1362	1413	1	0	1	1362
KJ942683.1	1486	1564	1	0	1	1486
KJ942683.1	1529	1623	1	0	1	1529
KJ942683.1	1534	1636	1	0	1	1534
KJ942683.1	1544	1641	1	0	1	1544
KJ942683.1	1604	1710	0	1	1	1710
KJ942683.1	1619	1740	0	1	1	1740
KJ942683.1	1666	1710	0	1	1	1710
KJ942683.1	260	1536	1	0	1	260
KJ942683.1	269	708	1	0	1	269
KJ942683.1	279	813	1	1	2	279
KJ942683.1	286	1600	2	0	2	286
KJ942683.1	287	1021	1	0	1	287
KJ942683.1	292	591	1	0	1	292
KJ942683.1	293	331	1	0	1	293
KJ942683.1	295	493	1	0	1	295
KJ942683.1	334	1271	0	1	1	1271
KJ942683.1	337	1338	1	0	1	337
KJ942683.1	355	1230	0	1	1	1230
KJ942683.1	396	1516	0	1	1	1516
KJ942683.1	400	1612	1	0	1	400
KJ942683.1	402	1580	1	0	1	402
KJ942683.1	403	1498	0	1	1	1498
KJ942683.1	403	1544	2	0	2	403
KJ942683.1	407	1177	1	0	1	407
KJ942683.1	417	1632	1	0	1	417
KJ942683.1	452	488	1	1	2	452
KJ942683.1	456	478	0	1	1	478
KJ942683.1	466	1583	1	0	1	466
KJ942683.1	468	1221	0	1	1	1221
KJ942683.1	480	1433	0	1	1	1433
KJ942683.1	484	1345	1	0	1	484
KJ942683.1	488	1445	1	1	2	488
KJ942683.1	495	1550	0	1	1	1550
KJ942683.1	528	1360	3	2	5	528
KJ942683.1	528	1393	1	0	1	528
KJ942683.1	536	856	1	0	1	536
KJ942683.1	543	1410	0	1	1	1410
KJ942683.1	552	604	0	1	1	604
KJ942683.1	575	1381	0	1	1	1381
KJ942683.1	575	1396	1	0	1	575
KJ942683.1	592	1692	0	1	1	1692
KJ942683.1	608	1152	0	1	1	1152
KJ942683.1	609	1244	0	1	1	1244
KJ942683.1	632	1058	1	0	1	632
KJ942683.1	656	767	0	1	1	767
KJ942683.1	674	953	1	0	1	674
KJ942683.1	712	1320	1	1	2	712
KJ942683.1	716	1655	1	0	1	716
KJ942683.1	728	1241	1	0	1	728
KJ942683.1	729	1433	0	1	1	1433
KJ942683.1	734	885	1	0	1	734
KJ942683.1	737	912	1	0	1	737
KJ942683.1	756	1706	0	1	1	1706
KJ942683.1	762	942	1	0	1	762
KJ942683.1	763	1261	0	1	1	1261
KJ942683.1	785	1383	0	1	1	1383
KJ942683.1	811	898	1	0	1	811
KJ942683.1	831	1157	0	1	1	1157
KJ942683.1	855	1393	1	0	1	855
KJ942683.1	862	1321	1	0	1	862
KJ942683.1	886	1296	0	1	1	1296
KJ942683.1	891	1411	1	0	1	891
KJ942683.1	903	1705	0	1	1	1705
KJ942683.1	907	962	0	1	1	962
KJ942683.1	917	1462	0	1	1	1462
KJ942683.1	917	993	1	0	1	917
KJ942683.1	919	988	1	0	1	919
KJ942683.1	923	1000	1	0	1	923
KJ942683.1	927	975	1	0	1	927
KJ942683.1	941	1367	1	0	1	941
KJ942683.1	954	1246	0	1	1	1246
KJ942683.1	975	1729	0	1	1	1729
KJ942683.1	981	1478	1	0	1	981
KJ942683.1	983	1249	1	0	1	983
KJ942683.1	990	1193	0	1	1	1193
KJ942684.1	1004	1037	0	1	1	1037
KJ942684.1	236	986	1	0	1	236
KJ942684.1	241	415	1	0	1	241
KJ942684.1	246	902	1	0	1	246
KJ942684.1	248	545	1	0	1	248
KJ942684.1	251	922	1	0	1	251
KJ942684.1	253	668	1	0	1	253
KJ942684.1	271	295	1	0	1	271
KJ942684.1	282	960	4	0	4	282
KJ942684.1	320	915	1	0	1	320
KJ942684.1	344	877	0	1	1	877
KJ942684.1	351	518	1	0	1	351
KJ942684.1	364	783	0	2	2	783
KJ942684.1	364	858	0	1	1	858
KJ942684.1	365	880	0	1	1	880
KJ942684.1	369	879	0	3	3	879
KJ942684.1	374	856	0	1	1	856
KJ942684.1	394	558	0	1	1	558
KJ942684.1	404	1015	0	1	1	1015
KJ942684.1	410	939	1	0	1	410
KJ942684.1	413	891	0	1	1	891
KJ942684.1	428	804	1	0	1	428
KJ942684.1	442	794	1	0	1	442
KJ942684.1	443	903	0	1	1	903
KJ942684.1	448	696	1	0	1	448
KJ942684.1	450	956	0	1	1	956
KJ942684.1	472	828	0	1	1	828
KJ942684.1	492	668	1	0	1	492
KJ942684.1	549	727	0	1	1	727
KJ942684.1	578	744	1	0	1	578
KJ942684.1	600	972	1	0	1	600
KJ942684.1	697	806	1	0	1	697
KJ942684.1	749	782	1	0	1	749
KJ942684.1	756	798	1	0	1	756
KJ942684.1	767	935	0	1	1	935
KJ942684.1	821	902	0	1	1	902
KJ942684.1	852	970	1	0	1	852
KJ942684.1	855	880	1	0	1	855
KJ942684.1	863	1050	0	3	3	1050
KJ942684.1	896	943	1	0	1	896
KJ942684.1	940	1050	0	1	1	1050
KJ942685.1	1003	2266	0	1	1	2266
KJ942685.1	1054	2038	0	1	1	2038
KJ942685.1	1073	1111	0	1	1	1111
KJ942685.1	1084	2366	0	1	1	2366
KJ942685.1	1103	2305	1	0	1	1103
KJ942685.1	1106	1800	1	0	1	1106
KJ942685.1	1128	1772	0	1	1	1772
KJ942685.1	1129	2270	1	0	1	1129
KJ942685.1	1164	1196	1	1	2	1164
KJ942685.1	1165	1691	0	1	1	1691
KJ942685.1	1228	1675	1	0	1	1228
KJ942685.1	1269	1658	1	0	1	1269
KJ942685.1	1295	1979	0	1	1	1979
KJ942685.1	1312	1688	0	1	1	1688
KJ942685.1	1359	1643	0	1	1	1643
KJ942685.1	1394	1659	1	0	1	1394
KJ942685.1	1490	1819	1	0	1	1490
KJ942685.1	1506	2271	0	1	1	2271
KJ942685.1	1555	2018	2	0	2	1555
KJ942685.1	1572	1674	1	0	1	1572
KJ942685.1	1579	2306	2	2	4	1579
KJ942685.1	1584	2272	0	1	1	2272
KJ942685.1	1599	2399	0	1	1	2399
KJ942685.1	1637	2289	1	0	1	1637
KJ942685.1	1694	2300	1	0	1	1694
KJ942685.1	1697	2303	0	1	1	2303
KJ942685.1	1783	2211	0	1	1	2211
KJ942685.1	1828	2054	1	0	1	1828
KJ942685.1	1854	1922	1	0	1	1854
KJ942685.1	1960	2355	0	1	1	2355
KJ942685.1	1992	2210	0	1	1	2210
KJ942685.1	2019	2074	1	0	1	2019
KJ942685.1	2091	2131	1	1	2	2091
KJ942685.1	2102	2163	0	1	1	2163
KJ942685.1	2122	2161	0	1	1	2161
KJ942685.1	2126	2150	1	0	1	2126
KJ942685.1	2139	2163	1	0	1	2139
KJ942685.1	2140	2163	0	1	1	2163
KJ942685.1	2140	2166	15	5	20	2140
KJ942685.1	2151	2224	3	1	4	2151
KJ942685.1	2157	2182	2	3	5	2157
KJ942685.1	2157	2266	1	0	1	2157
KJ942685.1	2163	2218	2	0	2	2163
KJ942685.1	2163	2375	0	1	1	2375
KJ942685.1	2172	2226	13	2	15	2172
KJ942685.1	2183	2228	2	0	2	2183
KJ942685.1	2195	2223	1	0	1	2195
KJ942685.1	2232	2361	0	1	1	2361
KJ942685.1	238	2201	1	0	1	238
KJ942685.1	247	282	1	0	1	247
KJ942685.1	248	597	1	0	1	248
KJ942685.1	253	398	1	0	1	253
KJ942685.1	255	2184	1	0	1	255
KJ942685.1	255	282	16	6	22	255
KJ942685.1	258	2346	1	0	1	258
KJ942685.1	259	2293	1	0	1	259
KJ942685.1	262	2265	1	0	1	262
KJ942685.1	266	2269	1	0	1	266
KJ942685.1	266	295	1	0	1	266
KJ942685.1	266	589	1	0	1	266
KJ942685.1	279	2262	1	0	1	279
KJ942685.1	280	316	1	0	1	280
KJ942685.1	280	323	1	0	1	280
KJ942685.1	282	2185	1	0	1	282
KJ942685.1	285	2073	1	0	1	285
KJ942685.1	287	337	1	0	1	287
KJ942685.1	291	2004	1	0	1	291
KJ942685.1	291	2292	5	1	6	291
KJ942685.1	293	2173	1	0	1	293
KJ942685.1	293	323	5	1	6	293
KJ942685.1	294	2227	2	1	3	294
KJ942685.1	294	338	4	1	5	294
KJ942685.1	295	2270	3	1	4	295
KJ942685.1	297	2261	1	0	1	297
KJ942685.1	297	319	1	0	1	297
KJ942685.1	298	1855	1	0	1	298
KJ942685.1	298	2282	1	0	1	298
KJ942685.1	301	2139	1	0	1	301
KJ942685.1	301	2196	27	10	37	301
KJ942685.1	302	2164	2	0	2	302
KJ942685.1	311	2134	0	1	1	2134
KJ942685.1	312	2204	0	3	3	2204
KJ942685.1	312	744	0	1	1	744
KJ942685.1	314	2248	0	1	1	2248
KJ942685.1	315	2179	0	1	1	2179
KJ942685.1	321	345	0	15	15	345
KJ942685.1	321	359	0	1	1	359
KJ942685.1	330	2293	0	1	1	2293
KJ942685.1	333	2188	0	10	10	2188
KJ942685.1	336	2198	1	0	1	336
KJ942685.1	336	2269	0	3	3	2269
KJ942685.1	336	374	0	2	2	374
KJ942685.1	336	422	0	1	1	422
KJ942685.1	338	2228	0	1	1	2228
KJ942685.1	341	2281	1	5	6	341
KJ942685.1	342	2167	0	1	1	2167
KJ942685.1	342	2226	0	3	3	2226
KJ942685.1	342	379	0	2	2	379
KJ942685.1	343	2160	0	1	1	2160
KJ942685.1	343	2222	0	1	1	2222
KJ942685.1	344	2145	0	5	5	2145
KJ942685.1	344	2160	0	1	1	2160
KJ942685.1	344	2178	1	1	2	344
KJ942685.1	344	2182	0	1	1	2182
KJ942685.1	344	2226	0	3	3	2226
KJ942685.1	344	2282	2	0	2	344
KJ942685.1	344	2293	1	0	1	344
KJ942685.1	344	417	0	1	1	417
KJ942685.1	345	2159	0	3	3	2159
KJ942685.1	345	2174	0	29	29	2174
KJ942685.1	345	2191	0	2	2	2191
KJ942685.1	345	2199	0	1	1	2199
KJ942685.1	345	2200	0	1	1	2200
KJ942685.1	345	2236	0	1	1	2236
KJ942685.1	345	379	0	1	1	379
KJ942685.1	345	395	0	9	9	395
KJ942685.1	346	2153	0	3	3	2153
KJ942685.1	346	2168	0	1	1	2168
KJ942685.1	346	2180	33	121	154	346
KJ942685.1	346	2204	0	1	1	2204
KJ942685.1	346	374	0	1	1	374
KJ942685.1	346	376	0	1	1	376
KJ942685.1	346	388	0	9	9	388
KJ942685.1	346	414	0	1	1	414
KJ942685.1	349	2185	2	2	4	349
KJ942685.1	353	2152	0	1	1	2152
KJ942685.1	354	2189	0	4	4	2189
KJ942685.1	356	2151	1	8	9	356
KJ942685.1	356	414	1	6	7	356
KJ942685.1	357	2192	1	0	1	357
KJ942685.1	358	2089	1	0	1	358
KJ942685.1	369	2028	0	1	1	2028
KJ942685.1	369	2182	0	1	1	2182
KJ942685.1	370	2159	0	1	1	2159
KJ942685.1	370	2209	0	2	2	2209
KJ942685.1	370	402	0	1	1	402
KJ942685.1	371	2171	0	3	3	2171
KJ942685.1	371	2193	0	1	1	2193
KJ942685.1	372	2146	0	1	1	2146
KJ942685.1	372	2197	11	28	39	372
KJ942685.1	373	2178	12	51	63	373
KJ942685.1	374	2159	0	1	1	2159
KJ942685.1	375	2182	0	1	1	2182
KJ942685.1	378	2159	0	2	2	2159
KJ942685.1	378	2171	0	1	1	2171
KJ942685.1	379	2182	0	1	1	2182
KJ942685.1	379	2242	0	1	1	2242
KJ942685.1	386	476	2	2	4	386
KJ942685.1	388	2131	1	0	1	388
KJ942685.1	395	2160	0	1	1	2160
KJ942685.1	395	2219	1	0	1	395
KJ942685.1	396	2143	1	2	3	396
KJ942685.1	396	2158	1	1	2	396
KJ942685.1	396	2166	0	1	1	2166
KJ942685.1	396	2173	8	32	40	396
KJ942685.1	396	2180	0	2	2	2180
KJ942685.1	396	2276	1	1	2	396
KJ942685.1	396	523	0	1	1	523
KJ942685.1	397	2183	0	2	2	2183
KJ942685.1	397	2227	1	3	4	397
KJ942685.1	398	2054	1	0	1	398
KJ942685.1	398	2144	0	3	3	2144
KJ942685.1	399	1111	0	2	2	1111
KJ942685.1	399	1959	1	0	1	399
KJ942685.1	400	1646	1	0	1	400
KJ942685.1	401	2154	0	2	2	2154
KJ942685.1	401	2181	6	12	18	401
KJ942685.1	403	2161	0	1	1	2161
KJ942685.1	403	2173	0	1	1	2173
KJ942685.1	412	2219	0	1	1	2219
KJ942685.1	414	1851	1	0	1	414
KJ942685.1	414	2135	0	2	2	2135
KJ942685.1	414	2152	0	1	1	2152
KJ942685.1	414	2159	1	2	3	414
KJ942685.1	414	2171	0	2	2	2171
KJ942685.1	414	523	0	1	1	523
KJ942685.1	415	2071	0	1	1	2071
KJ942685.1	415	2145	0	1	1	2145
KJ942685.1	416	2021	1	0	1	416
KJ942685.1	416	2030	4	7	11	416
KJ942685.1	416	2162	0	1	1	2162
KJ942685.1	416	2166	7	16	23	416
KJ942685.1	417	2042	0	1	1	2042
KJ942685.1	417	2071	4	19	23	417
KJ942685.1	417	2158	0	1	1	2158
KJ942685.1	419	1855	1	0	1	419
KJ942685.1	419	2155	33	62	95	419
KJ942685.1	420	448	0	1	1	448
KJ942685.1	421	2101	4	7	11	421
KJ942685.1	422	457	0	1	1	457
KJ942685.1	423	2159	0	1	1	2159
KJ942685.1	426	2074	2	2	4	426
KJ942685.1	426	2193	0	1	1	2193
KJ942685.1	426	454	0	1	1	454
KJ942685.1	426	456	0	2	2	456
KJ942685.1	427	2101	0	1	1	2101
KJ942685.1	427	2142	0	1	1	2142
KJ942685.1	427	2227	0	1	1	2227
KJ942685.1	428	2203	0	1	1	2203
KJ942685.1	429	2271	0	1	1	2271
KJ942685.1	438	2246	0	1	1	2246
KJ942685.1	439	2197	1	1	2	439
KJ942685.1	439	768	0	1	1	768
KJ942685.1	440	2116	1	0	1	440
KJ942685.1	443	2120	4	9	13	443
KJ942685.1	444	2132	3	7	10	444
KJ942685.1	446	1967	0	1	1	1967
KJ942685.1	446	2226	10	4	14	446
KJ942685.1	447	1896	1	0	1	447
KJ942685.1	447	2144	0	1	1	2144
KJ942685.1	447	2185	0	1	1	2185
KJ942685.1	449	2074	2	5	7	449
KJ942685.1	449	537	0	1	1	537
KJ942685.1	451	2196	1	2	3	451
KJ942685.1	452	1714	0	1	1	1714
KJ942685.1	452	2144	3	2	5	452
KJ942685.1	453	2189	0	1	1	2189
KJ942685.1	453	980	0	1	1	980
KJ942685.1	459	2120	0	1	1	2120
KJ942685.1	460	2100	2	1	3	460
KJ942685.1	461	2147	0	1	1	2147
KJ942685.1	464	2041	1	0	1	464
KJ942685.1	465	2167	1	1	2	465
KJ942685.1	465	497	0	1	1	497
KJ942685.1	465	512	0	2	2	512
KJ942685.1	470	2112	0	2	2	2112
KJ942685.1	470	2159	1	0	1	470
KJ942685.1	471	2029	0	1	1	2029
KJ942685.1	471	2101	1	2	3	471
KJ942685.1	473	1713	1	0	1	473
KJ942685.1	477	2049	9	22	31	477
KJ942685.1	483	2043	0	2	2	2043
KJ942685.1	486	1914	5	13	18	486
KJ942685.1	486	2123	1	0	1	486
KJ942685.1	488	1893	0	1	1	1893
KJ942685.1	488	2195	0	1	1	2195
KJ942685.1	489	549	5	18	23	489
KJ942685.1	493	1905	1	1	2	493
KJ942685.1	493	2158	0	1	1	2158
KJ942685.1	494	2021	1	2	3	494
KJ942685.1	495	2020	0	1	1	2020
KJ942685.1	495	526	1	0	1	495
KJ942685.1	498	2159	1	0	1	498
KJ942685.1	501	2045	0	1	1	2045
KJ942685.1	503	526	0	1	1	526
KJ942685.1	509	1962	1	0	1	509
KJ942685.1	510	2068	1	0	1	510
KJ942685.1	510	562	0	1	1	562
KJ942685.1	512	2016	0	1	1	2016
KJ942685.1	513	2079	13	2	15	513
KJ942685.1	514	549	0	2	2	549
KJ942685.1	515	2132	1	1	2	515
KJ942685.1	518	561	3	1	4	518
KJ942685.1	522	2100	1	1	2	522
KJ942685.1	522	2131	0	1	1	2131
KJ942685.1	523	2012	1	0	1	523
KJ942685.1	523	2022	1	0	1	523
KJ942685.1	523	2080	0	1	1	2080
KJ942685.1	524	2192	0	1	1	2192
KJ942685.1	532	1993	1	0	1	532
KJ942685.1	542	589	0	1	1	589
KJ942685.1	548	2155	9	10	19	548
KJ942685.1	549	1945	1	0	1	549
KJ942685.1	549	2164	0	1	1	2164
KJ942685.1	552	2057	1	0	1	552
KJ942685.1	552	2158	0	1	1	2158
KJ942685.1	553	1929	1	0	1	553
KJ942685.1	555	1873	1	0	1	555
KJ942685.1	557	2158	37	2	39	557
KJ942685.1	558	1983	0	1	1	1983
KJ942685.1	558	2021	2	1	3	558
KJ942685.1	560	1945	1	0	1	560
KJ942685.1	560	2075	1	0	1	560
KJ942685.1	562	2016	1	0	1	562
KJ942685.1	562	2088	1	0	1	562
KJ942685.1	562	2183	0	1	1	2183
KJ942685.1	564	1689	0	1	1	1689
KJ942685.1	566	1882	12	12	24	566
KJ942685.1	566	2001	9	3	12	566
KJ942685.1	566	2010	1	0	1	566
KJ942685.1	566	2051	1	0	1	566
KJ942685.1	566	740	1	0	1	566
KJ942685.1	568	1761	2	3	5	568
KJ942685.1	572	2006	1	0	1	572
KJ942685.1	574	1982	0	1	1	1982
KJ942685.1	575	2086	0	1	1	2086
KJ942685.1	577	659	1	0	1	577
KJ942685.1	579	1492	1	0	1	579
KJ942685.1	586	1252	1	0	1	586
KJ942685.1	591	1731	0	1	1	1731
KJ942685.1	595	1972	2	0	2	595
KJ942685.1	596	1805	1	0	1	596
KJ942685.1	598	1796	1	0	1	598
KJ942685.1	600	1982	0	1	1	1982
KJ942685.1	600	795	0	1	1	795
KJ942685.1	602	2002	1	0	1	602
KJ942685.1	604	2007	0	1	1	2007
KJ942685.1	606	2006	4	5	9	606
KJ942685.1	607	1949	1	0	1	607
KJ942685.1	607	2013	2	0	2	607
KJ942685.1	611	1888	1	0	1	611
KJ942685.1	611	1927	0	1	1	1927
KJ942685.1	615	1868	14	17	31	615
KJ942685.1	617	1895	15	12	27	617
KJ942685.1	618	2159	17	12	29	618
KJ942685.1	619	1892	0	3	3	1892
KJ942685.1	622	1961	1	0	1	622
KJ942685.1	623	1923	5	1	6	623
KJ942685.1	628	1101	1	0	1	628
KJ942685.1	628	1842	1	0	1	628
KJ942685.1	628	1949	0	1	1	1949
KJ942685.1	630	1886	0	1	1	1886
KJ942685.1	630	2023	108	88	196	630
KJ942685.1	635	2050	0	1	1	2050
KJ942685.1	638	1973	8	4	12	638
KJ942685.1	640	2049	1	0	1	640
KJ942685.1	646	1923	1	0	1	646
KJ942685.1	647	1883	0	1	1	1883
KJ942685.1	648	1954	0	1	1	1954
KJ942685.1	649	1902	0	1	1	1902
KJ942685.1	650	2079	0	1	1	2079
KJ942685.1	651	1785	1	0	1	651
KJ942685.1	651	1873	1	0	1	651
KJ942685.1	653	2082	1	1	2	653
KJ942685.1	658	859	1	0	1	658
KJ942685.1	661	1467	1	0	1	661
KJ942685.1	663	1929	1	1	2	663
KJ942685.1	664	1899	10	10	20	664
KJ942685.1	674	1938	1	0	1	674
KJ942685.1	683	1924	3	1	4	683
KJ942685.1	684	1881	2	1	3	684
KJ942685.1	684	1906	0	2	2	1906
KJ942685.1	684	1934	9	9	18	684
KJ942685.1	686	1784	1	0	1	686
KJ942685.1	688	1841	1	1	2	688
KJ942685.1	690	1940	0	1	1	1940
KJ942685.1	690	1967	1	1	2	690
KJ942685.1	691	1716	1	1	2	691
KJ942685.1	692	2051	1	0	1	692
KJ942685.1	699	1911	0	1	1	1911
KJ942685.1	709	2392	0	1	1	2392
KJ942685.1	709	923	1	0	1	709
KJ942685.1	710	2006	0	1	1	2006
KJ942685.1	712	1853	7	5	12	712
KJ942685.1	713	1366	0	1	1	1366
KJ942685.1	713	1838	1	0	1	713
KJ942685.1	713	752	0	1	1	752
KJ942685.1	714	1852	1	0	1	714
KJ942685.1	714	2102	1	0	1	714
KJ942685.1	721	1853	4	0	4	721
KJ942685.1	728	1831	3	2	5	728
KJ942685.1	731	2281	0	1	1	2281
KJ942685.1	734	1658	0	1	1	1658
KJ942685.1	736	1856	0	1	1	1856
KJ942685.1	737	1406	0	1	1	1406
KJ942685.1	742	1838	3	0	3	742
KJ942685.1	742	1870	0	1	1	1870
KJ942685.1	746	1934	0	2	2	1934
KJ942685.1	747	2024	0	1	1	2024
KJ942685.1	759	1654	0	1	1	1654
KJ942685.1	761	1852	1	0	1	761
KJ942685.1	764	1750	1	0	1	764
KJ942685.1	765	1734	1	0	1	765
KJ942685.1	768	1798	1	0	1	768
KJ942685.1	772	1767	1	0	1	772
KJ942685.1	776	852	0	1	1	852
KJ942685.1	777	1689	2	0	2	777
KJ942685.1	780	2091	1	0	1	780
KJ942685.1	784	2066	0	1	1	2066
KJ942685.1	785	1735	0	1	1	1735
KJ942685.1	785	1853	0	1	1	1853
KJ942685.1	787	1837	22	18	40	787
KJ942685.1	797	1845	1	0	1	797
KJ942685.1	804	1877	1	0	1	804
KJ942685.1	809	1747	0	1	1	1747
KJ942685.1	820	1612	1	0	1	820
KJ942685.1	822	2287	0	1	1	2287
KJ942685.1	829	1849	0	2	2	1849
KJ942685.1	830	1816	6	1	7	830
KJ942685.1	833	1114	0	1	1	1114
KJ942685.1	834	1837	2	3	5	834
KJ942685.1	841	1849	0	1	1	1849
KJ942685.1	843	1628	1	1	2	843
KJ942685.1	848	2070	1	0	1	848
KJ942685.1	849	2083	0	1	1	2083
KJ942685.1	856	1639	1	1	2	856
KJ942685.1	859	1766	1	0	1	859
KJ942685.1	861	1662	1	0	1	861
KJ942685.1	868	2265	1	0	1	868
KJ942685.1	906	1647	0	1	1	1647
KJ942685.1	907	1636	0	1	1	1636
KJ942685.1	925	1658	1	1	2	925
KJ942685.1	926	2256	1	0	1	926
KJ942685.1	937	1090	1	0	1	937
KJ942685.1	944	1442	0	1	1	1442
KJ942685.1	951	1647	1	0	1	951
KJ942685.1	966	1354	0	1	1	1354
KJ942686.1	1012	1355	1	2	3	1012
KJ942686.1	1014	1617	1	0	1	1014
KJ942686.1	1016	1047	1	0	1	1016
KJ942686.1	1032	2270	0	1	1	2270
KJ942686.1	1050	2122	1	0	1	1050
KJ942686.1	1076	1632	0	1	1	1632
KJ942686.1	1092	1682	1	0	1	1092
KJ942686.1	1127	2339	1	0	1	1127
KJ942686.1	1134	2268	0	1	1	2268
KJ942686.1	1135	1560	1	0	1	1135
KJ942686.1	1139	2010	0	1	1	2010
KJ942686.1	1153	2066	0	1	1	2066
KJ942686.1	1158	2029	0	1	1	2029
KJ942686.1	1184	1290	1	0	1	1184
KJ942686.1	1192	2149	0	1	1	2149
KJ942686.1	1197	1800	1	0	1	1197
KJ942686.1	1216	1451	0	1	1	1451
KJ942686.1	1281	2125	1	0	1	1281
KJ942686.1	1281	2452	1	1	2	1281
KJ942686.1	1297	1708	0	1	1	1708
KJ942686.1	1305	1340	0	1	1	1340
KJ942686.1	1307	2019	0	1	1	2019
KJ942686.1	1315	2052	0	1	1	2052
KJ942686.1	1316	1358	0	1	1	1358
KJ942686.1	1344	1481	1	0	1	1344
KJ942686.1	1410	1643	1	0	1	1410
KJ942686.1	1442	1809	0	1	1	1809
KJ942686.1	1443	1561	1	0	1	1443
KJ942686.1	1562	2368	1	0	1	1562
KJ942686.1	1588	2296	0	1	1	2296
KJ942686.1	1616	1704	0	1	1	1704
KJ942686.1	1632	1693	0	1	1	1693
KJ942686.1	1640	2217	1	0	1	1640
KJ942686.1	1660	2273	0	1	1	2273
KJ942686.1	1673	1936	0	1	1	1936
KJ942686.1	1726	2194	0	1	1	2194
KJ942686.1	1842	1908	1	0	1	1842
KJ942686.1	1851	2170	1	0	1	1851
KJ942686.1	1856	2093	0	1	1	2093
KJ942686.1	1915	2486	0	1	1	2486
KJ942686.1	1918	2093	1	0	1	1918
KJ942686.1	1968	2068	0	1	1	2068
KJ942686.1	2015	2311	0	2	2	2311
KJ942686.1	2020	2130	3	4	7	2020
KJ942686.1	2021	2274	0	1	1	2274
KJ942686.1	2026	2120	0	1	1	2120
KJ942686.1	2034	2131	1	1	2	2034
KJ942686.1	2038	2426	1	0	1	2038
KJ942686.1	2047	2118	2	0	2	2047
KJ942686.1	2062	2139	12	4	16	2062
KJ942686.1	2068	2331	0	1	1	2331
KJ942686.1	2172	2256	1	0	1	2172
KJ942686.1	2200	2246	0	1	1	2246
KJ942686.1	2203	2405	0	2	2	2405
KJ942686.1	2225	2252	1	0	1	2225
KJ942686.1	2232	2316	17	3	20	2232
KJ942686.1	2233	2312	1	0	1	2233
KJ942686.1	2245	2311	1	0	1	2245
KJ942686.1	2246	2460	0	1	1	2460
KJ942686.1	2300	2340	2	0	2	2300
KJ942686.1	2303	2347	3	0	3	2303
KJ942686.1	2307	2358	1	0	1	2307
KJ942686.1	2311	2344	2	0	2	2311
KJ942686.1	2329	2354	85	10	95	2329
KJ942686.1	2330	2352	2	0	2	2330
KJ942686.1	2331	2365	1	0	1	2331
KJ942686.1	2331	2461	1	6	7	2331
KJ942686.1	2332	2354	1	0	1	2332
KJ942686.1	2340	2388	58	9	67	2340
KJ942686.1	2340	2460	2	2	4	2340
KJ942686.1	2341	2368	101	37	138	2341
KJ942686.1	2351	2436	1	0	1	2351
KJ942686.1	2356	2460	1	5	6	2356
KJ942686.1	236	2124	1	0	1	236
KJ942686.1	236	707	1	0	1	236
KJ942686.1	2394	2459	7	9	16	2394
KJ942686.1	2411	2461	0	3	3	2461
KJ942686.1	2412	2500	0	1	1	2500
KJ942686.1	2419	2461	1	2	3	2419
KJ942686.1	2422	2459	10	16	26	2422
KJ942686.1	2423	2459	0	3	3	2459
KJ942686.1	2435	2460	0	3	3	2460
KJ942686.1	2437	2459	0	2	2	2459
KJ942686.1	248	1628	1	0	1	248
KJ942686.1	248	328	3	0	3	248
KJ942686.1	249	299	3	0	3	249
KJ942686.1	250	2369	1	0	1	250
KJ942686.1	250	2412	1	0	1	250
KJ942686.1	250	319	3	0	3	250
KJ942686.1	251	2292	4	0	4	251
KJ942686.1	253	2315	1	0	1	253
KJ942686.1	255	2311	1	0	1	255
KJ942686.1	255	2383	3	0	3	255
KJ942686.1	255	2424	1	0	1	255
KJ942686.1	256	2293	1	0	1	256
KJ942686.1	256	2334	26	1	27	256
KJ942686.1	256	2352	6	0	6	256
KJ942686.1	256	2413	9	0	9	256
KJ942686.1	256	2440	1	0	1	256
KJ942686.1	256	300	2	1	3	256
KJ942686.1	256	333	1	0	1	256
KJ942686.1	257	282	2	0	2	257
KJ942686.1	258	2254	1	0	1	258
KJ942686.1	258	628	1	0	1	258
KJ942686.1	260	2424	2	0	2	260
KJ942686.1	275	2192	1	0	1	275
KJ942686.1	278	377	1	0	1	278
KJ942686.1	279	2276	2	0	2	279
KJ942686.1	279	2372	1	0	1	279
KJ942686.1	280	1914	1	0	1	280
KJ942686.1	280	351	3	2	5	280
KJ942686.1	282	1942	1	0	1	282
KJ942686.1	291	2356	1	0	1	291
KJ942686.1	295	2330	2	0	2	295
KJ942686.1	296	2153	1	0	1	296
KJ942686.1	296	2311	64	9	73	296
KJ942686.1	297	2357	1	0	1	297
KJ942686.1	298	2464	0	1	1	2464
KJ942686.1	299	2460	0	2	2	2460
KJ942686.1	301	2342	1	1	2	301
KJ942686.1	315	2352	4	7	11	315
KJ942686.1	323	2291	1	0	1	323
KJ942686.1	324	2176	1	0	1	324
KJ942686.1	325	2463	0	3	3	2463
KJ942686.1	326	2195	1	0	1	326
KJ942686.1	327	2240	0	1	1	2240
KJ942686.1	328	2216	1	0	1	328
KJ942686.1	328	351	10	7	17	328
KJ942686.1	329	2288	2	1	3	329
KJ942686.1	329	354	0	6	6	354
KJ942686.1	331	2192	13	20	33	331
KJ942686.1	331	2389	1	1	2	331
KJ942686.1	332	2194	0	1	1	2194
KJ942686.1	335	2295	1	0	1	335
KJ942686.1	337	2373	1	0	1	337
KJ942686.1	339	2284	1	3	4	339
KJ942686.1	339	2298	41	10	51	339
KJ942686.1	339	2364	2	0	2	339
KJ942686.1	345	2356	1	0	1	345
KJ942686.1	349	2354	2	0	2	349
KJ942686.1	358	2311	1	0	1	358
KJ942686.1	360	2311	1	0	1	360
KJ942686.1	364	2103	13	0	13	364
KJ942686.1	364	2331	0	1	1	2331
KJ942686.1	365	2101	1	0	1	365
KJ942686.1	365	417	0	1	1	417
KJ942686.1	366	2352	1	0	1	366
KJ942686.1	366	2364	2	0	2	366
KJ942686.1	367	2219	1	0	1	367
KJ942686.1	371	2458	1	4	5	371
KJ942686.1	377	2279	1	0	1	377
KJ942686.1	379	434	1	20	21	379
KJ942686.1	381	424	1	1	2	381
KJ942686.1	384	2342	1	0	1	384
KJ942686.1	386	2388	1	0	1	386
KJ942686.1	389	2246	1	0	1	389
KJ942686.1	390	2302	1	1	2	390
KJ942686.1	390	474	2	0	2	390
KJ942686.1	393	477	1	0	1	393
KJ942686.1	395	1938	1	0	1	395
KJ942686.1	398	2308	1	0	1	398
KJ942686.1	399	1956	1	0	1	399
KJ942686.1	400	2266	1	0	1	400
KJ942686.1	401	1943	1	1	2	401
KJ942686.1	401	2252	41	5	46	401
KJ942686.1	401	2343	11	1	12	401
KJ942686.1	404	2368	16	5	21	404
KJ942686.1	405	2197	1	2	3	405
KJ942686.1	407	2321	8	0	8	407
KJ942686.1	409	2199	1	0	1	409
KJ942686.1	409	2316	1	0	1	409
KJ942686.1	415	2352	0	1	1	2352
KJ942686.1	423	2223	2	0	2	423
KJ942686.1	424	2247	3	0	3	424
KJ942686.1	434	2202	1	0	1	434
KJ942686.1	445	2319	10	0	10	445
KJ942686.1	452	1025	1	0	1	452
KJ942686.1	455	2216	1	0	1	455
KJ942686.1	455	2281	1	0	1	455
KJ942686.1	455	2364	2	0	2	455
KJ942686.1	465	2234	0	1	1	2234
KJ942686.1	470	2431	1	0	1	470
KJ942686.1	471	2159	0	1	1	2159
KJ942686.1	471	2235	2	0	2	471
KJ942686.1	471	2252	0	1	1	2252
KJ942686.1	472	2248	0	1	1	2248
KJ942686.1	483	2247	8	17	25	483
KJ942686.1	485	2098	1	0	1	485
KJ942686.1	505	2209	0	1	1	2209
KJ942686.1	511	2172	1	0	1	511
KJ942686.1	515	2207	0	3	3	2207
KJ942686.1	517	909	0	1	1	909
KJ942686.1	524	1119	1	0	1	524
KJ942686.1	538	2071	0	1	1	2071
KJ942686.1	538	2164	0	1	1	2164
KJ942686.1	540	2083	2	0	2	540
KJ942686.1	550	2076	0	1	1	2076
KJ942686.1	551	2101	29	20	49	551
KJ942686.1	554	2104	0	1	1	2104
KJ942686.1	558	1935	0	1	1	1935
KJ942686.1	573	2102	1	0	1	573
KJ942686.1	579	2129	2	2	4	579
KJ942686.1	584	1211	0	1	1	1211
KJ942686.1	591	1996	2	0	2	591
KJ942686.1	591	2153	7	1	8	591
KJ942686.1	593	885	0	1	1	885
KJ942686.1	596	2039	0	1	1	2039
KJ942686.1	611	2120	3	3	6	611
KJ942686.1	612	2103	0	1	1	2103
KJ942686.1	613	2087	1	0	1	613
KJ942686.1	614	2381	1	0	1	614
KJ942686.1	618	2208	1	0	1	618
KJ942686.1	625	2226	1	0	1	625
KJ942686.1	666	2055	1	2	3	666
KJ942686.1	668	2461	0	1	1	2461
KJ942686.1	671	2095	1	0	1	671
KJ942686.1	676	1247	1	0	1	676
KJ942686.1	676	2048	1	0	1	676
KJ942686.1	677	2103	1	0	1	677
KJ942686.1	677	2104	0	1	1	2104
KJ942686.1	680	1115	0	1	1	1115
KJ942686.1	683	2007	12	5	17	683
KJ942686.1	687	1965	0	1	1	1965
KJ942686.1	688	1775	0	1	1	1775
KJ942686.1	688	1955	2	0	2	688
KJ942686.1	689	2290	0	1	1	2290
KJ942686.1	690	1777	11	1	12	690
KJ942686.1	700	2092	2	0	2	700
KJ942686.1	706	1261	1	0	1	706
KJ942686.1	712	1943	0	1	1	1943
KJ942686.1	712	2021	1	0	1	712
KJ942686.1	716	1833	10	6	16	716
KJ942686.1	719	1906	2	1	3	719
KJ942686.1	740	1571	1	0	1	740
KJ942686.1	740	1838	6	2	8	740
KJ942686.1	745	1635	0	1	1	1635
KJ942686.1	746	1983	0	1	1	1983
KJ942686.1	750	1847	0	1	1	1847
KJ942686.1	752	1905	1	0	1	752
KJ942686.1	752	2247	2	0	2	752
KJ942686.1	755	1302	0	1	1	1302
KJ942686.1	756	1821	1	0	1	756
KJ942686.1	756	1959	0	1	1	1959
KJ942686.1	757	1820	1	0	1	757
KJ942686.1	765	1870	1	0	1	765
KJ942686.1	772	1876	0	1	1	1876
KJ942686.1	783	1106	0	1	1	1106
KJ942686.1	786	1724	1	0	1	786
KJ942686.1	791	1885	4	2	6	791
KJ942686.1	796	1861	2	1	3	796
KJ942686.1	800	1883	3	1	4	800
KJ942686.1	804	2060	1	0	1	804
KJ942686.1	810	1849	1	0	1	810
KJ942686.1	814	1194	0	1	1	1194
KJ942686.1	815	1747	1	0	1	815
KJ942686.1	824	1338	1	0	1	824
KJ942686.1	827	1107	1	0	1	827
KJ942686.1	829	2509	0	1	1	2509
KJ942686.1	832	1372	0	1	1	1372
KJ942686.1	840	1758	2	0	2	840
KJ942686.1	842	1791	3	1	4	842
KJ942686.1	847	1139	0	1	1	1139
KJ942686.1	862	1803	1	0	1	862
KJ942686.1	863	1172	1	0	1	863
KJ942686.1	869	1891	1	0	1	869
KJ942686.1	878	2106	1	0	1	878
KJ942686.1	891	1703	0	1	1	1703
KJ942686.1	895	1586	1	1	2	895
KJ942686.1	897	1691	0	1	1	1691
KJ942686.1	897	1807	0	1	1	1807
KJ942686.1	898	1790	0	1	1	1790
KJ942686.1	902	1551	0	1	1	1551
KJ942686.1	902	1666	1	0	1	902
KJ942686.1	913	1778	0	1	1	1778
KJ942686.1	917	1050	1	0	1	917
KJ942686.1	917	1791	1	0	1	917
KJ942686.1	919	1955	0	1	1	1955
KJ942686.1	931	1750	1	1	2	931
KJ942686.1	942	1099	0	1	1	1099
KJ942686.1	943	2386	1	0	1	943
KJ942686.1	945	1692	0	1	1	1692
KJ942686.1	950	1787	1	0	1	950
KJ942686.1	971	1622	1	0	1	971
KJ942686.1	976	2191	1	0	1	976
KJ942686.1	990	1732	1	0	1	990
KJ942686.1	991	1318	0	1	1	1318
KJ942686.1	994	2110	0	1	1	2110
KJ942687.1	1014	1774	0	1	1	1774
KJ942687.1	1132	1556	0	1	1	1556
KJ942687.1	1140	2031	2	1	3	1140
KJ942687.1	1155	2044	0	1	1	2044
KJ942687.1	1186	2165	0	1	1	2165
KJ942687.1	1186	2172	4	3	7	1186
KJ942687.1	1191	2050	0	1	1	2050
KJ942687.1	1193	2178	3	4	7	1193
KJ942687.1	1198	2104	0	8	8	2104
KJ942687.1	1198	2107	23	34	57	1198
KJ942687.1	1232	2130	1	0	1	1232
KJ942687.1	1288	2200	0	1	1	2200
KJ942687.1	1299	2410	1	0	1	1299
KJ942687.1	1314	2163	0	1	1	2163
KJ942687.1	1347	1750	1	0	1	1347
KJ942687.1	1348	2122	3	3	6	1348
KJ942687.1	1369	2390	1	0	1	1369
KJ942687.1	1400	2019	1	0	1	1400
KJ942687.1	1401	2164	0	1	1	2164
KJ942687.1	1406	2050	0	1	1	2050
KJ942687.1	1408	2054	40	61	101	1408
KJ942687.1	1419	2013	5	4	9	1419
KJ942687.1	1429	2122	1	0	1	1429
KJ942687.1	1457	2219	0	2	2	2219
KJ942687.1	1511	2123	1	1	2	1511
KJ942687.1	1592	2282	0	1	1	2282
KJ942687.1	1644	2075	0	1	1	2075
KJ942687.1	1644	2113	1	0	1	1644
KJ942687.1	1666	2051	3	2	5	1666
KJ942687.1	1668	2248	1	0	1	1668
KJ942687.1	1675	2051	1	0	1	1675
KJ942687.1	1689	2021	1	0	1	1689
KJ942687.1	1689	2318	0	1	1	2318
KJ942687.1	1697	2174	0	1	1	2174
KJ942687.1	1704	2096	0	1	1	2096
KJ942687.1	1714	2052	0	2	2	2052
KJ942687.1	1715	2051	1	6	7	1715
KJ942687.1	1716	2052	1	0	1	1716
KJ942687.1	1718	2318	1	0	1	1718
KJ942687.1	1747	1815	0	1	1	1815
KJ942687.1	1816	2053	3	1	4	1816
KJ942687.1	1987	2313	1	0	1	1987
KJ942687.1	2006	2229	0	1	1	2229
KJ942687.1	2092	2115	1	0	1	2092
KJ942687.1	2157	2410	1	0	1	2157
KJ942687.1	2262	2329	1	0	1	2262
KJ942687.1	2347	2407	6	0	6	2347
KJ942687.1	268	2444	1	0	1	268
KJ942687.1	275	2038	1	0	1	275
KJ942687.1	299	2452	1	0	1	299
KJ942687.1	310	2249	1	0	1	310
KJ942687.1	310	2478	0	1	1	2478
KJ942687.1	314	493	0	1	1	493
KJ942687.1	316	2230	1	0	1	316
KJ942687.1	318	2310	1	6	7	318
KJ942687.1	331	2258	1	0	1	331
KJ942687.1	331	2329	1	0	1	331
KJ942687.1	341	1333	1	0	1	341
KJ942687.1	347	1499	1	0	1	347
KJ942687.1	353	1982	1	0	1	353
KJ942687.1	360	2401	1	0	1	360
KJ942687.1	361	2250	0	1	1	2250
KJ942687.1	382	426	2	3	5	382
KJ942687.1	383	2311	2	0	2	383
KJ942687.1	386	2328	0	5	5	2328
KJ942687.1	386	2332	0	1	1	2332
KJ942687.1	395	2232	1	0	1	395
KJ942687.1	395	2332	0	5	5	2332
KJ942687.1	395	481	0	1	1	481
KJ942687.1	395	501	161	435	596	395
KJ942687.1	397	2312	0	1	1	2312
KJ942687.1	400	2066	1	0	1	400
KJ942687.1	400	2278	0	1	1	2278
KJ942687.1	401	2299	2	1	3	401
KJ942687.1	411	2313	0	1	1	2313
KJ942687.1	415	2303	1	0	1	415
KJ942687.1	420	1670	1	0	1	420
KJ942687.1	422	2175	2	4	6	422
KJ942687.1	422	2294	0	1	1	2294
KJ942687.1	422	535	0	1	1	535
KJ942687.1	453	2212	2	2	4	453
KJ942687.1	457	2218	15	2	17	457
KJ942687.1	459	2233	245	408	653	459
KJ942687.1	467	1328	0	1	1	1328
KJ942687.1	473	2397	0	1	1	2397
KJ942687.1	479	2210	28	30	58	479
KJ942687.1	492	2128	0	1	1	2128
KJ942687.1	492	2353	27	0	27	492
KJ942687.1	503	2224	0	1	1	2224
KJ942687.1	503	2348	4	0	4	503
KJ942687.1	505	2159	4	3	7	505
KJ942687.1	507	2131	1	0	1	507
KJ942687.1	522	2274	1	0	1	522
KJ942687.1	527	2130	0	1	1	2130
KJ942687.1	534	1337	1	0	1	534
KJ942687.1	537	649	0	1	1	649
KJ942687.1	557	2168	0	1	1	2168
KJ942687.1	558	2135	0	1	1	2135
KJ942687.1	559	2086	0	1	1	2086
KJ942687.1	559	2185	3	1	4	559
KJ942687.1	574	2088	12	8	20	574
KJ942687.1	585	2045	1	0	1	585
KJ942687.1	590	2219	0	1	1	2219
KJ942687.1	592	2037	2	0	2	592
KJ942687.1	601	1303	0	1	1	1303
KJ942687.1	606	1981	1	0	1	606
KJ942687.1	617	1413	0	1	1	1413
KJ942687.1	633	1838	0	1	1	1838
KJ942687.1	644	2398	1	0	1	644
KJ942687.1	648	2170	2	0	2	648
KJ942687.1	668	2017	1	0	1	668
KJ942687.1	676	1955	0	1	1	1955
KJ942687.1	708	1986	1	0	1	708
KJ942687.1	728	1952	1	0	1	728
KJ942687.1	730	2234	1	0	1	730
KJ942687.1	754	1749	1	1	2	754
KJ942687.1	756	1826	1	1	2	756
KJ942687.1	764	2023	2	0	2	764
KJ942687.1	775	1447	1	0	1	775
KJ942687.1	775	1861	1	0	1	775
KJ942687.1	786	1961	0	1	1	1961
KJ942687.1	788	1858	1	0	1	788
KJ942687.1	793	2006	2	1	3	793
KJ942687.1	805	1793	0	1	1	1793
KJ942687.1	846	1553	0	1	1	1553
KJ942687.1	870	1829	2	3	5	870
KJ942687.1	875	1786	1	0	1	875
KJ942687.1	879	1859	1	0	1	879
KJ942687.1	880	1825	0	1	1	1825
KJ942687.1	939	1805	0	3	3	1805
KJ942687.1	975	1645	1	0	1	975
KJ942687.1	985	2049	1	0	1	985
