Segment	Start	Stop	Forward_support	Reverse_support	Total_support	Fuzz_factor
KJ942680.1	1008	1656	1	0	1	1008
KJ942680.1	1010	1405	1	0	1	1010
KJ942680.1	1014	1189	1	0	1	1014
KJ942680.1	1021	1115	1	0	1	1021
KJ942680.1	1054	1722	1	0	1	1054
KJ942680.1	1056	1463	1	0	1	1056
KJ942680.1	1067	1695	1	0	1	1067
KJ942680.1	1072	1273	0	1	1	1273
KJ942680.1	1077	1492	1	0	1	1077
KJ942680.1	1082	1897	0	1	1	1897
KJ942680.1	1094	1222	0	1	1	1222
KJ942680.1	1110	1940	0	1	1	1940
KJ942680.1	1113	1303	0	1	1	1303
KJ942680.1	1123	1155	0	1	1	1155
KJ942680.1	1149	1649	0	1	1	1649
KJ942680.1	1181	1748	1	0	1	1181
KJ942680.1	1186	1631	0	1	1	1631
KJ942680.1	1198	1882	0	1	1	1882
KJ942680.1	1212	1714	1	0	1	1212
KJ942680.1	1219	1335	0	1	1	1335
KJ942680.1	1227	1832	1	0	1	1227
KJ942680.1	1240	1606	0	1	1	1606
KJ942680.1	1248	1771	1	0	1	1248
KJ942680.1	1264	1916	0	1	1	1916
KJ942680.1	1278	1649	1	0	1	1278
KJ942680.1	1298	1880	0	1	1	1880
KJ942680.1	1322	1755	0	1	1	1755
KJ942680.1	1332	1605	1	0	1	1332
KJ942680.1	1366	1552	0	1	1	1552
KJ942680.1	1372	1771	1	0	1	1372
KJ942680.1	1382	1913	0	1	1	1913
KJ942680.1	1388	1464	1	0	1	1388
KJ942680.1	1455	1580	0	1	1	1580
KJ942680.1	1484	1905	0	1	1	1905
KJ942680.1	1501	1833	1	0	1	1501
KJ942680.1	1533	1745	1	0	1	1533
KJ942680.1	1566	1771	1	0	1	1566
KJ942680.1	1614	1722	0	1	1	1722
KJ942680.1	1698	1847	1	0	1	1698
KJ942680.1	1702	1754	1	0	1	1702
KJ942680.1	1765	1805	1	0	1	1765
KJ942680.1	242	958	1	0	1	242
KJ942680.1	261	1601	1	0	1	261
KJ942680.1	268	1721	1	0	1	268
KJ942680.1	274	1106	1	0	1	274
KJ942680.1	278	1718	1	0	1	278
KJ942680.1	294	1227	1	0	1	294
KJ942680.1	298	560	1	0	1	298
KJ942680.1	302	1203	1	0	1	302
KJ942680.1	303	768	1	0	1	303
KJ942680.1	307	1621	1	0	1	307
KJ942680.1	310	1377	1	0	1	310
KJ942680.1	316	1167	0	1	1	1167
KJ942680.1	316	1397	0	2	2	1397
KJ942680.1	338	1397	1	0	1	338
KJ942680.1	344	1132	0	1	1	1132
KJ942680.1	362	1648	0	1	1	1648
KJ942680.1	383	1792	0	1	1	1792
KJ942680.1	385	1195	1	0	1	385
KJ942680.1	402	613	0	1	1	613
KJ942680.1	407	1744	1	0	1	407
KJ942680.1	409	1832	0	1	1	1832
KJ942680.1	411	581	0	1	1	581
KJ942680.1	413	1809	0	1	1	1809
KJ942680.1	418	1690	0	1	1	1690
KJ942680.1	421	1893	0	1	1	1893
KJ942680.1	425	1340	0	1	1	1340
KJ942680.1	427	1749	1	0	1	427
KJ942680.1	427	700	0	1	1	700
KJ942680.1	432	1631	0	1	1	1631
KJ942680.1	439	1305	0	1	1	1305
KJ942680.1	442	1274	1	0	1	442
KJ942680.1	442	557	0	1	1	557
KJ942680.1	446	1350	0	1	1	1350
KJ942680.1	452	1085	0	1	1	1085
KJ942680.1	453	1004	0	1	1	1004
KJ942680.1	453	1932	0	2	2	1932
KJ942680.1	454	1558	0	1	1	1558
KJ942680.1	460	1472	1	0	1	460
KJ942680.1	469	1499	1	0	1	469
KJ942680.1	471	1461	0	1	1	1461
KJ942680.1	473	1380	0	1	1	1380
KJ942680.1	473	1586	0	1	1	1586
KJ942680.1	477	1148	0	1	1	1148
KJ942680.1	478	1609	1	0	1	478
KJ942680.1	501	1913	0	1	1	1913
KJ942680.1	502	539	1	0	1	502
KJ942680.1	502	886	1	0	1	502
KJ942680.1	504	1143	0	1	1	1143
KJ942680.1	504	1895	0	1	1	1895
KJ942680.1	506	1127	0	1	1	1127
KJ942680.1	507	617	1	0	1	507
KJ942680.1	520	1334	0	1	1	1334
KJ942680.1	520	1871	0	2	2	1871
KJ942680.1	520	1902	0	1	1	1902
KJ942680.1	520	826	1	1	2	520
KJ942680.1	521	1470	0	1	1	1470
KJ942680.1	525	602	0	1	1	602
KJ942680.1	530	792	0	1	1	792
KJ942680.1	531	1695	0	1	1	1695
KJ942680.1	532	1368	0	1	1	1368
KJ942680.1	532	1724	1	0	1	532
KJ942680.1	539	1739	2	3	5	539
KJ942680.1	542	1710	1	1	2	542
KJ942680.1	544	1045	1	0	1	544
KJ942680.1	561	1773	0	2	2	1773
KJ942680.1	562	1650	0	1	1	1650
KJ942680.1	562	866	0	1	1	866
KJ942680.1	565	900	0	1	1	900
KJ942680.1	597	824	0	1	1	824
KJ942680.1	606	1938	0	2	2	1938
KJ942680.1	609	1650	1	0	1	609
KJ942680.1	610	1711	1	0	1	610
KJ942680.1	633	1748	1	0	1	633
KJ942680.1	641	1363	0	1	1	1363
KJ942680.1	675	1393	0	1	1	1393
KJ942680.1	677	876	1	0	1	677
KJ942680.1	678	1815	0	1	1	1815
KJ942680.1	691	1626	0	1	1	1626
KJ942680.1	695	963	0	1	1	963
KJ942680.1	697	1364	0	1	1	1364
KJ942680.1	700	948	0	1	1	948
KJ942680.1	701	1205	0	1	1	1205
KJ942680.1	702	949	0	1	1	949
KJ942680.1	729	1903	0	1	1	1903
KJ942680.1	752	1455	0	1	1	1455
KJ942680.1	757	1748	0	1	1	1748
KJ942680.1	768	1236	1	0	1	768
KJ942680.1	772	1889	0	1	1	1889
KJ942680.1	787	1710	1	0	1	787
KJ942680.1	787	1726	1	0	1	787
KJ942680.1	791	1317	1	0	1	791
KJ942680.1	793	1716	2	0	2	793
KJ942680.1	816	1755	1	0	1	816
KJ942680.1	823	1033	0	1	1	1033
KJ942680.1	823	1231	0	1	1	1231
KJ942680.1	826	920	1	0	1	826
KJ942680.1	841	1084	0	1	1	1084
KJ942680.1	855	1798	1	0	1	855
KJ942680.1	857	1529	1	0	1	857
KJ942680.1	864	1511	1	0	1	864
KJ942680.1	872	1359	1	0	1	872
KJ942680.1	903	1383	1	0	1	903
KJ942680.1	924	1431	1	0	1	924
KJ942680.1	948	1898	0	1	1	1898
KJ942680.1	951	1596	1	0	1	951
KJ942680.1	977	1586	0	1	1	1586
KJ942680.1	982	1774	1	0	1	982
KJ942680.1	985	1875	0	1	1	1875
KJ942680.1	988	1556	1	0	1	988
KJ942681.1	243	1025	1	0	1	243
KJ942681.1	275	689	1	0	1	275
KJ942681.1	287	840	1	0	1	287
KJ942681.1	293	676	1	0	1	293
KJ942681.1	330	622	0	1	1	622
KJ942681.1	357	828	0	1	1	828
KJ942681.1	359	1097	0	1	1	1097
KJ942681.1	372	1019	0	1	1	1019
KJ942681.1	379	1179	0	1	1	1179
KJ942681.1	381	823	1	0	1	381
KJ942681.1	403	647	0	1	1	647
KJ942681.1	408	776	0	1	1	776
KJ942681.1	421	1177	0	1	1	1177
KJ942681.1	439	1123	1	0	1	439
KJ942681.1	443	753	0	1	1	753
KJ942681.1	458	570	1	0	1	458
KJ942681.1	493	701	0	1	1	701
KJ942681.1	548	692	0	1	1	692
KJ942681.1	637	963	1	0	1	637
KJ942681.1	674	764	1	0	1	674
KJ942681.1	681	721	0	1	1	721
KJ942681.1	683	708	0	1	1	708
KJ942681.1	698	894	1	0	1	698
KJ942681.1	700	854	1	0	1	700
KJ942681.1	733	875	0	1	1	875
KJ942681.1	740	1043	0	1	1	1043
KJ942681.1	747	932	1	0	1	747
KJ942681.1	780	1086	0	1	1	1086
KJ942681.1	844	1077	1	0	1	844
KJ942681.1	857	889	0	1	1	889
KJ942681.1	887	921	1	0	1	887
KJ942682.1	1094	1400	1	0	1	1094
KJ942682.1	274	1428	1	0	1	274
KJ942682.1	355	658	0	1	1	658
KJ942682.1	387	1425	0	13	13	1425
KJ942682.1	425	1362	0	1	1	1362
KJ942682.1	470	1104	0	1	1	1104
KJ942682.1	579	1597	0	1	1	1597
KJ942682.1	662	1415	1	0	1	662
KJ942682.1	734	880	0	1	1	880
KJ942682.1	856	1101	0	1	1	1101
KJ942682.1	886	1235	0	1	1	1235
KJ942682.1	980	1087	0	1	1	1087
KJ942683.1	1005	1328	0	1	1	1328
KJ942683.1	1010	1345	0	1	1	1345
KJ942683.1	1101	1289	0	1	1	1289
KJ942683.1	1138	1209	0	1	1	1209
KJ942683.1	1158	1663	0	1	1	1663
KJ942683.1	1205	1579	1	0	1	1205
KJ942683.1	1213	1383	0	1	1	1383
KJ942683.1	1222	1435	1	0	1	1222
KJ942683.1	1323	1432	0	1	1	1432
KJ942683.1	1360	1648	0	1	1	1648
KJ942683.1	1374	1432	0	1	1	1432
KJ942683.1	1433	1541	1	0	1	1433
KJ942683.1	1481	1586	0	1	1	1586
KJ942683.1	1527	1682	0	1	1	1682
KJ942683.1	259	911	1	0	1	259
KJ942683.1	260	1536	2	0	2	260
KJ942683.1	262	613	1	0	1	262
KJ942683.1	265	1686	1	0	1	265
KJ942683.1	277	1473	1	0	1	277
KJ942683.1	279	1436	1	0	1	279
KJ942683.1	285	1717	1	1	2	285
KJ942683.1	291	1011	1	0	1	291
KJ942683.1	294	1484	1	0	1	294
KJ942683.1	295	1100	1	0	1	295
KJ942683.1	297	1603	1	0	1	297
KJ942683.1	298	1551	1	0	1	298
KJ942683.1	307	1558	0	1	1	1558
KJ942683.1	317	1018	1	0	1	317
KJ942683.1	328	1402	0	1	1	1402
KJ942683.1	355	736	1	0	1	355
KJ942683.1	356	960	1	0	1	356
KJ942683.1	359	784	0	1	1	784
KJ942683.1	361	1603	1	0	1	361
KJ942683.1	368	1428	0	1	1	1428
KJ942683.1	389	1352	0	1	1	1352
KJ942683.1	395	1506	0	1	1	1506
KJ942683.1	397	1377	1	0	1	397
KJ942683.1	409	858	0	1	1	858
KJ942683.1	418	482	1	0	1	418
KJ942683.1	419	1392	1	0	1	419
KJ942683.1	435	851	1	0	1	435
KJ942683.1	438	671	0	1	1	671
KJ942683.1	440	1631	1	0	1	440
KJ942683.1	442	813	1	0	1	442
KJ942683.1	442	961	0	1	1	961
KJ942683.1	445	893	0	1	1	893
KJ942683.1	445	973	1	0	1	445
KJ942683.1	446	699	1	0	1	446
KJ942683.1	448	1337	0	1	1	1337
KJ942683.1	449	1403	1	0	1	449
KJ942683.1	453	623	0	1	1	623
KJ942683.1	454	1370	1	0	1	454
KJ942683.1	454	550	0	1	1	550
KJ942683.1	457	1123	0	1	1	1123
KJ942683.1	459	1069	0	1	1	1069
KJ942683.1	480	1064	1	0	1	480
KJ942683.1	486	1430	1	0	1	486
KJ942683.1	488	1578	0	1	1	1578
KJ942683.1	489	1554	0	2	2	1554
KJ942683.1	493	1705	0	1	1	1705
KJ942683.1	498	1621	1	1	2	498
KJ942683.1	499	1625	1	0	1	499
KJ942683.1	507	1067	1	0	1	507
KJ942683.1	513	1579	0	1	1	1579
KJ942683.1	514	1268	0	1	1	1268
KJ942683.1	523	1555	0	1	1	1555
KJ942683.1	537	963	0	1	1	963
KJ942683.1	553	964	1	0	1	553
KJ942683.1	554	1364	1	0	1	554
KJ942683.1	569	1372	1	0	1	569
KJ942683.1	571	1598	0	1	1	1598
KJ942683.1	574	1580	0	1	1	1580
KJ942683.1	574	785	1	0	1	574
KJ942683.1	575	1300	1	0	1	575
KJ942683.1	597	1410	1	0	1	597
KJ942683.1	598	979	0	1	1	979
KJ942683.1	603	1023	0	1	1	1023
KJ942683.1	616	1207	0	1	1	1207
KJ942683.1	632	1323	0	1	1	1323
KJ942683.1	634	1676	1	0	1	634
KJ942683.1	664	1170	1	0	1	664
KJ942683.1	688	752	1	0	1	688
KJ942683.1	697	927	1	0	1	697
KJ942683.1	701	1567	2	0	2	701
KJ942683.1	712	1693	0	1	1	1693
KJ942683.1	717	1493	1	0	1	717
KJ942683.1	722	1621	1	0	1	722
KJ942683.1	738	1194	0	1	1	1194
KJ942683.1	744	970	1	0	1	744
KJ942683.1	757	1254	1	0	1	757
KJ942683.1	761	1364	1	0	1	761
KJ942683.1	761	1377	1	0	1	761
KJ942683.1	765	1603	0	1	1	1603
KJ942683.1	769	1518	1	0	1	769
KJ942683.1	776	823	1	0	1	776
KJ942683.1	780	841	0	1	1	841
KJ942683.1	783	837	0	1	1	837
KJ942683.1	788	1451	1	0	1	788
KJ942683.1	790	1119	0	1	1	1119
KJ942683.1	809	991	0	1	1	991
KJ942683.1	822	1733	0	1	1	1733
KJ942683.1	822	888	1	0	1	822
KJ942683.1	823	1705	0	1	1	1705
KJ942683.1	831	1603	0	2	2	1603
KJ942683.1	855	1383	0	1	1	1383
KJ942683.1	878	1558	1	0	1	878
KJ942683.1	879	950	0	1	1	950
KJ942683.1	891	1417	0	1	1	1417
KJ942683.1	966	1388	1	0	1	966
KJ942683.1	984	1482	1	0	1	984
KJ942684.1	239	901	1	0	1	239
KJ942684.1	249	912	1	0	1	249
KJ942684.1	270	574	1	0	1	270
KJ942684.1	316	820	0	1	1	820
KJ942684.1	332	1060	0	1	1	1060
KJ942684.1	338	464	0	1	1	464
KJ942684.1	384	642	1	0	1	384
KJ942684.1	388	482	0	1	1	482
KJ942684.1	398	693	0	1	1	693
KJ942684.1	432	845	1	0	1	432
KJ942684.1	475	765	0	1	1	765
KJ942684.1	480	1030	0	1	1	1030
KJ942684.1	485	622	0	1	1	622
KJ942684.1	489	634	0	1	1	634
KJ942684.1	491	776	1	0	1	491
KJ942684.1	510	624	0	1	1	624
KJ942684.1	549	654	1	0	1	549
KJ942684.1	579	721	0	1	1	721
KJ942684.1	597	808	1	0	1	597
KJ942684.1	600	677	0	1	1	677
KJ942684.1	600	995	0	1	1	995
KJ942684.1	618	771	0	1	1	771
KJ942684.1	661	702	1	0	1	661
KJ942684.1	667	695	1	0	1	667
KJ942684.1	686	1005	1	0	1	686
KJ942684.1	686	782	0	1	1	782
KJ942684.1	696	947	0	1	1	947
KJ942684.1	712	907	0	1	1	907
KJ942684.1	721	752	1	0	1	721
KJ942684.1	734	996	0	1	1	996
KJ942684.1	779	821	1	0	1	779
KJ942684.1	789	820	0	1	1	820
KJ942684.1	858	1041	0	1	1	1041
KJ942684.1	860	979	1	0	1	860
KJ942685.1	1017	2024	0	1	1	2024
KJ942685.1	1024	2116	0	1	1	2116
KJ942685.1	1025	1739	1	0	1	1025
KJ942685.1	1033	2159	0	1	1	2159
KJ942685.1	1044	1547	1	0	1	1044
KJ942685.1	1044	2364	0	1	1	2364
KJ942685.1	1051	1852	1	0	1	1051
KJ942685.1	1058	1937	0	1	1	1937
KJ942685.1	1060	2236	1	0	1	1060
KJ942685.1	1064	1451	1	0	1	1064
KJ942685.1	1065	2118	0	1	1	2118
KJ942685.1	1075	1529	0	1	1	1529
KJ942685.1	1079	2390	0	1	1	2390
KJ942685.1	1084	2366	0	2	2	2366
KJ942685.1	1090	1199	1	0	1	1090
KJ942685.1	1091	2373	0	2	2	2373
KJ942685.1	1097	1718	1	0	1	1097
KJ942685.1	1099	2381	0	1	1	2381
KJ942685.1	1111	2024	1	0	1	1111
KJ942685.1	1116	2265	1	0	1	1116
KJ942685.1	1122	1405	0	1	1	1405
KJ942685.1	1128	1173	1	0	1	1128
KJ942685.1	1135	1753	1	0	1	1135
KJ942685.1	1136	2069	1	0	1	1136
KJ942685.1	1158	1299	1	0	1	1158
KJ942685.1	1174	1271	1	0	1	1174
KJ942685.1	1175	1561	0	1	1	1561
KJ942685.1	1175	2266	0	1	1	2266
KJ942685.1	1180	1889	0	1	1	1889
KJ942685.1	1198	1443	0	1	1	1443
KJ942685.1	1209	1543	1	0	1	1209
KJ942685.1	1216	1392	1	0	1	1216
KJ942685.1	1220	1968	0	1	1	1968
KJ942685.1	1224	2126	0	1	1	2126
KJ942685.1	1233	1849	1	0	1	1233
KJ942685.1	1241	1879	1	0	1	1241
KJ942685.1	1250	2126	0	1	1	2126
KJ942685.1	1260	1788	0	1	1	1788
KJ942685.1	1262	1293	0	1	1	1293
KJ942685.1	1314	2132	1	0	1	1314
KJ942685.1	1318	1559	0	1	1	1559
KJ942685.1	1319	2225	1	0	1	1319
KJ942685.1	1365	1555	0	1	1	1555
KJ942685.1	1382	1538	1	0	1	1382
KJ942685.1	1394	1955	1	0	1	1394
KJ942685.1	1406	2015	1	0	1	1406
KJ942685.1	1408	2301	0	1	1	2301
KJ942685.1	1415	1469	1	0	1	1415
KJ942685.1	1420	1497	1	0	1	1420
KJ942685.1	1423	1704	1	0	1	1423
KJ942685.1	1434	1936	0	1	1	1936
KJ942685.1	1437	1710	1	0	1	1437
KJ942685.1	1454	1719	0	1	1	1719
KJ942685.1	1465	1986	0	1	1	1986
KJ942685.1	1471	1576	1	0	1	1471
KJ942685.1	1471	2178	1	0	1	1471
KJ942685.1	1492	1600	1	0	1	1492
KJ942685.1	1497	2304	1	0	1	1497
KJ942685.1	1503	1657	0	1	1	1657
KJ942685.1	1524	1547	1	0	1	1524
KJ942685.1	1526	2366	0	1	1	2366
KJ942685.1	1529	2363	0	1	1	2363
KJ942685.1	1533	1638	0	1	1	1638
KJ942685.1	1537	2054	0	1	1	2054
KJ942685.1	1539	2293	0	1	1	2293
KJ942685.1	1544	2072	1	0	1	1544
KJ942685.1	1545	2054	0	1	1	2054
KJ942685.1	1555	2018	1	0	1	1555
KJ942685.1	1561	1845	0	1	1	1845
KJ942685.1	1583	1916	0	1	1	1916
KJ942685.1	1591	1619	1	0	1	1591
KJ942685.1	1592	1623	1	0	1	1592
KJ942685.1	1598	2014	1	0	1	1598
KJ942685.1	1620	1786	1	0	1	1620
KJ942685.1	1630	2145	1	0	1	1630
KJ942685.1	1646	2343	1	0	1	1646
KJ942685.1	1656	2168	0	1	1	2168
KJ942685.1	1663	2094	0	1	1	2094
KJ942685.1	1677	2122	1	0	1	1677
KJ942685.1	1745	2101	1	0	1	1745
KJ942685.1	1773	2311	0	1	1	2311
KJ942685.1	1777	2196	1	0	1	1777
KJ942685.1	1803	1864	1	0	1	1803
KJ942685.1	1835	2030	1	0	1	1835
KJ942685.1	1895	2123	0	1	1	2123
KJ942685.1	1911	2104	0	1	1	2104
KJ942685.1	1978	2184	0	1	1	2184
KJ942685.1	2016	2116	1	0	1	2016
KJ942685.1	2051	2176	1	0	1	2051
KJ942685.1	2177	2207	1	0	1	2177
KJ942685.1	2196	2227	5	2	7	2196
KJ942685.1	2198	2228	1	0	1	2198
KJ942685.1	235	1784	1	0	1	235
KJ942685.1	244	2095	1	0	1	244
KJ942685.1	252	860	1	0	1	252
KJ942685.1	255	2343	1	0	1	255
KJ942685.1	255	465	1	0	1	255
KJ942685.1	271	1897	4	0	4	271
KJ942685.1	285	2073	1	0	1	285
KJ942685.1	288	1724	1	0	1	288
KJ942685.1	293	1409	1	0	1	293
KJ942685.1	293	1729	1	0	1	293
KJ942685.1	293	2301	1	0	1	293
KJ942685.1	300	2013	1	0	1	300
KJ942685.1	306	380	0	1	1	380
KJ942685.1	308	1966	0	1	1	1966
KJ942685.1	314	345	0	4	4	345
KJ942685.1	322	2116	0	3	3	2116
KJ942685.1	342	1773	0	1	1	1773
KJ942685.1	345	2159	1	0	1	345
KJ942685.1	369	2345	0	2	2	2345
KJ942685.1	379	474	0	1	1	474
KJ942685.1	388	2131	0	1	1	2131
KJ942685.1	394	2203	1	0	1	394
KJ942685.1	396	2060	2	8	10	396
KJ942685.1	397	2155	3	4	7	397
KJ942685.1	401	2164	2	2	4	401
KJ942685.1	405	1473	0	1	1	1473
KJ942685.1	408	1721	1	0	1	408
KJ942685.1	409	1195	1	0	1	409
KJ942685.1	416	2158	0	1	1	2158
KJ942685.1	418	1017	0	1	1	1017
KJ942685.1	421	2161	0	1	1	2161
KJ942685.1	439	1550	0	1	1	1550
KJ942685.1	444	2155	0	1	1	2155
KJ942685.1	450	2042	0	1	1	2042
KJ942685.1	459	2246	1	0	1	459
KJ942685.1	465	2382	0	1	1	2382
KJ942685.1	468	1130	2	0	2	468
KJ942685.1	468	875	1	0	1	468
KJ942685.1	481	2051	1	0	1	481
KJ942685.1	485	1704	0	1	1	1704
KJ942685.1	485	893	0	1	1	893
KJ942685.1	489	1879	1	0	1	489
KJ942685.1	494	1476	2	0	2	494
KJ942685.1	495	1582	0	1	1	1582
KJ942685.1	496	1287	0	1	1	1287
KJ942685.1	500	525	0	1	1	525
KJ942685.1	501	2040	4	8	12	501
KJ942685.1	502	1160	0	1	1	1160
KJ942685.1	530	930	0	1	1	930
KJ942685.1	536	1935	1	0	1	536
KJ942685.1	552	2252	1	0	1	552
KJ942685.1	575	1959	1	1	2	575
KJ942685.1	581	1566	1	0	1	581
KJ942685.1	595	1520	1	0	1	595
KJ942685.1	598	1976	1	0	1	598
KJ942685.1	598	631	1	0	1	598
KJ942685.1	603	1236	0	1	1	1236
KJ942685.1	604	1885	1	0	1	604
KJ942685.1	610	1014	1	0	1	610
KJ942685.1	618	2039	1	0	1	618
KJ942685.1	627	2274	1	0	1	627
KJ942685.1	634	1838	1	0	1	634
KJ942685.1	637	1310	0	1	1	1310
KJ942685.1	646	1410	2	0	2	646
KJ942685.1	656	2073	0	1	1	2073
KJ942685.1	665	894	0	1	1	894
KJ942685.1	683	1572	1	0	1	683
KJ942685.1	689	1966	1	0	1	689
KJ942685.1	691	1554	1	0	1	691
KJ942685.1	697	1602	0	1	1	1602
KJ942685.1	700	782	0	2	2	782
KJ942685.1	701	1997	0	1	1	1997
KJ942685.1	703	1695	0	1	1	1695
KJ942685.1	718	2229	0	1	1	2229
KJ942685.1	719	2118	1	0	1	719
KJ942685.1	732	1725	1	0	1	732
KJ942685.1	744	2020	0	1	1	2020
KJ942685.1	750	2194	1	0	1	750
KJ942685.1	757	2334	0	1	1	2334
KJ942685.1	772	1298	0	1	1	1298
KJ942685.1	773	2049	1	0	1	773
KJ942685.1	778	1448	1	0	1	778
KJ942685.1	788	1613	1	0	1	788
KJ942685.1	795	2013	0	1	1	2013
KJ942685.1	809	1996	1	0	1	809
KJ942685.1	812	1995	1	0	1	812
KJ942685.1	821	1523	1	0	1	821
KJ942685.1	825	1721	2	1	3	825
KJ942685.1	826	1716	2	1	3	826
KJ942685.1	826	2293	1	0	1	826
KJ942685.1	828	2296	0	1	1	2296
KJ942685.1	830	2033	1	0	1	830
KJ942685.1	835	949	1	0	1	835
KJ942685.1	836	2304	2	1	3	836
KJ942685.1	843	1724	1	0	1	843
KJ942685.1	855	1839	0	1	1	1839
KJ942685.1	856	1778	1	0	1	856
KJ942685.1	857	2387	0	1	1	2387
KJ942685.1	860	2358	0	1	1	2358
KJ942685.1	865	2084	1	0	1	865
KJ942685.1	870	1285	0	1	1	1285
KJ942685.1	871	1067	0	1	1	1067
KJ942685.1	898	2226	1	0	1	898
KJ942685.1	900	1724	0	1	1	1724
KJ942685.1	908	2364	0	1	1	2364
KJ942685.1	920	2041	0	1	1	2041
KJ942685.1	930	1051	0	1	1	1051
KJ942685.1	935	1984	0	1	1	1984
KJ942685.1	961	2238	1	0	1	961
KJ942685.1	973	1494	1	0	1	973
KJ942685.1	978	2053	0	1	1	2053
KJ942685.1	986	2061	1	0	1	986
KJ942685.1	996	1250	1	0	1	996
KJ942686.1	1002	1579	0	1	1	1579
KJ942686.1	1013	2196	1	0	1	1013
KJ942686.1	1018	1131	1	0	1	1018
KJ942686.1	1025	2279	1	0	1	1025
KJ942686.1	1033	1172	1	0	1	1033
KJ942686.1	1037	1930	0	1	1	1930
KJ942686.1	1049	1313	0	1	1	1313
KJ942686.1	1050	2126	1	0	1	1050
KJ942686.1	1069	2345	1	0	1	1069
KJ942686.1	1075	1797	1	0	1	1075
KJ942686.1	1078	2027	1	0	1	1078
KJ942686.1	1098	1149	0	1	1	1149
KJ942686.1	1102	1222	0	1	1	1222
KJ942686.1	1102	1540	0	1	1	1540
KJ942686.1	1106	1423	0	1	1	1423
KJ942686.1	1113	1487	1	0	1	1113
KJ942686.1	1182	1696	0	1	1	1696
KJ942686.1	1194	2204	1	0	1	1194
KJ942686.1	1221	1472	1	0	1	1221
KJ942686.1	1235	2115	0	1	1	2115
KJ942686.1	1237	1690	1	0	1	1237
KJ942686.1	1240	2229	0	1	1	2229
KJ942686.1	1245	2328	1	0	1	1245
KJ942686.1	1256	1454	0	1	1	1454
KJ942686.1	1282	1815	1	0	1	1282
KJ942686.1	1297	1496	1	0	1	1297
KJ942686.1	1297	2447	0	1	1	2447
KJ942686.1	1301	2319	0	1	1	2319
KJ942686.1	1316	1852	0	1	1	1852
KJ942686.1	1333	2330	1	0	1	1333
KJ942686.1	1389	2483	0	1	1	2483
KJ942686.1	1405	2252	0	1	1	2252
KJ942686.1	1406	1880	0	1	1	1880
KJ942686.1	1414	1616	1	0	1	1414
KJ942686.1	1418	1569	1	0	1	1418
KJ942686.1	1438	1777	1	0	1	1438
KJ942686.1	1444	1632	1	0	1	1444
KJ942686.1	1454	1757	0	1	1	1757
KJ942686.1	1455	1518	1	0	1	1455
KJ942686.1	1456	1867	1	0	1	1456
KJ942686.1	1462	1485	1	0	1	1462
KJ942686.1	1480	1818	1	0	1	1480
KJ942686.1	1494	1754	1	0	1	1494
KJ942686.1	1504	2099	0	1	1	2099
KJ942686.1	1514	2188	0	1	1	2188
KJ942686.1	1545	1985	1	0	1	1545
KJ942686.1	1545	2012	0	1	1	2012
KJ942686.1	1553	1763	0	1	1	1763
KJ942686.1	1603	1724	1	0	1	1603
KJ942686.1	1643	1751	1	0	1	1643
KJ942686.1	1659	2050	0	1	1	2050
KJ942686.1	1666	2372	0	1	1	2372
KJ942686.1	1667	2013	1	0	1	1667
KJ942686.1	1680	1802	0	1	1	1802
KJ942686.1	1713	2244	1	0	1	1713
KJ942686.1	1720	1916	1	0	1	1720
KJ942686.1	1724	1806	0	1	1	1806
KJ942686.1	1727	2107	1	0	1	1727
KJ942686.1	1734	2105	1	0	1	1734
KJ942686.1	1805	1980	0	1	1	1980
KJ942686.1	1816	1921	1	0	1	1816
KJ942686.1	1818	1874	0	1	1	1874
KJ942686.1	1823	2064	0	1	1	2064
KJ942686.1	1875	2465	0	1	1	2465
KJ942686.1	1910	2013	0	1	1	2013
KJ942686.1	2033	2105	0	1	1	2105
KJ942686.1	2055	2199	1	0	1	2055
KJ942686.1	2066	2247	0	1	1	2247
KJ942686.1	2084	2110	0	1	1	2110
KJ942686.1	2092	2427	1	0	1	2092
KJ942686.1	2139	2170	1	0	1	2139
KJ942686.1	2247	2282	1	0	1	2247
KJ942686.1	243	1573	1	0	1	243
KJ942686.1	253	2315	1	0	1	253
KJ942686.1	254	2251	2	0	2	254
KJ942686.1	266	2146	3	0	3	266
KJ942686.1	282	2394	1	0	1	282
KJ942686.1	290	2095	1	0	1	290
KJ942686.1	309	2473	0	1	1	2473
KJ942686.1	323	2486	1	1	2	323
KJ942686.1	324	2382	2	1	3	324
KJ942686.1	346	2460	0	1	1	2460
KJ942686.1	348	2226	1	0	1	348
KJ942686.1	349	1770	1	0	1	349
KJ942686.1	352	1327	0	1	1	1327
KJ942686.1	378	2473	0	1	1	2473
KJ942686.1	385	1321	0	1	1	1321
KJ942686.1	387	1331	0	1	1	1331
KJ942686.1	394	1269	1	0	1	394
KJ942686.1	406	1960	1	0	1	406
KJ942686.1	409	1318	0	1	1	1318
KJ942686.1	421	1237	1	0	1	421
KJ942686.1	424	1798	1	0	1	424
KJ942686.1	429	1629	1	0	1	429
KJ942686.1	430	870	1	0	1	430
KJ942686.1	444	2369	1	0	1	444
KJ942686.1	467	2302	1	0	1	467
KJ942686.1	468	734	0	1	1	734
KJ942686.1	472	1288	0	1	1	1288
KJ942686.1	487	2340	1	0	1	487
KJ942686.1	489	2270	4	0	4	489
KJ942686.1	503	2382	1	0	1	503
KJ942686.1	508	2071	1	0	1	508
KJ942686.1	516	2463	0	1	1	2463
KJ942686.1	523	2215	1	1	2	523
KJ942686.1	527	2270	0	1	1	2270
KJ942686.1	543	565	1	0	1	543
KJ942686.1	544	2487	0	1	1	2487
KJ942686.1	545	568	1	0	1	545
KJ942686.1	560	1311	0	1	1	1311
KJ942686.1	568	2207	0	1	1	2207
KJ942686.1	595	2110	1	0	1	595
KJ942686.1	602	2178	0	1	1	2178
KJ942686.1	614	1645	1	0	1	614
KJ942686.1	638	1655	2	2	4	638
KJ942686.1	641	1218	1	0	1	641
KJ942686.1	647	1663	1	0	1	647
KJ942686.1	649	2213	3	0	3	649
KJ942686.1	649	2310	0	1	1	2310
KJ942686.1	670	2271	1	0	1	670
KJ942686.1	671	2347	0	1	1	2347
KJ942686.1	671	2481	0	1	1	2481
KJ942686.1	678	1215	0	1	1	1215
KJ942686.1	683	711	1	0	1	683
KJ942686.1	689	2290	0	1	1	2290
KJ942686.1	702	735	1	0	1	702
KJ942686.1	706	1574	0	1	1	1574
KJ942686.1	708	2005	0	1	1	2005
KJ942686.1	709	1613	1	0	1	709
KJ942686.1	709	1996	0	1	1	1996
KJ942686.1	715	1173	1	0	1	715
KJ942686.1	724	2076	0	1	1	2076
KJ942686.1	725	2502	0	2	2	2502
KJ942686.1	727	1753	1	0	1	727
KJ942686.1	727	1893	1	0	1	727
KJ942686.1	731	2276	1	0	1	731
KJ942686.1	734	1876	0	1	1	1876
KJ942686.1	745	2003	1	0	1	745
KJ942686.1	746	1654	1	0	1	746
KJ942686.1	749	1014	0	1	1	1014
KJ942686.1	749	1070	0	1	1	1070
KJ942686.1	749	1646	1	0	1	749
KJ942686.1	751	1776	1	0	1	751
KJ942686.1	751	1889	0	1	1	1889
KJ942686.1	756	1959	0	2	2	1959
KJ942686.1	758	1109	1	0	1	758
KJ942686.1	765	1586	1	0	1	765
KJ942686.1	771	2379	1	0	1	771
KJ942686.1	778	1926	0	1	1	1926
KJ942686.1	784	1740	1	1	2	784
KJ942686.1	784	877	1	0	1	784
KJ942686.1	789	2136	0	1	1	2136
KJ942686.1	792	969	0	1	1	969
KJ942686.1	794	2326	0	1	1	2326
KJ942686.1	796	1398	1	0	1	796
KJ942686.1	796	1940	0	1	1	1940
KJ942686.1	797	1116	0	1	1	1116
KJ942686.1	797	1802	1	0	1	797
KJ942686.1	798	1065	1	0	1	798
KJ942686.1	811	1763	0	1	1	1763
KJ942686.1	812	1188	1	0	1	812
KJ942686.1	812	1830	0	1	1	1830
KJ942686.1	814	1842	0	1	1	1842
KJ942686.1	818	1527	0	1	1	1527
KJ942686.1	819	1666	2	0	2	819
KJ942686.1	821	2343	0	1	1	2343
KJ942686.1	824	1920	0	1	1	1920
KJ942686.1	831	1408	0	1	1	1408
KJ942686.1	833	1929	4	6	10	833
KJ942686.1	833	2186	1	0	1	833
KJ942686.1	835	1527	1	0	1	835
KJ942686.1	836	1960	0	1	1	1960
KJ942686.1	837	2484	0	1	1	2484
KJ942686.1	838	2287	1	0	1	838
KJ942686.1	839	1825	1	1	2	839
KJ942686.1	840	2153	0	1	1	2153
KJ942686.1	842	1415	0	1	1	1415
KJ942686.1	843	1756	0	1	1	1756
KJ942686.1	843	2040	1	0	1	843
KJ942686.1	846	1602	0	4	4	1602
KJ942686.1	846	2271	2	1	3	846
KJ942686.1	848	1943	1	4	5	848
KJ942686.1	851	1392	0	1	1	1392
KJ942686.1	860	1864	1	0	1	860
KJ942686.1	861	2445	0	1	1	2445
KJ942686.1	862	1616	1	0	1	862
KJ942686.1	869	1111	0	1	1	1111
KJ942686.1	870	2422	1	0	1	870
KJ942686.1	871	1953	1	0	1	871
KJ942686.1	873	1664	1	0	1	873
KJ942686.1	875	1963	0	2	2	1963
KJ942686.1	877	1628	1	1	2	877
KJ942686.1	885	2154	1	0	1	885
KJ942686.1	885	2300	1	0	1	885
KJ942686.1	887	1984	1	0	1	887
KJ942686.1	889	1004	0	1	1	1004
KJ942686.1	893	1230	0	1	1	1230
KJ942686.1	900	2480	0	2	2	2480
KJ942686.1	907	2291	0	1	1	2291
KJ942686.1	911	2296	1	0	1	911
KJ942686.1	917	1029	0	1	1	1029
KJ942686.1	927	2304	1	0	1	927
KJ942686.1	928	2241	0	1	1	2241
KJ942686.1	939	992	0	1	1	992
KJ942686.1	943	2157	1	0	1	943
KJ942686.1	943	2439	1	0	1	943
KJ942686.1	944	2052	0	1	1	2052
KJ942686.1	944	2477	0	1	1	2477
KJ942686.1	952	1353	0	1	1	1353
KJ942686.1	954	2309	1	0	1	954
KJ942686.1	969	2344	2	1	3	969
KJ942686.1	976	1322	0	1	1	1322
KJ942686.1	985	2492	0	1	1	2492
KJ942686.1	988	2329	1	0	1	988
KJ942686.1	997	1086	1	0	1	997
KJ942687.1	1003	1098	0	1	1	1098
KJ942687.1	1003	1108	0	1	1	1108
KJ942687.1	1012	1371	1	0	1	1012
KJ942687.1	1023	2108	1	0	1	1023
KJ942687.1	1024	1477	1	0	1	1024
KJ942687.1	1039	2382	1	0	1	1039
KJ942687.1	1045	1161	1	0	1	1045
KJ942687.1	1081	2315	1	0	1	1081
KJ942687.1	1086	1313	0	1	1	1313
KJ942687.1	1093	1670	0	1	1	1670
KJ942687.1	1099	1443	0	1	1	1443
KJ942687.1	1099	2174	1	0	1	1099
KJ942687.1	1114	2237	1	0	1	1114
KJ942687.1	1119	1166	1	0	1	1119
KJ942687.1	1122	1878	0	1	1	1878
KJ942687.1	1122	1910	1	0	1	1122
KJ942687.1	1123	1724	0	1	1	1724
KJ942687.1	1145	2030	0	1	1	2030
KJ942687.1	1169	1517	1	0	1	1169
KJ942687.1	1169	2344	1	0	1	1169
KJ942687.1	1183	2165	1	0	1	1183
KJ942687.1	1194	2415	0	1	1	2415
KJ942687.1	1208	1517	1	0	1	1208
KJ942687.1	1235	2032	1	0	1	1235
KJ942687.1	1246	1947	0	1	1	1947
KJ942687.1	1249	1680	1	0	1	1249
KJ942687.1	1259	1560	1	0	1	1259
KJ942687.1	1260	2175	0	1	1	2175
KJ942687.1	1263	1286	1	0	1	1263
KJ942687.1	1267	2421	1	0	1	1267
KJ942687.1	1269	1928	1	0	1	1269
KJ942687.1	1270	2427	0	1	1	2427
KJ942687.1	1270	2488	0	1	1	2488
KJ942687.1	1272	1440	1	0	1	1272
KJ942687.1	1275	1927	0	1	1	1927
KJ942687.1	1299	1382	0	1	1	1382
KJ942687.1	1304	1677	1	0	1	1304
KJ942687.1	1310	1610	0	1	1	1610
KJ942687.1	1313	1718	1	0	1	1313
KJ942687.1	1314	2103	0	1	1	2103
KJ942687.1	1314	2163	0	1	1	2163
KJ942687.1	1315	1690	1	0	1	1315
KJ942687.1	1326	2319	0	1	1	2319
KJ942687.1	1343	2401	2	0	2	1343
KJ942687.1	1363	2425	2	0	2	1363
KJ942687.1	1364	2338	1	0	1	1364
KJ942687.1	1371	2481	0	1	1	2481
KJ942687.1	1372	2492	0	1	1	2492
KJ942687.1	1373	1475	1	0	1	1373
KJ942687.1	1378	2348	1	0	1	1378
KJ942687.1	1381	1770	0	1	1	1770
KJ942687.1	1395	2301	0	1	1	2301
KJ942687.1	1400	2052	0	1	1	2052
KJ942687.1	1414	1463	0	1	1	1463
KJ942687.1	1420	2161	1	0	1	1420
KJ942687.1	1421	2026	0	1	1	2026
KJ942687.1	1429	2390	0	1	1	2390
KJ942687.1	1438	1935	1	0	1	1438
KJ942687.1	1447	1896	1	1	2	1447
KJ942687.1	1449	1522	0	1	1	1522
KJ942687.1	1464	1631	0	1	1	1631
KJ942687.1	1467	1915	1	0	1	1467
KJ942687.1	1477	1666	0	1	1	1666
KJ942687.1	1479	1991	0	1	1	1991
KJ942687.1	1480	2344	1	0	1	1480
KJ942687.1	1481	1588	1	0	1	1481
KJ942687.1	1483	1972	0	1	1	1972
KJ942687.1	1534	1899	0	1	1	1899
KJ942687.1	1536	2115	0	1	1	2115
KJ942687.1	1548	2214	1	0	1	1548
KJ942687.1	1571	2185	0	1	1	2185
KJ942687.1	1600	2024	0	1	1	2024
KJ942687.1	1612	1914	0	1	1	1914
KJ942687.1	1613	2393	0	1	1	2393
KJ942687.1	1701	2056	1	0	1	1701
KJ942687.1	1705	1890	0	1	1	1890
KJ942687.1	1718	1861	1	0	1	1718
KJ942687.1	1737	1849	0	1	1	1849
KJ942687.1	1750	1825	0	1	1	1825
KJ942687.1	1765	2113	0	1	1	2113
KJ942687.1	1782	2194	0	1	1	2194
KJ942687.1	1829	2219	0	1	1	2219
KJ942687.1	1881	2134	0	1	1	2134
KJ942687.1	1934	1966	1	0	1	1934
KJ942687.1	1963	2109	1	0	1	1963
KJ942687.1	1979	2489	0	1	1	2489
KJ942687.1	2254	2279	0	1	1	2279
KJ942687.1	235	2324	1	0	1	235
KJ942687.1	236	2423	1	0	1	236
KJ942687.1	238	2333	1	0	1	238
KJ942687.1	242	831	1	0	1	242
KJ942687.1	258	2003	3	0	3	258
KJ942687.1	258	2352	6	0	6	258
KJ942687.1	259	292	1	0	1	259
KJ942687.1	261	1860	1	0	1	261
KJ942687.1	261	779	1	0	1	261
KJ942687.1	262	2353	2	0	2	262
KJ942687.1	263	1808	1	0	1	263
KJ942687.1	268	453	1	1	2	268
KJ942687.1	270	2381	2	1	3	270
KJ942687.1	272	587	1	0	1	272
KJ942687.1	276	1097	1	0	1	276
KJ942687.1	287	2455	2	0	2	287
KJ942687.1	289	2307	2	0	2	289
KJ942687.1	291	2378	1	0	1	291
KJ942687.1	292	1594	1	0	1	292
KJ942687.1	293	1735	1	0	1	293
KJ942687.1	296	2319	1	0	1	296
KJ942687.1	297	2395	1	0	1	297
KJ942687.1	300	2477	0	2	2	2477
KJ942687.1	305	1827	1	0	1	305
KJ942687.1	317	2356	1	0	1	317
KJ942687.1	319	1999	1	0	1	319
KJ942687.1	321	2515	0	1	1	2515
KJ942687.1	326	2511	0	3	3	2511
KJ942687.1	332	2518	0	3	3	2518
KJ942687.1	333	2364	0	1	1	2364
KJ942687.1	336	2007	0	2	2	2007
KJ942687.1	336	2346	0	1	1	2346
KJ942687.1	338	2493	0	3	3	2493
KJ942687.1	340	1711	0	1	1	1711
KJ942687.1	341	2304	0	2	2	2304
KJ942687.1	341	972	1	0	1	341
KJ942687.1	344	2289	0	2	2	2289
KJ942687.1	345	1601	0	1	1	1601
KJ942687.1	347	1445	1	0	1	347
KJ942687.1	347	2419	1	0	1	347
KJ942687.1	349	2164	0	1	1	2164
KJ942687.1	350	1589	1	0	1	350
KJ942687.1	350	1676	0	1	1	1676
KJ942687.1	350	1787	1	0	1	350
KJ942687.1	350	1805	1	0	1	350
KJ942687.1	354	2343	1	4	5	354
KJ942687.1	357	1142	0	1	1	1142
KJ942687.1	357	1905	0	1	1	1905
KJ942687.1	360	2401	0	1	1	2401
KJ942687.1	361	2250	0	3	3	2250
KJ942687.1	362	2498	0	2	2	2498
KJ942687.1	372	2261	1	0	1	372
KJ942687.1	375	2378	0	1	1	2378
KJ942687.1	378	2252	1	1	2	378
KJ942687.1	379	2118	1	1	2	379
KJ942687.1	380	1699	1	0	1	380
KJ942687.1	384	1400	1	0	1	384
KJ942687.1	384	1688	0	1	1	1688
KJ942687.1	384	2308	0	1	1	2308
KJ942687.1	384	2402	0	1	1	2402
KJ942687.1	385	2222	0	1	1	2222
KJ942687.1	388	1698	0	1	1	1698
KJ942687.1	388	585	0	1	1	585
KJ942687.1	391	2429	0	1	1	2429
KJ942687.1	393	2285	0	1	1	2285
KJ942687.1	397	1664	1	1	2	397
KJ942687.1	410	1028	0	1	1	1028
KJ942687.1	411	692	0	1	1	692
KJ942687.1	414	1855	1	0	1	414
KJ942687.1	419	2237	0	1	1	2237
KJ942687.1	423	2230	0	7	7	2230
KJ942687.1	424	1424	0	1	1	1424
KJ942687.1	424	2395	7	6	13	424
KJ942687.1	424	2480	0	1	1	2480
KJ942687.1	429	2236	1	1	2	429
KJ942687.1	430	816	0	1	1	816
KJ942687.1	432	2345	1	1	2	432
KJ942687.1	437	1524	0	1	1	1524
KJ942687.1	440	2321	1	0	1	440
KJ942687.1	442	1427	0	1	1	1427
KJ942687.1	453	2450	1	0	1	453
KJ942687.1	454	2375	2	1	3	454
KJ942687.1	458	1003	0	1	1	1003
KJ942687.1	458	1444	1	0	1	458
KJ942687.1	464	1011	1	0	1	464
KJ942687.1	467	2382	0	1	1	2382
KJ942687.1	468	2217	4	7	11	468
KJ942687.1	469	2036	0	1	1	2036
KJ942687.1	472	1615	1	0	1	472
KJ942687.1	488	836	1	0	1	488
KJ942687.1	489	1919	0	1	1	1919
KJ942687.1	491	1680	0	1	1	1680
KJ942687.1	498	1699	0	1	1	1699
KJ942687.1	499	921	1	0	1	499
KJ942687.1	507	1660	1	0	1	507
KJ942687.1	516	2409	1	0	1	516
KJ942687.1	518	1259	1	0	1	518
KJ942687.1	522	2210	2	1	3	522
KJ942687.1	523	2146	0	1	1	2146
KJ942687.1	523	571	1	0	1	523
KJ942687.1	527	1943	0	1	1	1943
KJ942687.1	527	567	1	0	1	527
KJ942687.1	528	2522	0	1	1	2522
KJ942687.1	529	569	1	0	1	529
KJ942687.1	531	981	0	1	1	981
KJ942687.1	534	1337	0	1	1	1337
KJ942687.1	536	2398	1	0	1	536
KJ942687.1	544	1874	1	0	1	544
KJ942687.1	550	948	1	0	1	550
KJ942687.1	560	773	1	0	1	560
KJ942687.1	571	1368	0	1	1	1368
KJ942687.1	579	1415	1	0	1	579
KJ942687.1	580	1611	1	0	1	580
KJ942687.1	591	989	1	0	1	591
KJ942687.1	595	1870	0	1	1	1870
KJ942687.1	620	1696	1	0	1	620
KJ942687.1	624	1279	0	1	1	1279
KJ942687.1	629	1692	0	1	1	1692
KJ942687.1	640	2002	0	1	1	2002
KJ942687.1	662	1308	0	1	1	1308
KJ942687.1	662	2346	1	0	1	662
KJ942687.1	671	1081	1	0	1	671
KJ942687.1	671	1858	1	0	1	671
KJ942687.1	675	1607	1	0	1	675
KJ942687.1	688	1956	1	0	1	688
KJ942687.1	696	1804	1	0	1	696
KJ942687.1	707	1612	1	0	1	707
KJ942687.1	715	2056	1	0	1	715
KJ942687.1	719	1113	0	1	1	1113
KJ942687.1	749	1844	1	0	1	749
KJ942687.1	751	2346	0	1	1	2346
KJ942687.1	756	1113	0	1	1	1113
KJ942687.1	760	2280	0	1	1	2280
KJ942687.1	761	1680	0	1	1	1680
KJ942687.1	775	1902	1	0	1	775
KJ942687.1	782	965	0	1	1	965
KJ942687.1	788	1498	0	1	1	1498
KJ942687.1	795	1828	3	0	3	795
KJ942687.1	797	2334	1	0	1	797
KJ942687.1	800	1199	1	0	1	800
KJ942687.1	805	2248	0	1	1	2248
KJ942687.1	808	1397	1	0	1	808
KJ942687.1	808	1518	0	1	1	1518
KJ942687.1	814	1678	1	0	1	814
KJ942687.1	822	1711	1	0	1	822
KJ942687.1	829	2392	1	0	1	829
KJ942687.1	830	1686	1	0	1	830
KJ942687.1	831	1583	1	0	1	831
KJ942687.1	839	2099	1	0	1	839
KJ942687.1	840	1997	1	0	1	840
KJ942687.1	852	1051	0	1	1	1051
KJ942687.1	861	1314	1	0	1	861
KJ942687.1	865	1324	0	1	1	1324
KJ942687.1	894	1610	0	1	1	1610
KJ942687.1	914	2400	0	1	1	2400
KJ942687.1	941	1953	0	1	1	1953
KJ942687.1	942	2167	1	0	1	942
KJ942687.1	947	1376	0	1	1	1376
KJ942687.1	957	1473	1	0	1	957
KJ942687.1	957	1571	1	0	1	957
KJ942687.1	963	2354	0	1	1	2354
KJ942687.1	982	2299	1	0	1	982
KJ942687.1	992	2338	1	0	1	992
KJ942687.1	994	1298	0	1	1	1298
KJ942687.1	995	2444	1	0	1	995
