Segment	Start	Stop	Forward_support	Reverse_support	Total_support	Fuzz_factor
KJ942680.1	1017	1727	1	0	1	1017
KJ942680.1	1028	1204	1	0	1	1028
KJ942680.1	1029	1508	1	0	1	1029
KJ942680.1	1057	1899	0	1	1	1899
KJ942680.1	1075	1313	1	0	1	1075
KJ942680.1	1091	1684	1	0	1	1091
KJ942680.1	1102	1889	0	1	1	1889
KJ942680.1	1184	1287	1	0	1	1184
KJ942680.1	1184	1365	1	0	1	1184
KJ942680.1	1207	1627	1	0	1	1207
KJ942680.1	1227	1698	1	0	1	1227
KJ942680.1	1238	1383	0	1	1	1383
KJ942680.1	1241	1930	0	1	1	1930
KJ942680.1	1261	1421	0	1	1	1421
KJ942680.1	1302	1697	1	0	1	1302
KJ942680.1	1312	1794	0	1	1	1794
KJ942680.1	1314	1345	1	0	1	1314
KJ942680.1	1316	1338	0	2	2	1338
KJ942680.1	1341	1528	0	1	1	1528
KJ942680.1	1374	1686	0	1	1	1686
KJ942680.1	1420	1644	1	0	1	1420
KJ942680.1	1455	1492	1	0	1	1455
KJ942680.1	1465	1713	0	1	1	1713
KJ942680.1	1479	1672	1	0	1	1479
KJ942680.1	1479	1716	0	1	1	1716
KJ942680.1	1488	1540	1	0	1	1488
KJ942680.1	1521	1599	1	0	1	1521
KJ942680.1	1527	1781	1	0	1	1527
KJ942680.1	1531	1670	0	3	3	1670
KJ942680.1	1557	1766	1	0	1	1557
KJ942680.1	1562	1604	1	0	1	1562
KJ942680.1	1581	1880	1	0	1	1581
KJ942680.1	1582	1930	0	1	1	1930
KJ942680.1	1599	1885	0	1	1	1885
KJ942680.1	1619	1792	1	0	1	1619
KJ942680.1	1693	1883	0	1	1	1883
KJ942680.1	1718	1850	1	0	1	1718
KJ942680.1	1744	1769	1	0	1	1744
KJ942680.1	256	1719	1	0	1	256
KJ942680.1	259	307	21	1	22	259
KJ942680.1	274	1739	41	3	44	274
KJ942680.1	277	488	3	0	3	277
KJ942680.1	313	742	0	1	1	742
KJ942680.1	327	1671	1	0	1	327
KJ942680.1	362	1751	2	0	2	362
KJ942680.1	369	1081	1	1	2	369
KJ942680.1	390	710	0	1	1	710
KJ942680.1	393	1895	0	1	1	1895
KJ942680.1	396	1098	0	1	1	1098
KJ942680.1	397	1593	2	9	11	397
KJ942680.1	398	1218	1	0	1	398
KJ942680.1	404	1828	6	3	9	404
KJ942680.1	422	1697	0	1	1	1697
KJ942680.1	428	1010	0	1	1	1010
KJ942680.1	430	715	0	1	1	715
KJ942680.1	444	744	0	1	1	744
KJ942680.1	447	1558	1	0	1	447
KJ942680.1	448	712	1	0	1	448
KJ942680.1	455	1696	1	0	1	455
KJ942680.1	462	651	1	0	1	462
KJ942680.1	464	604	1	0	1	464
KJ942680.1	469	696	0	1	1	696
KJ942680.1	471	549	1	0	1	471
KJ942680.1	483	1904	0	1	1	1904
KJ942680.1	486	1538	0	1	1	1538
KJ942680.1	491	1198	1	0	1	491
KJ942680.1	494	1665	1	2	3	494
KJ942680.1	497	949	0	1	1	949
KJ942680.1	503	542	1	0	1	503
KJ942680.1	504	1813	1	0	1	504
KJ942680.1	505	1221	0	1	1	1221
KJ942680.1	519	813	0	1	1	813
KJ942680.1	520	1334	0	1	1	1334
KJ942680.1	521	1351	1	0	1	521
KJ942680.1	521	1511	0	1	1	1511
KJ942680.1	534	1663	0	1	1	1663
KJ942680.1	540	1912	0	1	1	1912
KJ942680.1	540	829	0	1	1	829
KJ942680.1	542	1375	1	0	1	542
KJ942680.1	544	1673	1	0	1	544
KJ942680.1	545	1515	5	0	5	545
KJ942680.1	552	1576	3	2	5	552
KJ942680.1	553	1529	3	1	4	553
KJ942680.1	561	1150	0	1	1	1150
KJ942680.1	565	1291	1	0	1	565
KJ942680.1	573	1030	1	0	1	573
KJ942680.1	574	1408	1	0	1	574
KJ942680.1	577	1609	0	1	1	1609
KJ942680.1	577	1653	3	0	3	577
KJ942680.1	579	1663	1	0	1	579
KJ942680.1	582	934	1	0	1	582
KJ942680.1	586	1309	1	0	1	586
KJ942680.1	589	1760	1	0	1	589
KJ942680.1	590	1749	3	0	3	590
KJ942680.1	593	1758	0	2	2	1758
KJ942680.1	596	720	1	0	1	596
KJ942680.1	598	1374	0	1	1	1374
KJ942680.1	614	1746	0	1	1	1746
KJ942680.1	614	1760	1	0	1	614
KJ942680.1	621	1328	0	1	1	1328
KJ942680.1	621	1436	1	0	1	621
KJ942680.1	627	1201	1	0	1	627
KJ942680.1	644	715	0	1	1	715
KJ942680.1	653	1367	2	0	2	653
KJ942680.1	662	1683	1	0	1	662
KJ942680.1	668	1338	0	1	1	1338
KJ942680.1	668	1904	0	1	1	1904
KJ942680.1	695	1379	1	0	1	695
KJ942680.1	707	1056	1	0	1	707
KJ942680.1	710	1903	0	1	1	1903
KJ942680.1	712	1586	0	1	1	1586
KJ942680.1	719	1043	0	1	1	1043
KJ942680.1	774	1798	0	1	1	1798
KJ942680.1	785	1381	0	1	1	1381
KJ942680.1	801	1579	0	1	1	1579
KJ942680.1	801	1697	1	0	1	801
KJ942680.1	823	1394	0	1	1	1394
KJ942680.1	824	1832	1	0	1	824
KJ942680.1	828	1454	1	0	1	828
KJ942680.1	835	1891	0	5	5	1891
KJ942680.1	845	1325	1	0	1	845
KJ942680.1	853	1908	0	1	1	1908
KJ942680.1	855	1329	0	1	1	1329
KJ942680.1	882	1472	1	0	1	882
KJ942680.1	898	1019	1	0	1	898
KJ942680.1	916	1679	0	1	1	1679
KJ942680.1	920	1794	1	0	1	920
KJ942680.1	964	1721	0	1	1	1721
KJ942680.1	984	1832	0	1	1	1832
KJ942680.1	984	1847	1	0	1	984
KJ942680.1	989	1381	1	1	2	989
KJ942681.1	1042	1120	1	0	1	1042
KJ942681.1	1053	1163	0	1	1	1163
KJ942681.1	254	1176	0	1	1	1176
KJ942681.1	269	563	15	0	15	269
KJ942681.1	284	566	36	1	37	284
KJ942681.1	286	776	1	0	1	286
KJ942681.1	288	494	1	0	1	288
KJ942681.1	300	523	1	0	1	300
KJ942681.1	304	1098	1	0	1	304
KJ942681.1	306	556	1	0	1	306
KJ942681.1	316	553	1	2	3	316
KJ942681.1	340	542	0	1	1	542
KJ942681.1	353	894	1	0	1	353
KJ942681.1	356	1163	0	1	1	1163
KJ942681.1	356	958	1	0	1	356
KJ942681.1	359	900	0	3	3	900
KJ942681.1	361	1050	0	1	1	1050
KJ942681.1	362	588	16	40	56	362
KJ942681.1	364	905	0	1	1	905
KJ942681.1	370	816	1	0	1	370
KJ942681.1	371	1053	0	1	1	1053
KJ942681.1	371	785	1	0	1	371
KJ942681.1	384	953	2	1	3	384
KJ942681.1	396	1009	0	1	1	1009
KJ942681.1	408	651	0	1	1	651
KJ942681.1	418	1081	1	0	1	418
KJ942681.1	418	1158	0	1	1	1158
KJ942681.1	418	893	1	0	1	418
KJ942681.1	423	693	0	1	1	693
KJ942681.1	429	706	1	0	1	429
KJ942681.1	435	867	0	1	1	867
KJ942681.1	437	645	1	0	1	437
KJ942681.1	442	1072	0	1	1	1072
KJ942681.1	446	763	0	1	1	763
KJ942681.1	448	1082	0	1	1	1082
KJ942681.1	449	693	1	0	1	449
KJ942681.1	449	828	4	4	8	449
KJ942681.1	460	830	0	1	1	830
KJ942681.1	460	878	1	0	1	460
KJ942681.1	462	836	0	3	3	836
KJ942681.1	480	763	0	1	1	763
KJ942681.1	490	982	1	0	1	490
KJ942681.1	492	552	0	1	1	552
KJ942681.1	492	913	1	0	1	492
KJ942681.1	498	1097	0	1	1	1097
KJ942681.1	506	745	1	0	1	506
KJ942681.1	513	956	0	1	1	956
KJ942681.1	515	1125	1	0	1	515
KJ942681.1	516	805	1	0	1	516
KJ942681.1	522	652	0	1	1	652
KJ942681.1	528	749	0	1	1	749
KJ942681.1	554	1184	0	1	1	1184
KJ942681.1	569	644	2	0	2	569
KJ942681.1	580	801	0	1	1	801
KJ942681.1	581	637	1	0	1	581
KJ942681.1	592	1047	1	0	1	592
KJ942681.1	599	702	0	1	1	702
KJ942681.1	600	758	0	1	1	758
KJ942681.1	602	734	3	1	4	602
KJ942681.1	604	877	3	5	8	604
KJ942681.1	604	976	1	1	2	604
KJ942681.1	605	1083	0	1	1	1083
KJ942681.1	608	1038	5	0	5	608
KJ942681.1	616	1010	2	0	2	616
KJ942681.1	621	912	1	0	1	621
KJ942681.1	628	723	1	0	1	628
KJ942681.1	637	1105	1	0	1	637
KJ942681.1	637	679	0	1	1	679
KJ942681.1	637	725	2	0	2	637
KJ942681.1	639	819	0	2	2	819
KJ942681.1	644	972	2	1	3	644
KJ942681.1	645	973	2	0	2	645
KJ942681.1	647	816	0	2	2	816
KJ942681.1	658	720	1	0	1	658
KJ942681.1	664	727	1	0	1	664
KJ942681.1	664	982	0	1	1	982
KJ942681.1	673	1085	0	1	1	1085
KJ942681.1	678	1037	1	0	1	678
KJ942681.1	694	830	4	7	11	694
KJ942681.1	696	1033	0	1	1	1033
KJ942681.1	700	854	7	11	18	700
KJ942681.1	701	816	0	1	1	816
KJ942681.1	701	855	1	0	1	701
KJ942681.1	706	963	0	1	1	963
KJ942681.1	711	829	1	0	1	711
KJ942681.1	712	813	0	1	1	813
KJ942681.1	715	866	0	1	1	866
KJ942681.1	718	922	1	0	1	718
KJ942681.1	721	1022	1	0	1	721
KJ942681.1	733	875	7	14	21	733
KJ942681.1	734	1000	0	1	1	1000
KJ942681.1	761	818	0	1	1	818
KJ942681.1	763	827	0	2	2	827
KJ942681.1	773	947	1	0	1	773
KJ942681.1	773	969	0	2	2	969
KJ942681.1	777	1110	1	0	1	777
KJ942681.1	779	847	1	0	1	779
KJ942681.1	779	887	0	1	1	887
KJ942681.1	781	833	1	1	2	781
KJ942681.1	805	839	1	0	1	805
KJ942681.1	805	848	1	2	3	805
KJ942681.1	805	971	1	0	1	805
KJ942681.1	807	877	0	1	1	877
KJ942681.1	825	928	0	1	1	928
KJ942681.1	832	881	1	3	4	832
KJ942681.1	842	864	1	1	2	842
KJ942681.1	870	932	0	1	1	932
KJ942681.1	877	1058	1	0	1	877
KJ942681.1	877	977	0	1	1	977
KJ942681.1	895	970	0	1	1	970
KJ942681.1	896	1027	1	0	1	896
KJ942681.1	918	951	0	1	1	951
KJ942681.1	929	1157	0	1	1	1157
KJ942681.1	934	1031	1	0	1	934
KJ942681.1	939	1055	1	0	1	939
KJ942681.1	947	986	0	1	1	986
KJ942681.1	988	1051	2	0	2	988
KJ942681.1	995	1093	1	1	2	995
KJ942682.1	1119	1490	0	1	1	1490
KJ942682.1	1158	1452	0	1	1	1452
KJ942682.1	1166	1364	1	0	1	1166
KJ942682.1	1270	1420	2	0	2	1270
KJ942682.1	1347	1472	1	0	1	1347
KJ942682.1	1511	1534	2	0	2	1511
KJ942682.1	1586	1630	0	2	2	1630
KJ942682.1	242	1320	1	0	1	242
KJ942682.1	252	1463	9	1	10	252
KJ942682.1	253	1437	1	0	1	253
KJ942682.1	253	1455	7	0	7	253
KJ942682.1	259	1511	1	0	1	259
KJ942682.1	266	1518	14	1	15	266
KJ942682.1	291	1500	6	0	6	291
KJ942682.1	299	1395	1	0	1	299
KJ942682.1	299	1421	4	0	4	299
KJ942682.1	301	1272	1	0	1	301
KJ942682.1	301	1467	3	0	3	301
KJ942682.1	301	875	1	0	1	301
KJ942682.1	317	1459	1	1	2	317
KJ942682.1	319	1637	0	1	1	1637
KJ942682.1	327	932	0	1	1	932
KJ942682.1	330	919	0	1	1	919
KJ942682.1	341	1410	0	1	1	1410
KJ942682.1	341	1421	2	3	5	341
KJ942682.1	341	1455	0	1	1	1455
KJ942682.1	363	1051	0	1	1	1051
KJ942682.1	375	1048	0	1	1	1048
KJ942682.1	384	647	0	1	1	647
KJ942682.1	385	1425	1	1	2	385
KJ942682.1	401	1475	20	18	38	401
KJ942682.1	415	1444	0	1	1	1444
KJ942682.1	426	700	0	1	1	700
KJ942682.1	432	1271	1	2	3	432
KJ942682.1	453	1212	0	1	1	1212
KJ942682.1	455	1412	0	1	1	1412
KJ942682.1	458	1549	1	0	1	458
KJ942682.1	462	1264	0	1	1	1264
KJ942682.1	506	1348	1	1	2	506
KJ942682.1	520	841	0	1	1	841
KJ942682.1	539	1488	1	0	1	539
KJ942682.1	559	1350	1	0	1	559
KJ942682.1	582	1489	1	0	1	582
KJ942682.1	603	1107	1	0	1	603
KJ942682.1	618	800	0	1	1	800
KJ942682.1	635	850	0	1	1	850
KJ942682.1	668	758	0	1	1	758
KJ942682.1	696	725	1	0	1	696
KJ942682.1	727	1446	0	1	1	1446
KJ942682.1	734	1218	0	1	1	1218
KJ942682.1	737	842	1	0	1	737
KJ942682.1	785	1143	0	1	1	1143
KJ942682.1	795	1083	1	0	1	795
KJ942682.1	818	1175	1	0	1	818
KJ942682.1	905	1248	0	1	1	1248
KJ942682.1	909	1190	1	0	1	909
KJ942682.1	952	1068	0	1	1	1068
KJ942682.1	962	1319	1	0	1	962
KJ942682.1	962	1376	0	1	1	1376
KJ942682.1	965	1277	0	1	1	1277
KJ942682.1	967	1046	0	1	1	1046
KJ942683.1	1012	1057	0	1	1	1057
KJ942683.1	1084	1138	0	1	1	1138
KJ942683.1	1093	1521	0	1	1	1521
KJ942683.1	1139	1578	0	1	1	1578
KJ942683.1	1163	1524	1	0	1	1163
KJ942683.1	1197	1548	1	0	1	1197
KJ942683.1	1204	1529	0	1	1	1529
KJ942683.1	1215	1577	1	0	1	1215
KJ942683.1	1238	1336	1	0	1	1238
KJ942683.1	1253	1577	1	0	1	1253
KJ942683.1	1259	1415	1	0	1	1259
KJ942683.1	1316	1510	0	1	1	1510
KJ942683.1	1386	1511	0	1	1	1511
KJ942683.1	1389	1622	0	1	1	1622
KJ942683.1	1456	1560	0	1	1	1560
KJ942683.1	1475	1705	0	1	1	1705
KJ942683.1	1533	1576	2	0	2	1533
KJ942683.1	1577	1701	0	2	2	1701
KJ942683.1	261	618	1	0	1	261
KJ942683.1	283	319	3	0	3	283
KJ942683.1	285	1090	1	0	1	285
KJ942683.1	286	717	1	0	1	286
KJ942683.1	293	623	1	0	1	293
KJ942683.1	296	1371	1	0	1	296
KJ942683.1	298	1337	1	0	1	298
KJ942683.1	302	327	1	0	1	302
KJ942683.1	304	509	1	0	1	304
KJ942683.1	311	1384	1	0	1	311
KJ942683.1	328	1402	0	1	1	1402
KJ942683.1	359	1194	0	1	1	1194
KJ942683.1	361	1603	0	1	1	1603
KJ942683.1	361	832	1	0	1	361
KJ942683.1	372	1265	0	1	1	1265
KJ942683.1	374	1697	0	1	1	1697
KJ942683.1	388	1557	1	0	1	388
KJ942683.1	402	1506	1	3	4	402
KJ942683.1	421	579	0	1	1	579
KJ942683.1	424	1585	0	1	1	1585
KJ942683.1	438	796	1	0	1	438
KJ942683.1	441	1553	0	1	1	1553
KJ942683.1	468	772	0	1	1	772
KJ942683.1	476	1599	2	3	5	476
KJ942683.1	483	1724	0	1	1	1724
KJ942683.1	484	1430	1	2	3	484
KJ942683.1	499	1566	1	0	1	499
KJ942683.1	506	1558	1	0	1	506
KJ942683.1	530	641	1	0	1	530
KJ942683.1	533	613	1	0	1	533
KJ942683.1	534	594	1	0	1	534
KJ942683.1	536	1580	1	0	1	536
KJ942683.1	536	856	1	0	1	536
KJ942683.1	587	1229	1	0	1	587
KJ942683.1	606	1532	1	0	1	606
KJ942683.1	615	887	1	0	1	615
KJ942683.1	639	821	0	1	1	821
KJ942683.1	640	780	1	0	1	640
KJ942683.1	672	903	0	1	1	903
KJ942683.1	683	1707	0	1	1	1707
KJ942683.1	688	953	0	1	1	953
KJ942683.1	699	1499	0	1	1	1499
KJ942683.1	702	1408	0	1	1	1408
KJ942683.1	729	1150	1	0	1	729
KJ942683.1	730	1603	1	0	1	730
KJ942683.1	737	1406	1	0	1	737
KJ942683.1	745	1715	0	1	1	1715
KJ942683.1	749	1070	0	1	1	1070
KJ942683.1	775	1194	2	0	2	775
KJ942683.1	785	907	0	1	1	907
KJ942683.1	797	1067	1	0	1	797
KJ942683.1	813	934	0	1	1	934
KJ942683.1	839	1015	0	1	1	1015
KJ942683.1	840	1570	1	0	1	840
KJ942683.1	841	1308	1	0	1	841
KJ942683.1	843	1318	1	0	1	843
KJ942683.1	848	1526	0	1	1	1526
KJ942683.1	883	1094	1	0	1	883
KJ942683.1	892	1103	3	1	4	892
KJ942683.1	897	970	1	0	1	897
KJ942683.1	902	1123	0	1	1	1123
KJ942683.1	902	1351	0	1	1	1351
KJ942683.1	915	1135	1	0	1	915
KJ942683.1	917	1309	1	0	1	917
KJ942683.1	934	1125	0	1	1	1125
KJ942683.1	957	1108	1	0	1	957
KJ942683.1	973	1359	1	0	1	973
KJ942683.1	991	1162	1	0	1	991
KJ942684.1	242	597	1	0	1	242
KJ942684.1	252	275	5	0	5	252
KJ942684.1	270	913	1	0	1	270
KJ942684.1	271	970	9	0	9	271
KJ942684.1	282	305	1	0	1	282
KJ942684.1	286	963	2	0	2	286
KJ942684.1	288	328	1	0	1	288
KJ942684.1	302	730	1	0	1	302
KJ942684.1	302	945	6	1	7	302
KJ942684.1	333	366	0	1	1	366
KJ942684.1	357	880	1	5	6	357
KJ942684.1	362	884	0	1	1	884
KJ942684.1	364	858	3	10	13	364
KJ942684.1	364	863	1	3	4	364
KJ942684.1	377	1022	0	1	1	1022
KJ942684.1	414	784	0	4	4	784
KJ942684.1	432	987	0	2	2	987
KJ942684.1	457	752	3	8	11	457
KJ942684.1	506	806	0	1	1	806
KJ942684.1	526	755	6	12	18	526
KJ942684.1	552	679	0	2	2	679
KJ942684.1	791	855	1	0	1	791
KJ942684.1	829	858	2	0	2	829
KJ942684.1	847	1058	0	1	1	1058
KJ942684.1	855	1018	0	1	1	1018
KJ942684.1	879	970	3	1	4	879
KJ942685.1	1013	1591	1	2	3	1013
KJ942685.1	1024	1320	1	0	1	1024
KJ942685.1	1030	1826	0	1	1	1826
KJ942685.1	1036	2212	0	1	1	2212
KJ942685.1	1049	2055	1	0	1	1049
KJ942685.1	1061	1678	1	0	1	1061
KJ942685.1	1072	2001	0	1	1	2001
KJ942685.1	1094	2304	1	0	1	1094
KJ942685.1	1099	2381	0	2	2	2381
KJ942685.1	1103	2305	1	2	3	1103
KJ942685.1	1115	1821	1	0	1	1115
KJ942685.1	1125	1166	0	1	1	1166
KJ942685.1	1134	1332	0	1	1	1332
KJ942685.1	1166	1749	1	0	1	1166
KJ942685.1	1171	1311	0	1	1	1311
KJ942685.1	1195	1359	0	1	1	1359
KJ942685.1	1240	1765	1	0	1	1240
KJ942685.1	1244	1555	1	0	1	1244
KJ942685.1	1255	1634	1	0	1	1255
KJ942685.1	1269	1658	0	1	1	1658
KJ942685.1	1273	1319	0	1	1	1319
KJ942685.1	1325	1357	0	1	1	1357
KJ942685.1	1362	2054	0	1	1	2054
KJ942685.1	1408	2301	1	0	1	1408
KJ942685.1	1471	2141	0	1	1	2141
KJ942685.1	1476	1527	0	1	1	1527
KJ942685.1	1479	2375	0	1	1	2375
KJ942685.1	1522	2185	1	0	1	1522
KJ942685.1	1579	2306	2	1	3	1579
KJ942685.1	1582	2309	1	0	1	1582
KJ942685.1	1591	1623	1	0	1	1591
KJ942685.1	1633	2145	0	1	1	2145
KJ942685.1	1639	1987	0	1	1	1987
KJ942685.1	1652	1778	1	0	1	1652
KJ942685.1	1698	2290	1	0	1	1698
KJ942685.1	1715	2165	0	1	1	2165
KJ942685.1	1728	2074	1	0	1	1728
KJ942685.1	1866	2171	1	4	5	1866
KJ942685.1	1867	2172	1	0	1	1867
KJ942685.1	1895	2132	0	1	1	2132
KJ942685.1	1900	2075	1	2	3	1900
KJ942685.1	1964	2285	1	1	2	1964
KJ942685.1	2043	2182	1	0	1	2043
KJ942685.1	2099	2158	14	8	22	2099
KJ942685.1	2120	2164	1	1	2	2120
KJ942685.1	2143	2181	2	2	4	2143
KJ942685.1	2151	2191	0	2	2	2191
KJ942685.1	2158	2189	2	0	2	2158
KJ942685.1	2166	2191	3	0	3	2166
KJ942685.1	2166	2192	0	1	1	2192
KJ942685.1	2191	2271	2	0	2	2191
KJ942685.1	2282	2350	0	1	1	2350
KJ942685.1	235	1784	1	0	1	235
KJ942685.1	241	1294	1	0	1	241
KJ942685.1	244	281	9	0	9	244
KJ942685.1	271	2197	3	1	4	271
KJ942685.1	279	302	14	0	14	279
KJ942685.1	284	2203	5	0	5	284
KJ942685.1	285	1703	1	0	1	285
KJ942685.1	287	1189	1	0	1	287
KJ942685.1	289	316	1	0	1	289
KJ942685.1	291	2004	2	0	2	291
KJ942685.1	293	2301	1	0	1	293
KJ942685.1	294	348	3	1	4	294
KJ942685.1	296	387	3	0	3	296
KJ942685.1	298	1749	1	0	1	298
KJ942685.1	299	2049	1	0	1	299
KJ942685.1	300	2044	1	0	1	300
KJ942685.1	301	2226	3	0	3	301
KJ942685.1	303	2168	1	0	1	303
KJ942685.1	305	2117	0	1	1	2117
KJ942685.1	314	1303	1	0	1	314
KJ942685.1	314	1759	0	1	1	1759
KJ942685.1	315	2283	0	1	1	2283
KJ942685.1	315	338	0	1	1	338
KJ942685.1	321	2223	0	1	1	2223
KJ942685.1	331	2209	0	1	1	2209
KJ942685.1	335	2196	2	5	7	335
KJ942685.1	336	2158	0	8	8	2158
KJ942685.1	337	2143	0	1	1	2143
KJ942685.1	339	2185	0	4	4	2185
KJ942685.1	342	2181	4	15	19	342
KJ942685.1	342	379	0	1	1	379
KJ942685.1	344	1888	0	2	2	1888
KJ942685.1	344	2168	3	13	16	344
KJ942685.1	344	2178	1	5	6	344
KJ942685.1	344	2196	0	2	2	2196
KJ942685.1	345	2159	9	67	76	345
KJ942685.1	345	2188	0	4	4	2188
KJ942685.1	345	2270	12	38	50	345
KJ942685.1	345	379	0	4	4	379
KJ942685.1	345	453	0	3	3	453
KJ942685.1	346	2278	6	19	25	346
KJ942685.1	346	374	3	38	41	346
KJ942685.1	346	376	1	0	1	346
KJ942685.1	347	1412	0	1	1	1412
KJ942685.1	349	2146	1	10	11	349
KJ942685.1	350	2055	36	140	176	350
KJ942685.1	352	2150	1	0	1	352
KJ942685.1	353	2152	1	2	3	353
KJ942685.1	354	2189	0	4	4	2189
KJ942685.1	354	2192	0	1	1	2192
KJ942685.1	356	2166	0	2	2	2166
KJ942685.1	356	380	0	1	1	380
KJ942685.1	358	2156	0	1	1	2156
KJ942685.1	358	2283	0	1	1	2283
KJ942685.1	359	2118	1	0	1	359
KJ942685.1	362	2168	0	3	3	2168
KJ942685.1	364	2064	0	1	1	2064
KJ942685.1	364	2143	15	93	108	364
KJ942685.1	364	2180	11	75	86	364
KJ942685.1	365	2144	0	1	1	2144
KJ942685.1	366	2182	0	1	1	2182
KJ942685.1	367	1719	0	1	1	1719
KJ942685.1	368	2067	0	1	1	2067
KJ942685.1	369	1155	0	1	1	1155
KJ942685.1	370	2188	0	1	1	2188
KJ942685.1	370	2209	0	2	2	2209
KJ942685.1	371	2074	0	3	3	2074
KJ942685.1	372	2155	0	1	1	2155
KJ942685.1	374	2159	11	88	99	374
KJ942685.1	374	2164	55	234	289	374
KJ942685.1	378	2171	2	24	26	378
KJ942685.1	380	2082	0	2	2	2082
KJ942685.1	381	2054	0	2	2	2054
KJ942685.1	384	2170	0	2	2	2170
KJ942685.1	385	2149	2	5	7	385
KJ942685.1	385	2226	2	2	4	385
KJ942685.1	386	2191	0	1	1	2191
KJ942685.1	387	616	0	1	1	616
KJ942685.1	388	2131	1	0	1	388
KJ942685.1	391	2188	4	19	23	391
KJ942685.1	394	2188	0	6	6	2188
KJ942685.1	396	2121	1	10	11	396
KJ942685.1	396	420	0	1	1	420
KJ942685.1	397	2155	6	22	28	397
KJ942685.1	401	2152	0	2	2	2152
KJ942685.1	402	2076	0	1	1	2076
KJ942685.1	402	2194	0	1	1	2194
KJ942685.1	403	2146	8	55	63	403
KJ942685.1	403	2220	1	5	6	403
KJ942685.1	406	2155	0	1	1	2155
KJ942685.1	408	2200	0	2	2	2200
KJ942685.1	413	2275	1	0	1	413
KJ942685.1	415	2175	2	2	4	415
KJ942685.1	416	2143	1	4	5	416
KJ942685.1	418	1893	0	1	1	1893
KJ942685.1	419	2293	2	1	3	419
KJ942685.1	420	716	0	2	2	716
KJ942685.1	422	2152	0	1	1	2152
KJ942685.1	423	2122	0	1	1	2122
KJ942685.1	426	2112	0	5	5	2112
KJ942685.1	426	2143	0	1	1	2143
KJ942685.1	427	2179	1	6	7	427
KJ942685.1	429	2147	0	1	1	2147
KJ942685.1	430	2186	17	31	48	430
KJ942685.1	431	1690	1	0	1	431
KJ942685.1	441	2185	0	1	1	2185
KJ942685.1	443	1380	0	1	1	1380
KJ942685.1	444	1817	0	1	1	1817
KJ942685.1	446	2087	1	1	2	446
KJ942685.1	446	2131	1	4	5	446
KJ942685.1	446	706	1	0	1	446
KJ942685.1	447	488	3	10	13	447
KJ942685.1	448	2167	0	2	2	2167
KJ942685.1	452	2075	0	2	2	2075
KJ942685.1	454	2193	0	1	1	2193
KJ942685.1	455	2160	1	3	4	455
KJ942685.1	456	1137	0	1	1	1137
KJ942685.1	459	2208	1	0	1	459
KJ942685.1	460	1962	4	6	10	460
KJ942685.1	461	1867	0	2	2	1867
KJ942685.1	462	2023	8	33	41	462
KJ942685.1	464	1914	0	1	1	1914
KJ942685.1	464	1961	1	0	1	464
KJ942685.1	464	2061	4	13	17	464
KJ942685.1	465	1923	0	1	1	1923
KJ942685.1	465	2051	0	1	1	2051
KJ942685.1	466	2160	1	2	3	466
KJ942685.1	468	551	0	1	1	551
KJ942685.1	469	1353	0	1	1	1353
KJ942685.1	474	1618	1	0	1	474
KJ942685.1	476	2101	1	0	1	476
KJ942685.1	478	2102	1	3	4	478
KJ942685.1	479	2121	1	2	3	479
KJ942685.1	481	2051	0	1	1	2051
KJ942685.1	483	2086	1	4	5	483
KJ942685.1	487	2058	0	1	1	2058
KJ942685.1	489	2027	4	1	5	489
KJ942685.1	490	1664	1	0	1	490
KJ942685.1	490	2134	4	14	18	490
KJ942685.1	492	2091	0	1	1	2091
KJ942685.1	493	2027	0	3	3	2027
KJ942685.1	494	1639	0	1	1	1639
KJ942685.1	496	2072	1	0	1	496
KJ942685.1	500	2023	3	7	10	500
KJ942685.1	500	2035	1	0	1	500
KJ942685.1	501	2015	1	0	1	501
KJ942685.1	503	2020	10	15	25	503
KJ942685.1	504	1198	0	1	1	1198
KJ942685.1	504	567	0	1	1	567
KJ942685.1	506	1838	0	4	4	1838
KJ942685.1	509	2081	1	0	1	509
KJ942685.1	510	2131	3	5	8	510
KJ942685.1	514	1866	4	4	8	514
KJ942685.1	514	2099	2	2	4	514
KJ942685.1	515	2021	11	20	31	515
KJ942685.1	517	2023	1	0	1	517
KJ942685.1	520	2061	0	8	8	2061
KJ942685.1	520	2159	3	1	4	520
KJ942685.1	522	1999	2	1	3	522
KJ942685.1	526	2053	40	58	98	526
KJ942685.1	532	1856	1	4	5	532
KJ942685.1	534	1992	0	2	2	1992
KJ942685.1	534	2182	2	1	3	534
KJ942685.1	541	1913	3	0	3	541
KJ942685.1	541	2028	0	1	1	2028
KJ942685.1	548	1956	2	2	4	548
KJ942685.1	549	1668	2	0	2	549
KJ942685.1	555	2007	1	0	1	555
KJ942685.1	557	2081	0	1	1	2081
KJ942685.1	557	2158	0	1	1	2158
KJ942685.1	558	1655	0	2	2	1655
KJ942685.1	558	1927	14	6	20	558
KJ942685.1	560	2028	0	1	1	2028
KJ942685.1	565	1961	6	2	8	565
KJ942685.1	565	1963	1	2	3	565
KJ942685.1	565	2016	2	0	2	565
KJ942685.1	566	1906	8	1	9	566
KJ942685.1	566	2022	0	1	1	2022
KJ942685.1	571	2020	1	1	2	571
KJ942685.1	573	1950	1	1	2	573
KJ942685.1	573	2062	0	1	1	2062
KJ942685.1	574	1389	1	0	1	574
KJ942685.1	574	2012	2	0	2	574
KJ942685.1	575	915	3	4	7	575
KJ942685.1	577	1958	1	0	1	577
KJ942685.1	577	2015	3	4	7	577
KJ942685.1	579	2012	1	0	1	579
KJ942685.1	580	2016	1	4	5	580
KJ942685.1	580	2115	1	0	1	580
KJ942685.1	591	1912	2	0	2	591
KJ942685.1	594	2199	0	1	1	2199
KJ942685.1	595	1520	4	0	4	595
KJ942685.1	599	1926	2	1	3	599
KJ942685.1	602	2161	1	1	2	602
KJ942685.1	604	1931	1	0	1	604
KJ942685.1	604	2181	0	1	1	2181
KJ942685.1	607	2013	1	2	3	607
KJ942685.1	610	1189	1	0	1	610
KJ942685.1	613	2232	1	0	1	613
KJ942685.1	614	1913	2	2	4	614
KJ942685.1	614	1958	10	8	18	614
KJ942685.1	618	1971	1	0	1	618
KJ942685.1	618	1976	1	0	1	618
KJ942685.1	619	1956	4	0	4	619
KJ942685.1	619	1968	4	1	5	619
KJ942685.1	619	2020	3	0	3	619
KJ942685.1	620	1975	1	0	1	620
KJ942685.1	620	647	4	2	6	620
KJ942685.1	623	1906	1	1	2	623
KJ942685.1	627	1733	1	0	1	627
KJ942685.1	627	1881	2	0	2	627
KJ942685.1	629	2018	1	0	1	629
KJ942685.1	632	1838	1	0	1	632
KJ942685.1	633	1705	4	0	4	633
KJ942685.1	633	1900	1	0	1	633
KJ942685.1	634	1847	1	0	1	634
KJ942685.1	634	1957	0	1	1	1957
KJ942685.1	637	1956	1	0	1	637
KJ942685.1	640	1654	1	1	2	640
KJ942685.1	640	1892	1	1	2	640
KJ942685.1	646	1710	0	2	2	1710
KJ942685.1	646	1773	1	0	1	646
KJ942685.1	646	671	1	1	2	646
KJ942685.1	651	1932	2	1	3	651
KJ942685.1	653	2322	0	1	1	2322
KJ942685.1	658	1867	1	0	1	658
KJ942685.1	660	1867	0	1	1	1867
KJ942685.1	660	1928	2	0	2	660
KJ942685.1	662	1874	1	1	2	662
KJ942685.1	662	1882	2	0	2	662
KJ942685.1	664	1851	2	3	5	664
KJ942685.1	667	1855	1	1	2	667
KJ942685.1	668	1923	2	1	3	668
KJ942685.1	675	1910	4	1	5	675
KJ942685.1	677	1811	1	0	1	677
KJ942685.1	682	1690	1	0	1	682
KJ942685.1	683	782	1	0	1	683
KJ942685.1	684	1764	0	1	1	1764
KJ942685.1	684	1893	0	2	2	1893
KJ942685.1	685	1915	0	2	2	1915
KJ942685.1	690	1967	0	1	1	1967
KJ942685.1	692	1756	1	1	2	692
KJ942685.1	695	1667	0	1	1	1667
KJ942685.1	699	2026	1	1	2	699
KJ942685.1	700	782	1	0	1	700
KJ942685.1	702	1814	3	0	3	702
KJ942685.1	703	2194	2	1	3	703
KJ942685.1	705	1622	1	0	1	705
KJ942685.1	705	1664	1	1	2	705
KJ942685.1	705	1884	1	0	1	705
KJ942685.1	706	1264	1	0	1	706
KJ942685.1	706	1949	1	0	1	706
KJ942685.1	709	1654	0	1	1	1654
KJ942685.1	713	1765	3	2	5	713
KJ942685.1	713	1823	1	0	1	713
KJ942685.1	720	1659	6	0	6	720
KJ942685.1	721	1876	1	3	4	721
KJ942685.1	722	1958	29	41	70	722
KJ942685.1	738	1554	6	6	12	738
KJ942685.1	738	1750	0	2	2	1750
KJ942685.1	739	1830	1	0	1	739
KJ942685.1	739	1851	0	1	1	1851
KJ942685.1	740	1677	1	0	1	740
KJ942685.1	744	1681	0	1	1	1681
KJ942685.1	745	1834	2	2	4	745
KJ942685.1	746	1707	1	0	1	746
KJ942685.1	746	1748	7	4	11	746
KJ942685.1	754	1677	1	0	1	754
KJ942685.1	755	1838	1	3	4	755
KJ942685.1	756	1750	1	0	1	756
KJ942685.1	756	1842	0	1	1	1842
KJ942685.1	760	1942	1	0	1	760
KJ942685.1	763	1810	1	1	2	763
KJ942685.1	764	1611	3	0	3	764
KJ942685.1	765	1734	0	1	1	1734
KJ942685.1	767	1395	0	1	1	1395
KJ942685.1	776	1591	2	0	2	776
KJ942685.1	780	1828	2	0	2	780
KJ942685.1	782	1900	1	0	1	782
KJ942685.1	793	1813	1	0	1	793
KJ942685.1	805	1885	1	3	4	805
KJ942685.1	816	948	1	0	1	816
KJ942685.1	818	1771	4	1	5	818
KJ942685.1	821	1283	1	0	1	821
KJ942685.1	823	1979	2	5	7	823
KJ942685.1	827	1461	3	1	4	827
KJ942685.1	828	1610	1	0	1	828
KJ942685.1	834	1730	0	1	1	1730
KJ942685.1	835	1646	1	0	1	835
KJ942685.1	841	1943	3	4	7	841
KJ942685.1	856	1452	0	1	1	1452
KJ942685.1	861	1853	0	1	1	1853
KJ942685.1	862	1706	3	3	6	862
KJ942685.1	862	1747	0	1	1	1747
KJ942685.1	862	1899	3	1	4	862
KJ942685.1	881	1851	1	1	2	881
KJ942685.1	894	1017	0	1	1	1017
KJ942685.1	897	1832	0	1	1	1832
KJ942685.1	904	1705	3	2	5	904
KJ942685.1	905	1795	1	0	1	905
KJ942685.1	905	1856	1	0	1	905
KJ942685.1	908	1658	1	1	2	908
KJ942685.1	912	1654	2	1	3	912
KJ942685.1	917	1569	1	0	1	917
KJ942685.1	923	1596	1	0	1	923
KJ942685.1	925	1581	1	1	2	925
KJ942685.1	925	2313	2	0	2	925
KJ942685.1	926	1678	1	3	4	926
KJ942685.1	926	1879	1	0	1	926
KJ942685.1	927	1677	1	0	1	927
KJ942685.1	929	1667	1	0	1	929
KJ942685.1	932	1773	1	0	1	932
KJ942685.1	933	1669	1	1	2	933
KJ942685.1	933	1881	0	1	1	1881
KJ942685.1	974	1818	2	1	3	974
KJ942685.1	978	1051	0	1	1	1051
KJ942685.1	992	2295	0	1	1	2295
KJ942686.1	1011	2027	1	0	1	1011
KJ942686.1	1033	1662	2	0	2	1033
KJ942686.1	1042	1665	2	0	2	1042
KJ942686.1	1043	1436	0	1	1	1436
KJ942686.1	1060	1639	1	0	1	1060
KJ942686.1	1063	1642	0	1	1	1642
KJ942686.1	1068	1115	0	1	1	1115
KJ942686.1	1084	1906	0	1	1	1906
KJ942686.1	1084	2265	0	1	1	2265
KJ942686.1	1102	1905	1	0	1	1102
KJ942686.1	1106	1705	0	1	1	1705
KJ942686.1	1139	1583	0	1	1	1583
KJ942686.1	1153	2066	0	1	1	2066
KJ942686.1	1196	1795	1	0	1	1196
KJ942686.1	1239	1621	0	1	1	1621
KJ942686.1	1271	2243	0	1	1	2243
KJ942686.1	1278	2455	0	1	1	2455
KJ942686.1	1295	1375	1	0	1	1295
KJ942686.1	1308	2326	0	1	1	2326
KJ942686.1	1321	1673	0	1	1	1673
KJ942686.1	1383	2342	1	0	1	1383
KJ942686.1	1398	2355	1	0	1	1398
KJ942686.1	1407	1652	0	1	1	1652
KJ942686.1	1422	2008	1	0	1	1422
KJ942686.1	1436	1676	1	0	1	1436
KJ942686.1	1451	1508	0	1	1	1508
KJ942686.1	1487	1949	0	1	1	1949
KJ942686.1	1561	1671	0	1	1	1671
KJ942686.1	1594	1650	0	1	1	1650
KJ942686.1	1604	2475	0	1	1	2475
KJ942686.1	1629	2125	0	1	1	2125
KJ942686.1	1648	2068	1	1	2	1648
KJ942686.1	1783	2364	1	0	1	1783
KJ942686.1	1858	2127	1	0	1	1858
KJ942686.1	2020	2103	2	0	2	2020
KJ942686.1	2048	2089	0	1	1	2089
KJ942686.1	2062	2133	1	0	1	2062
KJ942686.1	2066	2476	0	1	1	2476
KJ942686.1	2076	2112	1	0	1	2076
KJ942686.1	2095	2147	0	1	1	2147
KJ942686.1	2160	2191	1	0	1	2160
KJ942686.1	2164	2199	0	1	1	2199
KJ942686.1	2168	2407	0	1	1	2407
KJ942686.1	2180	2350	0	1	1	2350
KJ942686.1	2203	2405	0	1	1	2405
KJ942686.1	2204	2406	1	0	1	2204
KJ942686.1	2276	2305	1	0	1	2276
KJ942686.1	2290	2369	1	1	2	2290
KJ942686.1	2310	2342	2	0	2	2310
KJ942686.1	2343	2365	6	0	6	2343
KJ942686.1	2343	2510	0	1	1	2510
KJ942686.1	2367	2459	0	2	2	2459
KJ942686.1	2368	2459	1	0	1	2368
KJ942686.1	2394	2459	0	1	1	2459
KJ942686.1	251	2326	1	0	1	251
KJ942686.1	256	2331	11	0	11	256
KJ942686.1	256	300	1	0	1	256
KJ942686.1	259	2351	4	0	4	259
KJ942686.1	272	2287	2	0	2	272
KJ942686.1	275	324	4	0	4	275
KJ942686.1	278	2168	1	0	1	278
KJ942686.1	278	2184	1	0	1	278
KJ942686.1	280	342	4	0	4	280
KJ942686.1	283	2371	2	0	2	283
KJ942686.1	289	2388	1	0	1	289
KJ942686.1	290	1828	1	0	1	290
KJ942686.1	295	2330	1	0	1	295
KJ942686.1	297	1811	1	0	1	297
KJ942686.1	298	2198	1	0	1	298
KJ942686.1	308	2350	1	0	1	308
KJ942686.1	313	2388	1	0	1	313
KJ942686.1	314	2369	1	0	1	314
KJ942686.1	315	2364	0	2	2	2364
KJ942686.1	336	2345	0	1	1	2345
KJ942686.1	348	2357	9	6	15	348
KJ942686.1	364	2343	5	3	8	364
KJ942686.1	372	2134	6	0	6	372
KJ942686.1	372	2331	12	5	17	372
KJ942686.1	373	2391	5	4	9	373
KJ942686.1	385	2304	5	0	5	385
KJ942686.1	386	1543	0	1	1	1543
KJ942686.1	389	2146	4	0	4	389
KJ942686.1	391	1546	0	1	1	1546
KJ942686.1	392	1618	1	0	1	392
KJ942686.1	392	2374	0	1	1	2374
KJ942686.1	393	2246	1	0	1	393
KJ942686.1	393	2254	1	0	1	393
KJ942686.1	394	2368	0	1	1	2368
KJ942686.1	400	1864	1	0	1	400
KJ942686.1	400	2399	9	5	14	400
KJ942686.1	406	1960	1	0	1	406
KJ942686.1	406	2271	16	0	16	406
KJ942686.1	406	2409	0	1	1	2409
KJ942686.1	408	2240	1	0	1	408
KJ942686.1	411	2225	6	1	7	411
KJ942686.1	413	1056	1	0	1	413
KJ942686.1	415	2341	2	0	2	415
KJ942686.1	421	2233	2	0	2	421
KJ942686.1	424	2331	1	0	1	424
KJ942686.1	424	738	1	0	1	424
KJ942686.1	428	2241	16	3	19	428
KJ942686.1	430	2200	0	1	1	2200
KJ942686.1	430	2230	0	1	1	2230
KJ942686.1	435	2479	0	1	1	2479
KJ942686.1	439	2465	0	1	1	2465
KJ942686.1	442	1850	1	0	1	442
KJ942686.1	442	2235	3	2	5	442
KJ942686.1	442	2334	1	1	2	442
KJ942686.1	443	2257	488	83	571	443
KJ942686.1	444	2220	0	1	1	2220
KJ942686.1	445	2112	1	0	1	445
KJ942686.1	454	2282	2	1	3	454
KJ942686.1	457	2129	3	0	3	457
KJ942686.1	457	2281	1	0	1	457
KJ942686.1	461	2286	0	1	1	2286
KJ942686.1	462	2276	3	0	3	462
KJ942686.1	463	2296	1	0	1	463
KJ942686.1	466	2246	6	3	9	466
KJ942686.1	475	2307	0	2	2	2307
KJ942686.1	475	531	0	1	1	531
KJ942686.1	479	834	0	1	1	834
KJ942686.1	486	1537	0	1	1	1537
KJ942686.1	502	2121	1	0	1	502
KJ942686.1	506	1409	1	0	1	506
KJ942686.1	526	2190	2	0	2	526
KJ942686.1	535	2085	0	1	1	2085
KJ942686.1	550	2264	5	0	5	550
KJ942686.1	556	2197	1	1	2	556
KJ942686.1	556	2247	14	5	19	556
KJ942686.1	558	2129	0	1	1	2129
KJ942686.1	562	2195	1	3	4	562
KJ942686.1	573	2028	0	1	1	2028
KJ942686.1	578	2139	1	3	4	578
KJ942686.1	584	614	1	0	1	584
KJ942686.1	591	2311	1	0	1	591
KJ942686.1	597	2173	0	1	1	2173
KJ942686.1	611	2008	0	2	2	2008
KJ942686.1	612	1780	2	0	2	612
KJ942686.1	612	2023	1	2	3	612
KJ942686.1	615	2252	1	0	1	615
KJ942686.1	620	1797	0	1	1	1797
KJ942686.1	620	1805	0	1	1	1805
KJ942686.1	623	1908	0	1	1	1908
KJ942686.1	628	1781	2	1	3	628
KJ942686.1	630	2038	0	1	1	2038
KJ942686.1	630	724	1	0	1	630
KJ942686.1	631	1766	1	1	2	631
KJ942686.1	633	1231	1	0	1	633
KJ942686.1	646	2023	1	6	7	646
KJ942686.1	649	2146	2	0	2	649
KJ942686.1	650	1748	1	0	1	650
KJ942686.1	651	1876	1	1	2	651
KJ942686.1	660	2086	1	1	2	660
KJ942686.1	666	2164	1	1	2	666
KJ942686.1	667	1737	0	1	1	1737
KJ942686.1	667	2130	1	0	1	667
KJ942686.1	668	2188	0	1	1	2188
KJ942686.1	673	1672	1	0	1	673
KJ942686.1	674	2055	2	0	2	674
KJ942686.1	681	1698	2	0	2	681
KJ942686.1	683	2068	2	0	2	683
KJ942686.1	684	719	1	0	1	684
KJ942686.1	685	1706	2	0	2	685
KJ942686.1	687	1697	1	0	1	687
KJ942686.1	692	2401	0	1	1	2401
KJ942686.1	694	2103	1	0	1	694
KJ942686.1	697	2058	1	1	2	697
KJ942686.1	697	2179	1	1	2	697
KJ942686.1	698	2068	0	1	1	2068
KJ942686.1	700	2085	1	0	1	700
KJ942686.1	701	2065	1	1	2	701
KJ942686.1	701	2071	4	0	4	701
KJ942686.1	745	1905	1	0	1	745
KJ942686.1	758	1071	0	1	1	1071
KJ942686.1	759	2029	2	2	4	759
KJ942686.1	762	2004	0	1	1	2004
KJ942686.1	762	2014	0	1	1	2014
KJ942686.1	763	1909	1	0	1	763
KJ942686.1	764	1941	1	0	1	764
KJ942686.1	764	2008	2	0	2	764
KJ942686.1	770	2016	4	0	4	770
KJ942686.1	775	1832	0	1	1	1832
KJ942686.1	775	2000	0	1	1	2000
KJ942686.1	776	1876	3	1	4	776
KJ942686.1	777	1824	1	0	1	777
KJ942686.1	781	2333	1	0	1	781
KJ942686.1	782	1118	1	0	1	782
KJ942686.1	787	1953	0	1	1	1953
KJ942686.1	793	1790	1	0	1	793
KJ942686.1	798	1864	0	1	1	1864
KJ942686.1	799	1935	2	2	4	799
KJ942686.1	800	2104	3	0	3	800
KJ942686.1	803	2169	0	1	1	2169
KJ942686.1	809	1146	3	0	3	809
KJ942686.1	810	1785	1	0	1	810
KJ942686.1	812	1830	0	1	1	1830
KJ942686.1	822	1745	1	0	1	822
KJ942686.1	827	1833	0	1	1	1833
KJ942686.1	841	1935	1	0	1	841
KJ942686.1	844	1727	2	2	4	844
KJ942686.1	856	1822	4	1	5	856
KJ942686.1	857	1817	1	0	1	857
KJ942686.1	860	1952	0	1	1	1952
KJ942686.1	872	1915	0	1	1	1915
KJ942686.1	873	1803	0	1	1	1803
KJ942686.1	876	1905	1	0	1	876
KJ942686.1	884	1779	1	1	2	884
KJ942686.1	889	1919	0	1	1	1919
KJ942686.1	890	1308	1	0	1	890
KJ942686.1	892	1657	1	2	3	892
KJ942686.1	892	1781	2	0	2	892
KJ942686.1	893	1884	3	11	14	893
KJ942686.1	898	1803	0	1	1	1803
KJ942686.1	900	1776	1	0	1	900
KJ942686.1	902	1778	0	1	1	1778
KJ942686.1	902	1884	2	1	3	902
KJ942686.1	907	1646	1	0	1	907
KJ942686.1	907	1877	0	1	1	1877
KJ942686.1	916	1883	1	1	2	916
KJ942686.1	917	1877	0	2	2	1877
KJ942686.1	918	1719	1	1	2	918
KJ942686.1	919	1891	0	1	1	1891
KJ942686.1	920	1795	1	1	2	920
KJ942686.1	924	1303	0	1	1	1303
KJ942686.1	939	1490	1	0	1	939
KJ942686.1	939	1864	3	2	5	939
KJ942686.1	942	1670	0	1	1	1670
KJ942686.1	943	1445	1	0	1	943
KJ942686.1	944	1413	0	1	1	1413
KJ942686.1	950	1839	0	1	1	1839
KJ942686.1	958	2336	1	0	1	958
KJ942686.1	964	1459	0	1	1	1459
KJ942686.1	966	1618	0	1	1	1618
KJ942686.1	970	1838	0	1	1	1838
KJ942686.1	971	1723	1	0	1	971
KJ942686.1	975	1204	0	1	1	1204
KJ942686.1	976	1860	1	0	1	976
KJ942686.1	984	1824	1	0	1	984
KJ942686.1	989	2011	0	1	1	2011
KJ942686.1	991	1603	0	1	1	1603
KJ942686.1	993	1815	1	0	1	993
KJ942687.1	1013	1859	0	1	1	1859
KJ942687.1	1027	1442	0	1	1	1442
KJ942687.1	1035	1919	1	0	1	1035
KJ942687.1	1076	1786	0	1	1	1786
KJ942687.1	1088	2231	0	1	1	2231
KJ942687.1	1124	1895	1	0	1	1124
KJ942687.1	1131	1969	1	1	2	1131
KJ942687.1	1140	2031	2	1	3	1140
KJ942687.1	1163	2075	0	1	1	2075
KJ942687.1	1175	1372	0	1	1	1372
KJ942687.1	1186	2165	1	3	4	1186
KJ942687.1	1186	2172	3	8	11	1186
KJ942687.1	1191	1747	0	1	1	1747
KJ942687.1	1191	2050	0	1	1	2050
KJ942687.1	1193	2178	1	5	6	1193
KJ942687.1	1196	2168	1	1	2	1196
KJ942687.1	1198	2104	4	9	13	1198
KJ942687.1	1198	2107	21	33	54	1198
KJ942687.1	1264	1658	0	1	1	1658
KJ942687.1	1348	2122	0	1	1	2122
KJ942687.1	1368	2126	2	0	2	1368
KJ942687.1	1384	1991	1	0	1	1384
KJ942687.1	1400	2046	0	1	1	2046
KJ942687.1	1401	2164	1	0	1	1401
KJ942687.1	1408	2054	52	44	96	1408
KJ942687.1	1419	2013	0	1	1	2013
KJ942687.1	1429	2122	2	0	2	1429
KJ942687.1	1435	1843	0	1	1	1843
KJ942687.1	1441	2010	1	0	1	1441
KJ942687.1	1457	2219	0	1	1	2219
KJ942687.1	1491	1943	1	1	2	1491
KJ942687.1	1511	2123	0	1	1	2123
KJ942687.1	1521	2033	0	1	1	2033
KJ942687.1	1587	2164	1	1	2	1587
KJ942687.1	1608	2020	1	0	1	1608
KJ942687.1	1666	2051	2	3	5	1666
KJ942687.1	1667	2144	0	1	1	2144
KJ942687.1	1667	2316	1	0	1	1667
KJ942687.1	1695	1896	1	0	1	1695
KJ942687.1	1705	2113	1	0	1	1705
KJ942687.1	1714	2052	3	1	4	1714
KJ942687.1	1715	2051	2	2	4	1715
KJ942687.1	1716	2052	1	4	5	1716
KJ942687.1	1747	2051	1	0	1	1747
KJ942687.1	1753	1967	1	0	1	1753
KJ942687.1	1816	2053	0	5	5	2053
KJ942687.1	1845	1908	1	0	1	1845
KJ942687.1	1911	1966	1	0	1	1911
KJ942687.1	1913	2008	1	1	2	1913
KJ942687.1	2050	2315	1	0	1	2050
KJ942687.1	2242	2387	1	0	1	2242
KJ942687.1	2244	2293	0	1	1	2293
KJ942687.1	2314	2489	0	1	1	2489
KJ942687.1	238	494	1	0	1	238
KJ942687.1	255	1235	1	0	1	255
KJ942687.1	255	1261	1	0	1	255
KJ942687.1	265	2301	2	0	2	265
KJ942687.1	283	2389	5	0	5	283
KJ942687.1	297	2317	3	0	3	297
KJ942687.1	299	2094	3	0	3	299
KJ942687.1	320	2204	1	1	2	320
KJ942687.1	325	2038	0	1	1	2038
KJ942687.1	330	2330	0	1	1	2330
KJ942687.1	338	2216	0	2	2	2216
KJ942687.1	339	2231	0	1	1	2231
KJ942687.1	343	2328	0	1	1	2328
KJ942687.1	350	758	0	1	1	758
KJ942687.1	361	2250	1	0	1	361
KJ942687.1	368	2314	0	1	1	2314
KJ942687.1	372	2261	1	0	1	372
KJ942687.1	378	2310	4	8	12	378
KJ942687.1	381	2447	0	1	1	2447
KJ942687.1	382	2313	0	1	1	2313
KJ942687.1	384	2266	0	1	1	2266
KJ942687.1	386	2210	2	5	7	386
KJ942687.1	386	2224	1	5	6	386
KJ942687.1	386	2348	7	43	50	386
KJ942687.1	388	2147	2	4	6	388
KJ942687.1	389	2210	0	2	2	2210
KJ942687.1	396	2183	4	19	23	396
KJ942687.1	396	2319	0	11	11	2319
KJ942687.1	397	1664	3	3	6	397
KJ942687.1	397	2329	4	66	70	397
KJ942687.1	398	2250	10	58	68	398
KJ942687.1	398	454	4	23	27	398
KJ942687.1	403	1600	0	1	1	1600
KJ942687.1	408	2384	0	1	1	2384
KJ942687.1	413	2487	0	1	1	2487
KJ942687.1	420	464	0	1	1	464
KJ942687.1	422	1367	0	1	1	1367
KJ942687.1	423	2230	0	2	2	2230
KJ942687.1	424	2271	0	1	1	2271
KJ942687.1	425	2296	5	15	20	425
KJ942687.1	426	2258	0	2	2	2258
KJ942687.1	429	2236	0	1	1	2236
KJ942687.1	432	2030	1	2	3	432
KJ942687.1	432	2345	0	1	1	2345
KJ942687.1	435	2047	1	1	2	435
KJ942687.1	436	2049	6	3	9	436
KJ942687.1	450	2326	2	2	4	450
KJ942687.1	458	2197	0	3	3	2197
KJ942687.1	460	2199	0	1	1	2199
KJ942687.1	461	2000	2	2	4	461
KJ942687.1	463	681	1	0	1	463
KJ942687.1	467	2291	3	1	4	467
KJ942687.1	467	2295	1	0	1	467
KJ942687.1	468	2211	1	6	7	468
KJ942687.1	471	1691	0	1	1	1691
KJ942687.1	472	1699	0	1	1	1699
KJ942687.1	472	2203	3	3	6	472
KJ942687.1	474	2251	1	2	3	474
KJ942687.1	475	2179	1	9	10	475
KJ942687.1	475	2475	0	3	3	2475
KJ942687.1	479	2101	0	3	3	2101
KJ942687.1	481	2087	0	1	1	2087
KJ942687.1	481	2193	0	2	2	2193
KJ942687.1	483	2184	0	1	1	2184
KJ942687.1	486	2184	0	1	1	2184
KJ942687.1	487	2178	9	15	24	487
KJ942687.1	488	1033	1	0	1	488
KJ942687.1	488	515	1	0	1	488
KJ942687.1	491	2063	0	1	1	2063
KJ942687.1	497	2245	0	1	1	2245
KJ942687.1	498	2251	0	1	1	2251
KJ942687.1	501	2219	8	24	32	501
KJ942687.1	508	2503	0	1	1	2503
KJ942687.1	510	2133	1	4	5	510
KJ942687.1	510	2143	2	1	3	510
KJ942687.1	522	2210	1	1	2	522
KJ942687.1	522	2249	1	0	1	522
KJ942687.1	523	2089	0	3	3	2089
KJ942687.1	524	2088	1	0	1	524
KJ942687.1	524	2172	6	18	24	524
KJ942687.1	525	1728	0	1	1	1728
KJ942687.1	525	2203	1	2	3	525
KJ942687.1	527	2104	0	1	1	2104
KJ942687.1	529	2040	0	1	1	2040
KJ942687.1	536	2234	2	1	3	536
KJ942687.1	538	2086	0	3	3	2086
KJ942687.1	538	2179	0	1	1	2179
KJ942687.1	539	2088	0	1	1	2088
KJ942687.1	541	2219	2	1	3	541
KJ942687.1	578	2028	0	1	1	2028
KJ942687.1	589	2160	0	1	1	2160
KJ942687.1	590	2167	4	2	6	590
KJ942687.1	598	1854	0	1	1	1854
KJ942687.1	598	2126	0	1	1	2126
KJ942687.1	599	1956	0	1	1	1956
KJ942687.1	600	2164	0	1	1	2164
KJ942687.1	611	2130	12	18	30	611
KJ942687.1	617	2179	0	2	2	2179
KJ942687.1	626	1986	2	0	2	626
KJ942687.1	627	2127	0	1	1	2127
KJ942687.1	630	2071	0	1	1	2071
KJ942687.1	641	2023	1	0	1	641
KJ942687.1	643	1994	0	2	2	1994
KJ942687.1	644	2328	2	0	2	644
KJ942687.1	647	2127	2	0	2	647
KJ942687.1	649	1940	1	0	1	649
KJ942687.1	652	2127	0	2	2	2127
KJ942687.1	654	2088	0	2	2	2088
KJ942687.1	658	2050	14	3	17	658
KJ942687.1	659	1831	2	0	2	659
KJ942687.1	659	1962	1	2	3	659
KJ942687.1	659	2107	1	0	1	659
KJ942687.1	660	2146	1	0	1	660
KJ942687.1	662	1963	1	1	2	662
KJ942687.1	662	2054	0	1	1	2054
KJ942687.1	665	1963	1	1	2	665
KJ942687.1	665	2105	1	1	2	665
KJ942687.1	670	1267	0	1	1	1267
KJ942687.1	671	1962	0	1	1	1962
KJ942687.1	671	2088	1	1	2	671
KJ942687.1	674	842	0	1	1	842
KJ942687.1	675	1947	2	1	3	675
KJ942687.1	676	2072	0	1	1	2072
KJ942687.1	677	1907	0	2	2	1907
KJ942687.1	678	1987	0	1	1	1987
KJ942687.1	685	2016	2	1	3	685
KJ942687.1	689	1880	1	0	1	689
KJ942687.1	694	2134	0	1	1	2134
KJ942687.1	701	2049	3	6	9	701
KJ942687.1	703	1893	0	1	1	1893
KJ942687.1	705	1583	1	1	2	705
KJ942687.1	708	2055	1	1	2	708
KJ942687.1	712	1952	1	2	3	712
KJ942687.1	714	1890	1	0	1	714
KJ942687.1	715	2053	1	0	1	715
KJ942687.1	715	2259	0	1	1	2259
KJ942687.1	723	1987	0	1	1	1987
KJ942687.1	729	1964	2	0	2	729
KJ942687.1	735	2012	1	1	2	735
KJ942687.1	736	1970	2	1	3	736
KJ942687.1	747	1958	1	2	3	747
KJ942687.1	756	1953	0	1	1	1953
KJ942687.1	757	1789	0	1	1	1789
KJ942687.1	761	2028	0	1	1	2028
KJ942687.1	765	1987	1	1	2	765
KJ942687.1	766	2042	0	2	2	2042
KJ942687.1	767	1996	1	0	1	767
KJ942687.1	771	1089	0	1	1	1089
KJ942687.1	771	2236	0	1	1	2236
KJ942687.1	775	1537	1	0	1	775
KJ942687.1	784	1947	1	0	1	784
KJ942687.1	785	1950	2	2	4	785
KJ942687.1	785	1969	0	2	2	1969
KJ942687.1	790	1959	2	0	2	790
KJ942687.1	791	1962	2	0	2	791
KJ942687.1	791	1963	0	1	1	1963
KJ942687.1	792	1953	1	0	1	792
KJ942687.1	792	2179	2	0	2	792
KJ942687.1	795	1942	2	1	3	795
KJ942687.1	796	1709	0	1	1	1709
KJ942687.1	796	1953	2	1	3	796
KJ942687.1	798	1905	1	1	2	798
KJ942687.1	799	1929	1	0	1	799
KJ942687.1	803	2498	0	5	5	2498
KJ942687.1	805	1901	1	0	1	805
KJ942687.1	807	1882	1	2	3	807
KJ942687.1	809	2013	0	3	3	2013
KJ942687.1	809	2050	2	0	2	809
KJ942687.1	810	1938	0	1	1	1938
KJ942687.1	811	1877	0	1	1	1877
KJ942687.1	813	1264	0	1	1	1264
KJ942687.1	824	1294	0	1	1	1294
KJ942687.1	824	1865	0	1	1	1865
KJ942687.1	833	1595	2	0	2	833
KJ942687.1	839	2163	0	1	1	2163
KJ942687.1	840	1723	1	0	1	840
KJ942687.1	840	1845	1	0	1	840
KJ942687.1	840	1848	1	1	2	840
KJ942687.1	844	1849	0	1	1	1849
KJ942687.1	846	1287	1	0	1	846
KJ942687.1	847	1910	4	0	4	847
KJ942687.1	850	1962	0	1	1	1962
KJ942687.1	851	1916	1	0	1	851
KJ942687.1	851	1937	1	3	4	851
KJ942687.1	857	1950	1	0	1	857
KJ942687.1	858	1887	1	0	1	858
KJ942687.1	859	1426	0	1	1	1426
KJ942687.1	859	1875	1	0	1	859
KJ942687.1	859	1939	1	1	2	859
KJ942687.1	860	1825	1	3	4	860
KJ942687.1	864	1936	1	0	1	864
KJ942687.1	864	2052	0	2	2	2052
KJ942687.1	865	1817	0	1	1	1817
KJ942687.1	867	2394	0	1	1	2394
KJ942687.1	871	1806	1	1	2	871
KJ942687.1	871	1819	0	1	1	1819
KJ942687.1	872	1789	0	1	1	1789
KJ942687.1	873	1803	1	0	1	873
KJ942687.1	873	1866	2	1	3	873
KJ942687.1	873	1919	1	0	1	873
KJ942687.1	882	1975	0	1	1	1975
KJ942687.1	884	1855	1	0	1	884
KJ942687.1	889	1018	1	0	1	889
KJ942687.1	908	1413	0	1	1	1413
KJ942687.1	908	2031	1	0	1	908
KJ942687.1	909	1625	1	0	1	909
KJ942687.1	917	1875	1	0	1	917
KJ942687.1	919	1876	1	1	2	919
KJ942687.1	920	1814	0	1	1	1814
KJ942687.1	920	1825	1	0	1	920
KJ942687.1	925	1876	0	1	1	1876
KJ942687.1	927	1776	1	0	1	927
KJ942687.1	932	2107	1	1	2	932
KJ942687.1	935	2015	0	1	1	2015
KJ942687.1	945	1936	1	0	1	945
KJ942687.1	960	1912	2	0	2	960
KJ942687.1	965	1915	1	0	1	965
KJ942687.1	966	1733	1	0	1	966
KJ942687.1	967	1723	0	1	1	1723
KJ942687.1	970	1919	1	0	1	970
KJ942687.1	976	1707	0	1	1	1707
KJ942687.1	984	2070	1	3	4	984
KJ942687.1	990	2327	1	0	1	990
KJ942687.1	991	1588	0	1	1	1588
KJ942687.1	993	2286	0	1	1	2286
KJ942687.1	994	1345	0	1	1	1345
KJ942687.1	996	1957	1	3	4	996
KJ942687.1	999	2407	1	0	1	999
