Segment	Start	Stop	Forward_support	Reverse_support	Total_support	Fuzz_factor
KJ942680.1	1315	1516	0	1	1	1516
KJ942680.1	1492	1835	12	3	15	1492
KJ942680.1	1705	1738	35	12	47	1705
KJ942680.1	288	1346	1	0	1	288
KJ942680.1	327	914	0	1	1	914
KJ942680.1	363	1349	8	15	23	363
KJ942680.1	384	932	0	1	1	932
KJ942680.1	393	1308	1	0	1	393
KJ942680.1	405	1614	5	38	43	405
KJ942680.1	463	1383	1	0	1	463
KJ942680.1	565	1224	0	1	1	1224
KJ942680.1	570	599	1	0	1	570
KJ942680.1	580	1216	7	7	14	580
KJ942680.1	584	672	1	0	1	584
KJ942680.1	654	1311	1	0	1	654
KJ942680.1	692	1793	1	0	1	692
KJ942680.1	700	1772	0	1	1	1772
KJ942680.1	745	819	8	8	16	745
KJ942680.1	872	1227	0	1	1	1227
KJ942680.1	883	1720	1	0	1	883
KJ942680.1	983	1172	4	10	14	983
KJ942680.1	989	1916	0	1	1	1916
KJ942681.1	1034	1146	0	1	1	1146
KJ942681.1	389	647	1	0	1	389
KJ942681.1	447	522	0	1	1	522
KJ942681.1	454	1069	0	1	1	1069
KJ942681.1	540	976	1	0	1	540
KJ942681.1	581	1163	0	1	1	1163
KJ942681.1	615	1006	34	14	48	615
KJ942681.1	641	1077	1	0	1	641
KJ942681.1	674	706	0	1	1	706
KJ942681.1	694	830	1	5	6	694
KJ942681.1	733	875	16	13	29	733
KJ942681.1	805	848	1	3	4	805
KJ942681.1	818	1157	0	1	1	1157
KJ942681.1	831	1044	0	1	1	1044
KJ942681.1	894	996	1	0	1	894
KJ942681.1	922	1079	2	0	2	922
KJ942682.1	1176	1440	0	1	1	1440
KJ942682.1	1316	1409	10	8	18	1316
KJ942682.1	327	1463	5	12	17	327
KJ942682.1	328	1512	2	1	3	328
KJ942682.1	381	1446	0	2	2	1446
KJ942682.1	389	1095	0	1	1	1095
KJ942682.1	399	1265	0	2	2	1265
KJ942682.1	399	1463	10	16	26	399
KJ942682.1	424	902	1	0	1	424
KJ942682.1	458	855	0	1	1	855
KJ942682.1	479	1266	9	13	22	479
KJ942682.1	538	1076	1	0	1	538
KJ942682.1	817	987	1	0	1	817
KJ942682.1	885	1269	1	0	1	885
KJ942683.1	1118	1408	1	0	1	1118
KJ942683.1	1154	1593	1	0	1	1154
KJ942683.1	1487	1526	0	1	1	1526
KJ942683.1	333	673	0	1	1	673
KJ942683.1	337	676	2	2	4	337
KJ942683.1	366	956	1	0	1	366
KJ942683.1	410	835	0	1	1	835
KJ942683.1	476	1196	0	1	1	1196
KJ942683.1	509	1094	1	0	1	509
KJ942683.1	536	856	1	3	4	536
KJ942683.1	537	857	0	1	1	857
KJ942683.1	566	1573	0	1	1	1573
KJ942683.1	615	852	1	0	1	615
KJ942683.1	634	973	1	0	1	634
KJ942683.1	644	930	0	1	1	930
KJ942683.1	718	895	0	1	1	895
KJ942683.1	727	887	0	1	1	887
KJ942683.1	741	1041	0	1	1	1041
KJ942683.1	777	1339	7	9	16	777
KJ942683.1	809	983	0	1	1	983
KJ942683.1	814	1415	0	1	1	1415
KJ942683.1	815	859	0	1	1	859
KJ942683.1	820	1327	1	0	1	820
KJ942683.1	865	1022	1	0	1	865
KJ942683.1	879	1728	0	1	1	1728
KJ942683.1	891	1378	0	1	1	1378
KJ942683.1	929	1530	0	1	1	1530
KJ942683.1	972	1043	0	1	1	1043
KJ942684.1	287	903	1	0	1	287
KJ942684.1	297	971	61	0	61	297
KJ942684.1	526	755	5	6	11	526
KJ942685.1	1057	1990	9	14	23	1057
KJ942685.1	1064	1724	1	0	1	1064
KJ942685.1	1094	1956	1	1	2	1094
KJ942685.1	1130	1872	2	1	3	1130
KJ942685.1	1162	1657	13	5	18	1162
KJ942685.1	1181	1601	10	12	22	1181
KJ942685.1	1289	1848	0	1	1	1848
KJ942685.1	1366	2188	0	1	1	2188
KJ942685.1	1549	1661	1	1	2	1549
KJ942685.1	1555	2018	7	4	11	1555
KJ942685.1	1584	2272	11	3	14	1584
KJ942685.1	1760	2164	1	0	1	1760
KJ942685.1	1822	2316	1	0	1	1822
KJ942685.1	1859	2092	1	0	1	1859
KJ942685.1	1953	2059	0	3	3	2059
KJ942685.1	2003	2040	123	100	223	2003
KJ942685.1	2004	2041	1	1	2	2004
KJ942685.1	2051	2298	21	3	24	2051
KJ942685.1	2073	2115	17	6	23	2073
KJ942685.1	2094	2151	22	2	24	2094
KJ942685.1	2121	2194	13	6	19	2121
KJ942685.1	2143	2181	1	0	1	2143
KJ942685.1	2151	2249	47	8	55	2151
KJ942685.1	2152	2182	19	20	39	2152
KJ942685.1	2152	2250	1	0	1	2152
KJ942685.1	2159	2263	38	4	42	2159
KJ942685.1	2226	2282	3	0	3	2226
KJ942685.1	2266	2294	9	12	21	2266
KJ942685.1	2277	2320	1	0	1	2277
KJ942685.1	239	2121	1	0	1	239
KJ942685.1	289	2232	1	0	1	289
KJ942685.1	289	702	1	0	1	289
KJ942685.1	290	2233	17	0	17	290
KJ942685.1	292	318	31	0	31	292
KJ942685.1	294	2111	1	0	1	294
KJ942685.1	297	319	43	1	44	297
KJ942685.1	300	2189	1	0	1	300
KJ942685.1	302	2144	16	1	17	302
KJ942685.1	302	2191	67	10	77	302
KJ942685.1	321	345	2	1	3	321
KJ942685.1	323	2147	1	9	10	323
KJ942685.1	328	375	3	0	3	328
KJ942685.1	337	398	3	0	3	337
KJ942685.1	342	2144	35	91	126	342
KJ942685.1	342	2191	27	70	97	342
KJ942685.1	344	2020	1	7	8	344
KJ942685.1	344	2115	0	2	2	2115
KJ942685.1	344	2196	5	0	5	344
KJ942685.1	344	2281	1	2	3	344
KJ942685.1	345	2076	8	10	18	345
KJ942685.1	345	2159	13	55	68	345
KJ942685.1	345	2164	1	0	1	345
KJ942685.1	345	2174	14	27	41	345
KJ942685.1	345	2191	1	1	2	345
KJ942685.1	345	2193	15	41	56	345
KJ942685.1	345	2249	2	2	4	345
KJ942685.1	345	395	1	0	1	345
KJ942685.1	345	412	2	0	2	345
KJ942685.1	345	415	0	1	1	415
KJ942685.1	346	376	0	2	2	376
KJ942685.1	346	388	3	0	3	346
KJ942685.1	347	2223	2	1	3	347
KJ942685.1	349	2185	4	15	19	349
KJ942685.1	351	2232	6	4	10	351
KJ942685.1	355	2226	6	6	12	355
KJ942685.1	359	2118	3	0	3	359
KJ942685.1	359	2199	0	1	1	2199
KJ942685.1	362	2134	5	16	21	362
KJ942685.1	364	2228	2	7	9	364
KJ942685.1	364	470	4	33	37	364
KJ942685.1	366	2056	49	277	326	366
KJ942685.1	366	2162	15	49	64	366
KJ942685.1	370	2164	1	17	18	370
KJ942685.1	370	2209	0	1	1	2209
KJ942685.1	371	393	0	1	1	393
KJ942685.1	373	1241	2	0	2	373
KJ942685.1	373	2182	5	36	41	373
KJ942685.1	374	2193	16	13	29	374
KJ942685.1	374	567	3	0	3	374
KJ942685.1	375	2182	25	90	115	375
KJ942685.1	378	2159	8	36	44	378
KJ942685.1	378	2171	0	2	2	2171
KJ942685.1	378	402	2	20	22	378
KJ942685.1	379	2160	3	8	11	379
KJ942685.1	380	2082	0	1	1	2082
KJ942685.1	396	2074	2	0	2	396
KJ942685.1	396	2120	0	11	11	2120
KJ942685.1	396	2146	1	13	14	396
KJ942685.1	396	2163	12	47	59	396
KJ942685.1	396	2166	1	9	10	396
KJ942685.1	397	2142	2	17	19	397
KJ942685.1	397	2179	5	34	39	397
KJ942685.1	399	2119	1	1	2	399
KJ942685.1	401	2164	34	130	164	401
KJ942685.1	402	2194	14	26	40	402
KJ942685.1	403	2158	0	9	9	2158
KJ942685.1	404	2202	2	5	7	404
KJ942685.1	405	2125	1	0	1	405
KJ942685.1	407	2152	0	4	4	2152
KJ942685.1	409	1193	1	0	1	409
KJ942685.1	411	1921	0	4	4	1921
KJ942685.1	411	2129	1	2	3	411
KJ942685.1	413	2131	401	534	935	413
KJ942685.1	413	2195	25	75	100	413
KJ942685.1	413	2226	76	10	86	413
KJ942685.1	414	2022	0	13	13	2022
KJ942685.1	414	2075	2	11	13	414
KJ942685.1	415	2133	1	1	2	415
KJ942685.1	415	2175	0	1	1	2175
KJ942685.1	416	2151	9	20	29	416
KJ942685.1	416	2166	32	80	112	416
KJ942685.1	417	2167	0	1	1	2167
KJ942685.1	421	2201	3	0	3	421
KJ942685.1	440	2155	1	0	1	440
KJ942685.1	443	2158	32	29	61	443
KJ942685.1	444	2149	16	14	30	444
KJ942685.1	454	2167	8	0	8	454
KJ942685.1	455	2052	14	30	44	455
KJ942685.1	459	1972	2	4	6	459
KJ942685.1	462	2200	1	0	1	462
KJ942685.1	466	2076	17	26	43	466
KJ942685.1	466	2160	0	3	3	2160
KJ942685.1	466	506	12	2	14	466
KJ942685.1	471	2038	8	10	18	471
KJ942685.1	472	2120	1	0	1	472
KJ942685.1	486	2174	22	25	47	486
KJ942685.1	489	2069	2	4	6	489
KJ942685.1	493	2159	5	0	5	493
KJ942685.1	494	1476	1	0	1	494
KJ942685.1	494	2179	1	0	1	494
KJ942685.1	499	2175	10	14	24	499
KJ942685.1	500	2068	5	4	9	500
KJ942685.1	501	2039	9	11	20	501
KJ942685.1	501	524	6	0	6	501
KJ942685.1	505	1190	1	0	1	505
KJ942685.1	506	2059	8	12	20	506
KJ942685.1	509	2081	9	2	11	509
KJ942685.1	510	2154	6	0	6	510
KJ942685.1	511	2075	16	16	32	511
KJ942685.1	518	2040	12	12	24	518
KJ942685.1	521	2192	1	0	1	521
KJ942685.1	522	1771	22	20	42	522
KJ942685.1	523	1874	7	0	7	523
KJ942685.1	523	2072	6	3	9	523
KJ942685.1	523	2075	10	15	25	523
KJ942685.1	523	2167	54	21	75	523
KJ942685.1	524	2192	1	0	1	524
KJ942685.1	528	1942	14	2	16	528
KJ942685.1	532	2044	0	1	1	2044
KJ942685.1	548	2196	48	6	54	548
KJ942685.1	549	2015	11	4	15	549
KJ942685.1	549	2028	10	14	24	549
KJ942685.1	550	1997	15	12	27	550
KJ942685.1	557	2021	1	0	1	557
KJ942685.1	557	2163	12	28	40	557
KJ942685.1	560	1931	4	2	6	560
KJ942685.1	560	2039	8	12	20	560
KJ942685.1	560	2144	39	20	59	560
KJ942685.1	561	1957	11	4	15	561
KJ942685.1	562	2020	10	2	12	562
KJ942685.1	575	1894	7	2	9	575
KJ942685.1	575	1966	25	2	27	575
KJ942685.1	576	2054	2	5	7	576
KJ942685.1	577	1882	107	91	198	577
KJ942685.1	577	659	4	2	6	577
KJ942685.1	579	1885	0	1	1	1885
KJ942685.1	585	1744	16	10	26	585
KJ942685.1	619	672	3	0	3	619
KJ942685.1	621	1959	54	48	102	621
KJ942685.1	621	1961	1	0	1	621
KJ942685.1	627	1905	1	0	1	627
KJ942685.1	633	2138	22	17	39	633
KJ942685.1	642	2024	16	22	38	642
KJ942685.1	646	1867	6	5	11	646
KJ942685.1	654	2147	53	23	76	654
KJ942685.1	659	1676	15	1	16	659
KJ942685.1	669	1926	28	0	28	669
KJ942685.1	670	1894	2	0	2	670
KJ942685.1	671	1686	0	1	1	1686
KJ942685.1	689	1966	0	1	1	1966
KJ942685.1	693	1940	18	8	26	693
KJ942685.1	700	782	1	0	1	700
KJ942685.1	710	2006	7	0	7	710
KJ942685.1	711	880	8	2	10	711
KJ942685.1	715	1838	3	4	7	715
KJ942685.1	719	2068	7	6	13	719
KJ942685.1	747	1840	4	7	11	747
KJ942685.1	764	1950	25	3	28	764
KJ942685.1	788	1588	0	1	1	1588
KJ942685.1	796	1582	8	3	11	796
KJ942685.1	798	1983	40	14	54	798
KJ942685.1	835	2197	2	0	2	835
KJ942685.1	846	1850	8	3	11	846
KJ942685.1	910	962	12	12	24	910
KJ942685.1	925	1750	3	9	12	925
KJ942685.1	937	1090	0	15	15	1090
KJ942685.1	944	1959	1	0	1	944
KJ942685.1	984	1075	3	5	8	984
KJ942686.1	1457	2437	1	0	1	1457
KJ942686.1	1983	2260	1	0	1	1983
KJ942686.1	1990	2235	1	0	1	1990
KJ942686.1	2022	2147	8	2	10	2022
KJ942686.1	2026	2138	17	11	28	2026
KJ942686.1	2047	2161	5	0	5	2047
KJ942686.1	2155	2246	19	7	26	2155
KJ942686.1	2161	2214	6	10	16	2161
KJ942686.1	2190	2248	6	1	7	2190
KJ942686.1	2380	2467	0	15	15	2467
KJ942686.1	2422	2459	0	7	7	2459
KJ942686.1	249	297	8	0	8	249
KJ942686.1	256	285	1	0	1	256
KJ942686.1	295	2330	1	0	1	295
KJ942686.1	297	2343	58	5	63	297
KJ942686.1	297	2346	52	3	55	297
KJ942686.1	297	329	1	0	1	297
KJ942686.1	339	2331	5	0	5	339
KJ942686.1	341	2331	4	4	8	341
KJ942686.1	341	373	2	0	2	341
KJ942686.1	343	2220	1	26	27	343
KJ942686.1	343	2282	2	0	2	343
KJ942686.1	344	2263	3	1	4	344
KJ942686.1	344	2293	8	3	11	344
KJ942686.1	347	2370	1	2	3	347
KJ942686.1	359	2218	5	72	77	359
KJ942686.1	364	2247	6	1	7	364
KJ942686.1	376	1746	1	1	2	376
KJ942686.1	376	456	2	1	3	376
KJ942686.1	380	2147	21	2	23	380
KJ942686.1	382	1336	1	0	1	382
KJ942686.1	386	2331	11	0	11	386
KJ942686.1	400	434	5	26	31	400
KJ942686.1	402	2212	0	2	2	2212
KJ942686.1	413	1140	3	0	3	413
KJ942686.1	439	2077	1	0	1	439
KJ942686.1	442	2151	22	0	22	442
KJ942686.1	455	2197	5	6	11	455
KJ942686.1	455	2293	111	1	112	455
KJ942686.1	458	2293	20	0	20	458
KJ942686.1	502	2034	4	9	13	502
KJ942686.1	512	2165	9	13	22	512
KJ942686.1	515	2052	0	1	1	2052
KJ942686.1	522	2252	1	0	1	522
KJ942686.1	528	575	0	1	1	575
KJ942686.1	529	2048	0	3	3	2048
KJ942686.1	545	2029	8	14	22	545
KJ942686.1	552	2080	11	0	11	552
KJ942686.1	554	2113	19	5	24	554
KJ942686.1	565	2127	1	0	1	565
KJ942686.1	592	2028	0	1	1	2028
KJ942686.1	592	2218	36	16	52	592
KJ942686.1	605	2006	3	1	4	605
KJ942686.1	633	2239	1	0	1	633
KJ942686.1	641	1222	0	1	1	1222
KJ942686.1	691	1207	1	0	1	691
KJ942686.1	798	1865	14	10	24	798
KJ942686.1	799	1914	16	6	22	799
KJ942686.1	799	2041	15	14	29	799
KJ942686.1	820	1341	1	0	1	820
KJ942686.1	831	1899	8	6	14	831
KJ942686.1	833	1780	2	4	6	833
KJ942686.1	835	1033	1	0	1	835
KJ942686.1	840	1795	16	17	33	840
KJ942686.1	863	1171	1	0	1	863
KJ942686.1	865	1802	1	5	6	865
KJ942686.1	926	1708	4	10	14	926
KJ942687.1	1157	1240	0	3	3	1240
KJ942687.1	1304	1677	7	4	11	1304
KJ942687.1	1442	2511	0	1	1	2511
KJ942687.1	1508	1953	1	0	1	1508
KJ942687.1	1822	2486	0	2	2	2486
KJ942687.1	1935	2030	0	1	1	2030
KJ942687.1	262	2298	1	0	1	262
KJ942687.1	263	363	1	0	1	263
KJ942687.1	298	1593	13	0	13	298
KJ942687.1	304	1121	1	0	1	304
KJ942687.1	308	2350	9	1	10	308
KJ942687.1	318	2315	13	43	56	318
KJ942687.1	322	2380	0	1	1	2380
KJ942687.1	326	2290	8	77	85	326
KJ942687.1	328	1911	6	9	15	328
KJ942687.1	338	2344	0	2	2	2344
KJ942687.1	346	2249	2	8	10	346
KJ942687.1	348	1869	3	22	25	348
KJ942687.1	354	2343	2	1	3	354
KJ942687.1	368	2371	13	19	32	368
KJ942687.1	377	2328	14	46	60	377
KJ942687.1	379	2174	1	0	1	379
KJ942687.1	380	1905	1	0	1	380
KJ942687.1	380	2374	1	0	1	380
KJ942687.1	382	2193	4	31	35	382
KJ942687.1	382	2232	0	8	8	2232
KJ942687.1	382	2326	6	17	23	382
KJ942687.1	382	2328	3	12	15	382
KJ942687.1	385	1912	15	71	86	385
KJ942687.1	385	2228	6	46	52	385
KJ942687.1	386	1896	0	2	2	1896
KJ942687.1	386	2070	5	69	74	386
KJ942687.1	386	2326	19	67	86	386
KJ942687.1	386	408	0	1	1	408
KJ942687.1	389	2328	81	227	308	389
KJ942687.1	389	2331	11	55	66	389
KJ942687.1	390	2292	1	31	32	390
KJ942687.1	391	2330	0	1	1	2330
KJ942687.1	391	2355	255	411	666	391
KJ942687.1	392	1346	0	1	1	1346
KJ942687.1	394	1920	0	1	1	1920
KJ942687.1	395	1978	13	34	47	395
KJ942687.1	396	2252	7	44	51	396
KJ942687.1	397	2248	5	43	48	397
KJ942687.1	398	2338	0	1	1	2338
KJ942687.1	398	2374	1	2	3	398
KJ942687.1	399	2247	1	0	1	399
KJ942687.1	400	2251	10	64	74	400
KJ942687.1	400	2310	0	6	6	2310
KJ942687.1	401	2302	3	41	44	401
KJ942687.1	401	2329	7	26	33	401
KJ942687.1	411	2326	26	58	84	411
KJ942687.1	412	2327	1	0	1	412
KJ942687.1	414	2210	0	20	20	2210
KJ942687.1	421	1922	0	1	1	1922
KJ942687.1	421	1961	0	1	1	1961
KJ942687.1	423	2230	3	0	3	423
KJ942687.1	423	2402	1	0	1	423
KJ942687.1	424	2395	0	2	2	2395
KJ942687.1	425	2269	3	29	32	425
KJ942687.1	427	2398	1	0	1	427
KJ942687.1	429	2236	10	28	38	429
KJ942687.1	429	2369	67	118	185	429
KJ942687.1	430	2410	0	9	9	2410
KJ942687.1	433	2390	0	5	5	2390
KJ942687.1	434	2224	1	4	5	434
KJ942687.1	434	2262	62	179	241	434
KJ942687.1	434	2326	9	24	33	434
KJ942687.1	435	2146	4	31	35	435
KJ942687.1	435	2152	10	44	54	435
KJ942687.1	436	2297	5	61	66	436
KJ942687.1	438	2021	3	41	44	438
KJ942687.1	439	2472	0	1	1	2472
KJ942687.1	450	2262	12	0	12	450
KJ942687.1	453	2246	152	375	527	453
KJ942687.1	453	2398	0	1	1	2398
KJ942687.1	455	2248	6	34	40	455
KJ942687.1	457	2218	1	0	1	457
KJ942687.1	468	2225	6	22	28	468
KJ942687.1	468	2227	14	38	52	468
KJ942687.1	469	2210	0	117	117	2210
KJ942687.1	475	2167	10	16	26	475
KJ942687.1	483	2152	0	1	1	2152
KJ942687.1	488	2253	0	1	1	2253
KJ942687.1	489	2270	0	2	2	2270
KJ942687.1	498	1881	3	6	9	498
KJ942687.1	498	2155	16	56	72	498
KJ942687.1	499	2236	30	42	72	499
KJ942687.1	505	2233	7	8	15	505
KJ942687.1	518	2100	1	0	1	518
KJ942687.1	519	2299	9	9	18	519
KJ942687.1	526	2086	11	36	47	526
KJ942687.1	528	2236	1	0	1	528
KJ942687.1	530	2226	9	17	26	530
KJ942687.1	532	2202	5	11	16	532
KJ942687.1	535	2298	4	10	14	535
KJ942687.1	540	2089	2	1	3	540
KJ942687.1	540	2108	7	30	37	540
KJ942687.1	544	2372	1	0	1	544
KJ942687.1	546	2185	9	16	25	546
KJ942687.1	546	2193	4	8	12	546
KJ942687.1	546	2292	8	44	52	546
KJ942687.1	548	2355	2	0	2	548
KJ942687.1	552	2256	3	2	5	552
KJ942687.1	553	2378	1	0	1	553
KJ942687.1	580	2266	9	13	22	580
KJ942687.1	589	2101	9	23	32	589
KJ942687.1	590	2043	3	16	19	590
KJ942687.1	632	2078	1	0	1	632
KJ942687.1	636	2093	5	11	16	636
KJ942687.1	656	2044	3	7	10	656
KJ942687.1	665	2345	1	0	1	665
KJ942687.1	667	2347	37	10	47	667
KJ942687.1	671	1931	6	2	8	671
KJ942687.1	719	2086	12	7	19	719
KJ942687.1	732	2051	2	7	9	732
KJ942687.1	746	1995	1	0	1	746
KJ942687.1	756	2362	1	0	1	756
KJ942687.1	768	2027	8	21	29	768
KJ942687.1	839	1855	9	3	12	839
KJ942687.1	866	1832	0	1	1	1832
KJ942687.1	903	2257	5	8	13	903
