Segment	Start	Stop	Forward_support	Reverse_support	Total_support	Fuzz_factor
KJ942680.1	1012	1044	1	0	1	1012
KJ942680.1	1012	1405	1	0	1	1012
KJ942680.1	1012	1472	1	0	1	1012
KJ942680.1	1019	1045	1	0	1	1019
KJ942680.1	1031	1408	1	0	1	1031
KJ942680.1	1038	1237	1	0	1	1038
KJ942680.1	1045	1512	1	0	1	1045
KJ942680.1	1045	1771	0	1	1	1771
KJ942680.1	1053	1160	0	1	1	1160
KJ942680.1	1053	1812	0	1	1	1812
KJ942680.1	1070	1792	1	0	1	1070
KJ942680.1	1071	1904	0	1	1	1904
KJ942680.1	1078	1427	2	1	3	1078
KJ942680.1	1098	1783	1	0	1	1098
KJ942680.1	1104	1397	1	0	1	1104
KJ942680.1	1107	1378	0	1	1	1378
KJ942680.1	1107	1668	1	0	1	1107
KJ942680.1	1107	1835	0	1	1	1835
KJ942680.1	1109	1920	0	1	1	1920
KJ942680.1	1134	1885	0	1	1	1885
KJ942680.1	1136	1443	0	1	1	1443
KJ942680.1	1144	1405	0	1	1	1405
KJ942680.1	1151	1775	3	0	3	1151
KJ942680.1	1152	1772	1	0	1	1152
KJ942680.1	1165	1396	0	1	1	1396
KJ942680.1	1176	1768	0	1	1	1768
KJ942680.1	1189	1844	1	0	1	1189
KJ942680.1	1198	1617	1	0	1	1198
KJ942680.1	1232	1606	1	0	1	1232
KJ942680.1	1236	1558	0	1	1	1558
KJ942680.1	1243	1273	0	1	1	1273
KJ942680.1	1243	1512	1	0	1	1243
KJ942680.1	1276	1321	1	1	2	1276
KJ942680.1	1276	1720	1	0	1	1276
KJ942680.1	1277	1434	1	0	1	1277
KJ942680.1	1285	1784	1	0	1	1285
KJ942680.1	1293	1479	1	0	1	1293
KJ942680.1	1302	1348	1	2	3	1302
KJ942680.1	1303	1667	0	1	1	1667
KJ942680.1	1312	1787	0	1	1	1787
KJ942680.1	1316	1338	1	0	1	1316
KJ942680.1	1321	1836	1	0	1	1321
KJ942680.1	1346	1396	1	0	1	1346
KJ942680.1	1349	1882	0	1	1	1882
KJ942680.1	1365	1787	0	1	1	1787
KJ942680.1	1374	1512	0	1	1	1512
KJ942680.1	1379	1719	0	1	1	1719
KJ942680.1	1382	1407	0	1	1	1407
KJ942680.1	1419	1787	0	1	1	1787
KJ942680.1	1425	1511	1	0	1	1425
KJ942680.1	1465	1889	0	1	1	1889
KJ942680.1	1469	1707	0	1	1	1707
KJ942680.1	1484	1602	0	1	1	1602
KJ942680.1	1514	1793	1	0	1	1514
KJ942680.1	1529	1806	2	1	3	1529
KJ942680.1	1531	1670	1	1	2	1531
KJ942680.1	1532	1586	1	0	1	1532
KJ942680.1	1539	1589	1	9	10	1539
KJ942680.1	1604	1812	0	1	1	1812
KJ942680.1	1668	1869	0	1	1	1869
KJ942680.1	1669	1790	0	1	1	1790
KJ942680.1	1675	1919	0	1	1	1919
KJ942680.1	1803	1837	0	1	1	1837
KJ942680.1	272	313	28	0	28	272
KJ942680.1	274	459	1	0	1	274
KJ942680.1	275	1429	0	1	1	1429
KJ942680.1	275	302	3	0	3	275
KJ942680.1	282	526	1	0	1	282
KJ942680.1	299	589	1	0	1	299
KJ942680.1	301	434	1	0	1	301
KJ942680.1	306	1718	2	2	4	306
KJ942680.1	307	1605	1	0	1	307
KJ942680.1	332	1696	1	2	3	332
KJ942680.1	333	575	0	1	1	575
KJ942680.1	334	1484	0	1	1	1484
KJ942680.1	337	1678	1	0	1	337
KJ942680.1	350	1697	2	7	9	350
KJ942680.1	355	787	0	1	1	787
KJ942680.1	361	1442	1	0	1	361
KJ942680.1	371	1672	0	1	1	1672
KJ942680.1	372	1703	3	15	18	372
KJ942680.1	380	426	0	1	1	426
KJ942680.1	380	617	0	1	1	617
KJ942680.1	396	1604	1	0	1	396
KJ942680.1	397	663	1	0	1	397
KJ942680.1	402	979	1	0	1	402
KJ942680.1	403	704	0	1	1	704
KJ942680.1	407	1780	0	1	1	1780
KJ942680.1	410	1655	0	1	1	1655
KJ942680.1	414	1084	0	1	1	1084
KJ942680.1	422	913	1	0	1	422
KJ942680.1	423	1541	0	2	2	1541
KJ942680.1	424	1069	1	0	1	424
KJ942680.1	430	774	0	1	1	774
KJ942680.1	436	550	0	1	1	550
KJ942680.1	438	1181	1	0	1	438
KJ942680.1	440	1700	0	1	1	1700
KJ942680.1	443	1715	0	1	1	1715
KJ942680.1	446	1328	0	1	1	1328
KJ942680.1	446	1602	0	1	1	1602
KJ942680.1	447	606	0	1	1	606
KJ942680.1	451	878	0	1	1	878
KJ942680.1	452	576	0	1	1	576
KJ942680.1	459	1496	4	12	16	459
KJ942680.1	460	1472	0	1	1	1472
KJ942680.1	464	1541	0	7	7	1541
KJ942680.1	465	1091	0	1	1	1091
KJ942680.1	468	1699	1	0	1	468
KJ942680.1	484	549	2	1	3	484
KJ942680.1	495	1002	1	0	1	495
KJ942680.1	504	1320	0	1	1	1320
KJ942680.1	514	1581	4	5	9	514
KJ942680.1	518	1153	0	1	1	1153
KJ942680.1	519	980	0	1	1	980
KJ942680.1	520	1262	0	1	1	1262
KJ942680.1	521	1010	0	1	1	1010
KJ942680.1	523	1060	0	1	1	1060
KJ942680.1	523	1687	0	1	1	1687
KJ942680.1	538	1620	2	0	2	538
KJ942680.1	538	1706	0	1	1	1706
KJ942680.1	540	1687	0	1	1	1687
KJ942680.1	541	1078	0	1	1	1078
KJ942680.1	542	1515	0	1	1	1515
KJ942680.1	551	1631	0	1	1	1631
KJ942680.1	552	625	0	1	1	625
KJ942680.1	559	1111	0	1	1	1111
KJ942680.1	565	1224	5	2	7	565
KJ942680.1	567	607	1	0	1	567
KJ942680.1	569	1451	0	1	1	1451
KJ942680.1	570	799	1	0	1	570
KJ942680.1	573	1030	4	2	6	573
KJ942680.1	575	1241	0	1	1	1241
KJ942680.1	577	1653	0	1	1	1653
KJ942680.1	580	1216	3	1	4	580
KJ942680.1	583	965	1	0	1	583
KJ942680.1	594	1157	1	0	1	594
KJ942680.1	605	674	1	0	1	605
KJ942680.1	634	1150	1	0	1	634
KJ942680.1	657	1233	0	1	1	1233
KJ942680.1	658	1884	0	1	1	1884
KJ942680.1	660	1317	0	1	1	1317
KJ942680.1	675	1275	0	1	1	1275
KJ942680.1	677	1222	0	1	1	1222
KJ942680.1	681	1160	1	0	1	681
KJ942680.1	693	1625	1	1	2	693
KJ942680.1	717	1203	0	1	1	1203
KJ942680.1	732	858	1	0	1	732
KJ942680.1	783	1072	0	1	1	1072
KJ942680.1	786	1074	1	0	1	786
KJ942680.1	830	1571	0	1	1	1571
KJ942680.1	853	981	0	1	1	981
KJ942680.1	876	1726	0	1	1	1726
KJ942680.1	894	1449	1	0	1	894
KJ942680.1	971	1014	1	0	1	971
KJ942680.1	980	1504	1	0	1	980
KJ942680.1	986	1793	0	1	1	1793
KJ942680.1	987	1204	1	0	1	987
KJ942680.1	990	1664	1	0	1	990
KJ942680.1	996	1319	0	1	1	1319
KJ942681.1	1004	1052	1	0	1	1004
KJ942681.1	1012	1056	0	1	1	1056
KJ942681.1	256	398	1	0	1	256
KJ942681.1	283	912	1	0	1	283
KJ942681.1	287	1167	1	0	1	287
KJ942681.1	290	863	12	0	12	290
KJ942681.1	294	544	1	0	1	294
KJ942681.1	298	749	1	0	1	298
KJ942681.1	304	784	1	1	2	304
KJ942681.1	338	1178	0	1	1	1178
KJ942681.1	352	1150	0	8	8	1150
KJ942681.1	357	1020	0	1	1	1020
KJ942681.1	373	834	0	1	1	834
KJ942681.1	376	1163	0	1	1	1163
KJ942681.1	377	745	0	1	1	745
KJ942681.1	381	575	0	1	1	575
KJ942681.1	390	658	0	1	1	658
KJ942681.1	394	697	0	1	1	697
KJ942681.1	394	921	1	0	1	394
KJ942681.1	399	1168	0	1	1	1168
KJ942681.1	402	1072	0	1	1	1072
KJ942681.1	408	843	0	1	1	843
KJ942681.1	410	479	0	1	1	479
KJ942681.1	412	484	0	1	1	484
KJ942681.1	414	779	0	1	1	779
KJ942681.1	415	660	0	1	1	660
KJ942681.1	417	882	0	1	1	882
KJ942681.1	418	452	1	0	1	418
KJ942681.1	426	1040	0	1	1	1040
KJ942681.1	427	1059	1	0	1	427
KJ942681.1	427	456	0	1	1	456
KJ942681.1	427	469	0	1	1	469
KJ942681.1	429	852	0	1	1	852
KJ942681.1	433	995	1	0	1	433
KJ942681.1	436	962	0	1	1	962
KJ942681.1	446	485	0	1	1	485
KJ942681.1	449	1035	0	1	1	1035
KJ942681.1	457	589	1	0	1	457
KJ942681.1	458	484	0	1	1	484
KJ942681.1	458	899	0	1	1	899
KJ942681.1	462	836	0	2	2	836
KJ942681.1	464	654	1	0	1	464
KJ942681.1	467	652	0	1	1	652
KJ942681.1	469	645	0	1	1	645
KJ942681.1	476	672	0	1	1	672
KJ942681.1	477	931	1	0	1	477
KJ942681.1	487	946	1	1	2	487
KJ942681.1	493	643	0	2	2	643
KJ942681.1	500	868	0	1	1	868
KJ942681.1	511	584	1	0	1	511
KJ942681.1	517	738	1	0	1	517
KJ942681.1	521	612	0	1	1	612
KJ942681.1	525	988	1	0	1	525
KJ942681.1	526	615	0	1	1	615
KJ942681.1	532	741	1	0	1	532
KJ942681.1	538	936	1	0	1	538
KJ942681.1	542	996	0	1	1	996
KJ942681.1	547	833	0	1	1	833
KJ942681.1	551	710	1	0	1	551
KJ942681.1	551	789	0	1	1	789
KJ942681.1	551	895	1	0	1	551
KJ942681.1	557	763	1	0	1	557
KJ942681.1	564	654	1	0	1	564
KJ942681.1	564	912	4	1	5	564
KJ942681.1	573	662	1	0	1	573
KJ942681.1	582	855	0	1	1	855
KJ942681.1	584	863	0	1	1	863
KJ942681.1	588	995	1	0	1	588
KJ942681.1	608	977	1	0	1	608
KJ942681.1	618	823	1	0	1	618
KJ942681.1	622	785	0	1	1	785
KJ942681.1	635	741	1	0	1	635
KJ942681.1	636	771	1	0	1	636
KJ942681.1	642	1087	1	0	1	642
KJ942681.1	642	719	1	0	1	642
KJ942681.1	643	1078	0	1	1	1078
KJ942681.1	643	862	1	0	1	643
KJ942681.1	667	1038	1	0	1	667
KJ942681.1	681	1012	1	0	1	681
KJ942681.1	683	714	0	1	1	714
KJ942681.1	689	870	0	1	1	870
KJ942681.1	694	830	3	8	11	694
KJ942681.1	697	1155	0	1	1	1155
KJ942681.1	700	1004	1	0	1	700
KJ942681.1	700	854	2	1	3	700
KJ942681.1	706	767	0	1	1	767
KJ942681.1	707	906	0	1	1	906
KJ942681.1	712	787	0	1	1	787
KJ942681.1	717	1152	0	1	1	1152
KJ942681.1	727	834	1	0	1	727
KJ942681.1	730	980	1	0	1	730
KJ942681.1	731	1158	0	2	2	1158
KJ942681.1	733	875	3	6	9	733
KJ942681.1	733	898	1	0	1	733
KJ942681.1	746	1077	1	0	1	746
KJ942681.1	779	1081	0	1	1	1081
KJ942681.1	779	969	1	0	1	779
KJ942681.1	797	1052	1	0	1	797
KJ942681.1	803	1166	0	1	1	1166
KJ942681.1	803	888	1	0	1	803
KJ942681.1	807	877	1	0	1	807
KJ942681.1	812	1024	1	0	1	812
KJ942681.1	813	985	1	0	1	813
KJ942681.1	825	928	2	0	2	825
KJ942681.1	826	946	1	0	1	826
KJ942681.1	831	1187	0	1	1	1187
KJ942681.1	832	1055	1	0	1	832
KJ942681.1	836	1010	1	0	1	836
KJ942681.1	843	892	0	1	1	892
KJ942681.1	845	1087	0	1	1	1087
KJ942681.1	873	956	1	0	1	873
KJ942681.1	875	951	1	0	1	875
KJ942681.1	877	950	1	0	1	877
KJ942681.1	894	980	0	1	1	980
KJ942681.1	896	1027	1	0	1	896
KJ942681.1	898	1037	0	1	1	1037
KJ942681.1	922	996	1	0	1	922
KJ942681.1	924	1163	1	1	2	924
KJ942681.1	926	1146	0	1	1	1146
KJ942681.1	944	1069	1	0	1	944
KJ942681.1	944	1148	0	1	1	1148
KJ942681.1	966	1017	2	3	5	966
KJ942681.1	988	1034	1	0	1	988
KJ942681.1	988	1051	0	3	3	1051
KJ942681.1	990	1070	1	0	1	990
KJ942682.1	1041	1515	1	0	1	1041
KJ942682.1	1050	1230	0	1	1	1230
KJ942682.1	1081	1118	0	1	1	1118
KJ942682.1	1156	1571	1	0	1	1156
KJ942682.1	1159	1271	1	0	1	1159
KJ942682.1	1250	1404	1	0	1	1250
KJ942682.1	1275	1506	1	0	1	1275
KJ942682.1	1420	1455	2	1	3	1420
KJ942682.1	1454	1589	0	1	1	1589
KJ942682.1	1602	1631	0	6	6	1631
KJ942682.1	282	1499	1	0	1	282
KJ942682.1	300	1436	26	9	35	300
KJ942682.1	316	1492	1	0	1	316
KJ942682.1	318	1501	1	0	1	318
KJ942682.1	319	1426	2	6	8	319
KJ942682.1	334	855	0	1	1	855
KJ942682.1	339	1496	1	0	1	339
KJ942682.1	341	1498	4	4	8	341
KJ942682.1	348	1410	2	5	7	348
KJ942682.1	371	1588	0	1	1	1588
KJ942682.1	387	1590	0	6	6	1590
KJ942682.1	400	1455	0	1	1	1455
KJ942682.1	400	503	0	1	1	503
KJ942682.1	404	1513	0	1	1	1513
KJ942682.1	412	1217	1	0	1	412
KJ942682.1	414	1265	1	1	2	414
KJ942682.1	421	1431	1	0	1	421
KJ942682.1	448	679	0	1	1	679
KJ942682.1	475	683	0	1	1	683
KJ942682.1	537	589	1	0	1	537
KJ942682.1	547	1294	0	1	1	1294
KJ942682.1	597	1100	2	0	2	597
KJ942682.1	601	1079	0	1	1	1079
KJ942682.1	607	1076	0	2	2	1076
KJ942682.1	608	1086	2	0	2	608
KJ942682.1	638	662	1	0	1	638
KJ942682.1	677	1385	0	1	1	1385
KJ942682.1	697	815	0	1	1	815
KJ942682.1	704	1336	0	1	1	1336
KJ942682.1	709	1385	1	0	1	709
KJ942682.1	720	1526	1	0	1	720
KJ942682.1	746	1626	0	1	1	1626
KJ942682.1	762	1053	0	1	1	1053
KJ942682.1	781	1236	0	1	1	1236
KJ942682.1	802	1483	1	0	1	802
KJ942682.1	804	1160	0	1	1	1160
KJ942682.1	806	1448	1	0	1	806
KJ942682.1	824	1179	0	1	1	1179
KJ942682.1	842	1409	0	1	1	1409
KJ942682.1	847	875	0	1	1	875
KJ942682.1	857	1140	0	1	1	1140
KJ942682.1	875	1399	0	1	1	1399
KJ942682.1	934	1029	1	0	1	934
KJ942682.1	961	1601	0	1	1	1601
KJ942682.1	967	1046	3	2	5	967
KJ942682.1	968	1047	0	1	1	1047
KJ942682.1	973	1190	2	1	3	973
KJ942682.1	974	1041	0	1	1	1041
KJ942682.1	985	1559	1	0	1	985
KJ942683.1	1009	1478	1	0	1	1009
KJ942683.1	1011	1488	1	0	1	1011
KJ942683.1	1016	1385	1	0	1	1016
KJ942683.1	1018	1462	0	1	1	1462
KJ942683.1	1028	1451	0	1	1	1451
KJ942683.1	1047	1547	0	2	2	1547
KJ942683.1	1063	1575	0	1	1	1575
KJ942683.1	1114	1335	1	0	1	1114
KJ942683.1	1128	1506	1	0	1	1128
KJ942683.1	1129	1506	0	1	1	1506
KJ942683.1	1132	1185	0	1	1	1185
KJ942683.1	1135	1215	0	1	1	1215
KJ942683.1	1139	1301	0	1	1	1301
KJ942683.1	1140	1493	1	0	1	1140
KJ942683.1	1144	1291	1	0	1	1144
KJ942683.1	1154	1196	0	1	1	1196
KJ942683.1	1177	1284	1	0	1	1177
KJ942683.1	1185	1519	1	0	1	1185
KJ942683.1	1194	1675	1	0	1	1194
KJ942683.1	1237	1573	0	1	1	1573
KJ942683.1	1278	1309	1	0	1	1278
KJ942683.1	1329	1378	1	1	2	1329
KJ942683.1	1337	1475	1	0	1	1337
KJ942683.1	1369	1555	0	1	1	1555
KJ942683.1	1422	1575	0	1	1	1575
KJ942683.1	1433	1645	1	0	1	1433
KJ942683.1	1436	1559	0	1	1	1559
KJ942683.1	1436	1639	1	0	1	1436
KJ942683.1	1450	1527	2	1	3	1450
KJ942683.1	1457	1581	1	3	4	1457
KJ942683.1	1506	1593	1	0	1	1506
KJ942683.1	1512	1618	1	0	1	1512
KJ942683.1	1543	1582	1	0	1	1543
KJ942683.1	1551	1599	2	0	2	1551
KJ942683.1	1553	1634	1	0	1	1553
KJ942683.1	1595	1712	0	7	7	1712
KJ942683.1	1597	1684	1	0	1	1597
KJ942683.1	1604	1710	0	1	1	1710
KJ942683.1	1619	1740	0	3	3	1740
KJ942683.1	252	808	2	0	2	252
KJ942683.1	260	1536	1	0	1	260
KJ942683.1	261	618	1	0	1	261
KJ942683.1	269	1637	1	0	1	269
KJ942683.1	283	1037	1	0	1	283
KJ942683.1	286	1621	1	0	1	286
KJ942683.1	288	1218	1	0	1	288
KJ942683.1	295	1478	1	0	1	295
KJ942683.1	295	818	1	0	1	295
KJ942683.1	295	945	1	0	1	295
KJ942683.1	296	1371	1	0	1	296
KJ942683.1	319	745	1	0	1	319
KJ942683.1	325	1406	1	0	1	325
KJ942683.1	328	1402	0	1	1	1402
KJ942683.1	333	1569	1	0	1	333
KJ942683.1	338	1451	1	0	1	338
KJ942683.1	351	1527	1	0	1	351
KJ942683.1	353	1091	1	0	1	353
KJ942683.1	357	934	3	1	4	357
KJ942683.1	359	922	0	1	1	922
KJ942683.1	361	832	1	0	1	361
KJ942683.1	367	1141	0	1	1	1141
KJ942683.1	368	1340	1	0	1	368
KJ942683.1	371	1408	0	1	1	1408
KJ942683.1	372	464	1	0	1	372
KJ942683.1	374	1532	0	6	6	1532
KJ942683.1	382	1502	3	0	3	382
KJ942683.1	402	457	0	1	1	457
KJ942683.1	404	1115	0	1	1	1115
KJ942683.1	406	580	1	0	1	406
KJ942683.1	412	492	0	1	1	492
KJ942683.1	415	1622	0	2	2	1622
KJ942683.1	416	1064	0	1	1	1064
KJ942683.1	416	1090	0	1	1	1090
KJ942683.1	416	858	1	0	1	416
KJ942683.1	417	1623	1	0	1	417
KJ942683.1	420	1106	1	0	1	420
KJ942683.1	423	1435	0	1	1	1435
KJ942683.1	429	1137	1	0	1	429
KJ942683.1	433	1191	0	1	1	1191
KJ942683.1	433	1367	0	1	1	1367
KJ942683.1	435	772	0	1	1	772
KJ942683.1	440	577	0	1	1	577
KJ942683.1	440	965	0	1	1	965
KJ942683.1	444	1376	0	3	3	1376
KJ942683.1	445	1377	0	1	1	1377
KJ942683.1	447	1535	1	0	1	447
KJ942683.1	448	771	1	0	1	448
KJ942683.1	452	951	0	1	1	951
KJ942683.1	455	972	0	1	1	972
KJ942683.1	464	1044	0	1	1	1044
KJ942683.1	464	1089	0	1	1	1089
KJ942683.1	471	602	1	0	1	471
KJ942683.1	475	1506	1	3	4	475
KJ942683.1	476	776	1	0	1	476
KJ942683.1	476	816	0	1	1	816
KJ942683.1	480	735	1	0	1	480
KJ942683.1	496	538	0	1	1	538
KJ942683.1	502	1627	1	0	1	502
KJ942683.1	504	1089	1	0	1	504
KJ942683.1	513	1098	0	1	1	1098
KJ942683.1	513	678	1	0	1	513
KJ942683.1	517	636	1	0	1	517
KJ942683.1	522	1334	1	0	1	522
KJ942683.1	524	1140	1	0	1	524
KJ942683.1	526	1213	0	1	1	1213
KJ942683.1	527	1367	2	3	5	527
KJ942683.1	531	1191	1	0	1	531
KJ942683.1	533	723	0	1	1	723
KJ942683.1	536	1061	0	1	1	1061
KJ942683.1	536	1636	1	1	2	536
KJ942683.1	538	1209	0	1	1	1209
KJ942683.1	546	1313	1	0	1	546
KJ942683.1	548	1736	0	1	1	1736
KJ942683.1	553	881	1	0	1	553
KJ942683.1	555	1483	0	1	1	1483
KJ942683.1	565	1191	1	0	1	565
KJ942683.1	569	1625	1	0	1	569
KJ942683.1	573	1106	1	0	1	573
KJ942683.1	574	719	1	0	1	574
KJ942683.1	590	1700	0	1	1	1700
KJ942683.1	614	1158	1	0	1	614
KJ942683.1	617	839	0	1	1	839
KJ942683.1	640	1249	1	0	1	640
KJ942683.1	645	1570	1	0	1	645
KJ942683.1	656	1365	1	0	1	656
KJ942683.1	656	715	1	0	1	656
KJ942683.1	671	1219	0	1	1	1219
KJ942683.1	672	985	1	0	1	672
KJ942683.1	688	1144	1	0	1	688
KJ942683.1	695	1112	0	1	1	1112
KJ942683.1	713	1293	1	0	1	713
KJ942683.1	735	1514	1	0	1	735
KJ942683.1	735	834	1	0	1	735
KJ942683.1	744	1169	1	0	1	744
KJ942683.1	747	1095	1	0	1	747
KJ942683.1	747	1536	0	1	1	1536
KJ942683.1	753	1413	1	0	1	753
KJ942683.1	759	803	0	1	1	803
KJ942683.1	762	1707	0	1	1	1707
KJ942683.1	769	1538	1	0	1	769
KJ942683.1	771	1160	1	0	1	771
KJ942683.1	780	878	1	0	1	780
KJ942683.1	781	1606	0	2	2	1606
KJ942683.1	809	945	0	1	1	945
KJ942683.1	810	1351	0	1	1	1351
KJ942683.1	812	1384	0	1	1	1384
KJ942683.1	826	915	1	0	1	826
KJ942683.1	830	1202	0	1	1	1202
KJ942683.1	830	1385	0	1	1	1385
KJ942683.1	836	1050	1	0	1	836
KJ942683.1	838	1507	1	0	1	838
KJ942683.1	876	1671	0	1	1	1671
KJ942683.1	882	1482	1	0	1	882
KJ942683.1	892	924	1	0	1	892
KJ942683.1	921	1095	1	0	1	921
KJ942683.1	923	1420	0	1	1	1420
KJ942683.1	929	1152	1	0	1	929
KJ942683.1	931	1510	1	0	1	931
KJ942683.1	938	1094	0	1	1	1094
KJ942683.1	944	1419	1	0	1	944
KJ942683.1	955	1496	1	0	1	955
KJ942683.1	960	1112	0	1	1	1112
KJ942683.1	962	1578	5	1	6	962
KJ942683.1	963	1504	0	1	1	1504
KJ942683.1	975	1248	3	0	3	975
KJ942684.1	240	904	1	0	1	240
KJ942684.1	249	912	1	0	1	249
KJ942684.1	273	936	5	0	5	273
KJ942684.1	274	903	1	0	1	274
KJ942684.1	288	880	8	0	8	288
KJ942684.1	288	937	20	0	20	288
KJ942684.1	289	739	1	1	2	289
KJ942684.1	295	952	15	0	15	295
KJ942684.1	302	985	12	0	12	302
KJ942684.1	303	929	1	0	1	303
KJ942684.1	311	936	1	0	1	311
KJ942684.1	359	560	0	1	1	560
KJ942684.1	378	745	0	6	6	745
KJ942684.1	413	934	1	0	1	413
KJ942684.1	429	751	3	5	8	429
KJ942684.1	432	811	1	1	2	432
KJ942684.1	436	1054	0	1	1	1054
KJ942684.1	442	747	0	6	6	747
KJ942684.1	458	687	0	8	8	687
KJ942684.1	490	722	1	0	1	490
KJ942684.1	514	743	1	0	1	514
KJ942684.1	514	744	9	2	11	514
KJ942684.1	526	755	119	166	285	526
KJ942684.1	534	761	6	20	26	534
KJ942684.1	537	764	0	2	2	764
KJ942684.1	538	567	1	1	2	538
KJ942684.1	570	599	0	1	1	599
KJ942684.1	577	682	0	1	1	682
KJ942684.1	607	1020	0	1	1	1020
KJ942684.1	679	836	0	1	1	836
KJ942684.1	709	866	0	1	1	866
KJ942684.1	744	805	1	4	5	744
KJ942684.1	747	805	0	2	2	805
KJ942684.1	772	951	0	1	1	951
KJ942684.1	855	880	1	0	1	855
KJ942684.1	907	931	1	0	1	907
KJ942684.1	909	1007	0	6	6	1007
KJ942684.1	914	989	1	1	2	914
KJ942684.1	920	984	0	1	1	984
KJ942684.1	935	1008	1	0	1	935
KJ942684.1	964	1001	4	0	4	964
KJ942684.1	974	1053	0	1	1	1053
KJ942684.1	979	1036	0	6	6	1036
KJ942684.1	991	1024	0	1	1	1024
KJ942685.1	1001	1689	2	0	2	1001
KJ942685.1	1015	1365	1	0	1	1015
KJ942685.1	1022	1626	1	0	1	1022
KJ942685.1	1023	1573	2	1	3	1023
KJ942685.1	1044	1083	1	0	1	1044
KJ942685.1	1057	1990	0	2	2	1990
KJ942685.1	1065	2210	0	1	1	2210
KJ942685.1	1085	2316	1	0	1	1085
KJ942685.1	1106	2016	1	0	1	1106
KJ942685.1	1115	1821	0	1	1	1821
KJ942685.1	1139	2326	0	1	1	2326
KJ942685.1	1167	1360	0	1	1	1360
KJ942685.1	1170	1469	3	0	3	1170
KJ942685.1	1189	1505	0	1	1	1505
KJ942685.1	1198	1914	0	1	1	1914
KJ942685.1	1216	2156	0	1	1	2156
KJ942685.1	1226	1983	0	1	1	1983
KJ942685.1	1239	2041	1	0	1	1239
KJ942685.1	1244	1687	1	0	1	1244
KJ942685.1	1253	1697	0	1	1	1697
KJ942685.1	1287	2308	6	7	13	1287
KJ942685.1	1289	1848	0	1	1	1848
KJ942685.1	1292	2323	0	1	1	2323
KJ942685.1	1312	2054	0	3	3	2054
KJ942685.1	1320	2264	1	0	1	1320
KJ942685.1	1354	1679	1	0	1	1354
KJ942685.1	1366	2048	1	0	1	1366
KJ942685.1	1368	1453	0	1	1	1453
KJ942685.1	1368	1910	1	0	1	1368
KJ942685.1	1383	2228	0	1	1	2228
KJ942685.1	1385	1519	1	0	1	1385
KJ942685.1	1401	1576	1	0	1	1401
KJ942685.1	1412	1992	0	1	1	1992
KJ942685.1	1437	2119	0	1	1	2119
KJ942685.1	1451	2269	1	0	1	1451
KJ942685.1	1470	2073	0	1	1	2073
KJ942685.1	1476	2180	0	1	1	2180
KJ942685.1	1521	2013	2	2	4	1521
KJ942685.1	1523	2307	0	1	1	2307
KJ942685.1	1528	1618	0	1	1	1618
KJ942685.1	1561	2203	2	0	2	1561
KJ942685.1	1563	1922	0	1	1	1922
KJ942685.1	1564	2206	0	1	1	2206
KJ942685.1	1577	2006	2	1	3	1577
KJ942685.1	1579	2306	1	1	2	1579
KJ942685.1	1587	2313	1	0	1	1587
KJ942685.1	1694	1731	1	2	3	1694
KJ942685.1	1694	2300	0	2	2	2300
KJ942685.1	1714	1770	0	2	2	1770
KJ942685.1	1714	1967	0	2	2	1967
KJ942685.1	1717	2244	1	0	1	1717
KJ942685.1	1750	2331	0	1	1	2331
KJ942685.1	1754	2160	1	0	1	1754
KJ942685.1	1795	2054	0	1	1	2054
KJ942685.1	1800	2017	1	1	2	1800
KJ942685.1	1868	1967	0	1	1	1967
KJ942685.1	1933	2137	0	1	1	2137
KJ942685.1	1955	2042	0	1	1	2042
KJ942685.1	2021	2043	0	1	1	2043
KJ942685.1	2040	2077	1	0	1	2040
KJ942685.1	2073	2154	1	3	4	2073
KJ942685.1	2074	2253	1	0	1	2074
KJ942685.1	2120	2167	2	2	4	2120
KJ942685.1	2130	2158	3	0	3	2130
KJ942685.1	2142	2196	3	0	3	2142
KJ942685.1	2143	2181	2	0	2	2143
KJ942685.1	2151	2193	4	0	4	2151
KJ942685.1	2173	2247	0	1	1	2247
KJ942685.1	2210	2352	0	1	1	2352
KJ942685.1	2221	2292	1	0	1	2221
KJ942685.1	2221	2293	1	1	2	2221
KJ942685.1	2239	2275	4	1	5	2239
KJ942685.1	2338	2400	0	14	14	2400
KJ942685.1	238	2201	2	0	2	238
KJ942685.1	243	2365	2	1	3	243
KJ942685.1	253	1731	10	0	10	253
KJ942685.1	257	1192	1	0	1	257
KJ942685.1	261	1676	1	0	1	261
KJ942685.1	279	302	4	0	4	279
KJ942685.1	282	2185	2	0	2	282
KJ942685.1	285	2263	14	0	14	285
KJ942685.1	288	1724	2	0	2	288
KJ942685.1	293	1409	1	0	1	293
KJ942685.1	293	2301	1	0	1	293
KJ942685.1	293	325	2	1	3	293
KJ942685.1	294	2342	1	0	1	294
KJ942685.1	294	348	4	0	4	294
KJ942685.1	295	2130	1	0	1	295
KJ942685.1	297	2223	19	1	20	297
KJ942685.1	302	332	1	0	1	302
KJ942685.1	303	2168	2	0	2	303
KJ942685.1	309	2215	2	0	2	309
KJ942685.1	319	1723	0	1	1	1723
KJ942685.1	326	2232	15	16	31	326
KJ942685.1	336	2269	1	3	4	336
KJ942685.1	339	2277	2	0	2	339
KJ942685.1	340	366	0	2	2	366
KJ942685.1	342	2181	2	1	3	342
KJ942685.1	342	375	1	0	1	342
KJ942685.1	345	2144	4	22	26	345
KJ942685.1	345	2188	1	6	7	345
KJ942685.1	345	2193	6	18	24	345
KJ942685.1	345	2295	0	3	3	2295
KJ942685.1	346	2153	0	4	4	2153
KJ942685.1	349	2185	0	1	1	2185
KJ942685.1	354	2189	0	1	1	2189
KJ942685.1	357	2198	1	0	1	357
KJ942685.1	359	2199	1	0	1	359
KJ942685.1	361	2202	0	1	1	2202
KJ942685.1	364	2158	0	1	1	2158
KJ942685.1	364	2323	2	1	3	364
KJ942685.1	365	1434	0	1	1	1434
KJ942685.1	369	2154	3	7	10	369
KJ942685.1	370	1958	1	0	1	370
KJ942685.1	370	2039	1	1	2	370
KJ942685.1	370	402	1	3	4	370
KJ942685.1	371	2158	0	1	1	2158
KJ942685.1	372	398	0	7	7	398
KJ942685.1	374	2159	1	5	6	374
KJ942685.1	375	1712	0	1	1	1712
KJ942685.1	375	2173	1	8	9	375
KJ942685.1	377	1960	0	2	2	1960
KJ942685.1	377	856	1	0	1	377
KJ942685.1	378	2171	0	1	1	2171
KJ942685.1	383	2188	1	7	8	383
KJ942685.1	394	2152	9	40	49	394
KJ942685.1	396	2151	5	12	17	396
KJ942685.1	400	2196	3	0	3	400
KJ942685.1	402	2076	1	1	2	402
KJ942685.1	404	2124	3	4	7	404
KJ942685.1	405	2184	1	11	12	405
KJ942685.1	413	2131	0	1	1	2131
KJ942685.1	414	2193	1	9	10	414
KJ942685.1	415	2175	0	2	2	2175
KJ942685.1	419	2020	1	1	2	419
KJ942685.1	419	2226	2	0	2	419
KJ942685.1	420	2093	2	8	10	420
KJ942685.1	421	2161	3	7	10	421
KJ942685.1	421	2165	2	3	5	421
KJ942685.1	426	2114	1	0	1	426
KJ942685.1	427	2115	1	3	4	427
KJ942685.1	427	2142	0	1	1	2142
KJ942685.1	427	2155	4	14	18	427
KJ942685.1	428	1428	2	0	2	428
KJ942685.1	438	2054	1	4	5	438
KJ942685.1	450	2042	0	1	1	2042
KJ942685.1	452	2164	6	1	7	452
KJ942685.1	452	482	0	1	1	482
KJ942685.1	453	2189	0	1	1	2189
KJ942685.1	461	2070	3	0	3	461
KJ942685.1	462	2023	1	2	3	462
KJ942685.1	470	2048	2	0	2	470
KJ942685.1	472	2146	8	0	8	472
KJ942685.1	474	1618	1	0	1	474
KJ942685.1	476	1182	1	0	1	476
KJ942685.1	481	2039	0	1	1	2039
KJ942685.1	481	2051	1	1	2	481
KJ942685.1	483	2068	1	1	2	483
KJ942685.1	485	525	1	0	1	485
KJ942685.1	486	2004	1	0	1	486
KJ942685.1	486	2174	3	5	8	486
KJ942685.1	486	578	1	0	1	486
KJ942685.1	488	2038	7	9	16	488
KJ942685.1	488	2074	2	1	3	488
KJ942685.1	490	2000	4	2	6	490
KJ942685.1	492	2091	0	1	1	2091
KJ942685.1	493	1986	2	0	2	493
KJ942685.1	494	2053	1	0	1	494
KJ942685.1	494	2179	0	1	1	2179
KJ942685.1	495	2054	2	3	5	495
KJ942685.1	499	2081	11	4	15	499
KJ942685.1	500	2020	3	1	4	500
KJ942685.1	501	2015	2	1	3	501
KJ942685.1	503	1961	1	0	1	503
KJ942685.1	506	1954	2	0	2	506
KJ942685.1	508	1996	19	3	22	508
KJ942685.1	508	2075	15	24	39	508
KJ942685.1	510	558	1	0	1	510
KJ942685.1	511	2075	1	0	1	511
KJ942685.1	512	2130	1	0	1	512
KJ942685.1	512	581	1	0	1	512
KJ942685.1	515	2143	1	1	2	515
KJ942685.1	523	1894	1	0	1	523
KJ942685.1	523	2075	0	1	1	2075
KJ942685.1	525	1881	1	0	1	525
KJ942685.1	526	1854	4	2	6	526
KJ942685.1	526	1889	3	1	4	526
KJ942685.1	543	1841	0	1	1	1841
KJ942685.1	545	2038	0	1	1	2038
KJ942685.1	548	592	1	0	1	548
KJ942685.1	549	2039	15	9	24	549
KJ942685.1	549	2075	6	1	7	549
KJ942685.1	550	970	1	0	1	550
KJ942685.1	555	2007	1	0	1	555
KJ942685.1	559	1956	2	1	3	559
KJ942685.1	559	2126	8	1	9	559
KJ942685.1	564	1689	1	0	1	564
KJ942685.1	565	1633	4	0	4	565
KJ942685.1	566	1933	1	0	1	566
KJ942685.1	566	2028	1	0	1	566
KJ942685.1	566	2152	4	1	5	566
KJ942685.1	568	2035	6	0	6	568
KJ942685.1	573	1845	1	1	2	573
KJ942685.1	574	1935	1	0	1	574
KJ942685.1	575	2046	1	0	1	575
KJ942685.1	577	1838	8	2	10	577
KJ942685.1	585	1744	3	1	4	585
KJ942685.1	592	1109	1	0	1	592
KJ942685.1	594	1939	1	0	1	594
KJ942685.1	595	1520	5	3	8	595
KJ942685.1	596	1709	1	2	3	596
KJ942685.1	596	1941	1	2	3	596
KJ942685.1	597	1921	3	2	5	597
KJ942685.1	599	1956	2	0	2	599
KJ942685.1	602	744	1	0	1	602
KJ942685.1	605	1836	7	3	10	605
KJ942685.1	607	2013	3	0	3	607
KJ942685.1	613	2032	1	0	1	613
KJ942685.1	614	1960	1	0	1	614
KJ942685.1	614	2015	2	4	6	614
KJ942685.1	617	1875	3	1	4	617
KJ942685.1	618	2043	0	1	1	2043
KJ942685.1	618	647	2	2	4	618
KJ942685.1	620	1077	1	0	1	620
KJ942685.1	620	2010	1	0	1	620
KJ942685.1	620	2109	1	0	1	620
KJ942685.1	621	1924	6	1	7	621
KJ942685.1	621	1956	1	1	2	621
KJ942685.1	622	1914	8	2	10	622
KJ942685.1	625	678	1	0	1	625
KJ942685.1	627	2254	5	5	10	627
KJ942685.1	628	1955	2	1	3	628
KJ942685.1	628	1963	5	0	5	628
KJ942685.1	631	1960	0	1	1	1960
KJ942685.1	636	1911	1	0	1	636
KJ942685.1	638	1900	0	1	1	1900
KJ942685.1	642	1857	4	3	7	642
KJ942685.1	651	1896	1	0	1	651
KJ942685.1	651	1930	0	2	2	1930
KJ942685.1	652	1962	2	2	4	652
KJ942685.1	657	1962	0	3	3	1962
KJ942685.1	660	1923	4	2	6	660
KJ942685.1	678	1834	4	2	6	678
KJ942685.1	681	1999	3	3	6	681
KJ942685.1	689	1966	2	7	9	689
KJ942685.1	690	1772	2	3	5	690
KJ942685.1	691	1662	1	1	2	691
KJ942685.1	692	1931	1	0	1	692
KJ942685.1	695	1677	1	0	1	695
KJ942685.1	696	1975	0	1	1	1975
KJ942685.1	697	1963	8	11	19	697
KJ942685.1	700	782	1	0	1	700
KJ942685.1	708	1838	31	30	61	708
KJ942685.1	709	2392	0	5	5	2392
KJ942685.1	710	1840	5	4	9	710
KJ942685.1	710	2006	3	6	9	710
KJ942685.1	713	1867	1	1	2	713
KJ942685.1	715	1525	1	0	1	715
KJ942685.1	715	1678	0	1	1	1678
KJ942685.1	716	1210	0	1	1	1210
KJ942685.1	720	1659	2	2	4	720
KJ942685.1	721	1855	1	1	2	721
KJ942685.1	722	1867	0	1	1	1867
KJ942685.1	723	761	0	1	1	761
KJ942685.1	725	1838	1	0	1	725
KJ942685.1	726	2029	0	1	1	2029
KJ942685.1	727	822	1	1	2	727
KJ942685.1	734	2005	0	1	1	2005
KJ942685.1	736	1206	1	0	1	736
KJ942685.1	739	1942	2	1	3	739
KJ942685.1	739	766	0	3	3	766
KJ942685.1	741	2194	2	1	3	741
KJ942685.1	743	1983	2	4	6	743
KJ942685.1	743	2196	0	2	2	2196
KJ942685.1	745	1867	1	6	7	745
KJ942685.1	745	1942	6	4	10	745
KJ942685.1	746	2319	0	1	1	2319
KJ942685.1	752	2024	1	0	1	752
KJ942685.1	757	1794	0	1	1	1794
KJ942685.1	760	1933	2	2	4	760
KJ942685.1	764	1855	2	2	4	764
KJ942685.1	765	1625	2	1	3	765
KJ942685.1	765	1799	1	1	2	765
KJ942685.1	767	1708	1	2	3	767
KJ942685.1	771	1839	5	1	6	771
KJ942685.1	773	2049	1	0	1	773
KJ942685.1	775	1894	1	3	4	775
KJ942685.1	778	1297	1	0	1	778
KJ942685.1	778	1963	0	1	1	1963
KJ942685.1	791	926	1	0	1	791
KJ942685.1	793	1463	1	0	1	793
KJ942685.1	809	968	0	1	1	968
KJ942685.1	814	1868	3	1	4	814
KJ942685.1	821	2028	1	0	1	821
KJ942685.1	825	1721	0	1	1	1721
KJ942685.1	830	1725	0	1	1	1725
KJ942685.1	832	1537	1	0	1	832
KJ942685.1	834	1730	1	1	2	834
KJ942685.1	836	1592	0	1	1	1592
KJ942685.1	842	1319	2	0	2	842
KJ942685.1	842	1818	5	3	8	842
KJ942685.1	851	1961	2	0	2	851
KJ942685.1	855	1724	0	1	1	1724
KJ942685.1	855	1836	0	1	1	1836
KJ942685.1	861	1686	2	1	3	861
KJ942685.1	862	1558	2	0	2	862
KJ942685.1	862	1838	5	1	6	862
KJ942685.1	889	1988	1	3	4	889
KJ942685.1	901	1828	1	0	1	901
KJ942685.1	909	1795	3	2	5	909
KJ942685.1	910	1655	3	2	5	910
KJ942685.1	919	1678	2	0	2	919
KJ942685.1	924	1452	1	0	1	924
KJ942685.1	925	1686	1	2	3	925
KJ942685.1	925	2016	0	2	2	2016
KJ942685.1	930	1137	1	0	1	930
KJ942685.1	935	2177	2	4	6	935
KJ942685.1	940	1654	2	4	6	940
KJ942685.1	946	1928	1	4	5	946
KJ942685.1	957	2376	0	1	1	2376
KJ942685.1	958	1663	1	0	1	958
KJ942685.1	961	2125	1	0	1	961
KJ942685.1	967	1675	0	1	1	1675
KJ942685.1	989	1529	1	0	1	989
KJ942685.1	998	1685	1	0	1	998
KJ942686.1	1001	1689	2	0	2	1001
KJ942686.1	1008	1670	1	0	1	1008
KJ942686.1	1010	1704	5	5	10	1010
KJ942686.1	1011	1648	0	1	1	1648
KJ942686.1	1012	1706	0	1	1	1706
KJ942686.1	1014	1698	0	2	2	1698
KJ942686.1	1029	1161	1	0	1	1029
KJ942686.1	1045	1777	2	0	2	1045
KJ942686.1	1046	1626	2	1	3	1046
KJ942686.1	1047	1627	1	0	1	1047
KJ942686.1	1105	1723	0	1	1	1723
KJ942686.1	1114	1628	1	0	1	1114
KJ942686.1	1140	1464	1	0	1	1140
KJ942686.1	1148	1188	1	0	1	1148
KJ942686.1	1157	1279	1	0	1	1157
KJ942686.1	1167	1568	1	0	1	1167
KJ942686.1	1185	2177	1	0	1	1185
KJ942686.1	1208	1656	0	1	1	1656
KJ942686.1	1273	2287	1	0	1	1273
KJ942686.1	1314	1776	1	0	1	1314
KJ942686.1	1317	1783	0	1	1	1783
KJ942686.1	1323	1358	1	1	2	1323
KJ942686.1	1373	2282	0	1	1	2282
KJ942686.1	1391	1664	1	0	1	1391
KJ942686.1	1411	2209	0	1	1	2209
KJ942686.1	1417	1806	1	0	1	1417
KJ942686.1	1422	1894	0	1	1	1894
KJ942686.1	1423	1584	0	1	1	1584
KJ942686.1	1435	1795	0	1	1	1795
KJ942686.1	1486	2181	1	0	1	1486
KJ942686.1	1502	2489	0	1	1	2489
KJ942686.1	1575	2365	1	0	1	1575
KJ942686.1	1587	1870	1	0	1	1587
KJ942686.1	1617	1959	0	1	1	1959
KJ942686.1	1663	1856	0	1	1	1856
KJ942686.1	1823	1903	0	6	6	1903
KJ942686.1	1823	2287	1	0	1	1823
KJ942686.1	1959	2135	0	2	2	2135
KJ942686.1	1989	2364	0	1	1	2364
KJ942686.1	1993	2023	0	1	1	2023
KJ942686.1	1995	2020	1	0	1	1995
KJ942686.1	2000	2109	1	0	1	2000
KJ942686.1	2020	2130	5	2	7	2020
KJ942686.1	2084	2175	1	0	1	2084
KJ942686.1	2085	2130	8	1	9	2085
KJ942686.1	2213	2247	7	3	10	2213
KJ942686.1	2246	2331	7	0	7	2246
KJ942686.1	2342	2454	0	1	1	2454
KJ942686.1	253	2315	1	0	1	253
KJ942686.1	280	342	3	0	3	280
KJ942686.1	289	2343	10	0	10	289
KJ942686.1	295	2330	3	0	3	295
KJ942686.1	297	2364	4	0	4	297
KJ942686.1	303	1538	1	0	1	303
KJ942686.1	329	2365	2	1	3	329
KJ942686.1	334	2252	4	1	5	334
KJ942686.1	334	623	1	0	1	334
KJ942686.1	339	2334	2	1	3	339
KJ942686.1	339	2364	0	1	1	2364
KJ942686.1	344	2334	2	1	3	344
KJ942686.1	345	2248	1	0	1	345
KJ942686.1	346	2333	4	0	4	346
KJ942686.1	348	2252	2	0	2	348
KJ942686.1	366	2331	5	2	7	366
KJ942686.1	366	2343	3	0	3	366
KJ942686.1	367	2219	0	8	8	2219
KJ942686.1	381	925	1	0	1	381
KJ942686.1	389	1777	3	2	5	389
KJ942686.1	392	2210	1	6	7	392
KJ942686.1	395	2331	1	0	1	395
KJ942686.1	397	2343	14	3	17	397
KJ942686.1	400	2290	3	0	3	400
KJ942686.1	401	2197	6	4	10	401
KJ942686.1	402	1332	1	0	1	402
KJ942686.1	403	2341	35	4	39	403
KJ942686.1	410	2208	1	0	1	410
KJ942686.1	410	2305	0	1	1	2305
KJ942686.1	425	2214	1	3	4	425
KJ942686.1	441	2241	0	4	4	2241
KJ942686.1	443	2294	1	0	1	443
KJ942686.1	449	2154	2	0	2	449
KJ942686.1	456	2253	1	0	1	456
KJ942686.1	465	1526	1	0	1	465
KJ942686.1	468	1967	1	0	1	468
KJ942686.1	469	1155	2	0	2	469
KJ942686.1	469	2357	1	0	1	469
KJ942686.1	471	2361	7	3	10	471
KJ942686.1	472	2210	0	5	5	2210
KJ942686.1	474	1325	1	0	1	474
KJ942686.1	478	2259	0	1	1	2259
KJ942686.1	486	1280	0	1	1	1280
KJ942686.1	495	2226	0	1	1	2226
KJ942686.1	496	2141	1	0	1	496
KJ942686.1	501	2146	3	7	10	501
KJ942686.1	512	1423	1	0	1	512
KJ942686.1	514	704	1	0	1	514
KJ942686.1	523	2215	26	25	51	523
KJ942686.1	530	2147	1	1	2	530
KJ942686.1	536	2101	1	0	1	536
KJ942686.1	537	718	3	0	3	537
KJ942686.1	548	2262	0	1	1	2262
KJ942686.1	559	2033	1	0	1	559
KJ942686.1	564	1971	2	0	2	564
KJ942686.1	574	2160	2	2	4	574
KJ942686.1	581	2092	2	0	2	581
KJ942686.1	583	2208	1	2	3	583
KJ942686.1	585	2194	0	1	1	2194
KJ942686.1	586	2013	0	1	1	2013
KJ942686.1	591	2006	0	1	1	2006
KJ942686.1	593	2104	1	2	3	593
KJ942686.1	619	1998	1	0	1	619
KJ942686.1	620	1766	3	0	3	620
KJ942686.1	620	1778	3	0	3	620
KJ942686.1	624	2006	1	1	2	624
KJ942686.1	637	747	4	1	5	637
KJ942686.1	638	1655	1	0	1	638
KJ942686.1	648	1855	1	0	1	648
KJ942686.1	651	1999	2	1	3	651
KJ942686.1	662	699	3	5	8	662
KJ942686.1	685	2348	1	0	1	685
KJ942686.1	690	1729	0	1	1	1729
KJ942686.1	691	1923	3	3	6	691
KJ942686.1	692	2104	1	2	3	692
KJ942686.1	695	1812	1	0	1	695
KJ942686.1	716	1973	0	1	1	1973
KJ942686.1	719	1989	1	1	2	719
KJ942686.1	731	1556	0	1	1	1556
KJ942686.1	746	1654	1	1	2	746
KJ942686.1	758	1321	0	1	1	1321
KJ942686.1	762	1896	0	2	2	1896
KJ942686.1	765	1969	0	2	2	1969
KJ942686.1	765	2376	0	1	1	2376
KJ942686.1	769	1903	0	2	2	1903
KJ942686.1	769	1986	0	1	1	1986
KJ942686.1	769	2023	0	1	1	2023
KJ942686.1	794	1991	1	0	1	794
KJ942686.1	798	1845	4	5	9	798
KJ942686.1	799	1897	2	0	2	799
KJ942686.1	803	2198	1	0	1	803
KJ942686.1	804	1649	1	0	1	804
KJ942686.1	806	1325	1	0	1	806
KJ942686.1	810	1533	1	0	1	810
KJ942686.1	812	1659	0	1	1	1659
KJ942686.1	812	1830	1	2	3	812
KJ942686.1	823	1742	1	0	1	823
KJ942686.1	832	1837	2	5	7	832
KJ942686.1	833	1929	1	0	1	833
KJ942686.1	839	1817	0	1	1	1817
KJ942686.1	843	1440	1	0	1	843
KJ942686.1	846	1602	5	0	5	846
KJ942686.1	851	1392	0	1	1	1392
KJ942686.1	858	2006	1	1	2	858
KJ942686.1	861	1855	1	7	8	861
KJ942686.1	866	1620	1	1	2	866
KJ942686.1	866	2256	1	2	3	866
KJ942686.1	875	1790	3	2	5	875
KJ942686.1	877	1628	0	1	1	1628
KJ942686.1	882	1748	2	4	6	882
KJ942686.1	884	1776	3	3	6	884
KJ942686.1	898	1733	0	3	3	1733
KJ942686.1	898	1790	0	2	2	1790
KJ942686.1	902	1778	0	1	1	1778
KJ942686.1	923	1656	1	0	1	923
KJ942686.1	926	1742	2	0	2	926
KJ942686.1	927	976	0	1	1	976
KJ942686.1	931	1780	1	2	3	931
KJ942686.1	934	1707	0	1	1	1707
KJ942686.1	942	1670	0	1	1	1670
KJ942686.1	944	1720	2	0	2	944
KJ942686.1	949	1892	0	1	1	1892
KJ942686.1	950	974	1	0	1	950
KJ942686.1	961	1725	0	1	1	1725
KJ942686.1	977	1094	1	0	1	977
KJ942686.1	984	1778	1	1	2	984
KJ942687.1	1004	1698	1	1	2	1004
KJ942687.1	1016	1431	0	1	1	1431
KJ942687.1	1016	2130	0	1	1	2130
KJ942687.1	1020	1708	1	0	1	1020
KJ942687.1	1020	1773	3	1	4	1020
KJ942687.1	1022	1998	0	1	1	1998
KJ942687.1	1037	1719	0	4	4	1719
KJ942687.1	1039	2382	1	0	1	1039
KJ942687.1	1065	1287	0	1	1	1287
KJ942687.1	1074	2218	0	1	1	2218
KJ942687.1	1081	2290	0	1	1	2290
KJ942687.1	1097	1308	0	1	1	1308
KJ942687.1	1109	1662	0	1	1	1662
KJ942687.1	1131	2209	0	1	1	2209
KJ942687.1	1157	1240	0	1	1	1240
KJ942687.1	1160	1470	0	1	1	1470
KJ942687.1	1167	2072	1	0	1	1167
KJ942687.1	1177	1714	0	1	1	1714
KJ942687.1	1180	1683	1	0	1	1180
KJ942687.1	1188	2252	1	0	1	1188
KJ942687.1	1197	2078	0	1	1	2078
KJ942687.1	1240	2090	0	1	1	2090
KJ942687.1	1262	2181	0	1	1	2181
KJ942687.1	1313	2005	0	1	1	2005
KJ942687.1	1316	2185	0	1	1	2185
KJ942687.1	1331	1874	0	1	1	1874
KJ942687.1	1399	1972	0	1	1	1972
KJ942687.1	1414	1708	0	1	1	1708
KJ942687.1	1420	1684	1	0	1	1420
KJ942687.1	1421	2196	0	1	1	2196
KJ942687.1	1484	1783	0	1	1	1783
KJ942687.1	1507	1654	1	0	1	1507
KJ942687.1	1515	1541	1	0	1	1515
KJ942687.1	1516	2073	1	0	1	1516
KJ942687.1	1540	1717	0	1	1	1717
KJ942687.1	1609	2244	0	1	1	2244
KJ942687.1	1717	2162	1	0	1	1717
KJ942687.1	1742	2029	0	1	1	2029
KJ942687.1	1782	2257	0	1	1	2257
KJ942687.1	1821	1977	1	0	1	1821
KJ942687.1	1827	2039	1	0	1	1827
KJ942687.1	1842	1950	0	1	1	1950
KJ942687.1	1878	2387	0	1	1	2387
KJ942687.1	1895	2016	0	1	1	2016
KJ942687.1	1966	2251	1	0	1	1966
KJ942687.1	2088	2277	1	0	1	2088
KJ942687.1	2154	2178	15	14	29	2154
KJ942687.1	2154	2221	1	0	1	2154
KJ942687.1	2270	2394	0	1	1	2394
KJ942687.1	2360	2386	1	0	1	2360
KJ942687.1	2428	2466	0	1	1	2466
KJ942687.1	253	2229	1	0	1	253
KJ942687.1	256	1236	1	0	1	256
KJ942687.1	278	1252	1	0	1	278
KJ942687.1	301	1823	1	0	1	301
KJ942687.1	324	2345	1	0	1	324
KJ942687.1	328	2157	3	2	5	328
KJ942687.1	331	2349	6	6	12	331
KJ942687.1	339	1571	0	1	1	1571
KJ942687.1	345	1436	0	1	1	1436
KJ942687.1	348	1315	1	0	1	348
KJ942687.1	348	1692	1	0	1	348
KJ942687.1	354	2343	2	2	4	354
KJ942687.1	355	2345	19	36	55	355
KJ942687.1	359	1255	0	1	1	1255
KJ942687.1	361	2250	1	0	1	361
KJ942687.1	362	1258	1	0	1	362
KJ942687.1	364	2355	1	0	1	364
KJ942687.1	375	890	0	1	1	890
KJ942687.1	377	1273	0	1	1	1273
KJ942687.1	382	2332	1	6	7	382
KJ942687.1	383	2313	2	7	9	383
KJ942687.1	383	2377	0	1	1	2377
KJ942687.1	385	2312	1	2	3	385
KJ942687.1	387	2310	6	26	32	387
KJ942687.1	387	2317	1	4	5	387
KJ942687.1	390	1846	0	1	1	1846
KJ942687.1	391	2438	0	1	1	2438
KJ942687.1	393	2353	1	0	1	393
KJ942687.1	395	2194	0	2	2	2194
KJ942687.1	395	2262	1	6	7	395
KJ942687.1	396	2296	2	18	20	396
KJ942687.1	398	2374	0	2	2	2374
KJ942687.1	400	2172	0	4	4	2172
KJ942687.1	400	2266	0	5	5	2266
KJ942687.1	401	2185	1	12	13	401
KJ942687.1	404	464	1	0	1	404
KJ942687.1	405	2322	0	3	3	2322
KJ942687.1	408	1367	0	1	1	1367
KJ942687.1	409	1121	0	1	1	1121
KJ942687.1	412	2146	1	15	16	412
KJ942687.1	420	2193	1	12	13	420
KJ942687.1	421	2202	1	8	9	421
KJ942687.1	423	2230	0	3	3	2230
KJ942687.1	424	2162	1	1	2	424
KJ942687.1	424	2395	2	1	3	424
KJ942687.1	426	832	1	0	1	426
KJ942687.1	429	2236	1	1	2	429
KJ942687.1	432	1376	0	1	1	1376
KJ942687.1	432	2345	0	1	1	2345
KJ942687.1	434	2262	2	8	10	434
KJ942687.1	436	571	0	1	1	571
KJ942687.1	437	1305	0	1	1	1305
KJ942687.1	439	1385	0	1	1	1385
KJ942687.1	442	1972	0	1	1	1972
KJ942687.1	443	2245	0	1	1	2245
KJ942687.1	446	1972	1	0	1	446
KJ942687.1	448	1276	0	1	1	1276
KJ942687.1	448	2255	0	1	1	2255
KJ942687.1	450	2069	0	6	6	2069
KJ942687.1	450	475	1	1	2	450
KJ942687.1	454	2375	0	2	2	2375
KJ942687.1	456	2264	1	2	3	456
KJ942687.1	457	2218	1	28	29	457
KJ942687.1	458	1997	1	0	1	458
KJ942687.1	458	947	1	0	1	458
KJ942687.1	460	1728	1	0	1	460
KJ942687.1	468	2094	1	0	1	468
KJ942687.1	468	2211	0	1	1	2211
KJ942687.1	470	2014	4	12	16	470
KJ942687.1	474	2392	17	14	31	474
KJ942687.1	478	2228	0	1	1	2228
KJ942687.1	479	2202	25	50	75	479
KJ942687.1	482	2049	0	1	1	2049
KJ942687.1	484	2183	3	21	24	484
KJ942687.1	486	2184	8	13	21	486
KJ942687.1	488	2132	2	0	2	488
KJ942687.1	488	2253	0	1	1	2253
KJ942687.1	490	2150	0	1	1	2150
KJ942687.1	491	2136	1	4	5	491
KJ942687.1	504	2020	3	6	9	504
KJ942687.1	506	2026	2	8	10	506
KJ942687.1	506	2178	1	3	4	506
KJ942687.1	508	1679	1	0	1	508
KJ942687.1	509	1725	1	1	2	509
KJ942687.1	509	2133	1	4	5	509
KJ942687.1	509	932	1	0	1	509
KJ942687.1	520	2144	7	11	18	520
KJ942687.1	522	2175	2	3	5	522
KJ942687.1	525	2211	0	5	5	2211
KJ942687.1	532	2224	8	6	14	532
KJ942687.1	533	2108	0	2	2	2108
KJ942687.1	534	1337	0	1	1	1337
KJ942687.1	534	2164	2	2	4	534
KJ942687.1	534	2200	3	6	9	534
KJ942687.1	536	1959	0	1	1	1959
KJ942687.1	537	2189	0	3	3	2189
KJ942687.1	538	2072	2	3	5	538
KJ942687.1	538	2225	1	0	1	538
KJ942687.1	544	630	0	1	1	630
KJ942687.1	548	2071	0	2	2	2071
KJ942687.1	552	2162	2	3	5	552
KJ942687.1	554	1529	1	0	1	554
KJ942687.1	560	2273	12	4	16	560
KJ942687.1	562	2023	2	3	5	562
KJ942687.1	568	2070	4	2	6	568
KJ942687.1	573	2130	2	1	3	573
KJ942687.1	580	2130	1	2	3	580
KJ942687.1	582	2114	3	4	7	582
KJ942687.1	584	1956	1	0	1	584
KJ942687.1	590	2029	0	1	1	2029
KJ942687.1	617	2003	0	1	1	2003
KJ942687.1	617	2087	0	1	1	2087
KJ942687.1	622	1980	2	4	6	622
KJ942687.1	624	1316	0	1	1	1316
KJ942687.1	627	2100	1	0	1	627
KJ942687.1	629	1623	4	0	4	629
KJ942687.1	659	1728	1	2	3	659
KJ942687.1	659	1875	2	1	3	659
KJ942687.1	660	1823	0	1	1	1823
KJ942687.1	660	2043	1	4	5	660
KJ942687.1	661	2014	0	3	3	2014
KJ942687.1	667	1966	0	1	1	1966
KJ942687.1	667	2087	0	1	1	2087
KJ942687.1	671	2027	0	1	1	2027
KJ942687.1	684	2012	0	3	3	2012
KJ942687.1	695	2128	0	2	2	2128
KJ942687.1	707	1777	1	0	1	707
KJ942687.1	711	1988	5	4	9	711
KJ942687.1	711	2051	17	26	43	711
KJ942687.1	712	1449	0	1	1	1449
KJ942687.1	712	1722	0	1	1	1722
KJ942687.1	714	1994	1	0	1	714
KJ942687.1	719	2003	1	0	1	719
KJ942687.1	722	2089	1	1	2	722
KJ942687.1	723	2013	41	50	91	723
KJ942687.1	724	2030	0	1	1	2030
KJ942687.1	724	2087	0	1	1	2087
KJ942687.1	726	1849	4	3	7	726
KJ942687.1	726	1907	5	0	5	726
KJ942687.1	727	2013	1	3	4	727
KJ942687.1	732	1670	0	1	1	1670
KJ942687.1	735	1960	2	4	6	735
KJ942687.1	736	1963	0	3	3	1963
KJ942687.1	745	1953	0	3	3	1953
KJ942687.1	755	2020	0	1	1	2020
KJ942687.1	755	2161	1	0	1	755
KJ942687.1	758	2080	1	5	6	758
KJ942687.1	760	1975	0	1	1	1975
KJ942687.1	763	2030	0	2	2	2030
KJ942687.1	765	1987	1	1	2	765
KJ942687.1	771	2043	0	1	1	2043
KJ942687.1	774	1854	0	1	1	1854
KJ942687.1	779	1940	1	0	1	779
KJ942687.1	791	1947	1	4	5	791
KJ942687.1	792	2164	1	0	1	792
KJ942687.1	793	1920	2	0	2	793
KJ942687.1	795	1828	1	0	1	795
KJ942687.1	796	1887	3	1	4	796
KJ942687.1	809	1436	0	1	1	1436
KJ942687.1	812	1145	0	1	1	1145
KJ942687.1	826	1875	1	2	3	826
KJ942687.1	839	1855	2	2	4	839
KJ942687.1	843	1825	1	0	1	843
KJ942687.1	846	1815	0	1	1	1815
KJ942687.1	850	1830	1	2	3	850
KJ942687.1	850	1876	1	0	1	850
KJ942687.1	851	1727	1	0	1	851
KJ942687.1	851	1890	3	6	9	851
KJ942687.1	857	1875	4	1	5	857
KJ942687.1	858	1883	3	2	5	858
KJ942687.1	859	1842	2	1	3	859
KJ942687.1	860	2106	1	0	1	860
KJ942687.1	865	1716	1	0	1	865
KJ942687.1	867	1830	1	0	1	867
KJ942687.1	870	1825	1	1	2	870
KJ942687.1	870	1829	3	2	5	870
KJ942687.1	872	1717	6	1	7	872
KJ942687.1	885	1684	3	1	4	885
KJ942687.1	889	1014	0	1	1	1014
KJ942687.1	889	1665	0	1	1	1665
KJ942687.1	890	1697	0	2	2	1697
KJ942687.1	896	1591	1	0	1	896
KJ942687.1	896	1847	0	5	5	1847
KJ942687.1	911	1116	1	0	1	911
KJ942687.1	917	1888	5	2	7	917
KJ942687.1	918	1904	2	2	4	918
KJ942687.1	919	1732	0	1	1	1732
KJ942687.1	920	1168	0	1	1	1168
KJ942687.1	920	1807	5	7	12	920
KJ942687.1	936	1354	1	0	1	936
KJ942687.1	941	1468	0	1	1	1468
KJ942687.1	943	2258	1	0	1	943
KJ942687.1	953	1763	1	0	1	953
KJ942687.1	955	1776	1	0	1	955
KJ942687.1	958	1724	1	0	1	958
KJ942687.1	960	1616	1	0	1	960
KJ942687.1	961	1809	1	1	2	961
KJ942687.1	966	1744	0	1	1	1744
KJ942687.1	976	1829	2	1	3	976
KJ942687.1	978	1712	2	1	3	978
KJ942687.1	985	1789	2	1	3	985
KJ942687.1	993	1671	1	0	1	993
KJ942687.1	993	1824	3	0	3	993
