Segment	Start	Stop	Forward_support	Reverse_support	Total_support	Fuzz_factor
KJ942680.1	1071	1831	1	0	1	1071
KJ942680.1	1098	1667	1	0	1	1098
KJ942680.1	1166	1474	0	1	1	1474
KJ942680.1	1171	1529	1	0	1	1171
KJ942680.1	1193	1928	0	1	1	1928
KJ942680.1	1345	1702	1	0	1	1345
KJ942680.1	1346	1386	1	0	1	1346
KJ942680.1	1375	1534	0	1	1	1534
KJ942680.1	1380	1472	0	1	1	1472
KJ942680.1	1380	1543	1	0	1	1380
KJ942680.1	1388	1548	1	0	1	1388
KJ942680.1	1415	1442	0	1	1	1442
KJ942680.1	1439	1848	1	0	1	1439
KJ942680.1	1444	1590	0	1	1	1590
KJ942680.1	1464	1852	1	0	1	1464
KJ942680.1	1647	1852	0	1	1	1852
KJ942680.1	1662	1865	1	0	1	1662
KJ942680.1	1717	1886	0	1	1	1886
KJ942680.1	301	336	4	0	4	301
KJ942680.1	338	484	1	0	1	338
KJ942680.1	371	1506	1	0	1	371
KJ942680.1	384	1509	0	1	1	1509
KJ942680.1	426	794	1	0	1	426
KJ942680.1	427	647	0	1	1	647
KJ942680.1	435	1925	0	1	1	1925
KJ942680.1	442	1615	1	0	1	442
KJ942680.1	445	1244	1	0	1	445
KJ942680.1	453	1039	0	1	1	1039
KJ942680.1	459	1667	3	11	14	459
KJ942680.1	461	1387	4	3	7	461
KJ942680.1	492	1328	0	1	1	1328
KJ942680.1	492	593	0	1	1	593
KJ942680.1	502	858	1	0	1	502
KJ942680.1	506	657	0	1	1	657
KJ942680.1	554	1175	0	1	1	1175
KJ942680.1	555	1017	1	0	1	555
KJ942680.1	559	1073	3	2	5	559
KJ942680.1	580	1216	3	3	6	580
KJ942680.1	607	1241	0	1	1	1241
KJ942680.1	621	1510	0	1	1	1510
KJ942680.1	629	1382	0	1	1	1382
KJ942680.1	630	692	1	0	1	630
KJ942680.1	631	737	0	1	1	737
KJ942680.1	669	1459	0	1	1	1459
KJ942680.1	678	1637	1	0	1	678
KJ942680.1	749	1911	0	1	1	1911
KJ942680.1	804	1225	1	0	1	804
KJ942680.1	822	1828	1	0	1	822
KJ942680.1	893	991	0	1	1	991
KJ942680.1	922	1301	1	0	1	922
KJ942680.1	940	1138	1	0	1	940
KJ942681.1	244	1101	1	0	1	244
KJ942681.1	248	1103	13	0	13	248
KJ942681.1	258	1055	1	0	1	258
KJ942681.1	284	685	1	0	1	284
KJ942681.1	295	570	1	0	1	295
KJ942681.1	309	485	1	0	1	309
KJ942681.1	326	641	1	4	5	326
KJ942681.1	352	388	0	1	1	388
KJ942681.1	365	727	1	0	1	365
KJ942681.1	370	497	1	0	1	370
KJ942681.1	400	730	0	1	1	730
KJ942681.1	408	1021	1	0	1	408
KJ942681.1	410	622	1	0	1	410
KJ942681.1	410	965	0	1	1	965
KJ942681.1	417	863	1	0	1	417
KJ942681.1	418	652	0	1	1	652
KJ942681.1	443	1082	1	0	1	443
KJ942681.1	449	481	0	1	1	481
KJ942681.1	455	1038	0	1	1	1038
KJ942681.1	468	585	0	1	1	585
KJ942681.1	498	746	1	0	1	498
KJ942681.1	503	1057	0	1	1	1057
KJ942681.1	513	899	1	0	1	513
KJ942681.1	550	726	0	1	1	726
KJ942681.1	551	582	1	0	1	551
KJ942681.1	564	739	0	1	1	739
KJ942681.1	575	641	0	1	1	641
KJ942681.1	591	887	0	1	1	887
KJ942681.1	599	702	0	1	1	702
KJ942681.1	616	1010	0	1	1	1010
KJ942681.1	643	1055	0	1	1	1055
KJ942681.1	646	842	0	2	2	842
KJ942681.1	671	708	0	1	1	708
KJ942681.1	696	979	1	0	1	696
KJ942681.1	700	854	1	0	1	700
KJ942681.1	733	875	0	3	3	875
KJ942681.1	734	764	2	1	3	734
KJ942681.1	772	831	1	0	1	772
KJ942681.1	803	1031	1	0	1	803
KJ942681.1	805	1052	1	0	1	805
KJ942681.1	807	877	0	1	1	877
KJ942681.1	826	1013	1	0	1	826
KJ942681.1	833	869	1	0	1	833
KJ942681.1	840	1011	1	1	2	840
KJ942681.1	850	997	1	0	1	850
KJ942681.1	855	902	0	1	1	902
KJ942681.1	881	1017	0	1	1	1017
KJ942681.1	934	1024	1	0	1	934
KJ942681.1	939	1055	0	1	1	1055
KJ942681.1	993	1052	1	0	1	993
KJ942682.1	1041	1347	0	1	1	1347
KJ942682.1	1072	1199	1	0	1	1072
KJ942682.1	271	1622	3	3	6	271
KJ942682.1	320	402	0	1	1	402
KJ942682.1	333	367	0	1	1	367
KJ942682.1	350	1225	0	1	1	1225
KJ942682.1	400	1447	0	2	2	1447
KJ942682.1	417	1049	0	1	1	1049
KJ942682.1	425	685	0	1	1	685
KJ942682.1	461	1454	0	1	1	1454
KJ942682.1	476	1378	2	1	3	476
KJ942682.1	487	791	0	1	1	791
KJ942682.1	573	798	0	1	1	798
KJ942682.1	590	1295	5	6	11	590
KJ942682.1	610	1375	1	0	1	610
KJ942682.1	720	1352	1	0	1	720
KJ942682.1	761	825	0	1	1	825
KJ942682.1	764	795	0	1	1	795
KJ942682.1	796	856	1	0	1	796
KJ942682.1	807	1244	1	2	3	807
KJ942682.1	812	1181	0	1	1	1181
KJ942682.1	932	1534	1	0	1	932
KJ942682.1	967	1046	0	2	2	1046
KJ942682.1	970	1254	1	0	1	970
KJ942682.1	971	1231	0	1	1	1231
KJ942682.1	974	1060	0	1	1	1060
KJ942683.1	1041	1160	1	0	1	1041
KJ942683.1	1044	1108	1	1	2	1044
KJ942683.1	1056	1418	0	1	1	1418
KJ942683.1	1064	1523	0	1	1	1523
KJ942683.1	1081	1123	1	0	1	1081
KJ942683.1	1103	1187	0	1	1	1187
KJ942683.1	1133	1562	1	0	1	1133
KJ942683.1	1147	1225	0	1	1	1225
KJ942683.1	1224	1252	0	1	1	1252
KJ942683.1	1302	1698	0	1	1	1698
KJ942683.1	1303	1577	0	1	1	1577
KJ942683.1	1408	1516	1	1	2	1408
KJ942683.1	1416	1459	0	1	1	1459
KJ942683.1	1423	1454	0	1	1	1454
KJ942683.1	1436	1559	1	0	1	1436
KJ942683.1	1594	1662	0	1	1	1662
KJ942683.1	1604	1710	0	4	4	1710
KJ942683.1	295	656	1	0	1	295
KJ942683.1	319	1699	0	3	3	1699
KJ942683.1	351	1393	0	1	1	1393
KJ942683.1	374	570	0	1	1	570
KJ942683.1	436	1533	0	1	1	1533
KJ942683.1	444	699	0	6	6	699
KJ942683.1	464	804	1	0	1	464
KJ942683.1	470	1395	0	3	3	1395
KJ942683.1	476	814	0	1	1	814
KJ942683.1	492	1188	1	0	1	492
KJ942683.1	502	1332	1	0	1	502
KJ942683.1	519	1140	0	1	1	1140
KJ942683.1	533	623	1	0	1	533
KJ942683.1	539	1474	0	1	1	1474
KJ942683.1	547	709	1	0	1	547
KJ942683.1	561	1415	0	1	1	1415
KJ942683.1	571	730	1	0	1	571
KJ942683.1	576	1057	1	0	1	576
KJ942683.1	594	1375	0	1	1	1375
KJ942683.1	616	1388	1	0	1	616
KJ942683.1	670	857	0	1	1	857
KJ942683.1	691	1539	1	0	1	691
KJ942683.1	718	1346	0	1	1	1346
KJ942683.1	731	1336	2	4	6	731
KJ942683.1	775	1602	0	1	1	1602
KJ942683.1	790	1280	0	1	1	1280
KJ942683.1	810	912	0	1	1	912
KJ942683.1	812	867	1	0	1	812
KJ942683.1	838	1051	1	0	1	838
KJ942683.1	854	1344	0	1	1	1344
KJ942683.1	919	942	0	1	1	942
KJ942683.1	970	1597	1	0	1	970
KJ942683.1	984	1471	1	1	2	984
KJ942684.1	236	986	2	0	2	236
KJ942684.1	335	576	0	1	1	576
KJ942684.1	357	591	2	20	22	357
KJ942684.1	365	828	1	0	1	365
KJ942684.1	365	880	1	8	9	365
KJ942684.1	399	808	1	0	1	399
KJ942684.1	399	880	4	0	4	399
KJ942684.1	457	713	1	0	1	457
KJ942684.1	476	578	0	1	1	578
KJ942684.1	496	731	1	0	1	496
KJ942684.1	526	755	34	37	71	526
KJ942684.1	534	761	3	2	5	534
KJ942684.1	625	649	1	1	2	625
KJ942685.1	1026	1973	0	1	1	1973
KJ942685.1	1029	1976	2	0	2	1029
KJ942685.1	1095	2308	1	0	1	1095
KJ942685.1	1216	1949	1	0	1	1216
KJ942685.1	1259	1909	1	0	1	1259
KJ942685.1	1269	1658	2	1	3	1269
KJ942685.1	1418	1645	1	0	1	1418
KJ942685.1	1520	1973	0	1	1	1973
KJ942685.1	1521	2013	0	1	1	2013
KJ942685.1	1555	2018	1	0	1	1555
KJ942685.1	1579	2306	1	0	1	1579
KJ942685.1	1603	1652	1	2	3	1603
KJ942685.1	1639	2183	0	1	1	2183
KJ942685.1	1646	2343	1	0	1	1646
KJ942685.1	1709	1747	1	0	1	1709
KJ942685.1	1746	2140	0	1	1	2140
KJ942685.1	1763	2302	3	0	3	1763
KJ942685.1	1796	2160	0	1	1	2160
KJ942685.1	1816	1841	1	1	2	1816
KJ942685.1	1951	2174	5	7	12	1951
KJ942685.1	1965	2286	2	0	2	1965
KJ942685.1	2000	2039	1	1	2	2000
KJ942685.1	2015	2048	4	4	8	2015
KJ942685.1	2027	2075	3	1	4	2027
KJ942685.1	2041	2101	2	2	4	2041
KJ942685.1	2081	2355	0	1	1	2355
KJ942685.1	2101	2309	1	0	1	2101
KJ942685.1	2114	2151	3	1	4	2114
KJ942685.1	2132	2156	1	0	1	2132
KJ942685.1	2140	2220	3	1	4	2140
KJ942685.1	2151	2188	2	4	6	2151
KJ942685.1	2158	2181	1	1	2	2158
KJ942685.1	2247	2275	1	1	2	2247
KJ942685.1	239	285	3	0	3	239
KJ942685.1	264	294	11	0	11	264
KJ942685.1	271	1983	1	0	1	271
KJ942685.1	285	2073	1	0	1	285
KJ942685.1	291	2004	1	0	1	291
KJ942685.1	298	2138	1	0	1	298
KJ942685.1	311	2147	1	0	1	311
KJ942685.1	322	2155	1	0	1	322
KJ942685.1	342	2015	0	1	1	2015
KJ942685.1	342	2051	0	6	6	2051
KJ942685.1	344	2226	0	1	1	2226
KJ942685.1	344	397	0	1	1	397
KJ942685.1	345	2159	4	33	37	345
KJ942685.1	345	2174	1	2	3	345
KJ942685.1	345	2270	3	3	6	345
KJ942685.1	347	2021	4	25	29	347
KJ942685.1	347	2161	0	1	1	2161
KJ942685.1	352	2293	1	3	4	352
KJ942685.1	355	2313	0	1	1	2313
KJ942685.1	361	2080	0	1	1	2080
KJ942685.1	363	832	0	1	1	832
KJ942685.1	364	2159	1	4	5	364
KJ942685.1	376	2131	2	19	21	376
KJ942685.1	378	2171	0	1	1	2171
KJ942685.1	380	2082	0	1	1	2082
KJ942685.1	381	2049	0	3	3	2049
KJ942685.1	394	2152	0	8	8	2152
KJ942685.1	394	2164	1	0	1	394
KJ942685.1	396	2173	1	0	1	396
KJ942685.1	397	2161	2	29	31	397
KJ942685.1	398	429	1	2	3	398
KJ942685.1	399	1959	1	0	1	399
KJ942685.1	400	2178	4	7	11	400
KJ942685.1	403	2223	2	11	13	403
KJ942685.1	414	2171	13	3	16	414
KJ942685.1	415	2175	0	1	1	2175
KJ942685.1	418	1795	1	0	1	418
KJ942685.1	419	2182	1	1	2	419
KJ942685.1	420	2015	2	7	9	420
KJ942685.1	421	2165	3	7	10	421
KJ942685.1	426	2170	0	1	1	2170
KJ942685.1	431	453	0	14	14	453
KJ942685.1	450	2042	2	0	2	450
KJ942685.1	459	2099	3	4	7	459
KJ942685.1	462	2200	0	1	1	2200
KJ942685.1	465	2028	0	3	3	2028
KJ942685.1	471	2114	1	0	1	471
KJ942685.1	472	1978	0	1	1	1978
KJ942685.1	477	2040	10	8	18	477
KJ942685.1	481	1893	4	2	6	481
KJ942685.1	482	527	2	3	5	482
KJ942685.1	484	2073	1	0	1	484
KJ942685.1	484	2083	2	0	2	484
KJ942685.1	488	523	0	2	2	523
KJ942685.1	489	2081	56	79	135	489
KJ942685.1	489	511	0	1	1	511
KJ942685.1	491	2157	1	0	1	491
KJ942685.1	496	529	0	1	1	529
KJ942685.1	501	1923	1	8	9	501
KJ942685.1	501	524	0	2	2	524
KJ942685.1	504	2043	1	2	3	504
KJ942685.1	505	2023	0	3	3	2023
KJ942685.1	508	567	5	12	17	508
KJ942685.1	513	2119	1	0	1	513
KJ942685.1	514	2120	179	234	413	514
KJ942685.1	515	2021	1	0	1	515
KJ942685.1	521	2189	0	1	1	2189
KJ942685.1	521	2192	1	1	2	521
KJ942685.1	523	2039	1	0	1	523
KJ942685.1	523	2075	27	27	54	523
KJ942685.1	530	2085	0	1	1	2085
KJ942685.1	533	1282	1	0	1	533
KJ942685.1	535	2119	0	1	1	2119
KJ942685.1	543	2296	1	0	1	543
KJ942685.1	559	1877	1	2	3	559
KJ942685.1	565	1962	1	0	1	565
KJ942685.1	565	2196	4	4	8	565
KJ942685.1	566	2006	0	2	2	2006
KJ942685.1	567	1842	0	4	4	1842
KJ942685.1	571	651	4	2	6	571
KJ942685.1	577	1352	1	0	1	577
KJ942685.1	592	1975	1	1	2	592
KJ942685.1	597	1889	1	0	1	597
KJ942685.1	601	1934	1	0	1	601
KJ942685.1	603	717	0	1	1	717
KJ942685.1	611	1975	9	6	15	611
KJ942685.1	614	1945	0	1	1	1945
KJ942685.1	616	1747	1	0	1	616
KJ942685.1	616	1934	4	1	5	616
KJ942685.1	617	1936	1	4	5	617
KJ942685.1	618	1928	2	5	7	618
KJ942685.1	619	652	1	0	1	619
KJ942685.1	620	1952	6	9	15	620
KJ942685.1	623	942	1	2	3	623
KJ942685.1	627	2040	9	6	15	627
KJ942685.1	629	1928	4	0	4	629
KJ942685.1	631	1960	0	1	1	1960
KJ942685.1	640	1855	4	0	4	640
KJ942685.1	646	1935	2	2	4	646
KJ942685.1	649	1961	0	1	1	1961
KJ942685.1	650	2079	1	0	1	650
KJ942685.1	651	1746	1	0	1	651
KJ942685.1	651	1893	3	0	3	651
KJ942685.1	655	1269	0	1	1	1269
KJ942685.1	665	1629	0	1	1	1629
KJ942685.1	668	1874	1	2	3	668
KJ942685.1	668	1882	2	1	3	668
KJ942685.1	668	1932	2	2	4	668
KJ942685.1	676	1878	1	0	1	676
KJ942685.1	677	1809	1	0	1	677
KJ942685.1	678	1992	1	0	1	678
KJ942685.1	687	1844	13	0	13	687
KJ942685.1	690	1850	7	3	10	690
KJ942685.1	690	1972	2	0	2	690
KJ942685.1	692	1931	1	1	2	692
KJ942685.1	693	2004	3	1	4	693
KJ942685.1	695	1881	1	3	4	695
KJ942685.1	696	1829	3	3	6	696
KJ942685.1	697	1963	1	1	2	697
KJ942685.1	707	790	1	0	1	707
KJ942685.1	728	1845	0	2	2	1845
KJ942685.1	728	1931	0	1	1	1931
KJ942685.1	734	1658	1	0	1	734
KJ942685.1	736	1856	0	1	1	1856
KJ942685.1	736	1921	1	0	1	736
KJ942685.1	738	1855	2	0	2	738
KJ942685.1	747	1840	0	1	1	1840
KJ942685.1	749	2319	0	1	1	2319
KJ942685.1	760	1838	3	6	9	760
KJ942685.1	778	1963	0	1	1	1963
KJ942685.1	784	1623	3	3	6	784
KJ942685.1	786	1818	3	5	8	786
KJ942685.1	788	1842	6	1	7	788
KJ942685.1	805	1575	0	1	1	1575
KJ942685.1	834	1755	2	0	2	834
KJ942685.1	838	923	0	1	1	923
KJ942685.1	840	2104	1	0	1	840
KJ942685.1	841	1749	1	0	1	841
KJ942685.1	855	2129	0	1	1	2129
KJ942685.1	857	1775	1	0	1	857
KJ942685.1	861	1573	1	1	2	861
KJ942685.1	864	1736	2	0	2	864
KJ942685.1	865	1737	0	1	1	1737
KJ942685.1	957	1330	0	1	1	1330
KJ942685.1	993	1705	4	3	7	993
KJ942686.1	1014	1698	1	1	2	1014
KJ942686.1	1017	2000	1	1	2	1017
KJ942686.1	1127	2245	1	0	1	1127
KJ942686.1	1274	2131	1	0	1	1274
KJ942686.1	1355	2191	0	1	1	2191
KJ942686.1	1382	1704	0	1	1	1704
KJ942686.1	1487	2349	1	0	1	1487
KJ942686.1	1653	2307	1	0	1	1653
KJ942686.1	1657	2077	0	1	1	2077
KJ942686.1	1716	2034	1	0	1	1716
KJ942686.1	1842	1970	0	1	1	1970
KJ942686.1	1920	2443	1	0	1	1920
KJ942686.1	1961	2029	0	1	1	2029
KJ942686.1	2160	2191	3	1	4	2160
KJ942686.1	2423	2459	2	4	6	2423
KJ942686.1	247	298	3	0	3	247
KJ942686.1	253	295	7	0	7	253
KJ942686.1	350	2334	2	1	3	350
KJ942686.1	379	2153	1	0	1	379
KJ942686.1	396	437	0	2	2	437
KJ942686.1	467	2251	3	0	3	467
KJ942686.1	471	2252	2	2	4	471
KJ942686.1	481	2043	1	0	1	481
KJ942686.1	482	2044	7	6	13	482
KJ942686.1	530	2103	5	3	8	530
KJ942686.1	530	2252	1	0	1	530
KJ942686.1	547	2057	3	0	3	547
KJ942686.1	558	1924	0	1	1	1924
KJ942686.1	600	1919	0	1	1	1919
KJ942686.1	637	2021	0	1	1	2021
KJ942686.1	637	2104	3	2	5	637
KJ942686.1	637	747	1	0	1	637
KJ942686.1	650	1355	1	0	1	650
KJ942686.1	660	2061	1	0	1	660
KJ942686.1	666	1790	1	1	2	666
KJ942686.1	668	1744	0	2	2	1744
KJ942686.1	674	2055	1	0	1	674
KJ942686.1	683	2068	4	1	5	683
KJ942686.1	695	1812	4	5	9	695
KJ942686.1	699	2131	0	2	2	2131
KJ942686.1	705	2037	0	3	3	2037
KJ942686.1	709	2080	3	7	10	709
KJ942686.1	717	1739	2	0	2	717
KJ942686.1	718	1925	1	1	2	718
KJ942686.1	738	1920	1	2	3	738
KJ942686.1	771	1823	0	2	2	1823
KJ942686.1	834	1770	1	0	1	834
KJ942686.1	848	1943	0	1	1	1943
KJ942686.1	863	1800	1	1	2	863
KJ942686.1	897	1696	1	0	1	897
KJ942686.1	899	1815	0	1	1	1815
KJ942686.1	920	1744	0	3	3	1744
KJ942686.1	934	1743	3	3	6	934
KJ942686.1	993	1888	1	1	2	993
KJ942687.1	1060	1435	1	0	1	1060
KJ942687.1	1126	2110	1	0	1	1126
KJ942687.1	1184	2477	0	1	1	2477
KJ942687.1	1244	1546	1	0	1	1244
KJ942687.1	1267	1309	0	1	1	1309
KJ942687.1	1311	1889	0	1	1	1889
KJ942687.1	1822	2014	0	1	1	2014
KJ942687.1	1885	1915	9	6	15	1885
KJ942687.1	1926	1969	3	0	3	1926
KJ942687.1	2271	2341	2	0	2	2271
KJ942687.1	2310	2387	1	0	1	2310
KJ942687.1	2326	2349	17	4	21	2326
KJ942687.1	253	1909	1	0	1	253
KJ942687.1	262	2298	1	0	1	262
KJ942687.1	319	2179	0	2	2	2179
KJ942687.1	319	2349	1	0	1	319
KJ942687.1	326	2001	1	0	1	326
KJ942687.1	327	2329	0	9	9	2329
KJ942687.1	333	2364	4	10	14	333
KJ942687.1	338	2029	1	5	6	338
KJ942687.1	345	379	0	1	1	379
KJ942687.1	346	1738	0	1	1	1738
KJ942687.1	350	686	0	1	1	686
KJ942687.1	368	2124	0	9	9	2124
KJ942687.1	370	2271	0	6	6	2271
KJ942687.1	378	2295	0	1	1	2295
KJ942687.1	379	2070	0	1	1	2070
KJ942687.1	386	2210	0	7	7	2210
KJ942687.1	387	2376	1	1	2	387
KJ942687.1	389	2326	3	5	8	389
KJ942687.1	402	2328	1	7	8	402
KJ942687.1	423	525	0	1	1	525
KJ942687.1	426	1988	1	0	1	426
KJ942687.1	447	2250	5	24	29	447
KJ942687.1	451	2150	2	1	3	451
KJ942687.1	458	572	1	0	1	458
KJ942687.1	468	2293	0	1	1	2293
KJ942687.1	474	1842	4	1	5	474
KJ942687.1	475	568	1	0	1	475
KJ942687.1	478	2282	0	1	1	2282
KJ942687.1	480	1871	1	1	2	480
KJ942687.1	482	1696	0	1	1	1696
KJ942687.1	490	2152	1	0	1	490
KJ942687.1	504	2131	0	3	3	2131
KJ942687.1	510	2179	1	0	1	510
KJ942687.1	522	2224	2	3	5	522
KJ942687.1	530	2020	0	10	10	2020
KJ942687.1	532	581	0	1	1	581
KJ942687.1	533	2232	7	12	19	533
KJ942687.1	581	1971	2	1	3	581
KJ942687.1	581	2083	1	0	1	581
KJ942687.1	615	2117	3	5	8	615
KJ942687.1	628	1524	1	0	1	628
KJ942687.1	637	1962	2	0	2	637
KJ942687.1	653	1850	3	1	4	653
KJ942687.1	657	1917	1	0	1	657
KJ942687.1	657	2053	1	0	1	657
KJ942687.1	661	2042	0	3	3	2042
KJ942687.1	665	2134	0	1	1	2134
KJ942687.1	669	1956	2	2	4	669
KJ942687.1	685	1004	1	0	1	685
KJ942687.1	701	1936	1	0	1	701
KJ942687.1	709	1942	3	2	5	709
KJ942687.1	720	2085	1	4	5	720
KJ942687.1	722	1917	3	2	5	722
KJ942687.1	730	1893	1	1	2	730
KJ942687.1	735	1773	2	1	3	735
KJ942687.1	754	2092	1	0	1	754
KJ942687.1	774	2013	4	0	4	774
KJ942687.1	791	1929	3	0	3	791
KJ942687.1	795	1828	1	0	1	795
KJ942687.1	823	1855	2	0	2	823
KJ942687.1	851	1734	3	0	3	851
KJ942687.1	863	1875	1	1	2	863
KJ942687.1	867	928	1	1	2	867
KJ942687.1	871	1876	5	2	7	871
KJ942687.1	884	1277	1	0	1	884
KJ942687.1	885	2219	5	4	9	885
KJ942687.1	917	1847	5	6	11	917
KJ942687.1	920	1987	4	0	4	920
KJ942687.1	959	1588	4	1	5	959
KJ942687.1	981	1192	0	1	1	1192
KJ942687.1	997	1761	1	1	2	997
