Segment	Start	Stop	Forward_support	Reverse_support	Total_support	Fuzz_factor
CY121496.1	1051	1344	0	1	1	1344
CY121496.1	1096	1589	1	0	1	1096
CY121496.1	1112	1458	0	1	1	1458
CY121496.1	1130	1261	0	1	1	1261
CY121496.1	1150	1599	1	0	1	1150
CY121496.1	1177	1608	1	0	1	1177
CY121496.1	1191	1663	1	0	1	1191
CY121496.1	1199	1285	1	0	1	1199
CY121496.1	1233	1643	1	0	1	1233
CY121496.1	1303	1508	0	1	1	1508
CY121496.1	1351	1897	0	1	1	1897
CY121496.1	1354	1413	7	7	14	1354
CY121496.1	1367	1392	11	8	19	1367
CY121496.1	1427	1496	1	0	1	1427
CY121496.1	1473	1614	0	1	1	1614
CY121496.1	1492	1616	0	1	1	1616
CY121496.1	1494	1708	0	1	1	1708
CY121496.1	1508	1818	1	0	1	1508
CY121496.1	1535	1567	0	1	1	1567
CY121496.1	1557	1782	1	0	1	1557
CY121496.1	1567	1710	1	0	1	1567
CY121496.1	1585	1807	0	1	1	1807
CY121496.1	1640	1756	1	0	1	1640
CY121496.1	1726	1750	1	0	1	1726
CY121496.1	1801	1904	0	1	1	1904
CY121496.1	245	1856	1	0	1	245
CY121496.1	285	610	1	0	1	285
CY121496.1	306	1688	0	4	4	1688
CY121496.1	344	626	0	1	1	626
CY121496.1	355	525	0	1	1	525
CY121496.1	367	1514	1	0	1	367
CY121496.1	388	1899	0	1	1	1899
CY121496.1	395	1640	1	0	1	395
CY121496.1	401	1475	0	1	1	1475
CY121496.1	402	566	1	0	1	402
CY121496.1	420	1283	0	1	1	1283
CY121496.1	439	1365	1	0	1	439
CY121496.1	441	933	1	0	1	441
CY121496.1	474	544	0	1	1	544
CY121496.1	481	860	0	1	1	860
CY121496.1	525	1809	1	0	1	525
CY121496.1	526	1411	5	1	6	526
CY121496.1	532	669	1	0	1	532
CY121496.1	553	912	0	1	1	912
CY121496.1	555	1190	0	1	1	1190
CY121496.1	586	931	0	1	1	931
CY121496.1	597	802	1	0	1	597
CY121496.1	599	865	0	1	1	865
CY121496.1	611	999	1	0	1	611
CY121496.1	614	1600	1	0	1	614
CY121496.1	617	1572	1	0	1	617
CY121496.1	680	1039	1	0	1	680
CY121496.1	686	1656	1	0	1	686
CY121496.1	710	1563	1	0	1	710
CY121496.1	710	1665	0	1	1	1665
CY121496.1	715	1448	1	0	1	715
CY121496.1	717	789	0	1	1	789
CY121496.1	718	1317	1	0	1	718
CY121496.1	762	1706	1	0	1	762
CY121496.1	776	1020	0	1	1	1020
CY121496.1	778	1122	0	1	1	1122
CY121496.1	778	1537	0	1	1	1537
CY121496.1	786	1708	0	1	1	1708
CY121496.1	812	1138	0	1	1	1138
CY121496.1	822	1469	0	1	1	1469
CY121496.1	826	1712	0	1	1	1712
CY121496.1	888	1048	1	0	1	888
CY121496.1	903	1089	1	0	1	903
CY121496.1	948	1250	1	0	1	948
CY121496.1	964	1660	1	0	1	964
CY121496.1	979	1536	1	0	1	979
CY121496.1	988	1478	1	0	1	988
CY121497.1	246	539	1	0	1	246
CY121497.1	249	531	1	0	1	249
CY121497.1	250	952	1	0	1	250
CY121497.1	257	551	8	0	8	257
CY121497.1	264	379	1	0	1	264
CY121497.1	272	554	25	4	29	272
CY121497.1	273	383	1	0	1	273
CY121497.1	274	1082	1	0	1	274
CY121497.1	282	702	1	0	1	282
CY121497.1	283	983	1	1	2	283
CY121497.1	297	730	1	0	1	297
CY121497.1	301	463	0	1	1	463
CY121497.1	336	569	0	1	1	569
CY121497.1	350	576	7	18	25	350
CY121497.1	360	386	0	1	1	386
CY121497.1	397	1097	0	1	1	1097
CY121497.1	430	665	1	1	2	430
CY121497.1	431	1085	1	0	1	431
CY121497.1	437	816	0	4	4	816
CY121497.1	438	557	1	0	1	438
CY121497.1	441	811	0	1	1	811
CY121497.1	445	617	0	1	1	617
CY121497.1	450	734	1	0	1	450
CY121497.1	453	1093	1	0	1	453
CY121497.1	464	647	0	1	1	647
CY121497.1	471	688	0	1	1	688
CY121497.1	480	840	0	1	1	840
CY121497.1	482	875	0	1	1	875
CY121497.1	483	1149	0	1	1	1149
CY121497.1	484	678	1	0	1	484
CY121497.1	486	865	1	0	1	486
CY121497.1	488	979	0	1	1	979
CY121497.1	495	563	0	1	1	563
CY121497.1	502	849	1	0	1	502
CY121497.1	503	686	0	1	1	686
CY121497.1	514	629	1	0	1	514
CY121497.1	514	734	0	1	1	734
CY121497.1	520	700	0	1	1	700
CY121497.1	523	691	0	1	1	691
CY121497.1	526	853	0	1	1	853
CY121497.1	528	733	1	0	1	528
CY121497.1	545	1053	1	0	1	545
CY121497.1	557	1110	1	0	1	557
CY121497.1	557	632	1	1	2	557
CY121497.1	575	887	0	1	1	887
CY121497.1	576	1000	0	1	1	1000
CY121497.1	581	1019	1	0	1	581
CY121497.1	582	659	0	1	1	659
CY121497.1	584	1084	1	0	1	584
CY121497.1	587	636	5	5	10	587
CY121497.1	609	679	1	0	1	609
CY121497.1	644	734	1	0	1	644
CY121497.1	657	958	1	0	1	657
CY121497.1	667	1108	1	0	1	667
CY121497.1	669	1064	0	1	1	1064
CY121497.1	679	1167	0	1	1	1167
CY121497.1	682	818	11	22	33	682
CY121497.1	688	842	10	6	16	688
CY121497.1	689	972	0	1	1	972
CY121497.1	703	845	0	1	1	845
CY121497.1	708	973	1	0	1	708
CY121497.1	712	909	1	0	1	712
CY121497.1	712	961	1	0	1	712
CY121497.1	721	863	0	1	1	863
CY121497.1	723	1073	1	0	1	723
CY121497.1	725	856	0	1	1	856
CY121497.1	746	1040	1	0	1	746
CY121497.1	748	1100	1	0	1	748
CY121497.1	751	961	0	1	1	961
CY121497.1	754	848	1	0	1	754
CY121497.1	756	856	0	1	1	856
CY121497.1	762	862	2	2	4	762
CY121497.1	769	1071	1	0	1	769
CY121497.1	769	821	2	0	2	769
CY121497.1	773	817	0	1	1	817
CY121497.1	780	823	1	0	1	780
CY121497.1	786	1070	0	1	1	1070
CY121497.1	786	853	1	0	1	786
CY121497.1	800	1088	1	0	1	800
CY121497.1	806	1092	1	0	1	806
CY121497.1	843	1085	1	0	1	843
CY121497.1	877	939	1	0	1	877
CY121497.1	884	1015	4	6	10	884
CY121497.1	887	987	1	0	1	887
CY121497.1	917	1019	1	0	1	917
CY121497.1	917	1149	0	1	1	1149
CY121497.1	922	1041	0	1	1	1041
CY121497.1	928	1113	1	0	1	928
CY121497.1	933	1044	0	1	1	1044
CY121497.1	938	966	1	1	2	938
CY121497.1	954	1005	5	5	10	954
CY121498.1	1022	1098	1	0	1	1022
CY121498.1	1031	1197	1	0	1	1031
CY121498.1	1046	1603	0	1	1	1603
CY121498.1	1087	1134	0	1	1	1134
CY121498.1	1149	1476	1	0	1	1149
CY121498.1	1158	1509	1	0	1	1158
CY121498.1	1202	1396	0	1	1	1396
CY121498.1	1227	1476	1	0	1	1227
CY121498.1	1317	1341	1	0	1	1317
CY121498.1	1358	1523	1	0	1	1358
CY121498.1	1419	1578	0	1	1	1578
CY121498.1	279	317	1	0	1	279
CY121498.1	290	1328	1	0	1	290
CY121498.1	328	1339	1	0	1	328
CY121498.1	341	1031	0	1	1	1031
CY121498.1	350	699	0	1	1	699
CY121498.1	367	464	0	1	1	464
CY121498.1	419	1062	0	1	1	1062
CY121498.1	421	1354	0	1	1	1354
CY121498.1	431	895	1	0	1	431
CY121498.1	439	1502	0	1	1	1502
CY121498.1	450	718	0	1	1	718
CY121498.1	462	1519	1	0	1	462
CY121498.1	468	1356	11	10	21	468
CY121498.1	480	1369	0	1	1	1369
CY121498.1	486	1375	0	1	1	1375
CY121498.1	489	704	0	1	1	704
CY121498.1	532	1021	1	0	1	532
CY121498.1	554	1012	1	0	1	554
CY121498.1	579	851	0	1	1	851
CY121498.1	580	712	1	0	1	580
CY121498.1	604	1246	0	1	1	1246
CY121498.1	613	1475	1	0	1	613
CY121498.1	631	981	0	1	1	981
CY121498.1	661	743	0	1	1	743
CY121498.1	713	947	1	0	1	713
CY121498.1	783	1086	0	1	1	1086
CY121498.1	786	1585	0	1	1	1585
CY121498.1	866	1370	1	0	1	866
CY121498.1	890	1080	1	0	1	890
CY121498.1	996	1465	1	0	1	996
CY121499.1	1014	1173	1	0	1	1014
CY121499.1	1047	1462	0	1	1	1462
CY121499.1	1088	1324	1	0	1	1088
CY121499.1	1088	1670	0	1	1	1670
CY121499.1	1125	1598	1	0	1	1125
CY121499.1	1141	1443	1	0	1	1141
CY121499.1	1196	1302	1	0	1	1196
CY121499.1	1204	1444	0	1	1	1444
CY121499.1	1288	1393	0	1	1	1393
CY121499.1	1419	1574	0	1	1	1574
CY121499.1	1482	1637	1	0	1	1482
CY121499.1	1540	1638	0	1	1	1638
CY121499.1	1566	1719	0	1	1	1719
CY121499.1	312	519	0	1	1	519
CY121499.1	331	1421	1	0	1	331
CY121499.1	350	1421	0	1	1	1421
CY121499.1	359	1571	3	6	9	359
CY121499.1	368	1067	0	1	1	1067
CY121499.1	370	1063	1	0	1	370
CY121499.1	374	1082	1	0	1	374
CY121499.1	376	1207	0	1	1	1207
CY121499.1	393	1105	9	25	34	393
CY121499.1	394	418	1	0	1	394
CY121499.1	395	815	10	7	17	395
CY121499.1	404	1371	1	0	1	404
CY121499.1	415	755	0	1	1	755
CY121499.1	421	865	1	0	1	421
CY121499.1	427	1706	0	1	1	1706
CY121499.1	431	1502	0	1	1	1502
CY121499.1	466	940	1	0	1	466
CY121499.1	493	1006	1	0	1	493
CY121499.1	494	1498	0	1	1	1498
CY121499.1	496	1148	1	0	1	496
CY121499.1	522	1554	0	1	1	1554
CY121499.1	524	1696	0	1	1	1696
CY121499.1	525	903	1	1	2	525
CY121499.1	533	1135	0	1	1	1135
CY121499.1	535	1665	0	1	1	1665
CY121499.1	542	1176	0	1	1	1176
CY121499.1	544	609	1	0	1	544
CY121499.1	585	1649	0	1	1	1649
CY121499.1	590	839	0	1	1	839
CY121499.1	594	1208	0	1	1	1208
CY121499.1	595	1236	1	0	1	595
CY121499.1	637	865	1	0	1	637
CY121499.1	644	786	1	0	1	644
CY121499.1	657	927	1	0	1	657
CY121499.1	659	750	1	0	1	659
CY121499.1	698	945	0	1	1	945
CY121499.1	705	952	1	0	1	705
CY121499.1	723	1502	0	1	1	1502
CY121499.1	730	762	1	0	1	730
CY121499.1	767	966	1	0	1	767
CY121499.1	770	1134	1	0	1	770
CY121499.1	770	1424	0	1	1	1424
CY121499.1	800	884	1	0	1	800
CY121499.1	805	1063	1	0	1	805
CY121499.1	807	1149	0	1	1	1149
CY121499.1	833	1675	0	1	1	1675
CY121499.1	840	1682	0	1	1	1682
CY121499.1	842	1356	0	1	1	1356
CY121499.1	844	1121	0	1	1	1121
CY121499.1	878	1627	0	1	1	1627
CY121499.1	878	921	0	1	1	921
CY121499.1	899	1494	0	1	1	1494
CY121499.1	901	1006	1	0	1	901
CY121499.1	904	1045	4	3	7	904
CY121499.1	914	1302	0	1	1	1302
CY121499.1	940	1030	0	1	1	1030
CY121499.1	941	1056	1	1	2	941
CY121499.1	954	1364	0	1	1	1364
CY121499.1	963	1270	0	1	1	1270
CY121499.1	964	1050	1	0	1	964
CY121499.1	981	1527	1	0	1	981
CY121499.1	999	1261	0	1	1	1261
CY121500.1	317	357	1	0	1	317
CY121500.1	333	397	0	1	1	397
CY121500.1	351	558	1	0	1	351
CY121500.1	380	868	16	44	60	380
CY121500.1	419	515	3	12	15	419
CY121500.1	445	787	0	1	1	787
CY121500.1	468	909	0	1	1	909
CY121500.1	486	698	1	0	1	486
CY121500.1	502	732	1	0	1	502
CY121500.1	514	743	17	21	38	514
CY121500.1	522	749	0	2	2	749
CY121500.1	526	555	12	12	24	526
CY121500.1	556	936	1	0	1	556
CY121500.1	561	704	1	0	1	561
CY121500.1	567	768	0	1	1	768
CY121500.1	569	937	0	1	1	937
CY121501.1	1008	1077	1	0	1	1008
CY121501.1	1113	1192	0	1	1	1192
CY121501.1	1134	1823	1	0	1	1134
CY121501.1	1164	1386	1	0	1	1164
CY121501.1	1170	1550	0	1	1	1550
CY121501.1	1227	1405	1	0	1	1227
CY121501.1	1265	1857	1	0	1	1265
CY121501.1	1410	2147	0	1	1	2147
CY121501.1	1418	2045	1	0	1	1418
CY121501.1	1494	2039	1	0	1	1494
CY121501.1	1513	1806	0	1	1	1806
CY121501.1	1521	1679	1	0	1	1521
CY121501.1	1613	2029	1	0	1	1613
CY121501.1	1758	1785	1	0	1	1758
CY121501.1	1774	1927	1	0	1	1774
CY121501.1	1829	2064	3	3	6	1829
CY121501.1	1853	1949	1	0	1	1853
CY121501.1	1856	1952	5	7	12	1856
CY121501.1	1866	2188	0	1	1	2188
CY121501.1	2110	2169	20	10	30	2110
CY121501.1	2238	2293	11	2	13	2238
CY121501.1	2259	2321	1	1	2	2259
CY121501.1	239	1788	1	0	1	239
CY121501.1	262	2012	1	0	1	262
CY121501.1	275	2034	1	0	1	275
CY121501.1	275	2347	2	7	9	275
CY121501.1	278	2215	1	0	1	278
CY121501.1	282	2240	6	0	6	282
CY121501.1	284	2267	4	0	4	284
CY121501.1	286	2061	25	21	46	286
CY121501.1	289	313	5	11	16	289
CY121501.1	295	2228	1	0	1	295
CY121501.1	297	2321	1	0	1	297
CY121501.1	335	2146	9	12	21	335
CY121501.1	337	367	0	4	4	367
CY121501.1	338	2294	6	6	12	338
CY121501.1	348	1625	0	1	1	1625
CY121501.1	368	1637	0	1	1	1637
CY121501.1	369	2268	9	6	15	369
CY121501.1	388	1694	1	0	1	388
CY121501.1	390	622	1	0	1	390
CY121501.1	418	465	6	6	12	418
CY121501.1	442	2081	1	0	1	442
CY121501.1	451	2092	9	27	36	451
CY121501.1	455	2091	8	18	26	455
CY121501.1	481	1954	1	0	1	481
CY121501.1	481	1955	6	1	7	481
CY121501.1	486	2147	0	3	3	2147
CY121501.1	503	2159	0	1	1	2159
CY121501.1	503	556	22	4	26	503
CY121501.1	517	2117	1	0	1	517
CY121501.1	553	1960	11	1	12	553
CY121501.1	557	1829	7	5	12	557
CY121501.1	565	2003	1	0	1	565
CY121501.1	578	2001	1	0	1	578
CY121501.1	585	2359	0	1	1	2359
CY121501.1	586	1862	1	0	1	586
CY121501.1	586	1963	2	0	2	586
CY121501.1	598	2004	3	0	3	598
CY121501.1	608	2011	67	36	103	608
CY121501.1	610	1819	0	1	1	1819
CY121501.1	619	1953	24	8	32	619
CY121501.1	620	1854	1	0	1	620
CY121501.1	625	1151	1	0	1	625
CY121501.1	629	1891	2	0	2	629
CY121501.1	647	2037	0	2	2	2037
CY121501.1	649	1897	69	64	133	649
CY121501.1	696	856	14	35	49	696
CY121501.1	701	1997	1	0	1	701
CY121501.1	703	1364	1	0	1	703
CY121501.1	730	1756	2	2	4	730
CY121501.1	730	1897	3	10	13	730
CY121501.1	733	2138	1	0	1	733
CY121501.1	767	2164	2	0	2	767
CY121501.1	771	2168	16	18	34	771
CY121501.1	773	2170	1	0	1	773
CY121501.1	783	1003	2	0	2	783
CY121501.1	784	1744	36	10	46	784
CY121501.1	787	972	5	2	7	787
CY121501.1	836	1852	1	0	1	836
CY121501.1	847	1769	0	1	1	1769
CY121501.1	863	1295	0	1	1	1295
CY121501.1	871	1328	1	0	1	871
CY121501.1	880	1979	9	13	22	880
CY121501.1	894	1991	1	0	1	894
CY121501.1	895	1595	0	1	1	1595
CY121501.1	897	1854	0	1	1	1854
CY121501.1	914	2005	1	0	1	914
CY121501.1	917	1669	2	1	3	917
CY121501.1	920	2033	20	19	39	920
CY121501.1	924	1546	2	1	3	924
CY121501.1	952	1981	0	1	1	1981
CY121501.1	953	1966	1	0	1	953
CY121501.1	991	2050	0	1	1	2050
CY121502.1	1036	2413	0	1	1	2413
CY121502.1	1128	1614	1	0	1	1128
CY121502.1	1166	2230	0	1	1	2230
CY121502.1	1197	2104	0	1	1	2104
CY121502.1	1231	1504	0	1	1	1504
CY121502.1	1267	1383	0	1	1	1383
CY121502.1	1274	2389	1	0	1	1274
CY121502.1	1279	2250	1	0	1	1279
CY121502.1	1366	2453	0	1	1	2453
CY121502.1	1379	2063	0	1	1	2063
CY121502.1	1401	2187	1	1	2	1401
CY121502.1	1427	1682	1	0	1	1427
CY121502.1	1481	1631	1	0	1	1481
CY121502.1	1498	2344	0	1	1	2344
CY121502.1	1742	2146	0	1	1	2146
CY121502.1	2066	2195	7	7	14	2066
CY121502.1	2071	2405	0	1	1	2405
CY121502.1	2285	2315	8	2	10	2285
CY121502.1	284	1878	1	0	1	284
CY121502.1	294	2371	3	0	3	294
CY121502.1	329	826	1	0	1	329
CY121502.1	369	1326	1	0	1	369
CY121502.1	383	2235	1	0	1	383
CY121502.1	386	446	3	1	4	386
CY121502.1	389	1320	0	1	1	1320
CY121502.1	391	1923	10	4	14	391
CY121502.1	397	2126	1	0	1	397
CY121502.1	397	2248	3	2	5	397
CY121502.1	408	2137	1	0	1	408
CY121502.1	420	2243	1	0	1	420
CY121502.1	428	657	1	0	1	428
CY121502.1	440	1992	6	3	9	440
CY121502.1	641	809	1	0	1	641
CY121502.1	667	1635	1	0	1	667
CY121502.1	705	1379	0	1	1	1379
CY121502.1	706	1152	1	0	1	706
CY121502.1	721	1376	1	0	1	721
CY121502.1	746	2478	0	1	1	2478
CY121502.1	774	1408	1	0	1	774
CY121502.1	897	2042	0	1	1	2042
CY121502.1	901	1371	1	0	1	901
CY121502.1	917	1933	0	1	1	1933
CY121502.1	924	2145	1	0	1	924
CY121502.1	951	2099	8	23	31	951
CY121502.1	954	1079	0	1	1	1079
CY121502.1	970	1201	1	0	1	970
CY121503.1	1010	1368	0	1	1	1368
CY121503.1	1068	2449	0	1	1	2449
CY121503.1	1092	1458	0	1	1	1458
CY121503.1	1103	1912	0	1	1	1912
CY121503.1	1160	1649	1	0	1	1160
CY121503.1	1172	2151	2	6	8	1172
CY121503.1	1179	2164	6	13	19	1179
CY121503.1	1182	2154	5	7	12	1182
CY121503.1	1184	2090	4	1	5	1184
CY121503.1	1184	2093	56	77	133	1184
CY121503.1	1225	2111	0	1	1	2111
CY121503.1	1247	1775	1	0	1	1247
CY121503.1	1252	2080	0	1	1	2080
CY121503.1	1260	1729	1	0	1	1260
CY121503.1	1284	1306	1	3	4	1284
CY121503.1	1386	2378	1	0	1	1386
CY121503.1	1392	2036	5	6	11	1392
CY121503.1	1394	2040	46	54	100	1394
CY121503.1	1398	2193	1	0	1	1398
CY121503.1	1453	2008	0	1	1	2008
CY121503.1	1470	1579	0	1	1	1579
CY121503.1	1470	1702	1	0	1	1470
CY121503.1	1525	2196	0	1	1	2196
CY121503.1	1560	2087	3	1	4	1560
CY121503.1	1573	2150	3	5	8	1573
CY121503.1	1594	1771	0	1	1	1771
CY121503.1	1608	2123	1	1	2	1608
CY121503.1	1622	2335	0	1	1	2335
CY121503.1	1653	2147	1	0	1	1653
CY121503.1	1661	2255	0	1	1	2255
CY121503.1	1690	2082	3	1	4	1690
CY121503.1	1691	2099	0	2	2	2099
CY121503.1	1700	2038	1	0	1	1700
CY121503.1	1701	2037	1	8	9	1701
CY121503.1	1743	2061	1	0	1	1743
CY121503.1	1919	2078	0	1	1	2078
CY121503.1	1992	2281	1	0	1	1992
CY121503.1	282	305	8	4	12	282
CY121503.1	294	2457	0	4	4	2457
CY121503.1	333	1229	0	1	1	1229
CY121503.1	338	1803	1	0	1	338
CY121503.1	341	1425	0	1	1	1425
CY121503.1	349	806	0	1	1	806
CY121503.1	363	2080	0	1	1	2080
CY121503.1	372	1075	1	0	1	372
CY121503.1	375	2198	0	18	18	2198
CY121503.1	380	2377	0	2	2	2377
CY121503.1	381	2382	6	10	16	381
CY121503.1	385	2386	0	1	1	2386
CY121503.1	389	427	1	0	1	389
CY121503.1	393	1810	1	0	1	393
CY121503.1	397	1819	23	64	87	397
CY121503.1	398	1565	0	1	1	1565
CY121503.1	400	2398	0	1	1	2398
CY121503.1	425	1860	0	1	1	1860
CY121503.1	436	1230	0	1	1	1230
CY121503.1	453	2311	7	13	20	453
CY121503.1	484	1781	0	1	1	1781
CY121503.1	491	2359	3	6	9	491
CY121503.1	507	1427	1	0	1	507
CY121503.1	527	1795	1	0	1	527
CY121503.1	534	2079	0	1	1	2079
CY121503.1	547	1349	0	1	1	1349
CY121503.1	557	1715	0	1	1	1715
CY121503.1	559	838	1	0	1	559
CY121503.1	616	2221	0	1	1	2221
CY121503.1	667	2378	0	1	1	2378
CY121503.1	692	1416	1	0	1	692
CY121503.1	791	1168	0	1	1	1168
CY121503.1	797	2345	1	0	1	797
CY121503.1	798	1465	0	1	1	1465
CY121503.1	867	1629	1	0	1	867
CY121503.1	895	1837	0	2	2	1837
CY121503.1	944	1483	0	1	1	1483
CY121503.1	947	2449	0	1	1	2449
CY121503.1	962	1294	0	1	1	1294
