Segment	Start	Stop	Forward_support	Reverse_support	Total_support	Fuzz_factor
CY121496.1	1062	1717	0	1	1	1717
CY121496.1	1178	1874	0	1	1	1874
CY121496.1	1220	1585	0	1	1	1585
CY121496.1	1265	1676	0	1	1	1676
CY121496.1	1318	1653	1	0	1	1318
CY121496.1	1350	1831	0	1	1	1831
CY121496.1	1367	1392	1	1	2	1367
CY121496.1	1378	1707	1	0	1	1378
CY121496.1	1471	1691	0	1	1	1691
CY121496.1	1495	1775	1	0	1	1495
CY121496.1	1552	1820	1	0	1	1552
CY121496.1	298	1228	1	0	1	298
CY121496.1	320	1297	0	1	1	1297
CY121496.1	329	1705	11	40	51	329
CY121496.1	337	1721	1	0	1	337
CY121496.1	350	1389	0	1	1	1389
CY121496.1	351	1733	2	6	8	351
CY121496.1	361	1686	0	2	2	1686
CY121496.1	388	1633	0	1	1	1633
CY121496.1	406	1750	1	0	1	406
CY121496.1	427	1510	1	0	1	427
CY121496.1	476	1587	0	1	1	1587
CY121496.1	487	1046	1	0	1	487
CY121496.1	520	1489	1	1	2	520
CY121496.1	523	1605	0	1	1	1605
CY121496.1	529	1781	0	1	1	1781
CY121496.1	530	1500	17	10	27	530
CY121496.1	542	1739	1	0	1	542
CY121496.1	544	1809	1	0	1	544
CY121496.1	554	741	1	0	1	554
CY121496.1	570	1817	1	0	1	570
CY121496.1	671	1517	0	1	1	1517
CY121496.1	672	887	1	0	1	672
CY121496.1	772	1695	0	1	1	1695
CY121496.1	778	1701	0	1	1	1701
CY121496.1	808	1647	0	1	1	1647
CY121496.1	854	1781	1	0	1	854
CY121496.1	913	1394	0	1	1	1394
CY121496.1	989	1396	1	0	1	989
CY121496.1	999	1097	1	0	1	999
CY121497.1	1000	1073	1	0	1	1000
CY121497.1	1007	1105	0	1	1	1105
CY121497.1	250	1069	1	0	1	250
CY121497.1	262	829	1	0	1	262
CY121497.1	287	1095	1	0	1	287
CY121497.1	314	848	0	1	1	848
CY121497.1	317	849	1	0	1	317
CY121497.1	345	639	1	0	1	345
CY121497.1	346	911	0	1	1	911
CY121497.1	349	510	0	1	1	510
CY121497.1	358	1135	0	1	1	1135
CY121497.1	358	677	1	0	1	358
CY121497.1	358	921	1	0	1	358
CY121497.1	370	937	1	0	1	370
CY121497.1	378	655	0	1	1	655
CY121497.1	405	694	0	1	1	694
CY121497.1	406	820	1	0	1	406
CY121497.1	433	982	0	1	1	982
CY121497.1	436	539	0	1	1	539
CY121497.1	437	816	10	23	33	437
CY121497.1	466	491	1	0	1	466
CY121497.1	476	693	0	1	1	693
CY121497.1	480	1104	0	1	1	1104
CY121497.1	481	654	0	1	1	654
CY121497.1	486	801	1	0	1	486
CY121497.1	486	903	0	1	1	903
CY121497.1	488	586	1	0	1	488
CY121497.1	503	962	0	1	1	962
CY121497.1	515	1083	0	1	1	1083
CY121497.1	519	663	0	1	1	663
CY121497.1	526	865	0	1	1	865
CY121497.1	530	1013	0	1	1	1013
CY121497.1	535	781	0	1	1	781
CY121497.1	567	954	0	1	1	954
CY121497.1	581	868	1	0	1	581
CY121497.1	592	796	3	10	13	592
CY121497.1	613	1071	1	1	2	613
CY121497.1	625	713	1	1	2	625
CY121497.1	632	960	4	4	8	632
CY121497.1	641	732	0	1	1	732
CY121497.1	650	756	1	0	1	650
CY121497.1	672	885	1	0	1	672
CY121497.1	680	777	0	1	1	777
CY121497.1	682	818	3	3	6	682
CY121497.1	688	842	3	8	11	688
CY121497.1	703	1127	1	0	1	703
CY121497.1	704	763	1	1	2	704
CY121497.1	715	822	1	3	4	715
CY121497.1	721	863	3	2	5	721
CY121497.1	751	1178	0	1	1	1178
CY121497.1	761	823	0	1	1	823
CY121497.1	793	836	3	0	3	793
CY121497.1	799	935	1	0	1	799
CY121497.1	827	855	1	0	1	827
CY121497.1	831	901	1	0	1	831
CY121497.1	884	1015	7	2	9	884
CY121497.1	927	1043	4	1	5	927
CY121497.1	955	1137	0	1	1	1137
CY121498.1	1339	1444	0	1	1	1444
CY121498.1	1345	1429	0	1	1	1429
CY121498.1	287	1473	12	2	14	287
CY121498.1	289	1260	15	5	20	289
CY121498.1	329	1409	4	12	16	329
CY121498.1	375	803	1	0	1	375
CY121498.1	375	896	1	0	1	375
CY121498.1	399	882	1	0	1	399
CY121498.1	402	1063	0	1	1	1063
CY121498.1	408	904	1	0	1	408
CY121498.1	416	862	1	0	1	416
CY121498.1	419	917	6	3	9	419
CY121498.1	488	1090	0	1	1	1090
CY121498.1	497	878	1	0	1	497
CY121498.1	510	645	1	0	1	510
CY121498.1	538	1404	1	0	1	538
CY121498.1	583	1161	0	1	1	1161
CY121498.1	676	1114	1	0	1	676
CY121498.1	746	860	1	0	1	746
CY121498.1	892	1124	1	0	1	892
CY121498.1	990	1235	1	0	1	990
CY121499.1	1070	1620	1	0	1	1070
CY121499.1	1212	1306	0	1	1	1306
CY121499.1	1219	1541	0	1	1	1541
CY121499.1	1223	1602	0	1	1	1602
CY121499.1	1311	1355	1	0	1	1311
CY121499.1	1319	1401	0	1	1	1401
CY121499.1	1391	1522	0	1	1	1522
CY121499.1	1397	1541	0	1	1	1541
CY121499.1	1420	1574	1	0	1	1420
CY121499.1	1480	1513	1	0	1	1480
CY121499.1	244	1577	1	0	1	244
CY121499.1	246	782	1	0	1	246
CY121499.1	264	1460	1	0	1	264
CY121499.1	284	819	1	0	1	284
CY121499.1	310	1471	1	0	1	310
CY121499.1	315	1389	0	1	1	1389
CY121499.1	321	1457	1	0	1	321
CY121499.1	326	1011	0	1	1	1011
CY121499.1	346	1172	1	0	1	346
CY121499.1	348	1590	0	1	1	1590
CY121499.1	349	800	0	1	1	800
CY121499.1	402	1297	1	0	1	402
CY121499.1	403	1450	1	0	1	403
CY121499.1	403	1561	0	1	1	1561
CY121499.1	404	670	1	0	1	404
CY121499.1	423	942	2	0	2	423
CY121499.1	430	1452	1	0	1	430
CY121499.1	434	910	1	0	1	434
CY121499.1	442	733	0	1	1	733
CY121499.1	447	1379	1	1	2	447
CY121499.1	501	1338	0	1	1	1338
CY121499.1	542	1222	1	0	1	542
CY121499.1	548	1358	1	0	1	548
CY121499.1	557	1066	0	1	1	1066
CY121499.1	558	814	1	0	1	558
CY121499.1	594	1149	1	0	1	594
CY121499.1	603	978	0	1	1	978
CY121499.1	604	1209	0	1	1	1209
CY121499.1	621	752	0	1	1	752
CY121499.1	622	814	0	1	1	814
CY121499.1	637	1261	0	1	1	1261
CY121499.1	734	1206	1	0	1	734
CY121499.1	740	1470	0	1	1	1470
CY121499.1	743	822	1	0	1	743
CY121499.1	756	1150	0	1	1	1150
CY121499.1	761	1401	0	1	1	1401
CY121499.1	763	966	0	1	1	966
CY121499.1	767	1390	0	1	1	1390
CY121499.1	789	1241	1	0	1	789
CY121499.1	805	1184	1	0	1	805
CY121499.1	843	1624	1	0	1	843
CY121499.1	865	1329	1	0	1	865
CY121499.1	870	1225	1	0	1	870
CY121499.1	883	983	0	1	1	983
CY121499.1	895	1333	1	0	1	895
CY121499.1	944	1095	2	2	4	944
CY121499.1	964	1050	1	1	2	964
CY121499.1	972	1045	2	0	2	972
CY121500.1	236	929	46	1	47	236
CY121500.1	256	789	1	0	1	256
CY121500.1	286	405	1	0	1	286
CY121500.1	332	866	15	42	57	332
CY121500.1	360	888	0	1	1	888
CY121500.1	365	893	0	1	1	893
CY121500.1	378	908	0	1	1	908
CY121500.1	408	1027	0	1	1	1027
CY121500.1	474	844	10	1	11	474
CY121500.1	495	784	0	1	1	784
CY121500.1	502	732	1	0	1	502
CY121500.1	514	743	17	18	35	514
CY121500.1	523	561	0	1	1	561
CY121500.1	530	891	1	0	1	530
CY121500.1	562	746	1	0	1	562
CY121500.1	648	697	0	1	1	697
CY121500.1	669	952	0	1	1	952
CY121501.1	1046	1765	1	0	1	1046
CY121501.1	1060	2342	1	0	1	1060
CY121501.1	1063	1880	0	1	1	1880
CY121501.1	1075	2357	0	1	1	2357
CY121501.1	1090	2372	0	4	4	2372
CY121501.1	1256	1386	0	1	1	1386
CY121501.1	1260	1649	6	4	10	1260
CY121501.1	1281	1707	1	0	1	1281
CY121501.1	1425	1513	0	1	1	1513
CY121501.1	1570	2297	1	1	2	1570
CY121501.1	1655	2378	0	1	1	2378
CY121501.1	1685	2291	1	1	2	1685
CY121501.1	1724	1756	1	2	3	1724
CY121501.1	1905	2247	0	1	1	2247
CY121501.1	1938	2051	1	0	1	1938
CY121501.1	1941	2160	0	1	1	2160
CY121501.1	1960	2027	1	0	1	1960
CY121501.1	1964	2065	32	168	200	1964
CY121501.1	2119	2155	13	4	17	2119
CY121501.1	2134	2182	9	33	42	2134
CY121501.1	2148	2273	11	0	11	2148
CY121501.1	2283	2312	14	1	15	2283
CY121501.1	283	1686	1	0	1	283
CY121501.1	284	336	1	0	1	284
CY121501.1	287	2287	1	0	1	287
CY121501.1	288	1951	1	0	1	288
CY121501.1	293	370	41	22	63	293
CY121501.1	306	339	0	25	25	339
CY121501.1	330	2179	16	96	112	330
CY121501.1	331	2156	3	31	34	331
CY121501.1	333	2182	0	1	1	2182
CY121501.1	335	2224	0	2	2	2224
CY121501.1	336	2071	4	28	32	336
CY121501.1	336	2184	1	14	15	336
CY121501.1	337	367	0	15	15	367
CY121501.1	338	1403	1	0	1	338
CY121501.1	343	2141	1	0	1	343
CY121501.1	345	2180	0	2	2	2180
CY121501.1	348	2170	0	1	1	2170
CY121501.1	348	752	0	1	1	752
CY121501.1	350	2190	0	2	2	2190
CY121501.1	360	2155	0	1	1	2155
CY121501.1	360	2165	16	106	122	360
CY121501.1	361	2200	0	1	1	2200
CY121501.1	362	1529	1	0	1	362
CY121501.1	362	2142	6	43	49	362
CY121501.1	365	2138	0	1	1	2138
CY121501.1	366	2173	15	16	31	366
CY121501.1	369	2162	0	1	1	2162
CY121501.1	370	2233	0	1	1	2233
CY121501.1	375	2161	0	1	1	2161
CY121501.1	385	1736	0	1	1	1736
CY121501.1	385	2158	3	23	26	385
CY121501.1	385	2179	3	21	24	385
CY121501.1	387	2142	5	43	48	387
CY121501.1	387	2149	0	1	1	2149
CY121501.1	390	1305	0	1	1	1305
CY121501.1	390	2151	5	45	50	390
CY121501.1	395	1999	0	1	1	1999
CY121501.1	395	419	4	28	32	395
CY121501.1	396	1888	1	0	1	396
CY121501.1	405	2283	2	3	5	405
CY121501.1	406	2166	0	3	3	2166
CY121501.1	407	1897	10	125	135	407
CY121501.1	407	502	1	3	4	407
CY121501.1	432	2176	0	1	1	2176
CY121501.1	441	1837	0	1	1	1837
CY121501.1	444	2180	0	1	1	2180
CY121501.1	445	503	2	32	34	445
CY121501.1	449	1810	2	11	13	449
CY121501.1	450	2149	5	33	38	450
CY121501.1	455	2032	11	22	33	455
CY121501.1	457	2061	30	71	101	457
CY121501.1	462	2002	11	21	32	462
CY121501.1	479	2029	5	13	18	479
CY121501.1	480	2018	0	1	1	2018
CY121501.1	483	2047	1	0	1	483
CY121501.1	483	2082	0	2	2	2082
CY121501.1	486	2147	1	0	1	486
CY121501.1	489	2042	0	1	1	2042
CY121501.1	489	2045	8	14	22	489
CY121501.1	489	2150	8	10	18	489
CY121501.1	502	558	17	20	37	502
CY121501.1	505	2072	7	5	12	505
CY121501.1	505	559	9	9	18	505
CY121501.1	514	2034	12	12	24	514
CY121501.1	514	2066	11	9	20	514
CY121501.1	516	2033	4	5	9	516
CY121501.1	529	1342	0	1	1	1342
CY121501.1	548	1942	14	14	28	548
CY121501.1	554	2045	1	4	5	554
CY121501.1	556	2011	0	12	12	2011
CY121501.1	557	1943	3	1	4	557
CY121501.1	559	2042	64	62	126	559
CY121501.1	562	1993	31	31	62	562
CY121501.1	564	2053	0	2	2	2053
CY121501.1	580	1995	15	13	28	580
CY121501.1	596	2053	0	1	1	2053
CY121501.1	601	1551	0	1	1	1551
CY121501.1	601	2015	0	1	1	2015
CY121501.1	608	1952	1	1	2	608
CY121501.1	609	2066	9	14	23	609
CY121501.1	641	2070	1	0	1	641
CY121501.1	644	2073	0	1	1	2073
CY121501.1	651	1768	2	0	2	651
CY121501.1	655	1776	9	5	14	655
CY121501.1	668	1978	10	11	21	668
CY121501.1	671	1754	0	1	1	1754
CY121501.1	673	1983	0	1	1	1983
CY121501.1	676	1808	0	1	1	1808
CY121501.1	688	1793	0	1	1	1793
CY121501.1	697	1358	1	0	1	697
CY121501.1	712	1646	3	8	11	712
CY121501.1	713	1865	2	0	2	713
CY121501.1	733	1861	5	10	15	733
CY121501.1	763	1687	0	1	1	1687
CY121501.1	811	1495	1	0	1	811
CY121501.1	812	1703	1	0	1	812
CY121501.1	816	1712	1	0	1	816
CY121501.1	819	2113	0	1	1	2113
CY121501.1	825	1721	1	0	1	825
CY121501.1	826	1999	0	1	1	1999
CY121501.1	842	2204	1	0	1	842
CY121501.1	852	1726	20	17	37	852
CY121501.1	887	1739	5	8	13	887
CY121502.1	1108	2259	1	0	1	1108
CY121502.1	1172	1813	1	0	1	1172
CY121502.1	1277	1343	1	0	1	1277
CY121502.1	1333	1402	3	3	6	1333
CY121502.1	1453	2295	0	1	1	2295
CY121502.1	1470	2134	0	1	1	2134
CY121502.1	1518	1684	0	1	1	1684
CY121502.1	1693	2375	0	1	1	2375
CY121502.1	1744	2366	0	1	1	2366
CY121502.1	1745	2190	2	1	3	1745
CY121502.1	1777	2461	0	1	1	2461
CY121502.1	1913	2176	0	1	1	2176
CY121502.1	2326	2348	31	4	35	2326
CY121502.1	2349	2392	1	0	1	2349
CY121502.1	2428	2456	2	10	12	2428
CY121502.1	252	341	16	0	16	252
CY121502.1	252	347	24	0	24	252
CY121502.1	252	398	19	0	19	252
CY121502.1	253	278	11	1	12	253
CY121502.1	261	294	21	1	22	261
CY121502.1	278	2431	27	0	27	278
CY121502.1	325	1808	1	0	1	325
CY121502.1	325	2361	3	4	7	325
CY121502.1	328	1639	1	0	1	328
CY121502.1	339	1838	1	0	1	339
CY121502.1	341	2472	0	1	1	2472
CY121502.1	346	619	2	0	2	346
CY121502.1	353	1507	1	0	1	353
CY121502.1	356	2328	6	2	8	356
CY121502.1	362	2339	9	5	14	362
CY121502.1	366	1521	0	1	1	1521
CY121502.1	371	1945	0	1	1	1945
CY121502.1	374	1931	1	0	1	374
CY121502.1	375	1299	1	0	1	375
CY121502.1	383	1305	1	0	1	383
CY121502.1	397	2348	4	4	8	397
CY121502.1	397	2360	1	5	6	397
CY121502.1	397	2429	4	0	4	397
CY121502.1	406	2279	12	6	18	406
CY121502.1	410	1523	0	1	1	1523
CY121502.1	416	2193	7	9	16	416
CY121502.1	418	2182	4	0	4	418
CY121502.1	433	1580	0	1	1	1580
CY121502.1	436	1320	1	0	1	436
CY121502.1	452	2249	4	0	4	452
CY121502.1	467	1616	0	1	1	1616
CY121502.1	467	2212	7	29	36	467
CY121502.1	469	1792	1	0	1	469
CY121502.1	482	1533	1	0	1	482
CY121502.1	491	2222	0	1	1	2222
CY121502.1	495	1545	1	0	1	495
CY121502.1	495	2300	1	0	1	495
CY121502.1	540	2483	0	1	1	2483
CY121502.1	551	993	1	0	1	551
CY121502.1	577	1506	1	0	1	577
CY121502.1	589	2159	5	1	6	589
CY121502.1	609	2018	0	1	1	2018
CY121502.1	625	2252	0	1	1	2252
CY121502.1	632	1783	0	1	1	1783
CY121502.1	633	2100	7	7	14	633
CY121502.1	685	2286	1	0	1	685
CY121502.1	706	1969	0	1	1	1969
CY121502.1	726	1636	1	0	1	726
CY121502.1	737	2073	1	0	1	737
CY121502.1	757	2021	1	0	1	757
CY121502.1	765	2001	2	1	3	765
CY121502.1	768	1807	0	2	2	1807
CY121502.1	778	1823	0	1	1	1823
CY121502.1	780	1979	0	1	1	1979
CY121502.1	788	1954	1	0	1	788
CY121502.1	792	1978	2	4	6	792
CY121502.1	792	2382	1	0	1	792
CY121502.1	796	1814	1	0	1	796
CY121502.1	801	2009	0	1	1	2009
CY121502.1	808	1826	0	1	1	1826
CY121502.1	815	2226	1	2	3	815
CY121502.1	829	1925	0	1	1	1925
CY121502.1	832	1952	31	31	62	832
CY121502.1	834	2283	1	0	1	834
CY121502.1	837	2024	0	1	1	2024
CY121502.1	844	1939	0	1	1	1939
CY121502.1	847	1388	1	1	2	847
CY121502.1	852	1975	0	2	2	1975
CY121502.1	857	1314	1	0	1	857
CY121502.1	862	1616	0	1	1	1616
CY121502.1	875	1726	0	3	3	1726
CY121502.1	888	1905	0	1	1	1905
CY121502.1	893	1939	0	1	1	1939
CY121502.1	907	2402	0	1	1	2402
CY121502.1	931	2100	11	26	37	931
CY121502.1	933	1307	1	0	1	933
CY121502.1	935	1759	0	1	1	1759
CY121502.1	958	1460	1	0	1	958
CY121502.1	963	2375	1	0	1	963
CY121503.1	1025	1671	4	3	7	1025
CY121503.1	1105	2238	1	0	1	1105
CY121503.1	1105	2377	0	1	1	2377
CY121503.1	1110	1881	0	3	3	1881
CY121503.1	1113	2274	1	0	1	1113
CY121503.1	1183	1499	1	0	1	1183
CY121503.1	1184	2090	4	8	12	1184
CY121503.1	1184	2093	8	13	21	1184
CY121503.1	1200	1731	0	1	1	1731
CY121503.1	1231	1779	0	1	1	1779
CY121503.1	1233	2016	1	0	1	1233
CY121503.1	1252	1741	1	0	1	1252
CY121503.1	1281	1332	0	1	1	1332
CY121503.1	1290	1663	0	1	1	1663
CY121503.1	1394	2040	20	33	53	1394
CY121503.1	1479	1911	1	0	1	1479
CY121503.1	1548	1720	0	1	1	1720
CY121503.1	1556	2475	0	1	1	2475
CY121503.1	1560	2087	1	0	1	1560
CY121503.1	1564	1967	2	3	5	1564
CY121503.1	1603	1755	1	1	2	1603
CY121503.1	1605	2158	0	1	1	2158
CY121503.1	1639	1798	0	1	1	1798
CY121503.1	1662	2028	1	0	1	1662
CY121503.1	1685	2141	1	0	1	1685
CY121503.1	1701	2033	1	2	3	1701
CY121503.1	1883	2153	1	1	2	1883
CY121503.1	1904	2240	0	1	1	2240
CY121503.1	2148	2176	1	2	3	2148
CY121503.1	2256	2333	0	1	1	2333
CY121503.1	2404	2442	0	1	1	2442
CY121503.1	249	2331	1	0	1	249
CY121503.1	282	862	1	0	1	282
CY121503.1	286	2328	2	0	2	286
CY121503.1	294	2336	4	10	14	294
CY121503.1	303	2342	0	3	3	2342
CY121503.1	326	1294	0	1	1	1294
CY121503.1	337	931	1	0	1	337
CY121503.1	338	2414	0	1	1	2414
CY121503.1	347	2236	2	1	3	347
CY121503.1	358	2247	1	1	2	358
CY121503.1	361	2010	0	1	1	2010
CY121503.1	363	1448	0	1	1	1448
CY121503.1	367	1243	0	1	1	1243
CY121503.1	388	2336	13	26	39	388
CY121503.1	409	2216	0	2	2	2216
CY121503.1	415	2222	0	1	1	2222
CY121503.1	416	2295	1	0	1	416
CY121503.1	440	2361	0	1	1	2361
CY121503.1	450	2232	5	16	21	450
CY121503.1	453	1769	22	15	37	453
CY121503.1	455	2022	1	0	1	455
CY121503.1	459	1775	0	1	1	1775
CY121503.1	472	2196	101	177	278	472
CY121503.1	473	715	1	0	1	473
CY121503.1	474	2198	0	2	2	2198
CY121503.1	474	2239	0	1	1	2239
CY121503.1	474	2243	0	1	1	2243
CY121503.1	514	2222	0	1	1	2222
CY121503.1	535	2064	1	0	1	535
CY121503.1	537	2068	6	7	13	537
CY121503.1	586	2015	3	4	7	586
CY121503.1	588	2130	7	10	17	588
CY121503.1	589	1918	12	8	20	589
CY121503.1	592	2115	1	0	1	592
CY121503.1	595	1977	0	1	1	1977
CY121503.1	640	2242	1	0	1	640
CY121503.1	653	1944	0	2	2	1944
CY121503.1	691	1450	1	0	1	691
CY121503.1	700	1665	1	0	1	700
CY121503.1	709	2021	3	2	5	709
CY121503.1	742	2150	0	1	1	2150
CY121503.1	755	1347	0	1	1	1347
CY121503.1	763	1890	0	1	1	1890
CY121503.1	767	1056	1	0	1	767
CY121503.1	785	1843	2	3	5	785
CY121503.1	785	1934	9	11	20	785
CY121503.1	788	1641	1	0	1	788
CY121503.1	795	1014	1	0	1	795
CY121503.1	798	1268	1	0	1	798
CY121503.1	798	1774	11	8	19	798
CY121503.1	813	2181	7	8	15	813
CY121503.1	844	2375	2	6	8	844
CY121503.1	902	1811	1	0	1	902
CY121503.1	936	1795	0	1	1	1795
CY121503.1	947	1795	1	0	1	947
CY121503.1	972	1311	1	0	1	972
CY121503.1	976	2147	2	2	4	976
CY121503.1	991	1627	1	0	1	991
