Segment	Start	Stop	Forward_support	Reverse_support	Total_support	Fuzz_factor
CY121496.1	303	1667	0	1	1	1667
CY121496.1	474	982	28	50	78	474
CY121497.1	287	330	1	0	1	287
CY121497.1	473	1056	0	1	1	1056
CY121497.1	716	826	8	22	30	716
CY121499.1	526	1404	1	0	1	526
CY121499.1	547	621	13	17	30	547
CY121499.1	649	1434	30	10	40	649
CY121500.1	261	924	1	0	1	261
CY121500.1	283	390	1	1	2	283
CY121500.1	317	360	0	1	1	360
CY121500.1	416	672	0	1	1	672
CY121500.1	884	907	0	1	1	907
CY121501.1	279	1715	1	0	1	279
CY121501.1	327	2239	0	1	1	2239
CY121501.1	336	2150	0	1	1	2150
CY121501.1	336	2215	1	1	2	336
CY121501.1	353	2149	0	1	1	2149
CY121501.1	440	2068	0	1	1	2068
CY121501.1	548	574	0	2	2	574
CY121501.1	557	1943	0	1	1	1943
CY121501.1	611	2034	0	2	2	2034
CY121501.1	650	1953	10	35	45	650
CY121501.1	678	1835	1	0	1	678
CY121501.1	681	1890	40	138	178	681
CY121501.1	690	1902	0	3	3	1902
CY121501.1	697	1940	0	2	2	1940
CY121501.1	730	1614	51	58	109	730
CY121501.1	737	1620	0	2	2	1620
CY121501.1	756	2001	1	0	1	756
CY121502.1	790	2234	1	0	1	790
CY121502.1	896	991	7	5	12	896
CY121503.1	312	2476	0	1	1	2476
CY121503.1	381	2314	0	1	1	2314
CY121503.1	791	2074	14	68	82	791
