Segment	Start	Stop	Forward_support	Reverse_support	Total_support	Fuzz_factor
CY121496.1	1019	1046	0	1	1	1046
CY121496.1	1063	1412	0	1	1	1412
CY121496.1	1078	1631	1	0	1	1078
CY121496.1	1117	1168	0	1	1	1168
CY121496.1	1168	1786	0	1	1	1786
CY121496.1	1195	1889	0	1	1	1889
CY121496.1	1228	1356	0	1	1	1356
CY121496.1	1249	1571	1	1	2	1249
CY121496.1	1279	1533	1	0	1	1279
CY121496.1	1299	1657	1	0	1	1299
CY121496.1	1346	1471	1	0	1	1346
CY121496.1	1354	1413	0	1	1	1413
CY121496.1	1359	1834	1	0	1	1359
CY121496.1	1367	1392	2	2	4	1367
CY121496.1	1517	1734	1	0	1	1517
CY121496.1	1517	1919	0	1	1	1919
CY121496.1	1728	1904	0	1	1	1904
CY121496.1	235	1681	1	0	1	235
CY121496.1	261	1661	1	0	1	261
CY121496.1	286	1502	1	0	1	286
CY121496.1	288	1183	1	0	1	288
CY121496.1	317	1721	0	1	1	1721
CY121496.1	320	659	1	0	1	320
CY121496.1	343	566	0	1	1	566
CY121496.1	348	657	0	1	1	657
CY121496.1	348	903	0	1	1	903
CY121496.1	354	1406	0	1	1	1406
CY121496.1	363	1818	1	0	1	363
CY121496.1	368	1146	0	1	1	1146
CY121496.1	387	1503	0	1	1	1503
CY121496.1	392	855	1	0	1	392
CY121496.1	393	1202	0	1	1	1202
CY121496.1	395	1640	0	1	1	1640
CY121496.1	407	621	0	1	1	621
CY121496.1	415	1111	0	1	1	1111
CY121496.1	433	1889	0	1	1	1889
CY121496.1	478	1089	1	0	1	478
CY121496.1	483	870	0	1	1	870
CY121496.1	489	1083	1	0	1	489
CY121496.1	504	683	1	0	1	504
CY121496.1	517	946	0	1	1	946
CY121496.1	538	1514	1	0	1	538
CY121496.1	546	1758	2	1	3	546
CY121496.1	555	1149	0	1	1	1149
CY121496.1	558	1368	2	0	2	558
CY121496.1	562	1638	2	2	4	562
CY121496.1	565	1201	0	1	1	1201
CY121496.1	568	1875	0	1	1	1875
CY121496.1	578	1823	1	0	1	578
CY121496.1	598	680	1	0	1	598
CY121496.1	611	1444	1	0	1	611
CY121496.1	629	964	1	0	1	629
CY121496.1	673	729	1	0	1	673
CY121496.1	687	1643	1	0	1	687
CY121496.1	704	1182	0	1	1	1182
CY121496.1	707	1316	0	1	1	1316
CY121496.1	721	1033	0	1	1	1033
CY121496.1	734	1322	1	0	1	734
CY121496.1	752	1050	1	0	1	752
CY121496.1	761	1804	0	1	1	1804
CY121496.1	762	1485	0	1	1	1485
CY121496.1	763	1626	0	1	1	1626
CY121496.1	775	1732	0	1	1	1732
CY121496.1	781	1903	0	1	1	1903
CY121496.1	801	1690	0	1	1	1690
CY121496.1	866	1365	1	0	1	866
CY121496.1	943	965	1	0	1	943
CY121496.1	953	1628	0	1	1	1628
CY121496.1	955	1408	1	0	1	955
CY121497.1	1070	1143	0	1	1	1143
CY121497.1	254	751	1	0	1	254
CY121497.1	257	551	5	0	5	257
CY121497.1	266	1070	12	0	12	266
CY121497.1	272	554	12	0	12	272
CY121497.1	280	589	1	0	1	280
CY121497.1	307	422	0	1	1	422
CY121497.1	316	999	0	1	1	999
CY121497.1	318	923	0	1	1	923
CY121497.1	324	819	0	1	1	819
CY121497.1	326	992	1	0	1	326
CY121497.1	350	576	1	8	9	350
CY121497.1	351	710	0	1	1	710
CY121497.1	352	633	0	1	1	633
CY121497.1	353	1103	0	1	1	1103
CY121497.1	360	803	0	3	3	803
CY121497.1	361	843	0	1	1	843
CY121497.1	375	734	0	2	2	734
CY121497.1	384	863	1	0	1	384
CY121497.1	393	694	0	1	1	694
CY121497.1	430	1009	0	1	1	1009
CY121497.1	437	816	0	3	3	816
CY121497.1	438	817	1	0	1	438
CY121497.1	441	709	0	1	1	709
CY121497.1	445	1164	0	1	1	1164
CY121497.1	448	683	1	1	2	448
CY121497.1	450	824	0	5	5	824
CY121497.1	453	827	1	2	3	453
CY121497.1	486	1054	1	0	1	486
CY121497.1	498	1003	1	0	1	498
CY121497.1	504	655	0	1	1	655
CY121497.1	564	919	1	0	1	564
CY121497.1	587	639	1	0	1	587
CY121497.1	588	805	0	1	1	805
CY121497.1	592	865	1	0	1	592
CY121497.1	596	1026	1	0	1	596
CY121497.1	605	937	3	2	5	605
CY121497.1	609	634	0	1	1	634
CY121497.1	624	1085	0	1	1	1085
CY121497.1	625	713	1	0	1	625
CY121497.1	660	1040	1	0	1	660
CY121497.1	660	1066	1	0	1	660
CY121497.1	662	942	0	1	1	942
CY121497.1	671	704	1	0	1	671
CY121497.1	682	818	1	1	2	682
CY121497.1	688	842	4	8	12	688
CY121497.1	703	854	0	1	1	854
CY121497.1	706	910	0	1	1	910
CY121497.1	719	957	0	1	1	957
CY121497.1	721	863	4	9	13	721
CY121497.1	761	957	3	3	6	761
CY121497.1	768	1023	1	0	1	768
CY121497.1	773	817	0	2	2	817
CY121497.1	779	866	0	1	1	866
CY121497.1	781	1095	0	1	1	1095
CY121497.1	795	865	0	2	2	865
CY121497.1	807	1017	1	0	1	807
CY121497.1	820	869	2	0	2	820
CY121497.1	831	880	1	0	1	831
CY121497.1	837	917	1	0	1	837
CY121497.1	839	1084	1	0	1	839
CY121497.1	922	1019	0	1	1	1019
CY121497.1	927	1043	4	0	4	927
CY121497.1	936	1022	0	1	1	1022
CY121497.1	981	1034	1	1	2	981
CY121497.1	985	1071	1	0	1	985
CY121498.1	1142	1270	1	0	1	1142
CY121498.1	1154	1284	9	4	13	1154
CY121498.1	1223	1325	0	1	1	1325
CY121498.1	1365	1606	0	1	1	1606
CY121498.1	1380	1596	0	1	1	1596
CY121498.1	1386	1442	5	3	8	1386
CY121498.1	243	1132	1	0	1	243
CY121498.1	291	823	1	0	1	291
CY121498.1	314	695	0	1	1	695
CY121498.1	389	1395	1	0	1	389
CY121498.1	397	1443	3	2	5	397
CY121498.1	399	808	0	1	1	808
CY121498.1	406	907	0	1	1	907
CY121498.1	412	446	1	27	28	412
CY121498.1	419	917	0	3	3	917
CY121498.1	441	1310	6	5	11	441
CY121498.1	444	1176	3	10	13	444
CY121498.1	444	526	1	0	1	444
CY121498.1	520	1398	1	0	1	520
CY121498.1	565	1591	0	1	1	1591
CY121498.1	570	1071	1	0	1	570
CY121498.1	682	1528	1	0	1	682
CY121498.1	710	1254	0	1	1	1254
CY121498.1	721	967	0	1	1	967
CY121498.1	768	1473	0	1	1	1473
CY121498.1	890	962	0	1	1	962
CY121498.1	908	951	0	1	1	951
CY121498.1	911	1522	1	0	1	911
CY121498.1	968	1274	0	1	1	1274
CY121498.1	982	1014	0	1	1	1014
CY121499.1	1001	1547	1	0	1	1001
CY121499.1	1015	1648	1	0	1	1015
CY121499.1	1076	1261	0	1	1	1261
CY121499.1	1158	1241	0	1	1	1241
CY121499.1	1161	1214	0	1	1	1214
CY121499.1	1184	1403	0	1	1	1403
CY121499.1	1310	1549	1	0	1	1310
CY121499.1	1443	1547	0	1	1	1547
CY121499.1	1444	1568	1	0	1	1444
CY121499.1	1505	1684	0	1	1	1684
CY121499.1	1543	1571	0	1	1	1571
CY121499.1	1564	1688	0	1	1	1688
CY121499.1	1571	1725	0	1	1	1725
CY121499.1	357	1006	1	0	1	357
CY121499.1	367	1354	1	0	1	367
CY121499.1	367	398	0	1	1	398
CY121499.1	398	1691	0	1	1	1691
CY121499.1	402	893	0	1	1	893
CY121499.1	405	814	1	0	1	405
CY121499.1	414	852	1	0	1	414
CY121499.1	431	855	0	1	1	855
CY121499.1	435	900	1	0	1	435
CY121499.1	440	1421	1	0	1	440
CY121499.1	446	749	0	1	1	749
CY121499.1	453	921	0	1	1	921
CY121499.1	455	1213	0	1	1	1213
CY121499.1	469	1508	1	0	1	469
CY121499.1	491	643	0	1	1	643
CY121499.1	500	842	0	1	1	842
CY121499.1	528	1122	0	1	1	1122
CY121499.1	529	870	1	0	1	529
CY121499.1	538	775	1	1	2	538
CY121499.1	563	1233	1	0	1	563
CY121499.1	565	821	1	0	1	565
CY121499.1	594	1402	1	0	1	594
CY121499.1	596	1144	1	0	1	596
CY121499.1	600	1180	0	1	1	1180
CY121499.1	619	1115	0	1	1	1115
CY121499.1	647	712	0	1	1	712
CY121499.1	696	914	1	0	1	696
CY121499.1	700	1175	0	1	1	1175
CY121499.1	700	1422	1	0	1	700
CY121499.1	717	1537	1	0	1	717
CY121499.1	803	1420	0	1	1	1420
CY121499.1	825	1335	0	1	1	1335
CY121499.1	847	966	1	0	1	847
CY121499.1	851	996	1	0	1	851
CY121499.1	874	1390	0	1	1	1390
CY121499.1	911	1054	0	1	1	1054
CY121499.1	925	976	1	0	1	925
CY121499.1	944	1254	0	1	1	1254
CY121499.1	946	1214	1	0	1	946
CY121499.1	975	1157	0	1	1	1157
CY121499.1	978	1511	1	0	1	978
CY121499.1	999	1044	0	2	2	1044
CY121500.1	319	356	0	1	1	356
CY121500.1	484	662	0	1	1	662
CY121500.1	514	743	5	5	10	514
CY121500.1	536	597	1	0	1	536
CY121500.1	650	684	1	0	1	650
CY121500.1	709	1012	0	1	1	1012
CY121501.1	1010	1105	1	0	1	1010
CY121501.1	1036	1912	1	0	1	1036
CY121501.1	1051	2227	1	0	1	1051
CY121501.1	1055	2360	0	1	1	2360
CY121501.1	1082	2364	0	1	1	2364
CY121501.1	1121	1951	0	1	1	1951
CY121501.1	1123	1282	0	1	1	1282
CY121501.1	1124	1299	0	1	1	1299
CY121501.1	1207	1412	1	0	1	1207
CY121501.1	1230	2089	0	1	1	2089
CY121501.1	1241	1995	1	0	1	1241
CY121501.1	1260	1649	1	1	2	1260
CY121501.1	1276	1558	1	0	1	1276
CY121501.1	1280	2261	1	0	1	1280
CY121501.1	1316	1825	1	0	1	1316
CY121501.1	1484	2065	1	0	1	1484
CY121501.1	1524	2230	1	0	1	1524
CY121501.1	1530	2296	1	0	1	1530
CY121501.1	1533	1573	0	1	1	1573
CY121501.1	1540	1958	0	1	1	1958
CY121501.1	1561	1665	1	0	1	1561
CY121501.1	1568	1997	1	0	1	1568
CY121501.1	1570	2101	0	1	1	2101
CY121501.1	1624	2007	1	0	1	1624
CY121501.1	1641	1703	1	0	1	1641
CY121501.1	1685	2291	2	1	3	1685
CY121501.1	1762	1960	1	1	2	1762
CY121501.1	1837	1964	0	1	1	1964
CY121501.1	1865	2348	0	1	1	2348
CY121501.1	1913	1973	8	5	13	1913
CY121501.1	1980	2224	0	1	1	2224
CY121501.1	2000	2064	1	0	1	2000
CY121501.1	2093	2208	0	1	1	2208
CY121501.1	2146	2274	18	10	28	2146
CY121501.1	246	2175	1	0	1	246
CY121501.1	250	2179	1	0	1	250
CY121501.1	260	2193	3	0	3	260
CY121501.1	280	2039	1	0	1	280
CY121501.1	292	2054	2	0	2	292
CY121501.1	296	1793	0	1	1	1793
CY121501.1	312	1989	1	0	1	312
CY121501.1	312	2239	1	6	7	312
CY121501.1	312	336	0	1	1	336
CY121501.1	336	2066	3	22	25	336
CY121501.1	338	389	0	1	1	389
CY121501.1	361	2179	1	1	2	361
CY121501.1	365	2213	5	29	34	365
CY121501.1	371	2073	0	1	1	2073
CY121501.1	371	2150	0	8	8	2150
CY121501.1	399	1712	1	0	1	399
CY121501.1	412	1117	1	0	1	412
CY121501.1	421	2116	1	0	1	421
CY121501.1	421	677	1	0	1	421
CY121501.1	428	2126	0	3	3	2126
CY121501.1	437	2043	0	2	2	2043
CY121501.1	437	2173	6	9	15	437
CY121501.1	444	2180	0	1	1	2180
CY121501.1	455	843	1	0	1	455
CY121501.1	483	2376	0	1	1	2376
CY121501.1	484	1872	3	3	6	484
CY121501.1	485	1630	0	1	1	1630
CY121501.1	485	2012	0	1	1	2012
CY121501.1	486	1734	1	0	1	486
CY121501.1	488	2059	1	0	1	488
CY121501.1	492	2066	2	8	10	492
CY121501.1	495	2001	0	1	1	2001
CY121501.1	496	2074	1	2	3	496
CY121501.1	506	2044	1	1	2	506
CY121501.1	518	1244	1	0	1	518
CY121501.1	520	1668	13	4	17	520
CY121501.1	532	2105	1	2	3	532
CY121501.1	548	1828	6	6	12	548
CY121501.1	564	2007	2	1	3	564
CY121501.1	564	2011	2	0	2	564
CY121501.1	566	2037	1	0	1	566
CY121501.1	569	1565	1	0	1	569
CY121501.1	576	1735	1	0	1	576
CY121501.1	586	1963	1	0	1	586
CY121501.1	598	2004	1	2	3	598
CY121501.1	599	1974	6	3	9	599
CY121501.1	604	1979	0	1	1	1979
CY121501.1	609	1897	2	2	4	609
CY121501.1	642	1869	1	0	1	642
CY121501.1	647	2064	1	0	1	647
CY121501.1	659	1885	1	0	1	659
CY121501.1	668	1802	1	0	1	668
CY121501.1	675	1884	1	3	4	675
CY121501.1	675	1989	1	1	2	675
CY121501.1	677	1509	1	0	1	677
CY121501.1	681	1837	1	0	1	681
CY121501.1	685	1885	1	0	1	685
CY121501.1	688	1518	1	0	1	688
CY121501.1	701	1997	0	1	1	1997
CY121501.1	704	1983	1	0	1	704
CY121501.1	717	2002	0	1	1	2002
CY121501.1	733	1738	2	1	3	733
CY121501.1	781	1889	0	1	1	1889
CY121501.1	794	1901	1	0	1	794
CY121501.1	820	1938	2	0	2	820
CY121501.1	911	1059	1	0	1	911
CY121501.1	942	1647	1	1	2	942
CY121501.1	949	1654	0	1	1	1654
CY121501.1	979	1726	0	1	1	1726
CY121501.1	995	2295	0	1	1	2295
CY121502.1	1003	1805	2	0	2	1003
CY121502.1	1024	1418	1	0	1	1024
CY121502.1	1033	1551	1	0	1	1033
CY121502.1	1048	1313	0	1	1	1313
CY121502.1	1140	1211	0	1	1	1211
CY121502.1	1148	2388	1	0	1	1148
CY121502.1	1150	1210	1	0	1	1150
CY121502.1	1151	2314	0	1	1	2314
CY121502.1	1164	2190	0	1	1	2190
CY121502.1	1242	1527	0	1	1	1527
CY121502.1	1274	1344	1	0	1	1274
CY121502.1	1286	1401	0	1	1	1401
CY121502.1	1297	2315	0	1	1	2315
CY121502.1	1311	2048	1	0	1	1311
CY121502.1	1336	2058	0	1	1	2058
CY121502.1	1414	2327	0	1	1	2327
CY121502.1	1431	2160	0	1	1	2160
CY121502.1	1502	1976	0	1	1	1976
CY121502.1	1572	2059	1	0	1	1572
CY121502.1	1586	1970	1	0	1	1586
CY121502.1	1700	1959	0	1	1	1959
CY121502.1	1720	1835	1	0	1	1720
CY121502.1	1798	2195	1	0	1	1798
CY121502.1	1992	2343	1	0	1	1992
CY121502.1	2346	2395	2	0	2	2346
CY121502.1	2427	2454	1	15	16	2427
CY121502.1	253	278	11	0	11	253
CY121502.1	254	2429	12	2	14	254
CY121502.1	293	2456	4	2	6	293
CY121502.1	304	2209	1	0	1	304
CY121502.1	313	363	10	2	12	313
CY121502.1	323	2375	0	1	1	2375
CY121502.1	329	419	0	1	1	419
CY121502.1	344	2475	0	1	1	2475
CY121502.1	346	1313	1	0	1	346
CY121502.1	346	619	3	0	3	346
CY121502.1	356	1853	0	1	1	1853
CY121502.1	377	1477	0	1	1	1477
CY121502.1	385	2383	7	1	8	385
CY121502.1	387	2222	0	1	1	2222
CY121502.1	393	1571	0	1	1	1571
CY121502.1	405	994	1	0	1	405
CY121502.1	412	2253	8	0	8	412
CY121502.1	420	2339	14	2	16	420
CY121502.1	430	2351	0	1	1	2351
CY121502.1	469	1792	0	1	1	1792
CY121502.1	482	2195	0	2	2	2195
CY121502.1	499	2066	1	0	1	499
CY121502.1	527	1950	1	0	1	527
CY121502.1	528	1190	1	0	1	528
CY121502.1	534	2065	1	0	1	534
CY121502.1	535	2047	0	3	3	2047
CY121502.1	551	2053	1	1	2	551
CY121502.1	556	1185	1	0	1	556
CY121502.1	583	2024	1	0	1	583
CY121502.1	609	2018	0	2	2	2018
CY121502.1	625	2021	0	1	1	2021
CY121502.1	635	1212	1	0	1	635
CY121502.1	636	1946	0	1	1	1946
CY121502.1	644	2208	1	2	3	644
CY121502.1	652	894	1	0	1	652
CY121502.1	661	1720	1	1	2	661
CY121502.1	676	1959	1	1	2	676
CY121502.1	695	2019	0	1	1	2019
CY121502.1	695	2144	0	1	1	2144
CY121502.1	717	2056	0	1	1	2056
CY121502.1	748	1917	1	1	2	748
CY121502.1	754	2226	1	0	1	754
CY121502.1	764	2002	1	1	2	764
CY121502.1	773	1934	0	1	1	1934
CY121502.1	786	1956	0	1	1	1956
CY121502.1	789	981	0	1	1	981
CY121502.1	802	1690	1	0	1	802
CY121502.1	805	1142	2	0	2	805
CY121502.1	806	1422	1	0	1	806
CY121502.1	828	2255	0	1	1	2255
CY121502.1	831	1700	3	2	5	831
CY121502.1	832	1206	0	1	1	1206
CY121502.1	836	1231	1	0	1	836
CY121502.1	842	2267	0	1	1	2267
CY121502.1	847	1882	0	2	2	1882
CY121502.1	855	912	1	0	1	855
CY121502.1	906	1863	0	1	1	1863
CY121502.1	944	1866	0	1	1	1866
CY121502.1	947	1731	2	1	3	947
CY121502.1	969	1817	3	0	3	969
CY121502.1	990	1696	1	1	2	990
CY121503.1	1003	2034	0	1	1	2034
CY121503.1	1042	1180	0	1	1	1180
CY121503.1	1152	1258	1	0	1	1152
CY121503.1	1154	1420	1	0	1	1154
CY121503.1	1170	1675	1	0	1	1170
CY121503.1	1172	2158	3	1	4	1172
CY121503.1	1179	2164	1	0	1	1179
CY121503.1	1182	1888	1	0	1	1182
CY121503.1	1184	2090	4	5	9	1184
CY121503.1	1184	2093	14	16	30	1184
CY121503.1	1185	1256	0	1	1	1256
CY121503.1	1187	2311	0	1	1	2311
CY121503.1	1193	1912	1	1	2	1193
CY121503.1	1225	2111	0	1	1	2111
CY121503.1	1246	2115	0	1	1	2115
CY121503.1	1270	1904	1	0	1	1270
CY121503.1	1290	1663	1	0	1	1290
CY121503.1	1300	2149	1	0	1	1300
CY121503.1	1325	2150	2	1	3	1325
CY121503.1	1329	1353	1	0	1	1329
CY121503.1	1355	2108	0	1	1	2108
CY121503.1	1387	2150	1	0	1	1387
CY121503.1	1394	2040	12	12	24	1394
CY121503.1	1415	2108	0	1	1	2108
CY121503.1	1422	1824	0	1	1	1824
CY121503.1	1443	2205	0	1	1	2205
CY121503.1	1480	1854	1	0	1	1480
CY121503.1	1514	2110	0	1	1	2110
CY121503.1	1522	2311	1	0	1	1522
CY121503.1	1543	1891	0	1	1	1891
CY121503.1	1560	2087	0	3	3	2087
CY121503.1	1615	2448	1	1	2	1615
CY121503.1	1630	1692	1	0	1	1630
CY121503.1	1660	1957	0	1	1	1957
CY121503.1	1665	1780	1	0	1	1665
CY121503.1	1700	2038	1	0	1	1700
CY121503.1	1701	2037	1	1	2	1701
CY121503.1	1703	2148	1	1	2	1703
CY121503.1	1739	1981	1	0	1	1739
CY121503.1	1751	1837	1	0	1	1751
CY121503.1	1769	2187	0	1	1	2187
CY121503.1	1802	2039	0	1	1	2039
CY121503.1	1883	2153	1	1	2	1883
CY121503.1	2011	2038	1	0	1	2011
CY121503.1	2082	2326	1	0	1	2082
CY121503.1	2143	2241	1	0	1	2143
CY121503.1	2193	2496	0	1	1	2496
CY121503.1	241	1221	1	0	1	241
CY121503.1	245	2197	1	0	1	245
CY121503.1	280	1771	1	0	1	280
CY121503.1	287	1809	1	0	1	287
CY121503.1	323	1311	1	0	1	323
CY121503.1	326	2332	1	0	1	326
CY121503.1	352	1130	0	1	1	1130
CY121503.1	366	2335	0	1	1	2335
CY121503.1	392	2262	0	1	1	2262
CY121503.1	400	846	0	1	1	846
CY121503.1	408	730	0	1	1	730
CY121503.1	409	1482	0	1	1	1482
CY121503.1	417	2333	1	0	1	417
CY121503.1	422	1983	1	0	1	422
CY121503.1	443	1633	0	1	1	1633
CY121503.1	448	1942	0	1	1	1942
CY121503.1	452	1626	1	0	1	452
CY121503.1	462	2449	0	1	1	2449
CY121503.1	469	2295	1	2	3	469
CY121503.1	474	2184	1	2	3	474
CY121503.1	484	1425	1	0	1	484
CY121503.1	517	1983	1	0	1	517
CY121503.1	520	1323	0	1	1	1323
CY121503.1	524	556	0	2	2	556
CY121503.1	534	622	1	0	1	534
CY121503.1	556	871	1	0	1	556
CY121503.1	581	2009	0	1	1	2009
CY121503.1	590	1967	0	1	1	1967
CY121503.1	597	2023	2	1	3	597
CY121503.1	609	2198	2	1	3	609
CY121503.1	649	1230	1	0	1	649
CY121503.1	652	2224	1	0	1	652
CY121503.1	675	1866	0	1	1	1866
CY121503.1	690	1451	0	1	1	1451
CY121503.1	699	1984	1	0	1	699
CY121503.1	700	2107	0	1	1	2107
CY121503.1	722	1956	0	1	1	1956
CY121503.1	723	1938	1	0	1	723
CY121503.1	730	2123	0	1	1	2123
CY121503.1	740	1768	1	0	1	740
CY121503.1	743	1838	0	1	1	1838
CY121503.1	749	1081	1	0	1	749
CY121503.1	768	1652	0	1	1	1652
CY121503.1	778	2036	0	1	1	2036
CY121503.1	781	1814	1	0	1	781
CY121503.1	811	1831	1	0	1	811
CY121503.1	852	2140	1	1	2	852
CY121503.1	861	2003	1	0	1	861
CY121503.1	879	1833	0	1	1	1833
CY121503.1	946	1898	0	1	1	1898
CY121503.1	976	1676	0	1	1	1676
CY121503.1	980	1319	1	0	1	980
CY121503.1	993	2342	0	1	1	2342
