Segment	Start	Stop	Forward_support	Reverse_support	Total_support	Fuzz_factor
CY121496.1	1012	1407	0	1	1	1407
CY121496.1	1039	1695	1	0	1	1039
CY121496.1	1042	1446	1	0	1	1042
CY121496.1	1043	1175	3	1	4	1043
CY121496.1	1059	1670	10	3	13	1059
CY121496.1	1129	1280	1	0	1	1129
CY121496.1	1167	1646	1	0	1	1167
CY121496.1	1225	1262	0	1	1	1262
CY121496.1	1229	1800	1	0	1	1229
CY121496.1	1232	1617	1	0	1	1232
CY121496.1	1310	1763	0	1	1	1763
CY121496.1	1354	1413	0	2	2	1413
CY121496.1	1367	1392	0	1	1	1392
CY121496.1	1493	1881	0	1	1	1881
CY121496.1	1494	1691	0	1	1	1691
CY121496.1	1550	1653	1	0	1	1550
CY121496.1	1611	1726	1	0	1	1611
CY121496.1	1662	1876	0	1	1	1876
CY121496.1	283	1335	1	0	1	283
CY121496.1	297	1626	0	1	1	1626
CY121496.1	357	1627	0	1	1	1627
CY121496.1	365	754	1	0	1	365
CY121496.1	367	1606	1	0	1	367
CY121496.1	372	1611	1	0	1	372
CY121496.1	377	767	1	6	7	377
CY121496.1	388	1449	0	1	1	1449
CY121496.1	388	778	0	2	2	778
CY121496.1	395	1640	0	1	1	1640
CY121496.1	424	1219	0	1	1	1219
CY121496.1	425	852	0	1	1	852
CY121496.1	427	656	0	1	1	656
CY121496.1	433	1228	1	0	1	433
CY121496.1	468	1580	1	0	1	468
CY121496.1	471	1523	0	1	1	1523
CY121496.1	487	1908	0	1	1	1908
CY121496.1	523	1605	0	1	1	1605
CY121496.1	530	637	0	1	1	637
CY121496.1	561	905	1	0	1	561
CY121496.1	567	1074	1	0	1	567
CY121496.1	578	1743	1	0	1	578
CY121496.1	579	719	0	1	1	719
CY121496.1	588	1302	0	1	1	1302
CY121496.1	644	1478	0	1	1	1478
CY121496.1	646	784	1	0	1	646
CY121496.1	660	1569	0	1	1	1569
CY121496.1	670	1343	1	0	1	670
CY121496.1	709	1883	0	1	1	1883
CY121496.1	752	1747	0	1	1	1747
CY121496.1	778	1701	0	1	1	1701
CY121496.1	791	1610	0	1	1	1610
CY121496.1	808	1008	1	0	1	808
CY121496.1	816	1181	0	1	1	1181
CY121496.1	871	1889	0	1	1	1889
CY121496.1	974	1032	0	1	1	1032
CY121496.1	974	1766	1	0	1	974
CY121497.1	1013	1139	0	1	1	1139
CY121497.1	249	531	1	0	1	249
CY121497.1	255	664	1	0	1	255
CY121497.1	272	554	13	1	14	272
CY121497.1	272	646	1	0	1	272
CY121497.1	343	1004	1	0	1	343
CY121497.1	344	719	1	0	1	344
CY121497.1	350	576	0	4	4	576
CY121497.1	364	722	0	1	1	722
CY121497.1	387	1018	1	0	1	387
CY121497.1	397	676	0	1	1	676
CY121497.1	405	597	0	1	1	597
CY121497.1	406	755	1	0	1	406
CY121497.1	436	1060	1	0	1	436
CY121497.1	437	681	1	10	11	437
CY121497.1	437	816	7	12	19	437
CY121497.1	456	673	1	1	2	456
CY121497.1	461	635	1	0	1	461
CY121497.1	461	967	0	1	1	967
CY121497.1	464	1044	1	0	1	464
CY121497.1	488	555	0	1	1	555
CY121497.1	504	793	2	5	7	504
CY121497.1	542	770	0	1	1	770
CY121497.1	583	849	0	1	1	849
CY121497.1	602	758	1	0	1	602
CY121497.1	603	835	1	0	1	603
CY121497.1	609	963	1	0	1	609
CY121497.1	610	855	1	0	1	610
CY121497.1	625	984	1	0	1	625
CY121497.1	632	886	1	0	1	632
CY121497.1	632	960	23	8	31	632
CY121497.1	650	704	0	1	1	704
CY121497.1	650	963	1	0	1	650
CY121497.1	652	856	0	5	5	856
CY121497.1	664	730	0	1	1	730
CY121497.1	670	890	1	0	1	670
CY121497.1	679	912	1	0	1	679
CY121497.1	680	877	0	1	1	877
CY121497.1	682	818	3	4	7	682
CY121497.1	688	842	3	2	5	688
CY121497.1	705	1020	1	0	1	705
CY121497.1	721	863	1	2	3	721
CY121497.1	724	867	0	1	1	867
CY121497.1	738	881	0	1	1	881
CY121497.1	755	1088	0	1	1	1088
CY121497.1	761	812	0	1	1	812
CY121497.1	761	957	2	6	8	761
CY121497.1	761	958	1	0	1	761
CY121497.1	768	1022	0	1	1	1022
CY121497.1	777	962	1	0	1	777
CY121497.1	778	985	0	1	1	985
CY121497.1	781	916	1	0	1	781
CY121497.1	790	872	4	3	7	790
CY121497.1	795	865	1	0	1	795
CY121497.1	804	907	6	7	13	804
CY121497.1	807	1017	0	1	1	1017
CY121497.1	807	1159	0	1	1	1159
CY121497.1	821	857	1	4	5	821
CY121497.1	857	939	1	3	4	857
CY121497.1	865	965	2	1	3	865
CY121497.1	884	1015	5	1	6	884
CY121497.1	912	1031	1	0	1	912
CY121497.1	936	1022	2	0	2	936
CY121498.1	1050	1265	1	0	1	1050
CY121498.1	1371	1611	0	1	1	1611
CY121498.1	1437	1585	0	1	1	1585
CY121498.1	262	1493	1	0	1	262
CY121498.1	312	1373	1	5	6	312
CY121498.1	336	707	0	1	1	707
CY121498.1	405	802	1	0	1	405
CY121498.1	439	625	0	1	1	625
CY121498.1	468	1356	10	19	29	468
CY121498.1	473	1361	0	1	1	1361
CY121498.1	497	818	1	0	1	497
CY121498.1	612	729	0	1	1	729
CY121498.1	671	857	0	1	1	857
CY121498.1	746	1117	1	0	1	746
CY121498.1	768	1488	0	1	1	1488
CY121498.1	776	1502	0	1	1	1502
CY121498.1	894	1371	1	0	1	894
CY121498.1	906	1060	1	0	1	906
CY121498.1	955	1034	0	3	3	1034
CY121499.1	1020	1400	0	1	1	1400
CY121499.1	1164	1332	1	0	1	1164
CY121499.1	1200	1308	0	1	1	1308
CY121499.1	1224	1416	1	0	1	1224
CY121499.1	1232	1401	0	1	1	1401
CY121499.1	1355	1543	1	0	1	1355
CY121499.1	1444	1568	2	4	6	1444
CY121499.1	1574	1621	1	0	1	1574
CY121499.1	244	873	1	0	1	244
CY121499.1	248	605	2	0	2	248
CY121499.1	267	621	1	0	1	267
CY121499.1	283	1358	1	0	1	283
CY121499.1	296	627	0	1	1	627
CY121499.1	322	1445	1	0	1	322
CY121499.1	362	1161	0	1	1	1161
CY121499.1	370	1470	1	0	1	370
CY121499.1	374	1250	0	1	1	1250
CY121499.1	402	893	0	1	1	893
CY121499.1	404	1697	0	1	1	1697
CY121499.1	404	1726	0	1	1	1726
CY121499.1	420	971	0	1	1	971
CY121499.1	423	942	1	0	1	423
CY121499.1	438	1229	1	0	1	438
CY121499.1	463	977	1	0	1	463
CY121499.1	477	838	0	1	1	838
CY121499.1	486	1553	0	1	1	1553
CY121499.1	486	1637	1	0	1	486
CY121499.1	509	1552	1	0	1	509
CY121499.1	547	1450	1	0	1	547
CY121499.1	622	1548	0	1	1	1548
CY121499.1	650	1564	1	0	1	650
CY121499.1	802	1559	0	1	1	1559
CY121499.1	845	1449	1	0	1	845
CY121499.1	846	1110	1	0	1	846
CY121499.1	886	1663	1	0	1	886
CY121499.1	902	1452	0	1	1	1452
CY121499.1	904	1620	0	1	1	1620
CY121499.1	905	1496	1	0	1	905
CY121499.1	944	1254	1	7	8	944
CY121499.1	961	1066	1	0	1	961
CY121499.1	999	1044	3	0	3	999
CY121500.1	502	732	1	0	1	502
CY121500.1	514	743	5	7	12	514
CY121500.1	522	749	0	1	1	749
CY121500.1	618	804	0	1	1	804
CY121501.1	1034	1979	1	0	1	1034
CY121501.1	1059	2008	4	6	10	1059
CY121501.1	1075	2357	0	1	1	2357
CY121501.1	1090	2372	0	1	1	2372
CY121501.1	1125	1326	0	1	1	1326
CY121501.1	1153	2014	0	1	1	2014
CY121501.1	1165	1294	0	1	1	1294
CY121501.1	1169	1981	0	1	1	1981
CY121501.1	1212	2361	0	1	1	2361
CY121501.1	1224	1321	0	1	1	1321
CY121501.1	1265	1383	1	0	1	1265
CY121501.1	1288	1399	0	1	1	1399
CY121501.1	1786	2045	1	0	1	1786
CY121501.1	1889	2071	1	0	1	1889
CY121501.1	2010	2142	7	4	11	2010
CY121501.1	2095	2256	1	0	1	2095
CY121501.1	254	1153	1	0	1	254
CY121501.1	268	2255	1	0	1	268
CY121501.1	278	2215	1	0	1	278
CY121501.1	286	2061	3	1	4	286
CY121501.1	295	2228	1	0	1	295
CY121501.1	335	1653	1	0	1	335
CY121501.1	340	2176	1	0	1	340
CY121501.1	355	1574	1	0	1	355
CY121501.1	362	1734	1	0	1	362
CY121501.1	369	2268	18	27	45	369
CY121501.1	410	2173	0	1	1	2173
CY121501.1	434	2134	4	4	8	434
CY121501.1	453	1395	1	0	1	453
CY121501.1	472	1382	1	0	1	472
CY121501.1	475	2074	1	0	1	475
CY121501.1	477	1622	0	1	1	1622
CY121501.1	492	2066	4	5	9	492
CY121501.1	492	2126	8	6	14	492
CY121501.1	493	2296	5	1	6	493
CY121501.1	501	2375	0	1	1	2375
CY121501.1	503	556	6	1	7	503
CY121501.1	507	1626	0	1	1	1626
CY121501.1	516	1851	1	0	1	516
CY121501.1	516	2390	0	1	1	2390
CY121501.1	555	1864	0	1	1	1864
CY121501.1	561	1926	1	0	1	561
CY121501.1	586	1963	1	0	1	586
CY121501.1	590	2234	0	1	1	2234
CY121501.1	598	2004	0	1	1	2004
CY121501.1	601	1707	0	1	1	1707
CY121501.1	608	2011	17	12	29	608
CY121501.1	625	1920	1	0	1	625
CY121501.1	641	2070	0	1	1	2070
CY121501.1	642	983	1	0	1	642
CY121501.1	649	1897	48	29	77	649
CY121501.1	675	1841	5	7	12	675
CY121501.1	696	856	3	11	14	696
CY121501.1	722	876	0	1	1	876
CY121501.1	764	2040	1	0	1	764
CY121501.1	769	1779	1	0	1	769
CY121501.1	778	2053	0	1	1	2053
CY121501.1	784	1744	10	9	19	784
CY121501.1	812	2061	0	1	1	2061
CY121501.1	813	1191	0	1	1	1191
CY121501.1	825	1721	0	1	1	1721
CY121501.1	829	2207	21	6	27	829
CY121501.1	847	1565	1	0	1	847
CY121501.1	895	1980	4	6	10	895
CY121501.1	920	2033	4	5	9	920
CY121501.1	924	1730	0	1	1	1730
CY121501.1	944	1953	1	0	1	944
CY121501.1	973	2274	1	0	1	973
CY121501.1	978	2281	0	1	1	2281
CY121502.1	1273	2112	0	1	1	2112
CY121502.1	1526	1905	0	1	1	1905
CY121502.1	1963	2003	0	1	1	2003
CY121502.1	2054	2170	4	4	8	2054
CY121502.1	2065	2208	0	1	1	2208
CY121502.1	245	276	10	0	10	245
CY121502.1	249	1876	1	0	1	249
CY121502.1	286	1529	1	0	1	286
CY121502.1	317	2259	1	0	1	317
CY121502.1	341	2282	0	1	1	2282
CY121502.1	445	2134	3	0	3	445
CY121502.1	464	500	1	0	1	464
CY121502.1	471	817	1	0	1	471
CY121502.1	482	1234	1	0	1	482
CY121502.1	540	1950	2	3	5	540
CY121502.1	609	2018	0	1	1	2018
CY121502.1	621	1960	0	7	7	1960
CY121502.1	704	2202	0	1	1	2202
CY121502.1	802	1493	1	0	1	802
CY121502.1	805	1142	1	0	1	805
CY121502.1	823	957	1	0	1	823
CY121502.1	832	1956	0	1	1	1956
CY121502.1	840	1434	0	1	1	1434
CY121502.1	888	1799	0	1	1	1799
CY121502.1	935	1655	1	0	1	935
CY121503.1	1169	1993	1	0	1	1169
CY121503.1	1172	2158	2	6	8	1172
CY121503.1	1179	2164	0	1	1	2164
CY121503.1	1184	2090	6	14	20	1184
CY121503.1	1184	2093	31	46	77	1184
CY121503.1	1225	2111	0	1	1	2111
CY121503.1	1246	2115	0	1	1	2115
CY121503.1	1309	1639	0	1	1	1639
CY121503.1	1357	2370	1	0	1	1357
CY121503.1	1372	2160	0	1	1	2160
CY121503.1	1394	2040	23	22	45	1394
CY121503.1	1415	2108	5	5	10	1415
CY121503.1	1419	2071	0	1	1	2071
CY121503.1	1455	2216	1	0	1	1455
CY121503.1	1703	2148	0	1	1	2148
CY121503.1	1708	2420	1	1	2	1708
CY121503.1	1802	2039	2	1	3	1802
CY121503.1	2257	2327	1	1	2	2257
CY121503.1	287	1809	2	0	2	287
CY121503.1	325	2487	1	13	14	325
CY121503.1	381	2382	8	21	29	381
CY121503.1	383	1650	0	1	1	1650
CY121503.1	385	2386	0	1	1	2386
CY121503.1	385	2432	0	1	1	2432
CY121503.1	393	1810	1	0	1	393
CY121503.1	397	1819	21	49	70	397
CY121503.1	433	917	1	0	1	433
CY121503.1	436	1892	0	1	1	1892
CY121503.1	489	2210	3	11	14	489
CY121503.1	555	2069	13	8	21	555
CY121503.1	590	689	0	1	1	689
CY121503.1	612	1972	1	1	2	612
CY121503.1	665	2074	4	7	11	665
CY121503.1	667	1672	0	1	1	1672
CY121503.1	735	1830	0	1	1	1830
CY121503.1	781	1814	0	1	1	1814
CY121503.1	832	1712	1	0	1	832
CY121503.1	836	1845	5	5	10	836
CY121503.1	850	1802	1	0	1	850
CY121503.1	853	2199	0	1	1	2199
CY121503.1	856	1807	2	0	2	856
CY121503.1	862	1816	6	3	9	862
CY121503.1	886	1847	1	0	1	886
CY121503.1	936	1795	1	0	1	936
CY121503.1	964	1815	4	5	9	964
