Segment	Start	Stop	Forward_support	Reverse_support	Total_support	Fuzz_factor
CY121496.1	1008	1529	0	1	1	1529
CY121496.1	1012	1547	1	0	1	1012
CY121496.1	1019	1102	1	0	1	1019
CY121496.1	1038	1367	1	0	1	1038
CY121496.1	1057	1395	1	0	1	1057
CY121496.1	1062	1359	2	0	2	1062
CY121496.1	1064	1440	1	0	1	1064
CY121496.1	1072	1143	1	0	1	1072
CY121496.1	1072	1778	0	1	1	1778
CY121496.1	1140	1680	1	0	1	1140
CY121496.1	1151	1639	0	1	1	1639
CY121496.1	1174	1624	1	0	1	1174
CY121496.1	1197	1824	1	0	1	1197
CY121496.1	1211	1588	0	1	1	1588
CY121496.1	1222	1272	0	2	2	1272
CY121496.1	1251	1423	1	0	1	1251
CY121496.1	1256	1773	0	1	1	1773
CY121496.1	1261	1547	0	1	1	1547
CY121496.1	1261	1585	0	1	1	1585
CY121496.1	1350	1654	1	0	1	1350
CY121496.1	1351	1803	1	0	1	1351
CY121496.1	1361	1808	1	0	1	1361
CY121496.1	1364	1455	0	1	1	1455
CY121496.1	1367	1392	1	2	3	1367
CY121496.1	1374	1508	1	0	1	1374
CY121496.1	1395	1801	1	0	1	1395
CY121496.1	1406	1820	1	0	1	1406
CY121496.1	1411	1644	1	1	2	1411
CY121496.1	1437	1558	0	1	1	1558
CY121496.1	1470	1570	0	1	1	1570
CY121496.1	1495	1548	1	0	1	1495
CY121496.1	1567	1620	1	0	1	1567
CY121496.1	1572	1874	0	1	1	1874
CY121496.1	1581	1688	0	1	1	1688
CY121496.1	1604	1723	1	0	1	1604
CY121496.1	1634	1687	1	16	17	1634
CY121496.1	1672	1883	0	1	1	1883
CY121496.1	1674	1913	1	10	11	1674
CY121496.1	1691	1758	0	1	1	1758
CY121496.1	1692	1858	0	1	1	1858
CY121496.1	1724	1790	1	0	1	1724
CY121496.1	1730	1753	21	2	23	1730
CY121496.1	1741	1804	1	0	1	1741
CY121496.1	1805	1890	0	1	1	1890
CY121496.1	234	1455	1	0	1	234
CY121496.1	245	1856	2	0	2	245
CY121496.1	247	1515	1	0	1	247
CY121496.1	257	391	10	0	10	257
CY121496.1	266	1669	1	0	1	266
CY121496.1	280	1561	1	0	1	280
CY121496.1	284	1162	1	0	1	284
CY121496.1	285	855	1	0	1	285
CY121496.1	287	1568	2	1	3	287
CY121496.1	287	1636	1	0	1	287
CY121496.1	306	1627	0	10	10	1627
CY121496.1	307	1592	1	6	7	307
CY121496.1	325	1200	1	0	1	325
CY121496.1	345	1442	0	1	1	1442
CY121496.1	351	1694	0	1	1	1694
CY121496.1	355	1436	0	1	1	1436
CY121496.1	355	1698	6	18	24	355
CY121496.1	360	1749	0	1	1	1749
CY121496.1	366	499	1	0	1	366
CY121496.1	367	1606	0	1	1	1606
CY121496.1	370	1736	0	1	1	1736
CY121496.1	375	1614	0	3	3	1614
CY121496.1	381	1109	0	1	1	1109
CY121496.1	381	1586	0	1	1	1586
CY121496.1	393	610	1	0	1	393
CY121496.1	395	1640	0	1	1	1640
CY121496.1	398	1817	0	1	1	1817
CY121496.1	401	1285	0	2	2	1285
CY121496.1	404	1801	0	1	1	1801
CY121496.1	420	1321	0	1	1	1321
CY121496.1	424	1219	0	1	1	1219
CY121496.1	425	471	3	8	11	425
CY121496.1	426	484	2	8	10	426
CY121496.1	427	1233	1	0	1	427
CY121496.1	429	1117	0	1	1	1117
CY121496.1	444	1601	2	7	9	444
CY121496.1	449	838	0	1	1	838
CY121496.1	456	1271	1	0	1	456
CY121496.1	469	505	7	9	16	469
CY121496.1	470	1527	1	8	9	470
CY121496.1	485	1122	1	0	1	485
CY121496.1	488	979	0	1	1	979
CY121496.1	489	661	0	2	2	661
CY121496.1	500	1559	0	6	6	1559
CY121496.1	504	1183	1	0	1	504
CY121496.1	506	1399	1	0	1	506
CY121496.1	509	1687	1	0	1	509
CY121496.1	517	638	1	0	1	517
CY121496.1	523	1008	6	4	10	523
CY121496.1	524	1724	1	0	1	524
CY121496.1	558	1015	0	1	1	1015
CY121496.1	562	1638	2	1	3	562
CY121496.1	563	621	0	1	1	621
CY121496.1	564	1702	15	4	19	564
CY121496.1	565	1747	14	0	14	565
CY121496.1	578	1743	1	0	1	578
CY121496.1	590	1619	0	1	1	1619
CY121496.1	611	1563	1	0	1	611
CY121496.1	611	1688	1	0	1	611
CY121496.1	622	1595	2	4	6	622
CY121496.1	635	1483	1	0	1	635
CY121496.1	637	1766	0	1	1	1766
CY121496.1	640	1420	4	1	5	640
CY121496.1	653	1430	0	1	1	1430
CY121496.1	653	871	0	1	1	871
CY121496.1	659	1432	0	1	1	1432
CY121496.1	685	1599	1	0	1	685
CY121496.1	688	1678	0	1	1	1678
CY121496.1	689	1792	1	0	1	689
CY121496.1	698	1729	0	1	1	1729
CY121496.1	705	1041	0	1	1	1041
CY121496.1	707	1745	1	0	1	707
CY121496.1	709	955	0	1	1	955
CY121496.1	716	1747	0	1	1	1747
CY121496.1	727	1461	5	3	8	727
CY121496.1	757	1448	0	1	1	1448
CY121496.1	758	1075	1	0	1	758
CY121496.1	772	1695	0	1	1	1695
CY121496.1	776	1240	1	0	1	776
CY121496.1	778	1723	0	1	1	1723
CY121496.1	790	1251	1	0	1	790
CY121496.1	790	1321	1	0	1	790
CY121496.1	799	1269	2	0	2	799
CY121496.1	804	1318	1	0	1	804
CY121496.1	840	1464	0	1	1	1464
CY121496.1	853	1146	1	0	1	853
CY121496.1	866	1389	1	0	1	866
CY121496.1	902	1620	1	0	1	902
CY121496.1	905	1126	1	0	1	905
CY121496.1	914	946	0	1	1	946
CY121496.1	936	1811	4	0	4	936
CY121496.1	945	1751	1	0	1	945
CY121496.1	954	1705	1	0	1	954
CY121497.1	1005	1158	0	1	1	1158
CY121497.1	1014	1084	1	0	1	1014
CY121497.1	1030	1162	0	1	1	1162
CY121497.1	1031	1056	0	1	1	1056
CY121497.1	1096	1167	0	1	1	1167
CY121497.1	235	1139	2	0	2	235
CY121497.1	249	531	2	0	2	249
CY121497.1	254	893	1	0	1	254
CY121497.1	258	1087	1	0	1	258
CY121497.1	259	696	1	0	1	259
CY121497.1	261	321	1	0	1	261
CY121497.1	272	554	21	2	23	272
CY121497.1	275	452	1	0	1	275
CY121497.1	275	523	1	0	1	275
CY121497.1	278	560	1	0	1	278
CY121497.1	278	851	3	0	3	278
CY121497.1	292	944	1	0	1	292
CY121497.1	292	958	1	0	1	292
CY121497.1	297	983	1	0	1	297
CY121497.1	316	372	1	0	1	316
CY121497.1	322	546	1	0	1	322
CY121497.1	325	941	1	0	1	325
CY121497.1	339	1135	0	1	1	1135
CY121497.1	342	1024	1	0	1	342
CY121497.1	344	686	1	0	1	344
CY121497.1	344	965	0	1	1	965
CY121497.1	345	867	0	1	1	867
CY121497.1	346	554	0	1	1	554
CY121497.1	347	1140	0	1	1	1140
CY121497.1	347	694	0	8	8	694
CY121497.1	350	576	9	35	44	350
CY121497.1	358	412	1	0	1	358
CY121497.1	364	1151	0	2	2	1151
CY121497.1	373	946	0	1	1	946
CY121497.1	380	578	0	1	1	578
CY121497.1	388	610	1	0	1	388
CY121497.1	394	913	0	1	1	913
CY121497.1	395	594	0	1	1	594
CY121497.1	396	908	0	1	1	908
CY121497.1	397	1039	1	0	1	397
CY121497.1	397	1075	0	1	1	1075
CY121497.1	397	841	1	0	1	397
CY121497.1	402	989	0	1	1	989
CY121497.1	403	660	1	0	1	403
CY121497.1	410	486	0	1	1	486
CY121497.1	412	1070	1	0	1	412
CY121497.1	415	777	1	0	1	415
CY121497.1	418	1041	0	1	1	1041
CY121497.1	419	511	0	1	1	511
CY121497.1	421	597	0	1	1	597
CY121497.1	421	611	0	1	1	611
CY121497.1	427	833	0	4	4	833
CY121497.1	432	958	0	1	1	958
CY121497.1	437	681	0	9	9	681
CY121497.1	437	816	6	21	27	437
CY121497.1	438	682	1	3	4	438
CY121497.1	440	1061	0	1	1	1061
CY121497.1	447	984	1	0	1	447
CY121497.1	448	537	1	0	1	448
CY121497.1	448	648	1	0	1	448
CY121497.1	448	683	0	1	1	683
CY121497.1	448	818	1	7	8	448
CY121497.1	452	889	0	1	1	889
CY121497.1	453	827	1	2	3	453
CY121497.1	456	511	0	1	1	511
CY121497.1	459	547	0	1	1	547
CY121497.1	470	951	1	0	1	470
CY121497.1	472	504	1	0	1	472
CY121497.1	472	552	1	0	1	472
CY121497.1	472	755	1	0	1	472
CY121497.1	480	851	1	0	1	480
CY121497.1	481	827	0	1	1	827
CY121497.1	482	1015	7	1	8	482
CY121497.1	488	661	0	1	1	661
CY121497.1	489	537	1	0	1	489
CY121497.1	489	750	0	1	1	750
CY121497.1	502	813	1	0	1	502
CY121497.1	502	965	0	1	1	965
CY121497.1	503	631	0	1	1	631
CY121497.1	503	815	0	1	1	815
CY121497.1	504	793	1	3	4	504
CY121497.1	515	1025	1	0	1	515
CY121497.1	522	873	0	1	1	873
CY121497.1	527	1166	0	1	1	1166
CY121497.1	528	639	1	0	1	528
CY121497.1	544	580	1	0	1	544
CY121497.1	551	643	0	1	1	643
CY121497.1	552	900	1	1	2	552
CY121497.1	556	610	1	0	1	556
CY121497.1	557	632	1	2	3	557
CY121497.1	558	1056	1	0	1	558
CY121497.1	558	760	1	0	1	558
CY121497.1	561	756	1	0	1	561
CY121497.1	587	690	0	2	2	690
CY121497.1	588	805	7	2	9	588
CY121497.1	592	865	4	4	8	592
CY121497.1	592	964	3	2	5	592
CY121497.1	597	688	1	0	1	597
CY121497.1	601	902	3	2	5	601
CY121497.1	609	762	1	0	1	609
CY121497.1	613	659	1	0	1	613
CY121497.1	626	682	1	0	1	626
CY121497.1	629	786	0	1	1	786
CY121497.1	632	722	1	0	1	632
CY121497.1	632	860	0	1	1	860
CY121497.1	632	960	1	1	2	632
CY121497.1	633	920	1	0	1	633
CY121497.1	635	804	1	4	5	635
CY121497.1	637	1067	1	0	1	637
CY121497.1	641	1121	1	0	1	641
CY121497.1	644	882	1	0	1	644
CY121497.1	682	818	2	6	8	682
CY121497.1	683	707	1	0	1	683
CY121497.1	683	740	0	1	1	740
CY121497.1	688	842	16	34	50	688
CY121497.1	704	792	0	1	1	792
CY121497.1	713	787	2	2	4	713
CY121497.1	714	924	0	1	1	924
CY121497.1	716	939	2	2	4	716
CY121497.1	721	863	3	11	14	721
CY121497.1	722	873	0	1	1	873
CY121497.1	733	769	0	1	1	769
CY121497.1	737	978	1	0	1	737
CY121497.1	745	1107	1	0	1	745
CY121497.1	760	1159	0	1	1	1159
CY121497.1	761	957	4	3	7	761
CY121497.1	775	1024	3	0	3	775
CY121497.1	779	1035	0	1	1	1035
CY121497.1	784	822	1	0	1	784
CY121497.1	790	872	1	1	2	790
CY121497.1	795	865	0	1	1	865
CY121497.1	796	917	1	0	1	796
CY121497.1	800	957	2	4	6	800
CY121497.1	800	967	0	1	1	967
CY121497.1	813	916	2	1	3	813
CY121497.1	813	983	0	1	1	983
CY121497.1	820	869	1	2	3	820
CY121497.1	842	921	1	0	1	842
CY121497.1	864	1003	0	1	1	1003
CY121497.1	864	916	1	0	1	864
CY121497.1	865	965	2	3	5	865
CY121497.1	867	890	1	0	1	867
CY121497.1	885	1061	1	0	1	885
CY121497.1	895	946	0	1	1	946
CY121497.1	922	1057	1	0	1	922
CY121497.1	944	1071	1	0	1	944
CY121498.1	1074	1103	0	1	1	1103
CY121498.1	1079	1357	0	1	1	1357
CY121498.1	1093	1421	0	1	1	1421
CY121498.1	1097	1531	1	0	1	1097
CY121498.1	1117	1342	1	0	1	1117
CY121498.1	1247	1458	2	1	3	1247
CY121498.1	1253	1488	0	1	1	1488
CY121498.1	1258	1370	0	3	3	1370
CY121498.1	1262	1373	0	1	1	1373
CY121498.1	1339	1444	3	1	4	1339
CY121498.1	1362	1416	0	1	1	1416
CY121498.1	1527	1624	0	1	1	1624
CY121498.1	242	1628	3	0	3	242
CY121498.1	246	833	1	0	1	246
CY121498.1	254	297	5	0	5	254
CY121498.1	265	1598	3	0	3	265
CY121498.1	277	1500	17	1	18	277
CY121498.1	285	1402	1	0	1	285
CY121498.1	286	1189	1	0	1	286
CY121498.1	307	1425	5	11	16	307
CY121498.1	307	1443	1	0	1	307
CY121498.1	308	1378	1	0	1	308
CY121498.1	311	1545	0	1	1	1545
CY121498.1	340	1247	2	8	10	340
CY121498.1	351	1526	1	0	1	351
CY121498.1	353	1375	1	0	1	353
CY121498.1	358	459	1	0	1	358
CY121498.1	364	1384	0	1	1	1384
CY121498.1	371	1389	1	0	1	371
CY121498.1	373	562	0	1	1	562
CY121498.1	376	1554	0	1	1	1554
CY121498.1	379	1398	21	67	88	379
CY121498.1	380	1109	0	1	1	1109
CY121498.1	393	611	1	0	1	393
CY121498.1	396	504	0	1	1	504
CY121498.1	405	1078	0	1	1	1078
CY121498.1	409	1419	0	1	1	1419
CY121498.1	412	1462	1	0	1	412
CY121498.1	416	862	1	0	1	416
CY121498.1	418	1264	1	0	1	418
CY121498.1	419	917	6	6	12	419
CY121498.1	428	508	0	1	1	508
CY121498.1	443	1578	0	1	1	1578
CY121498.1	453	1121	1	0	1	453
CY121498.1	471	552	0	1	1	552
CY121498.1	477	518	0	1	1	518
CY121498.1	507	1371	3	3	6	507
CY121498.1	507	1397	0	1	1	1397
CY121498.1	510	829	0	1	1	829
CY121498.1	520	866	0	1	1	866
CY121498.1	532	1340	1	0	1	532
CY121498.1	538	702	0	1	1	702
CY121498.1	547	918	0	1	1	918
CY121498.1	552	1484	1	0	1	552
CY121498.1	562	1167	5	2	7	562
CY121498.1	567	1270	2	4	6	567
CY121498.1	604	1596	0	1	1	1596
CY121498.1	610	1223	1	0	1	610
CY121498.1	618	1328	0	1	1	1328
CY121498.1	661	988	1	0	1	661
CY121498.1	666	1096	0	1	1	1096
CY121498.1	677	934	1	0	1	677
CY121498.1	681	1140	3	2	5	681
CY121498.1	725	1135	1	0	1	725
CY121498.1	729	955	0	1	1	955
CY121498.1	747	927	1	0	1	747
CY121498.1	755	1010	0	1	1	1010
CY121498.1	801	1587	0	1	1	1587
CY121498.1	803	1532	1	0	1	803
CY121498.1	813	860	1	0	1	813
CY121498.1	837	1146	1	0	1	837
CY121498.1	854	1598	0	1	1	1598
CY121498.1	871	1251	0	1	1	1251
CY121498.1	902	1297	1	0	1	902
CY121498.1	903	1082	1	0	1	903
CY121498.1	916	1167	0	1	1	1167
CY121498.1	961	1178	0	2	2	1178
CY121499.1	1002	1696	0	1	1	1696
CY121499.1	1008	1049	1	0	1	1008
CY121499.1	1010	1067	0	1	1	1067
CY121499.1	1012	1565	0	1	1	1565
CY121499.1	1045	1557	1	0	1	1045
CY121499.1	1050	1075	0	1	1	1075
CY121499.1	1109	1241	0	1	1	1241
CY121499.1	1125	1379	1	0	1	1125
CY121499.1	1179	1273	0	1	1	1273
CY121499.1	1181	1699	0	1	1	1699
CY121499.1	1189	1589	1	0	1	1189
CY121499.1	1212	1302	1	0	1	1212
CY121499.1	1222	1436	0	1	1	1436
CY121499.1	1236	1308	1	0	1	1236
CY121499.1	1252	1454	1	0	1	1252
CY121499.1	1313	1336	0	1	1	1336
CY121499.1	1351	1390	1	3	4	1351
CY121499.1	1373	1525	0	1	1	1525
CY121499.1	1423	1546	1	0	1	1423
CY121499.1	1431	1699	0	1	1	1699
CY121499.1	1444	1568	0	1	1	1568
CY121499.1	1514	1670	1	0	1	1514
CY121499.1	1623	1666	1	0	1	1623
CY121499.1	239	795	1	0	1	239
CY121499.1	242	1207	1	0	1	242
CY121499.1	247	1523	2	0	2	247
CY121499.1	262	907	1	0	1	262
CY121499.1	264	1460	1	0	1	264
CY121499.1	271	848	1	0	1	271
CY121499.1	273	1394	1	0	1	273
CY121499.1	276	1402	1	0	1	276
CY121499.1	288	520	1	0	1	288
CY121499.1	306	732	1	0	1	306
CY121499.1	315	1389	0	1	1	1389
CY121499.1	317	1680	0	2	2	1680
CY121499.1	321	1442	0	1	1	1442
CY121499.1	332	1579	0	1	1	1579
CY121499.1	333	805	0	1	1	805
CY121499.1	335	1546	1	0	1	335
CY121499.1	348	819	0	1	1	819
CY121499.1	351	822	0	1	1	822
CY121499.1	356	1175	0	1	1	1175
CY121499.1	364	745	1	0	1	364
CY121499.1	371	512	0	1	1	512
CY121499.1	371	699	0	1	1	699
CY121499.1	374	931	0	1	1	931
CY121499.1	381	825	0	1	1	825
CY121499.1	384	1024	1	0	1	384
CY121499.1	391	624	0	1	1	624
CY121499.1	395	970	0	1	1	970
CY121499.1	400	839	0	1	1	839
CY121499.1	404	1248	0	1	1	1248
CY121499.1	412	1683	0	1	1	1683
CY121499.1	416	957	0	1	1	957
CY121499.1	418	1417	0	1	1	1417
CY121499.1	423	942	1	1	2	423
CY121499.1	426	1382	0	1	1	1382
CY121499.1	428	1561	0	1	1	1561
CY121499.1	434	1146	1	0	1	434
CY121499.1	436	1352	0	1	1	1352
CY121499.1	440	1454	0	1	1	1454
CY121499.1	440	695	0	1	1	695
CY121499.1	441	1546	0	1	1	1546
CY121499.1	442	959	2	1	3	442
CY121499.1	469	928	0	1	1	928
CY121499.1	473	1508	0	1	1	1508
CY121499.1	486	760	0	1	1	760
CY121499.1	497	1099	0	1	1	1099
CY121499.1	500	842	1	2	3	500
CY121499.1	504	1149	0	1	1	1149
CY121499.1	523	1623	1	0	1	523
CY121499.1	523	843	1	2	3	523
CY121499.1	534	640	0	1	1	640
CY121499.1	536	1027	0	1	1	1027
CY121499.1	547	803	1	0	1	547
CY121499.1	580	1527	0	1	1	1527
CY121499.1	582	1687	0	1	1	1687
CY121499.1	588	1136	1	0	1	588
CY121499.1	593	1012	0	1	1	1012
CY121499.1	622	814	0	3	3	814
CY121499.1	626	1129	0	1	1	1129
CY121499.1	639	687	0	1	1	687
CY121499.1	639	834	1	0	1	639
CY121499.1	649	740	0	1	1	740
CY121499.1	652	1114	0	1	1	1114
CY121499.1	661	948	0	1	1	948
CY121499.1	668	1100	0	1	1	1100
CY121499.1	677	986	1	0	1	677
CY121499.1	733	1232	1	0	1	733
CY121499.1	766	1088	1	0	1	766
CY121499.1	800	1575	0	1	1	1575
CY121499.1	801	1402	1	0	1	801
CY121499.1	803	1352	0	1	1	1352
CY121499.1	818	1590	1	0	1	818
CY121499.1	836	898	1	0	1	836
CY121499.1	842	1483	1	0	1	842
CY121499.1	847	966	0	1	1	966
CY121499.1	878	1466	0	1	1	1466
CY121499.1	883	983	0	1	1	983
CY121499.1	900	1087	1	1	2	900
CY121499.1	939	1110	1	0	1	939
CY121499.1	941	1186	0	1	1	1186
CY121499.1	949	1082	0	1	1	1082
CY121499.1	951	1029	0	1	1	1029
CY121499.1	951	1415	0	1	1	1415
CY121499.1	951	1695	0	1	1	1695
CY121499.1	953	1169	0	1	1	1169
CY121499.1	960	1030	1	0	1	960
CY121499.1	960	1106	0	1	1	1106
CY121499.1	972	1045	0	1	1	1045
CY121499.1	999	1044	3	1	4	999
CY121500.1	247	844	1	0	1	247
CY121500.1	256	789	1	0	1	256
CY121500.1	260	929	1	0	1	260
CY121500.1	271	1033	1	0	1	271
CY121500.1	271	938	1	0	1	271
CY121500.1	276	947	16	0	16	276
CY121500.1	324	357	0	10	10	357
CY121500.1	355	1038	0	11	11	1038
CY121500.1	427	744	0	1	1	744
CY121500.1	432	796	2	18	20	432
CY121500.1	450	526	1	0	1	450
CY121500.1	455	821	2	14	16	455
CY121500.1	460	816	0	1	1	816
CY121500.1	461	861	1	0	1	461
CY121500.1	471	760	0	1	1	760
CY121500.1	514	743	4	5	9	514
CY121500.1	522	749	0	1	1	749
CY121500.1	574	753	1	0	1	574
CY121500.1	603	780	0	1	1	780
CY121500.1	610	965	1	0	1	610
CY121500.1	798	971	0	1	1	971
CY121500.1	897	935	11	1	12	897
CY121501.1	1021	2049	1	1	2	1021
CY121501.1	1060	2342	1	0	1	1060
CY121501.1	1068	1219	1	0	1	1068
CY121501.1	1070	2351	0	1	1	2351
CY121501.1	1074	1636	1	0	1	1074
CY121501.1	1075	2357	0	2	2	2357
CY121501.1	1078	2247	1	0	1	1078
CY121501.1	1082	2364	0	1	1	2364
CY121501.1	1087	1424	0	1	1	1424
CY121501.1	1090	2372	0	3	3	2372
CY121501.1	1096	1533	2	1	3	1096
CY121501.1	1102	2015	0	1	1	2015
CY121501.1	1102	2240	1	0	1	1102
CY121501.1	1125	1608	1	0	1	1125
CY121501.1	1125	2230	3	5	8	1125
CY121501.1	1136	1787	0	1	1	1787
CY121501.1	1140	1730	1	0	1	1140
CY121501.1	1156	1273	0	1	1	1273
CY121501.1	1174	1729	1	0	1	1174
CY121501.1	1220	1262	1	0	1	1220
CY121501.1	1239	1357	1	0	1	1239
CY121501.1	1239	2192	2	2	4	1239
CY121501.1	1244	1688	1	0	1	1244
CY121501.1	1260	1649	1	2	3	1260
CY121501.1	1274	1764	0	1	1	1764
CY121501.1	1295	1360	0	1	1	1360
CY121501.1	1309	2240	0	1	1	2240
CY121501.1	1342	2201	1	0	1	1342
CY121501.1	1399	2292	1	0	1	1399
CY121501.1	1478	2081	1	0	1	1478
CY121501.1	1537	1691	0	1	1	1691
CY121501.1	1546	2009	1	0	1	1546
CY121501.1	1567	1649	3	1	4	1567
CY121501.1	1568	1997	1	2	3	1568
CY121501.1	1570	2297	3	2	5	1570
CY121501.1	1576	1800	2	0	2	1576
CY121501.1	1634	2300	1	0	1	1634
CY121501.1	1637	2334	0	1	1	2334
CY121501.1	1656	2220	1	0	1	1656
CY121501.1	1671	1836	0	1	1	1836
CY121501.1	1675	1993	0	1	1	1993
CY121501.1	1702	2294	1	0	1	1702
CY121501.1	1794	2288	1	0	1	1794
CY121501.1	1795	2300	1	3	4	1795
CY121501.1	1796	2276	0	1	1	2276
CY121501.1	1849	2096	0	1	1	2096
CY121501.1	1862	2036	0	1	1	2036
CY121501.1	1869	2240	16	9	25	1869
CY121501.1	1887	2161	1	0	1	1887
CY121501.1	1978	2301	0	1	1	2301
CY121501.1	2060	2138	2	0	2	2060
CY121501.1	2074	2151	0	1	1	2151
CY121501.1	2088	2125	5	7	12	2088
CY121501.1	2090	2244	1	1	2	2090
CY121501.1	2105	2207	3	1	4	2105
CY121501.1	2119	2179	0	1	1	2179
CY121501.1	2123	2147	0	1	1	2147
CY121501.1	2135	2166	23	19	42	2135
CY121501.1	2137	2190	2	0	2	2137
CY121501.1	2146	2189	0	2	2	2189
CY121501.1	2178	2209	4	1	5	2178
CY121501.1	2188	2218	1	0	1	2188
CY121501.1	2195	2340	0	1	1	2340
CY121501.1	2211	2268	1	0	1	2211
CY121501.1	2234	2346	0	1	1	2346
CY121501.1	2259	2321	1	0	1	2259
CY121501.1	2284	2307	0	1	1	2307
CY121501.1	235	272	1	0	1	235
CY121501.1	237	1786	1	0	1	237
CY121501.1	237	2340	2	0	2	237
CY121501.1	245	750	1	0	1	245
CY121501.1	261	365	5	1	6	261
CY121501.1	262	302	17	0	17	262
CY121501.1	271	2161	1	0	1	271
CY121501.1	271	2340	3	0	3	271
CY121501.1	275	2205	1	0	1	275
CY121501.1	275	337	4	1	5	275
CY121501.1	276	1694	1	0	1	276
CY121501.1	278	2215	1	0	1	278
CY121501.1	278	349	3	0	3	278
CY121501.1	282	1842	24	3	27	282
CY121501.1	282	2077	1	0	1	282
CY121501.1	282	2172	10	1	11	282
CY121501.1	284	2164	1	2	3	284
CY121501.1	284	2292	1	0	1	284
CY121501.1	285	431	1	0	1	285
CY121501.1	286	2268	16	2	18	286
CY121501.1	288	317	1	0	1	288
CY121501.1	288	345	1	0	1	288
CY121501.1	291	2174	1	1	2	291
CY121501.1	292	2130	2	0	2	292
CY121501.1	292	2272	14	0	14	292
CY121501.1	292	2325	16	1	17	292
CY121501.1	293	2150	6	3	9	293
CY121501.1	296	2267	5	1	6	296
CY121501.1	297	2125	1	0	1	297
CY121501.1	302	2138	1	0	1	302
CY121501.1	303	735	0	1	1	735
CY121501.1	311	1273	1	0	1	311
CY121501.1	313	339	0	3	3	339
CY121501.1	321	348	1	14	15	321
CY121501.1	327	2193	0	1	1	2193
CY121501.1	334	2174	0	5	5	2174
CY121501.1	336	2066	2	4	6	336
CY121501.1	336	2135	1	5	6	336
CY121501.1	336	2155	0	4	4	2155
CY121501.1	336	2182	0	10	10	2182
CY121501.1	336	370	2	61	63	336
CY121501.1	336	412	6	132	138	336
CY121501.1	337	2177	546	2395	2941	337
CY121501.1	337	367	1	11	12	337
CY121501.1	337	504	0	2	2	504
CY121501.1	338	1403	1	0	1	338
CY121501.1	338	2178	0	2	2	2178
CY121501.1	340	2176	0	8	8	2176
CY121501.1	341	2180	0	8	8	2180
CY121501.1	342	435	0	1	1	435
CY121501.1	345	2183	0	9	9	2183
CY121501.1	347	2294	0	3	3	2294
CY121501.1	348	2170	0	1	1	2170
CY121501.1	349	2147	1	0	1	349
CY121501.1	349	2274	0	1	1	2274
CY121501.1	350	2190	3	81	84	350
CY121501.1	351	2299	0	1	1	2299
CY121501.1	352	2192	0	2	2	2192
CY121501.1	352	2193	0	9	9	2193
CY121501.1	354	524	0	1	1	524
CY121501.1	355	2196	0	1	1	2196
CY121501.1	357	2110	2	23	25	357
CY121501.1	361	2184	11	78	89	361
CY121501.1	361	2200	1	49	50	361
CY121501.1	361	444	0	13	13	444
CY121501.1	362	2157	0	2	2	2157
CY121501.1	362	405	2	23	25	362
CY121501.1	363	2107	1	6	7	363
CY121501.1	365	2066	9	51	60	365
CY121501.1	365	406	0	8	8	406
CY121501.1	369	2048	1	0	1	369
CY121501.1	369	2162	11	0	11	369
CY121501.1	369	2179	6	13	19	369
CY121501.1	369	403	0	1	1	403
CY121501.1	370	2233	1	9	10	370
CY121501.1	371	2073	0	5	5	2073
CY121501.1	373	2160	0	2	2	2160
CY121501.1	378	2173	124	363	487	378
CY121501.1	378	2177	2	0	2	378
CY121501.1	379	2122	5	3	8	379
CY121501.1	382	2155	2	18	20	382
CY121501.1	383	2144	55	167	222	383
CY121501.1	385	2071	1	3	4	385
CY121501.1	385	2176	32	118	150	385
CY121501.1	385	2179	1	16	17	385
CY121501.1	385	2182	0	2	2	2182
CY121501.1	387	2142	3	25	28	387
CY121501.1	387	2149	17	90	107	387
CY121501.1	387	2186	3	0	3	387
CY121501.1	388	2188	30	62	92	388
CY121501.1	389	2135	0	4	4	2135
CY121501.1	389	488	1	0	1	389
CY121501.1	393	2185	0	6	6	2185
CY121501.1	394	2152	3	4	7	394
CY121501.1	395	2188	2	10	12	395
CY121501.1	396	2148	0	1	1	2148
CY121501.1	399	2191	0	5	5	2191
CY121501.1	401	1483	1	0	1	401
CY121501.1	402	2071	0	6	6	2071
CY121501.1	402	2158	5	17	22	402
CY121501.1	403	2210	0	1	1	2210
CY121501.1	405	2158	4	24	28	405
CY121501.1	406	2166	1	5	6	406
CY121501.1	409	2108	2	2	4	409
CY121501.1	410	2136	13	63	76	410
CY121501.1	412	2192	0	1	1	2192
CY121501.1	414	2113	0	1	1	2113
CY121501.1	414	440	1	2	3	414
CY121501.1	417	2063	3	12	15	417
CY121501.1	417	2160	4	1	5	417
CY121501.1	417	2178	1	2	3	417
CY121501.1	418	1974	1	0	1	418
CY121501.1	418	2273	0	1	1	2273
CY121501.1	419	2162	72	221	293	419
CY121501.1	423	2173	0	1	1	2173
CY121501.1	426	2064	0	3	3	2064
CY121501.1	426	2120	0	1	1	2120
CY121501.1	432	2077	0	1	1	2077
CY121501.1	432	2176	0	9	9	2176
CY121501.1	434	2193	2	9	11	434
CY121501.1	435	2188	1	7	8	435
CY121501.1	436	2171	0	1	1	2171
CY121501.1	438	503	0	9	9	503
CY121501.1	439	2110	2	12	14	439
CY121501.1	440	2068	3	1	4	440
CY121501.1	441	2033	2	2	4	441
CY121501.1	441	2051	13	71	84	441
CY121501.1	441	2129	9	5	14	441
CY121501.1	443	2169	0	1	1	2169
CY121501.1	445	2184	0	2	2	2184
CY121501.1	447	2135	192	495	687	447
CY121501.1	451	2079	4	17	21	451
CY121501.1	453	1395	8	8	16	453
CY121501.1	453	2191	0	1	1	2191
CY121501.1	455	2078	39	119	158	455
CY121501.1	457	2067	0	2	2	2067
CY121501.1	457	527	16	118	134	457
CY121501.1	460	2107	3	25	28	460
CY121501.1	462	2002	1	0	1	462
CY121501.1	463	1916	1	6	7	463
CY121501.1	463	1948	0	1	1	1948
CY121501.1	464	2056	0	4	4	2056
CY121501.1	466	2109	0	1	1	2109
CY121501.1	467	2092	0	2	2	2092
CY121501.1	470	2036	5	1	6	470
CY121501.1	471	2139	0	1	1	2139
CY121501.1	472	1924	0	1	1	1924
CY121501.1	472	2150	0	1	1	2150
CY121501.1	473	2136	3	5	8	473
CY121501.1	474	2003	0	1	1	2003
CY121501.1	477	2006	3	3	6	477
CY121501.1	477	2307	1	0	1	477
CY121501.1	479	2154	14	27	41	479
CY121501.1	479	2186	0	4	4	2186
CY121501.1	483	2082	0	1	1	2082
CY121501.1	484	1994	0	1	1	1994
CY121501.1	485	2170	0	21	21	2170
CY121501.1	489	2040	238	382	620	489
CY121501.1	489	2042	2	1	3	489
CY121501.1	491	2015	1	2	3	491
CY121501.1	491	2043	124	204	328	491
CY121501.1	492	2158	0	1	1	2158
CY121501.1	492	515	7	5	12	492
CY121501.1	493	1920	7	8	15	493
CY121501.1	493	2035	3	8	11	493
CY121501.1	494	2011	9	18	27	494
CY121501.1	496	2074	0	3	3	2074
CY121501.1	497	562	1	14	15	497
CY121501.1	499	2045	1	0	1	499
CY121501.1	499	2134	1	2	3	499
CY121501.1	500	2044	7	2	9	500
CY121501.1	501	1947	3	6	9	501
CY121501.1	502	2001	0	1	1	2001
CY121501.1	503	553	2	2	4	503
CY121501.1	509	2151	4	5	9	509
CY121501.1	512	2180	0	1	1	2180
CY121501.1	513	2003	5	10	15	513
CY121501.1	513	2059	1	3	4	513
CY121501.1	514	2030	1	2	3	514
CY121501.1	514	2034	1	5	6	514
CY121501.1	514	2066	6	4	10	514
CY121501.1	515	2183	0	1	1	2183
CY121501.1	519	2066	2	3	5	519
CY121501.1	522	1974	0	1	1	1974
CY121501.1	523	2060	6	2	8	523
CY121501.1	534	2051	0	9	9	2051
CY121501.1	538	2110	7	5	12	538
CY121501.1	548	1964	8	2	10	548
CY121501.1	551	2019	6	2	8	551
CY121501.1	551	2066	3	1	4	551
CY121501.1	553	2273	4	1	5	553
CY121501.1	556	2011	2	0	2	556
CY121501.1	557	2039	3	6	9	557
CY121501.1	557	581	1	1	2	557
CY121501.1	561	1926	1	0	1	561
CY121501.1	563	2066	14	4	18	563
CY121501.1	564	2053	2	5	7	564
CY121501.1	564	594	11	5	16	564
CY121501.1	566	766	0	1	1	766
CY121501.1	566	906	2	0	2	566
CY121501.1	568	1933	1	3	4	568
CY121501.1	569	1832	14	10	24	569
CY121501.1	574	2030	1	1	2	574
CY121501.1	583	2012	1	0	1	583
CY121501.1	585	2190	0	1	1	2190
CY121501.1	586	2015	0	6	6	2015
CY121501.1	587	1383	1	0	1	587
CY121501.1	590	1915	2	4	6	590
CY121501.1	593	1918	7	2	9	593
CY121501.1	597	1863	1	0	1	597
CY121501.1	604	2023	1	0	1	604
CY121501.1	604	2304	1	0	1	604
CY121501.1	609	1873	2	2	4	609
CY121501.1	609	2030	3	2	5	609
CY121501.1	609	2034	2	0	2	609
CY121501.1	611	1897	2	5	7	611
CY121501.1	614	1956	8	10	18	614
CY121501.1	614	1957	10	11	21	614
CY121501.1	621	1305	1	0	1	621
CY121501.1	624	1948	9	6	15	624
CY121501.1	627	1902	1	0	1	627
CY121501.1	631	776	1	0	1	631
CY121501.1	633	1953	1	1	2	633
CY121501.1	634	1922	8	6	14	634
CY121501.1	634	1930	7	5	12	634
CY121501.1	637	1922	1	1	2	637
CY121501.1	637	662	23	34	57	637
CY121501.1	640	1841	1	0	1	640
CY121501.1	644	2073	0	1	1	2073
CY121501.1	651	1865	5	2	7	651
CY121501.1	652	1852	7	2	9	652
CY121501.1	658	1852	4	6	10	658
CY121501.1	658	1911	1	0	1	658
CY121501.1	658	1954	8	0	8	658
CY121501.1	668	1802	1	0	1	668
CY121501.1	671	1754	1	0	1	671
CY121501.1	675	1755	3	1	4	675
CY121501.1	676	1845	1	2	3	676
CY121501.1	680	1957	0	1	1	1957
CY121501.1	681	1837	2	0	2	681
CY121501.1	686	1841	3	0	3	686
CY121501.1	686	713	47	127	174	686
CY121501.1	693	1676	9	3	12	693
CY121501.1	693	1879	2	2	4	693
CY121501.1	695	1840	1	0	1	695
CY121501.1	696	1841	4	3	7	696
CY121501.1	697	1940	1	0	1	697
CY121501.1	700	726	0	2	2	726
CY121501.1	701	1693	0	2	2	1693
CY121501.1	701	1874	1	2	3	701
CY121501.1	701	1997	0	1	1	1997
CY121501.1	702	1826	5	2	7	702
CY121501.1	711	1872	7	12	19	711
CY121501.1	713	1854	0	1	1	1854
CY121501.1	718	1519	1	0	1	718
CY121501.1	727	1379	0	1	1	1379
CY121501.1	729	1852	0	1	1	1852
CY121501.1	737	1620	8	6	14	737
CY121501.1	737	1944	48	36	84	737
CY121501.1	738	1846	2	1	3	738
CY121501.1	739	1794	0	3	3	1794
CY121501.1	742	1930	0	3	3	1930
CY121501.1	746	1855	111	121	232	746
CY121501.1	748	1857	0	1	1	1857
CY121501.1	751	1600	2	1	3	751
CY121501.1	755	1602	5	2	7	755
CY121501.1	758	1606	10	4	14	758
CY121501.1	763	2202	1	0	1	763
CY121501.1	769	1954	1	1	2	769
CY121501.1	772	1883	0	1	1	1883
CY121501.1	774	2248	1	0	1	774
CY121501.1	778	2008	3	5	8	778
CY121501.1	781	1902	1	0	1	781
CY121501.1	803	1986	1	0	1	803
CY121501.1	804	1765	0	2	2	1765
CY121501.1	810	1790	3	2	5	810
CY121501.1	816	1712	1	2	3	816
CY121501.1	822	2265	1	0	1	822
CY121501.1	825	1721	0	2	2	1721
CY121501.1	828	1950	1	7	8	828
CY121501.1	835	1052	0	1	1	1052
CY121501.1	844	1865	0	1	1	1865
CY121501.1	848	1378	0	1	1	1378
CY121501.1	849	1707	1	0	1	849
CY121501.1	849	1783	1	0	1	849
CY121501.1	851	1668	1	0	1	851
CY121501.1	858	1832	5	2	7	858
CY121501.1	867	1976	1	0	1	867
CY121501.1	883	1806	2	2	4	883
CY121501.1	885	1915	55	65	120	885
CY121501.1	887	1745	1	0	1	887
CY121501.1	903	1822	0	1	1	1822
CY121501.1	904	2003	1	0	1	904
CY121501.1	906	1696	1	3	4	906
CY121501.1	916	1726	3	5	8	916
CY121501.1	927	1175	0	1	1	1175
CY121501.1	928	1081	2	0	2	928
CY121501.1	931	2144	1	0	1	931
CY121501.1	937	1656	7	1	8	937
CY121501.1	938	1605	2	0	2	938
CY121501.1	953	1743	0	1	1	1743
CY121501.1	979	1564	0	1	1	1564
CY121501.1	989	1676	1	0	1	989
CY121502.1	1001	1704	3	4	7	1001
CY121502.1	1004	1666	1	0	1	1004
CY121502.1	1011	1687	1	0	1	1011
CY121502.1	1012	1667	1	0	1	1012
CY121502.1	1026	2152	0	1	1	2152
CY121502.1	1031	1913	0	1	1	1913
CY121502.1	1041	1856	0	1	1	1856
CY121502.1	1062	2325	0	1	1	2325
CY121502.1	1067	2223	0	1	1	2223
CY121502.1	1070	1863	0	1	1	1863
CY121502.1	1078	2344	0	1	1	2344
CY121502.1	1091	1361	1	0	1	1091
CY121502.1	1124	1475	0	1	1	1475
CY121502.1	1147	1341	0	1	1	1341
CY121502.1	1149	1963	0	1	1	1963
CY121502.1	1154	2165	0	1	1	2165
CY121502.1	1155	1227	1	0	1	1155
CY121502.1	1157	1328	1	0	1	1157
CY121502.1	1158	1389	0	1	1	1389
CY121502.1	1175	2020	0	1	1	2020
CY121502.1	1193	1217	1	1	2	1193
CY121502.1	1301	2098	0	1	1	2098
CY121502.1	1311	2048	0	3	3	2048
CY121502.1	1314	1440	0	1	1	1440
CY121502.1	1320	1809	1	0	1	1320
CY121502.1	1326	1832	1	0	1	1326
CY121502.1	1364	1447	0	1	1	1447
CY121502.1	1373	1860	1	0	1	1373
CY121502.1	1421	1830	0	1	1	1830
CY121502.1	1453	1832	0	1	1	1832
CY121502.1	1472	2112	1	0	1	1472
CY121502.1	1503	2366	1	0	1	1503
CY121502.1	1530	2240	0	1	1	2240
CY121502.1	1552	1596	2	0	2	1552
CY121502.1	1596	1625	1	0	1	1596
CY121502.1	1612	1905	1	1	2	1612
CY121502.1	1612	2465	0	1	1	2465
CY121502.1	1621	2361	1	0	1	1621
CY121502.1	1632	1703	0	1	1	1703
CY121502.1	1770	2277	1	0	1	1770
CY121502.1	1816	1891	2	0	2	1816
CY121502.1	1847	1987	0	1	1	1987
CY121502.1	1899	2141	0	1	1	2141
CY121502.1	1912	1935	0	1	1	1935
CY121502.1	1922	1947	1	0	1	1922
CY121502.1	1925	1950	61	117	178	1925
CY121502.1	1934	2086	1	0	1	1934
CY121502.1	1950	2361	0	1	1	2361
CY121502.1	1981	2128	1	0	1	1981
CY121502.1	1999	2177	1	0	1	1999
CY121502.1	2006	2463	0	1	1	2463
CY121502.1	2026	2204	1	0	1	2026
CY121502.1	2043	2148	1	0	1	2043
CY121502.1	2044	2149	65	45	110	2044
CY121502.1	2055	2344	1	0	1	2055
CY121502.1	2154	2252	3	0	3	2154
CY121502.1	2229	2367	2	1	3	2229
CY121502.1	2247	2289	3	0	3	2247
CY121502.1	2276	2316	1	0	1	2276
CY121502.1	2288	2330	180	61	241	2288
CY121502.1	2326	2363	2	0	2	2326
CY121502.1	2340	2385	0	1	1	2385
CY121502.1	2360	2385	1	0	1	2360
CY121502.1	2372	2395	5	4	9	2372
CY121502.1	239	2236	22	1	23	239
CY121502.1	242	2398	9	0	9	242
CY121502.1	243	2126	3	0	3	243
CY121502.1	243	294	3	0	3	243
CY121502.1	244	1624	1	0	1	244
CY121502.1	247	2322	1	0	1	247
CY121502.1	250	2226	1	0	1	250
CY121502.1	251	1731	1	0	1	251
CY121502.1	252	2327	90	1	91	252
CY121502.1	252	2384	14	0	14	252
CY121502.1	255	311	1	1	2	255
CY121502.1	255	411	5	0	5	255
CY121502.1	258	1638	1	0	1	258
CY121502.1	259	2334	4	0	4	259
CY121502.1	260	2324	3	0	3	260
CY121502.1	261	312	2	0	2	261
CY121502.1	266	2330	19	3	22	266
CY121502.1	268	2207	1	0	1	268
CY121502.1	268	2261	1	0	1	268
CY121502.1	271	1873	1	0	1	271
CY121502.1	271	2499	0	1	1	2499
CY121502.1	275	2454	6	7	13	275
CY121502.1	276	2243	2	1	3	276
CY121502.1	281	2502	2	3	5	281
CY121502.1	284	364	4	0	4	284
CY121502.1	290	2448	5	5	10	290
CY121502.1	293	2248	0	2	2	2248
CY121502.1	295	2456	0	1	1	2456
CY121502.1	304	2346	1	0	1	304
CY121502.1	310	2454	0	8	8	2454
CY121502.1	311	2363	1	1	2	311
CY121502.1	318	2125	1	0	1	318
CY121502.1	322	2476	0	1	1	2476
CY121502.1	325	1808	2	0	2	325
CY121502.1	334	2350	1	0	1	334
CY121502.1	339	1838	1	0	1	339
CY121502.1	341	2472	0	1	1	2472
CY121502.1	344	1804	1	0	1	344
CY121502.1	344	1858	1	0	1	344
CY121502.1	344	2353	0	1	1	2353
CY121502.1	348	2353	9	19	28	348
CY121502.1	350	1809	2	3	5	350
CY121502.1	353	1507	1	0	1	353
CY121502.1	355	1813	40	5	45	355
CY121502.1	356	1853	2	0	2	356
CY121502.1	358	1085	1	0	1	358
CY121502.1	358	2405	5	2	7	358
CY121502.1	360	2243	1	0	1	360
CY121502.1	360	394	19	57	76	360
CY121502.1	362	1923	1	0	1	362
CY121502.1	363	2215	1	1	2	363
CY121502.1	366	1521	1	1	2	366
CY121502.1	367	1871	1	0	1	367
CY121502.1	371	2225	1	0	1	371
CY121502.1	374	1931	3	1	4	374
CY121502.1	375	2156	1	0	1	375
CY121502.1	376	1936	1	0	1	376
CY121502.1	379	1596	1	0	1	379
CY121502.1	381	410	0	1	1	410
CY121502.1	382	2261	1	0	1	382
CY121502.1	383	2235	0	1	1	2235
CY121502.1	383	2267	4	0	4	383
CY121502.1	388	1614	0	1	1	1614
CY121502.1	389	1320	1	0	1	389
CY121502.1	389	2238	1	0	1	389
CY121502.1	393	2363	2	1	3	393
CY121502.1	397	2248	7	0	7	397
CY121502.1	397	2348	1	1	2	397
CY121502.1	398	2290	8	0	8	398
CY121502.1	401	1931	2	0	2	401
CY121502.1	402	2281	4	0	4	402
CY121502.1	406	1960	0	1	1	1960
CY121502.1	410	2199	1	0	1	410
CY121502.1	410	2388	0	1	1	2388
CY121502.1	415	1518	0	1	1	1518
CY121502.1	419	2297	6	1	7	419
CY121502.1	423	2251	6	0	6	423
CY121502.1	430	2298	4	1	5	430
CY121502.1	433	2399	0	1	1	2399
CY121502.1	435	2347	1	0	1	435
CY121502.1	438	1846	1	0	1	438
CY121502.1	439	1944	1	0	1	439
CY121502.1	440	2278	157	20	177	440
CY121502.1	441	1979	3	0	3	441
CY121502.1	441	2099	1	1	2	441
CY121502.1	441	2492	0	4	4	2492
CY121502.1	442	2253	2	0	2	442
CY121502.1	446	537	0	1	1	537
CY121502.1	448	1847	0	1	1	1847
CY121502.1	451	1492	1	0	1	451
CY121502.1	462	2326	0	1	1	2326
CY121502.1	463	2298	1	0	1	463
CY121502.1	469	1792	0	1	1	1792
CY121502.1	470	1531	0	1	1	1531
CY121502.1	471	2303	0	4	4	2303
CY121502.1	486	777	1	0	1	486
CY121502.1	493	1520	1	0	1	493
CY121502.1	497	2242	1	1	2	497
CY121502.1	498	2273	10	8	18	498
CY121502.1	499	2378	2	1	3	499
CY121502.1	518	2016	1	1	2	518
CY121502.1	518	685	1	0	1	518
CY121502.1	526	2099	18	27	45	526
CY121502.1	527	2085	0	1	1	2085
CY121502.1	541	2107	4	1	5	541
CY121502.1	544	2163	1	0	1	544
CY121502.1	548	1289	1	0	1	548
CY121502.1	548	2044	4	5	9	548
CY121502.1	555	2150	1	0	1	555
CY121502.1	555	2161	1	0	1	555
CY121502.1	561	2123	0	4	4	2123
CY121502.1	569	1463	1	0	1	569
CY121502.1	569	2147	0	6	6	2147
CY121502.1	572	1066	0	1	1	1066
CY121502.1	574	2148	1	0	1	574
CY121502.1	575	618	1	0	1	575
CY121502.1	576	2103	1	0	1	576
CY121502.1	577	1982	0	1	1	1982
CY121502.1	577	2269	15	10	25	577
CY121502.1	585	2190	4	4	8	585
CY121502.1	586	2251	4	2	6	586
CY121502.1	589	2100	3	6	9	589
CY121502.1	592	2113	2	0	2	592
CY121502.1	593	2169	0	1	1	2169
CY121502.1	594	2260	0	1	1	2260
CY121502.1	604	2182	1	0	1	604
CY121502.1	604	2261	0	1	1	2261
CY121502.1	609	2018	2	0	2	609
CY121502.1	609	2063	10	21	31	609
CY121502.1	609	2091	2	4	6	609
CY121502.1	610	2161	2	0	2	610
CY121502.1	618	1506	1	1	2	618
CY121502.1	620	2170	117	114	231	620
CY121502.1	632	1975	1	5	6	632
CY121502.1	638	2178	0	5	5	2178
CY121502.1	640	1985	0	1	1	1985
CY121502.1	644	1403	0	1	1	1403
CY121502.1	644	1851	1	0	1	644
CY121502.1	644	2208	0	6	6	2208
CY121502.1	666	2267	0	1	1	2267
CY121502.1	683	1693	2	4	6	683
CY121502.1	693	2067	1	0	1	693
CY121502.1	700	2127	0	1	1	2127
CY121502.1	710	2094	2	0	2	710
CY121502.1	714	2099	4	6	10	714
CY121502.1	716	2182	1	0	1	716
CY121502.1	729	1907	0	1	1	1907
CY121502.1	734	1812	1	0	1	734
CY121502.1	739	1773	0	1	1	1773
CY121502.1	741	1783	0	2	2	1783
CY121502.1	743	1909	6	5	11	743
CY121502.1	745	1656	0	1	1	1656
CY121502.1	745	1686	2	1	3	745
CY121502.1	746	2008	1	0	1	746
CY121502.1	748	2235	0	1	1	2235
CY121502.1	749	2100	5	1	6	749
CY121502.1	751	1861	2	3	5	751
CY121502.1	751	2059	1	0	1	751
CY121502.1	755	2019	2	4	6	755
CY121502.1	758	1892	3	4	7	758
CY121502.1	760	1905	3	2	5	760
CY121502.1	760	2004	0	1	1	2004
CY121502.1	760	2006	3	1	4	760
CY121502.1	764	1791	1	0	1	764
CY121502.1	764	2002	1	4	5	764
CY121502.1	765	2008	3	2	5	765
CY121502.1	773	1923	0	1	1	1923
CY121502.1	773	1999	3	4	7	773
CY121502.1	774	1922	1	0	1	774
CY121502.1	782	1961	0	1	1	1961
CY121502.1	782	2177	0	1	1	2177
CY121502.1	785	1513	0	1	1	1513
CY121502.1	786	1307	0	1	1	1307
CY121502.1	791	1861	1	0	1	791
CY121502.1	792	1968	1	1	2	792
CY121502.1	796	1814	2	0	2	796
CY121502.1	797	1303	1	0	1	797
CY121502.1	797	1957	7	4	11	797
CY121502.1	805	1142	1	0	1	805
CY121502.1	808	1826	0	2	2	1826
CY121502.1	813	1981	1	5	6	813
CY121502.1	818	1159	0	1	1	1159
CY121502.1	820	1013	0	1	1	1013
CY121502.1	825	1829	2	4	6	825
CY121502.1	828	1368	1	1	2	828
CY121502.1	834	1142	0	1	1	1142
CY121502.1	836	1720	2	4	6	836
CY121502.1	837	2024	0	1	1	2024
CY121502.1	847	1388	2	0	2	847
CY121502.1	856	1679	1	0	1	856
CY121502.1	858	1612	0	1	1	1612
CY121502.1	867	2417	0	1	1	2417
CY121502.1	893	1886	0	4	4	1886
CY121502.1	903	1872	2	3	5	903
CY121502.1	903	1873	2	4	6	903
CY121502.1	903	2287	0	1	1	2287
CY121502.1	923	1316	0	1	1	1316
CY121502.1	930	1859	7	2	9	930
CY121502.1	937	2169	0	1	1	2169
CY121502.1	938	1758	1	0	1	938
CY121502.1	938	2296	1	0	1	938
CY121502.1	952	2215	0	1	1	2215
CY121502.1	960	1727	2	0	2	960
CY121502.1	974	1800	4	5	9	974
CY121502.1	977	1803	1	0	1	977
CY121502.1	999	1809	1	2	3	999
CY121503.1	1008	1376	0	1	1	1376
CY121503.1	1008	1841	1	0	1	1008
CY121503.1	1013	2077	1	0	1	1013
CY121503.1	1014	1700	1	1	2	1014
CY121503.1	1057	1522	0	1	1	1522
CY121503.1	1102	2105	1	0	1	1102
CY121503.1	1109	1260	0	1	1	1260
CY121503.1	1136	1798	1	0	1	1136
CY121503.1	1144	2077	1	0	1	1144
CY121503.1	1144	2138	2	3	5	1144
CY121503.1	1149	2284	1	0	1	1149
CY121503.1	1150	1174	0	1	1	1174
CY121503.1	1169	1847	1	0	1	1169
CY121503.1	1172	2151	0	1	1	2151
CY121503.1	1172	2158	2	7	9	1172
CY121503.1	1175	2254	2	2	4	1175
CY121503.1	1179	2164	0	1	1	2164
CY121503.1	1182	1877	0	2	2	1877
CY121503.1	1184	2090	3	3	6	1184
CY121503.1	1184	2093	21	43	64	1184
CY121503.1	1197	1407	0	1	1	1407
CY121503.1	1197	2078	0	1	1	2078
CY121503.1	1200	2080	0	1	1	2080
CY121503.1	1205	2151	0	1	1	2151
CY121503.1	1227	1666	1	0	1	1227
CY121503.1	1263	1310	1	0	1	1263
CY121503.1	1267	2180	0	1	1	2180
CY121503.1	1303	1869	1	0	1	1303
CY121503.1	1310	2173	0	1	1	2173
CY121503.1	1323	1751	1	0	1	1323
CY121503.1	1325	2150	4	2	6	1325
CY121503.1	1333	2471	0	1	1	2471
CY121503.1	1387	2150	2	5	7	1387
CY121503.1	1388	1656	1	0	1	1388
CY121503.1	1394	2040	16	10	26	1394
CY121503.1	1413	1900	1	0	1	1413
CY121503.1	1415	2376	1	0	1	1415
CY121503.1	1451	2153	0	1	1	2153
CY121503.1	1474	1552	0	1	1	1552
CY121503.1	1475	1503	0	1	1	1503
CY121503.1	1538	2059	1	0	1	1538
CY121503.1	1543	1891	0	2	2	1891
CY121503.1	1565	2280	0	1	1	2280
CY121503.1	1590	2137	0	1	1	2137
CY121503.1	1640	1701	1	0	1	1640
CY121503.1	1691	2099	0	1	1	2099
CY121503.1	1700	2038	1	0	1	1700
CY121503.1	1701	1734	0	1	1	1734
CY121503.1	1702	1843	1	0	1	1702
CY121503.1	1724	2398	1	0	1	1724
CY121503.1	1767	1800	1	0	1	1767
CY121503.1	1792	2157	0	1	1	2157
CY121503.1	1799	2162	0	1	1	2162
CY121503.1	1802	2039	0	1	1	2039
CY121503.1	1920	1952	1	0	1	1920
CY121503.1	1936	2035	1	4	5	1936
CY121503.1	1948	2033	1	0	1	1948
CY121503.1	1960	2348	1	0	1	1960
CY121503.1	1979	2080	0	1	1	2080
CY121503.1	2005	2494	0	1	1	2494
CY121503.1	2078	2177	0	1	1	2177
CY121503.1	2124	2184	0	1	1	2184
CY121503.1	2148	2176	1	1	2	2148
CY121503.1	2178	2382	1	0	1	2178
CY121503.1	2263	2309	0	9	9	2309
CY121503.1	2346	2372	0	6	6	2372
CY121503.1	253	1894	1	0	1	253
CY121503.1	254	2430	2	0	2	254
CY121503.1	256	2429	3	0	3	256
CY121503.1	269	1739	1	0	1	269
CY121503.1	274	1909	1	0	1	274
CY121503.1	281	1375	1	0	1	281
CY121503.1	286	932	1	0	1	286
CY121503.1	287	1809	2	0	2	287
CY121503.1	288	2455	7	8	15	288
CY121503.1	288	2481	2	2	4	288
CY121503.1	296	1638	1	0	1	296
CY121503.1	303	2478	0	1	1	2478
CY121503.1	319	2350	1	0	1	319
CY121503.1	326	1294	0	1	1	1294
CY121503.1	331	1587	0	2	2	1587
CY121503.1	333	1229	1	1	2	333
CY121503.1	337	1364	0	1	1	1364
CY121503.1	340	2329	1	1	2	340
CY121503.1	342	1800	0	1	1	1800
CY121503.1	347	2236	0	8	8	2236
CY121503.1	358	2306	1	3	4	358
CY121503.1	361	2216	0	1	1	2216
CY121503.1	363	2218	0	14	14	2218
CY121503.1	365	2160	0	2	2	2160
CY121503.1	365	2397	1	3	4	365
CY121503.1	367	1283	0	1	1	1283
CY121503.1	367	2268	0	1	1	2268
CY121503.1	367	2315	2	19	21	367
CY121503.1	369	978	0	1	1	978
CY121503.1	373	2289	5	19	24	373
CY121503.1	374	2197	0	7	7	2197
CY121503.1	374	2219	5	75	80	374
CY121503.1	374	2266	1	1	2	374
CY121503.1	377	2424	0	1	1	2424
CY121503.1	380	2080	0	1	1	2080
CY121503.1	380	2203	0	2	2	2203
CY121503.1	381	2202	13	103	116	381
CY121503.1	383	1999	0	1	1	1999
CY121503.1	384	1617	1	0	1	384
CY121503.1	385	2268	1	11	12	385
CY121503.1	385	2432	2	0	2	385
CY121503.1	387	2319	1	33	34	387
CY121503.1	391	2261	0	1	1	2261
CY121503.1	403	2392	1	7	8	403
CY121503.1	405	2223	0	2	2	2223
CY121503.1	406	2378	0	1	1	2378
CY121503.1	406	457	0	1	1	457
CY121503.1	408	2482	0	1	1	2482
CY121503.1	409	2216	0	1	1	2216
CY121503.1	415	2222	0	4	4	2222
CY121503.1	418	2331	0	1	1	2331
CY121503.1	422	532	1	0	1	422
CY121503.1	435	2432	0	1	1	2432
CY121503.1	437	2282	1	7	8	437
CY121503.1	440	2361	0	1	1	2361
CY121503.1	443	2204	46	108	154	443
CY121503.1	446	983	0	1	1	983
CY121503.1	448	2065	0	1	1	2065
CY121503.1	457	1574	0	1	1	1574
CY121503.1	461	486	0	2	2	486
CY121503.1	462	2065	1	4	5	462
CY121503.1	464	2073	4	4	8	464
CY121503.1	467	2070	0	1	1	2070
CY121503.1	472	498	1	0	1	472
CY121503.1	473	520	1	0	1	473
CY121503.1	490	1191	0	1	1	1191
CY121503.1	490	2070	1	3	4	490
CY121503.1	491	1996	13	16	29	491
CY121503.1	495	2087	1	1	2	495
CY121503.1	508	2188	5	7	12	508
CY121503.1	511	2001	19	11	30	511
CY121503.1	511	568	1	0	1	511
CY121503.1	522	2475	0	1	1	2475
CY121503.1	523	2286	0	1	1	2286
CY121503.1	531	1629	0	1	1	1629
CY121503.1	535	2260	0	1	1	2260
CY121503.1	536	1130	0	1	1	1130
CY121503.1	545	2074	3	8	11	545
CY121503.1	564	2372	1	0	1	564
CY121503.1	583	1012	1	0	1	583
CY121503.1	592	2021	1	1	2	592
CY121503.1	595	946	1	0	1	595
CY121503.1	601	2249	1	1	2	601
CY121503.1	603	1914	6	1	7	603
CY121503.1	617	1186	1	0	1	617
CY121503.1	620	1976	0	1	1	1976
CY121503.1	629	2072	3	8	11	629
CY121503.1	644	2205	0	1	1	2205
CY121503.1	654	1413	0	1	1	1413
CY121503.1	660	1759	3	1	4	660
CY121503.1	660	1989	10	5	15	660
CY121503.1	661	2002	1	0	1	661
CY121503.1	667	2338	1	4	5	667
CY121503.1	680	2078	2	2	4	680
CY121503.1	687	1990	1	3	4	687
CY121503.1	698	2241	0	1	1	2241
CY121503.1	709	2328	0	1	1	2328
CY121503.1	710	1958	2	2	4	710
CY121503.1	721	1736	1	0	1	721
CY121503.1	727	1729	1	0	1	727
CY121503.1	727	1950	6	11	17	727
CY121503.1	732	1745	1	0	1	732
CY121503.1	733	1943	1	1	2	733
CY121503.1	734	1747	8	5	13	734
CY121503.1	736	2360	0	1	1	2360
CY121503.1	761	1948	1	0	1	761
CY121503.1	765	1926	0	1	1	1926
CY121503.1	766	2323	1	0	1	766
CY121503.1	767	2032	8	7	15	767
CY121503.1	774	1914	1	3	4	774
CY121503.1	781	1814	1	0	1	781
CY121503.1	785	1676	5	0	5	785
CY121503.1	794	1822	1	0	1	794
CY121503.1	795	1867	4	4	8	795
CY121503.1	799	1250	1	0	1	799
CY121503.1	817	1910	2	0	2	817
CY121503.1	833	1805	2	0	2	833
CY121503.1	837	1811	2	1	3	837
CY121503.1	837	1876	2	1	3	837
CY121503.1	840	1515	0	1	1	1515
CY121503.1	841	1356	1	0	1	841
CY121503.1	842	1810	10	5	15	842
CY121503.1	844	1811	2	1	3	844
CY121503.1	846	1869	5	4	9	846
CY121503.1	848	1811	4	5	9	848
CY121503.1	850	1811	2	3	5	850
CY121503.1	850	1923	5	7	12	850
CY121503.1	851	1734	1	0	1	851
CY121503.1	856	1805	1	4	5	856
CY121503.1	856	1815	0	1	1	1815
CY121503.1	857	912	0	1	1	912
CY121503.1	859	2171	0	1	1	2171
CY121503.1	866	1946	0	1	1	1946
CY121503.1	892	2042	0	1	1	2042
CY121503.1	900	2252	0	1	1	2252
CY121503.1	902	1811	2	3	5	902
CY121503.1	905	1769	1	3	4	905
CY121503.1	907	1772	2	1	3	907
CY121503.1	914	1281	0	1	1	1281
CY121503.1	924	1354	0	1	1	1354
CY121503.1	954	1697	1	0	1	954
CY121503.1	962	1693	1	0	1	962
CY121503.1	964	1694	2	2	4	964
CY121503.1	965	1762	1	1	2	965
CY121503.1	969	1749	1	0	1	969
CY121503.1	973	1425	1	0	1	973
CY121503.1	973	2282	1	0	1	973
CY121503.1	982	1946	0	1	1	1946
CY121503.1	986	1811	0	1	1	1811
