Segment	Start	Stop	Forward_support	Reverse_support	Total_support	Fuzz_factor
CY121496.1	1024	1707	1	0	1	1024
CY121496.1	1028	1636	1	0	1	1028
CY121496.1	1030	1090	0	1	1	1090
CY121496.1	1033	1662	1	1	2	1033
CY121496.1	1035	1696	1	0	1	1035
CY121496.1	1061	1470	1	0	1	1061
CY121496.1	1073	1184	1	0	1	1073
CY121496.1	1094	1154	4	5	9	1094
CY121496.1	1103	1818	1	0	1	1103
CY121496.1	1151	1270	0	1	1	1270
CY121496.1	1183	1285	0	1	1	1285
CY121496.1	1190	1890	0	1	1	1890
CY121496.1	1196	1763	1	0	1	1196
CY121496.1	1200	1285	0	1	1	1285
CY121496.1	1211	1645	1	0	1	1211
CY121496.1	1222	1300	0	1	1	1300
CY121496.1	1222	1851	0	1	1	1851
CY121496.1	1227	1672	1	0	1	1227
CY121496.1	1234	1861	0	1	1	1861
CY121496.1	1249	1476	0	1	1	1476
CY121496.1	1255	1746	0	1	1	1746
CY121496.1	1267	1463	1	0	1	1267
CY121496.1	1268	1472	1	0	1	1268
CY121496.1	1279	1875	0	1	1	1875
CY121496.1	1303	1889	1	1	2	1303
CY121496.1	1325	1546	1	0	1	1325
CY121496.1	1335	1596	0	1	1	1596
CY121496.1	1351	1694	0	1	1	1694
CY121496.1	1354	1413	5	2	7	1354
CY121496.1	1373	1661	0	1	1	1661
CY121496.1	1414	1679	0	1	1	1679
CY121496.1	1416	1756	0	1	1	1756
CY121496.1	1448	1746	0	1	1	1746
CY121496.1	1477	1542	0	1	1	1542
CY121496.1	1527	1666	0	1	1	1666
CY121496.1	1588	1666	0	1	1	1666
CY121496.1	1643	1778	1	0	1	1643
CY121496.1	1654	1682	4	0	4	1654
CY121496.1	1655	1702	6	1	7	1655
CY121496.1	1658	1703	1	0	1	1658
CY121496.1	253	1500	1	0	1	253
CY121496.1	257	293	10	1	11	257
CY121496.1	257	882	1	0	1	257
CY121496.1	258	1817	1	0	1	258
CY121496.1	289	1645	1	0	1	289
CY121496.1	298	1116	0	1	1	1116
CY121496.1	348	509	0	1	1	509
CY121496.1	356	1682	12	45	57	356
CY121496.1	359	1115	1	0	1	359
CY121496.1	366	1034	0	1	1	1034
CY121496.1	366	1691	0	1	1	1691
CY121496.1	376	1657	3	23	26	376
CY121496.1	388	1336	1	0	1	388
CY121496.1	395	1509	0	1	1	1509
CY121496.1	403	1675	0	1	1	1675
CY121496.1	403	1676	0	1	1	1676
CY121496.1	406	1270	0	1	1	1270
CY121496.1	431	843	0	1	1	843
CY121496.1	451	1448	1	0	1	451
CY121496.1	474	1802	1	0	1	474
CY121496.1	477	1822	1	0	1	477
CY121496.1	486	1033	0	1	1	1033
CY121496.1	490	1364	1	0	1	490
CY121496.1	500	1533	1	0	1	500
CY121496.1	503	1433	4	2	6	503
CY121496.1	505	633	0	1	1	633
CY121496.1	509	1300	0	1	1	1300
CY121496.1	522	1447	1	0	1	522
CY121496.1	524	1840	0	1	1	1840
CY121496.1	527	1094	1	0	1	527
CY121496.1	533	1000	1	0	1	533
CY121496.1	533	1569	1	2	3	533
CY121496.1	560	1016	1	0	1	560
CY121496.1	563	1363	0	1	1	1363
CY121496.1	590	1395	1	0	1	590
CY121496.1	613	956	1	0	1	613
CY121496.1	617	1491	1	0	1	617
CY121496.1	643	1355	0	1	1	1355
CY121496.1	689	1726	1	0	1	689
CY121496.1	717	1312	1	0	1	717
CY121496.1	721	870	1	1	2	721
CY121496.1	723	1775	0	1	1	1775
CY121496.1	731	1062	0	1	1	1062
CY121496.1	755	1284	1	0	1	755
CY121496.1	775	1468	1	4	5	775
CY121496.1	786	1129	1	0	1	786
CY121496.1	787	1733	1	0	1	787
CY121496.1	788	1064	0	1	1	1064
CY121496.1	788	1755	0	1	1	1755
CY121496.1	815	1594	0	1	1	1594
CY121496.1	854	1032	1	0	1	854
CY121496.1	868	1139	0	1	1	1139
CY121496.1	868	1787	1	0	1	868
CY121496.1	878	1394	1	0	1	878
CY121496.1	880	1773	0	1	1	1773
CY121496.1	884	1188	0	1	1	1188
CY121496.1	916	1682	0	1	1	1682
CY121496.1	971	1631	0	1	1	1631
CY121496.1	976	1449	0	1	1	1449
CY121496.1	988	1146	0	1	1	1146
CY121496.1	995	1338	1	0	1	995
CY121497.1	1007	1141	0	1	1	1141
CY121497.1	1019	1070	1	0	1	1019
CY121497.1	1051	1081	0	1	1	1081
CY121497.1	1067	1177	0	1	1	1177
CY121497.1	257	551	4	1	5	257
CY121497.1	260	961	1	0	1	260
CY121497.1	265	593	1	0	1	265
CY121497.1	272	554	29	2	31	272
CY121497.1	279	460	1	0	1	279
CY121497.1	289	578	1	0	1	289
CY121497.1	320	915	0	1	1	915
CY121497.1	338	935	0	1	1	935
CY121497.1	344	1060	0	1	1	1060
CY121497.1	344	795	0	1	1	795
CY121497.1	344	856	0	1	1	856
CY121497.1	345	986	0	1	1	986
CY121497.1	350	576	6	21	27	350
CY121497.1	351	612	0	1	1	612
CY121497.1	352	676	1	0	1	352
CY121497.1	353	860	0	1	1	860
CY121497.1	353	897	0	1	1	897
CY121497.1	359	1136	0	1	1	1136
CY121497.1	359	638	1	0	1	359
CY121497.1	360	577	0	1	1	577
CY121497.1	360	887	0	1	1	887
CY121497.1	361	502	1	0	1	361
CY121497.1	366	726	0	1	1	726
CY121497.1	372	908	0	1	1	908
CY121497.1	374	770	0	1	1	770
CY121497.1	377	1008	1	0	1	377
CY121497.1	380	1040	1	0	1	380
CY121497.1	381	455	1	0	1	381
CY121497.1	387	572	0	1	1	572
CY121497.1	396	643	0	1	1	643
CY121497.1	399	664	0	1	1	664
CY121497.1	404	1054	1	0	1	404
CY121497.1	405	815	0	1	1	815
CY121497.1	405	854	0	1	1	854
CY121497.1	406	630	1	0	1	406
CY121497.1	410	1071	0	1	1	1071
CY121497.1	411	739	1	0	1	411
CY121497.1	412	445	0	1	1	445
CY121497.1	424	522	0	1	1	522
CY121497.1	441	1011	0	1	1	1011
CY121497.1	449	504	0	1	1	504
CY121497.1	450	828	0	1	1	828
CY121497.1	452	1176	0	1	1	1176
CY121497.1	463	614	1	0	1	463
CY121497.1	463	704	1	0	1	463
CY121497.1	470	925	0	1	1	925
CY121497.1	474	547	1	0	1	474
CY121497.1	483	930	1	0	1	483
CY121497.1	486	943	0	1	1	943
CY121497.1	492	735	1	0	1	492
CY121497.1	494	993	0	1	1	993
CY121497.1	505	558	0	1	1	558
CY121497.1	526	581	0	1	1	581
CY121497.1	526	702	1	0	1	526
CY121497.1	539	569	1	0	1	539
CY121497.1	551	577	0	1	1	577
CY121497.1	557	632	10	7	17	557
CY121497.1	558	736	1	0	1	558
CY121497.1	569	843	0	1	1	843
CY121497.1	580	1001	0	1	1	1001
CY121497.1	584	609	0	1	1	609
CY121497.1	587	690	4	3	7	587
CY121497.1	593	822	0	1	1	822
CY121497.1	603	767	0	1	1	767
CY121497.1	608	908	0	1	1	908
CY121497.1	625	854	10	8	18	625
CY121497.1	630	919	0	1	1	919
CY121497.1	632	670	1	0	1	632
CY121497.1	632	765	1	0	1	632
CY121497.1	633	1070	0	1	1	1070
CY121497.1	643	735	0	1	1	735
CY121497.1	648	788	0	1	1	788
CY121497.1	650	1136	1	1	2	650
CY121497.1	679	981	0	1	1	981
CY121497.1	680	1162	0	1	1	1162
CY121497.1	682	818	1	0	1	682
CY121497.1	688	842	4	1	5	688
CY121497.1	695	1048	1	0	1	695
CY121497.1	696	1036	1	0	1	696
CY121497.1	704	1056	0	1	1	1056
CY121497.1	706	910	7	3	10	706
CY121497.1	710	748	1	0	1	710
CY121497.1	721	863	13	20	33	721
CY121497.1	722	1012	1	0	1	722
CY121497.1	726	987	1	0	1	726
CY121497.1	737	824	1	0	1	737
CY121497.1	739	900	0	1	1	900
CY121497.1	740	824	1	0	1	740
CY121497.1	749	1164	0	1	1	1164
CY121497.1	768	962	0	1	1	962
CY121497.1	833	898	1	0	1	833
CY121497.1	849	1141	0	1	1	1141
CY121497.1	849	888	0	1	1	888
CY121497.1	873	1130	0	3	3	1130
CY121497.1	879	917	0	1	1	917
CY121497.1	879	984	1	0	1	879
CY121497.1	910	1024	0	1	1	1024
CY121497.1	923	971	0	1	1	971
CY121497.1	925	1050	3	1	4	925
CY121497.1	929	1145	0	1	1	1145
CY121497.1	946	1134	0	1	1	1134
CY121497.1	975	1173	0	1	1	1173
CY121498.1	1004	1609	0	1	1	1609
CY121498.1	1063	1164	1	0	1	1063
CY121498.1	1091	1433	1	0	1	1091
CY121498.1	1129	1487	1	0	1	1129
CY121498.1	1195	1237	1	0	1	1195
CY121498.1	1269	1444	1	0	1	1269
CY121498.1	1276	1348	1	0	1	1276
CY121498.1	1310	1342	1	0	1	1310
CY121498.1	1335	1445	0	1	1	1445
CY121498.1	1382	1407	10	2	12	1382
CY121498.1	1407	1489	3	1	4	1407
CY121498.1	1479	1505	0	1	1	1505
CY121498.1	1484	1520	8	0	8	1484
CY121498.1	1511	1559	1	0	1	1511
CY121498.1	262	1494	1	0	1	262
CY121498.1	273	313	4	0	4	273
CY121498.1	276	322	3	0	3	276
CY121498.1	278	307	6	0	6	278
CY121498.1	282	1445	6	0	6	282
CY121498.1	317	1378	3	18	21	317
CY121498.1	324	1390	0	1	1	1390
CY121498.1	324	1394	3	22	25	324
CY121498.1	355	1513	0	1	1	1513
CY121498.1	369	1376	1	4	5	369
CY121498.1	369	1491	7	4	11	369
CY121498.1	383	1423	0	1	1	1423
CY121498.1	384	1449	0	1	1	1449
CY121498.1	385	1443	13	78	91	385
CY121498.1	388	1285	1	4	5	388
CY121498.1	388	1443	12	12	24	388
CY121498.1	402	1451	1	5	6	402
CY121498.1	402	1454	23	20	43	402
CY121498.1	408	800	2	1	3	408
CY121498.1	420	1408	2	5	7	420
CY121498.1	454	1256	1	0	1	454
CY121498.1	457	1385	1	0	1	457
CY121498.1	460	1323	2	4	6	460
CY121498.1	464	1292	1	3	4	464
CY121498.1	473	967	1	0	1	473
CY121498.1	476	1393	11	12	23	476
CY121498.1	488	643	0	1	1	643
CY121498.1	497	1416	0	1	1	1416
CY121498.1	520	1387	3	7	10	520
CY121498.1	538	1502	14	4	18	538
CY121498.1	548	1521	1	0	1	548
CY121498.1	558	1495	1	0	1	558
CY121498.1	581	854	1	0	1	581
CY121498.1	586	1397	0	1	1	1397
CY121498.1	589	785	1	0	1	589
CY121498.1	595	1238	1	0	1	595
CY121498.1	606	1240	3	2	5	606
CY121498.1	621	713	0	1	1	713
CY121498.1	675	973	1	0	1	675
CY121498.1	688	1128	1	0	1	688
CY121498.1	717	814	1	0	1	717
CY121498.1	807	1372	0	1	1	1372
CY121498.1	846	952	4	3	7	846
CY121498.1	858	995	1	0	1	858
CY121498.1	906	1092	1	0	1	906
CY121498.1	907	1620	0	1	1	1620
CY121498.1	993	1471	1	0	1	993
CY121499.1	1004	1133	0	1	1	1133
CY121499.1	1044	1513	1	0	1	1044
CY121499.1	1046	1329	7	6	13	1046
CY121499.1	1047	1577	1	0	1	1047
CY121499.1	1054	1441	1	0	1	1054
CY121499.1	1076	1515	0	1	1	1515
CY121499.1	1096	1699	0	1	1	1699
CY121499.1	1101	1239	1	0	1	1101
CY121499.1	1109	1429	0	1	1	1429
CY121499.1	1125	1492	1	0	1	1125
CY121499.1	1137	1494	0	1	1	1494
CY121499.1	1179	1519	0	1	1	1519
CY121499.1	1207	1498	0	1	1	1498
CY121499.1	1242	1446	0	1	1	1446
CY121499.1	1282	1414	0	1	1	1414
CY121499.1	1288	1326	0	1	1	1326
CY121499.1	1310	1688	0	1	1	1688
CY121499.1	1335	1572	0	1	1	1572
CY121499.1	1335	1652	1	0	1	1335
CY121499.1	1413	1444	1	0	1	1413
CY121499.1	1480	1556	1	0	1	1480
CY121499.1	1484	1561	8	5	13	1484
CY121499.1	1542	1642	1	0	1	1542
CY121499.1	1571	1725	0	7	7	1725
CY121499.1	241	1180	1	0	1	241
CY121499.1	324	367	0	1	1	367
CY121499.1	326	1067	1	0	1	326
CY121499.1	331	361	2	7	9	331
CY121499.1	332	987	0	1	1	987
CY121499.1	333	1698	0	1	1	1698
CY121499.1	337	1702	0	18	18	1702
CY121499.1	350	1484	2	9	11	350
CY121499.1	356	1715	0	2	2	1715
CY121499.1	362	845	1	0	1	362
CY121499.1	379	1051	0	1	1	1051
CY121499.1	400	1564	0	1	1	1564
CY121499.1	401	1362	4	16	20	401
CY121499.1	403	1277	0	1	1	1277
CY121499.1	412	1219	1	0	1	412
CY121499.1	413	1151	1	0	1	413
CY121499.1	415	1254	0	1	1	1254
CY121499.1	417	669	0	1	1	669
CY121499.1	418	1725	0	1	1	1725
CY121499.1	432	1358	0	1	1	1358
CY121499.1	439	1096	0	1	1	1096
CY121499.1	440	985	0	1	1	985
CY121499.1	445	1163	0	1	1	1163
CY121499.1	455	1435	4	6	10	455
CY121499.1	456	1296	0	1	1	1296
CY121499.1	467	1569	1	0	1	467
CY121499.1	471	1196	1	0	1	471
CY121499.1	472	1267	1	1	2	472
CY121499.1	480	932	1	0	1	480
CY121499.1	484	995	0	1	1	995
CY121499.1	486	1054	1	0	1	486
CY121499.1	503	1582	1	0	1	503
CY121499.1	510	1614	1	0	1	510
CY121499.1	518	1429	1	0	1	518
CY121499.1	524	788	1	0	1	524
CY121499.1	534	1069	1	0	1	534
CY121499.1	536	626	1	0	1	536
CY121499.1	538	1383	1	0	1	538
CY121499.1	542	1176	1	0	1	542
CY121499.1	546	950	1	0	1	546
CY121499.1	557	809	1	0	1	557
CY121499.1	560	1191	0	1	1	1191
CY121499.1	576	1161	1	1	2	576
CY121499.1	579	1619	1	0	1	579
CY121499.1	593	1410	1	0	1	593
CY121499.1	594	1543	1	0	1	594
CY121499.1	602	924	0	1	1	924
CY121499.1	610	1025	1	0	1	610
CY121499.1	625	1425	19	8	27	625
CY121499.1	645	1354	0	1	1	1354
CY121499.1	686	1168	0	1	1	1168
CY121499.1	688	845	1	1	2	688
CY121499.1	697	960	0	1	1	960
CY121499.1	720	878	13	3	16	720
CY121499.1	749	1541	1	0	1	749
CY121499.1	763	880	1	0	1	763
CY121499.1	767	1267	0	1	1	1267
CY121499.1	767	866	1	0	1	767
CY121499.1	797	1085	0	1	1	1085
CY121499.1	810	1084	0	1	1	1084
CY121499.1	832	939	0	1	1	939
CY121499.1	835	1513	10	7	17	835
CY121499.1	841	1177	1	0	1	841
CY121499.1	868	1670	1	0	1	868
CY121499.1	873	1081	1	0	1	873
CY121499.1	891	941	1	0	1	891
CY121499.1	892	1710	0	1	1	1710
CY121499.1	903	1060	5	4	9	903
CY121499.1	904	1520	0	1	1	1520
CY121499.1	908	1171	0	1	1	1171
CY121499.1	944	1267	1	0	1	944
CY121499.1	971	1028	1	0	1	971
CY121499.1	972	1045	3	3	6	972
CY121499.1	985	1159	1	0	1	985
CY121499.1	999	1044	2	1	3	999
CY121500.1	235	874	1	0	1	235
CY121500.1	237	900	6	0	6	237
CY121500.1	246	910	3	0	3	246
CY121500.1	250	916	11	0	11	250
CY121500.1	259	922	1	0	1	259
CY121500.1	260	846	1	0	1	260
CY121500.1	260	924	2	0	2	260
CY121500.1	261	293	7	2	9	261
CY121500.1	261	924	316	13	329	261
CY121500.1	262	925	2	0	2	262
CY121500.1	273	932	1	0	1	273
CY121500.1	287	965	2	0	2	287
CY121500.1	325	850	0	1	1	850
CY121500.1	327	429	0	1	1	429
CY121500.1	352	846	15	44	59	352
CY121500.1	366	882	39	76	115	366
CY121500.1	398	966	3	4	7	398
CY121500.1	456	868	5	0	5	456
CY121500.1	456	904	69	41	110	456
CY121500.1	466	872	68	18	86	466
CY121500.1	502	732	1	1	2	502
CY121500.1	507	648	10	11	21	507
CY121500.1	514	743	41	36	77	514
CY121500.1	522	749	0	1	1	749
CY121500.1	652	701	1	0	1	652
CY121501.1	1010	2302	1	0	1	1010
CY121501.1	1017	2182	0	1	1	2182
CY121501.1	1021	1107	1	0	1	1021
CY121501.1	1034	1631	1	0	1	1034
CY121501.1	1040	2217	0	1	1	2217
CY121501.1	1041	2099	0	1	1	2099
CY121501.1	1048	1518	2	2	4	1048
CY121501.1	1074	1689	2	2	4	1074
CY121501.1	1075	2357	0	1	1	2357
CY121501.1	1086	1993	0	1	1	1993
CY121501.1	1090	2372	0	3	3	2372
CY121501.1	1115	1195	1	0	1	1115
CY121501.1	1151	1261	1	0	1	1151
CY121501.1	1202	2128	1	0	1	1202
CY121501.1	1211	2319	1	0	1	1211
CY121501.1	1246	2094	1	0	1	1246
CY121501.1	1259	1574	1	0	1	1259
CY121501.1	1261	2027	1	0	1	1261
CY121501.1	1276	2222	0	1	1	2222
CY121501.1	1286	1978	1	0	1	1286
CY121501.1	1312	2297	1	0	1	1312
CY121501.1	1394	1679	1	0	1	1394
CY121501.1	1402	1564	0	1	1	1564
CY121501.1	1460	2213	0	1	1	2213
CY121501.1	1468	2315	0	1	1	2315
CY121501.1	1516	1682	0	1	1	1682
CY121501.1	1535	2242	1	0	1	1535
CY121501.1	1538	2388	0	1	1	2388
CY121501.1	1568	1997	7	10	17	1568
CY121501.1	1570	2297	5	5	10	1570
CY121501.1	1573	2300	0	1	1	2300
CY121501.1	1585	1935	1	0	1	1585
CY121501.1	1586	2005	0	1	1	2005
CY121501.1	1596	2302	1	0	1	1596
CY121501.1	1637	2334	0	1	1	2334
CY121501.1	1655	2204	1	0	1	1655
CY121501.1	1677	2293	0	1	1	2293
CY121501.1	1684	2078	0	1	1	2078
CY121501.1	1727	2203	1	0	1	1727
CY121501.1	1767	2361	0	1	1	2361
CY121501.1	1776	2092	1	0	1	1776
CY121501.1	1803	2166	0	1	1	2166
CY121501.1	1821	2295	0	1	1	2295
CY121501.1	1823	2241	0	1	1	2241
CY121501.1	1826	1873	47	61	108	1826
CY121501.1	1866	1953	39	63	102	1866
CY121501.1	1867	1954	0	1	1	1954
CY121501.1	1871	2102	0	1	1	2102
CY121501.1	1927	2260	1	0	1	1927
CY121501.1	1928	2316	1	0	1	1928
CY121501.1	1951	2033	17	16	33	1951
CY121501.1	1955	2255	0	1	1	2255
CY121501.1	1956	2091	1	3	4	1956
CY121501.1	1965	2355	0	1	1	2355
CY121501.1	1985	2022	3	0	3	1985
CY121501.1	1994	2029	37	36	73	1994
CY121501.1	2003	2037	0	1	1	2037
CY121501.1	2003	2062	4	1	5	2003
CY121501.1	2006	2065	90	220	310	2006
CY121501.1	2007	2079	0	2	2	2079
CY121501.1	2010	2039	12	12	24	2010
CY121501.1	2015	2076	0	2	2	2076
CY121501.1	2039	2066	8	8	16	2039
CY121501.1	2046	2263	1	0	1	2046
CY121501.1	2059	2107	17	2	19	2059
CY121501.1	2064	2106	14	4	18	2064
CY121501.1	2069	2160	0	1	1	2160
CY121501.1	2071	2156	1	0	1	2071
CY121501.1	2071	2233	9	3	12	2071
CY121501.1	2077	2230	1	0	1	2077
CY121501.1	2088	2125	2	2	4	2088
CY121501.1	2091	2166	25	9	34	2091
CY121501.1	2093	2136	0	1	1	2136
CY121501.1	2093	2208	1	0	1	2093
CY121501.1	2100	2152	1	15	16	2100
CY121501.1	2105	2149	57	42	99	2105
CY121501.1	2106	2218	21	9	30	2106
CY121501.1	2111	2138	50	45	95	2111
CY121501.1	2113	2152	2	6	8	2113
CY121501.1	2114	2312	0	1	1	2312
CY121501.1	2119	2155	1	0	1	2119
CY121501.1	2120	2145	1	0	1	2120
CY121501.1	2121	2157	112	94	206	2121
CY121501.1	2123	2147	4	0	4	2123
CY121501.1	2130	2154	0	1	1	2154
CY121501.1	2131	2154	32	14	46	2131
CY121501.1	2131	2164	41	32	73	2131
CY121501.1	2131	2171	16	12	28	2131
CY121501.1	2131	2183	52	24	76	2131
CY121501.1	2132	2188	18	6	24	2132
CY121501.1	2132	2275	83	22	105	2132
CY121501.1	2133	2169	10	7	17	2133
CY121501.1	2133	2173	18	12	30	2133
CY121501.1	2134	2158	0	2	2	2158
CY121501.1	2134	2172	3	2	5	2134
CY121501.1	2134	2179	1	2	3	2134
CY121501.1	2135	2166	33	20	53	2135
CY121501.1	2136	2177	12	14	26	2136
CY121501.1	2141	2173	9	6	15	2141
CY121501.1	2142	2182	16	12	28	2142
CY121501.1	2144	2178	37	28	65	2144
CY121501.1	2145	2170	6	11	17	2145
CY121501.1	2145	2223	0	1	1	2223
CY121501.1	2146	2189	1	1	2	2146
CY121501.1	2147	2177	1	0	1	2147
CY121501.1	2148	2187	5	5	10	2148
CY121501.1	2148	2217	33	23	56	2148
CY121501.1	2149	2179	11	14	25	2149
CY121501.1	2149	2218	1	0	1	2149
CY121501.1	2154	2185	1	0	1	2154
CY121501.1	2155	2189	13	11	24	2155
CY121501.1	2155	2218	37	6	43	2155
CY121501.1	2156	2187	23	13	36	2156
CY121501.1	2157	2188	1	0	1	2157
CY121501.1	2163	2186	1	0	1	2163
CY121501.1	2168	2190	50	49	99	2168
CY121501.1	2170	2217	3	3	6	2170
CY121501.1	2188	2215	3	0	3	2188
CY121501.1	2206	2257	1	0	1	2206
CY121501.1	2210	2233	19	29	48	2210
CY121501.1	2251	2273	4	0	4	2251
CY121501.1	2259	2318	2	0	2	2259
CY121501.1	2259	2321	1	4	5	2259
CY121501.1	2264	2293	12	9	21	2264
CY121501.1	2265	2308	14	0	14	2265
CY121501.1	2271	2294	2	2	4	2271
CY121501.1	235	2060	1	0	1	235
CY121501.1	235	259	23	0	23	235
CY121501.1	237	1786	4	0	4	237
CY121501.1	242	949	1	0	1	242
CY121501.1	246	2175	1	0	1	246
CY121501.1	250	1983	1	0	1	250
CY121501.1	257	312	19	0	19	257
CY121501.1	262	1974	2	0	2	262
CY121501.1	262	2146	1	0	1	262
CY121501.1	262	419	1	0	1	262
CY121501.1	264	322	1	0	1	264
CY121501.1	268	2255	1	0	1	268
CY121501.1	270	2065	26	2	28	270
CY121501.1	271	2123	1	0	1	271
CY121501.1	271	2225	1	0	1	271
CY121501.1	273	2176	3	0	3	273
CY121501.1	274	297	52	21	73	274
CY121501.1	274	313	15	1	16	274
CY121501.1	274	329	11	3	14	274
CY121501.1	274	332	26	3	29	274
CY121501.1	276	391	1	0	1	276
CY121501.1	278	2215	4	0	4	278
CY121501.1	279	2009	95	47	142	279
CY121501.1	279	378	13	3	16	279
CY121501.1	280	2039	1	0	1	280
CY121501.1	281	356	8	4	12	281
CY121501.1	282	2172	59	28	87	282
CY121501.1	282	363	1	0	1	282
CY121501.1	282	590	1	0	1	282
CY121501.1	284	2157	25	14	39	284
CY121501.1	284	2260	24	0	24	284
CY121501.1	284	315	6	3	9	284
CY121501.1	284	336	1	0	1	284
CY121501.1	284	365	8	5	13	284
CY121501.1	285	2170	24	9	33	285
CY121501.1	285	2174	16	8	24	285
CY121501.1	285	339	13	6	19	285
CY121501.1	287	391	3	0	3	287
CY121501.1	288	317	1	0	1	288
CY121501.1	289	2064	1	0	1	289
CY121501.1	289	2129	1	0	1	289
CY121501.1	289	903	1	0	1	289
CY121501.1	290	2040	2	1	3	290
CY121501.1	291	2035	3	0	3	291
CY121501.1	292	1959	1	0	1	292
CY121501.1	292	2054	3	0	3	292
CY121501.1	292	2130	2	0	2	292
CY121501.1	293	2244	43	16	59	293
CY121501.1	293	2245	1	0	1	293
CY121501.1	293	323	17	15	32	293
CY121501.1	293	406	22	18	40	293
CY121501.1	293	446	7	5	12	293
CY121501.1	294	384	22	1	23	294
CY121501.1	295	2174	4	0	4	295
CY121501.1	295	339	4	12	16	295
CY121501.1	296	487	1	4	5	296
CY121501.1	297	2125	1	1	2	297
CY121501.1	297	2189	1	0	1	297
CY121501.1	299	2244	0	1	1	2244
CY121501.1	300	2206	1	2	3	300
CY121501.1	301	2234	1	0	1	301
CY121501.1	303	2195	0	1	1	2195
CY121501.1	303	338	2	49	51	303
CY121501.1	303	735	0	1	1	735
CY121501.1	305	2065	1	9	10	305
CY121501.1	305	2134	7	32	39	305
CY121501.1	305	2260	0	1	1	2260
CY121501.1	305	2308	1	0	1	305
CY121501.1	305	419	4	55	59	305
CY121501.1	306	355	1	19	20	306
CY121501.1	307	473	0	1	1	473
CY121501.1	312	2154	67	256	323	312
CY121501.1	312	365	1	50	51	312
CY121501.1	313	2155	1	1	2	313
CY121501.1	313	2188	0	2	2	2188
CY121501.1	314	2194	133	319	452	314
CY121501.1	314	2295	1	2	3	314
CY121501.1	315	2363	0	1	1	2363
CY121501.1	319	2179	0	1	1	2179
CY121501.1	319	2215	1	1	2	319
CY121501.1	319	2244	21	61	82	319
CY121501.1	319	378	5	47	52	319
CY121501.1	322	2180	3	25	28	322
CY121501.1	322	370	0	9	9	370
CY121501.1	324	415	0	1	1	415
CY121501.1	327	2171	8	35	43	327
CY121501.1	327	2239	50	149	199	327
CY121501.1	327	389	6	62	68	327
CY121501.1	328	2188	42	169	211	328
CY121501.1	328	357	0	7	7	357
CY121501.1	328	419	13	100	113	328
CY121501.1	330	2176	3	0	3	330
CY121501.1	330	2215	7	25	32	330
CY121501.1	332	2202	0	5	5	2202
CY121501.1	333	2106	115	1522	1637	333
CY121501.1	333	2132	0	1	1	2132
CY121501.1	333	2133	0	1	1	2133
CY121501.1	333	2135	23	129	152	333
CY121501.1	333	2140	10	40	50	333
CY121501.1	333	366	0	4	4	366
CY121501.1	333	372	0	6	6	372
CY121501.1	333	383	7	71	78	333
CY121501.1	334	2136	0	1	1	2136
CY121501.1	335	2169	0	5	5	2169
CY121501.1	335	2173	8	38	46	335
CY121501.1	335	2187	6	18	24	335
CY121501.1	335	2217	35	84	119	335
CY121501.1	335	2273	10	21	31	335
CY121501.1	335	2284	8	13	21	335
CY121501.1	335	2292	1	1	2	335
CY121501.1	335	388	6	64	70	335
CY121501.1	336	2061	9	88	97	336
CY121501.1	336	2106	0	1	1	2106
CY121501.1	336	2135	101	373	474	336
CY121501.1	336	2150	10	113	123	336
CY121501.1	336	2155	16	78	94	336
CY121501.1	336	2165	7	40	47	336
CY121501.1	336	2182	8	48	56	336
CY121501.1	336	2184	9	42	51	336
CY121501.1	336	2190	6	14	20	336
CY121501.1	336	2215	22	75	97	336
CY121501.1	336	363	0	1	1	363
CY121501.1	336	370	3	73	76	336
CY121501.1	336	406	0	1	1	406
CY121501.1	337	2144	33	144	177	337
CY121501.1	337	2159	5	47	52	337
CY121501.1	337	2177	9	30	39	337
CY121501.1	337	367	7	243	250	337
CY121501.1	337	373	7	264	271	337
CY121501.1	337	379	0	6	6	379
CY121501.1	338	2137	0	1	1	2137
CY121501.1	338	2145	0	1	1	2145
CY121501.1	338	380	0	1	1	380
CY121501.1	339	2226	0	1	1	2226
CY121501.1	340	2136	0	1	1	2136
CY121501.1	340	2176	2	2	4	340
CY121501.1	343	2141	5	4	9	343
CY121501.1	343	388	3	14	17	343
CY121501.1	344	2184	1	0	1	344
CY121501.1	345	2180	0	15	15	2180
CY121501.1	347	2149	4	23	27	347
CY121501.1	347	2157	7	39	46	347
CY121501.1	347	377	23	197	220	347
CY121501.1	348	1974	52	212	264	348
CY121501.1	348	2225	1	7	8	348
CY121501.1	348	419	8	41	49	348
CY121501.1	349	2147	0	9	9	2147
CY121501.1	349	420	1	0	1	349
CY121501.1	350	2109	2	1	3	350
CY121501.1	350	2190	3	2	5	350
CY121501.1	351	2206	3	0	3	351
CY121501.1	352	2174	1	0	1	352
CY121501.1	352	2193	0	1	1	2193
CY121501.1	353	2092	1	0	1	353
CY121501.1	353	2213	69	175	244	353
CY121501.1	354	2218	41	109	150	354
CY121501.1	355	2154	9	51	60	355
CY121501.1	358	1152	1	0	1	358
CY121501.1	358	2117	1	0	1	358
CY121501.1	360	2169	3	14	17	360
CY121501.1	361	1983	0	1	1	1983
CY121501.1	361	2066	30	138	168	361
CY121501.1	361	2067	0	1	1	2067
CY121501.1	361	2155	3	8	11	361
CY121501.1	361	2200	0	23	23	2200
CY121501.1	362	2121	0	1	1	2121
CY121501.1	362	2134	13	98	111	362
CY121501.1	362	2144	11	41	52	362
CY121501.1	362	2189	5	16	21	362
CY121501.1	362	384	0	5	5	384
CY121501.1	363	2146	12	79	91	363
CY121501.1	363	2147	0	1	1	2147
CY121501.1	363	2149	1	0	1	363
CY121501.1	363	389	17	86	103	363
CY121501.1	364	2173	30	72	102	364
CY121501.1	364	2226	0	2	2	2226
CY121501.1	365	2066	6	49	55	365
CY121501.1	365	2104	11	63	74	365
CY121501.1	365	2150	6	17	23	365
CY121501.1	365	2151	0	1	1	2151
CY121501.1	365	2182	5	20	25	365
CY121501.1	366	2067	0	1	1	2067
CY121501.1	366	2173	3	9	12	366
CY121501.1	367	2145	12	46	58	367
CY121501.1	369	1555	0	1	1	1555
CY121501.1	369	2162	4	31	35	369
CY121501.1	370	1228	1	0	1	370
CY121501.1	370	2156	200	542	742	370
CY121501.1	370	2187	95	190	285	370
CY121501.1	370	2233	0	3	3	2233
CY121501.1	371	2073	1	7	8	371
CY121501.1	371	2155	2	9	11	371
CY121501.1	374	451	0	3	3	451
CY121501.1	375	2161	0	25	25	2161
CY121501.1	376	2145	22	88	110	376
CY121501.1	377	2087	0	1	1	2087
CY121501.1	378	1462	1	0	1	378
CY121501.1	378	2164	0	1	1	2164
CY121501.1	379	2122	4	2	6	379
CY121501.1	379	2145	7	38	45	379
CY121501.1	382	2155	14	87	101	382
CY121501.1	382	2240	10	14	24	382
CY121501.1	382	406	17	67	84	382
CY121501.1	383	2173	1	14	15	383
CY121501.1	383	477	0	1	1	477
CY121501.1	384	2081	15	64	79	384
CY121501.1	384	2187	25	46	71	384
CY121501.1	385	2071	1	0	1	385
CY121501.1	385	2100	47	129	176	385
CY121501.1	385	2172	8	39	47	385
CY121501.1	385	2179	1	5	6	385
CY121501.1	386	1424	1	3	4	386
CY121501.1	386	418	1	0	1	386
CY121501.1	387	2065	7	47	54	387
CY121501.1	387	2142	26	66	92	387
CY121501.1	387	2149	20	58	78	387
CY121501.1	387	2181	0	1	1	2181
CY121501.1	387	419	15	63	78	387
CY121501.1	388	2079	5	45	50	388
CY121501.1	388	2156	2	8	10	388
CY121501.1	388	2165	0	1	1	2165
CY121501.1	388	481	35	118	153	388
CY121501.1	389	2045	0	1	1	2045
CY121501.1	389	2104	0	1	1	2104
CY121501.1	390	2110	10	41	51	390
CY121501.1	391	416	1	1	2	391
CY121501.1	392	2135	1	16	17	392
CY121501.1	392	2155	2	20	22	392
CY121501.1	392	2182	8	18	26	392
CY121501.1	392	2187	19	36	55	392
CY121501.1	393	2067	2	15	17	393
CY121501.1	393	2185	2	2	4	393
CY121501.1	393	439	3	7	10	393
CY121501.1	394	2134	19	57	76	394
CY121501.1	394	2152	2	6	8	394
CY121501.1	394	438	5	29	34	394
CY121501.1	395	2102	1	0	1	395
CY121501.1	395	2123	18	13	31	395
CY121501.1	395	2135	0	1	1	2135
CY121501.1	395	2188	17	32	49	395
CY121501.1	395	419	4	39	43	395
CY121501.1	395	523	0	1	1	523
CY121501.1	396	2148	4	4	8	396
CY121501.1	397	2075	0	1	1	2075
CY121501.1	398	2158	1	0	1	398
CY121501.1	398	462	0	1	1	462
CY121501.1	399	2127	0	3	3	2127
CY121501.1	399	2151	32	109	141	399
CY121501.1	399	2191	0	1	1	2191
CY121501.1	399	2254	1	0	1	399
CY121501.1	399	439	5	14	19	399
CY121501.1	400	440	1	0	1	400
CY121501.1	402	2120	1	0	1	402
CY121501.1	402	2143	18	56	74	402
CY121501.1	402	2155	3	2	5	402
CY121501.1	402	2179	0	1	1	2179
CY121501.1	402	2182	0	1	1	2182
CY121501.1	403	428	0	1	1	428
CY121501.1	404	2122	5	27	32	404
CY121501.1	404	2173	1	23	24	404
CY121501.1	405	2158	57	139	196	405
CY121501.1	405	2184	28	56	84	405
CY121501.1	405	440	11	63	74	405
CY121501.1	405	444	2	1	3	405
CY121501.1	406	2136	0	3	3	2136
CY121501.1	406	2166	87	22	109	406
CY121501.1	406	2202	1	1	2	406
CY121501.1	407	2149	107	266	373	407
CY121501.1	407	2167	1	0	1	407
CY121501.1	407	438	14	80	94	407
CY121501.1	408	2044	11	38	49	408
CY121501.1	408	2150	0	1	1	2150
CY121501.1	408	2171	1	0	1	408
CY121501.1	408	452	9	28	37	408
CY121501.1	409	1035	0	1	1	1035
CY121501.1	409	1872	0	1	1	1872
CY121501.1	409	2108	3	0	3	409
CY121501.1	409	2147	2	6	8	409
CY121501.1	410	2173	458	1067	1525	410
CY121501.1	410	2272	23	27	50	410
CY121501.1	411	2150	16	43	59	411
CY121501.1	411	2174	1	0	1	411
CY121501.1	411	439	6	27	33	411
CY121501.1	412	2136	1	0	1	412
CY121501.1	412	2192	0	1	1	2192
CY121501.1	412	494	4	29	33	412
CY121501.1	414	2113	0	8	8	2113
CY121501.1	416	1880	0	1	1	1880
CY121501.1	417	1473	1	0	1	417
CY121501.1	417	2150	2	4	6	417
CY121501.1	417	2164	34	27	61	417
CY121501.1	418	2107	7	38	45	418
CY121501.1	418	2123	29	58	87	418
CY121501.1	419	2135	31	120	151	419
CY121501.1	419	2150	44	95	139	419
CY121501.1	420	2041	1	0	1	420
CY121501.1	420	2046	3	18	21	420
CY121501.1	422	1021	0	1	1	1021
CY121501.1	422	2177	0	1	1	2177
CY121501.1	423	2110	1	5	6	423
CY121501.1	425	2094	15	39	54	425
CY121501.1	426	2120	0	1	1	2120
CY121501.1	428	2063	0	1	1	2063
CY121501.1	429	2065	6	4	10	429
CY121501.1	429	2141	0	1	1	2141
CY121501.1	429	2149	126	244	370	429
CY121501.1	429	2150	1	0	1	429
CY121501.1	429	2190	4	3	7	429
CY121501.1	430	2188	83	10	93	430
CY121501.1	430	465	6	17	23	430
CY121501.1	432	1971	3	22	25	432
CY121501.1	432	2176	0	10	10	2176
CY121501.1	432	2365	0	1	1	2365
CY121501.1	432	467	0	1	1	467
CY121501.1	433	1751	0	1	1	1751
CY121501.1	441	2033	14	0	14	441
CY121501.1	441	2039	1	0	1	441
CY121501.1	443	2150	1	7	8	443
CY121501.1	444	2122	38	72	110	444
CY121501.1	447	2138	7	14	21	447
CY121501.1	448	2043	107	179	286	448
CY121501.1	448	2147	3	3	6	448
CY121501.1	450	1767	0	1	1	1767
CY121501.1	450	2149	18	10	28	450
CY121501.1	451	2061	1	1	2	451
CY121501.1	451	550	1	0	1	451
CY121501.1	452	2061	52	12	64	452
CY121501.1	453	2191	0	1	1	2191
CY121501.1	455	1952	5	1	6	455
CY121501.1	455	2011	0	3	3	2011
CY121501.1	455	2043	55	107	162	455
CY121501.1	456	552	23	80	103	456
CY121501.1	457	1757	2	16	18	457
CY121501.1	457	2067	359	785	1144	457
CY121501.1	457	655	0	1	1	655
CY121501.1	458	2068	0	1	1	2068
CY121501.1	459	2006	0	1	1	2006
CY121501.1	459	2070	1	4	5	459
CY121501.1	460	2007	48	121	169	460
CY121501.1	460	2050	13	44	57	460
CY121501.1	460	2071	28	36	64	460
CY121501.1	461	1884	1	5	6	461
CY121501.1	461	498	1	13	14	461
CY121501.1	462	1963	1	0	1	462
CY121501.1	462	2002	8	1	9	462
CY121501.1	462	2092	8	45	53	462
CY121501.1	463	2093	0	1	1	2093
CY121501.1	463	2170	24	23	47	463
CY121501.1	466	1957	0	1	1	1957
CY121501.1	466	496	6	9	15	466
CY121501.1	467	2092	0	1	1	2092
CY121501.1	467	2093	5	14	19	467
CY121501.1	468	1964	1	0	1	468
CY121501.1	468	2040	2	0	2	468
CY121501.1	468	571	0	1	1	571
CY121501.1	469	2004	1	0	1	469
CY121501.1	470	2112	0	1	1	2112
CY121501.1	471	1970	3	0	3	471
CY121501.1	471	2043	38	73	111	471
CY121501.1	472	2042	2	2	4	472
CY121501.1	474	2045	1	0	1	474
CY121501.1	475	2064	15	32	47	475
CY121501.1	475	2074	1	3	4	475
CY121501.1	475	2113	0	1	1	2113
CY121501.1	478	2049	9	15	24	478
CY121501.1	479	2029	1	2	3	479
CY121501.1	479	2036	7	7	14	479
CY121501.1	479	2048	15	40	55	479
CY121501.1	479	2090	58	100	158	479
CY121501.1	479	2164	1	0	1	479
CY121501.1	479	2186	0	2	2	2186
CY121501.1	479	514	6	20	26	479
CY121501.1	480	2174	0	1	1	2174
CY121501.1	481	519	7	29	36	481
CY121501.1	482	2148	1	0	1	482
CY121501.1	483	2082	10	62	72	483
CY121501.1	484	2009	25	19	44	484
CY121501.1	484	2065	31	39	70	484
CY121501.1	485	2170	0	5	5	2170
CY121501.1	487	520	12	21	33	487
CY121501.1	487	526	0	1	1	526
CY121501.1	488	2043	3	11	14	488
CY121501.1	489	2042	1	0	1	489
CY121501.1	489	2066	45	95	140	489
CY121501.1	489	515	2	22	24	489
CY121501.1	490	1993	1	0	1	490
CY121501.1	490	2044	20	46	66	490
CY121501.1	491	1970	96	127	223	491
CY121501.1	491	2011	6	13	19	491
CY121501.1	491	2078	1	1	2	491
CY121501.1	491	517	18	31	49	491
CY121501.1	492	1971	0	1	1	1971
CY121501.1	492	2030	8	8	16	492
CY121501.1	492	2040	15	18	33	492
CY121501.1	492	2158	30	10	40	492
CY121501.1	492	515	4	15	19	492
CY121501.1	492	575	7	11	18	492
CY121501.1	493	1859	0	1	1	1859
CY121501.1	493	2018	2	0	2	493
CY121501.1	494	1879	1	0	1	494
CY121501.1	494	1888	5	4	9	494
CY121501.1	494	1952	16	27	43	494
CY121501.1	494	1973	293	387	680	494
CY121501.1	494	2011	10	16	26	494
CY121501.1	494	2019	42	98	140	494
CY121501.1	494	2071	10	31	41	494
CY121501.1	494	2078	14	12	26	494
CY121501.1	495	1974	0	1	1	1974
CY121501.1	495	552	26	21	47	495
CY121501.1	496	2151	0	1	1	2151
CY121501.1	496	2191	3	0	3	496
CY121501.1	497	2032	31	38	69	497
CY121501.1	497	2068	38	66	104	497
CY121501.1	497	2123	1	0	1	497
CY121501.1	497	2128	5	13	18	497
CY121501.1	497	2192	1	0	1	497
CY121501.1	498	2106	6	7	13	498
CY121501.1	499	2012	7	7	14	499
CY121501.1	499	2150	3	10	13	499
CY121501.1	500	2004	2	0	2	500
CY121501.1	500	2075	3	0	3	500
CY121501.1	500	2157	1	0	1	500
CY121501.1	501	549	43	83	126	501
CY121501.1	502	2030	33	72	105	502
CY121501.1	502	2190	5	8	13	502
CY121501.1	502	2295	0	1	1	2295
CY121501.1	503	1570	0	1	1	1570
CY121501.1	503	1915	1	0	1	503
CY121501.1	503	2007	48	74	122	503
CY121501.1	503	2078	45	63	108	503
CY121501.1	503	2159	5	5	10	503
CY121501.1	503	555	1	0	1	503
CY121501.1	505	2012	8	3	11	505
CY121501.1	505	2065	74	91	165	505
CY121501.1	505	557	51	69	120	505
CY121501.1	506	1573	19	20	39	506
CY121501.1	506	1833	31	60	91	506
CY121501.1	506	1918	22	42	64	506
CY121501.1	506	1966	3	3	6	506
CY121501.1	506	2060	6	15	21	506
CY121501.1	506	2133	3	0	3	506
CY121501.1	508	2135	16	18	34	508
CY121501.1	509	561	0	3	3	561
CY121501.1	510	961	1	0	1	510
CY121501.1	511	1995	0	2	2	1995
CY121501.1	512	2030	0	1	1	2030
CY121501.1	513	1973	37	52	89	513
CY121501.1	513	1989	0	1	1	1989
CY121501.1	513	2001	60	77	137	513
CY121501.1	513	2007	75	106	181	513
CY121501.1	513	2011	100	145	245	513
CY121501.1	513	2071	1	0	1	513
CY121501.1	513	2169	36	20	56	513
CY121501.1	514	1876	6	5	11	514
CY121501.1	514	1892	15	4	19	514
CY121501.1	514	2014	11	19	30	514
CY121501.1	514	2030	54	69	123	514
CY121501.1	514	2032	19	29	48	514
CY121501.1	514	2052	2	2	4	514
CY121501.1	514	2066	34	40	74	514
CY121501.1	514	2135	18	14	32	514
CY121501.1	516	1872	51	56	107	516
CY121501.1	516	2035	35	42	77	516
CY121501.1	517	2008	15	13	28	517
CY121501.1	520	1963	1	0	1	520
CY121501.1	520	2012	18	21	39	520
CY121501.1	520	2035	0	1	1	2035
CY121501.1	521	2005	1	0	1	521
CY121501.1	521	2016	0	3	3	2016
CY121501.1	521	2076	1	2	3	521
CY121501.1	523	2044	1	0	1	523
CY121501.1	524	2080	13	7	20	524
CY121501.1	525	1922	2	0	2	525
CY121501.1	525	558	43	74	117	525
CY121501.1	526	2110	0	2	2	2110
CY121501.1	527	1938	0	1	1	1938
CY121501.1	527	2038	0	1	1	2038
CY121501.1	528	562	0	1	1	562
CY121501.1	532	603	1	0	1	532
CY121501.1	533	580	0	1	1	580
CY121501.1	534	2051	0	6	6	2051
CY121501.1	537	2056	4	3	7	537
CY121501.1	538	1415	1	0	1	538
CY121501.1	538	2118	0	1	1	2118
CY121501.1	539	2011	16	8	24	539
CY121501.1	539	2015	1	0	1	539
CY121501.1	540	1943	43	52	95	540
CY121501.1	540	2019	15	12	27	540
CY121501.1	540	2066	24	21	45	540
CY121501.1	541	1927	3	6	9	541
CY121501.1	541	568	8	9	17	541
CY121501.1	544	2011	10	7	17	544
CY121501.1	546	1864	1	0	1	546
CY121501.1	546	1998	7	0	7	546
CY121501.1	547	2011	3	0	3	547
CY121501.1	547	573	0	2	2	573
CY121501.1	548	2002	26	30	56	548
CY121501.1	548	2012	11	17	28	548
CY121501.1	548	2065	69	113	182	548
CY121501.1	549	2004	0	1	1	2004
CY121501.1	550	1917	14	19	33	550
CY121501.1	551	2030	15	13	28	551
CY121501.1	551	2155	9	3	12	551
CY121501.1	553	1916	2	0	2	553
CY121501.1	553	1954	0	3	3	1954
CY121501.1	553	2123	6	2	8	553
CY121501.1	554	1957	26	15	41	554
CY121501.1	554	589	1	0	1	554
CY121501.1	555	1934	2	0	2	555
CY121501.1	555	2106	15	11	26	555
CY121501.1	556	2007	21	18	39	556
CY121501.1	556	2011	39	29	68	556
CY121501.1	556	2106	56	40	96	556
CY121501.1	556	2107	0	1	1	2107
CY121501.1	557	1873	17	22	39	557
CY121501.1	557	1933	14	17	31	557
CY121501.1	557	1936	40	48	88	557
CY121501.1	557	1943	10	4	14	557
CY121501.1	557	2030	21	18	39	557
CY121501.1	557	2066	94	76	170	557
CY121501.1	557	2070	0	1	1	2070
CY121501.1	558	1630	1	0	1	558
CY121501.1	558	1871	1	0	1	558
CY121501.1	561	1926	2	0	2	561
CY121501.1	562	876	1	0	1	562
CY121501.1	563	2013	29	24	53	563
CY121501.1	564	2004	1	0	1	564
CY121501.1	564	2053	0	2	2	2053
CY121501.1	566	1936	13	9	22	566
CY121501.1	566	2037	1	11	12	566
CY121501.1	566	2074	0	3	3	2074
CY121501.1	567	2011	341	368	709	567
CY121501.1	568	1856	1	0	1	568
CY121501.1	568	1933	0	1	1	1933
CY121501.1	568	2012	1	0	1	568
CY121501.1	570	2014	0	1	1	2014
CY121501.1	571	1998	10	0	10	571
CY121501.1	574	883	1	0	1	574
CY121501.1	575	2002	101	86	187	575
CY121501.1	576	1951	0	1	1	1951
CY121501.1	577	1952	46	46	92	577
CY121501.1	577	2026	1	6	7	577
CY121501.1	577	625	12	22	34	577
CY121501.1	578	1933	3	4	7	578
CY121501.1	578	1952	18	26	44	578
CY121501.1	579	1952	5	4	9	579
CY121501.1	579	619	2	13	15	579
CY121501.1	580	1885	6	8	14	580
CY121501.1	581	1952	2	1	3	581
CY121501.1	582	1932	16	17	33	582
CY121501.1	582	637	2	9	11	582
CY121501.1	582	651	3	11	14	582
CY121501.1	583	1929	1	2	3	583
CY121501.1	583	2012	46	77	123	583
CY121501.1	584	1834	0	4	4	1834
CY121501.1	584	1954	9	12	21	584
CY121501.1	584	1955	0	2	2	1955
CY121501.1	584	2124	0	1	1	2124
CY121501.1	586	1963	2	2	4	586
CY121501.1	587	1942	5	3	8	587
CY121501.1	587	2036	1	0	1	587
CY121501.1	596	1915	6	0	6	596
CY121501.1	596	1947	11	0	11	596
CY121501.1	596	2007	14	0	14	596
CY121501.1	598	2004	1	0	1	598
CY121501.1	599	1938	61	69	130	599
CY121501.1	600	2037	1	0	1	600
CY121501.1	600	2213	25	0	25	600
CY121501.1	600	906	6	0	6	600
CY121501.1	601	2051	0	1	1	2051
CY121501.1	601	2379	0	1	1	2379
CY121501.1	603	1942	1	2	3	603
CY121501.1	603	1986	1	0	1	603
CY121501.1	604	2023	7	0	7	604
CY121501.1	605	1873	2	2	4	605
CY121501.1	606	1988	1	0	1	606
CY121501.1	607	694	0	1	1	694
CY121501.1	608	2011	8	7	15	608
CY121501.1	609	1924	3	5	8	609
CY121501.1	609	1992	99	80	179	609
CY121501.1	609	2034	36	45	81	609
CY121501.1	610	1915	11	2	13	610
CY121501.1	610	1965	2	1	3	610
CY121501.1	613	1947	7	2	9	613
CY121501.1	617	2328	1	0	1	617
CY121501.1	618	1935	1	2	3	618
CY121501.1	618	1937	7	10	17	618
CY121501.1	618	2149	12	9	21	618
CY121501.1	621	1958	17	11	28	621
CY121501.1	623	1714	2	0	2	623
CY121501.1	625	1940	1	0	1	625
CY121501.1	629	1891	0	1	1	1891
CY121501.1	629	1904	2	1	3	629
CY121501.1	629	1944	0	1	1	1944
CY121501.1	634	1930	18	13	31	634
CY121501.1	634	1957	7	8	15	634
CY121501.1	635	1501	1	0	1	635
CY121501.1	635	1810	9	6	15	635
CY121501.1	637	1874	5	2	7	637
CY121501.1	637	1914	13	9	22	637
CY121501.1	637	1922	3	2	5	637
CY121501.1	638	1874	8	8	16	638
CY121501.1	639	1926	14	12	26	639
CY121501.1	641	1811	1	0	1	641
CY121501.1	641	2070	0	3	3	2070
CY121501.1	642	1913	1	2	3	642
CY121501.1	645	1537	29	22	51	645
CY121501.1	645	1866	8	7	15	645
CY121501.1	646	1072	1	1	2	646
CY121501.1	649	1624	1	0	1	649
CY121501.1	649	1924	0	1	1	1924
CY121501.1	649	1933	0	1	1	1933
CY121501.1	652	1859	7	9	16	652
CY121501.1	653	1738	10	6	16	653
CY121501.1	654	677	12	8	20	654
CY121501.1	656	1866	2	5	7	656
CY121501.1	664	1858	101	119	220	664
CY121501.1	671	1754	0	1	1	1754
CY121501.1	672	758	22	31	53	672
CY121501.1	676	1644	1	1	2	676
CY121501.1	676	1845	1	0	1	676
CY121501.1	676	2044	61	70	131	676
CY121501.1	677	955	1	0	1	677
CY121501.1	678	1031	0	1	1	1031
CY121501.1	679	2045	0	1	1	2045
CY121501.1	679	780	1	0	1	679
CY121501.1	680	1127	0	1	1	1127
CY121501.1	681	1511	0	1	1	1511
CY121501.1	681	1837	1	0	1	681
CY121501.1	681	1862	8	0	8	681
CY121501.1	686	1869	94	113	207	686
CY121501.1	686	1872	9	11	20	686
CY121501.1	686	2069	0	1	1	2069
CY121501.1	687	1916	43	49	92	687
CY121501.1	688	1655	21	17	38	688
CY121501.1	688	1954	0	3	3	1954
CY121501.1	690	2082	0	1	1	2082
CY121501.1	691	1890	0	2	2	1890
CY121501.1	691	1943	0	1	1	1943
CY121501.1	691	773	1	1	2	691
CY121501.1	693	1827	0	1	1	1827
CY121501.1	693	1861	6	6	12	693
CY121501.1	695	1926	0	1	1	1926
CY121501.1	697	1742	0	1	1	1742
CY121501.1	697	1912	15	20	35	697
CY121501.1	697	1940	0	2	2	1940
CY121501.1	698	1888	0	1	1	1888
CY121501.1	698	781	0	1	1	781
CY121501.1	699	1873	7	9	16	699
CY121501.1	700	1822	1	7	8	700
CY121501.1	701	1693	0	1	1	1693
CY121501.1	701	1864	3	6	9	701
CY121501.1	703	1979	6	12	18	703
CY121501.1	703	732	1	0	1	703
CY121501.1	704	1869	1	2	3	704
CY121501.1	708	2031	1	0	1	708
CY121501.1	711	1872	6	8	14	711
CY121501.1	711	736	11	14	25	711
CY121501.1	712	1833	3	8	11	712
CY121501.1	712	1912	2	0	2	712
CY121501.1	713	1874	0	1	1	1874
CY121501.1	717	1864	13	32	45	717
CY121501.1	719	1861	2	0	2	719
CY121501.1	719	1922	1	0	1	719
CY121501.1	720	1745	1	0	1	720
CY121501.1	720	1874	10	16	26	720
CY121501.1	721	1831	0	3	3	1831
CY121501.1	722	2039	4	0	4	722
CY121501.1	724	2006	3	0	3	724
CY121501.1	725	1526	0	1	1	1526
CY121501.1	725	2072	0	1	1	2072
CY121501.1	729	1874	3	6	9	729
CY121501.1	729	1952	14	10	24	729
CY121501.1	729	2011	29	11	40	729
CY121501.1	730	1870	1	1	2	730
CY121501.1	730	1873	36	74	110	730
CY121501.1	730	1931	9	7	16	730
CY121501.1	730	854	5	18	23	730
CY121501.1	731	2053	42	31	73	731
CY121501.1	733	1861	0	3	3	1861
CY121501.1	733	1876	0	2	2	1876
CY121501.1	735	1846	0	2	2	1846
CY121501.1	735	1866	0	3	3	1866
CY121501.1	735	2011	1	0	1	735
CY121501.1	736	1858	5	11	16	736
CY121501.1	739	1876	0	1	1	1876
CY121501.1	742	873	0	1	1	873
CY121501.1	743	1929	9	4	13	743
CY121501.1	746	1913	40	6	46	746
CY121501.1	746	1932	5	8	13	746
CY121501.1	747	1786	5	12	17	747
CY121501.1	747	2000	3	5	8	747
CY121501.1	748	1776	5	31	36	748
CY121501.1	751	1858	3	7	10	751
CY121501.1	755	1726	21	9	30	755
CY121501.1	755	1866	8	8	16	755
CY121501.1	756	1922	7	7	14	756
CY121501.1	757	2031	43	24	67	757
CY121501.1	758	1683	1	0	1	758
CY121501.1	759	1876	3	3	6	759
CY121501.1	765	1877	20	1	21	765
CY121501.1	768	1763	4	0	4	768
CY121501.1	769	1954	0	1	1	1954
CY121501.1	773	1891	0	1	1	1891
CY121501.1	773	1904	1	2	3	773
CY121501.1	773	2049	0	3	3	2049
CY121501.1	774	2326	15	9	24	774
CY121501.1	775	1710	19	10	29	775
CY121501.1	778	2053	0	2	2	2053
CY121501.1	779	1510	1	0	1	779
CY121501.1	781	1889	1	0	1	781
CY121501.1	781	1942	0	1	1	1942
CY121501.1	788	1406	0	1	1	1406
CY121501.1	791	1732	1	0	1	791
CY121501.1	793	1261	1	0	1	793
CY121501.1	800	1865	24	6	30	800
CY121501.1	803	1832	31	15	46	803
CY121501.1	808	1713	1	0	1	808
CY121501.1	808	1856	3	0	3	808
CY121501.1	810	1738	18	15	33	810
CY121501.1	810	1756	21	18	39	810
CY121501.1	811	1285	1	0	1	811
CY121501.1	811	1737	8	6	14	811
CY121501.1	812	1703	2	0	2	812
CY121501.1	815	1863	0	1	1	1863
CY121501.1	816	1712	11	0	11	816
CY121501.1	819	1877	29	6	35	819
CY121501.1	821	1695	1	0	1	821
CY121501.1	822	1725	18	13	31	822
CY121501.1	822	1768	0	1	1	1768
CY121501.1	823	1697	20	9	29	823
CY121501.1	823	1738	11	28	39	823
CY121501.1	824	1653	1	0	1	824
CY121501.1	825	1721	0	1	1	1721
CY121501.1	826	1784	8	6	14	826
CY121501.1	827	1701	1	0	1	827
CY121501.1	830	1401	1	0	1	830
CY121501.1	832	1740	56	70	126	832
CY121501.1	837	1690	24	15	39	837
CY121501.1	837	1782	0	1	1	1782
CY121501.1	838	1646	17	14	31	838
CY121501.1	840	2074	0	1	1	2074
CY121501.1	842	1952	0	2	2	1952
CY121501.1	844	1736	0	1	1	1736
CY121501.1	844	1738	3	2	5	844
CY121501.1	852	1677	20	17	37	852
CY121501.1	853	1697	90	73	163	853
CY121501.1	853	1738	15	22	37	853
CY121501.1	853	1756	10	12	22	853
CY121501.1	855	1006	1	0	1	855
CY121501.1	855	1727	18	7	25	855
CY121501.1	862	1316	0	1	1	1316
CY121501.1	862	1709	0	2	2	1709
CY121501.1	872	1701	1	0	1	872
CY121501.1	873	1719	0	1	1	1719
CY121501.1	895	1632	0	1	1	1632
CY121501.1	907	1580	1	0	1	907
CY121501.1	908	1791	0	9	9	1791
CY121501.1	914	1587	1	0	1	914
CY121501.1	917	1600	3	3	6	917
CY121501.1	917	1738	13	10	23	917
CY121501.1	923	2273	1	0	1	923
CY121501.1	930	1732	0	1	1	1732
CY121501.1	932	1974	1	0	1	932
CY121501.1	934	1597	25	24	49	934
CY121501.1	936	1146	0	1	1	1146
CY121501.1	936	1688	7	16	23	936
CY121501.1	939	2064	0	1	1	2064
CY121501.1	941	2032	1	0	1	941
CY121501.1	946	1738	16	10	26	946
CY121501.1	951	2002	1	0	1	951
CY121501.1	953	1704	0	1	1	1704
CY121501.1	953	1743	0	1	1	1743
CY121501.1	954	2160	16	10	26	954
CY121501.1	955	1648	0	1	1	1648
CY121501.1	956	982	1	0	1	956
CY121501.1	965	1752	0	1	1	1752
CY121501.1	965	1805	0	1	1	1805
CY121501.1	980	1613	9	2	11	980
CY121502.1	1018	2177	1	0	1	1018
CY121502.1	1047	1910	0	1	1	1910
CY121502.1	1095	2116	0	1	1	2116
CY121502.1	1107	1526	1	0	1	1107
CY121502.1	1112	1697	0	1	1	1697
CY121502.1	1112	2146	1	0	1	1112
CY121502.1	1118	1286	0	1	1	1286
CY121502.1	1128	2097	0	1	1	2097
CY121502.1	1136	1299	0	1	1	1299
CY121502.1	1179	2455	0	1	1	2455
CY121502.1	1182	1603	1	0	1	1182
CY121502.1	1214	2329	1	0	1	1214
CY121502.1	1222	1557	1	0	1	1222
CY121502.1	1229	1626	0	1	1	1626
CY121502.1	1245	2256	1	0	1	1245
CY121502.1	1256	2052	1	0	1	1256
CY121502.1	1304	1956	1	0	1	1304
CY121502.1	1316	2167	1	0	1	1316
CY121502.1	1350	1397	0	1	1	1397
CY121502.1	1380	2372	1	0	1	1380
CY121502.1	1393	2165	0	1	1	2165
CY121502.1	1394	1595	0	1	1	1595
CY121502.1	1403	1654	0	1	1	1654
CY121502.1	1414	2070	0	1	1	2070
CY121502.1	1421	1554	0	1	1	1554
CY121502.1	1437	1875	0	1	1	1875
CY121502.1	1462	1881	0	1	1	1881
CY121502.1	1484	1969	1	0	1	1484
CY121502.1	1491	2059	0	1	1	2059
CY121502.1	1502	1565	0	1	1	1565
CY121502.1	1536	2026	0	1	1	2026
CY121502.1	1536	2121	0	1	1	2121
CY121502.1	1593	1773	1	0	1	1593
CY121502.1	1618	2288	1	0	1	1618
CY121502.1	1639	1698	0	1	1	1698
CY121502.1	1644	2465	0	1	1	2465
CY121502.1	1653	2210	1	0	1	1653
CY121502.1	1676	2409	1	0	1	1676
CY121502.1	1724	2428	1	0	1	1724
CY121502.1	1771	2423	1	0	1	1771
CY121502.1	1792	2468	1	1	2	1792
CY121502.1	1815	2308	0	1	1	2308
CY121502.1	1827	2472	0	1	1	2472
CY121502.1	1846	2218	0	1	1	2218
CY121502.1	1890	2292	0	1	1	2292
CY121502.1	1914	2491	0	1	1	2491
CY121502.1	1942	2467	0	1	1	2467
CY121502.1	1953	2286	0	1	1	2286
CY121502.1	1967	2019	3	1	4	1967
CY121502.1	2042	2104	1	0	1	2042
CY121502.1	2044	2225	0	1	1	2225
CY121502.1	2053	2106	1	0	1	2053
CY121502.1	2056	2109	42	13	55	2056
CY121502.1	2059	2125	10	4	14	2059
CY121502.1	2081	2108	6	7	13	2081
CY121502.1	2081	2248	6	1	7	2081
CY121502.1	2154	2186	1	2	3	2154
CY121502.1	2155	2200	0	1	1	2200
CY121502.1	2185	2254	15	6	21	2185
CY121502.1	2213	2243	0	1	1	2243
CY121502.1	2213	2254	8	1	9	2213
CY121502.1	2228	2381	1	0	1	2228
CY121502.1	2233	2439	1	0	1	2233
CY121502.1	2237	2355	0	1	1	2355
CY121502.1	2242	2360	23	6	29	2242
CY121502.1	2251	2348	5	1	6	2251
CY121502.1	2279	2371	1	0	1	2279
CY121502.1	2282	2374	34	8	42	2282
CY121502.1	2286	2420	6	2	8	2286
CY121502.1	2288	2330	26	10	36	2288
CY121502.1	2292	2328	13	7	20	2292
CY121502.1	2308	2367	78	25	103	2308
CY121502.1	2313	2416	1	0	1	2313
CY121502.1	2323	2365	1	0	1	2323
CY121502.1	2325	2364	2	0	2	2325
CY121502.1	2325	2367	51	12	63	2325
CY121502.1	2326	2354	92	13	105	2326
CY121502.1	2326	2363	36	2	38	2326
CY121502.1	2326	2374	17	6	23	2326
CY121502.1	2327	2361	37	10	47	2327
CY121502.1	2327	2385	20	1	21	2327
CY121502.1	2331	2424	0	1	1	2424
CY121502.1	2339	2361	24	9	33	2339
CY121502.1	2343	2384	14	5	19	2343
CY121502.1	2346	2376	15	10	25	2346
CY121502.1	2346	2454	4	5	9	2346
CY121502.1	2355	2407	6	4	10	2355
CY121502.1	2376	2455	4	13	17	2376
CY121502.1	2377	2421	65	8	73	2377
CY121502.1	2377	2456	0	1	1	2456
CY121502.1	2379	2420	26	1	27	2379
CY121502.1	2382	2419	6	0	6	2382
CY121502.1	2382	2437	41	2	43	2382
CY121502.1	2394	2493	0	3	3	2493
CY121502.1	2403	2436	4	1	5	2403
CY121502.1	2406	2428	22	2	24	2406
CY121502.1	2407	2454	3	12	15	2407
CY121502.1	240	2094	1	0	1	240
CY121502.1	241	2250	2	0	2	241
CY121502.1	2421	2456	8	17	25	2421
CY121502.1	242	271	6	1	7	242
CY121502.1	242	342	17	0	17	242
CY121502.1	243	286	3	0	3	243
CY121502.1	244	2253	59	8	67	244
CY121502.1	244	348	1	0	1	244
CY121502.1	245	2098	102	14	116	245
CY121502.1	245	901	1	0	1	245
CY121502.1	246	2171	14	0	14	246
CY121502.1	246	272	5	0	5	246
CY121502.1	247	2288	2	0	2	247
CY121502.1	249	2311	1	0	1	249
CY121502.1	250	2103	1	0	1	250
CY121502.1	250	2226	2	0	2	250
CY121502.1	250	2257	1	0	1	250
CY121502.1	251	2187	15	2	17	251
CY121502.1	252	2327	56	0	56	252
CY121502.1	252	296	11	3	14	252
CY121502.1	253	278	14	0	14	253
CY121502.1	255	2184	1	0	1	255
CY121502.1	256	2263	2	0	2	256
CY121502.1	261	294	18	6	24	261
CY121502.1	261	336	22	5	27	261
CY121502.1	262	2293	2	0	2	262
CY121502.1	263	2151	1	0	1	263
CY121502.1	267	1979	3	0	3	267
CY121502.1	267	2304	7	0	7	267
CY121502.1	267	347	26	1	27	267
CY121502.1	269	2081	18	0	18	269
CY121502.1	269	2493	5	4	9	269
CY121502.1	271	2308	45	6	51	271
CY121502.1	271	344	26	4	30	271
CY121502.1	273	2200	2	0	2	273
CY121502.1	274	2164	8	0	8	274
CY121502.1	276	2327	21	3	24	276
CY121502.1	276	2330	11	1	12	276
CY121502.1	276	303	16	5	21	276
CY121502.1	276	312	7	1	8	276
CY121502.1	276	314	8	0	8	276
CY121502.1	277	2127	3	0	3	277
CY121502.1	277	2207	1	0	1	277
CY121502.1	280	318	26	8	34	280
CY121502.1	285	2214	1	0	1	285
CY121502.1	290	2227	2	0	2	290
CY121502.1	291	2326	10	0	10	291
CY121502.1	291	2353	1	0	1	291
CY121502.1	291	2361	1	0	1	291
CY121502.1	291	2451	1	1	2	291
CY121502.1	292	2115	1	0	1	292
CY121502.1	292	319	24	2	26	292
CY121502.1	293	325	2	0	2	293
CY121502.1	293	347	13	0	13	293
CY121502.1	294	2244	5	2	7	294
CY121502.1	294	2364	5	9	14	294
CY121502.1	294	2454	9	33	42	294
CY121502.1	295	2330	6	2	8	295
CY121502.1	296	364	0	1	1	364
CY121502.1	297	2490	2	5	7	297
CY121502.1	301	2371	4	8	12	301
CY121502.1	304	2346	1	0	1	304
CY121502.1	309	2360	1	2	3	309
CY121502.1	310	2472	0	2	2	2472
CY121502.1	310	343	0	1	1	343
CY121502.1	311	2248	4	6	10	311
CY121502.1	311	2255	2	4	6	311
CY121502.1	311	2327	2	1	3	311
CY121502.1	317	2259	1	0	1	317
CY121502.1	317	2327	0	4	4	2327
CY121502.1	318	2247	12	5	17	318
CY121502.1	319	2361	11	23	34	319
CY121502.1	320	2378	15	22	37	320
CY121502.1	320	2387	32	61	93	320
CY121502.1	321	2330	1	4	5	321
CY121502.1	321	2364	38	2	40	321
CY121502.1	325	2284	5	0	5	325
CY121502.1	325	2343	0	2	2	2343
CY121502.1	325	2359	6	18	24	325
CY121502.1	325	360	3	0	3	325
CY121502.1	327	2387	0	1	1	2387
CY121502.1	330	2289	16	8	24	330
CY121502.1	330	369	1	0	1	330
CY121502.1	331	2328	2	2	4	331
CY121502.1	331	2347	3	4	7	331
CY121502.1	331	2362	10	10	20	331
CY121502.1	333	2387	4	3	7	333
CY121502.1	334	2307	5	5	10	334
CY121502.1	334	2419	11	0	11	334
CY121502.1	335	2327	16	12	28	335
CY121502.1	335	2348	29	49	78	335
CY121502.1	335	2360	2	6	8	335
CY121502.1	335	2375	4	5	9	335
CY121502.1	335	369	5	10	15	335
CY121502.1	336	2290	0	1	1	2290
CY121502.1	338	2215	1	0	1	338
CY121502.1	340	2292	7	1	8	340
CY121502.1	341	2273	7	1	8	341
CY121502.1	341	2472	0	2	2	2472
CY121502.1	344	2330	4	6	10	344
CY121502.1	346	2339	4	4	8	346
CY121502.1	346	2384	5	1	6	346
CY121502.1	346	2456	19	30	49	346
CY121502.1	346	619	2	0	2	346
CY121502.1	348	2024	3	0	3	348
CY121502.1	354	2208	1	0	1	354
CY121502.1	354	2305	1	0	1	354
CY121502.1	355	1996	3	0	3	355
CY121502.1	355	2158	1	0	1	355
CY121502.1	355	2289	3	1	4	355
CY121502.1	357	2285	1	0	1	357
CY121502.1	358	2405	0	1	1	2405
CY121502.1	359	2307	11	0	11	359
CY121502.1	359	2480	0	1	1	2480
CY121502.1	360	2099	3	1	4	360
CY121502.1	360	2348	0	2	2	2348
CY121502.1	360	421	8	19	27	360
CY121502.1	361	2215	6	12	18	361
CY121502.1	362	2254	3	0	3	362
CY121502.1	362	2327	12	1	13	362
CY121502.1	363	2215	2	0	2	363
CY121502.1	367	2101	6	1	7	367
CY121502.1	367	2307	62	3	65	367
CY121502.1	367	2419	6	0	6	367
CY121502.1	368	2289	3	0	3	368
CY121502.1	368	2327	31	5	36	368
CY121502.1	371	2270	4	0	4	371
CY121502.1	372	2335	2	0	2	372
CY121502.1	373	2361	3	1	4	373
CY121502.1	376	2315	1	0	1	376
CY121502.1	377	2230	15	27	42	377
CY121502.1	378	2233	0	1	1	2233
CY121502.1	378	2276	3	0	3	378
CY121502.1	378	401	1	4	5	378
CY121502.1	380	2233	0	2	2	2233
CY121502.1	380	2265	1	0	1	380
CY121502.1	380	2279	59	10	69	380
CY121502.1	381	2307	16	2	18	381
CY121502.1	383	2281	1	0	1	383
CY121502.1	386	2298	3	0	3	386
CY121502.1	386	2308	1	1	2	386
CY121502.1	388	2370	3	0	3	388
CY121502.1	389	1458	1	0	1	389
CY121502.1	392	2194	10	8	18	392
CY121502.1	393	2212	4	9	13	393
CY121502.1	393	2327	31	7	38	393
CY121502.1	393	2419	1	0	1	393
CY121502.1	395	2250	1	0	1	395
CY121502.1	395	2402	101	41	142	395
CY121502.1	395	422	4	0	4	395
CY121502.1	396	2300	5	1	6	396
CY121502.1	396	2307	34	2	36	396
CY121502.1	396	434	0	8	8	434
CY121502.1	397	2193	50	24	74	397
CY121502.1	397	2243	12	3	15	397
CY121502.1	397	2327	4	1	5	397
CY121502.1	397	2404	0	1	1	2404
CY121502.1	397	421	2	5	7	397
CY121502.1	400	2309	1	0	1	400
CY121502.1	403	2243	7	2	9	403
CY121502.1	405	2326	5	1	6	405
CY121502.1	405	2383	143	44	187	405
CY121502.1	407	2221	4	0	4	407
CY121502.1	410	2203	14	19	33	410
CY121502.1	410	2388	5	9	14	410
CY121502.1	411	468	1	0	1	411
CY121502.1	417	2229	3	0	3	417
CY121502.1	418	2208	0	1	1	2208
CY121502.1	419	445	8	0	8	419
CY121502.1	420	2193	2	3	5	420
CY121502.1	420	2231	35	42	77	420
CY121502.1	420	2243	17	3	20	420
CY121502.1	420	2267	118	23	141	420
CY121502.1	420	2327	54	10	64	420
CY121502.1	420	442	14	40	54	420
CY121502.1	421	461	4	0	4	421
CY121502.1	423	2251	2	0	2	423
CY121502.1	426	2169	16	4	20	426
CY121502.1	427	2181	1	0	1	427
CY121502.1	427	2229	0	1	1	2229
CY121502.1	427	2255	1	0	1	427
CY121502.1	427	2294	5	0	5	427
CY121502.1	427	2327	20	4	24	427
CY121502.1	429	2192	0	1	1	2192
CY121502.1	430	2204	18	9	27	430
CY121502.1	433	2198	1	0	1	433
CY121502.1	433	2287	2	0	2	433
CY121502.1	433	2399	1	1	2	433
CY121502.1	435	2073	1	0	1	435
CY121502.1	437	2175	0	1	1	2175
CY121502.1	438	2099	33	5	38	438
CY121502.1	438	2292	1	0	1	438
CY121502.1	439	2211	0	1	1	2211
CY121502.1	440	2216	11	12	23	440
CY121502.1	440	2307	24	1	25	440
CY121502.1	440	2350	2	0	2	440
CY121502.1	441	2099	13	4	17	441
CY121502.1	441	2193	2	0	2	441
CY121502.1	441	2243	7	17	24	441
CY121502.1	441	2248	23	4	27	441
CY121502.1	441	2327	102	18	120	441
CY121502.1	441	2330	2	0	2	441
CY121502.1	441	2339	47	3	50	441
CY121502.1	441	2343	50	8	58	441
CY121502.1	444	2185	5	0	5	444
CY121502.1	444	2347	2	0	2	444
CY121502.1	446	2108	1	0	1	446
CY121502.1	446	2228	8	8	16	446
CY121502.1	449	2190	0	1	1	2190
CY121502.1	450	2278	3	1	4	450
CY121502.1	451	2327	5	0	5	451
CY121502.1	451	2330	16	0	16	451
CY121502.1	452	2249	31	10	41	452
CY121502.1	455	2231	19	16	35	455
CY121502.1	456	2131	0	1	1	2131
CY121502.1	458	2237	0	1	1	2237
CY121502.1	461	2230	4	2	6	461
CY121502.1	462	2230	7	30	37	462
CY121502.1	462	2242	6	1	7	462
CY121502.1	462	2343	78	13	91	462
CY121502.1	465	2234	0	3	3	2234
CY121502.1	465	2344	2	0	2	465
CY121502.1	466	2203	5	1	6	466
CY121502.1	467	2248	28	2	30	467
CY121502.1	468	2125	1	2	3	468
CY121502.1	468	2244	1	5	6	468
CY121502.1	473	2187	17	29	46	473
CY121502.1	473	503	0	1	1	503
CY121502.1	474	2255	1	1	2	474
CY121502.1	475	2128	4	7	11	475
CY121502.1	475	2182	0	1	1	2182
CY121502.1	477	2186	16	26	42	477
CY121502.1	479	2285	0	1	1	2285
CY121502.1	491	2222	0	1	1	2222
CY121502.1	497	2098	3	0	3	497
CY121502.1	497	2349	30	48	78	497
CY121502.1	497	528	5	2	7	497
CY121502.1	498	2195	5	19	24	498
CY121502.1	499	2378	0	3	3	2378
CY121502.1	503	1274	0	1	1	1274
CY121502.1	507	2000	30	20	50	507
CY121502.1	508	2219	1	0	1	508
CY121502.1	512	1884	1	0	1	512
CY121502.1	514	2160	1	0	1	514
CY121502.1	517	2113	5	0	5	517
CY121502.1	517	2149	32	14	46	517
CY121502.1	518	2164	1	0	1	518
CY121502.1	520	2237	8	4	12	520
CY121502.1	522	1952	2	0	2	522
CY121502.1	523	605	1	0	1	523
CY121502.1	525	2171	3	5	8	525
CY121502.1	526	2248	25	11	36	526
CY121502.1	527	2194	8	5	13	527
CY121502.1	527	2197	7	6	13	527
CY121502.1	528	2084	32	26	58	528
CY121502.1	531	2016	9	5	14	531
CY121502.1	534	1317	16	12	28	534
CY121502.1	535	2348	19	8	27	535
CY121502.1	536	2079	1	0	1	536
CY121502.1	539	2170	21	11	32	539
CY121502.1	539	2217	1	0	1	539
CY121502.1	546	2098	18	12	30	546
CY121502.1	546	2142	2	1	3	546
CY121502.1	548	2243	22	22	44	548
CY121502.1	554	2098	54	53	107	554
CY121502.1	554	588	4	8	12	554
CY121502.1	554	711	19	3	22	554
CY121502.1	555	2150	1	0	1	555
CY121502.1	555	2157	11	6	17	555
CY121502.1	555	2204	53	34	87	555
CY121502.1	558	2191	1	0	1	558
CY121502.1	558	2207	0	2	2	2207
CY121502.1	558	590	1	10	11	558
CY121502.1	560	1348	1	0	1	560
CY121502.1	560	2209	0	1	1	2209
CY121502.1	561	2258	0	1	1	2258
CY121502.1	564	2203	1	0	1	564
CY121502.1	566	2448	1	0	1	566
CY121502.1	567	2024	7	17	24	567
CY121502.1	569	1463	1	0	1	569
CY121502.1	572	1882	4	2	6	572
CY121502.1	577	2088	2	0	2	577
CY121502.1	581	2222	0	1	1	2222
CY121502.1	581	2243	20	3	23	581
CY121502.1	583	1799	1	0	1	583
CY121502.1	585	2099	6	5	11	585
CY121502.1	585	2182	0	1	1	2182
CY121502.1	587	2074	51	71	122	587
CY121502.1	588	2017	30	27	57	588
CY121502.1	588	2193	13	3	16	588
CY121502.1	589	2100	27	29	56	589
CY121502.1	592	2103	0	1	1	2103
CY121502.1	607	1412	0	1	1	1412
CY121502.1	607	2096	1	0	1	607
CY121502.1	608	2099	4	3	7	608
CY121502.1	609	2098	59	67	126	609
CY121502.1	609	2125	27	18	45	609
CY121502.1	613	2098	10	4	14	613
CY121502.1	616	2182	6	8	14	616
CY121502.1	620	2060	3	4	7	620
CY121502.1	625	2147	0	2	2	2147
CY121502.1	644	2208	0	1	1	2208
CY121502.1	648	2143	1	1	2	648
CY121502.1	651	2099	20	16	36	651
CY121502.1	655	2124	0	1	1	2124
CY121502.1	683	2106	10	3	13	683
CY121502.1	688	2206	25	11	36	688
CY121502.1	695	2249	1	0	1	695
CY121502.1	696	2098	59	26	85	696
CY121502.1	696	2101	11	9	20	696
CY121502.1	708	2078	13	4	17	708
CY121502.1	708	2099	17	6	23	708
CY121502.1	710	2094	2	0	2	710
CY121502.1	712	1952	10	5	15	712
CY121502.1	721	1627	1	0	1	721
CY121502.1	721	1928	10	3	13	721
CY121502.1	725	1881	1	0	1	725
CY121502.1	731	2098	11	4	15	731
CY121502.1	740	1518	0	1	1	1518
CY121502.1	741	1942	1	0	1	741
CY121502.1	743	2081	9	0	9	743
CY121502.1	745	2378	1	0	1	745
CY121502.1	748	1895	1	0	1	748
CY121502.1	752	1884	1	0	1	752
CY121502.1	752	2130	0	1	1	2130
CY121502.1	757	2013	13	8	21	757
CY121502.1	758	1886	2	1	3	758
CY121502.1	765	1891	9	1	10	765
CY121502.1	774	1922	2	0	2	774
CY121502.1	780	881	16	4	20	780
CY121502.1	781	1954	29	24	53	781
CY121502.1	786	1504	0	1	1	1504
CY121502.1	786	1797	1	0	1	786
CY121502.1	791	2028	1	0	1	791
CY121502.1	796	1814	14	4	18	796
CY121502.1	798	905	1	0	1	798
CY121502.1	805	1955	41	50	91	805
CY121502.1	806	1378	1	0	1	806
CY121502.1	806	1529	0	1	1	1529
CY121502.1	810	1419	1	0	1	810
CY121502.1	818	1946	14	14	28	818
CY121502.1	832	1138	0	1	1	1138
CY121502.1	832	2131	1	0	1	832
CY121502.1	834	1051	1	0	1	834
CY121502.1	834	1893	8	3	11	834
CY121502.1	852	2148	1	0	1	852
CY121502.1	861	1078	1	0	1	861
CY121502.1	863	1775	1	0	1	863
CY121502.1	863	2159	11	7	18	863
CY121502.1	869	1669	1	0	1	869
CY121502.1	872	1823	1	4	5	872
CY121502.1	876	1895	1	0	1	876
CY121502.1	877	1762	64	40	104	877
CY121502.1	879	1790	1	0	1	879
CY121502.1	888	1799	0	1	1	1799
CY121502.1	900	2152	24	14	38	900
CY121502.1	905	2133	1	0	1	905
CY121502.1	908	1614	1	0	1	908
CY121502.1	910	1799	11	17	28	910
CY121502.1	916	1985	0	1	1	1985
CY121502.1	916	2067	1	0	1	916
CY121502.1	924	1731	1	0	1	924
CY121502.1	925	1703	23	7	30	925
CY121502.1	925	1783	0	2	2	1783
CY121502.1	948	1841	0	1	1	1841
CY121502.1	964	1817	6	17	23	964
CY121502.1	967	1828	11	7	18	967
CY121502.1	971	1785	1	0	1	971
CY121503.1	1007	1319	1	0	1	1007
CY121503.1	1010	2161	0	1	1	2161
CY121503.1	1010	2381	0	1	1	2381
CY121503.1	1018	1833	5	14	19	1018
CY121503.1	1027	1623	4	1	5	1027
CY121503.1	1034	1853	1	0	1	1034
CY121503.1	1048	1642	0	2	2	1642
CY121503.1	1054	1515	1	0	1	1054
CY121503.1	1064	1091	2	0	2	1064
CY121503.1	1092	1737	1	0	1	1092
CY121503.1	1100	2386	1	0	1	1100
CY121503.1	1110	1334	1	0	1	1110
CY121503.1	1110	2320	0	1	1	2320
CY121503.1	1135	2436	3	0	3	1135
CY121503.1	1148	2411	0	1	1	2411
CY121503.1	1170	1353	1	0	1	1170
CY121503.1	1184	2090	14	24	38	1184
CY121503.1	1184	2093	58	76	134	1184
CY121503.1	1190	2470	0	1	1	2470
CY121503.1	1192	2088	1	0	1	1192
CY121503.1	1203	1639	0	1	1	1639
CY121503.1	1203	2227	0	1	1	2227
CY121503.1	1212	1658	0	1	1	1658
CY121503.1	1218	1624	1	0	1	1218
CY121503.1	1225	2111	0	1	1	2111
CY121503.1	1225	2169	1	0	1	1225
CY121503.1	1227	1880	1	1	2	1227
CY121503.1	1249	2115	0	1	1	2115
CY121503.1	1254	1694	0	1	1	1694
CY121503.1	1273	1632	1	1	2	1273
CY121503.1	1288	2096	1	0	1	1288
CY121503.1	1290	1525	1	0	1	1290
CY121503.1	1290	1914	1	0	1	1290
CY121503.1	1300	2149	2	0	2	1300
CY121503.1	1302	2475	0	1	1	2475
CY121503.1	1312	2123	5	6	11	1312
CY121503.1	1329	1425	0	1	1	1425
CY121503.1	1330	2370	1	0	1	1330
CY121503.1	1337	2085	1	0	1	1337
CY121503.1	1355	2229	0	1	1	2229
CY121503.1	1357	1690	1	0	1	1357
CY121503.1	1372	1878	1	0	1	1372
CY121503.1	1391	1702	0	1	1	1702
CY121503.1	1394	2040	12	15	27	1394
CY121503.1	1405	1999	2	1	3	1405
CY121503.1	1417	1721	0	1	1	1721
CY121503.1	1436	2192	1	0	1	1436
CY121503.1	1438	1892	0	1	1	1892
CY121503.1	1453	2168	0	1	1	2168
CY121503.1	1462	2218	0	1	1	2218
CY121503.1	1464	1869	1	0	1	1464
CY121503.1	1475	2494	0	1	1	2494
CY121503.1	1518	2197	1	0	1	1518
CY121503.1	1519	1551	1	1	2	1519
CY121503.1	1532	1656	1	0	1	1532
CY121503.1	1547	2307	0	1	1	2307
CY121503.1	1560	2087	3	4	7	1560
CY121503.1	1562	2438	0	1	1	2438
CY121503.1	1573	2150	1	1	2	1573
CY121503.1	1577	2423	1	0	1	1577
CY121503.1	1594	2420	0	1	1	2420
CY121503.1	1594	2463	0	1	1	2463
CY121503.1	1597	2365	1	0	1	1597
CY121503.1	1598	1760	1	0	1	1598
CY121503.1	1604	2430	1	1	2	1604
CY121503.1	1607	2475	0	1	1	2475
CY121503.1	1636	2182	1	0	1	1636
CY121503.1	1642	2380	0	1	1	2380
CY121503.1	1659	1682	0	2	2	1682
CY121503.1	1679	1710	0	1	1	1710
CY121503.1	1683	2123	0	1	1	2123
CY121503.1	1683	2160	2	1	3	1683
CY121503.1	1690	2082	5	14	19	1690
CY121503.1	1700	2038	0	2	2	2038
CY121503.1	1708	2363	1	0	1	1708
CY121503.1	1743	2018	1	0	1	1743
CY121503.1	1750	1959	0	1	1	1959
CY121503.1	1776	2478	0	1	1	2478
CY121503.1	1791	2449	0	1	1	2449
CY121503.1	1802	2039	6	13	19	1802
CY121503.1	1805	1827	0	1	1	1827
CY121503.1	1859	2080	0	1	1	2080
CY121503.1	1899	2452	0	1	1	2452
CY121503.1	1901	1931	13	6	19	1901
CY121503.1	1913	1968	2	1	3	1913
CY121503.1	1924	1953	0	1	1	1953
CY121503.1	1949	2052	1	0	1	1949
CY121503.1	1973	2045	0	1	1	2045
CY121503.1	2056	2368	0	1	1	2368
CY121503.1	2112	2414	1	0	1	2112
CY121503.1	2184	2417	1	0	1	2184
CY121503.1	2214	2379	1	0	1	2214
CY121503.1	2217	2485	0	1	1	2485
CY121503.1	2234	2387	0	1	1	2387
CY121503.1	2239	2376	1	0	1	2239
CY121503.1	2240	2371	1	0	1	2240
CY121503.1	2257	2327	1	0	1	2257
CY121503.1	2261	2405	1	0	1	2261
CY121503.1	2263	2334	0	3	3	2334
CY121503.1	2297	2348	34	8	42	2297
CY121503.1	2302	2402	1	0	1	2302
CY121503.1	2322	2411	1	0	1	2322
CY121503.1	2344	2399	1	0	1	2344
CY121503.1	2347	2402	44	8	52	2347
CY121503.1	2349	2414	0	1	1	2414
CY121503.1	2349	2463	0	1	1	2463
CY121503.1	235	2315	1	0	1	235
CY121503.1	2403	2450	0	1	1	2450
CY121503.1	2408	2478	0	1	1	2478
CY121503.1	241	1784	1	0	1	241
CY121503.1	242	1499	1	0	1	242
CY121503.1	243	2225	1	0	1	243
CY121503.1	247	2321	1	0	1	247
CY121503.1	249	1794	1	0	1	249
CY121503.1	249	2232	1	0	1	249
CY121503.1	249	2359	1	0	1	249
CY121503.1	251	1209	1	0	1	251
CY121503.1	254	1806	1	0	1	254
CY121503.1	255	1068	1	0	1	255
CY121503.1	256	2357	1	0	1	256
CY121503.1	259	1204	1	0	1	259
CY121503.1	261	1812	1	0	1	261
CY121503.1	264	292	1	0	1	264
CY121503.1	266	650	1	0	1	266
CY121503.1	267	1367	1	0	1	267
CY121503.1	267	1775	1	0	1	267
CY121503.1	267	1823	43	11	54	267
CY121503.1	267	377	1	0	1	267
CY121503.1	268	1373	1	0	1	268
CY121503.1	269	1096	1	0	1	269
CY121503.1	272	2438	1	0	1	272
CY121503.1	275	399	1	0	1	275
CY121503.1	277	1812	1	0	1	277
CY121503.1	280	1430	1	0	1	280
CY121503.1	280	792	1	0	1	280
CY121503.1	283	829	1	0	1	283
CY121503.1	285	1188	1	0	1	285
CY121503.1	285	1523	1	0	1	285
CY121503.1	285	518	1	0	1	285
CY121503.1	285	728	1	0	1	285
CY121503.1	286	2408	29	1	30	286
CY121503.1	287	2016	1	0	1	287
CY121503.1	290	2428	1	0	1	290
CY121503.1	292	1512	2	0	2	292
CY121503.1	297	2347	0	3	3	2347
CY121503.1	297	2449	0	1	1	2449
CY121503.1	298	2458	0	1	1	2458
CY121503.1	304	1885	0	1	1	1885
CY121503.1	305	327	2	32	34	305
CY121503.1	307	2394	2	5	7	307
CY121503.1	311	1562	0	1	1	1562
CY121503.1	312	2372	4	21	25	312
CY121503.1	314	1565	79	157	236	314
CY121503.1	315	2489	0	1	1	2489
CY121503.1	317	2488	0	27	27	2488
CY121503.1	322	2342	0	1	1	2342
CY121503.1	324	1422	0	1	1	1422
CY121503.1	325	1585	0	1	1	1585
CY121503.1	325	2449	0	1	1	2449
CY121503.1	325	543	0	1	1	543
CY121503.1	329	358	0	1	1	358
CY121503.1	330	2275	4	0	4	330
CY121503.1	330	2498	0	1	1	2498
CY121503.1	331	1587	0	7	7	1587
CY121503.1	332	2201	1	0	1	332
CY121503.1	332	2461	0	1	1	2461
CY121503.1	334	2408	0	1	1	2408
CY121503.1	336	2362	1	0	1	336
CY121503.1	336	2487	0	1	1	2487
CY121503.1	337	359	0	1	1	359
CY121503.1	339	414	1	0	1	339
CY121503.1	340	2329	0	3	3	2329
CY121503.1	341	2293	12	62	74	341
CY121503.1	341	2454	0	1	1	2454
CY121503.1	343	2268	0	1	1	2268
CY121503.1	344	2360	4	16	20	344
CY121503.1	344	634	0	1	1	634
CY121503.1	346	2269	1	2	3	346
CY121503.1	346	614	0	1	1	614
CY121503.1	347	1935	1	0	1	347
CY121503.1	347	2236	7	2	9	347
CY121503.1	348	2285	1	0	1	348
CY121503.1	350	1009	0	1	1	1009
CY121503.1	350	1228	0	1	1	1228
CY121503.1	350	488	0	1	1	488
CY121503.1	351	2058	1	0	1	351
CY121503.1	351	2466	0	1	1	2466
CY121503.1	352	2241	1	0	1	352
CY121503.1	353	2416	1	0	1	353
CY121503.1	354	2294	2	2	4	354
CY121503.1	355	518	0	1	1	518
CY121503.1	355	604	0	1	1	604
CY121503.1	356	1169	0	1	1	1169
CY121503.1	356	2276	1	19	20	356
CY121503.1	357	2314	66	298	364	357
CY121503.1	357	2492	0	1	1	2492
CY121503.1	358	2247	4	0	4	358
CY121503.1	359	2348	1	0	1	359
CY121503.1	360	2058	0	1	1	2058
CY121503.1	361	1109	0	1	1	1109
CY121503.1	361	2317	6	32	38	361
CY121503.1	361	488	0	1	1	488
CY121503.1	361	529	0	1	1	529
CY121503.1	362	1136	0	1	1	1136
CY121503.1	364	1169	0	1	1	1169
CY121503.1	364	1484	0	1	1	1484
CY121503.1	364	1678	1	0	1	364
CY121503.1	364	2276	1	0	1	364
CY121503.1	364	2282	1	0	1	364
CY121503.1	364	2337	28	68	96	364
CY121503.1	364	421	4	12	16	364
CY121503.1	364	983	0	1	1	983
CY121503.1	365	1211	1	0	1	365
CY121503.1	365	2298	1	0	1	365
CY121503.1	365	2326	0	4	4	2326
CY121503.1	366	2255	0	1	1	2255
CY121503.1	366	2279	0	1	1	2279
CY121503.1	366	2285	5	42	47	366
CY121503.1	367	2260	18	108	126	367
CY121503.1	367	2268	6	0	6	367
CY121503.1	367	2348	2	8	10	367
CY121503.1	368	2151	3	15	18	368
CY121503.1	368	2188	19	89	108	368
CY121503.1	368	2248	0	5	5	2248
CY121503.1	368	2269	0	1	1	2269
CY121503.1	368	2283	7	34	41	368
CY121503.1	368	2284	22	86	108	368
CY121503.1	368	2325	6	36	42	368
CY121503.1	368	2347	6	21	27	368
CY121503.1	369	2015	1	0	1	369
CY121503.1	369	2297	18	71	89	369
CY121503.1	369	399	6	48	54	369
CY121503.1	369	600	1	0	1	369
CY121503.1	370	1244	0	1	1	1244
CY121503.1	370	1725	0	1	1	1725
CY121503.1	370	399	0	1	1	399
CY121503.1	370	828	1	0	1	370
CY121503.1	371	1774	1	0	1	371
CY121503.1	371	2284	24	96	120	371
CY121503.1	371	2443	1	0	1	371
CY121503.1	372	2164	2	8	10	372
CY121503.1	372	2299	18	83	101	372
CY121503.1	372	2311	1	1	2	372
CY121503.1	372	910	0	1	1	910
CY121503.1	373	1136	1	0	1	373
CY121503.1	373	2337	0	1	1	2337
CY121503.1	373	2373	0	2	2	2373
CY121503.1	373	2417	1	0	1	373
CY121503.1	373	422	0	1	1	422
CY121503.1	374	1503	0	1	1	1503
CY121503.1	374	2160	0	1	1	2160
CY121503.1	374	2202	3	33	36	374
CY121503.1	374	2266	1	12	13	374
CY121503.1	374	2298	5	21	26	374
CY121503.1	374	2335	1	2	3	374
CY121503.1	375	2019	1	0	1	375
CY121503.1	375	2263	0	1	1	2263
CY121503.1	375	2299	0	1	1	2299
CY121503.1	375	2314	177	925	1102	375
CY121503.1	375	2334	5	27	32	375
CY121503.1	376	2238	3	29	32	376
CY121503.1	376	729	0	1	1	729
CY121503.1	377	1893	1	0	1	377
CY121503.1	377	1974	1	0	1	377
CY121503.1	377	2265	91	466	557	377
CY121503.1	377	2316	1	9	10	377
CY121503.1	377	478	0	1	1	478
CY121503.1	377	883	0	1	1	883
CY121503.1	378	1614	0	1	1	1614
CY121503.1	378	2197	1	0	1	378
CY121503.1	378	2240	0	1	1	2240
CY121503.1	378	2311	0	1	1	2311
CY121503.1	379	1278	0	1	1	1278
CY121503.1	379	1775	1	0	1	379
CY121503.1	379	1876	0	1	1	1876
CY121503.1	379	2244	0	1	1	2244
CY121503.1	379	2271	0	17	17	2271
CY121503.1	380	2268	1	24	25	380
CY121503.1	381	2180	0	2	2	2180
CY121503.1	381	2190	12	37	49	381
CY121503.1	381	2314	210	873	1083	381
CY121503.1	381	2318	11	35	46	381
CY121503.1	381	2401	1	4	5	381
CY121503.1	382	2094	18	45	63	382
CY121503.1	382	2315	2	5	7	382
CY121503.1	383	2298	3	0	3	383
CY121503.1	383	2335	9	26	35	383
CY121503.1	384	2320	0	1	1	2320
CY121503.1	384	2324	2	16	18	384
CY121503.1	384	2360	12	173	185	384
CY121503.1	384	440	12	67	79	384
CY121503.1	385	2214	0	1	1	2214
CY121503.1	385	2268	5	44	49	385
CY121503.1	385	2432	0	1	1	2432
CY121503.1	386	1323	0	1	1	1323
CY121503.1	386	2269	0	1	1	2269
CY121503.1	386	2281	2	26	28	386
CY121503.1	386	2372	5	32	37	386
CY121503.1	387	1476	0	1	1	1476
CY121503.1	388	2336	0	2	2	2336
CY121503.1	389	2101	9	35	44	389
CY121503.1	390	2464	0	1	1	2464
CY121503.1	390	940	0	1	1	940
CY121503.1	391	2261	0	1	1	2261
CY121503.1	391	2285	5	18	23	391
CY121503.1	394	1685	1	0	1	394
CY121503.1	396	2464	0	1	1	2464
CY121503.1	398	1620	0	1	1	1620
CY121503.1	398	2132	0	2	2	2132
CY121503.1	398	2300	10	82	92	398
CY121503.1	398	943	0	1	1	943
CY121503.1	399	2290	0	1	1	2290
CY121503.1	399	835	0	1	1	835
CY121503.1	401	1133	1	0	1	401
CY121503.1	402	2394	1	0	1	402
CY121503.1	404	1613	1	0	1	404
CY121503.1	404	2328	9	1	10	404
CY121503.1	405	2200	0	1	1	2200
CY121503.1	405	2203	1	2	3	405
CY121503.1	405	2223	0	1	1	2223
CY121503.1	406	2252	0	15	15	2252
CY121503.1	406	450	0	1	1	450
CY121503.1	408	2332	0	1	1	2332
CY121503.1	409	2380	0	4	4	2380
CY121503.1	410	1516	0	1	1	1516
CY121503.1	410	2155	0	1	1	2155
CY121503.1	410	2323	47	6	53	410
CY121503.1	412	1687	11	22	33	412
CY121503.1	412	1899	0	1	1	1899
CY121503.1	412	2150	21	63	84	412
CY121503.1	412	2313	17	27	44	412
CY121503.1	412	2335	0	1	1	2335
CY121503.1	413	2212	3	16	19	413
CY121503.1	413	2320	8	21	29	413
CY121503.1	415	1813	0	1	1	1813
CY121503.1	415	2222	0	2	2	2222
CY121503.1	416	2154	0	9	9	2154
CY121503.1	417	2189	0	4	4	2189
CY121503.1	417	2200	1	12	13	417
CY121503.1	417	2216	0	2	2	2216
CY121503.1	417	2263	0	1	1	2263
CY121503.1	417	2333	39	0	39	417
CY121503.1	418	2115	0	1	1	2115
CY121503.1	418	2331	66	34	100	418
CY121503.1	420	2210	13	41	54	420
CY121503.1	422	1895	0	1	1	1895
CY121503.1	422	1991	1	0	1	422
CY121503.1	422	2088	1	0	1	422
CY121503.1	422	2474	0	1	1	2474
CY121503.1	422	458	5	13	18	422
CY121503.1	423	2161	17	34	51	423
CY121503.1	423	614	1	0	1	423
CY121503.1	426	1094	0	1	1	1094
CY121503.1	426	2125	0	1	1	2125
CY121503.1	426	2373	0	1	1	2373
CY121503.1	428	2320	1	0	1	428
CY121503.1	428	2321	3	0	3	428
CY121503.1	428	2343	46	3	49	428
CY121503.1	428	501	1	0	1	428
CY121503.1	429	2263	0	1	1	2263
CY121503.1	429	2326	34	0	34	429
CY121503.1	430	2173	4	15	19	430
CY121503.1	431	2326	1	0	1	431
CY121503.1	432	1702	0	1	1	1702
CY121503.1	432	2301	0	1	1	2301
CY121503.1	434	2331	2	0	2	434
CY121503.1	436	1892	1	0	1	436
CY121503.1	436	2213	5	17	22	436
CY121503.1	440	2061	0	1	1	2061
CY121503.1	440	2361	1	3	4	440
CY121503.1	441	1020	1	0	1	441
CY121503.1	441	2340	25	14	39	441
CY121503.1	442	2212	0	1	1	2212
CY121503.1	442	2356	1	1	2	442
CY121503.1	443	2204	0	1	1	2204
CY121503.1	444	1768	1	0	1	444
CY121503.1	444	2175	1	0	1	444
CY121503.1	444	2345	1	0	1	444
CY121503.1	444	2357	3	12	15	444
CY121503.1	444	2464	0	1	1	2464
CY121503.1	445	2031	0	1	1	2031
CY121503.1	445	2231	0	1	1	2231
CY121503.1	445	2323	0	1	1	2323
CY121503.1	445	2358	752	4322	5074	445
CY121503.1	447	2360	0	5	5	2360
CY121503.1	448	2203	1	0	1	448
CY121503.1	451	2362	2	93	95	451
CY121503.1	454	2197	29	52	81	454
CY121503.1	454	2199	5	13	18	454
CY121503.1	454	525	8	31	39	454
CY121503.1	457	2418	1	0	1	457
CY121503.1	458	2208	0	1	1	2208
CY121503.1	458	2389	1	0	1	458
CY121503.1	459	2412	1	0	1	459
CY121503.1	462	2200	18	22	40	462
CY121503.1	462	2368	1	0	1	462
CY121503.1	464	2146	4	6	10	464
CY121503.1	464	2214	9	8	17	464
CY121503.1	464	2378	1	4	5	464
CY121503.1	464	2386	1	2	3	464
CY121503.1	466	1913	3	7	10	466
CY121503.1	466	2165	2	2	4	466
CY121503.1	466	2197	10	7	17	466
CY121503.1	470	1585	0	1	1	1585
CY121503.1	470	2492	0	1	1	2492
CY121503.1	471	2364	0	1	1	2364
CY121503.1	472	2149	18	17	35	472
CY121503.1	472	2334	2	0	2	472
CY121503.1	473	1010	0	1	1	1010
CY121503.1	473	2253	22	37	59	473
CY121503.1	474	2239	0	1	1	2239
CY121503.1	475	2020	40	35	75	475
CY121503.1	475	2181	15	37	52	475
CY121503.1	475	2398	2	0	2	475
CY121503.1	477	1504	0	1	1	1504
CY121503.1	477	2408	35	10	45	477
CY121503.1	477	2424	3	0	3	477
CY121503.1	478	2056	0	3	3	2056
CY121503.1	478	2339	7	1	8	478
CY121503.1	482	2154	1	0	1	482
CY121503.1	483	1542	22	3	25	483
CY121503.1	485	2171	1	1	2	485
CY121503.1	485	2197	1	0	1	485
CY121503.1	485	2250	1	1	2	485
CY121503.1	485	2335	29	4	33	485
CY121503.1	487	1546	1	0	1	487
CY121503.1	489	2248	3	1	4	489
CY121503.1	494	2353	1	0	1	494
CY121503.1	494	729	0	1	1	729
CY121503.1	495	2237	11	16	27	495
CY121503.1	495	2252	9	11	20	495
CY121503.1	496	2171	18	11	29	496
CY121503.1	496	2271	3	5	8	496
CY121503.1	496	2358	1	0	1	496
CY121503.1	496	2426	6	2	8	496
CY121503.1	497	2093	13	12	25	497
CY121503.1	503	2372	11	0	11	503
CY121503.1	504	2401	38	5	43	504
CY121503.1	505	2176	19	10	29	505
CY121503.1	509	1782	2	0	2	509
CY121503.1	509	2204	10	5	15	509
CY121503.1	512	2377	346	284	630	512
CY121503.1	512	2378	3	0	3	512
CY121503.1	514	2222	1	0	1	514
CY121503.1	515	2196	3	2	5	515
CY121503.1	515	2218	3	2	5	515
CY121503.1	516	2088	4	11	15	516
CY121503.1	521	714	1	0	1	521
CY121503.1	522	2232	38	33	71	522
CY121503.1	522	2384	6	18	24	522
CY121503.1	524	2165	5	6	11	524
CY121503.1	525	2146	21	29	50	525
CY121503.1	525	2387	0	2	2	2387
CY121503.1	526	2236	0	2	2	2236
CY121503.1	530	598	3	10	13	530
CY121503.1	531	2205	1	0	1	531
CY121503.1	533	2123	1	0	1	533
CY121503.1	534	2157	0	1	1	2157
CY121503.1	535	2125	13	14	27	535
CY121503.1	537	2170	4	14	18	537
CY121503.1	538	2417	3	0	3	538
CY121503.1	539	2171	8	10	18	539
CY121503.1	540	2444	1	0	1	540
CY121503.1	543	2204	0	1	1	2204
CY121503.1	544	2143	13	20	33	544
CY121503.1	554	1795	13	10	23	554
CY121503.1	555	1344	0	1	1	1344
CY121503.1	559	2257	30	29	59	559
CY121503.1	563	2235	2	0	2	563
CY121503.1	563	2482	0	1	1	2482
CY121503.1	564	2395	0	1	1	2395
CY121503.1	579	2446	0	1	1	2446
CY121503.1	581	1429	0	1	1	1429
CY121503.1	581	1833	5	7	12	581
CY121503.1	586	2250	113	167	280	586
CY121503.1	592	2255	0	2	2	2255
CY121503.1	595	1996	0	1	1	1996
CY121503.1	598	2031	21	24	45	598
CY121503.1	599	2115	12	12	24	599
CY121503.1	604	2455	0	1	1	2455
CY121503.1	605	876	0	1	1	876
CY121503.1	612	2372	0	1	1	2372
CY121503.1	614	2055	1	0	1	614
CY121503.1	626	1930	1	0	1	626
CY121503.1	629	2072	3	5	8	629
CY121503.1	641	1976	0	1	1	1976
CY121503.1	642	1404	1	0	1	642
CY121503.1	646	2072	2	3	5	646
CY121503.1	648	2337	0	1	1	2337
CY121503.1	648	2416	1	0	1	648
CY121503.1	650	2375	2	0	2	650
CY121503.1	653	2115	2	0	2	653
CY121503.1	654	2379	1	0	1	654
CY121503.1	657	1437	8	1	9	657
CY121503.1	659	1444	0	1	1	1444
CY121503.1	666	2074	8	13	21	666
CY121503.1	667	2055	4	8	12	667
CY121503.1	669	1882	10	13	23	669
CY121503.1	670	1971	1	0	1	670
CY121503.1	674	1994	25	40	65	674
CY121503.1	675	2160	7	4	11	675
CY121503.1	676	1985	9	7	16	676
CY121503.1	676	991	1	0	1	676
CY121503.1	677	2132	10	26	36	677
CY121503.1	684	1967	1	0	1	684
CY121503.1	685	1968	7	5	12	685
CY121503.1	687	1642	0	1	1	1642
CY121503.1	688	1990	2	1	3	688
CY121503.1	690	2397	2	0	2	690
CY121503.1	696	2102	1	1	2	696
CY121503.1	698	2404	9	0	9	698
CY121503.1	700	2407	0	1	1	2407
CY121503.1	703	1945	3	0	3	703
CY121503.1	706	2272	0	1	1	2272
CY121503.1	709	737	4	15	19	709
CY121503.1	712	1878	4	12	16	712
CY121503.1	712	1955	3	2	5	712
CY121503.1	717	1867	1	0	1	717
CY121503.1	731	2021	10	13	23	731
CY121503.1	731	2263	1	0	1	731
CY121503.1	736	1794	1	0	1	736
CY121503.1	739	1888	3	2	5	739
CY121503.1	740	2182	1	0	1	740
CY121503.1	741	2006	0	1	1	2006
CY121503.1	751	2069	0	1	1	2069
CY121503.1	754	1816	3	6	9	754
CY121503.1	754	1881	1	0	1	754
CY121503.1	763	1890	1	0	1	763
CY121503.1	770	1318	0	1	1	1318
CY121503.1	773	1906	7	5	12	773
CY121503.1	776	2203	0	1	1	2203
CY121503.1	781	1814	1	0	1	781
CY121503.1	781	804	1	0	1	781
CY121503.1	782	1929	13	11	24	782
CY121503.1	787	1353	1	0	1	787
CY121503.1	798	1062	0	1	1	1062
CY121503.1	799	1898	0	2	2	1898
CY121503.1	809	1904	9	13	22	809
CY121503.1	811	1785	1	2	3	811
CY121503.1	812	1757	1	0	1	812
CY121503.1	814	2115	4	8	12	814
CY121503.1	817	1910	1	1	2	817
CY121503.1	821	2359	0	1	1	2359
CY121503.1	827	1852	9	17	26	827
CY121503.1	830	2343	1	0	1	830
CY121503.1	837	1550	2	0	2	837
CY121503.1	840	1872	1	0	1	840
CY121503.1	848	2179	9	13	22	848
CY121503.1	858	1917	7	7	14	858
CY121503.1	859	1763	24	21	45	859
CY121503.1	859	1839	1	5	6	859
CY121503.1	867	1393	1	0	1	867
CY121503.1	867	1781	6	12	18	867
CY121503.1	868	890	0	1	1	890
CY121503.1	871	2205	0	4	4	2205
CY121503.1	874	1521	0	1	1	1521
CY121503.1	889	1018	1	0	1	889
CY121503.1	890	1851	2	2	4	890
CY121503.1	891	2362	0	1	1	2362
CY121503.1	893	2073	0	1	1	2073
CY121503.1	900	2191	1	0	1	900
CY121503.1	914	1899	1	0	1	914
CY121503.1	918	1659	0	1	1	1659
CY121503.1	918	1847	4	4	8	918
CY121503.1	942	1934	8	8	16	942
CY121503.1	952	1749	4	3	7	952
CY121503.1	976	1344	0	1	1	1344
CY121503.1	979	1518	1	0	1	979
CY121503.1	987	1501	1	0	1	987
CY121503.1	991	1807	1	0	1	991
CY121503.1	999	1731	6	7	13	999
