Segment	Start	Stop	Forward_support	Reverse_support	Total_support	Fuzz_factor
CY121496.1	1010	1089	1	0	1	1010
CY121496.1	1015	1153	1	0	1	1015
CY121496.1	1033	1440	0	1	1	1440
CY121496.1	1036	1130	0	1	1	1130
CY121496.1	1039	1715	1	0	1	1039
CY121496.1	1057	1180	0	1	1	1180
CY121496.1	1086	1650	0	1	1	1650
CY121496.1	1096	1545	0	1	1	1545
CY121496.1	1096	1782	1	0	1	1096
CY121496.1	1122	1585	0	1	1	1585
CY121496.1	1132	1880	0	1	1	1880
CY121496.1	1164	1880	0	1	1	1880
CY121496.1	1223	1264	0	1	1	1264
CY121496.1	1260	1622	1	0	1	1260
CY121496.1	1270	1568	0	1	1	1568
CY121496.1	1300	1886	0	1	1	1886
CY121496.1	1353	1644	0	1	1	1644
CY121496.1	1367	1392	1	0	1	1367
CY121496.1	1452	1552	0	1	1	1552
CY121496.1	1469	1491	1	0	1	1469
CY121496.1	1469	1492	1	0	1	1469
CY121496.1	1482	1776	1	0	1	1482
CY121496.1	1486	1786	0	1	1	1786
CY121496.1	1494	1708	0	1	1	1708
CY121496.1	1535	1914	0	1	1	1914
CY121496.1	1621	1759	0	1	1	1759
CY121496.1	1660	1821	1	0	1	1660
CY121496.1	1668	1772	0	1	1	1772
CY121496.1	1703	1890	0	1	1	1890
CY121496.1	1781	1919	0	1	1	1919
CY121496.1	1859	1889	0	1	1	1889
CY121496.1	284	1729	4	0	4	284
CY121496.1	289	337	1	0	1	289
CY121496.1	316	777	1	0	1	316
CY121496.1	356	391	0	1	1	391
CY121496.1	357	1682	0	1	1	1682
CY121496.1	370	1800	1	0	1	370
CY121496.1	387	1789	1	0	1	387
CY121496.1	391	968	0	1	1	968
CY121496.1	392	492	1	0	1	392
CY121496.1	394	961	0	1	1	961
CY121496.1	397	1590	3	10	13	397
CY121496.1	405	1601	1	3	4	405
CY121496.1	429	1705	4	1	5	429
CY121496.1	456	1778	1	0	1	456
CY121496.1	472	915	1	0	1	472
CY121496.1	473	1615	0	1	1	1615
CY121496.1	479	1526	0	1	1	1526
CY121496.1	486	1594	0	1	1	1594
CY121496.1	505	844	1	0	1	505
CY121496.1	509	1612	0	1	1	1612
CY121496.1	511	1093	0	1	1	1093
CY121496.1	526	785	1	0	1	526
CY121496.1	530	1500	1	0	1	530
CY121496.1	530	1554	0	1	1	1554
CY121496.1	535	1459	0	1	1	1459
CY121496.1	536	1672	0	1	1	1672
CY121496.1	537	619	0	1	1	619
CY121496.1	543	1774	1	0	1	543
CY121496.1	580	1817	1	0	1	580
CY121496.1	597	1418	0	1	1	1418
CY121496.1	597	717	0	1	1	717
CY121496.1	617	887	0	1	1	887
CY121496.1	626	1137	0	1	1	1137
CY121496.1	651	1090	1	0	1	651
CY121496.1	665	1671	1	0	1	665
CY121496.1	715	977	1	0	1	715
CY121496.1	760	865	1	0	1	760
CY121496.1	778	1338	0	1	1	1338
CY121496.1	793	1150	0	1	1	1150
CY121496.1	813	1377	0	1	1	1377
CY121496.1	817	1073	1	0	1	817
CY121496.1	817	1118	0	1	1	1118
CY121496.1	879	1323	1	0	1	879
CY121496.1	887	1707	1	0	1	887
CY121496.1	907	1750	0	1	1	1750
CY121496.1	959	1164	0	1	1	1164
CY121496.1	986	1480	0	1	1	1480
CY121496.1	988	1745	0	1	1	1745
CY121496.1	989	1363	1	0	1	989
CY121496.1	989	1448	1	0	1	989
CY121497.1	1010	1137	0	1	1	1137
CY121497.1	236	1091	1	0	1	236
CY121497.1	253	1140	1	1	2	253
CY121497.1	256	607	1	0	1	256
CY121497.1	262	316	1	0	1	262
CY121497.1	272	554	1	0	1	272
CY121497.1	278	851	2	1	3	278
CY121497.1	324	685	0	1	1	685
CY121497.1	325	481	1	0	1	325
CY121497.1	334	825	0	1	1	825
CY121497.1	340	923	0	2	2	923
CY121497.1	350	576	0	3	3	576
CY121497.1	372	941	1	1	2	372
CY121497.1	377	1044	1	0	1	377
CY121497.1	397	827	0	1	1	827
CY121497.1	400	1066	1	0	1	400
CY121497.1	400	808	0	1	1	808
CY121497.1	403	1186	0	1	1	1186
CY121497.1	408	854	0	1	1	854
CY121497.1	415	558	1	0	1	415
CY121497.1	427	1109	0	1	1	1109
CY121497.1	448	965	0	1	1	965
CY121497.1	453	827	0	1	1	827
CY121497.1	528	1187	0	1	1	1187
CY121497.1	533	1177	0	1	1	1177
CY121497.1	537	832	1	0	1	537
CY121497.1	557	860	1	0	1	557
CY121497.1	569	718	1	0	1	569
CY121497.1	584	914	1	0	1	584
CY121497.1	592	865	1	4	5	592
CY121497.1	596	1026	1	0	1	596
CY121497.1	611	851	0	1	1	851
CY121497.1	627	880	1	0	1	627
CY121497.1	633	961	2	1	3	633
CY121497.1	638	881	1	0	1	638
CY121497.1	651	815	1	0	1	651
CY121497.1	681	796	0	1	1	796
CY121497.1	682	818	1	2	3	682
CY121497.1	684	967	0	1	1	967
CY121497.1	688	842	1	0	1	688
CY121497.1	690	826	1	0	1	690
CY121497.1	709	1068	1	0	1	709
CY121497.1	718	968	1	0	1	718
CY121497.1	721	863	0	4	4	863
CY121497.1	735	881	0	1	1	881
CY121497.1	767	907	1	0	1	767
CY121497.1	819	885	1	0	1	819
CY121497.1	821	857	1	0	1	821
CY121497.1	822	1042	1	0	1	822
CY121497.1	831	880	0	1	1	880
CY121497.1	841	1041	0	1	1	1041
CY121497.1	972	1025	1	0	1	972
CY121498.1	1009	1244	1	0	1	1009
CY121498.1	1042	1071	0	1	1	1071
CY121498.1	1058	1372	0	1	1	1372
CY121498.1	1100	1597	0	1	1	1597
CY121498.1	1118	1610	0	1	1	1610
CY121498.1	1144	1421	1	0	1	1144
CY121498.1	1192	1501	1	0	1	1192
CY121498.1	1213	1255	1	0	1	1213
CY121498.1	1232	1297	1	0	1	1232
CY121498.1	1254	1286	1	0	1	1254
CY121498.1	1269	1531	1	0	1	1269
CY121498.1	1270	1429	0	1	1	1429
CY121498.1	1413	1456	1	0	1	1413
CY121498.1	1496	1537	1	0	1	1496
CY121498.1	1499	1540	1	0	1	1499
CY121498.1	244	1530	1	0	1	244
CY121498.1	267	1473	1	0	1	267
CY121498.1	272	337	1	1	2	272
CY121498.1	276	1283	2	0	2	276
CY121498.1	277	1422	2	0	2	277
CY121498.1	289	1425	1	0	1	289
CY121498.1	306	367	0	1	1	367
CY121498.1	311	1435	3	3	6	311
CY121498.1	322	1300	0	1	1	1300
CY121498.1	322	1490	0	1	1	1490
CY121498.1	329	1435	0	1	1	1435
CY121498.1	342	1000	0	1	1	1000
CY121498.1	348	866	0	1	1	866
CY121498.1	372	397	1	0	1	372
CY121498.1	402	726	0	1	1	726
CY121498.1	404	1628	0	1	1	1628
CY121498.1	419	917	1	1	2	419
CY121498.1	437	1155	1	0	1	437
CY121498.1	479	1280	1	0	1	479
CY121498.1	524	1194	0	1	1	1194
CY121498.1	548	1281	1	0	1	548
CY121498.1	555	1289	3	4	7	555
CY121498.1	576	1606	0	1	1	1606
CY121498.1	647	1159	0	1	1	1159
CY121498.1	667	1433	0	1	1	1433
CY121498.1	774	844	0	1	1	844
CY121498.1	776	1268	0	1	1	1268
CY121498.1	804	931	1	0	1	804
CY121498.1	806	1049	1	0	1	806
CY121498.1	851	920	0	1	1	920
CY121498.1	860	1194	0	1	1	1194
CY121498.1	873	1364	1	0	1	873
CY121498.1	875	1428	1	0	1	875
CY121498.1	880	1617	0	1	1	1617
CY121498.1	881	1048	0	1	1	1048
CY121498.1	948	1027	1	2	3	948
CY121499.1	1045	1652	1	0	1	1045
CY121499.1	1055	1316	0	1	1	1316
CY121499.1	1079	1424	1	0	1	1079
CY121499.1	1095	1541	1	0	1	1095
CY121499.1	1116	1414	0	1	1	1414
CY121499.1	1126	1226	0	1	1	1226
CY121499.1	1151	1474	1	0	1	1151
CY121499.1	1162	1496	1	0	1	1162
CY121499.1	1173	1235	0	1	1	1235
CY121499.1	1184	1603	1	0	1	1184
CY121499.1	1192	1495	1	0	1	1192
CY121499.1	1222	1496	1	0	1	1222
CY121499.1	1244	1710	0	1	1	1710
CY121499.1	1260	1696	0	1	1	1696
CY121499.1	1271	1544	0	1	1	1544
CY121499.1	1358	1695	0	1	1	1695
CY121499.1	1423	1546	0	1	1	1546
CY121499.1	1437	1514	0	2	2	1514
CY121499.1	1444	1568	1	1	2	1444
CY121499.1	1494	1596	1	0	1	1494
CY121499.1	1564	1688	0	1	1	1688
CY121499.1	1566	1639	0	1	1	1639
CY121499.1	1569	1625	1	0	1	1569
CY121499.1	1571	1725	0	2	2	1725
CY121499.1	1591	1697	0	1	1	1697
CY121499.1	1606	1727	0	1	1	1727
CY121499.1	1653	1697	0	1	1	1697
CY121499.1	290	1278	1	0	1	290
CY121499.1	297	846	0	1	1	846
CY121499.1	313	1694	0	1	1	1694
CY121499.1	316	1271	0	1	1	1271
CY121499.1	322	1309	0	1	1	1309
CY121499.1	336	1660	1	0	1	336
CY121499.1	346	983	1	0	1	346
CY121499.1	353	497	1	0	1	353
CY121499.1	362	1541	0	1	1	1541
CY121499.1	397	468	1	0	1	397
CY121499.1	398	1492	0	1	1	1492
CY121499.1	403	1144	0	1	1	1144
CY121499.1	419	1586	1	0	1	419
CY121499.1	430	1420	0	1	1	1420
CY121499.1	430	1503	0	1	1	1503
CY121499.1	439	1601	0	1	1	1601
CY121499.1	450	560	0	1	1	560
CY121499.1	456	1465	0	1	1	1465
CY121499.1	475	1407	1	0	1	475
CY121499.1	501	844	1	0	1	501
CY121499.1	502	1237	0	1	1	1237
CY121499.1	521	1402	1	0	1	521
CY121499.1	522	1130	1	0	1	522
CY121499.1	523	843	1	0	1	523
CY121499.1	536	1412	1	0	1	536
CY121499.1	559	1036	1	0	1	559
CY121499.1	561	1140	1	0	1	561
CY121499.1	561	1567	1	0	1	561
CY121499.1	583	1326	0	1	1	1326
CY121499.1	593	873	0	1	1	873
CY121499.1	637	1031	1	0	1	637
CY121499.1	653	900	1	0	1	653
CY121499.1	666	724	0	1	1	724
CY121499.1	675	731	1	0	1	675
CY121499.1	676	1672	0	1	1	1672
CY121499.1	684	1017	0	1	1	1017
CY121499.1	688	1175	0	1	1	1175
CY121499.1	692	1338	0	1	1	1338
CY121499.1	692	1419	1	0	1	692
CY121499.1	703	1333	1	0	1	703
CY121499.1	721	1401	0	1	1	1401
CY121499.1	736	1252	0	1	1	1252
CY121499.1	741	1119	1	0	1	741
CY121499.1	743	1040	1	0	1	743
CY121499.1	743	1136	1	0	1	743
CY121499.1	746	1096	0	1	1	1096
CY121499.1	749	1568	1	0	1	749
CY121499.1	762	1155	0	1	1	1155
CY121499.1	786	959	0	1	1	959
CY121499.1	801	1206	0	1	1	1206
CY121499.1	813	1497	1	0	1	813
CY121499.1	816	1189	1	0	1	816
CY121499.1	821	1365	0	1	1	1365
CY121499.1	835	1513	1	0	1	835
CY121499.1	843	1320	1	0	1	843
CY121499.1	853	1095	0	1	1	1095
CY121499.1	885	929	0	1	1	929
CY121499.1	894	1557	0	1	1	1557
CY121499.1	908	1541	0	1	1	1541
CY121499.1	919	1539	1	0	1	919
CY121499.1	930	1008	0	1	1	1008
CY121499.1	962	1117	1	0	1	962
CY121499.1	972	1045	1	0	1	972
CY121499.1	973	1044	1	0	1	973
CY121500.1	239	988	86	0	86	239
CY121500.1	240	273	4	0	4	240
CY121500.1	242	534	1	0	1	242
CY121500.1	259	360	1	0	1	259
CY121500.1	261	924	2	1	3	261
CY121500.1	261	960	8	0	8	261
CY121500.1	262	917	1	0	1	262
CY121500.1	270	722	2	0	2	270
CY121500.1	271	917	1	0	1	271
CY121500.1	273	932	1	0	1	273
CY121500.1	274	974	1	0	1	274
CY121500.1	276	748	4	0	4	276
CY121500.1	277	992	1	0	1	277
CY121500.1	280	924	4	0	4	280
CY121500.1	282	868	1	0	1	282
CY121500.1	283	1009	1	1	2	283
CY121500.1	286	798	1	0	1	286
CY121500.1	290	810	4	0	4	290
CY121500.1	290	938	6	0	6	290
CY121500.1	290	960	5	16	21	290
CY121500.1	290	973	1	0	1	290
CY121500.1	299	903	12	4	16	299
CY121500.1	323	978	1	0	1	323
CY121500.1	324	979	2	0	2	324
CY121500.1	352	846	0	2	2	846
CY121500.1	353	882	12	24	36	353
CY121500.1	353	940	0	7	7	940
CY121500.1	355	1038	0	1	1	1038
CY121500.1	369	844	1	2	3	369
CY121500.1	390	805	3	39	42	390
CY121500.1	416	735	0	1	1	735
CY121500.1	417	781	0	1	1	781
CY121500.1	418	1011	0	1	1	1011
CY121500.1	418	884	1	0	1	418
CY121500.1	419	1006	0	1	1	1006
CY121500.1	419	791	0	1	1	791
CY121500.1	430	735	1	0	1	430
CY121500.1	431	772	0	1	1	772
CY121500.1	432	928	2	0	2	432
CY121500.1	435	771	1	2	3	435
CY121500.1	442	676	0	1	1	676
CY121500.1	450	701	0	1	1	701
CY121500.1	473	512	2	0	2	473
CY121500.1	490	821	0	1	1	821
CY121500.1	514	743	10	19	29	514
CY121500.1	522	749	0	3	3	749
CY121500.1	529	575	0	1	1	575
CY121500.1	589	932	4	0	4	589
CY121500.1	592	936	1	0	1	592
CY121500.1	593	937	4	2	6	593
CY121500.1	677	1035	0	1	1	1035
CY121500.1	700	895	1	0	1	700
CY121500.1	818	844	2	0	2	818
CY121500.1	843	868	2	0	2	843
CY121500.1	846	1037	0	1	1	1037
CY121500.1	852	917	1	0	1	852
CY121500.1	924	974	1	0	1	924
CY121500.1	927	1039	0	3	3	1039
CY121500.1	929	960	0	1	1	960
CY121500.1	929	980	2	0	2	929
CY121500.1	936	1035	0	1	1	1035
CY121500.1	970	1033	0	9	9	1033
CY121500.1	990	1029	0	22	22	1029
CY121501.1	1014	2251	1	0	1	1014
CY121501.1	1025	1467	1	0	1	1025
CY121501.1	1026	1095	1	0	1	1026
CY121501.1	1109	1591	0	1	1	1591
CY121501.1	1172	2153	1	0	1	1172
CY121501.1	1281	1346	0	1	1	1346
CY121501.1	1312	1559	0	1	1	1559
CY121501.1	1345	2243	0	1	1	2243
CY121501.1	1364	1974	1	0	1	1364
CY121501.1	1410	2130	0	1	1	2130
CY121501.1	1452	2258	0	1	1	2258
CY121501.1	1511	1964	0	1	1	1964
CY121501.1	1515	2195	0	1	1	2195
CY121501.1	1537	2294	0	1	1	2294
CY121501.1	1546	2009	0	1	1	2009
CY121501.1	1570	2297	1	0	1	1570
CY121501.1	1589	1611	1	0	1	1589
CY121501.1	1590	2390	0	1	1	2390
CY121501.1	1601	2163	1	0	1	1601
CY121501.1	1607	2081	0	1	1	2081
CY121501.1	1607	2280	1	0	1	1607
CY121501.1	1654	2101	0	1	1	2101
CY121501.1	1676	1722	1	2	3	1676
CY121501.1	1768	1877	0	1	1	1877
CY121501.1	1806	2029	5	0	5	1806
CY121501.1	1811	2364	0	1	1	2364
CY121501.1	1850	2357	0	1	1	2357
CY121501.1	1933	2276	1	0	1	1933
CY121501.1	1960	2258	1	0	1	1960
CY121501.1	1966	2286	1	0	1	1966
CY121501.1	2007	2079	1	0	1	2007
CY121501.1	2010	2044	1	0	1	2010
CY121501.1	2012	2045	0	1	1	2045
CY121501.1	2015	2076	0	1	1	2076
CY121501.1	2029	2135	1	0	1	2029
CY121501.1	2042	2065	0	3	3	2065
CY121501.1	2058	2149	0	1	1	2149
CY121501.1	2059	2115	44	8	52	2059
CY121501.1	2064	2091	7	10	17	2064
CY121501.1	2079	2108	51	29	80	2079
CY121501.1	2079	2339	1	0	1	2079
CY121501.1	2088	2125	3	1	4	2088
CY121501.1	2091	2123	1	1	2	2091
CY121501.1	2110	2192	0	1	1	2192
CY121501.1	2111	2135	6	7	13	2111
CY121501.1	2114	2137	56	28	84	2114
CY121501.1	2122	2170	1	0	1	2122
CY121501.1	2123	2147	2	1	3	2123
CY121501.1	2131	2161	2	3	5	2131
CY121501.1	2137	2190	6	0	6	2137
CY121501.1	2142	2184	0	1	1	2184
CY121501.1	2150	2185	1	0	1	2150
CY121501.1	2156	2384	0	2	2	2384
CY121501.1	2181	2212	1	0	1	2181
CY121501.1	2184	2215	2	2	4	2184
CY121501.1	2187	2216	1	0	1	2187
CY121501.1	2187	2218	703	274	977	2187
CY121501.1	2188	2219	1	1	2	2188
CY121501.1	2200	2233	0	1	1	2233
CY121501.1	2259	2321	2	0	2	2259
CY121501.1	235	259	1	0	1	235
CY121501.1	246	1693	1	0	1	246
CY121501.1	267	294	15	1	16	267
CY121501.1	271	296	1	0	1	271
CY121501.1	274	296	3	1	4	274
CY121501.1	276	2064	3	0	3	276
CY121501.1	278	348	2	1	3	278
CY121501.1	279	317	1	0	1	279
CY121501.1	280	2039	2	0	2	280
CY121501.1	282	2077	7	0	7	282
CY121501.1	282	306	1	0	1	282
CY121501.1	282	370	1	0	1	282
CY121501.1	284	2157	5	1	6	284
CY121501.1	284	2214	1	1	2	284
CY121501.1	284	2292	1	0	1	284
CY121501.1	284	336	1	0	1	284
CY121501.1	284	350	1	0	1	284
CY121501.1	285	2274	2	0	2	285
CY121501.1	287	370	1	0	1	287
CY121501.1	288	2302	1	0	1	288
CY121501.1	290	315	1	0	1	290
CY121501.1	292	2054	3	0	3	292
CY121501.1	292	2130	1	0	1	292
CY121501.1	292	2217	1	0	1	292
CY121501.1	293	323	3	1	4	293
CY121501.1	293	370	8	1	9	293
CY121501.1	295	322	1	0	1	295
CY121501.1	297	2125	0	1	1	2125
CY121501.1	297	371	0	1	1	371
CY121501.1	300	2092	7	2	9	300
CY121501.1	300	2105	2	0	2	300
CY121501.1	300	371	0	3	3	371
CY121501.1	303	325	0	1	1	325
CY121501.1	303	735	0	1	1	735
CY121501.1	304	2070	0	1	1	2070
CY121501.1	305	336	37	392	429	305
CY121501.1	306	364	0	4	4	364
CY121501.1	312	2164	0	1	1	2164
CY121501.1	312	336	0	14	14	336
CY121501.1	313	2107	107	309	416	313
CY121501.1	313	2188	0	2	2	2188
CY121501.1	313	349	0	2	2	349
CY121501.1	314	366	0	8	8	366
CY121501.1	316	2110	1	7	8	316
CY121501.1	323	2185	0	1	1	2185
CY121501.1	323	2272	1	0	1	323
CY121501.1	327	2134	2	6	8	327
CY121501.1	327	2142	0	4	4	2142
CY121501.1	327	2197	3	0	3	327
CY121501.1	328	357	0	2	2	357
CY121501.1	331	2136	0	1	1	2136
CY121501.1	331	2183	1	0	1	331
CY121501.1	333	2179	1	1	2	333
CY121501.1	335	2043	1	3	4	335
CY121501.1	335	2173	1	5	6	335
CY121501.1	335	2191	0	3	3	2191
CY121501.1	335	2217	52	118	170	335
CY121501.1	335	2272	4	9	13	335
CY121501.1	336	2066	0	1	1	2066
CY121501.1	336	2135	4	18	22	336
CY121501.1	336	2150	10	54	64	336
CY121501.1	336	2155	1	4	5	336
CY121501.1	336	2165	0	1	1	2165
CY121501.1	336	2179	0	1	1	2179
CY121501.1	336	2184	0	1	1	2184
CY121501.1	336	2215	0	1	1	2215
CY121501.1	336	2240	1	0	1	336
CY121501.1	336	370	0	1	1	370
CY121501.1	337	2062	0	1	1	2062
CY121501.1	337	2159	1	4	5	337
CY121501.1	337	2197	1	0	1	337
CY121501.1	337	367	0	2	2	367
CY121501.1	340	2176	0	1	1	2176
CY121501.1	343	2141	0	1	1	2141
CY121501.1	345	2180	0	3	3	2180
CY121501.1	350	2207	1	1	2	350
CY121501.1	351	2164	1	5	6	351
CY121501.1	357	1625	0	1	1	1625
CY121501.1	360	2272	0	4	4	2272
CY121501.1	361	2138	0	1	1	2138
CY121501.1	361	2193	0	1	1	2193
CY121501.1	361	393	1	11	12	361
CY121501.1	362	2121	0	5	5	2121
CY121501.1	362	2149	0	2	2	2149
CY121501.1	362	2171	0	2	2	2171
CY121501.1	362	2189	0	1	1	2189
CY121501.1	362	2239	0	2	2	2239
CY121501.1	362	384	0	2	2	384
CY121501.1	363	396	0	3	3	396
CY121501.1	364	2106	0	2	2	2106
CY121501.1	365	1992	14	30	44	365
CY121501.1	365	457	2	14	16	365
CY121501.1	367	2196	5	33	38	367
CY121501.1	369	2162	0	1	1	2162
CY121501.1	370	2233	0	1	1	2233
CY121501.1	372	1998	0	4	4	1998
CY121501.1	377	2153	0	2	2	2153
CY121501.1	377	2182	0	1	1	2182
CY121501.1	377	406	0	6	6	406
CY121501.1	379	1756	0	1	1	1756
CY121501.1	379	2122	3	2	5	379
CY121501.1	382	2179	0	2	2	2179
CY121501.1	383	2047	1	0	1	383
CY121501.1	385	2143	2	10	12	385
CY121501.1	386	2049	7	0	7	386
CY121501.1	386	2050	4	2	6	386
CY121501.1	386	2151	1	11	12	386
CY121501.1	387	2051	319	789	1108	387
CY121501.1	387	2164	0	3	3	2164
CY121501.1	387	2193	0	2	2	2193
CY121501.1	387	411	1	11	12	387
CY121501.1	388	1867	0	1	1	1867
CY121501.1	388	2052	0	4	4	2052
CY121501.1	388	2107	0	16	16	2107
CY121501.1	388	2136	1	7	8	388
CY121501.1	388	431	0	1	1	431
CY121501.1	389	420	1	10	11	389
CY121501.1	390	2151	1	1	2	390
CY121501.1	390	2287	1	1	2	390
CY121501.1	391	430	0	6	6	430
CY121501.1	392	2155	162	348	510	392
CY121501.1	394	2152	0	2	2	2152
CY121501.1	394	419	3	25	28	394
CY121501.1	396	2219	1	0	1	396
CY121501.1	397	2187	2	3	5	397
CY121501.1	397	2207	1	0	1	397
CY121501.1	398	423	0	1	1	423
CY121501.1	400	2065	0	7	7	2065
CY121501.1	402	1988	0	2	2	1988
CY121501.1	402	2071	0	1	1	2071
CY121501.1	404	2069	0	6	6	2069
CY121501.1	405	2040	3	6	9	405
CY121501.1	405	2172	0	2	2	2172
CY121501.1	405	515	1	7	8	405
CY121501.1	406	2136	0	1	1	2136
CY121501.1	406	2166	2	8	10	406
CY121501.1	407	2054	0	1	1	2054
CY121501.1	407	2149	7	22	29	407
CY121501.1	408	2174	0	1	1	2174
CY121501.1	408	431	0	2	2	431
CY121501.1	411	1714	0	1	1	1714
CY121501.1	411	2066	1	0	1	411
CY121501.1	411	2143	1	1	2	411
CY121501.1	412	2011	0	4	4	2011
CY121501.1	412	2152	67	123	190	412
CY121501.1	414	2113	0	3	3	2113
CY121501.1	414	454	0	7	7	454
CY121501.1	416	2348	0	1	1	2348
CY121501.1	417	2018	0	2	2	2018
CY121501.1	417	2162	0	1	1	2162
CY121501.1	417	452	1	4	5	417
CY121501.1	418	2092	13	25	38	418
CY121501.1	418	2133	1	0	1	418
CY121501.1	418	2174	0	1	1	2174
CY121501.1	422	467	3	10	13	422
CY121501.1	427	2034	2	2	4	427
CY121501.1	427	2100	0	1	1	2100
CY121501.1	429	2047	0	1	1	2047
CY121501.1	429	2149	0	1	1	2149
CY121501.1	431	483	1	4	5	431
CY121501.1	432	1890	0	1	1	1890
CY121501.1	432	2135	0	1	1	2135
CY121501.1	432	2176	1	1	2	432
CY121501.1	436	2171	0	3	3	2171
CY121501.1	437	2011	2	1	3	437
CY121501.1	438	2074	0	3	3	2074
CY121501.1	450	2149	10	7	17	450
CY121501.1	451	2188	0	1	1	2188
CY121501.1	452	2045	1	15	16	452
CY121501.1	452	2165	0	1	1	2165
CY121501.1	455	486	0	7	7	486
CY121501.1	456	2135	2	0	2	456
CY121501.1	456	2165	1	4	5	456
CY121501.1	456	2240	14	11	25	456
CY121501.1	457	2067	0	1	1	2067
CY121501.1	461	1900	1	4	5	461
CY121501.1	462	2002	4	0	4	462
CY121501.1	464	2115	1	1	2	464
CY121501.1	465	2284	0	1	1	2284
CY121501.1	466	2013	0	1	1	2013
CY121501.1	466	2172	1	4	5	466
CY121501.1	467	2104	2	2	4	467
CY121501.1	469	2004	3	0	3	469
CY121501.1	470	2112	0	1	1	2112
CY121501.1	470	2126	1	0	1	470
CY121501.1	472	2150	0	1	1	2150
CY121501.1	473	2166	2	0	2	473
CY121501.1	473	2233	0	1	1	2233
CY121501.1	475	2113	1	0	1	475
CY121501.1	477	2001	0	1	1	2001
CY121501.1	477	2110	0	1	1	2110
CY121501.1	477	541	12	47	59	477
CY121501.1	479	2164	1	0	1	479
CY121501.1	480	2020	3	0	3	480
CY121501.1	480	514	0	1	1	514
CY121501.1	481	2026	0	1	1	2026
CY121501.1	481	2115	0	2	2	2115
CY121501.1	483	2017	1	0	1	483
CY121501.1	483	2082	0	1	1	2082
CY121501.1	485	2170	0	2	2	2170
CY121501.1	486	2079	0	3	3	2079
CY121501.1	486	2319	1	0	1	486
CY121501.1	487	2061	2	3	5	487
CY121501.1	489	1883	56	153	209	489
CY121501.1	491	2052	4	13	17	491
CY121501.1	491	2187	4	1	5	491
CY121501.1	492	1937	1	0	1	492
CY121501.1	492	2030	30	109	139	492
CY121501.1	492	2031	440	812	1252	492
CY121501.1	492	2066	1	0	1	492
CY121501.1	492	2143	0	1	1	2143
CY121501.1	492	552	2	3	5	492
CY121501.1	494	2011	0	3	3	2011
CY121501.1	499	1933	1	0	1	499
CY121501.1	499	1943	0	1	1	1943
CY121501.1	499	2066	1	0	1	499
CY121501.1	501	1983	1	1	2	501
CY121501.1	501	2146	3	3	6	501
CY121501.1	502	541	1	0	1	502
CY121501.1	502	558	0	2	2	558
CY121501.1	505	1626	0	1	1	1626
CY121501.1	506	2134	0	1	1	2134
CY121501.1	509	2049	3	0	3	509
CY121501.1	511	1124	0	1	1	1124
CY121501.1	511	2052	1	0	1	511
CY121501.1	513	2043	1	0	1	513
CY121501.1	514	1904	12	14	26	514
CY121501.1	514	2068	0	1	1	2068
CY121501.1	514	2158	1	0	1	514
CY121501.1	515	2110	0	1	1	2110
CY121501.1	517	1845	1	0	1	517
CY121501.1	518	2259	1	0	1	518
CY121501.1	527	2068	1	0	1	527
CY121501.1	534	2051	0	5	5	2051
CY121501.1	535	1724	1	0	1	535
CY121501.1	539	1959	6	6	12	539
CY121501.1	540	2034	1	0	1	540
CY121501.1	540	2066	2	4	6	540
CY121501.1	543	2040	0	1	1	2040
CY121501.1	543	2045	2	0	2	543
CY121501.1	544	2094	0	1	1	2094
CY121501.1	548	1991	1	0	1	548
CY121501.1	549	1948	2	7	9	549
CY121501.1	549	2012	2	0	2	549
CY121501.1	549	2060	1	1	2	549
CY121501.1	549	2107	23	25	48	549
CY121501.1	550	1879	0	1	1	1879
CY121501.1	550	1959	1	2	3	550
CY121501.1	552	1998	1	6	7	552
CY121501.1	553	1867	1	0	1	553
CY121501.1	554	2013	9	15	24	554
CY121501.1	556	1973	0	1	1	1973
CY121501.1	556	2146	0	4	4	2146
CY121501.1	556	583	0	1	1	583
CY121501.1	557	2030	2	0	2	557
CY121501.1	557	2066	2	0	2	557
CY121501.1	557	2172	0	1	1	2172
CY121501.1	558	1871	1	0	1	558
CY121501.1	559	1165	1	0	1	559
CY121501.1	561	1945	11	0	11	561
CY121501.1	562	1946	1	0	1	562
CY121501.1	564	1819	1	2	3	564
CY121501.1	564	2053	0	2	2	2053
CY121501.1	566	1950	132	122	254	566
CY121501.1	566	2037	2	5	7	566
CY121501.1	576	1735	2	0	2	576
CY121501.1	577	1952	1	0	1	577
CY121501.1	578	1917	23	22	45	578
CY121501.1	578	2040	1	1	2	578
CY121501.1	581	1952	1	0	1	581
CY121501.1	585	2109	1	0	1	585
CY121501.1	586	1886	0	2	2	1886
CY121501.1	588	2107	1	0	1	588
CY121501.1	589	1919	2	3	5	589
CY121501.1	591	1983	2	0	2	591
CY121501.1	594	767	1	0	1	594
CY121501.1	596	2053	0	1	1	2053
CY121501.1	598	2004	44	40	84	598
CY121501.1	604	2023	19	1	20	604
CY121501.1	608	1915	0	1	1	1915
CY121501.1	608	2122	5	4	9	608
CY121501.1	609	1926	0	1	1	1926
CY121501.1	609	2030	128	63	191	609
CY121501.1	609	2150	1	0	1	609
CY121501.1	610	1866	1	0	1	610
CY121501.1	610	1905	0	1	1	1905
CY121501.1	610	2091	1	0	1	610
CY121501.1	611	1858	0	1	1	1858
CY121501.1	611	1890	0	1	1	1890
CY121501.1	611	1957	0	1	1	1957
CY121501.1	613	1911	1	1	2	613
CY121501.1	618	2065	1	1	2	618
CY121501.1	620	2045	5	6	11	620
CY121501.1	628	1677	5	2	7	628
CY121501.1	629	2030	3	0	3	629
CY121501.1	668	1800	1	0	1	668
CY121501.1	669	2104	2	0	2	669
CY121501.1	675	1638	1	3	4	675
CY121501.1	680	1957	1	0	1	680
CY121501.1	686	1264	0	1	1	1264
CY121501.1	687	1966	0	1	1	1966
CY121501.1	687	713	0	1	1	713
CY121501.1	688	1954	2	2	4	688
CY121501.1	693	1879	1	2	3	693
CY121501.1	701	1829	1	0	1	701
CY121501.1	701	1997	0	1	1	1997
CY121501.1	703	1762	0	1	1	1762
CY121501.1	719	1904	4	0	4	719
CY121501.1	723	1844	3	0	3	723
CY121501.1	726	1880	3	1	4	726
CY121501.1	730	1842	0	1	1	1842
CY121501.1	730	2247	1	0	1	730
CY121501.1	733	1861	0	1	1	1861
CY121501.1	733	1919	8	1	9	733
CY121501.1	734	1857	1	0	1	734
CY121501.1	735	1822	1	0	1	735
CY121501.1	735	1959	1	0	1	735
CY121501.1	747	1835	1	0	1	747
CY121501.1	751	1738	1	0	1	751
CY121501.1	751	1829	1	0	1	751
CY121501.1	755	1742	2	0	2	755
CY121501.1	756	1842	2	0	2	756
CY121501.1	758	1878	0	1	1	1878
CY121501.1	768	1784	1	0	1	768
CY121501.1	769	1834	1	0	1	769
CY121501.1	769	1954	1	1	2	769
CY121501.1	771	2382	0	1	1	2382
CY121501.1	774	1807	1	1	2	774
CY121501.1	775	1599	2	0	2	775
CY121501.1	775	1790	4	1	5	775
CY121501.1	775	1829	1	0	1	775
CY121501.1	788	2063	0	1	1	2063
CY121501.1	810	1723	1	0	1	810
CY121501.1	812	2101	1	0	1	812
CY121501.1	814	1572	1	0	1	814
CY121501.1	818	1809	1	0	1	818
CY121501.1	821	1734	1	1	2	821
CY121501.1	839	1659	1	0	1	839
CY121501.1	844	1557	0	1	1	1557
CY121501.1	853	1770	1	1	2	853
CY121501.1	855	1785	1	0	1	855
CY121501.1	864	1681	1	0	1	864
CY121501.1	873	1757	0	1	1	1757
CY121501.1	874	1568	2	0	2	874
CY121501.1	874	2031	3	3	6	874
CY121501.1	884	1737	0	3	3	1737
CY121501.1	910	1756	1	1	2	910
CY121501.1	917	1665	1	0	1	917
CY121501.1	928	1832	0	1	1	1832
CY121501.1	965	1120	0	1	1	1120
CY121502.1	1010	1576	1	0	1	1010
CY121502.1	1031	1134	0	1	1	1134
CY121502.1	1047	1579	1	0	1	1047
CY121502.1	1050	1649	0	1	1	1649
CY121502.1	1056	1233	1	0	1	1056
CY121502.1	1067	1909	1	0	1	1067
CY121502.1	1069	2233	1	0	1	1069
CY121502.1	1111	1885	0	1	1	1885
CY121502.1	1128	2358	1	0	1	1128
CY121502.1	1144	1623	1	0	1	1144
CY121502.1	1149	1779	1	0	1	1149
CY121502.1	1153	1343	0	1	1	1343
CY121502.1	1169	2379	0	1	1	2379
CY121502.1	1176	1689	0	1	1	1689
CY121502.1	1213	2164	0	1	1	2164
CY121502.1	1235	1445	0	1	1	1445
CY121502.1	1254	1876	0	1	1	1876
CY121502.1	1276	1415	1	0	1	1276
CY121502.1	1360	2049	0	1	1	2049
CY121502.1	1392	2137	0	1	1	2137
CY121502.1	1446	1802	0	1	1	1802
CY121502.1	1552	1651	0	1	1	1651
CY121502.1	1595	1632	0	1	1	1632
CY121502.1	1596	1688	0	1	1	1688
CY121502.1	1598	1647	1	1	2	1598
CY121502.1	1598	2268	0	2	2	2268
CY121502.1	1657	1796	1	0	1	1657
CY121502.1	1657	2051	0	1	1	2051
CY121502.1	1670	2289	0	1	1	2289
CY121502.1	1705	2106	0	1	1	2106
CY121502.1	1736	1902	0	1	1	1902
CY121502.1	1799	2027	0	1	1	2027
CY121502.1	1799	2150	0	1	1	2150
CY121502.1	1837	2465	0	1	1	2465
CY121502.1	2016	2099	0	1	1	2099
CY121502.1	2016	2143	1	0	1	2016
CY121502.1	2066	2242	0	1	1	2242
CY121502.1	2073	2223	0	1	1	2223
CY121502.1	2075	2243	1	0	1	2075
CY121502.1	2135	2316	1	0	1	2135
CY121502.1	2187	2308	1	0	1	2187
CY121502.1	2193	2244	4	5	9	2193
CY121502.1	2306	2359	36	10	46	2306
CY121502.1	2327	2361	7	0	7	2327
CY121502.1	243	2243	1	0	1	243
CY121502.1	245	2326	1	0	1	245
CY121502.1	245	276	1	0	1	245
CY121502.1	246	1179	1	0	1	246
CY121502.1	252	2397	4	0	4	252
CY121502.1	252	294	2	0	2	252
CY121502.1	252	325	1	0	1	252
CY121502.1	253	278	2	0	2	253
CY121502.1	271	1432	1	0	1	271
CY121502.1	271	2308	3	0	3	271
CY121502.1	277	1526	1	0	1	277
CY121502.1	311	2353	1	0	1	311
CY121502.1	320	2378	1	0	1	320
CY121502.1	335	2248	0	1	1	2248
CY121502.1	342	2308	1	0	1	342
CY121502.1	342	2380	9	2	11	342
CY121502.1	346	2327	1	0	1	346
CY121502.1	347	2290	2	1	3	347
CY121502.1	355	2230	0	1	1	2230
CY121502.1	360	2283	1	0	1	360
CY121502.1	360	2327	1	0	1	360
CY121502.1	362	2243	1	0	1	362
CY121502.1	362	2353	5	2	7	362
CY121502.1	366	2260	1	0	1	366
CY121502.1	368	2099	7	1	8	368
CY121502.1	372	2335	1	0	1	372
CY121502.1	373	2327	4	0	4	373
CY121502.1	374	2285	1	0	1	374
CY121502.1	374	2294	1	0	1	374
CY121502.1	377	438	0	1	1	438
CY121502.1	378	2276	2	0	2	378
CY121502.1	382	2177	1	0	1	382
CY121502.1	383	2267	2	0	2	383
CY121502.1	383	2288	1	0	1	383
CY121502.1	386	2298	2	0	2	386
CY121502.1	386	2308	80	4	84	386
CY121502.1	386	470	1	0	1	386
CY121502.1	394	2237	1	2	3	394
CY121502.1	397	2230	1	1	2	397
CY121502.1	407	1770	0	1	1	1770
CY121502.1	410	2106	1	0	1	410
CY121502.1	410	2388	0	1	1	2388
CY121502.1	411	1832	2	0	2	411
CY121502.1	417	2100	4	0	4	417
CY121502.1	445	2141	2	0	2	445
CY121502.1	446	2243	15	4	19	446
CY121502.1	450	2170	1	0	1	450
CY121502.1	450	2297	1	0	1	450
CY121502.1	451	497	1	0	1	451
CY121502.1	453	2101	1	0	1	453
CY121502.1	454	2141	1	0	1	454
CY121502.1	458	2191	1	0	1	458
CY121502.1	462	2098	1	0	1	462
CY121502.1	471	1788	1	0	1	471
CY121502.1	474	2140	0	1	1	2140
CY121502.1	479	2126	1	0	1	479
CY121502.1	481	2247	3	2	5	481
CY121502.1	495	970	1	0	1	495
CY121502.1	497	2142	0	1	1	2142
CY121502.1	497	2242	1	1	2	497
CY121502.1	500	1025	1	0	1	500
CY121502.1	500	1071	1	0	1	500
CY121502.1	507	2144	1	0	1	507
CY121502.1	517	2043	1	0	1	517
CY121502.1	518	1719	1	0	1	518
CY121502.1	518	2024	1	0	1	518
CY121502.1	526	2099	9	5	14	526
CY121502.1	532	2117	1	0	1	532
CY121502.1	534	1533	1	0	1	534
CY121502.1	536	2056	30	15	45	536
CY121502.1	539	2053	2	0	2	539
CY121502.1	549	2109	1	0	1	549
CY121502.1	553	2127	0	1	1	2127
CY121502.1	554	1886	0	1	1	1886
CY121502.1	555	2107	1	0	1	555
CY121502.1	556	2172	1	0	1	556
CY121502.1	561	2125	6	7	13	561
CY121502.1	587	1759	1	0	1	587
CY121502.1	587	2074	3	0	3	587
CY121502.1	587	2134	0	1	1	2134
CY121502.1	598	2029	1	0	1	598
CY121502.1	602	2090	0	1	1	2090
CY121502.1	611	2099	2	0	2	611
CY121502.1	613	2098	0	1	1	2098
CY121502.1	623	1815	0	1	1	1815
CY121502.1	625	2017	2	2	4	625
CY121502.1	626	736	0	1	1	736
CY121502.1	636	2023	0	1	1	2023
CY121502.1	645	1950	0	1	1	1950
CY121502.1	666	1990	1	2	3	666
CY121502.1	676	1797	1	0	1	676
CY121502.1	678	2074	1	0	1	678
CY121502.1	686	1897	0	1	1	1897
CY121502.1	686	2081	1	0	1	686
CY121502.1	707	940	0	1	1	940
CY121502.1	725	1680	0	1	1	1680
CY121502.1	745	1730	0	1	1	1730
CY121502.1	752	2019	1	0	1	752
CY121502.1	755	2019	0	1	1	2019
CY121502.1	755	2252	0	1	1	2252
CY121502.1	759	1900	0	1	1	1900
CY121502.1	765	2019	0	1	1	2019
CY121502.1	766	2001	0	1	1	2001
CY121502.1	772	2110	1	0	1	772
CY121502.1	774	1983	1	1	2	774
CY121502.1	777	1500	1	0	1	777
CY121502.1	779	1530	1	0	1	779
CY121502.1	786	1815	2	1	3	786
CY121502.1	792	1917	2	1	3	792
CY121502.1	794	2044	1	0	1	794
CY121502.1	795	1776	0	2	2	1776
CY121502.1	795	1919	1	0	1	795
CY121502.1	796	1829	1	0	1	796
CY121502.1	807	2040	1	0	1	807
CY121502.1	818	1687	1	0	1	818
CY121502.1	825	1833	1	0	1	825
CY121502.1	832	1206	1	0	1	832
CY121502.1	833	1756	1	0	1	833
CY121502.1	837	1394	3	0	3	837
CY121502.1	837	1828	0	2	2	1828
CY121502.1	839	2031	0	1	1	2031
CY121502.1	840	1021	0	1	1	1021
CY121502.1	844	2166	1	0	1	844
CY121502.1	851	2169	0	1	1	2169
CY121502.1	854	1861	1	0	1	854
CY121502.1	862	1713	32	16	48	862
CY121502.1	864	1872	0	2	2	1872
CY121502.1	868	1803	1	0	1	868
CY121502.1	869	1145	1	0	1	869
CY121502.1	872	1733	0	1	1	1733
CY121502.1	879	1823	2	1	3	879
CY121502.1	889	1880	0	1	1	1880
CY121502.1	889	2006	0	1	1	2006
CY121502.1	891	1461	1	0	1	891
CY121502.1	891	1889	0	1	1	1889
CY121502.1	892	1872	0	1	1	1872
CY121502.1	904	1762	2	0	2	904
CY121502.1	913	1626	3	1	4	913
CY121502.1	930	1127	1	0	1	930
CY121502.1	942	1764	1	0	1	942
CY121502.1	951	1733	1	0	1	951
CY121502.1	951	2292	0	1	1	2292
CY121502.1	957	1450	1	0	1	957
CY121502.1	961	2162	1	0	1	961
CY121502.1	973	2465	0	1	1	2465
CY121502.1	991	2132	0	1	1	2132
CY121502.1	992	1269	0	1	1	1269
CY121503.1	1043	1288	1	0	1	1043
CY121503.1	1126	2017	1	0	1	1126
CY121503.1	1140	1989	1	0	1	1140
CY121503.1	1141	2030	0	1	1	2030
CY121503.1	1176	1672	1	0	1	1176
CY121503.1	1231	2475	0	1	1	2475
CY121503.1	1323	2415	0	1	1	2415
CY121503.1	1371	1646	0	1	1	1646
CY121503.1	1548	2239	0	1	1	2239
CY121503.1	1603	1755	1	0	1	1603
CY121503.1	1739	1780	1	0	1	1739
CY121503.1	1835	2146	0	1	1	2146
CY121503.1	1954	2295	0	1	1	2295
CY121503.1	2148	2247	0	1	1	2247
CY121503.1	2247	2301	6	3	9	2247
CY121503.1	2261	2343	0	1	1	2343
CY121503.1	2279	2301	0	1	1	2301
CY121503.1	274	1270	1	1	2	274
CY121503.1	280	318	6	1	7	280
CY121503.1	283	338	1	0	1	283
CY121503.1	323	2340	9	11	20	323
CY121503.1	329	2022	0	1	1	2022
CY121503.1	342	2261	0	5	5	2261
CY121503.1	354	2293	0	1	1	2293
CY121503.1	361	2303	1	0	1	361
CY121503.1	363	2305	0	9	9	2305
CY121503.1	364	2276	0	108	108	2276
CY121503.1	364	2294	3	22	25	364
CY121503.1	367	2315	0	1	1	2315
CY121503.1	367	2385	6	0	6	367
CY121503.1	369	2286	2	6	8	369
CY121503.1	369	2297	1	3	4	369
CY121503.1	369	2373	3	10	13	369
CY121503.1	373	2302	0	1	1	2302
CY121503.1	374	2319	0	2	2	2319
CY121503.1	375	2190	0	2	2	2190
CY121503.1	375	2265	0	1	1	2265
CY121503.1	376	2105	0	1	1	2105
CY121503.1	383	2273	1	1	2	383
CY121503.1	383	2298	0	1	1	2298
CY121503.1	383	2485	0	1	1	2485
CY121503.1	384	2313	1	1	2	384
CY121503.1	386	1729	1	1	2	386
CY121503.1	397	2392	9	138	147	397
CY121503.1	398	2152	0	3	3	2152
CY121503.1	400	2347	1	0	1	400
CY121503.1	403	2166	2	20	22	403
CY121503.1	404	2264	1	1	2	404
CY121503.1	405	2250	2	3	5	405
CY121503.1	409	2174	1	5	6	409
CY121503.1	409	2302	0	1	1	2302
CY121503.1	409	2404	0	1	1	2404
CY121503.1	410	2411	0	2	2	2411
CY121503.1	420	2041	0	2	2	2041
CY121503.1	420	2196	1	11	12	420
CY121503.1	420	2271	0	1	1	2271
CY121503.1	422	2256	0	1	1	2256
CY121503.1	425	1533	0	1	1	1533
CY121503.1	426	2276	0	1	1	2276
CY121503.1	439	2436	0	1	1	2436
CY121503.1	442	2194	9	1	10	442
CY121503.1	442	2223	0	2	2	2223
CY121503.1	443	2078	0	1	1	2078
CY121503.1	443	2204	1	0	1	443
CY121503.1	445	1615	1	0	1	445
CY121503.1	448	2200	0	1	1	2200
CY121503.1	452	2201	2	0	2	452
CY121503.1	452	496	0	1	1	496
CY121503.1	454	2194	0	1	1	2194
CY121503.1	454	2203	1289	2463	3752	454
CY121503.1	454	2249	0	1	1	2249
CY121503.1	455	2204	0	1	1	2204
CY121503.1	456	2196	1	0	1	456
CY121503.1	458	1457	1	0	1	458
CY121503.1	461	2042	1	1	2	461
CY121503.1	464	1943	0	1	1	1943
CY121503.1	464	2214	3	32	35	464
CY121503.1	465	2209	1	0	1	465
CY121503.1	465	656	1	0	1	465
CY121503.1	466	2090	0	1	1	2090
CY121503.1	474	1999	1	0	1	474
CY121503.1	474	2118	1	0	1	474
CY121503.1	478	585	1	0	1	478
CY121503.1	479	2158	1	0	1	479
CY121503.1	482	2252	0	1	1	2252
CY121503.1	487	2165	3	2	5	487
CY121503.1	493	2188	21	17	38	493
CY121503.1	493	2238	1	0	1	493
CY121503.1	494	2300	4	2	6	494
CY121503.1	495	519	0	1	1	519
CY121503.1	496	2231	1	2	3	496
CY121503.1	496	2249	1	3	4	496
CY121503.1	498	2131	3	4	7	498
CY121503.1	501	2133	2	0	2	501
CY121503.1	505	2210	16	4	20	505
CY121503.1	515	2221	2	0	2	515
CY121503.1	518	2066	0	2	2	2066
CY121503.1	520	2182	2	2	4	520
CY121503.1	520	2184	0	1	1	2184
CY121503.1	523	2168	4	7	11	523
CY121503.1	523	2251	1	0	1	523
CY121503.1	524	1687	0	1	1	1687
CY121503.1	524	2072	0	2	2	2072
CY121503.1	524	2202	2	1	3	524
CY121503.1	524	2211	1	4	5	524
CY121503.1	524	2219	1	0	1	524
CY121503.1	525	2087	1	0	1	525
CY121503.1	537	1960	3	2	5	537
CY121503.1	537	2178	0	1	1	2178
CY121503.1	539	2315	1	0	1	539
CY121503.1	540	2166	3	7	10	540
CY121503.1	542	2184	1	0	1	542
CY121503.1	558	2154	0	1	1	2154
CY121503.1	563	2215	0	1	1	2215
CY121503.1	599	1958	1	2	3	599
CY121503.1	608	1952	1	0	1	608
CY121503.1	613	2210	1	0	1	613
CY121503.1	634	1817	2	0	2	634
CY121503.1	658	1810	1	0	1	658
CY121503.1	664	1999	1	0	1	664
CY121503.1	676	964	1	0	1	676
CY121503.1	680	1699	1	1	2	680
CY121503.1	683	1511	0	1	1	1511
CY121503.1	686	1988	1	0	1	686
CY121503.1	689	2004	2	5	7	689
CY121503.1	704	1739	1	0	1	704
CY121503.1	708	1975	1	0	1	708
CY121503.1	722	1956	0	1	1	1956
CY121503.1	729	1674	0	1	1	1674
CY121503.1	730	1825	0	1	1	1825
CY121503.1	730	1955	0	1	1	1955
CY121503.1	731	1939	1	0	1	731
CY121503.1	735	1939	1	0	1	735
CY121503.1	744	2041	0	1	1	2041
CY121503.1	765	1569	1	0	1	765
CY121503.1	769	1980	1	0	1	769
CY121503.1	776	1938	0	1	1	1938
CY121503.1	781	1814	1	1	2	781
CY121503.1	786	1957	1	0	1	786
CY121503.1	799	1921	0	1	1	1921
CY121503.1	810	1942	1	0	1	810
CY121503.1	810	1956	1	1	2	810
CY121503.1	810	2117	0	1	1	2117
CY121503.1	828	1044	0	1	1	1044
CY121503.1	828	1815	1	3	4	828
CY121503.1	840	2295	1	0	1	840
CY121503.1	844	1816	0	1	1	1816
CY121503.1	850	2038	1	0	1	850
CY121503.1	857	2065	0	1	1	2065
CY121503.1	862	1806	1	0	1	862
CY121503.1	867	1796	1	0	1	867
CY121503.1	877	2309	0	1	1	2309
CY121503.1	919	1658	1	0	1	919
CY121503.1	921	2001	0	1	1	2001
CY121503.1	946	1753	1	0	1	946
CY121503.1	960	1977	1	0	1	960
CY121503.1	969	1339	1	0	1	969
CY121503.1	971	1572	1	0	1	971
