Segment	Start	Stop	Forward_support	Reverse_support	Total_support	Fuzz_factor
CY121496.1	1014	1479	1	0	1	1014
CY121496.1	1023	1776	0	1	1	1776
CY121496.1	1033	1373	1	0	1	1033
CY121496.1	1038	1138	1	0	1	1038
CY121496.1	1039	1409	0	1	1	1409
CY121496.1	1039	1724	0	1	1	1724
CY121496.1	1043	1818	1	0	1	1043
CY121496.1	1051	1344	1	0	1	1051
CY121496.1	1057	1515	1	0	1	1057
CY121496.1	1058	1764	0	1	1	1764
CY121496.1	1059	1226	0	1	1	1226
CY121496.1	1075	1419	1	0	1	1075
CY121496.1	1076	1829	0	1	1	1829
CY121496.1	1083	1178	0	1	1	1178
CY121496.1	1084	1158	0	1	1	1158
CY121496.1	1098	1365	0	1	1	1365
CY121496.1	1104	1811	0	1	1	1811
CY121496.1	1117	1245	0	1	1	1245
CY121496.1	1117	1708	1	0	1	1117
CY121496.1	1123	1171	0	1	1	1171
CY121496.1	1133	1517	0	1	1	1517
CY121496.1	1133	1648	1	0	1	1133
CY121496.1	1142	1263	1	0	1	1142
CY121496.1	1142	1474	0	1	1	1474
CY121496.1	1142	1791	0	1	1	1791
CY121496.1	1143	1281	1	0	1	1143
CY121496.1	1145	1595	0	1	1	1595
CY121496.1	1162	1690	1	0	1	1162
CY121496.1	1168	1205	0	1	1	1205
CY121496.1	1174	1407	1	0	1	1174
CY121496.1	1175	1629	1	0	1	1175
CY121496.1	1177	1444	0	1	1	1444
CY121496.1	1178	1851	1	0	1	1178
CY121496.1	1198	1435	1	0	1	1198
CY121496.1	1198	1524	1	0	1	1198
CY121496.1	1203	1541	1	0	1	1203
CY121496.1	1209	1477	0	1	1	1477
CY121496.1	1228	1612	1	0	1	1228
CY121496.1	1232	1756	0	1	1	1756
CY121496.1	1240	1479	1	0	1	1240
CY121496.1	1245	1715	1	0	1	1245
CY121496.1	1245	1791	1	0	1	1245
CY121496.1	1268	1343	1	0	1	1268
CY121496.1	1268	1452	1	0	1	1268
CY121496.1	1270	1836	1	0	1	1270
CY121496.1	1277	1885	0	1	1	1885
CY121496.1	1284	1653	1	0	1	1284
CY121496.1	1315	1405	1	0	1	1315
CY121496.1	1324	1755	1	0	1	1324
CY121496.1	1336	1609	1	0	1	1336
CY121496.1	1337	1423	0	1	1	1423
CY121496.1	1353	1726	1	0	1	1353
CY121496.1	1354	1413	2	0	2	1354
CY121496.1	1355	1393	0	1	1	1393
CY121496.1	1367	1392	2	0	2	1367
CY121496.1	1369	1481	0	1	1	1481
CY121496.1	1369	1524	0	1	1	1524
CY121496.1	1417	1475	1	0	1	1417
CY121496.1	1449	1819	1	0	1	1449
CY121496.1	1460	1834	1	0	1	1460
CY121496.1	1467	1666	0	1	1	1666
CY121496.1	1486	1566	0	1	1	1566
CY121496.1	1493	1807	0	1	1	1807
CY121496.1	1497	1773	0	1	1	1773
CY121496.1	1509	1650	1	0	1	1509
CY121496.1	1512	1534	1	0	1	1512
CY121496.1	1519	1611	1	0	1	1519
CY121496.1	1526	1677	1	0	1	1526
CY121496.1	1560	1819	1	0	1	1560
CY121496.1	1572	1703	0	1	1	1703
CY121496.1	1596	1668	0	1	1	1668
CY121496.1	1607	1649	1	0	1	1607
CY121496.1	1629	1751	1	0	1	1629
CY121496.1	1635	1851	0	1	1	1851
CY121496.1	1655	1702	1	0	1	1655
CY121496.1	1656	1906	0	2	2	1906
CY121496.1	1660	1710	1	0	1	1660
CY121496.1	1660	1869	0	1	1	1869
CY121496.1	1668	1732	1	0	1	1668
CY121496.1	1671	1762	1	0	1	1671
CY121496.1	1679	1749	1	0	1	1679
CY121496.1	1680	1711	1	0	1	1680
CY121496.1	1711	1733	1	0	1	1711
CY121496.1	1729	1765	1	0	1	1729
CY121496.1	1752	1873	0	1	1	1873
CY121496.1	234	658	2	0	2	234
CY121496.1	240	1732	6	0	6	240
CY121496.1	243	1056	1	0	1	243
CY121496.1	243	475	1	0	1	243
CY121496.1	247	1515	1	0	1	247
CY121496.1	257	296	2	0	2	257
CY121496.1	258	1413	1	0	1	258
CY121496.1	262	1820	2	0	2	262
CY121496.1	266	1669	1	0	1	266
CY121496.1	274	323	2	0	2	274
CY121496.1	277	1208	1	0	1	277
CY121496.1	277	1678	1	0	1	277
CY121496.1	283	1677	1	0	1	283
CY121496.1	285	1215	1	0	1	285
CY121496.1	285	1583	1	0	1	285
CY121496.1	285	1611	1	0	1	285
CY121496.1	285	1703	13	2	15	285
CY121496.1	286	1834	1	0	1	286
CY121496.1	293	1685	1	0	1	293
CY121496.1	294	1717	0	1	1	1717
CY121496.1	303	351	0	2	2	351
CY121496.1	305	1705	0	1	1	1705
CY121496.1	306	1602	1	1	2	306
CY121496.1	315	1023	0	1	1	1023
CY121496.1	318	1513	1	0	1	318
CY121496.1	319	1160	1	0	1	319
CY121496.1	320	810	1	0	1	320
CY121496.1	321	1115	0	1	1	1115
CY121496.1	324	741	0	1	1	741
CY121496.1	327	1659	1	1	2	327
CY121496.1	338	783	1	0	1	338
CY121496.1	340	582	0	1	1	582
CY121496.1	341	1133	0	1	1	1133
CY121496.1	342	1872	0	1	1	1872
CY121496.1	343	1032	0	1	1	1032
CY121496.1	343	521	1	0	1	343
CY121496.1	344	1702	4	3	7	344
CY121496.1	344	534	1	0	1	344
CY121496.1	346	1740	0	1	1	1740
CY121496.1	347	1685	1	2	3	347
CY121496.1	347	446	1	0	1	347
CY121496.1	348	1748	0	2	2	1748
CY121496.1	351	527	0	1	1	527
CY121496.1	352	632	0	1	1	632
CY121496.1	354	1623	0	1	1	1623
CY121496.1	359	1711	1	0	1	359
CY121496.1	361	1600	0	1	1	1600
CY121496.1	361	772	0	1	1	772
CY121496.1	366	1182	1	0	1	366
CY121496.1	367	1606	1	1	2	367
CY121496.1	369	1482	0	1	1	1482
CY121496.1	370	851	1	0	1	370
CY121496.1	375	1228	0	1	1	1228
CY121496.1	376	1682	0	1	1	1682
CY121496.1	378	1593	0	1	1	1593
CY121496.1	380	1565	1	0	1	380
CY121496.1	381	1833	1	0	1	381
CY121496.1	383	1637	0	1	1	1637
CY121496.1	384	1689	7	17	24	384
CY121496.1	387	453	0	1	1	453
CY121496.1	388	899	1	0	1	388
CY121496.1	389	1584	0	2	2	1584
CY121496.1	389	1593	2	1	3	389
CY121496.1	389	433	1	5	6	389
CY121496.1	390	1586	1	3	4	390
CY121496.1	392	1011	1	0	1	392
CY121496.1	393	420	0	1	1	420
CY121496.1	395	1640	1	1	2	395
CY121496.1	398	1691	3	1	4	398
CY121496.1	410	1374	1	0	1	410
CY121496.1	410	519	0	1	1	519
CY121496.1	411	801	1	0	1	411
CY121496.1	412	1702	1	1	2	412
CY121496.1	413	1473	0	1	1	1473
CY121496.1	421	456	0	1	1	456
CY121496.1	425	1682	2	2	4	425
CY121496.1	427	1214	1	0	1	427
CY121496.1	427	1365	1	0	1	427
CY121496.1	427	1510	1	0	1	427
CY121496.1	427	1659	0	1	1	1659
CY121496.1	429	1650	1	1	2	429
CY121496.1	431	689	1	0	1	431
CY121496.1	437	588	0	1	1	588
CY121496.1	445	1457	1	0	1	445
CY121496.1	450	1703	2	1	3	450
CY121496.1	450	1788	1	0	1	450
CY121496.1	451	1606	0	1	1	1606
CY121496.1	453	1619	0	1	1	1619
CY121496.1	463	1458	1	0	1	463
CY121496.1	465	597	0	1	1	597
CY121496.1	466	1509	0	1	1	1509
CY121496.1	467	1132	1	0	1	467
CY121496.1	467	1522	1	3	4	467
CY121496.1	469	1317	0	3	3	1317
CY121496.1	469	1557	1	7	8	469
CY121496.1	471	1620	0	2	2	1620
CY121496.1	471	1688	0	4	4	1688
CY121496.1	473	1682	0	2	2	1682
CY121496.1	473	977	0	1	1	977
CY121496.1	476	1642	2	2	4	476
CY121496.1	486	975	2	1	3	486
CY121496.1	496	1104	0	1	1	1104
CY121496.1	497	1334	0	1	1	1334
CY121496.1	499	1351	0	1	1	1351
CY121496.1	505	1446	0	1	1	1446
CY121496.1	516	1435	0	1	1	1435
CY121496.1	524	1724	0	1	1	1724
CY121496.1	530	987	1	0	1	530
CY121496.1	540	1913	0	1	1	1913
CY121496.1	547	1635	0	1	1	1635
CY121496.1	548	1207	1	1	2	548
CY121496.1	551	1167	0	1	1	1167
CY121496.1	561	951	0	1	1	951
CY121496.1	562	1638	2	2	4	562
CY121496.1	564	1616	2	0	2	564
CY121496.1	576	978	1	0	1	576
CY121496.1	577	1262	1	0	1	577
CY121496.1	578	1883	0	1	1	1883
CY121496.1	580	775	0	1	1	775
CY121496.1	591	1702	0	1	1	1702
CY121496.1	594	1369	0	1	1	1369
CY121496.1	626	674	0	1	1	674
CY121496.1	639	1408	1	1	2	639
CY121496.1	644	1633	0	1	1	1633
CY121496.1	648	1083	0	1	1	1083
CY121496.1	651	810	0	1	1	810
CY121496.1	652	1303	2	0	2	652
CY121496.1	653	1454	1	0	1	653
CY121496.1	655	977	0	1	1	977
CY121496.1	657	1592	1	0	1	657
CY121496.1	657	1746	1	0	1	657
CY121496.1	657	1789	1	0	1	657
CY121496.1	660	1569	1	0	1	660
CY121496.1	670	1378	0	1	1	1378
CY121496.1	671	1738	1	0	1	671
CY121496.1	678	1572	1	0	1	678
CY121496.1	682	1195	1	0	1	682
CY121496.1	693	1470	1	0	1	693
CY121496.1	697	882	1	0	1	697
CY121496.1	705	1525	0	1	1	1525
CY121496.1	706	1338	0	1	1	1338
CY121496.1	707	1408	1	0	1	707
CY121496.1	713	1332	1	0	1	713
CY121496.1	718	1362	1	0	1	718
CY121496.1	728	948	0	1	1	948
CY121496.1	730	1528	0	1	1	1528
CY121496.1	731	1123	0	1	1	1123
CY121496.1	733	977	1	0	1	733
CY121496.1	759	1193	1	0	1	759
CY121496.1	762	959	0	1	1	959
CY121496.1	775	1267	0	1	1	1267
CY121496.1	779	1227	0	1	1	1227
CY121496.1	786	1260	1	0	1	786
CY121496.1	792	1310	1	0	1	792
CY121496.1	807	1571	0	1	1	1571
CY121496.1	814	1695	1	0	1	814
CY121496.1	816	1888	0	1	1	1888
CY121496.1	826	1088	1	0	1	826
CY121496.1	829	1740	1	0	1	829
CY121496.1	845	1162	1	0	1	845
CY121496.1	866	1032	1	0	1	866
CY121496.1	882	1018	0	1	1	1018
CY121496.1	887	1801	1	0	1	887
CY121496.1	906	1355	1	0	1	906
CY121496.1	914	1533	0	1	1	1533
CY121496.1	922	1681	1	0	1	922
CY121496.1	923	951	0	1	1	951
CY121496.1	941	1187	0	1	1	1187
CY121496.1	945	1835	1	0	1	945
CY121496.1	954	1359	0	1	1	1359
CY121496.1	959	1504	0	1	1	1504
CY121496.1	967	1094	0	1	1	1094
CY121496.1	974	1572	0	1	1	1572
CY121496.1	974	1655	1	0	1	974
CY121496.1	985	1302	1	0	1	985
CY121496.1	987	1464	0	1	1	1464
CY121497.1	1013	1076	1	0	1	1013
CY121497.1	1034	1152	0	1	1	1152
CY121497.1	1058	1091	2	0	2	1058
CY121497.1	235	634	1	0	1	235
CY121497.1	257	551	23	0	23	257
CY121497.1	270	595	1	0	1	270
CY121497.1	271	511	1	0	1	271
CY121497.1	272	554	26	1	27	272
CY121497.1	281	1077	1	0	1	281
CY121497.1	282	392	1	0	1	282
CY121497.1	292	323	1	0	1	292
CY121497.1	303	461	1	0	1	303
CY121497.1	309	1027	0	1	1	1027
CY121497.1	315	564	1	0	1	315
CY121497.1	331	1039	0	1	1	1039
CY121497.1	332	1006	1	2	3	332
CY121497.1	337	588	0	1	1	588
CY121497.1	344	1024	0	1	1	1024
CY121497.1	346	635	0	1	1	635
CY121497.1	347	987	0	1	1	987
CY121497.1	349	1068	0	1	1	1068
CY121497.1	350	576	9	31	40	350
CY121497.1	355	836	0	1	1	836
CY121497.1	358	883	1	0	1	358
CY121497.1	359	520	0	1	1	520
CY121497.1	360	421	0	1	1	421
CY121497.1	361	729	0	1	1	729
CY121497.1	369	668	0	1	1	668
CY121497.1	370	485	0	1	1	485
CY121497.1	375	1154	0	1	1	1154
CY121497.1	376	742	1	0	1	376
CY121497.1	383	1040	0	1	1	1040
CY121497.1	385	1072	0	1	1	1072
CY121497.1	386	746	0	1	1	746
CY121497.1	387	729	0	1	1	729
CY121497.1	393	599	1	0	1	393
CY121497.1	397	486	0	1	1	486
CY121497.1	397	583	0	1	1	583
CY121497.1	397	756	0	1	1	756
CY121497.1	404	915	0	1	1	915
CY121497.1	406	558	0	1	1	558
CY121497.1	406	730	1	0	1	406
CY121497.1	421	551	0	1	1	551
CY121497.1	422	709	0	2	2	709
CY121497.1	429	976	0	1	1	976
CY121497.1	431	664	1	0	1	431
CY121497.1	437	681	0	3	3	681
CY121497.1	437	816	11	12	23	437
CY121497.1	441	537	2	0	2	441
CY121497.1	442	1078	0	1	1	1078
CY121497.1	447	927	1	0	1	447
CY121497.1	448	866	1	9	10	448
CY121497.1	449	673	1	0	1	449
CY121497.1	450	824	2	3	5	450
CY121497.1	451	675	0	1	1	675
CY121497.1	453	827	0	5	5	827
CY121497.1	456	718	0	1	1	718
CY121497.1	461	639	0	1	1	639
CY121497.1	465	779	0	1	1	779
CY121497.1	467	1173	0	1	1	1173
CY121497.1	470	776	0	1	1	776
CY121497.1	476	1015	0	1	1	1015
CY121497.1	476	615	0	1	1	615
CY121497.1	481	660	0	1	1	660
CY121497.1	482	1101	0	1	1	1101
CY121497.1	486	818	0	1	1	818
CY121497.1	488	794	0	1	1	794
CY121497.1	505	966	1	0	1	505
CY121497.1	506	643	0	1	1	643
CY121497.1	512	756	1	0	1	512
CY121497.1	514	997	0	1	1	997
CY121497.1	515	1172	0	1	1	1172
CY121497.1	524	765	1	0	1	524
CY121497.1	526	845	0	1	1	845
CY121497.1	536	720	0	1	1	720
CY121497.1	539	585	0	1	1	585
CY121497.1	540	939	0	1	1	939
CY121497.1	551	1020	1	0	1	551
CY121497.1	555	1159	0	1	1	1159
CY121497.1	557	632	1	0	1	557
CY121497.1	560	856	1	0	1	560
CY121497.1	568	658	1	0	1	568
CY121497.1	569	1118	1	0	1	569
CY121497.1	569	594	1	0	1	569
CY121497.1	571	1054	1	0	1	571
CY121497.1	571	775	1	0	1	571
CY121497.1	583	654	0	1	1	654
CY121497.1	587	690	1	0	1	587
CY121497.1	588	805	2	2	4	588
CY121497.1	589	664	1	0	1	589
CY121497.1	589	868	0	1	1	868
CY121497.1	590	722	0	2	2	722
CY121497.1	592	671	1	1	2	592
CY121497.1	592	865	6	6	12	592
CY121497.1	592	964	4	0	4	592
CY121497.1	596	1026	3	0	3	596
CY121497.1	599	887	1	0	1	599
CY121497.1	603	762	1	0	1	603
CY121497.1	604	688	0	1	1	688
CY121497.1	608	861	0	1	1	861
CY121497.1	615	890	0	1	1	890
CY121497.1	625	1045	0	1	1	1045
CY121497.1	625	713	1	1	2	625
CY121497.1	629	807	1	0	1	629
CY121497.1	631	941	0	1	1	941
CY121497.1	635	804	1	2	3	635
CY121497.1	643	903	0	1	1	903
CY121497.1	648	1039	1	0	1	648
CY121497.1	649	813	0	1	1	813
CY121497.1	654	730	1	0	1	654
CY121497.1	657	1106	0	1	1	1106
CY121497.1	658	1106	1	0	1	658
CY121497.1	659	1098	1	0	1	659
CY121497.1	668	756	0	1	1	756
CY121497.1	671	1089	1	0	1	671
CY121497.1	682	818	3	12	15	682
CY121497.1	683	939	1	0	1	683
CY121497.1	684	967	1	1	2	684
CY121497.1	687	1064	1	0	1	687
CY121497.1	687	823	0	1	1	823
CY121497.1	688	842	1	5	6	688
CY121497.1	689	1162	0	2	2	1162
CY121497.1	689	804	0	1	1	804
CY121497.1	689	843	1	0	1	689
CY121497.1	691	908	1	0	1	691
CY121497.1	704	763	1	2	3	704
CY121497.1	713	1069	0	1	1	1069
CY121497.1	714	770	1	0	1	714
CY121497.1	715	822	0	2	2	822
CY121497.1	720	1024	1	0	1	720
CY121497.1	721	863	3	5	8	721
CY121497.1	722	1031	1	0	1	722
CY121497.1	722	751	1	0	1	722
CY121497.1	730	1068	1	0	1	730
CY121497.1	735	980	1	0	1	735
CY121497.1	745	1032	0	1	1	1032
CY121497.1	760	876	1	0	1	760
CY121497.1	761	957	0	4	4	957
CY121497.1	762	1068	1	0	1	762
CY121497.1	765	1046	0	1	1	1046
CY121497.1	771	881	1	0	1	771
CY121497.1	775	1024	0	1	1	1024
CY121497.1	775	1040	1	0	1	775
CY121497.1	785	904	1	0	1	785
CY121497.1	795	865	1	1	2	795
CY121497.1	804	887	0	1	1	887
CY121497.1	804	907	0	1	1	907
CY121497.1	807	1017	1	0	1	807
CY121497.1	807	921	0	1	1	921
CY121497.1	814	946	0	1	1	946
CY121497.1	817	938	0	1	1	938
CY121497.1	818	1133	1	0	1	818
CY121497.1	820	1178	0	1	1	1178
CY121497.1	820	869	1	3	4	820
CY121497.1	827	855	1	0	1	827
CY121497.1	831	1067	0	1	1	1067
CY121497.1	848	1111	1	0	1	848
CY121497.1	853	1046	1	0	1	853
CY121497.1	860	957	1	0	1	860
CY121497.1	865	965	0	1	1	965
CY121497.1	872	1061	1	0	1	872
CY121497.1	883	1009	0	1	1	1009
CY121497.1	884	1015	2	2	4	884
CY121497.1	899	1162	0	1	1	1162
CY121497.1	902	1056	0	1	1	1056
CY121497.1	920	1045	0	1	1	1045
CY121497.1	921	1034	1	0	1	921
CY121497.1	922	1019	0	1	1	1019
CY121497.1	954	1005	0	1	1	1005
CY121497.1	976	1048	0	1	1	1048
CY121498.1	1001	1582	0	1	1	1582
CY121498.1	1046	1181	1	0	1	1046
CY121498.1	1056	1487	1	0	1	1056
CY121498.1	1107	1446	0	1	1	1446
CY121498.1	1142	1330	1	0	1	1142
CY121498.1	1185	1263	0	1	1	1263
CY121498.1	1275	1401	0	1	1	1401
CY121498.1	1340	1368	1	0	1	1340
CY121498.1	1342	1500	1	0	1	1342
CY121498.1	1375	1428	1	0	1	1375
CY121498.1	1403	1542	1	0	1	1403
CY121498.1	1407	1467	1	0	1	1407
CY121498.1	1423	1451	0	1	1	1451
CY121498.1	1538	1612	0	1	1	1612
CY121498.1	1556	1626	0	2	2	1626
CY121498.1	1590	1619	0	1	1	1619
CY121498.1	242	395	3	0	3	242
CY121498.1	257	1284	1	0	1	257
CY121498.1	265	1173	1	1	2	265
CY121498.1	276	1475	1	0	1	276
CY121498.1	276	1531	1	0	1	276
CY121498.1	277	1378	3	0	3	277
CY121498.1	277	1383	1	0	1	277
CY121498.1	277	1473	1	0	1	277
CY121498.1	278	1444	2	0	2	278
CY121498.1	280	1462	7	0	7	280
CY121498.1	282	1483	1	0	1	282
CY121498.1	311	1486	1	0	1	311
CY121498.1	315	1618	0	3	3	1618
CY121498.1	331	1440	1	0	1	331
CY121498.1	333	1467	0	1	1	1467
CY121498.1	335	370	0	1	1	370
CY121498.1	353	1211	0	1	1	1211
CY121498.1	355	1388	1	0	1	355
CY121498.1	356	952	0	1	1	952
CY121498.1	360	657	0	1	1	657
CY121498.1	366	1164	0	1	1	1164
CY121498.1	371	1518	0	1	1	1518
CY121498.1	374	1453	2	1	3	374
CY121498.1	375	1304	0	1	1	1304
CY121498.1	382	981	0	1	1	981
CY121498.1	387	1436	2	1	3	387
CY121498.1	389	1395	1	0	1	389
CY121498.1	392	1222	0	1	1	1222
CY121498.1	399	582	0	1	1	582
CY121498.1	399	882	1	0	1	399
CY121498.1	404	1140	1	0	1	404
CY121498.1	404	1378	0	1	1	1378
CY121498.1	413	1218	0	1	1	1218
CY121498.1	419	917	0	1	1	917
CY121498.1	435	1426	3	0	3	435
CY121498.1	437	1447	0	1	1	1447
CY121498.1	448	1422	1	0	1	448
CY121498.1	468	1342	2	0	2	468
CY121498.1	468	824	0	1	1	824
CY121498.1	490	1372	1	0	1	490
CY121498.1	498	1090	1	0	1	498
CY121498.1	499	1286	2	0	2	499
CY121498.1	499	1487	1	1	2	499
CY121498.1	504	866	0	1	1	866
CY121498.1	504	947	0	1	1	947
CY121498.1	515	847	0	1	1	847
CY121498.1	538	806	0	1	1	806
CY121498.1	550	966	1	0	1	550
CY121498.1	579	1334	1	0	1	579
CY121498.1	604	883	1	0	1	604
CY121498.1	612	1000	1	0	1	612
CY121498.1	616	1112	1	0	1	616
CY121498.1	621	1141	0	1	1	1141
CY121498.1	660	1228	1	0	1	660
CY121498.1	661	704	1	0	1	661
CY121498.1	664	709	0	1	1	709
CY121498.1	725	758	1	0	1	725
CY121498.1	730	1428	0	1	1	1428
CY121498.1	742	1530	0	1	1	1530
CY121498.1	755	1258	1	0	1	755
CY121498.1	807	1505	1	0	1	807
CY121498.1	808	1509	0	1	1	1509
CY121498.1	889	1270	0	1	1	1270
CY121498.1	901	1375	0	1	1	1375
CY121498.1	912	1468	1	0	1	912
CY121498.1	921	1477	1	0	1	921
CY121498.1	960	1416	1	0	1	960
CY121498.1	989	1298	1	0	1	989
CY121499.1	1001	1402	1	0	1	1001
CY121499.1	1015	1040	1	0	1	1015
CY121499.1	1024	1310	1	0	1	1024
CY121499.1	1033	1256	0	1	1	1256
CY121499.1	1039	1070	0	1	1	1070
CY121499.1	1045	1372	1	0	1	1045
CY121499.1	1050	1364	1	0	1	1050
CY121499.1	1066	1416	0	1	1	1416
CY121499.1	1066	1681	0	1	1	1681
CY121499.1	1099	1167	0	1	1	1167
CY121499.1	1101	1497	1	0	1	1101
CY121499.1	1102	1533	0	1	1	1533
CY121499.1	1118	1162	0	1	1	1162
CY121499.1	1141	1587	0	1	1	1587
CY121499.1	1181	1494	1	0	1	1181
CY121499.1	1184	1714	0	1	1	1714
CY121499.1	1192	1297	0	1	1	1297
CY121499.1	1223	1462	1	0	1	1223
CY121499.1	1288	1393	0	1	1	1393
CY121499.1	1302	1451	1	0	1	1302
CY121499.1	1327	1397	0	1	1	1397
CY121499.1	1329	1365	0	1	1	1365
CY121499.1	1347	1422	0	1	1	1422
CY121499.1	1383	1434	1	0	1	1383
CY121499.1	1398	1495	1	0	1	1398
CY121499.1	1414	1440	0	1	1	1440
CY121499.1	1419	1444	1	0	1	1419
CY121499.1	1423	1546	1	0	1	1423
CY121499.1	1438	1694	0	1	1	1694
CY121499.1	1444	1568	2	1	3	1444
CY121499.1	1445	1569	1	0	1	1445
CY121499.1	1459	1676	0	1	1	1676
CY121499.1	1465	1599	1	0	1	1465
CY121499.1	1469	1597	1	0	1	1469
CY121499.1	1473	1507	1	0	1	1473
CY121499.1	1557	1587	1	0	1	1557
CY121499.1	1564	1638	0	1	1	1638
CY121499.1	1566	1697	0	1	1	1697
CY121499.1	1571	1725	0	3	3	1725
CY121499.1	1606	1727	0	1	1	1727
CY121499.1	270	294	2	0	2	270
CY121499.1	273	307	2	0	2	273
CY121499.1	277	1344	1	0	1	277
CY121499.1	277	1487	1	0	1	277
CY121499.1	293	846	1	0	1	293
CY121499.1	302	526	1	0	1	302
CY121499.1	306	1453	0	1	1	1453
CY121499.1	322	1445	0	1	1	1445
CY121499.1	322	880	1	0	1	322
CY121499.1	324	1406	0	1	1	1406
CY121499.1	336	1551	1	0	1	336
CY121499.1	337	1563	0	3	3	1563
CY121499.1	341	755	1	0	1	341
CY121499.1	348	1506	0	4	4	1506
CY121499.1	348	1590	1	0	1	348
CY121499.1	350	1539	0	2	2	1539
CY121499.1	353	1565	1	0	1	353
CY121499.1	361	1491	7	24	31	361
CY121499.1	362	1541	1	6	7	362
CY121499.1	362	388	1	2	3	362
CY121499.1	364	1456	1	3	4	364
CY121499.1	364	658	0	1	1	658
CY121499.1	373	813	1	0	1	373
CY121499.1	374	1565	0	1	1	1565
CY121499.1	378	865	0	1	1	865
CY121499.1	393	966	0	1	1	966
CY121499.1	397	678	0	1	1	678
CY121499.1	401	1537	1	0	1	401
CY121499.1	401	717	0	1	1	717
CY121499.1	403	1567	0	1	1	1567
CY121499.1	404	1126	0	1	1	1126
CY121499.1	405	1568	0	1	1	1568
CY121499.1	405	1691	0	1	1	1691
CY121499.1	406	1470	1	0	1	406
CY121499.1	413	1370	1	0	1	413
CY121499.1	423	942	2	0	2	423
CY121499.1	430	1466	0	1	1	1466
CY121499.1	430	1679	0	1	1	1679
CY121499.1	438	1001	0	1	1	1001
CY121499.1	442	1567	1	0	1	442
CY121499.1	443	1407	0	1	1	1407
CY121499.1	448	1480	1	0	1	448
CY121499.1	450	901	1	0	1	450
CY121499.1	451	1172	0	1	1	1172
CY121499.1	471	1474	0	1	1	1474
CY121499.1	472	1433	1	0	1	472
CY121499.1	486	1553	1	0	1	486
CY121499.1	501	842	0	1	1	842
CY121499.1	503	1426	1	0	1	503
CY121499.1	505	527	1	0	1	505
CY121499.1	523	1496	1	0	1	523
CY121499.1	538	889	1	0	1	538
CY121499.1	540	1045	0	1	1	1045
CY121499.1	543	1072	0	1	1	1072
CY121499.1	546	1237	1	0	1	546
CY121499.1	547	1366	1	0	1	547
CY121499.1	547	1419	0	1	1	1419
CY121499.1	556	1523	1	0	1	556
CY121499.1	562	1171	0	1	1	1171
CY121499.1	585	1385	0	1	1	1385
CY121499.1	585	1453	1	0	1	585
CY121499.1	585	1546	1	0	1	585
CY121499.1	595	1104	1	0	1	595
CY121499.1	598	882	1	0	1	598
CY121499.1	617	1332	1	0	1	617
CY121499.1	622	814	2	0	2	622
CY121499.1	632	1024	1	0	1	632
CY121499.1	641	1181	1	1	2	641
CY121499.1	655	805	1	0	1	655
CY121499.1	656	1438	1	0	1	656
CY121499.1	657	759	0	1	1	759
CY121499.1	658	1172	1	0	1	658
CY121499.1	659	1345	1	0	1	659
CY121499.1	671	1138	1	0	1	671
CY121499.1	676	908	1	0	1	676
CY121499.1	678	1587	1	0	1	678
CY121499.1	693	1047	1	1	2	693
CY121499.1	704	1258	0	1	1	1258
CY121499.1	709	1125	0	1	1	1125
CY121499.1	710	1502	0	1	1	1502
CY121499.1	720	830	1	0	1	720
CY121499.1	724	987	1	0	1	724
CY121499.1	725	1134	0	1	1	1134
CY121499.1	734	1455	1	0	1	734
CY121499.1	747	1293	1	0	1	747
CY121499.1	747	1648	1	0	1	747
CY121499.1	748	1245	1	0	1	748
CY121499.1	763	1139	1	0	1	763
CY121499.1	767	1049	0	1	1	1049
CY121499.1	783	1183	0	1	1	1183
CY121499.1	812	1134	1	0	1	812
CY121499.1	817	1234	1	0	1	817
CY121499.1	841	1256	1	0	1	841
CY121499.1	852	1497	0	1	1	1497
CY121499.1	868	1141	1	0	1	868
CY121499.1	870	1365	0	1	1	1365
CY121499.1	901	1036	0	1	1	1036
CY121499.1	904	1045	1	1	2	904
CY121499.1	906	975	1	0	1	906
CY121499.1	916	1702	0	1	1	1702
CY121499.1	917	1230	0	1	1	1230
CY121499.1	923	1402	0	1	1	1402
CY121499.1	952	1576	0	1	1	1576
CY121499.1	955	1707	0	1	1	1707
CY121499.1	959	1230	0	1	1	1230
CY121499.1	964	1582	0	1	1	1582
CY121499.1	972	1045	4	1	5	972
CY121499.1	976	1566	1	0	1	976
CY121499.1	978	1362	1	0	1	978
CY121499.1	989	1513	0	1	1	1513
CY121499.1	999	1044	2	1	3	999
CY121500.1	1005	1036	0	3	3	1036
CY121500.1	1005	1039	0	1	1	1039
CY121500.1	250	941	7	0	7	250
CY121500.1	275	846	1	0	1	275
CY121500.1	290	950	6	0	6	290
CY121500.1	290	973	7	0	7	290
CY121500.1	308	867	1	1	2	308
CY121500.1	311	938	1	0	1	311
CY121500.1	344	771	0	1	1	771
CY121500.1	352	846	3	7	10	352
CY121500.1	352	852	3	5	8	352
CY121500.1	353	868	2	5	7	353
CY121500.1	354	1027	0	3	3	1027
CY121500.1	368	693	1	3	4	368
CY121500.1	382	410	0	1	1	410
CY121500.1	386	771	1	4	5	386
CY121500.1	398	866	0	1	1	866
CY121500.1	429	828	1	0	1	429
CY121500.1	438	562	0	1	1	562
CY121500.1	441	844	2	0	2	441
CY121500.1	456	904	1	0	1	456
CY121500.1	457	926	7	3	10	457
CY121500.1	466	1038	0	1	1	1038
CY121500.1	479	867	1	1	2	479
CY121500.1	514	743	4	3	7	514
CY121500.1	565	1005	0	1	1	1005
CY121500.1	610	836	1	0	1	610
CY121500.1	643	893	1	0	1	643
CY121500.1	687	919	1	0	1	687
CY121500.1	690	733	0	1	1	733
CY121500.1	753	853	0	1	1	853
CY121500.1	790	848	0	1	1	848
CY121500.1	831	1039	0	1	1	1039
CY121500.1	917	1032	0	1	1	1032
CY121500.1	966	1039	0	1	1	1039
CY121501.1	1007	1339	1	0	1	1007
CY121501.1	1012	1925	1	0	1	1012
CY121501.1	1019	1787	0	1	1	1787
CY121501.1	1036	1814	0	1	1	1814
CY121501.1	1048	1755	1	0	1	1048
CY121501.1	1051	2227	1	0	1	1051
CY121501.1	1083	1726	1	0	1	1083
CY121501.1	1090	2372	0	3	3	2372
CY121501.1	1096	1533	0	1	1	1533
CY121501.1	1097	1285	1	0	1	1097
CY121501.1	1097	2007	1	0	1	1097
CY121501.1	1101	1270	0	1	1	1270
CY121501.1	1103	1283	1	0	1	1103
CY121501.1	1103	1312	0	1	1	1312
CY121501.1	1104	1167	0	1	1	1167
CY121501.1	1133	1580	0	1	1	1580
CY121501.1	1144	2189	0	1	1	2189
CY121501.1	1145	1390	0	1	1	1390
CY121501.1	1164	2050	0	1	1	2050
CY121501.1	1166	2247	0	1	1	2247
CY121501.1	1183	1320	1	0	1	1183
CY121501.1	1184	1248	1	0	1	1184
CY121501.1	1210	1706	0	3	3	1706
CY121501.1	1211	1666	1	0	1	1211
CY121501.1	1234	1618	1	0	1	1234
CY121501.1	1276	2218	0	1	1	2218
CY121501.1	1283	1915	0	1	1	1915
CY121501.1	1317	1944	0	1	1	1944
CY121501.1	1326	2075	0	1	1	2075
CY121501.1	1340	1714	0	1	1	1714
CY121501.1	1346	2081	1	0	1	1346
CY121501.1	1361	1873	1	3	4	1361
CY121501.1	1389	2282	0	1	1	2282
CY121501.1	1401	2279	1	0	1	1401
CY121501.1	1408	2301	0	1	1	2301
CY121501.1	1425	2124	0	1	1	2124
CY121501.1	1443	1594	0	1	1	1594
CY121501.1	1468	2218	1	0	1	1468
CY121501.1	1483	2301	0	1	1	2301
CY121501.1	1513	1964	0	1	1	1964
CY121501.1	1514	1547	0	2	2	1547
CY121501.1	1515	1855	1	0	1	1515
CY121501.1	1530	2296	1	3	4	1530
CY121501.1	1539	1958	1	0	1	1539
CY121501.1	1564	1953	0	1	1	1953
CY121501.1	1568	1997	0	2	2	1997
CY121501.1	1570	2297	0	2	2	2297
CY121501.1	1588	2219	1	0	1	1588
CY121501.1	1590	1613	1	0	1	1590
CY121501.1	1606	1906	1	0	1	1606
CY121501.1	1609	2136	1	0	1	1609
CY121501.1	1614	1880	0	1	1	1880
CY121501.1	1621	2074	1	1	2	1621
CY121501.1	1626	1976	0	1	1	1976
CY121501.1	1640	2178	3	1	4	1640
CY121501.1	1651	1822	0	1	1	1822
CY121501.1	1667	2348	0	1	1	2348
CY121501.1	1672	2338	0	1	1	2338
CY121501.1	1726	2177	1	0	1	1726
CY121501.1	1737	2101	1	0	1	1737
CY121501.1	1745	2192	0	1	1	2192
CY121501.1	1795	2300	2	0	2	1795
CY121501.1	1797	2234	0	1	1	2234
CY121501.1	1800	2134	0	2	2	2134
CY121501.1	1803	2025	0	1	1	2025
CY121501.1	1821	2272	1	0	1	1821
CY121501.1	1831	1864	0	2	2	1864
CY121501.1	1846	1880	1	0	1	1846
CY121501.1	1851	2289	0	1	1	2289
CY121501.1	1852	1912	0	1	1	1912
CY121501.1	1874	1999	0	1	1	1999
CY121501.1	1896	2042	1	0	1	1896
CY121501.1	1911	2062	1	0	1	1911
CY121501.1	1914	2065	138	150	288	1914
CY121501.1	1947	2079	0	1	1	2079
CY121501.1	1969	2180	1	0	1	1969
CY121501.1	1982	2036	2	0	2	1982
CY121501.1	1984	2280	1	0	1	1984
CY121501.1	2004	2363	0	1	1	2363
CY121501.1	2006	2029	1	0	1	2006
CY121501.1	2014	2232	1	0	1	2014
CY121501.1	2015	2076	1	3	4	2015
CY121501.1	2039	2064	8	14	22	2039
CY121501.1	2065	2172	2	5	7	2065
CY121501.1	2077	2164	0	1	1	2164
CY121501.1	2077	2177	1	0	1	2077
CY121501.1	2080	2148	0	1	1	2148
CY121501.1	2085	2189	1	6	7	2085
CY121501.1	2092	2171	1	0	1	2092
CY121501.1	2107	2147	0	3	3	2147
CY121501.1	2110	2132	0	1	1	2132
CY121501.1	2110	2192	1	0	1	2110
CY121501.1	2112	2149	1	0	1	2112
CY121501.1	2131	2171	2	0	2	2131
CY121501.1	2132	2174	2	0	2	2132
CY121501.1	2134	2158	1	0	1	2134
CY121501.1	2134	2172	33	6	39	2134
CY121501.1	2134	2182	4	2	6	2134
CY121501.1	2134	2209	2	2	4	2134
CY121501.1	2141	2217	46	50	96	2141
CY121501.1	2148	2173	0	1	1	2173
CY121501.1	2148	2236	0	1	1	2236
CY121501.1	2150	2185	1	0	1	2150
CY121501.1	2156	2187	2	0	2	2156
CY121501.1	2164	2194	1	0	1	2164
CY121501.1	2168	2193	1	0	1	2168
CY121501.1	2177	2272	2	1	3	2177
CY121501.1	2179	2264	0	1	1	2264
CY121501.1	2223	2260	1	2	3	2223
CY121501.1	2223	2352	0	2	2	2352
CY121501.1	2224	2273	6	0	6	2224
CY121501.1	2235	2280	4	3	7	2235
CY121501.1	2238	2272	5	1	6	2238
CY121501.1	2249	2318	0	2	2	2318
CY121501.1	2259	2321	1	0	1	2259
CY121501.1	2283	2312	1	1	2	2283
CY121501.1	2301	2386	0	1	1	2386
CY121501.1	237	1786	1	0	1	237
CY121501.1	249	295	3	0	3	249
CY121501.1	255	285	2	0	2	255
CY121501.1	259	287	2	0	2	259
CY121501.1	261	2149	2	0	2	261
CY121501.1	261	2282	4	0	4	261
CY121501.1	262	2060	2	0	2	262
CY121501.1	263	2313	1	0	1	263
CY121501.1	268	1196	1	0	1	268
CY121501.1	268	2255	1	0	1	268
CY121501.1	270	2065	1	0	1	270
CY121501.1	270	293	1	0	1	270
CY121501.1	270	336	2	0	2	270
CY121501.1	271	2225	1	0	1	271
CY121501.1	271	296	2	0	2	271
CY121501.1	271	419	1	0	1	271
CY121501.1	272	2266	1	0	1	272
CY121501.1	274	332	1	0	1	274
CY121501.1	276	337	2	0	2	276
CY121501.1	278	2215	1	0	1	278
CY121501.1	279	1715	1	0	1	279
CY121501.1	279	308	2	0	2	279
CY121501.1	279	835	1	0	1	279
CY121501.1	280	2285	3	0	3	280
CY121501.1	281	306	1	0	1	281
CY121501.1	281	313	2	0	2	281
CY121501.1	282	2165	6	0	6	282
CY121501.1	282	2172	14	1	15	282
CY121501.1	282	2240	6	0	6	282
CY121501.1	284	2137	1	0	1	284
CY121501.1	284	2189	4	1	5	284
CY121501.1	284	2239	1	0	1	284
CY121501.1	284	2260	5	0	5	284
CY121501.1	284	320	3	0	3	284
CY121501.1	284	336	4	1	5	284
CY121501.1	285	1608	1	0	1	285
CY121501.1	285	2123	1	0	1	285
CY121501.1	285	2174	1	0	1	285
CY121501.1	285	2273	8	0	8	285
CY121501.1	285	329	2	0	2	285
CY121501.1	287	1541	1	0	1	287
CY121501.1	287	2176	4	0	4	287
CY121501.1	288	323	3	0	3	288
CY121501.1	288	455	1	0	1	288
CY121501.1	289	1151	1	0	1	289
CY121501.1	289	2241	2	0	2	289
CY121501.1	289	2272	2	0	2	289
CY121501.1	289	723	1	0	1	289
CY121501.1	291	395	2	0	2	291
CY121501.1	292	2054	2	0	2	292
CY121501.1	292	2300	1	0	1	292
CY121501.1	293	2179	4	3	7	293
CY121501.1	293	2253	1	0	1	293
CY121501.1	293	341	2	0	2	293
CY121501.1	296	392	0	1	1	392
CY121501.1	297	2228	0	1	1	2228
CY121501.1	298	2169	0	1	1	2169
CY121501.1	298	2188	1	1	2	298
CY121501.1	298	348	0	1	1	348
CY121501.1	305	371	0	1	1	371
CY121501.1	312	336	0	2	2	336
CY121501.1	313	2170	2	0	2	313
CY121501.1	313	2174	0	1	1	2174
CY121501.1	316	581	0	1	1	581
CY121501.1	318	363	0	1	1	363
CY121501.1	319	2138	0	1	1	2138
CY121501.1	319	2143	0	2	2	2143
CY121501.1	319	2182	0	1	1	2182
CY121501.1	322	345	0	1	1	345
CY121501.1	323	2217	2	0	2	323
CY121501.1	325	2173	0	2	2	2173
CY121501.1	327	2149	0	1	1	2149
CY121501.1	327	2171	0	1	1	2171
CY121501.1	327	2181	1	3	4	327
CY121501.1	327	2193	1	3	4	327
CY121501.1	327	2214	1	6	7	327
CY121501.1	327	2243	0	1	1	2243
CY121501.1	327	2297	1	0	1	327
CY121501.1	327	566	0	6	6	566
CY121501.1	328	1393	0	1	1	1393
CY121501.1	328	2285	2	1	3	328
CY121501.1	330	2158	0	1	1	2158
CY121501.1	331	371	0	1	1	371
CY121501.1	332	690	1	0	1	332
CY121501.1	333	2146	0	1	1	2146
CY121501.1	333	2200	1	1	2	333
CY121501.1	333	2261	0	1	1	2261
CY121501.1	333	362	0	1	1	362
CY121501.1	335	1653	1	0	1	335
CY121501.1	335	2106	5	5	10	335
CY121501.1	335	2151	1	1	2	335
CY121501.1	335	2173	2	2	4	335
CY121501.1	335	2192	1	1	2	335
CY121501.1	335	2217	0	2	2	2217
CY121501.1	335	2227	3	0	3	335
CY121501.1	335	363	1	3	4	335
CY121501.1	335	370	0	8	8	370
CY121501.1	335	388	0	1	1	388
CY121501.1	336	2052	1	3	4	336
CY121501.1	336	2061	1	5	6	336
CY121501.1	336	2066	12	79	91	336
CY121501.1	336	2135	2	9	11	336
CY121501.1	336	2150	0	5	5	2150
CY121501.1	336	2155	0	2	2	2155
CY121501.1	336	2165	0	1	1	2165
CY121501.1	336	2179	0	3	3	2179
CY121501.1	336	2182	2	11	13	336
CY121501.1	336	2184	4	7	11	336
CY121501.1	336	370	0	2	2	370
CY121501.1	336	406	1	8	9	336
CY121501.1	337	2144	8	27	35	337
CY121501.1	337	2159	1	2	3	337
CY121501.1	337	367	4	23	27	337
CY121501.1	337	384	0	1	1	384
CY121501.1	338	1403	2	0	2	338
CY121501.1	340	2176	1	3	4	340
CY121501.1	343	2141	0	1	1	2141
CY121501.1	345	2180	0	1	1	2180
CY121501.1	347	2119	0	1	1	2119
CY121501.1	347	2125	0	2	2	2125
CY121501.1	350	2190	0	3	3	2190
CY121501.1	351	1963	1	0	1	351
CY121501.1	352	2091	1	0	1	352
CY121501.1	352	2277	0	1	1	2277
CY121501.1	355	2149	0	2	2	2149
CY121501.1	355	382	0	1	1	382
CY121501.1	356	1974	5	8	13	356
CY121501.1	357	2076	0	2	2	2076
CY121501.1	360	2104	0	1	1	2104
CY121501.1	361	2066	1	0	1	361
CY121501.1	361	2150	0	1	1	2150
CY121501.1	361	2155	0	4	4	2155
CY121501.1	361	2184	0	1	1	2184
CY121501.1	361	2200	0	1	1	2200
CY121501.1	361	393	0	2	2	393
CY121501.1	361	406	1	1	2	361
CY121501.1	361	412	0	3	3	412
CY121501.1	362	2142	0	3	3	2142
CY121501.1	362	2177	3	7	10	362
CY121501.1	362	2211	0	1	1	2211
CY121501.1	363	2107	3	1	4	363
CY121501.1	363	2124	0	1	1	2124
CY121501.1	364	2135	0	3	3	2135
CY121501.1	364	2187	0	3	3	2187
CY121501.1	364	2192	1	4	5	364
CY121501.1	364	412	0	1	1	412
CY121501.1	365	2030	0	4	4	2030
CY121501.1	365	2135	0	11	11	2135
CY121501.1	365	2155	0	6	6	2155
CY121501.1	365	2179	6	6	12	365
CY121501.1	365	2182	0	1	1	2182
CY121501.1	365	391	1	2	3	365
CY121501.1	365	444	0	5	5	444
CY121501.1	366	2177	0	1	1	2177
CY121501.1	367	2145	2	4	6	367
CY121501.1	369	2033	0	1	1	2033
CY121501.1	369	2143	2	6	8	369
CY121501.1	369	2162	1	3	4	369
CY121501.1	369	2184	0	4	4	2184
CY121501.1	369	439	1	4	5	369
CY121501.1	370	2156	0	1	1	2156
CY121501.1	371	2073	0	2	2	2073
CY121501.1	371	2165	5	0	5	371
CY121501.1	377	406	1	2	3	377
CY121501.1	378	1009	1	0	1	378
CY121501.1	385	1736	1	0	1	385
CY121501.1	385	1980	1	0	1	385
CY121501.1	385	2043	0	2	2	2043
CY121501.1	385	2077	0	5	5	2077
CY121501.1	385	2143	0	1	1	2143
CY121501.1	385	2155	0	3	3	2155
CY121501.1	387	2142	0	4	4	2142
CY121501.1	387	2149	0	5	5	2149
CY121501.1	387	2154	0	2	2	2154
CY121501.1	387	2193	0	5	5	2193
CY121501.1	388	2170	1	1	2	388
CY121501.1	388	418	0	1	1	418
CY121501.1	390	2191	3	6	9	390
CY121501.1	392	1940	0	1	1	1940
CY121501.1	392	2143	0	3	3	2143
CY121501.1	392	2179	1	4	5	392
CY121501.1	392	420	0	1	1	420
CY121501.1	393	2171	1	4	5	393
CY121501.1	393	2185	0	3	3	2185
CY121501.1	394	2149	1	1	2	394
CY121501.1	394	2152	0	3	3	2152
CY121501.1	395	2285	14	1	15	395
CY121501.1	396	2175	1	1	2	396
CY121501.1	399	1712	0	1	1	1712
CY121501.1	402	2172	0	2	2	2172
CY121501.1	404	1995	8	13	21	404
CY121501.1	404	2173	1	3	4	404
CY121501.1	405	2066	1	1	2	405
CY121501.1	405	2184	1	0	1	405
CY121501.1	405	2253	3	0	3	405
CY121501.1	405	439	1	0	1	405
CY121501.1	406	2111	4	20	24	406
CY121501.1	406	2166	0	1	1	2166
CY121501.1	406	447	0	1	1	447
CY121501.1	407	2054	4	5	9	407
CY121501.1	407	2142	1	6	7	407
CY121501.1	407	2150	1	2	3	407
CY121501.1	407	2157	1	3	4	407
CY121501.1	408	1918	0	1	1	1918
CY121501.1	408	2012	1	0	1	408
CY121501.1	408	2137	0	1	1	2137
CY121501.1	408	436	1	0	1	408
CY121501.1	409	2108	1	0	1	409
CY121501.1	411	2066	0	3	3	2066
CY121501.1	411	2077	0	2	2	2077
CY121501.1	411	2138	0	2	2	2138
CY121501.1	411	2179	0	2	2	2179
CY121501.1	411	488	0	2	2	488
CY121501.1	414	2127	7	14	21	414
CY121501.1	417	2035	0	2	2	2035
CY121501.1	417	2149	2	10	12	417
CY121501.1	417	2171	1	1	2	417
CY121501.1	417	557	2	16	18	417
CY121501.1	417	566	0	1	1	566
CY121501.1	418	2105	1	0	1	418
CY121501.1	418	2133	2	3	5	418
CY121501.1	418	2146	0	2	2	2146
CY121501.1	418	2169	12	32	44	418
CY121501.1	419	2009	0	1	1	2009
CY121501.1	419	2113	0	1	1	2113
CY121501.1	422	1503	1	0	1	422
CY121501.1	426	2143	2	9	11	426
CY121501.1	428	591	0	1	1	591
CY121501.1	430	518	0	1	1	518
CY121501.1	432	2066	1	0	1	432
CY121501.1	432	2143	1	0	1	432
CY121501.1	432	2176	0	1	1	2176
CY121501.1	432	2240	1	0	1	432
CY121501.1	433	2183	0	3	3	2183
CY121501.1	441	2039	1	0	1	441
CY121501.1	442	2273	1	0	1	442
CY121501.1	443	2066	1	4	5	443
CY121501.1	443	2135	2	1	3	443
CY121501.1	444	2122	1	3	4	444
CY121501.1	445	2063	0	1	1	2063
CY121501.1	446	2166	1	1	2	446
CY121501.1	448	2240	0	1	1	2240
CY121501.1	449	573	1	2	3	449
CY121501.1	450	1872	70	218	288	450
CY121501.1	450	2039	1	1	2	450
CY121501.1	450	2065	0	2	2	2065
CY121501.1	450	557	1	0	1	450
CY121501.1	451	2021	2	3	5	451
CY121501.1	453	2014	0	2	2	2014
CY121501.1	453	2287	1	0	1	453
CY121501.1	456	1919	1	1	2	456
CY121501.1	456	1992	0	2	2	1992
CY121501.1	456	2128	0	1	1	2128
CY121501.1	456	2172	0	3	3	2172
CY121501.1	456	503	0	2	2	503
CY121501.1	457	2067	0	2	2	2067
CY121501.1	458	676	0	1	1	676
CY121501.1	460	2011	2	4	6	460
CY121501.1	461	2066	3	6	9	461
CY121501.1	461	2150	0	2	2	2150
CY121501.1	462	2002	0	1	1	2002
CY121501.1	462	2072	0	2	2	2072
CY121501.1	465	1609	0	1	1	1609
CY121501.1	466	2109	3	5	8	466
CY121501.1	466	2134	1	4	5	466
CY121501.1	470	1723	1	2	3	470
CY121501.1	475	2074	0	1	1	2074
CY121501.1	476	1402	3	0	3	476
CY121501.1	477	1622	0	1	1	1622
CY121501.1	477	2114	1	3	4	477
CY121501.1	477	2143	1	0	1	477
CY121501.1	479	2065	1	0	1	479
CY121501.1	480	2137	0	1	1	2137
CY121501.1	483	1889	0	2	2	1889
CY121501.1	483	2082	0	1	1	2082
CY121501.1	484	2029	1	1	2	484
CY121501.1	485	2044	2	0	2	485
CY121501.1	485	2170	0	2	2	2170
CY121501.1	486	2007	3	0	3	486
CY121501.1	489	1994	1	0	1	489
CY121501.1	489	2018	0	1	1	2018
CY121501.1	491	2043	2	4	6	491
CY121501.1	491	2059	2	0	2	491
CY121501.1	492	2009	1	0	1	492
CY121501.1	492	2030	1	0	1	492
CY121501.1	492	2040	1	3	4	492
CY121501.1	492	2190	1	1	2	492
CY121501.1	492	737	5	7	12	492
CY121501.1	494	1887	2	1	3	494
CY121501.1	494	2021	0	1	1	2021
CY121501.1	494	2054	5	6	11	494
CY121501.1	494	2106	1	1	2	494
CY121501.1	495	1992	0	1	1	1992
CY121501.1	495	1997	1	0	1	495
CY121501.1	495	2003	6	3	9	495
CY121501.1	495	2071	3	2	5	495
CY121501.1	496	2058	0	1	1	2058
CY121501.1	496	2151	0	1	1	2151
CY121501.1	497	2038	15	7	22	497
CY121501.1	497	2050	0	1	1	2050
CY121501.1	499	1551	2	1	3	499
CY121501.1	499	2066	1	1	2	499
CY121501.1	500	2004	1	0	1	500
CY121501.1	501	1952	0	1	1	1952
CY121501.1	501	1985	1	0	1	501
CY121501.1	502	1873	1	1	2	502
CY121501.1	502	2040	2	1	3	502
CY121501.1	502	2150	2	0	2	502
CY121501.1	503	2007	0	2	2	2007
CY121501.1	503	2065	1	4	5	503
CY121501.1	505	2142	1	0	1	505
CY121501.1	506	1953	0	1	1	1953
CY121501.1	506	713	0	5	5	713
CY121501.1	511	1933	1	0	1	511
CY121501.1	513	2007	0	3	3	2007
CY121501.1	514	1936	0	1	1	1936
CY121501.1	514	2001	3	0	3	514
CY121501.1	514	2030	1	3	4	514
CY121501.1	514	2061	2	0	2	514
CY121501.1	514	560	1	0	1	514
CY121501.1	516	1982	1	0	1	516
CY121501.1	516	1996	1	2	3	516
CY121501.1	522	551	2	0	2	522
CY121501.1	528	1714	1	0	1	528
CY121501.1	529	1927	2	0	2	529
CY121501.1	529	2216	0	1	1	2216
CY121501.1	532	2019	1	0	1	532
CY121501.1	537	1554	1	0	1	537
CY121501.1	542	1960	2	4	6	542
CY121501.1	544	1939	87	68	155	544
CY121501.1	548	1835	1	0	1	548
CY121501.1	548	1872	1	0	1	548
CY121501.1	548	2018	1	1	2	548
CY121501.1	549	1960	4	1	5	549
CY121501.1	549	2044	1	0	1	549
CY121501.1	549	2080	0	3	3	2080
CY121501.1	549	2200	1	0	1	549
CY121501.1	550	2011	0	1	1	2011
CY121501.1	551	1643	1	0	1	551
CY121501.1	551	2030	2	0	2	551
CY121501.1	553	1916	1	0	1	553
CY121501.1	553	1993	1	0	1	553
CY121501.1	553	2251	1	0	1	553
CY121501.1	554	1957	1	2	3	554
CY121501.1	556	1915	1	2	3	556
CY121501.1	557	2006	1	0	1	557
CY121501.1	557	2009	1	0	1	557
CY121501.1	557	2042	2	1	3	557
CY121501.1	559	2042	1	0	1	559
CY121501.1	559	581	0	1	1	581
CY121501.1	564	1952	2	0	2	564
CY121501.1	565	2059	0	1	1	2059
CY121501.1	565	2217	0	1	1	2217
CY121501.1	565	2266	7	1	8	565
CY121501.1	566	2034	0	1	1	2034
CY121501.1	566	2037	1	2	3	566
CY121501.1	566	601	0	1	1	601
CY121501.1	571	1748	1	0	1	571
CY121501.1	574	1829	2	0	2	574
CY121501.1	574	2073	1	0	1	574
CY121501.1	575	1915	4	2	6	575
CY121501.1	576	1735	2	0	2	576
CY121501.1	577	2173	1	1	2	577
CY121501.1	578	1885	0	1	1	1885
CY121501.1	580	1756	2	10	12	580
CY121501.1	580	2031	1	0	1	580
CY121501.1	582	1872	0	2	2	1872
CY121501.1	582	1921	4	3	7	582
CY121501.1	582	2065	4	9	13	582
CY121501.1	585	1914	1	0	1	585
CY121501.1	586	1511	0	1	1	1511
CY121501.1	587	1924	0	1	1	1924
CY121501.1	587	1929	0	1	1	1929
CY121501.1	587	1932	2	0	2	587
CY121501.1	589	2009	0	1	1	2009
CY121501.1	589	2013	1	2	3	589
CY121501.1	598	1974	0	1	1	1974
CY121501.1	599	1974	1	0	1	599
CY121501.1	599	2172	1	0	1	599
CY121501.1	607	756	0	1	1	756
CY121501.1	608	1959	1	1	2	608
CY121501.1	609	1829	0	1	1	1829
CY121501.1	609	1870	1	0	1	609
CY121501.1	609	1891	0	1	1	1891
CY121501.1	610	1866	0	1	1	1866
CY121501.1	610	1952	1	14	15	610
CY121501.1	611	1874	0	1	1	1874
CY121501.1	611	1943	9	8	17	611
CY121501.1	611	638	0	1	1	638
CY121501.1	612	1959	0	4	4	1959
CY121501.1	612	1965	1	0	1	612
CY121501.1	613	1879	0	1	1	1879
CY121501.1	614	1914	1	0	1	614
CY121501.1	618	1872	0	1	1	1872
CY121501.1	629	1891	9	0	9	629
CY121501.1	629	1892	1	0	1	629
CY121501.1	631	1938	1	0	1	631
CY121501.1	632	1937	0	1	1	1937
CY121501.1	634	1814	2	0	2	634
CY121501.1	637	1858	2	0	2	637
CY121501.1	637	1870	2	6	8	637
CY121501.1	640	1660	1	0	1	640
CY121501.1	642	1744	2	2	4	642
CY121501.1	642	1869	0	2	2	1869
CY121501.1	644	1930	0	2	2	1930
CY121501.1	646	1858	1	0	1	646
CY121501.1	647	1943	1	0	1	647
CY121501.1	649	1865	2	0	2	649
CY121501.1	649	1873	2	0	2	649
CY121501.1	650	1866	1	3	4	650
CY121501.1	650	1871	1	3	4	650
CY121501.1	650	1920	1	0	1	650
CY121501.1	651	1519	1	0	1	651
CY121501.1	653	1794	2	4	6	653
CY121501.1	653	1876	1	2	3	653
CY121501.1	660	1858	0	1	1	1858
CY121501.1	660	1927	1	0	1	660
CY121501.1	661	1738	4	3	7	661
CY121501.1	662	2134	0	1	1	2134
CY121501.1	663	1580	1	0	1	663
CY121501.1	666	1664	1	0	1	666
CY121501.1	668	1905	1	1	2	668
CY121501.1	669	1842	2	12	14	669
CY121501.1	673	1897	0	1	1	1897
CY121501.1	674	1897	9	11	20	674
CY121501.1	674	1969	0	1	1	1969
CY121501.1	676	1845	1	0	1	676
CY121501.1	680	1957	1	2	3	680
CY121501.1	681	1668	1	1	2	681
CY121501.1	681	2092	1	0	1	681
CY121501.1	683	1922	1	6	7	683
CY121501.1	684	1892	1	0	1	684
CY121501.1	684	2173	0	3	3	2173
CY121501.1	686	1668	2	1	3	686
CY121501.1	686	1815	0	1	1	1815
CY121501.1	686	1857	0	4	4	1857
CY121501.1	687	1948	0	2	2	1948
CY121501.1	688	1954	0	20	20	1954
CY121501.1	690	1522	0	1	1	1522
CY121501.1	691	1669	1	0	1	691
CY121501.1	691	1903	0	4	4	1903
CY121501.1	693	1768	0	1	1	1768
CY121501.1	693	1842	0	1	1	1842
CY121501.1	694	2185	2	1	3	694
CY121501.1	696	1696	1	1	2	696
CY121501.1	697	1940	1	16	17	697
CY121501.1	698	781	0	1	1	781
CY121501.1	700	1653	0	1	1	1653
CY121501.1	701	1378	2	3	5	701
CY121501.1	701	1876	1	0	1	701
CY121501.1	701	1997	0	4	4	1997
CY121501.1	703	1757	0	2	2	1757
CY121501.1	707	1201	1	0	1	707
CY121501.1	711	1869	0	1	1	1869
CY121501.1	711	1872	0	1	1	1872
CY121501.1	712	1912	1	0	1	712
CY121501.1	715	1908	6	2	8	715
CY121501.1	717	1860	1	1	2	717
CY121501.1	717	2002	1	0	1	717
CY121501.1	718	813	1	0	1	718
CY121501.1	722	2129	0	1	1	2129
CY121501.1	724	1914	1	0	1	724
CY121501.1	724	1987	1	0	1	724
CY121501.1	729	1846	0	1	1	1846
CY121501.1	730	1873	2	2	4	730
CY121501.1	730	2150	1	0	1	730
CY121501.1	733	1861	0	1	1	1861
CY121501.1	735	1723	1	0	1	735
CY121501.1	736	2155	5	2	7	736
CY121501.1	737	1739	1	0	1	737
CY121501.1	747	1820	0	1	1	1820
CY121501.1	749	1872	1	0	1	749
CY121501.1	750	1741	1	0	1	750
CY121501.1	750	1821	0	1	1	1821
CY121501.1	750	1911	2	1	3	750
CY121501.1	754	1995	2	0	2	754
CY121501.1	755	1844	0	1	1	1844
CY121501.1	755	1917	2	1	3	755
CY121501.1	755	1919	5	0	5	755
CY121501.1	755	1920	1	0	1	755
CY121501.1	756	1997	2	3	5	756
CY121501.1	758	1683	1	0	1	758
CY121501.1	761	2042	1	0	1	761
CY121501.1	764	2085	1	0	1	764
CY121501.1	766	989	0	1	1	989
CY121501.1	769	1834	1	1	2	769
CY121501.1	769	1954	2	0	2	769
CY121501.1	770	1709	1	0	1	770
CY121501.1	773	1712	4	1	5	773
CY121501.1	773	1904	2	1	3	773
CY121501.1	773	2049	0	1	1	2049
CY121501.1	775	1737	0	1	1	1737
CY121501.1	775	2143	7	3	10	775
CY121501.1	777	1738	4	0	4	777
CY121501.1	777	2013	0	1	1	2013
CY121501.1	779	1886	1	0	1	779
CY121501.1	782	1294	1	0	1	782
CY121501.1	785	1718	1	2	3	785
CY121501.1	788	2261	0	1	1	2261
CY121501.1	789	1998	6	0	6	789
CY121501.1	790	1773	1	0	1	790
CY121501.1	811	1769	1	1	2	811
CY121501.1	814	1772	0	1	1	1772
CY121501.1	816	1712	1	0	1	816
CY121501.1	817	1323	0	1	1	1323
CY121501.1	819	1670	2	0	2	819
CY121501.1	821	2006	0	1	1	2006
CY121501.1	825	1721	1	1	2	825
CY121501.1	825	1724	2	0	2	825
CY121501.1	826	1708	1	0	1	826
CY121501.1	828	1670	2	0	2	828
CY121501.1	829	1396	1	0	1	829
CY121501.1	829	2015	1	0	1	829
CY121501.1	833	1310	0	1	1	1310
CY121501.1	838	1708	1	0	1	838
CY121501.1	840	1745	2	1	3	840
CY121501.1	842	1945	1	0	1	842
CY121501.1	846	1737	0	1	1	1737
CY121501.1	846	1738	1	0	1	846
CY121501.1	846	1816	2	0	2	846
CY121501.1	846	1933	5	0	5	846
CY121501.1	847	1718	1	1	2	847
CY121501.1	852	1643	1	1	2	852
CY121501.1	852	1699	1	0	1	852
CY121501.1	853	1669	0	1	1	1669
CY121501.1	853	1697	0	1	1	1697
CY121501.1	854	1724	2	3	5	854
CY121501.1	864	1737	1	1	2	864
CY121501.1	864	1763	0	1	1	1763
CY121501.1	867	1975	0	1	1	1975
CY121501.1	869	1037	1	0	1	869
CY121501.1	869	1619	1	0	1	869
CY121501.1	869	1924	1	0	1	869
CY121501.1	887	1659	0	1	1	1659
CY121501.1	892	1692	2	0	2	892
CY121501.1	895	1680	0	1	1	1680
CY121501.1	895	1737	1	0	1	895
CY121501.1	896	1075	1	0	1	896
CY121501.1	900	1685	1	0	1	900
CY121501.1	903	1406	1	0	1	903
CY121501.1	909	1783	0	2	2	1783
CY121501.1	910	1665	1	0	1	910
CY121501.1	910	1681	1	1	2	910
CY121501.1	916	2169	1	0	1	916
CY121501.1	917	1669	0	1	1	1669
CY121501.1	918	1769	0	1	1	1769
CY121501.1	922	1673	0	1	1	1673
CY121501.1	928	1081	0	1	1	1081
CY121501.1	930	1732	1	0	1	930
CY121501.1	930	2041	0	1	1	2041
CY121501.1	937	1870	0	1	1	1870
CY121501.1	940	1626	1	0	1	940
CY121501.1	945	2353	0	1	1	2353
CY121501.1	952	1921	1	0	1	952
CY121501.1	955	2121	0	1	1	2121
CY121501.1	963	1661	1	0	1	963
CY121501.1	970	1582	1	0	1	970
CY121501.1	971	1587	1	0	1	971
CY121501.1	975	1066	2	1	3	975
CY121501.1	976	1586	0	1	1	1586
CY121502.1	1000	1719	1	0	1	1000
CY121502.1	1006	1695	1	1	2	1006
CY121502.1	1008	1351	1	1	2	1008
CY121502.1	1014	1337	1	0	1	1014
CY121502.1	1014	1696	0	2	2	1696
CY121502.1	1020	1100	1	0	1	1020
CY121502.1	1020	1738	2	0	2	1020
CY121502.1	1027	2329	0	1	1	2329
CY121502.1	1037	1837	0	1	1	1837
CY121502.1	1042	1905	1	0	1	1042
CY121502.1	1045	1856	1	0	1	1045
CY121502.1	1051	1751	0	2	2	1751
CY121502.1	1053	1646	0	1	1	1646
CY121502.1	1061	1731	0	1	1	1731
CY121502.1	1096	2456	0	3	3	2456
CY121502.1	1101	1400	1	0	1	1101
CY121502.1	1134	1875	1	0	1	1134
CY121502.1	1143	1862	1	0	1	1143
CY121502.1	1146	2004	0	1	1	2004
CY121502.1	1168	1406	1	0	1	1168
CY121502.1	1176	2452	0	1	1	2452
CY121502.1	1189	1679	1	0	1	1189
CY121502.1	1238	1797	1	0	1	1238
CY121502.1	1249	2431	1	0	1	1249
CY121502.1	1259	2004	0	1	1	2004
CY121502.1	1268	1748	0	1	1	1748
CY121502.1	1277	1781	1	0	1	1277
CY121502.1	1338	2457	0	1	1	2457
CY121502.1	1355	2496	0	1	1	2496
CY121502.1	1373	1473	0	1	1	1473
CY121502.1	1373	2453	0	1	1	2453
CY121502.1	1383	1533	0	1	1	1533
CY121502.1	1383	1762	1	0	1	1383
CY121502.1	1389	2129	1	0	1	1389
CY121502.1	1432	1553	0	1	1	1553
CY121502.1	1433	1915	0	1	1	1915
CY121502.1	1453	1542	0	1	1	1542
CY121502.1	1538	2234	1	0	1	1538
CY121502.1	1541	2440	0	1	1	2440
CY121502.1	1546	2062	0	1	1	2062
CY121502.1	1599	2095	1	0	1	1599
CY121502.1	1605	1854	1	0	1	1605
CY121502.1	1616	2328	0	1	1	2328
CY121502.1	1683	2453	0	1	1	2453
CY121502.1	1688	2382	0	1	1	2382
CY121502.1	1700	1866	1	0	1	1700
CY121502.1	1714	1785	0	1	1	1785
CY121502.1	1740	2409	0	1	1	2409
CY121502.1	1762	2307	1	0	1	1762
CY121502.1	1771	2423	1	0	1	1771
CY121502.1	1784	2485	0	1	1	2485
CY121502.1	1790	2451	0	1	1	2451
CY121502.1	1805	2214	0	1	1	2214
CY121502.1	1814	1933	1	0	1	1814
CY121502.1	1851	2294	0	1	1	2294
CY121502.1	1885	2043	0	1	1	2043
CY121502.1	1896	2013	0	1	1	2013
CY121502.1	1897	2118	1	0	1	1897
CY121502.1	1927	2103	1	0	1	1927
CY121502.1	1929	2416	1	0	1	1929
CY121502.1	1941	2025	0	1	1	2025
CY121502.1	1950	2019	1	0	1	1950
CY121502.1	1996	2483	0	1	1	2483
CY121502.1	1998	2329	0	1	1	2329
CY121502.1	2004	2366	1	0	1	2004
CY121502.1	2032	2257	0	1	1	2257
CY121502.1	2051	2117	1	0	1	2051
CY121502.1	2071	2106	1	1	2	2071
CY121502.1	2071	2134	1	0	1	2071
CY121502.1	2071	2197	1	0	1	2071
CY121502.1	2074	2117	1	0	1	2074
CY121502.1	2079	2110	0	1	1	2110
CY121502.1	2096	2273	0	1	1	2273
CY121502.1	2147	2342	1	0	1	2147
CY121502.1	2154	2193	2	0	2	2154
CY121502.1	2160	2473	0	1	1	2473
CY121502.1	2170	2308	1	0	1	2170
CY121502.1	2192	2300	1	0	1	2192
CY121502.1	2218	2242	1	0	1	2218
CY121502.1	2231	2256	1	0	1	2231
CY121502.1	2233	2456	0	4	4	2456
CY121502.1	2242	2327	1	0	1	2242
CY121502.1	2278	2308	1	1	2	2278
CY121502.1	2284	2327	4	0	4	2284
CY121502.1	2285	2455	0	4	4	2455
CY121502.1	2286	2351	2	0	2	2286
CY121502.1	2287	2364	2	0	2	2287
CY121502.1	2288	2327	2	2	4	2288
CY121502.1	2288	2330	1	0	1	2288
CY121502.1	2288	2456	0	1	1	2456
CY121502.1	2292	2340	3	0	3	2292
CY121502.1	2306	2329	0	1	1	2329
CY121502.1	2325	2350	0	1	1	2350
CY121502.1	2325	2364	2	0	2	2325
CY121502.1	2325	2368	10	0	10	2325
CY121502.1	2325	2379	10	2	12	2325
CY121502.1	2326	2348	6	2	8	2326
CY121502.1	2326	2353	2	0	2	2326
CY121502.1	2327	2361	1	0	1	2327
CY121502.1	2327	2392	0	1	1	2392
CY121502.1	2327	2457	0	3	3	2457
CY121502.1	2340	2386	2	0	2	2340
CY121502.1	2342	2364	5	1	6	2342
CY121502.1	2343	2384	2	0	2	2343
CY121502.1	2347	2384	1	0	1	2347
CY121502.1	2350	2372	1	0	1	2350
CY121502.1	2359	2429	2	1	3	2359
CY121502.1	2360	2385	1	0	1	2360
CY121502.1	2364	2399	1	0	1	2364
CY121502.1	2390	2455	1	1	2	2390
CY121502.1	2396	2456	0	2	2	2456
CY121502.1	2415	2457	0	2	2	2457
CY121502.1	2418	2455	0	2	2	2455
CY121502.1	2419	2455	0	3	3	2455
CY121502.1	2421	2459	0	1	1	2459
CY121502.1	2428	2456	1	1	2	2428
CY121502.1	2431	2454	1	2	3	2431
CY121502.1	243	369	1	0	1	243
CY121502.1	245	2258	9	0	9	245
CY121502.1	245	2279	2	0	2	245
CY121502.1	245	2288	4	0	4	245
CY121502.1	245	2347	2	1	3	245
CY121502.1	245	269	1	0	1	245
CY121502.1	245	358	2	0	2	245
CY121502.1	246	2259	1	0	1	246
CY121502.1	246	289	1	0	1	246
CY121502.1	246	320	4	0	4	246
CY121502.1	252	2330	9	0	9	252
CY121502.1	252	2436	1	0	1	252
CY121502.1	252	281	6	0	6	252
CY121502.1	252	296	4	0	4	252
CY121502.1	252	318	3	1	4	252
CY121502.1	252	331	4	0	4	252
CY121502.1	253	278	22	1	23	253
CY121502.1	253	367	2	0	2	253
CY121502.1	254	1776	1	1	2	254
CY121502.1	254	2250	3	0	3	254
CY121502.1	255	2347	1	0	1	255
CY121502.1	255	295	3	0	3	255
CY121502.1	260	2219	2	0	2	260
CY121502.1	260	290	1	0	1	260
CY121502.1	261	318	1	0	1	261
CY121502.1	264	299	3	1	4	264
CY121502.1	265	2385	3	0	3	265
CY121502.1	269	1661	1	0	1	269
CY121502.1	270	1514	1	0	1	270
CY121502.1	270	295	1	0	1	270
CY121502.1	276	1910	1	0	1	276
CY121502.1	276	2243	2	1	3	276
CY121502.1	276	2327	6	0	6	276
CY121502.1	283	1924	1	0	1	283
CY121502.1	284	2454	1	1	2	284
CY121502.1	285	2360	2	0	2	285
CY121502.1	291	2326	2	0	2	291
CY121502.1	292	2357	2	0	2	292
CY121502.1	292	2364	20	0	20	292
CY121502.1	293	2334	1	0	1	293
CY121502.1	293	2342	4	1	5	293
CY121502.1	293	2360	3	0	3	293
CY121502.1	295	2327	1	0	1	295
CY121502.1	295	2360	3	1	4	295
CY121502.1	295	2456	3	23	26	295
CY121502.1	297	2326	1	1	2	297
CY121502.1	300	2234	0	1	1	2234
CY121502.1	300	322	0	1	1	322
CY121502.1	309	373	1	0	1	309
CY121502.1	311	2384	7	0	7	311
CY121502.1	316	2167	1	0	1	316
CY121502.1	325	2352	0	1	1	2352
CY121502.1	328	2404	1	0	1	328
CY121502.1	331	2338	0	1	1	2338
CY121502.1	335	2327	1	1	2	335
CY121502.1	335	2348	3	3	6	335
CY121502.1	339	1838	1	0	1	339
CY121502.1	341	2472	0	2	2	2472
CY121502.1	342	2366	2	0	2	342
CY121502.1	343	2172	1	0	1	343
CY121502.1	346	2193	5	1	6	346
CY121502.1	346	2429	1	0	1	346
CY121502.1	346	619	3	0	3	346
CY121502.1	349	2340	1	1	2	349
CY121502.1	356	1853	1	0	1	356
CY121502.1	358	2249	1	0	1	358
CY121502.1	358	2456	0	2	2	2456
CY121502.1	359	2307	1	0	1	359
CY121502.1	361	1211	1	0	1	361
CY121502.1	361	2215	1	4	5	361
CY121502.1	363	1922	1	0	1	363
CY121502.1	365	1905	1	0	1	365
CY121502.1	365	2327	4	0	4	365
CY121502.1	366	1521	1	0	1	366
CY121502.1	366	422	0	1	1	422
CY121502.1	367	2307	3	0	3	367
CY121502.1	368	2327	2	1	3	368
CY121502.1	371	2263	0	1	1	2263
CY121502.1	372	2335	1	0	1	372
CY121502.1	374	1931	1	0	1	374
CY121502.1	375	2307	2	0	2	375
CY121502.1	376	2354	1	0	1	376
CY121502.1	380	1683	1	0	1	380
CY121502.1	385	2098	1	0	1	385
CY121502.1	385	2326	1	0	1	385
CY121502.1	386	1309	0	1	1	1309
CY121502.1	386	2279	3	0	3	386
CY121502.1	386	2308	3	0	3	386
CY121502.1	388	2190	1	0	1	388
CY121502.1	388	2353	1	0	1	388
CY121502.1	388	2370	1	0	1	388
CY121502.1	388	421	0	1	1	421
CY121502.1	391	2274	1	0	1	391
CY121502.1	391	2327	1	3	4	391
CY121502.1	392	2232	4	5	9	392
CY121502.1	392	2376	1	0	1	392
CY121502.1	393	2186	2	0	2	393
CY121502.1	393	2243	2	0	2	393
CY121502.1	395	2249	1	0	1	395
CY121502.1	395	422	1	0	1	395
CY121502.1	396	2307	2	0	2	396
CY121502.1	397	1951	1	0	1	397
CY121502.1	397	2193	1	0	1	397
CY121502.1	397	2231	9	9	18	397
CY121502.1	397	2243	10	0	10	397
CY121502.1	397	2248	1	0	1	397
CY121502.1	397	2327	11	0	11	397
CY121502.1	397	2353	1	0	1	397
CY121502.1	397	2360	3	0	3	397
CY121502.1	397	421	1	0	1	397
CY121502.1	399	2193	1	0	1	399
CY121502.1	399	2363	2	0	2	399
CY121502.1	400	881	1	0	1	400
CY121502.1	401	2196	4	0	4	401
CY121502.1	405	441	0	3	3	441
CY121502.1	406	2308	2	0	2	406
CY121502.1	409	1644	1	0	1	409
CY121502.1	411	2193	1	3	4	411
CY121502.1	411	2206	0	1	1	2206
CY121502.1	419	2140	1	0	1	419
CY121502.1	419	445	2	0	2	419
CY121502.1	420	2082	1	0	1	420
CY121502.1	420	2186	0	1	1	2186
CY121502.1	420	2231	1	0	1	420
CY121502.1	420	2243	2	0	2	420
CY121502.1	420	2456	0	1	1	2456
CY121502.1	420	442	1	0	1	420
CY121502.1	424	2237	1	0	1	424
CY121502.1	428	1976	1	0	1	428
CY121502.1	429	2125	1	0	1	429
CY121502.1	429	2316	1	0	1	429
CY121502.1	429	2347	3	0	3	429
CY121502.1	429	2352	3	1	4	429
CY121502.1	430	2308	4	0	4	430
CY121502.1	431	2250	1	0	1	431
CY121502.1	431	2327	1	0	1	431
CY121502.1	433	2287	1	0	1	433
CY121502.1	434	2203	0	1	1	2203
CY121502.1	435	2348	2	0	2	435
CY121502.1	435	2353	1	0	1	435
CY121502.1	437	2307	1	0	1	437
CY121502.1	440	2364	1	0	1	440
CY121502.1	441	2056	0	1	1	2056
CY121502.1	444	2288	1	1	2	444
CY121502.1	447	2137	1	0	1	447
CY121502.1	447	2247	2	0	2	447
CY121502.1	450	2262	1	0	1	450
CY121502.1	450	2278	1	0	1	450
CY121502.1	450	2365	1	0	1	450
CY121502.1	451	2252	1	2	3	451
CY121502.1	453	2355	1	0	1	453
CY121502.1	457	2282	1	0	1	457
CY121502.1	458	2122	1	0	1	458
CY121502.1	458	2237	0	1	1	2237
CY121502.1	458	2300	1	0	1	458
CY121502.1	461	2230	1	0	1	461
CY121502.1	462	2144	1	0	1	462
CY121502.1	464	1094	1	0	1	464
CY121502.1	465	2370	0	1	1	2370
CY121502.1	466	2149	0	1	1	2149
CY121502.1	466	2297	2	2	4	466
CY121502.1	466	2300	1	0	1	466
CY121502.1	467	1616	0	1	1	1616
CY121502.1	467	2327	3	0	3	467
CY121502.1	468	2470	0	1	1	2470
CY121502.1	469	2188	2	0	2	469
CY121502.1	470	2162	0	1	1	2162
CY121502.1	471	2099	1	0	1	471
CY121502.1	474	1105	1	0	1	474
CY121502.1	474	2255	1	0	1	474
CY121502.1	475	2243	2	8	10	475
CY121502.1	477	2207	1	0	1	477
CY121502.1	478	2307	1	1	2	478
CY121502.1	479	2088	1	1	2	479
CY121502.1	479	2244	10	7	17	479
CY121502.1	479	2285	1	0	1	479
CY121502.1	481	2094	1	0	1	481
CY121502.1	482	1533	1	0	1	482
CY121502.1	483	1514	1	0	1	483
CY121502.1	483	2189	0	1	1	2189
CY121502.1	483	2288	8	11	19	483
CY121502.1	489	2301	3	0	3	489
CY121502.1	495	2300	0	1	1	2300
CY121502.1	495	2307	9	3	12	495
CY121502.1	496	2099	0	1	1	2099
CY121502.1	496	2143	0	1	1	2143
CY121502.1	499	2378	2	0	2	499
CY121502.1	504	2014	4	1	5	504
CY121502.1	505	1886	0	1	1	1886
CY121502.1	507	2098	1	0	1	507
CY121502.1	507	2213	1	1	2	507
CY121502.1	509	1912	0	1	1	1912
CY121502.1	511	2160	0	1	1	2160
CY121502.1	512	1910	1	0	1	512
CY121502.1	512	2186	2	2	4	512
CY121502.1	515	1499	1	2	3	515
CY121502.1	515	686	1	0	1	515
CY121502.1	515	702	1	2	3	515
CY121502.1	521	2013	0	1	1	2013
CY121502.1	524	2177	3	0	3	524
CY121502.1	525	1959	0	1	1	1959
CY121502.1	525	2052	10	6	16	525
CY121502.1	525	547	0	2	2	547
CY121502.1	526	1804	1	0	1	526
CY121502.1	526	2019	2	0	2	526
CY121502.1	526	2155	1	0	1	526
CY121502.1	527	2046	0	1	1	2046
CY121502.1	527	2244	4	0	4	527
CY121502.1	531	1995	0	1	1	1995
CY121502.1	531	2326	0	2	2	2326
CY121502.1	532	2204	6	9	15	532
CY121502.1	533	1849	1	1	2	533
CY121502.1	533	2088	2	2	4	533
CY121502.1	536	2057	1	0	1	536
CY121502.1	543	2053	2	2	4	543
CY121502.1	544	2200	1	0	1	544
CY121502.1	544	2258	0	1	1	2258
CY121502.1	545	1402	0	1	1	1402
CY121502.1	546	2023	0	1	1	2023
CY121502.1	546	2142	4	0	4	546
CY121502.1	551	2145	0	1	1	2145
CY121502.1	551	2307	0	1	1	2307
CY121502.1	553	2229	0	1	1	2229
CY121502.1	554	2157	1	0	1	554
CY121502.1	554	2341	3	0	3	554
CY121502.1	555	2150	2	0	2	555
CY121502.1	557	1713	0	1	1	1713
CY121502.1	558	739	1	0	1	558
CY121502.1	564	2203	0	1	1	2203
CY121502.1	566	2134	2	1	3	566
CY121502.1	569	2024	0	1	1	2024
CY121502.1	570	2457	2	10	12	570
CY121502.1	575	2098	6	5	11	575
CY121502.1	577	2264	0	1	1	2264
CY121502.1	578	2242	1	1	2	578
CY121502.1	579	2098	1	3	4	579
CY121502.1	587	1980	1	5	6	587
CY121502.1	589	1952	3	2	5	589
CY121502.1	589	2127	0	2	2	2127
CY121502.1	591	2209	4	1	5	591
CY121502.1	595	1753	2	0	2	595
CY121502.1	599	1686	0	1	1	1686
CY121502.1	602	2124	0	1	1	2124
CY121502.1	604	2082	1	0	1	604
CY121502.1	604	2182	1	0	1	604
CY121502.1	607	2164	1	0	1	607
CY121502.1	608	1836	3	1	4	608
CY121502.1	608	2136	1	1	2	608
CY121502.1	608	2158	0	3	3	2158
CY121502.1	609	1997	1	0	1	609
CY121502.1	609	2018	0	2	2	2018
CY121502.1	609	2020	0	1	1	2020
CY121502.1	609	2205	1	0	1	609
CY121502.1	611	1829	1	0	1	611
CY121502.1	611	2046	0	1	1	2046
CY121502.1	612	1611	1	0	1	612
CY121502.1	615	2101	1	0	1	615
CY121502.1	615	2118	2	2	4	615
CY121502.1	616	1817	6	0	6	616
CY121502.1	621	1996	0	1	1	1996
CY121502.1	622	2109	1	1	2	622
CY121502.1	623	2058	0	1	1	2058
CY121502.1	623	2128	2	1	3	623
CY121502.1	624	1777	3	5	8	624
CY121502.1	625	1832	1	0	1	625
CY121502.1	625	2126	1	2	3	625
CY121502.1	627	1793	1	0	1	627
CY121502.1	629	1776	1	1	2	629
CY121502.1	629	2099	2	2	4	629
CY121502.1	641	2207	1	0	1	641
CY121502.1	645	1977	0	1	1	1977
CY121502.1	645	2021	1	1	2	645
CY121502.1	645	2455	0	4	4	2455
CY121502.1	651	2092	3	4	7	651
CY121502.1	651	2108	2	1	3	651
CY121502.1	662	1729	1	0	1	662
CY121502.1	663	1771	1	1	2	663
CY121502.1	663	1951	2	0	2	663
CY121502.1	663	2017	1	1	2	663
CY121502.1	663	2289	2	2	4	663
CY121502.1	664	1626	1	0	1	664
CY121502.1	665	1912	3	1	4	665
CY121502.1	680	2100	1	0	1	680
CY121502.1	680	2120	0	1	1	2120
CY121502.1	681	898	1	0	1	681
CY121502.1	686	2098	5	1	6	686
CY121502.1	689	2086	1	0	1	689
CY121502.1	693	2106	0	1	1	2106
CY121502.1	694	1934	8	8	16	694
CY121502.1	694	1975	1	0	1	694
CY121502.1	695	2127	1	1	2	695
CY121502.1	696	1946	1	1	2	696
CY121502.1	696	2072	1	0	1	696
CY121502.1	696	2080	2	0	2	696
CY121502.1	696	2101	0	1	1	2101
CY121502.1	697	1994	0	1	1	1994
CY121502.1	697	2117	2	0	2	697
CY121502.1	700	2406	0	1	1	2406
CY121502.1	701	2111	0	2	2	2111
CY121502.1	705	1609	1	0	1	705
CY121502.1	708	1385	0	1	1	1385
CY121502.1	710	1313	1	0	1	710
CY121502.1	710	1902	5	3	8	710
CY121502.1	710	2145	1	1	2	710
CY121502.1	712	1924	3	1	4	712
CY121502.1	714	1590	2	0	2	714
CY121502.1	714	2143	1	0	1	714
CY121502.1	716	1912	1	0	1	716
CY121502.1	722	1090	0	1	1	1090
CY121502.1	726	1885	1	0	1	726
CY121502.1	728	1987	1	0	1	728
CY121502.1	730	2003	1	0	1	730
CY121502.1	731	1894	1	0	1	731
CY121502.1	733	1915	2	3	5	733
CY121502.1	734	1867	1	0	1	734
CY121502.1	734	2032	1	1	2	734
CY121502.1	734	2098	2	0	2	734
CY121502.1	735	2052	0	1	1	2052
CY121502.1	736	1994	4	1	5	736
CY121502.1	736	2004	3	0	3	736
CY121502.1	737	1517	1	0	1	737
CY121502.1	739	2302	4	1	5	739
CY121502.1	740	2033	0	2	2	2033
CY121502.1	742	1881	1	0	1	742
CY121502.1	742	1979	2	0	2	742
CY121502.1	742	2012	1	0	1	742
CY121502.1	743	2018	1	1	2	743
CY121502.1	744	2204	1	2	3	744
CY121502.1	746	1915	1	0	1	746
CY121502.1	747	1724	1	0	1	747
CY121502.1	747	2005	3	1	4	747
CY121502.1	748	1901	1	0	1	748
CY121502.1	748	2019	465	196	661	748
CY121502.1	748	2024	1	0	1	748
CY121502.1	752	1955	1	0	1	752
CY121502.1	752	2024	3	0	3	752
CY121502.1	754	1686	1	0	1	754
CY121502.1	754	2005	1	0	1	754
CY121502.1	756	1861	1	0	1	756
CY121502.1	756	2004	1	1	2	756
CY121502.1	756	2031	1	1	2	756
CY121502.1	757	1893	3	0	3	757
CY121502.1	757	2057	1	0	1	757
CY121502.1	758	1898	1	0	1	758
CY121502.1	758	1911	3	0	3	758
CY121502.1	760	2002	1	0	1	760
CY121502.1	760	2004	1	0	1	760
CY121502.1	760	2005	1	0	1	760
CY121502.1	760	2378	0	1	1	2378
CY121502.1	761	1818	1	1	2	761
CY121502.1	762	2002	1	0	1	762
CY121502.1	763	1394	0	1	1	1394
CY121502.1	764	1872	0	1	1	1872
CY121502.1	764	1992	2	0	2	764
CY121502.1	764	2006	1	1	2	764
CY121502.1	765	1910	4	0	4	765
CY121502.1	765	2006	2	0	2	765
CY121502.1	765	2333	1	0	1	765
CY121502.1	766	1829	2	0	2	766
CY121502.1	766	1925	1	0	1	766
CY121502.1	771	2456	0	2	2	2456
CY121502.1	774	1851	1	0	1	774
CY121502.1	776	2044	2	0	2	776
CY121502.1	782	1872	1	2	3	782
CY121502.1	782	1873	0	1	1	1873
CY121502.1	783	1949	1	0	1	783
CY121502.1	783	1990	3	0	3	783
CY121502.1	785	1979	1	0	1	785
CY121502.1	788	1977	2	0	2	788
CY121502.1	790	2037	1	0	1	790
CY121502.1	793	923	0	1	1	923
CY121502.1	795	1934	2	0	2	795
CY121502.1	795	818	4	0	4	795
CY121502.1	796	1829	1	1	2	796
CY121502.1	796	1952	1	0	1	796
CY121502.1	805	1142	2	1	3	805
CY121502.1	805	1929	0	1	1	1929
CY121502.1	807	1841	1	0	1	807
CY121502.1	808	1826	1	1	2	808
CY121502.1	812	909	1	0	1	812
CY121502.1	813	1902	0	1	1	1902
CY121502.1	813	888	0	1	1	888
CY121502.1	815	864	1	0	1	815
CY121502.1	816	2193	1	0	1	816
CY121502.1	817	1829	1	1	2	817
CY121502.1	818	1389	1	0	1	818
CY121502.1	818	1835	1	1	2	818
CY121502.1	818	1976	1	0	1	818
CY121502.1	821	1827	1	0	1	821
CY121502.1	823	2056	0	1	1	2056
CY121502.1	825	1833	1	0	1	825
CY121502.1	826	1518	0	1	1	1518
CY121502.1	828	1368	1	0	1	828
CY121502.1	829	1925	1	0	1	829
CY121502.1	832	1833	1	0	1	832
CY121502.1	834	1749	1	1	2	834
CY121502.1	835	1821	1	0	1	835
CY121502.1	837	1774	1	1	2	837
CY121502.1	837	1820	2	1	3	837
CY121502.1	839	1946	0	1	1	1946
CY121502.1	841	1901	3	2	5	841
CY121502.1	841	2327	4	0	4	841
CY121502.1	842	2267	0	1	1	2267
CY121502.1	844	1939	1	1	2	844
CY121502.1	845	1824	2	0	2	845
CY121502.1	846	1815	1	0	1	846
CY121502.1	846	1925	1	0	1	846
CY121502.1	854	2262	1	0	1	854
CY121502.1	855	1679	1	0	1	855
CY121502.1	858	1612	0	1	1	1612
CY121502.1	858	1765	228	150	378	858
CY121502.1	858	1862	0	1	1	1862
CY121502.1	859	1766	0	1	1	1766
CY121502.1	859	1887	2	1	3	859
CY121502.1	861	1764	4	1	5	861
CY121502.1	861	1910	0	1	1	1910
CY121502.1	862	1688	1	0	1	862
CY121502.1	863	1775	1	1	2	863
CY121502.1	866	1763	6	0	6	866
CY121502.1	868	1206	1	0	1	868
CY121502.1	868	1780	0	4	4	1780
CY121502.1	870	1782	1	1	2	870
CY121502.1	871	1786	0	2	2	1786
CY121502.1	873	1932	1	1	2	873
CY121502.1	874	2010	0	1	1	2010
CY121502.1	877	1850	1	0	1	877
CY121502.1	880	1772	125	76	201	880
CY121502.1	882	1492	0	1	1	1492
CY121502.1	884	1795	1	4	5	884
CY121502.1	888	1799	0	11	11	1799
CY121502.1	888	1872	1	1	2	888
CY121502.1	888	1905	1	0	1	888
CY121502.1	888	2456	0	1	1	2456
CY121502.1	889	1779	1	0	1	889
CY121502.1	893	1773	0	1	1	1773
CY121502.1	893	1883	0	1	1	1883
CY121502.1	893	1886	1	2	3	893
CY121502.1	894	1799	0	3	3	1799
CY121502.1	894	1873	0	2	2	1873
CY121502.1	897	1798	1	1	2	897
CY121502.1	897	1872	0	1	1	1872
CY121502.1	898	1723	0	1	1	1723
CY121502.1	898	2283	1	0	1	898
CY121502.1	899	1896	2	3	5	899
CY121502.1	901	1887	1	0	1	901
CY121502.1	903	1799	1	0	1	903
CY121502.1	904	1801	0	1	1	1801
CY121502.1	911	1887	0	1	1	1887
CY121502.1	912	1778	1	0	1	912
CY121502.1	914	2487	0	1	1	2487
CY121502.1	925	1783	0	1	1	1783
CY121502.1	927	1830	0	2	2	1830
CY121502.1	927	2183	1	0	1	927
CY121502.1	930	1884	4	5	9	930
CY121502.1	930	2327	1	0	1	930
CY121502.1	932	1815	0	1	1	1815
CY121502.1	938	2296	0	1	1	2296
CY121502.1	940	1242	1	0	1	940
CY121502.1	940	1415	0	1	1	1415
CY121502.1	943	2099	0	1	1	2099
CY121502.1	944	2192	0	1	1	2192
CY121502.1	946	1993	0	1	1	1993
CY121502.1	947	1094	0	1	1	1094
CY121502.1	949	1846	1	2	3	949
CY121502.1	951	1823	1	0	1	951
CY121502.1	958	1829	1	3	4	958
CY121502.1	959	1773	0	1	1	1773
CY121502.1	967	1733	0	1	1	1733
CY121502.1	967	1734	0	1	1	1734
CY121502.1	967	1828	5	1	6	967
CY121502.1	972	1722	0	1	1	1722
CY121502.1	974	1001	0	1	1	1001
CY121502.1	996	1774	1	1	2	996
CY121502.1	996	2082	1	0	1	996
CY121502.1	999	1532	3	0	3	999
CY121503.1	1011	1849	1	0	1	1011
CY121503.1	1024	1653	0	1	1	1653
CY121503.1	1028	1712	3	0	3	1028
CY121503.1	1066	1563	1	0	1	1066
CY121503.1	1066	2208	1	0	1	1066
CY121503.1	1085	2203	0	1	1	2203
CY121503.1	1105	2238	1	0	1	1105
CY121503.1	1107	1821	0	1	1	1821
CY121503.1	1144	2077	2	0	2	1144
CY121503.1	1147	2138	1	0	1	1147
CY121503.1	1148	2209	1	0	1	1148
CY121503.1	1160	2410	1	0	1	1160
CY121503.1	1169	2243	0	1	1	2243
CY121503.1	1172	2151	1	0	1	1172
CY121503.1	1172	2158	6	7	13	1172
CY121503.1	1173	2008	0	1	1	2008
CY121503.1	1177	1343	1	0	1	1177
CY121503.1	1177	2036	0	4	4	2036
CY121503.1	1179	2164	0	3	3	2164
CY121503.1	1184	2090	16	26	42	1184
CY121503.1	1184	2093	55	65	120	1184
CY121503.1	1194	1693	1	0	1	1194
CY121503.1	1194	1754	0	1	1	1754
CY121503.1	1202	1640	0	2	2	1640
CY121503.1	1203	2346	0	1	1	2346
CY121503.1	1205	2151	0	1	1	2151
CY121503.1	1225	1847	0	1	1	1847
CY121503.1	1225	2111	0	1	1	2111
CY121503.1	1227	1880	2	5	7	1227
CY121503.1	1227	2113	0	1	1	2113
CY121503.1	1227	2149	2	10	12	1227
CY121503.1	1228	2457	0	1	1	2457
CY121503.1	1265	1727	0	1	1	1727
CY121503.1	1300	2149	1	0	1	1300
CY121503.1	1303	1618	0	1	1	1618
CY121503.1	1307	2155	1	1	2	1307
CY121503.1	1322	1710	1	0	1	1322
CY121503.1	1324	2148	0	1	1	2148
CY121503.1	1325	1681	1	1	2	1325
CY121503.1	1325	2150	5	2	7	1325
CY121503.1	1326	1794	0	1	1	1794
CY121503.1	1329	2387	2	1	3	1329
CY121503.1	1334	1497	1	1	2	1334
CY121503.1	1355	2108	1	0	1	1355
CY121503.1	1357	2370	1	0	1	1357
CY121503.1	1386	1486	1	0	1	1386
CY121503.1	1387	2150	0	1	1	2150
CY121503.1	1388	2285	1	0	1	1388
CY121503.1	1394	2040	28	32	60	1394
CY121503.1	1399	2343	1	0	1	1399
CY121503.1	1405	1999	1	3	4	1405
CY121503.1	1414	2112	0	1	1	2112
CY121503.1	1415	2108	0	1	1	2108
CY121503.1	1424	2005	0	1	1	2005
CY121503.1	1445	1779	0	1	1	1779
CY121503.1	1477	1874	0	1	1	1874
CY121503.1	1495	2112	0	3	3	2112
CY121503.1	1497	2109	0	1	1	2109
CY121503.1	1501	1530	1	0	1	1501
CY121503.1	1535	2225	1	0	1	1535
CY121503.1	1572	1768	1	0	1	1572
CY121503.1	1573	2150	1	0	1	1573
CY121503.1	1574	1899	1	1	2	1574
CY121503.1	1580	2185	0	1	1	2185
CY121503.1	1619	2336	1	0	1	1619
CY121503.1	1628	1987	0	1	1	1987
CY121503.1	1632	1989	0	1	1	1989
CY121503.1	1642	2341	1	0	1	1642
CY121503.1	1642	2478	0	1	1	2478
CY121503.1	1652	2037	2	2	4	1652
CY121503.1	1656	1754	0	1	1	1754
CY121503.1	1659	2134	0	1	1	2134
CY121503.1	1661	2035	1	0	1	1661
CY121503.1	1661	2037	0	1	1	2037
CY121503.1	1669	2109	1	0	1	1669
CY121503.1	1670	2378	0	1	1	2378
CY121503.1	1676	2147	0	1	1	2147
CY121503.1	1678	2138	1	0	1	1678
CY121503.1	1681	1882	1	0	1	1681
CY121503.1	1690	2018	1	0	1	1690
CY121503.1	1691	2099	1	1	2	1691
CY121503.1	1693	1936	0	1	1	1936
CY121503.1	1697	2002	1	0	1	1697
CY121503.1	1700	2038	2	1	3	1700
CY121503.1	1701	2037	0	2	2	2037
CY121503.1	1703	2148	3	4	7	1703
CY121503.1	1726	1805	1	0	1	1726
CY121503.1	1731	2321	0	1	1	2321
CY121503.1	1771	2332	1	0	1	1771
CY121503.1	1802	2039	3	1	4	1802
CY121503.1	1806	2134	0	1	1	2134
CY121503.1	1814	1847	0	1	1	1847
CY121503.1	1883	2153	1	2	3	1883
CY121503.1	1884	1940	0	1	1	1940
CY121503.1	1904	1989	1	1	2	1904
CY121503.1	1913	1968	1	0	1	1913
CY121503.1	2051	2237	0	1	1	2237
CY121503.1	2067	2445	0	1	1	2445
CY121503.1	2087	2378	0	1	1	2378
CY121503.1	2124	2184	0	1	1	2184
CY121503.1	2143	2396	0	1	1	2396
CY121503.1	2145	2341	1	0	1	2145
CY121503.1	2156	2411	1	0	1	2156
CY121503.1	2162	2194	1	0	1	2162
CY121503.1	2184	2449	0	1	1	2449
CY121503.1	2191	2373	1	0	1	2191
CY121503.1	2236	2266	0	1	1	2266
CY121503.1	2251	2314	1	0	1	2251
CY121503.1	2260	2284	1	0	1	2260
CY121503.1	2290	2334	1	1	2	2290
CY121503.1	2367	2400	2	0	2	2367
CY121503.1	244	306	3	0	3	244
CY121503.1	248	2339	1	0	1	248
CY121503.1	251	2287	1	0	1	251
CY121503.1	258	280	3	0	3	258
CY121503.1	265	2039	1	0	1	265
CY121503.1	274	2117	1	0	1	274
CY121503.1	280	2072	3	1	4	280
CY121503.1	286	2189	1	0	1	286
CY121503.1	286	2463	1	1	2	286
CY121503.1	286	492	1	0	1	286
CY121503.1	287	1809	1	0	1	287
CY121503.1	290	1243	2	0	2	290
CY121503.1	294	2336	1	1	2	294
CY121503.1	300	2284	0	1	1	2284
CY121503.1	312	2497	1	0	1	312
CY121503.1	317	2189	0	1	1	2189
CY121503.1	317	2315	7	10	17	317
CY121503.1	317	2328	1	0	1	317
CY121503.1	317	2335	0	1	1	2335
CY121503.1	318	2356	1	1	2	318
CY121503.1	319	2350	1	0	1	319
CY121503.1	320	1278	0	1	1	1278
CY121503.1	330	2275	1	0	1	330
CY121503.1	333	2322	1	1	2	333
CY121503.1	336	744	1	1	2	336
CY121503.1	339	405	1	0	1	339
CY121503.1	340	2329	1	1	2	340
CY121503.1	341	1080	1	0	1	341
CY121503.1	343	2331	1	0	1	343
CY121503.1	346	2387	0	1	1	2387
CY121503.1	347	1331	0	1	1	1331
CY121503.1	347	2236	3	1	4	347
CY121503.1	347	2335	1	4	5	347
CY121503.1	348	2285	0	1	1	2285
CY121503.1	350	2370	0	1	1	2370
CY121503.1	356	1440	0	1	1	1440
CY121503.1	356	1784	0	1	1	1784
CY121503.1	359	1816	0	1	1	1816
CY121503.1	359	2198	0	2	2	2198
CY121503.1	362	2323	0	1	1	2323
CY121503.1	363	2318	0	2	2	2318
CY121503.1	364	2289	0	3	3	2289
CY121503.1	364	2394	0	2	2	2394
CY121503.1	365	2298	1	0	1	365
CY121503.1	369	2238	3	13	16	369
CY121503.1	369	2297	2	1	3	369
CY121503.1	370	1170	1	0	1	370
CY121503.1	370	1674	1	0	1	370
CY121503.1	371	2284	2	7	9	371
CY121503.1	371	2298	0	1	1	2298
CY121503.1	372	2188	1	5	6	372
CY121503.1	372	2347	1	1	2	372
CY121503.1	373	1677	0	1	1	1677
CY121503.1	373	2238	0	1	1	2238
CY121503.1	373	2282	1	0	1	373
CY121503.1	374	2266	2	3	5	374
CY121503.1	374	2335	1	2	3	374
CY121503.1	375	2098	0	2	2	2098
CY121503.1	375	2213	1	0	1	375
CY121503.1	376	2262	0	5	5	2262
CY121503.1	376	2394	0	1	1	2394
CY121503.1	381	2283	1	4	5	381
CY121503.1	381	2398	0	1	1	2398
CY121503.1	382	2273	1	0	1	382
CY121503.1	382	2449	0	1	1	2449
CY121503.1	383	1145	0	1	1	1145
CY121503.1	383	1650	0	1	1	1650
CY121503.1	383	2315	17	59	76	383
CY121503.1	384	2360	0	1	1	2360
CY121503.1	386	2143	2	3	5	386
CY121503.1	386	2264	0	2	2	2264
CY121503.1	387	2319	0	2	2	2319
CY121503.1	388	1688	0	1	1	1688
CY121503.1	389	639	0	1	1	639
CY121503.1	392	2205	1	0	1	392
CY121503.1	402	2359	0	1	1	2359
CY121503.1	405	2200	1	0	1	405
CY121503.1	407	1765	2	3	5	407
CY121503.1	409	2380	0	1	1	2380
CY121503.1	409	2388	0	1	1	2388
CY121503.1	410	1658	1	0	1	410
CY121503.1	410	2348	1	0	1	410
CY121503.1	411	1864	0	2	2	1864
CY121503.1	413	2320	7	17	24	413
CY121503.1	419	2074	0	2	2	2074
CY121503.1	420	2299	1	2	3	420
CY121503.1	422	2204	6	13	19	422
CY121503.1	422	2283	0	2	2	2283
CY121503.1	429	1154	0	1	1	1154
CY121503.1	433	456	0	1	1	456
CY121503.1	435	464	1	1	2	435
CY121503.1	440	2168	0	6	6	2168
CY121503.1	441	2205	2	0	2	441
CY121503.1	441	816	1	0	1	441
CY121503.1	443	1225	0	1	1	1225
CY121503.1	450	792	1	0	1	450
CY121503.1	453	2281	2	1	3	453
CY121503.1	453	2298	1	1	2	453
CY121503.1	454	2162	0	1	1	2162
CY121503.1	454	2171	1	2	3	454
CY121503.1	454	2220	0	2	2	2220
CY121503.1	454	2231	0	1	1	2231
CY121503.1	455	2274	0	1	1	2274
CY121503.1	469	2196	0	2	2	2196
CY121503.1	470	2180	2	3	5	470
CY121503.1	470	2282	0	1	1	2282
CY121503.1	471	2056	2	0	2	471
CY121503.1	474	2118	1	0	1	474
CY121503.1	475	1153	1	0	1	475
CY121503.1	476	2187	0	1	1	2187
CY121503.1	482	2154	1	0	1	482
CY121503.1	484	1642	2	0	2	484
CY121503.1	484	2137	6	9	15	484
CY121503.1	484	2357	0	1	1	2357
CY121503.1	485	2069	3	0	3	485
CY121503.1	485	2157	1	0	1	485
CY121503.1	493	2055	2	1	3	493
CY121503.1	499	2153	0	2	2	2153
CY121503.1	499	2249	1	1	2	499
CY121503.1	500	2057	1	0	1	500
CY121503.1	501	2063	1	0	1	501
CY121503.1	501	2151	1	0	1	501
CY121503.1	505	2117	3	0	3	505
CY121503.1	505	2120	2	0	2	505
CY121503.1	507	2071	1	0	1	507
CY121503.1	508	2072	646	972	1618	508
CY121503.1	508	2073	1	0	1	508
CY121503.1	509	2073	0	3	3	2073
CY121503.1	510	2122	0	1	1	2122
CY121503.1	511	2042	0	1	1	2042
CY121503.1	511	2203	2	2	4	511
CY121503.1	512	1852	0	1	1	1852
CY121503.1	512	2108	3	2	5	512
CY121503.1	515	2037	0	1	1	2037
CY121503.1	518	2188	0	1	1	2188
CY121503.1	520	2150	0	1	1	2150
CY121503.1	523	2074	0	1	1	2074
CY121503.1	528	2016	0	1	1	2016
CY121503.1	529	2178	0	1	1	2178
CY121503.1	529	2196	1	1	2	529
CY121503.1	535	2164	0	1	1	2164
CY121503.1	536	1171	0	1	1	1171
CY121503.1	537	2071	1	1	2	537
CY121503.1	537	2164	1	1	2	537
CY121503.1	539	1846	0	1	1	1846
CY121503.1	539	2072	1	0	1	539
CY121503.1	539	2150	1	2	3	539
CY121503.1	541	1148	1	0	1	541
CY121503.1	542	1919	1	0	1	542
CY121503.1	544	2123	2	0	2	544
CY121503.1	544	2168	2	0	2	544
CY121503.1	545	2074	1	4	5	545
CY121503.1	545	2249	1	0	1	545
CY121503.1	552	1996	1	0	1	552
CY121503.1	552	792	1	0	1	552
CY121503.1	555	2319	1	0	1	555
CY121503.1	556	2000	4	1	5	556
CY121503.1	560	2145	1	0	1	560
CY121503.1	562	2061	0	1	1	2061
CY121503.1	564	1936	1	0	1	564
CY121503.1	564	2336	1	0	1	564
CY121503.1	576	2129	1	0	1	576
CY121503.1	576	2133	2	1	3	576
CY121503.1	576	2153	0	2	2	2153
CY121503.1	576	2165	2	1	3	576
CY121503.1	578	1818	1	0	1	578
CY121503.1	581	2112	1	2	3	581
CY121503.1	582	1897	32	12	44	582
CY121503.1	591	1973	1	1	2	591
CY121503.1	591	2027	1	2	3	591
CY121503.1	591	2067	2	0	2	591
CY121503.1	592	682	1	0	1	592
CY121503.1	596	1237	0	1	1	1237
CY121503.1	600	2087	1	0	1	600
CY121503.1	614	2117	2	1	3	614
CY121503.1	615	1707	1	0	1	615
CY121503.1	616	2089	1	0	1	616
CY121503.1	619	1841	4	1	5	619
CY121503.1	623	2259	4	3	7	623
CY121503.1	624	2171	1	1	2	624
CY121503.1	627	1964	1	0	1	627
CY121503.1	629	2029	1	0	1	629
CY121503.1	633	2042	5	7	12	633
CY121503.1	636	2090	0	1	1	2090
CY121503.1	637	1988	1	0	1	637
CY121503.1	642	1489	0	1	1	1489
CY121503.1	644	2074	0	1	1	2074
CY121503.1	646	1816	2	2	4	646
CY121503.1	651	2074	1	0	1	651
CY121503.1	651	2173	2	0	2	651
CY121503.1	653	2073	1	0	1	653
CY121503.1	655	2333	0	1	1	2333
CY121503.1	657	2001	1	2	3	657
CY121503.1	658	1806	0	1	1	1806
CY121503.1	659	1993	3	0	3	659
CY121503.1	663	1893	1	0	1	663
CY121503.1	663	2331	0	1	1	2331
CY121503.1	664	1827	3	3	6	664
CY121503.1	669	2098	0	1	1	2098
CY121503.1	672	1917	0	1	1	1917
CY121503.1	673	1898	0	1	1	1898
CY121503.1	676	1990	1	0	1	676
CY121503.1	679	1952	1	0	1	679
CY121503.1	687	863	0	1	1	863
CY121503.1	688	2020	1	0	1	688
CY121503.1	693	1968	1	0	1	693
CY121503.1	693	2205	1	0	1	693
CY121503.1	705	2034	2	2	4	705
CY121503.1	705	2072	2	2	4	705
CY121503.1	706	2029	2	0	2	706
CY121503.1	706	2071	0	1	1	2071
CY121503.1	707	1673	1	0	1	707
CY121503.1	709	1254	0	1	1	1254
CY121503.1	709	1763	0	1	1	1763
CY121503.1	711	2324	0	1	1	2324
CY121503.1	712	2087	0	1	1	2087
CY121503.1	713	1958	1	0	1	713
CY121503.1	714	1953	4	4	8	714
CY121503.1	716	2110	2	2	4	716
CY121503.1	725	1955	0	1	1	1955
CY121503.1	733	1940	0	1	1	1940
CY121503.1	735	1830	1	0	1	735
CY121503.1	738	1958	0	1	1	1958
CY121503.1	738	2041	0	1	1	2041
CY121503.1	743	1300	1	0	1	743
CY121503.1	743	1950	1	0	1	743
CY121503.1	746	1509	1	0	1	746
CY121503.1	746	2042	0	1	1	2042
CY121503.1	748	1263	0	1	1	1263
CY121503.1	750	1861	1	0	1	750
CY121503.1	761	1975	1	1	2	761
CY121503.1	763	1890	0	1	1	1890
CY121503.1	767	1955	1	1	2	767
CY121503.1	769	1942	2	1	3	769
CY121503.1	770	1686	0	1	1	1686
CY121503.1	771	1949	1	0	1	771
CY121503.1	772	1812	1	1	2	772
CY121503.1	772	1939	0	2	2	1939
CY121503.1	773	1898	1	1	2	773
CY121503.1	777	1879	1	0	1	777
CY121503.1	777	1948	0	2	2	1948
CY121503.1	777	2009	2	2	4	777
CY121503.1	778	1635	2	0	2	778
CY121503.1	778	1869	0	1	1	1869
CY121503.1	784	1938	2	0	2	784
CY121503.1	785	2075	1	1	2	785
CY121503.1	787	1653	1	0	1	787
CY121503.1	787	1942	0	2	2	1942
CY121503.1	788	1247	0	1	1	1247
CY121503.1	788	1939	1	0	1	788
CY121503.1	790	1929	0	1	1	1929
CY121503.1	791	1908	1	0	1	791
CY121503.1	793	1920	0	1	1	1920
CY121503.1	794	1861	7	2	9	794
CY121503.1	794	1914	1	0	1	794
CY121503.1	795	1869	1	0	1	795
CY121503.1	796	1932	2	3	5	796
CY121503.1	797	1949	0	1	1	1949
CY121503.1	799	1250	1	1	2	799
CY121503.1	799	1973	2	2	4	799
CY121503.1	804	1861	0	1	1	1861
CY121503.1	804	1915	4	1	5	804
CY121503.1	805	2114	1	3	4	805
CY121503.1	811	1847	1	0	1	811
CY121503.1	812	1757	1	0	1	812
CY121503.1	812	1902	1	3	4	812
CY121503.1	812	1961	0	1	1	1961
CY121503.1	812	1989	1	0	1	812
CY121503.1	812	1999	2	1	3	812
CY121503.1	813	1958	1	0	1	813
CY121503.1	821	1906	3	2	5	821
CY121503.1	824	1910	2	0	2	824
CY121503.1	825	1770	0	1	1	1770
CY121503.1	825	1883	0	2	2	1883
CY121503.1	825	1938	0	1	1	1938
CY121503.1	825	2085	0	1	1	2085
CY121503.1	825	2259	1	0	1	825
CY121503.1	826	1861	1	0	1	826
CY121503.1	826	2105	1	1	2	826
CY121503.1	828	991	1	0	1	828
CY121503.1	836	1821	0	2	2	1821
CY121503.1	838	1695	1	0	1	838
CY121503.1	838	2059	0	3	3	2059
CY121503.1	844	1757	1	0	1	844
CY121503.1	844	1869	0	1	1	1869
CY121503.1	846	905	0	1	1	905
CY121503.1	851	1858	0	1	1	1858
CY121503.1	857	1791	1	2	3	857
CY121503.1	859	1912	1	0	1	859
CY121503.1	861	2428	0	1	1	2428
CY121503.1	870	1754	0	1	1	1754
CY121503.1	879	2083	1	1	2	879
CY121503.1	880	2067	0	1	1	2067
CY121503.1	883	925	1	0	1	883
CY121503.1	887	1832	0	1	1	1832
CY121503.1	890	1714	0	1	1	1714
CY121503.1	893	1784	0	1	1	1784
CY121503.1	900	925	1	0	1	900
CY121503.1	904	1684	0	1	1	1684
CY121503.1	904	1811	0	1	1	1811
CY121503.1	905	1769	1	0	1	905
CY121503.1	908	1741	2	4	6	908
CY121503.1	918	1781	0	1	1	1781
CY121503.1	919	1658	1	0	1	919
CY121503.1	924	2043	0	1	1	2043
CY121503.1	925	1764	1	0	1	925
CY121503.1	939	1595	1	0	1	939
CY121503.1	941	1649	1	0	1	941
CY121503.1	942	1937	1	0	1	942
CY121503.1	953	1787	1	0	1	953
CY121503.1	954	1731	1	1	2	954
CY121503.1	954	1902	1	0	1	954
CY121503.1	962	1693	0	1	1	1693
CY121503.1	963	1703	1	0	1	963
CY121503.1	966	1049	0	1	1	1049
CY121503.1	966	1431	0	1	1	1431
CY121503.1	966	1675	0	1	1	1675
CY121503.1	967	2345	1	0	1	967
CY121503.1	969	1772	3	1	4	969
CY121503.1	969	2038	1	0	1	969
CY121503.1	974	1023	1	1	2	974
CY121503.1	979	1657	1	0	1	979
CY121503.1	981	1731	1	0	1	981
CY121503.1	989	1742	0	1	1	1742
CY121503.1	993	2342	1	0	1	993
