Segment	Start	Stop	Forward_support	Reverse_support	Total_support	Fuzz_factor
CY207731.1	1001	1459	1	0	1	1001
CY207731.1	1033	1140	1	0	1	1033
CY207731.1	1056	1540	0	1	1	1540
CY207731.1	1076	1281	1	0	1	1076
CY207731.1	1089	1538	1	0	1	1089
CY207731.1	1092	1432	0	1	1	1432
CY207731.1	1106	1852	0	1	1	1852
CY207731.1	1132	1410	1	0	1	1132
CY207731.1	1160	1720	0	1	1	1720
CY207731.1	1290	1336	0	1	1	1336
CY207731.1	1300	1412	0	3	3	1412
CY207731.1	1304	1326	1	0	1	1304
CY207731.1	1311	1357	0	1	1	1357
CY207731.1	1352	1877	0	1	1	1877
CY207731.1	1353	1635	1	0	1	1353
CY207731.1	1363	1522	1	0	1	1363
CY207731.1	1370	1395	1	2	3	1370
CY207731.1	1400	1426	1	1	2	1400
CY207731.1	1430	1591	0	2	2	1591
CY207731.1	1463	1746	1	0	1	1463
CY207731.1	1496	1877	0	1	1	1877
CY207731.1	1514	1859	0	1	1	1859
CY207731.1	1534	1592	0	1	1	1592
CY207731.1	1636	1898	0	1	1	1898
CY207731.1	1790	1813	0	1	1	1813
CY207731.1	287	1741	1	0	1	287
CY207731.1	290	1708	1	0	1	290
CY207731.1	310	1749	0	1	1	1749
CY207731.1	322	1645	1	0	1	322
CY207731.1	365	776	0	1	1	776
CY207731.1	386	1876	0	1	1	1876
CY207731.1	456	1130	0	1	1	1130
CY207731.1	457	893	0	1	1	893
CY207731.1	467	1016	1	0	1	467
CY207731.1	471	1442	1	0	1	471
CY207731.1	493	1285	0	1	1	1285
CY207731.1	512	654	0	1	1	654
CY207731.1	527	1727	1	0	1	527
CY207731.1	528	1874	0	1	1	1874
CY207731.1	568	1204	4	2	6	568
CY207731.1	569	1047	2	0	2	569
CY207731.1	596	1349	1	0	1	596
CY207731.1	604	1714	1	0	1	604
CY207731.1	614	1140	1	0	1	614
CY207731.1	663	919	0	1	1	919
CY207731.1	701	835	1	0	1	701
CY207731.1	707	1279	1	0	1	707
CY207731.1	723	862	0	1	1	862
CY207731.1	732	1268	0	1	1	1268
CY207731.1	744	1651	1	0	1	744
CY207731.1	751	1293	0	1	1	1293
CY207731.1	784	1530	0	1	1	1530
CY207731.1	793	1884	0	1	1	1884
CY207731.1	808	1305	0	1	1	1305
CY207731.1	843	1725	1	0	1	843
CY207731.1	885	1042	1	0	1	885
CY207731.1	889	1052	0	1	1	1052
CY207731.1	907	1224	1	0	1	907
CY207731.1	963	1066	1	0	1	963
CY207731.1	998	1121	1	0	1	998
CY207732.1	288	327	1	0	1	288
CY207732.1	319	839	1	0	1	319
CY207732.1	332	700	1	0	1	332
CY207732.1	340	588	1	0	1	340
CY207732.1	341	589	0	1	1	589
CY207732.1	355	1093	1	0	1	355
CY207732.1	359	781	1	2	3	359
CY207732.1	390	519	1	0	1	390
CY207732.1	392	989	1	0	1	392
CY207732.1	394	819	0	1	1	819
CY207732.1	394	953	0	1	1	953
CY207732.1	396	882	0	1	1	882
CY207732.1	411	763	0	3	3	763
CY207732.1	414	691	1	0	1	414
CY207732.1	420	475	0	1	1	475
CY207732.1	429	819	0	1	1	819
CY207732.1	430	599	0	2	2	599
CY207732.1	436	835	0	1	1	835
CY207732.1	437	631	0	1	1	631
CY207732.1	439	848	1	0	1	439
CY207732.1	472	573	0	1	1	573
CY207732.1	479	1012	0	1	1	1012
CY207732.1	494	943	1	0	1	494
CY207732.1	511	587	0	1	1	587
CY207732.1	520	746	0	1	1	746
CY207732.1	537	562	0	1	1	562
CY207732.1	560	684	0	1	1	684
CY207732.1	566	622	0	1	1	622
CY207732.1	577	705	0	1	1	705
CY207732.1	578	638	0	1	1	638
CY207732.1	589	668	0	1	1	668
CY207732.1	589	862	1	1	2	589
CY207732.1	591	942	0	1	1	942
CY207732.1	593	1023	1	0	1	593
CY207732.1	601	995	1	0	1	601
CY207732.1	611	726	0	1	1	726
CY207732.1	612	796	1	0	1	612
CY207732.1	612	887	0	1	1	887
CY207732.1	614	730	1	0	1	614
CY207732.1	646	673	1	0	1	646
CY207732.1	646	887	0	1	1	887
CY207732.1	654	1014	0	1	1	1014
CY207732.1	678	793	1	0	1	678
CY207732.1	685	839	0	4	4	839
CY207732.1	709	948	0	1	1	948
CY207732.1	715	1079	1	0	1	715
CY207732.1	715	915	1	0	1	715
CY207732.1	718	860	1	1	2	718
CY207732.1	720	1061	0	1	1	1061
CY207732.1	738	941	0	1	1	941
CY207732.1	740	828	0	1	1	828
CY207732.1	760	884	0	1	1	884
CY207732.1	787	869	2	0	2	787
CY207732.1	790	833	1	0	1	790
CY207732.1	801	904	0	1	1	904
CY207732.1	803	977	1	0	1	803
CY207732.1	810	980	0	1	1	980
CY207732.1	818	854	1	0	1	818
CY207732.1	820	1165	0	1	1	1165
CY207732.1	828	1135	0	1	1	1135
CY207732.1	834	914	1	0	1	834
CY207732.1	863	963	1	0	1	863
CY207732.1	883	1042	0	1	1	1042
CY207732.1	932	995	0	1	1	995
CY207732.1	974	1019	1	0	1	974
CY207733.1	1018	1074	0	1	1	1074
CY207733.1	1262	1299	0	2	2	1299
CY207733.1	1267	1299	2	0	2	1267
CY207733.1	1300	1498	1	0	1	1300
CY207733.1	1333	1360	0	1	1	1360
CY207733.1	1385	1447	1	2	3	1385
CY207733.1	1472	1508	5	1	6	1472
CY207733.1	1524	1554	1	0	1	1524
CY207733.1	247	273	14	0	14	247
CY207733.1	265	1501	9	0	9	265
CY207733.1	270	1383	3	1	4	270
CY207733.1	271	1427	6	0	6	271
CY207733.1	271	1437	4	1	5	271
CY207733.1	298	1353	0	2	2	1353
CY207733.1	309	1418	0	2	2	1418
CY207733.1	314	1448	0	2	2	1448
CY207733.1	331	1293	1	0	1	331
CY207733.1	347	1461	1	0	1	347
CY207733.1	360	947	1	1	2	360
CY207733.1	362	1390	1	0	1	362
CY207733.1	363	1391	0	1	1	1391
CY207733.1	367	1518	0	1	1	1518
CY207733.1	377	1444	2	2	4	377
CY207733.1	394	549	0	1	1	549
CY207733.1	428	715	1	0	1	428
CY207733.1	462	1381	0	1	1	1381
CY207733.1	469	1385	1	0	1	469
CY207733.1	501	622	0	1	1	622
CY207733.1	515	1233	3	11	14	515
CY207733.1	535	754	0	1	1	754
CY207733.1	555	800	1	0	1	555
CY207733.1	598	817	0	1	1	817
CY207733.1	639	1274	1	0	1	639
CY207733.1	652	1075	1	0	1	652
CY207733.1	682	935	0	1	1	935
CY207733.1	690	781	1	0	1	690
CY207733.1	696	718	0	1	1	718
CY207733.1	743	1034	1	0	1	743
CY207733.1	774	1424	0	1	1	1424
CY207733.1	868	1032	0	1	1	1032
CY207733.1	894	1242	1	0	1	894
CY207733.1	911	1336	1	0	1	911
CY207733.1	916	956	1	0	1	916
CY207733.1	948	1027	0	1	1	1027
CY207733.1	955	1022	1	0	1	955
CY207734.1	1070	1236	0	1	1	1236
CY207734.1	1085	1567	0	1	1	1567
CY207734.1	1089	1491	0	1	1	1491
CY207734.1	1093	1523	1	0	1	1093
CY207734.1	1128	1304	0	1	1	1304
CY207734.1	1154	1491	0	1	1	1491
CY207734.1	1160	1238	1	0	1	1160
CY207734.1	1189	1550	0	1	1	1550
CY207734.1	1198	1500	0	1	1	1500
CY207734.1	1265	1540	1	0	1	1265
CY207734.1	1319	1512	1	1	2	1319
CY207734.1	1332	1690	0	1	1	1690
CY207734.1	1340	1446	1	0	1	1340
CY207734.1	1349	1388	1	0	1	1349
CY207734.1	1433	1539	1	0	1	1433
CY207734.1	1435	1512	4	1	5	1435
CY207734.1	1442	1566	1	0	1	1442
CY207734.1	1534	1588	1	0	1	1534
CY207734.1	1569	1723	0	1	1	1723
CY207734.1	1589	1695	0	4	4	1695
CY207734.1	1604	1725	0	1	1	1725
CY207734.1	248	919	1	0	1	248
CY207734.1	254	810	1	0	1	254
CY207734.1	281	1356	1	0	1	281
CY207734.1	287	1504	1	0	1	287
CY207734.1	343	766	0	1	1	766
CY207734.1	360	758	1	0	1	360
CY207734.1	381	1286	0	1	1	1286
CY207734.1	383	523	0	1	1	523
CY207734.1	401	1019	0	1	1	1019
CY207734.1	405	874	1	0	1	405
CY207734.1	406	673	1	0	1	406
CY207734.1	413	1367	0	1	1	1367
CY207734.1	421	1173	1	0	1	421
CY207734.1	424	1327	1	0	1	424
CY207734.1	438	1482	0	1	1	1482
CY207734.1	443	1563	0	1	1	1563
CY207734.1	444	517	0	1	1	517
CY207734.1	450	984	0	1	1	984
CY207734.1	465	1453	0	1	1	1453
CY207734.1	475	1673	0	1	1	1673
CY207734.1	519	1400	4	3	7	519
CY207734.1	521	841	1	3	4	521
CY207734.1	522	1393	0	1	1	1393
CY207734.1	522	1422	1	2	3	522
CY207734.1	538	944	1	0	1	538
CY207734.1	545	1386	1	0	1	545
CY207734.1	555	1234	0	2	2	1234
CY207734.1	575	1067	1	0	1	575
CY207734.1	601	1523	0	1	1	1523
CY207734.1	619	1483	1	0	1	619
CY207734.1	621	1597	0	1	1	1597
CY207734.1	635	1281	0	1	1	1281
CY207734.1	647	1696	0	1	1	1696
CY207734.1	663	1278	1	0	1	663
CY207734.1	680	1469	1	0	1	680
CY207734.1	717	817	0	1	1	817
CY207734.1	724	1498	1	4	5	724
CY207734.1	744	1094	1	0	1	744
CY207734.1	745	780	0	1	1	780
CY207734.1	767	1509	1	2	3	767
CY207734.1	776	912	0	1	1	912
CY207734.1	786	1030	1	0	1	786
CY207734.1	798	1291	0	1	1	1291
CY207734.1	810	1228	1	1	2	810
CY207734.1	815	1232	0	4	4	1232
CY207734.1	818	962	1	0	1	818
CY207734.1	820	1347	2	0	2	820
CY207734.1	824	1049	2	0	2	824
CY207734.1	833	1511	0	2	2	1511
CY207734.1	835	1157	0	1	1	1157
CY207734.1	876	1000	1	0	1	876
CY207734.1	891	1063	1	0	1	891
CY207734.1	904	973	2	0	2	904
CY207734.1	939	1172	1	0	1	939
CY207734.1	942	1252	0	1	1	1252
CY207734.1	950	1219	1	0	1	950
CY207734.1	957	1228	1	2	3	957
CY207734.1	958	992	0	1	1	992
CY207734.1	962	1048	0	2	2	1048
CY207734.1	966	1051	3	0	3	966
CY207734.1	997	1042	0	1	1	1042
CY207735.1	236	921	1	1	2	236
CY207735.1	247	913	1	0	1	247
CY207735.1	254	922	7	0	7	254
CY207735.1	261	930	1	0	1	261
CY207735.1	270	929	1	0	1	270
CY207735.1	271	698	3	0	3	271
CY207735.1	273	808	1	0	1	273
CY207735.1	273	931	6	0	6	273
CY207735.1	287	930	4	0	4	287
CY207735.1	301	945	1	0	1	301
CY207735.1	316	352	0	1	1	352
CY207735.1	340	1009	0	1	1	1009
CY207735.1	350	865	0	4	4	865
CY207735.1	362	754	0	1	1	754
CY207735.1	404	828	0	1	1	828
CY207735.1	413	699	0	4	4	699
CY207735.1	416	733	2	5	7	416
CY207735.1	428	751	0	1	1	751
CY207735.1	428	769	1	4	5	428
CY207735.1	499	729	1	0	1	499
CY207735.1	511	740	11	49	60	511
CY207735.1	513	813	1	0	1	513
CY207735.1	519	746	0	6	6	746
CY207735.1	520	836	1	0	1	520
CY207735.1	523	552	0	1	1	552
CY207735.1	533	594	0	2	2	594
CY207735.1	661	777	2	0	2	661
CY207735.1	740	860	0	3	3	860
CY207735.1	812	849	1	0	1	812
CY207735.1	852	884	1	0	1	852
CY207736.1	1043	2106	1	0	1	1043
CY207736.1	1092	2294	1	0	1	1092
CY207736.1	1095	2005	2	3	5	1095
CY207736.1	1183	1510	1	0	1	1183
CY207736.1	1186	1664	0	1	1	1664
CY207736.1	1240	1397	0	1	1	1397
CY207736.1	1249	1808	1	0	1	1249
CY207736.1	1324	2106	0	1	1	2106
CY207736.1	1412	1494	0	1	1	1494
CY207736.1	1413	2232	1	0	1	1413
CY207736.1	1462	1900	0	1	1	1900
CY207736.1	1510	2002	1	1	2	1510
CY207736.1	1563	1854	0	1	1	1854
CY207736.1	1566	1995	1	2	3	1566
CY207736.1	1594	1633	0	1	1	1633
CY207736.1	1743	2190	1	1	2	1743
CY207736.1	1745	1817	0	1	1	1817
CY207736.1	1827	1872	1	0	1	1827
CY207736.1	1839	1871	0	1	1	1871
CY207736.1	1998	2071	1	1	2	1998
CY207736.1	2069	2231	0	1	1	2231
CY207736.1	2086	2357	0	1	1	2357
CY207736.1	2091	2129	0	1	1	2129
CY207736.1	2108	2190	2	0	2	2108
CY207736.1	2132	2170	2	2	4	2132
CY207736.1	2140	2163	1	0	1	2140
CY207736.1	2141	2171	2	1	3	2141
CY207736.1	2147	2170	0	1	1	2170
CY207736.1	2152	2289	0	1	1	2289
CY207736.1	2174	2364	0	2	2	2364
CY207736.1	2185	2226	2	0	2	2185
CY207736.1	2212	2268	0	1	1	2268
CY207736.1	2215	2271	254	865	1119	2215
CY207736.1	2215	2272	1	6	7	2215
CY207736.1	2243	2357	0	1	1	2357
CY207736.1	2257	2319	0	1	1	2319
CY207736.1	2340	2367	0	1	1	2367
CY207736.1	251	697	1	0	1	251
CY207736.1	271	2174	1	0	1	271
CY207736.1	273	2203	1	0	1	273
CY207736.1	280	2141	2	0	2	280
CY207736.1	281	2134	2	0	2	281
CY207736.1	290	2205	1	0	1	290
CY207736.1	290	2215	1	0	1	290
CY207736.1	290	386	2	0	2	290
CY207736.1	304	2216	149	243	392	304
CY207736.1	333	2171	0	1	1	2171
CY207736.1	334	2210	1	0	1	334
CY207736.1	334	368	0	1	1	368
CY207736.1	359	2153	0	4	4	2153
CY207736.1	360	2135	0	8	8	2135
CY207736.1	363	1306	0	1	1	1306
CY207736.1	364	2171	2	6	8	364
CY207736.1	367	2148	3	16	19	367
CY207736.1	375	2133	1	3	4	375
CY207736.1	375	425	0	2	2	425
CY207736.1	383	2174	1	3	4	383
CY207736.1	385	2147	0	5	5	2147
CY207736.1	388	2012	1	2	3	388
CY207736.1	389	414	1	0	1	389
CY207736.1	392	2063	2	6	8	392
CY207736.1	393	2106	2	4	6	393
CY207736.1	395	2120	0	1	1	2120
CY207736.1	398	424	0	1	1	424
CY207736.1	398	425	0	1	1	425
CY207736.1	402	2089	0	3	3	2089
CY207736.1	402	428	573	1276	1849	402
CY207736.1	403	2170	0	1	1	2170
CY207736.1	403	429	1	4	5	403
CY207736.1	408	2009	0	4	4	2009
CY207736.1	428	2135	0	2	2	2135
CY207736.1	430	1965	1	0	1	430
CY207736.1	440	2118	0	2	2	2118
CY207736.1	443	2156	0	7	7	2156
CY207736.1	450	2141	0	1	1	2141
CY207736.1	451	1488	1	0	1	451
CY207736.1	453	1738	0	1	1	1738
CY207736.1	455	2065	1	0	1	455
CY207736.1	458	484	1	0	1	458
CY207736.1	469	2108	2	0	2	469
CY207736.1	475	553	3	0	3	475
CY207736.1	477	555	1271	708	1979	477
CY207736.1	478	556	9	7	16	478
CY207736.1	482	2162	1	2	3	482
CY207736.1	487	2011	7	3	10	487
CY207736.1	487	2064	0	1	1	2064
CY207736.1	488	568	1	2	3	488
CY207736.1	489	2009	36	23	59	489
CY207736.1	490	2011	1	1	2	490
CY207736.1	490	2028	0	2	2	2028
CY207736.1	490	2064	1	0	1	490
CY207736.1	490	513	1	0	1	490
CY207736.1	497	1895	1	0	1	497
CY207736.1	501	2008	1	0	1	501
CY207736.1	511	2009	2	1	3	511
CY207736.1	513	540	1	0	1	513
CY207736.1	515	2010	1	0	1	515
CY207736.1	528	870	1	0	1	528
CY207736.1	538	1960	1	1	2	538
CY207736.1	538	577	2	0	2	538
CY207736.1	547	2010	0	1	1	2010
CY207736.1	547	582	0	1	1	582
CY207736.1	550	2037	1	1	2	550
CY207736.1	555	2017	3	1	4	555
CY207736.1	557	579	10	2	12	557
CY207736.1	564	2004	2	2	4	564
CY207736.1	564	2035	1	1	2	564
CY207736.1	564	904	1	0	1	564
CY207736.1	591	2345	0	1	1	2345
CY207736.1	595	1836	1	0	1	595
CY207736.1	596	2002	6	0	6	596
CY207736.1	598	904	1	1	2	598
CY207736.1	599	1168	0	1	1	1168
CY207736.1	607	1856	7	3	10	607
CY207736.1	608	1903	1	1	2	608
CY207736.1	609	1827	0	1	1	1827
CY207736.1	609	658	2	1	3	609
CY207736.1	616	2063	0	1	1	2063
CY207736.1	616	647	1	0	1	616
CY207736.1	623	2114	1	0	1	623
CY207736.1	628	1937	0	1	1	1937
CY207736.1	633	1903	1	1	2	633
CY207736.1	635	1912	17	2	19	635
CY207736.1	644	1854	1	0	1	644
CY207736.1	645	1548	1	0	1	645
CY207736.1	646	1903	2	0	2	646
CY207736.1	648	2256	2	0	2	648
CY207736.1	659	1562	2	0	2	659
CY207736.1	679	2090	1	0	1	679
CY207736.1	689	1888	1	0	1	689
CY207736.1	702	1856	2	0	2	702
CY207736.1	702	1888	3	0	3	702
CY207736.1	702	1890	1	2	3	702
CY207736.1	709	1752	1	0	1	709
CY207736.1	710	1753	0	1	1	1753
CY207736.1	718	1759	0	1	1	1759
CY207736.1	718	2359	0	1	1	2359
CY207736.1	719	2066	1	0	1	719
CY207736.1	722	2075	42	1	43	722
CY207736.1	723	1994	0	9	9	1994
CY207736.1	725	799	0	1	1	799
CY207736.1	726	2104	1	1	2	726
CY207736.1	727	2092	0	1	1	2092
CY207736.1	727	2105	2551	1428	3979	727
CY207736.1	727	2108	1	0	1	727
CY207736.1	727	812	0	5	5	812
CY207736.1	727	824	0	1	1	824
CY207736.1	728	2106	5	7	12	728
CY207736.1	728	2107	1	0	1	728
CY207736.1	734	1610	1	0	1	734
CY207736.1	736	1829	0	4	4	1829
CY207736.1	740	2180	0	5	5	2180
CY207736.1	741	1826	1	1	2	741
CY207736.1	741	1901	1	5	6	741
CY207736.1	744	2147	0	1	1	2147
CY207736.1	744	2365	0	1	1	2365
CY207736.1	746	2132	0	2	2	2132
CY207736.1	754	1723	3	3	6	754
CY207736.1	754	776	1	0	1	754
CY207736.1	759	2153	0	1	1	2153
CY207736.1	761	1903	1	0	1	761
CY207736.1	767	1952	3	2	5	767
CY207736.1	769	2166	0	1	1	2166
CY207736.1	785	2273	0	1	1	2273
CY207736.1	823	1666	0	1	1	1666
CY207736.1	825	2293	1	0	1	825
CY207736.1	826	1529	1	0	1	826
CY207736.1	827	1394	1	1	2	827
CY207736.1	832	1713	0	1	1	1713
CY207736.1	852	912	1	0	1	852
CY207736.1	859	1938	1	0	1	859
CY207736.1	894	1901	0	1	1	1901
CY207736.1	896	2351	0	2	2	2351
CY207736.1	898	1890	0	1	1	1890
CY207736.1	953	2004	1	1	2	953
CY207736.1	979	1878	1	3	4	979
CY207737.1	1020	1679	0	2	2	1679
CY207737.1	1020	2035	0	1	1	2035
CY207737.1	1052	1634	0	2	2	1634
CY207737.1	1096	1563	1	0	1	1096
CY207737.1	1159	2489	0	1	1	2489
CY207737.1	1182	1444	1	0	1	1182
CY207737.1	1334	1772	1	0	1	1334
CY207737.1	1430	1484	0	1	1	1484
CY207737.1	1728	2460	0	1	1	2460
CY207737.1	1737	1792	1	0	1	1737
CY207737.1	1741	1797	0	1	1	1797
CY207737.1	1984	2014	0	1	1	2014
CY207737.1	2076	2103	1	0	1	2076
CY207737.1	2180	2205	2	2	4	2180
CY207737.1	2223	2250	26	9	35	2223
CY207737.1	2301	2433	1	0	1	2301
CY207737.1	2320	2359	1	0	1	2320
CY207737.1	2358	2450	0	2	2	2450
CY207737.1	241	294	9	0	9	241
CY207737.1	2426	2454	0	4	4	2454
CY207737.1	247	331	5	1	6	247
CY207737.1	248	279	1	0	1	248
CY207737.1	263	2452	1	0	1	263
CY207737.1	272	2244	1	0	1	272
CY207737.1	288	2334	2	0	2	288
CY207737.1	290	2243	1	0	1	290
CY207737.1	298	337	3	0	3	298
CY207737.1	330	2269	3	0	3	330
CY207737.1	331	2234	1	0	1	331
CY207737.1	339	2185	1	0	1	339
CY207737.1	342	374	0	1	1	374
CY207737.1	364	394	2	0	2	364
CY207737.1	380	2204	0	3	3	2204
CY207737.1	382	2167	1	0	1	382
CY207737.1	386	2379	0	1	1	2379
CY207737.1	396	712	1	0	1	396
CY207737.1	422	2176	4	0	4	422
CY207737.1	424	2093	1	0	1	424
CY207737.1	424	2283	3	0	3	424
CY207737.1	430	2185	3	0	3	430
CY207737.1	433	2334	1	0	1	433
CY207737.1	435	2189	130	85	215	435
CY207737.1	436	2322	2	0	2	436
CY207737.1	436	2343	1	0	1	436
CY207737.1	440	2183	1	0	1	440
CY207737.1	464	1087	1	0	1	464
CY207737.1	468	2209	0	1	1	2209
CY207737.1	474	2094	2	2	4	474
CY207737.1	477	1271	1	4	5	477
CY207737.1	486	2217	0	1	1	2217
CY207737.1	489	2368	1	0	1	489
CY207737.1	493	2268	1	0	1	493
CY207737.1	549	2027	1	0	1	549
CY207737.1	603	1946	1	15	16	603
CY207737.1	604	1768	1	0	1	604
CY207737.1	604	2109	0	1	1	2109
CY207737.1	626	2232	1	1	2	626
CY207737.1	658	1946	1	0	1	658
CY207737.1	661	1946	4	1	5	661
CY207737.1	675	2095	2	0	2	675
CY207737.1	678	1309	0	1	1	1309
CY207737.1	689	712	4	3	7	689
CY207737.1	690	1947	1	1	2	690
CY207737.1	693	1816	1	0	1	693
CY207737.1	708	1730	1	0	1	708
CY207737.1	742	1971	0	2	2	1971
CY207737.1	752	2311	1	0	1	752
CY207737.1	766	1010	1	0	1	766
CY207737.1	791	1800	1	0	1	791
CY207737.1	832	1823	1	1	2	832
CY207737.1	835	2066	0	1	1	2066
CY207737.1	873	1829	2	0	2	873
CY207737.1	905	1855	1	1	2	905
CY207737.1	914	1619	1	0	1	914
CY207737.1	917	1329	1	0	1	917
CY207737.1	928	2197	1	0	1	928
CY207737.1	968	2369	0	1	1	2369
CY207737.1	974	1648	1	2	3	974
CY207737.1	999	1811	0	1	1	1811
CY207738.1	1007	2204	0	1	1	2204
CY207738.1	1030	1252	1	0	1	1030
CY207738.1	1045	1713	1	1	2	1045
CY207738.1	1058	1424	0	1	1	1424
CY207738.1	1072	1643	1	0	1	1072
CY207738.1	1117	1259	0	3	3	1259
CY207738.1	1124	2330	1	1	2	1124
CY207738.1	1125	2016	0	1	1	2016
CY207738.1	1193	2297	0	1	1	2297
CY207738.1	1262	1921	1	0	1	1262
CY207738.1	1272	1754	1	0	1	1272
CY207738.1	1380	1766	0	1	1	1766
CY207738.1	1397	1692	1	0	1	1397
CY207738.1	1437	2317	0	1	1	2317
CY207738.1	1648	2358	0	1	1	2358
CY207738.1	1678	1749	1	0	1	1678
CY207738.1	1703	2303	2	0	2	1703
CY207738.1	1823	1924	0	1	1	1924
CY207738.1	2035	2300	0	1	1	2300
CY207738.1	2263	2372	4	2	6	2263
CY207738.1	2279	2313	4	2	6	2279
CY207738.1	2311	2334	0	1	1	2334
CY207738.1	2345	2371	1	1	2	2345
CY207738.1	285	662	1	0	1	285
CY207738.1	286	318	7	0	7	286
CY207738.1	313	2323	1	1	2	313
CY207738.1	316	2334	1	2	3	316
CY207738.1	320	1850	0	1	1	1850
CY207738.1	344	1326	1	0	1	344
CY207738.1	362	2195	0	1	1	2195
CY207738.1	362	411	1	0	1	362
CY207738.1	366	2210	0	3	3	2210
CY207738.1	367	2170	0	4	4	2170
CY207738.1	367	2311	1	2	3	367
CY207738.1	368	2264	0	2	2	2264
CY207738.1	368	2296	0	1	1	2296
CY207738.1	374	2271	0	6	6	2271
CY207738.1	374	2311	4	7	11	374
CY207738.1	374	2313	0	3	3	2313
CY207738.1	376	2365	1	1	2	376
CY207738.1	380	2313	0	1	1	2313
CY207738.1	380	2346	0	5	5	2346
CY207738.1	382	2338	2	2	4	382
CY207738.1	386	1751	1	0	1	386
CY207738.1	386	2314	1	5	6	386
CY207738.1	387	2313	1	1	2	387
CY207738.1	389	2275	0	11	11	2275
CY207738.1	391	2231	0	1	1	2231
CY207738.1	395	1513	0	1	1	1513
CY207738.1	397	421	0	1	1	421
CY207738.1	401	2265	0	3	3	2265
CY207738.1	406	2334	4	2	6	406
CY207738.1	408	2281	0	2	2	2281
CY207738.1	408	2379	0	1	1	2379
CY207738.1	412	2319	1	1	2	412
CY207738.1	414	2196	1	3	4	414
CY207738.1	414	2201	1	7	8	414
CY207738.1	419	2195	0	6	6	2195
CY207738.1	419	2255	0	11	11	2255
CY207738.1	419	2313	2	7	9	419
CY207738.1	420	2054	0	2	2	2054
CY207738.1	420	2137	4	4	8	420
CY207738.1	421	2282	0	2	2	2282
CY207738.1	421	801	0	1	1	801
CY207738.1	429	2183	0	7	7	2183
CY207738.1	431	2263	0	15	15	2263
CY207738.1	436	2168	2	6	8	436
CY207738.1	436	2237	1	2	3	436
CY207738.1	436	473	1	4	5	436
CY207738.1	440	1706	1	0	1	440
CY207738.1	440	2272	0	9	9	2272
CY207738.1	444	1506	0	1	1	1506
CY207738.1	447	2178	0	1	1	2178
CY207738.1	453	2210	7	15	22	453
CY207738.1	453	2212	0	1	1	2212
CY207738.1	454	2067	1	1	2	454
CY207738.1	454	2355	1	0	1	454
CY207738.1	457	2468	0	1	1	2468
CY207738.1	464	2195	1	2	3	464
CY207738.1	468	2195	0	2	2	2195
CY207738.1	471	2209	3	3	6	471
CY207738.1	472	1597	0	1	1	1597
CY207738.1	479	1415	1	0	1	479
CY207738.1	480	2334	3	2	5	480
CY207738.1	481	2153	1	0	1	481
CY207738.1	488	2131	3	7	10	488
CY207738.1	489	2175	0	2	2	2175
CY207738.1	490	1792	2	8	10	490
CY207738.1	491	2200	0	1	1	2200
CY207738.1	493	2172	1	2	3	493
CY207738.1	507	2163	3	4	7	507
CY207738.1	510	2188	1	5	6	510
CY207738.1	513	2198	0	2	2	2198
CY207738.1	515	2135	0	3	3	2135
CY207738.1	520	2351	2	1	3	520
CY207738.1	531	2113	2	3	5	531
CY207738.1	539	608	0	1	1	608
CY207738.1	541	2072	1	5	6	541
CY207738.1	541	2211	2	4	6	541
CY207738.1	545	2099	1	5	6	545
CY207738.1	545	2129	4	3	7	545
CY207738.1	545	2197	0	1	1	2197
CY207738.1	598	2030	0	2	2	2030
CY207738.1	605	2074	0	2	2	2074
CY207738.1	612	2085	0	1	1	2085
CY207738.1	614	1693	1	0	1	614
CY207738.1	645	2152	1	2	3	645
CY207738.1	657	1990	0	1	1	1990
CY207738.1	668	701	1	0	1	668
CY207738.1	675	1997	1	1	2	675
CY207738.1	686	1989	2	0	2	686
CY207738.1	696	2001	0	2	2	2001
CY207738.1	699	1104	1	0	1	699
CY207738.1	711	1892	2	1	3	711
CY207738.1	716	807	0	1	1	807
CY207738.1	730	1074	0	1	1	1074
CY207738.1	733	1948	1	0	1	733
CY207738.1	776	1830	1	0	1	776
CY207738.1	798	1249	0	1	1	1249
CY207738.1	819	903	0	1	1	903
CY207738.1	846	1855	1	2	3	846
CY207738.1	848	1860	2	0	2	848
CY207738.1	857	1857	9	0	9	857
CY207738.1	891	1730	0	2	2	1730
CY207738.1	902	2074	1	2	3	902
CY207738.1	913	2086	0	1	1	2086
CY207738.1	921	1861	0	1	1	1861
CY207738.1	942	1561	0	1	1	1561
CY207738.1	942	1608	1	0	1	942
CY207738.1	946	1612	0	1	1	1612
CY207738.1	950	1750	3	1	4	950
CY207738.1	951	1914	3	0	3	951
CY207738.1	962	2267	1	0	1	962
CY207738.1	965	1634	1	0	1	965
CY207738.1	966	1110	2	0	2	966
CY207738.1	981	2077	0	1	1	2077
CY207738.1	988	1936	0	1	1	1936
