Segment	Start	Stop	Forward_support	Reverse_support	Total_support	Fuzz_factor
CY207731.1	1005	1753	0	1	1	1753
CY207731.1	1013	1460	1	0	1	1013
CY207731.1	1023	1754	0	1	1	1754
CY207731.1	1028	1616	1	0	1	1028
CY207731.1	1045	1725	0	1	1	1725
CY207731.1	1055	1576	0	1	1	1576
CY207731.1	1063	1291	1	0	1	1063
CY207731.1	1088	1121	1	0	1	1088
CY207731.1	1107	1131	0	1	1	1131
CY207731.1	1109	1655	0	1	1	1655
CY207731.1	1133	1717	1	0	1	1133
CY207731.1	1135	1643	0	1	1	1643
CY207731.1	1162	1336	1	0	1	1162
CY207731.1	1171	1231	0	1	1	1231
CY207731.1	1236	1730	1	0	1	1236
CY207731.1	1269	1353	0	1	1	1353
CY207731.1	1271	1614	1	0	1	1271
CY207731.1	1300	1412	2	2	4	1300
CY207731.1	1317	1736	1	0	1	1317
CY207731.1	1385	1620	1	0	1	1385
CY207731.1	1430	1756	1	0	1	1430
CY207731.1	1476	1620	0	1	1	1620
CY207731.1	1500	1576	1	1	2	1500
CY207731.1	1524	1835	0	1	1	1835
CY207731.1	1575	1754	1	0	1	1575
CY207731.1	1610	1838	1	0	1	1610
CY207731.1	1781	1890	0	1	1	1890
CY207731.1	241	1650	1	0	1	241
CY207731.1	248	1733	1	0	1	248
CY207731.1	260	323	1	0	1	260
CY207731.1	264	1141	1	0	1	264
CY207731.1	273	1195	1	0	1	273
CY207731.1	274	476	1	0	1	274
CY207731.1	277	1758	1	0	1	277
CY207731.1	289	1279	1	0	1	289
CY207731.1	316	1189	1	0	1	316
CY207731.1	332	1665	1	0	1	332
CY207731.1	348	742	0	1	1	742
CY207731.1	353	508	0	1	1	508
CY207731.1	362	824	0	1	1	824
CY207731.1	426	981	0	1	1	981
CY207731.1	439	1686	1	0	1	439
CY207731.1	456	495	0	1	1	495
CY207731.1	457	1235	0	1	1	1235
CY207731.1	467	892	0	1	1	892
CY207731.1	473	1061	1	0	1	473
CY207731.1	473	1523	0	1	1	1523
CY207731.1	473	851	0	1	1	851
CY207731.1	477	1693	0	1	1	1693
CY207731.1	483	708	1	0	1	483
CY207731.1	489	1498	0	1	1	1498
CY207731.1	490	1668	1	0	1	490
CY207731.1	516	813	0	1	1	813
CY207731.1	519	1562	0	1	1	1562
CY207731.1	526	683	0	1	1	683
CY207731.1	529	1816	1	0	1	529
CY207731.1	531	1114	0	1	1	1114
CY207731.1	531	1152	1	1	2	531
CY207731.1	544	1041	1	0	1	544
CY207731.1	558	908	0	1	1	908
CY207731.1	559	1536	0	1	1	1536
CY207731.1	575	1209	0	1	1	1209
CY207731.1	602	1809	0	1	1	1809
CY207731.1	611	945	1	0	1	611
CY207731.1	613	810	1	0	1	613
CY207731.1	614	1710	0	1	1	1710
CY207731.1	615	1800	0	1	1	1800
CY207731.1	653	951	0	1	1	951
CY207731.1	661	1186	0	1	1	1186
CY207731.1	665	1374	1	0	1	665
CY207731.1	681	1728	1	0	1	681
CY207731.1	698	1736	0	1	1	1736
CY207731.1	700	885	0	1	1	885
CY207731.1	721	938	1	0	1	721
CY207731.1	728	766	1	0	1	728
CY207731.1	742	940	0	1	1	940
CY207731.1	756	1133	0	1	1	1133
CY207731.1	760	1706	1	0	1	760
CY207731.1	770	1334	1	0	1	770
CY207731.1	790	1319	0	1	1	1319
CY207731.1	812	1392	1	0	1	812
CY207731.1	816	1345	0	1	1	1345
CY207731.1	817	1608	1	0	1	817
CY207731.1	823	1679	0	1	1	1679
CY207731.1	837	1443	0	1	1	1443
CY207731.1	858	917	1	0	1	858
CY207731.1	891	1074	0	1	1	1074
CY207731.1	907	1580	4	1	5	907
CY207731.1	928	1283	0	1	1	1283
CY207731.1	930	1689	0	1	1	1689
CY207731.1	934	1042	0	1	1	1042
CY207731.1	934	1497	0	1	1	1497
CY207731.1	948	1242	1	0	1	948
CY207731.1	952	1223	1	0	1	952
CY207731.1	958	1871	0	1	1	1871
CY207731.1	966	1240	0	1	1	1240
CY207731.1	977	1334	1	0	1	977
CY207731.1	984	1113	1	0	1	984
CY207731.1	991	1472	1	0	1	991
CY207732.1	263	816	1	0	1	263
CY207732.1	280	1016	1	0	1	280
CY207732.1	281	532	1	0	1	281
CY207732.1	338	826	0	1	1	826
CY207732.1	341	411	0	1	1	411
CY207732.1	341	475	0	1	1	475
CY207732.1	343	1032	1	0	1	343
CY207732.1	347	573	4	12	16	347
CY207732.1	350	1131	0	1	1	1131
CY207732.1	350	609	0	1	1	609
CY207732.1	351	1004	0	1	1	1004
CY207732.1	374	937	0	1	1	937
CY207732.1	401	949	0	1	1	949
CY207732.1	402	1134	0	1	1	1134
CY207732.1	403	804	0	1	1	804
CY207732.1	406	737	0	1	1	737
CY207732.1	413	756	0	1	1	756
CY207732.1	414	1169	0	1	1	1169
CY207732.1	424	802	0	1	1	802
CY207732.1	433	679	0	1	1	679
CY207732.1	434	678	0	21	21	678
CY207732.1	435	466	0	1	1	466
CY207732.1	439	840	0	1	1	840
CY207732.1	440	826	1	0	1	440
CY207732.1	442	736	0	1	1	736
CY207732.1	442	998	1	0	1	442
CY207732.1	462	1085	0	1	1	1085
CY207732.1	468	934	1	0	1	468
CY207732.1	473	550	1	0	1	473
CY207732.1	483	574	0	1	1	574
CY207732.1	494	600	0	1	1	600
CY207732.1	500	606	3	7	10	500
CY207732.1	506	700	0	1	1	700
CY207732.1	507	571	0	1	1	571
CY207732.1	519	635	3	6	9	519
CY207732.1	523	850	0	1	1	850
CY207732.1	528	937	0	1	1	937
CY207732.1	533	617	1	0	1	533
CY207732.1	535	567	1	0	1	535
CY207732.1	538	1143	0	1	1	1143
CY207732.1	558	726	0	1	1	726
CY207732.1	573	752	0	1	1	752
CY207732.1	584	687	1	1	2	584
CY207732.1	606	955	9	7	16	606
CY207732.1	620	949	1	0	1	620
CY207732.1	639	882	0	1	1	882
CY207732.1	646	1139	0	1	1	1139
CY207732.1	659	1031	0	1	1	1031
CY207732.1	659	690	0	1	1	690
CY207732.1	662	1002	1	0	1	662
CY207732.1	679	943	1	0	1	679
CY207732.1	716	1095	0	1	1	1095
CY207732.1	718	860	4	7	11	718
CY207732.1	719	1001	0	1	1	1001
CY207732.1	724	876	1	0	1	724
CY207732.1	788	844	1	0	1	788
CY207732.1	804	1014	6	6	12	804
CY207732.1	810	1094	1	0	1	810
CY207732.1	812	874	0	6	6	874
CY207732.1	817	866	2	3	5	817
CY207732.1	818	1024	1	0	1	818
CY207732.1	827	1004	0	1	1	1004
CY207732.1	847	918	1	0	1	847
CY207732.1	856	915	3	0	3	856
CY207732.1	873	1042	0	1	1	1042
CY207732.1	874	1001	0	1	1	1001
CY207732.1	881	1012	2	0	2	881
CY207732.1	914	952	0	1	1	952
CY207732.1	921	1182	0	1	1	1182
CY207732.1	983	1016	1	0	1	983
CY207732.1	997	1083	1	0	1	997
CY207733.1	1018	1074	0	1	1	1074
CY207733.1	1050	1215	0	1	1	1215
CY207733.1	1079	1163	2	5	7	1079
CY207733.1	1159	1266	1	0	1	1159
CY207733.1	1228	1274	1	0	1	1228
CY207733.1	1328	1534	0	1	1	1534
CY207733.1	1341	1414	1	0	1	1341
CY207733.1	1356	1430	0	1	1	1430
CY207733.1	236	418	1	0	1	236
CY207733.1	257	1255	1	0	1	257
CY207733.1	280	505	1	0	1	280
CY207733.1	346	791	1	0	1	346
CY207733.1	347	886	0	1	1	886
CY207733.1	352	395	0	1	1	395
CY207733.1	383	1308	2	6	8	383
CY207733.1	390	706	0	1	1	706
CY207733.1	405	999	0	1	1	999
CY207733.1	433	1060	0	1	1	1060
CY207733.1	441	653	0	1	1	653
CY207733.1	442	1415	0	1	1	1415
CY207733.1	464	1168	0	1	1	1168
CY207733.1	464	796	1	0	1	464
CY207733.1	537	1004	1	0	1	537
CY207733.1	554	785	1	0	1	554
CY207733.1	555	938	1	0	1	555
CY207733.1	562	742	1	0	1	562
CY207733.1	576	1071	1	0	1	576
CY207733.1	577	865	1	0	1	577
CY207733.1	580	1250	0	1	1	1250
CY207733.1	611	657	1	0	1	611
CY207733.1	644	788	1	0	1	644
CY207733.1	666	1225	0	1	1	1225
CY207733.1	677	1239	1	0	1	677
CY207733.1	692	1354	0	1	1	1354
CY207733.1	752	1433	1	0	1	752
CY207733.1	847	1224	1	0	1	847
CY207733.1	852	1157	1	0	1	852
CY207733.1	864	942	2	2	4	864
CY207733.1	874	1268	1	0	1	874
CY207733.1	894	1360	0	1	1	1360
CY207733.1	896	1301	1	0	1	896
CY207733.1	899	1007	0	1	1	1007
CY207733.1	908	940	0	1	1	940
CY207733.1	929	1233	0	1	1	1233
CY207733.1	961	1460	0	1	1	1460
CY207734.1	1026	1348	0	1	1	1348
CY207734.1	1029	1093	1	2	3	1029
CY207734.1	1122	1384	1	0	1	1122
CY207734.1	1131	1162	0	1	1	1162
CY207734.1	1200	1625	0	1	1	1625
CY207734.1	1205	1428	0	1	1	1428
CY207734.1	1234	1392	1	0	1	1234
CY207734.1	1258	1413	0	1	1	1413
CY207734.1	1298	1576	0	1	1	1576
CY207734.1	1367	1541	1	0	1	1367
CY207734.1	1430	1570	1	0	1	1430
CY207734.1	1442	1566	1	0	1	1442
CY207734.1	1454	1693	1	0	1	1454
CY207734.1	1512	1597	1	0	1	1512
CY207734.1	258	1200	1	0	1	258
CY207734.1	274	729	1	0	1	274
CY207734.1	278	1006	1	0	1	278
CY207734.1	281	1560	1	0	1	281
CY207734.1	312	608	1	0	1	312
CY207734.1	328	1673	0	1	1	1673
CY207734.1	336	1315	0	1	1	1315
CY207734.1	346	1588	1	0	1	346
CY207734.1	361	500	1	0	1	361
CY207734.1	363	1136	0	1	1	1136
CY207734.1	387	734	0	1	1	734
CY207734.1	391	836	1	0	1	391
CY207734.1	401	1073	1	0	1	401
CY207734.1	401	1240	1	0	1	401
CY207734.1	404	608	0	1	1	608
CY207734.1	405	1568	0	1	1	1568
CY207734.1	406	1345	0	1	1	1345
CY207734.1	415	596	1	0	1	415
CY207734.1	423	1275	1	0	1	423
CY207734.1	435	974	0	1	1	974
CY207734.1	437	1046	1	0	1	437
CY207734.1	446	684	0	1	1	684
CY207734.1	452	1577	1	0	1	452
CY207734.1	455	1400	0	1	1	1400
CY207734.1	461	617	0	1	1	617
CY207734.1	463	506	1	0	1	463
CY207734.1	463	684	0	1	1	684
CY207734.1	464	618	0	1	1	618
CY207734.1	471	1294	0	1	1	1294
CY207734.1	487	1419	0	1	1	1419
CY207734.1	492	1465	1	0	1	492
CY207734.1	520	999	1	0	1	520
CY207734.1	522	1441	1	0	1	522
CY207734.1	525	1469	0	1	1	1469
CY207734.1	525	565	1	0	1	525
CY207734.1	537	1556	1	0	1	537
CY207734.1	546	876	1	0	1	546
CY207734.1	560	1093	0	1	1	1093
CY207734.1	592	871	0	1	1	871
CY207734.1	599	1046	1	0	1	599
CY207734.1	610	645	1	0	1	610
CY207734.1	622	1577	1	0	1	622
CY207734.1	649	1595	0	1	1	1595
CY207734.1	683	885	1	0	1	683
CY207734.1	690	861	1	0	1	690
CY207734.1	693	1363	1	0	1	693
CY207734.1	703	1579	1	0	1	703
CY207734.1	771	1534	0	1	1	1534
CY207734.1	803	982	2	2	4	803
CY207734.1	815	1232	0	1	1	1232
CY207734.1	817	1484	1	0	1	817
CY207734.1	820	1385	7	12	19	820
CY207734.1	830	957	2	2	4	830
CY207734.1	831	912	0	1	1	912
CY207734.1	833	1511	1	1	2	833
CY207734.1	837	1067	1	0	1	837
CY207734.1	842	897	0	1	1	897
CY207734.1	849	1032	1	0	1	849
CY207734.1	877	1302	0	1	1	1302
CY207734.1	895	1340	1	0	1	895
CY207734.1	898	1000	0	1	1	1000
CY207734.1	898	1437	0	1	1	1437
CY207734.1	898	1564	0	1	1	1564
CY207734.1	901	1349	1	0	1	901
CY207734.1	906	955	4	1	5	906
CY207734.1	933	964	1	0	1	933
CY207734.1	937	1294	0	1	1	1294
CY207734.1	942	1093	0	1	1	1093
CY207734.1	997	1042	4	3	7	997
CY207735.1	281	818	1	0	1	281
CY207735.1	289	403	1	0	1	289
CY207735.1	315	355	0	2	2	355
CY207735.1	348	447	1	0	1	348
CY207735.1	367	582	1	0	1	367
CY207735.1	373	603	0	1	1	603
CY207735.1	403	617	1	0	1	403
CY207735.1	403	684	0	1	1	684
CY207735.1	429	737	1	0	1	429
CY207735.1	436	756	0	1	1	756
CY207735.1	442	825	0	1	1	825
CY207735.1	442	939	0	1	1	939
CY207735.1	444	467	0	1	1	467
CY207735.1	459	558	0	1	1	558
CY207735.1	459	845	8	14	22	459
CY207735.1	460	855	1	0	1	460
CY207735.1	462	663	2	0	2	462
CY207735.1	465	666	12	28	40	465
CY207735.1	470	705	1	0	1	470
CY207735.1	475	675	0	1	1	675
CY207735.1	475	707	2	0	2	475
CY207735.1	478	712	1	0	1	478
CY207735.1	481	972	0	1	1	972
CY207735.1	483	671	0	1	1	671
CY207735.1	499	729	4	1	5	499
CY207735.1	511	740	52	121	173	511
CY207735.1	519	746	1	9	10	519
CY207735.1	579	761	1	0	1	579
CY207735.1	589	651	0	1	1	651
CY207735.1	597	904	1	0	1	597
CY207735.1	606	853	1	0	1	606
CY207735.1	608	852	1	0	1	608
CY207735.1	621	685	0	1	1	685
CY207735.1	741	927	0	1	1	927
CY207735.1	847	895	6	5	11	847
CY207736.1	1034	1120	0	1	1	1120
CY207736.1	1040	2340	0	1	1	2340
CY207736.1	1076	1103	1	0	1	1076
CY207736.1	1076	1517	0	1	1	1517
CY207736.1	1095	2005	3	8	11	1095
CY207736.1	1109	2020	0	1	1	2020
CY207736.1	1146	2047	0	1	1	2047
CY207736.1	1171	1543	1	0	1	1171
CY207736.1	1197	2061	0	1	1	2061
CY207736.1	1239	2075	0	1	1	2075
CY207736.1	1258	1647	3	4	7	1258
CY207736.1	1266	1303	0	5	5	1303
CY207736.1	1376	1781	1	0	1	1376
CY207736.1	1390	1568	1	0	1	1390
CY207736.1	1514	1656	2	1	3	1514
CY207736.1	1566	1995	1	2	3	1566
CY207736.1	1595	2200	0	1	1	2200
CY207736.1	1658	2162	1	0	1	1658
CY207736.1	1665	2346	0	1	1	2346
CY207736.1	1671	2352	0	1	1	2352
CY207736.1	1739	1833	0	1	1	1833
CY207736.1	1789	2006	2	4	6	1789
CY207736.1	1791	1819	4	0	4	1791
CY207736.1	1848	2022	0	1	1	2022
CY207736.1	1867	1993	1	0	1	1867
CY207736.1	1928	1962	0	1	1	1962
CY207736.1	1978	2222	7	1	8	1978
CY207736.1	1991	2314	0	1	1	2314
CY207736.1	2090	2298	3	2	5	2090
CY207736.1	2104	2299	0	1	1	2299
CY207736.1	303	334	1	1	2	303
CY207736.1	375	837	1	0	1	375
CY207736.1	392	2013	1	0	1	392
CY207736.1	423	2186	1	0	1	423
CY207736.1	433	1761	0	1	1	1761
CY207736.1	458	2041	4	17	21	458
CY207736.1	483	1628	1	1	2	483
CY207736.1	504	2077	13	7	20	504
CY207736.1	522	1950	0	1	1	1950
CY207736.1	548	2043	0	1	1	2043
CY207736.1	553	1673	0	1	1	1673
CY207736.1	666	1002	1	1	2	666
CY207736.1	680	1898	6	4	10	680
CY207736.1	681	1539	1	0	1	681
CY207736.1	690	1071	1	0	1	690
CY207736.1	699	1995	10	9	19	699
CY207736.1	701	1362	1	0	1	701
CY207736.1	740	2357	0	1	1	2357
CY207736.1	767	1952	22	6	28	767
CY207736.1	779	1313	1	0	1	779
CY207736.1	810	1673	1	0	1	810
CY207736.1	917	1952	0	1	1	1952
CY207736.1	947	1652	3	1	4	947
CY207736.1	962	1823	0	1	1	1823
CY207736.1	964	1226	1	0	1	964
CY207736.1	977	1587	1	0	1	977
CY207737.1	1039	2104	0	1	1	2104
CY207737.1	1181	1624	1	0	1	1181
CY207737.1	1294	2401	0	2	2	2401
CY207737.1	1454	2172	0	1	1	2172
CY207737.1	1570	2457	0	1	1	2457
CY207737.1	1593	1642	0	1	1	1642
CY207737.1	1604	2360	0	1	1	2360
CY207737.1	1774	2255	0	1	1	2255
CY207737.1	1823	1877	0	1	1	1877
CY207737.1	2123	2198	1	0	1	2123
CY207737.1	344	1107	3	2	5	344
CY207737.1	377	1534	0	1	1	1534
CY207737.1	425	1926	0	1	1	1926
CY207737.1	476	2025	1	0	1	476
CY207737.1	478	2389	1	0	1	478
CY207737.1	529	2308	1	0	1	529
CY207737.1	593	1467	1	0	1	593
CY207737.1	602	1238	1	0	1	602
CY207737.1	606	694	0	1	1	694
CY207737.1	608	1519	1	0	1	608
CY207737.1	706	868	4	5	9	706
CY207737.1	721	1384	1	0	1	721
CY207737.1	749	2071	0	1	1	2071
CY207737.1	755	1988	0	1	1	1988
CY207737.1	877	1221	0	1	1	1221
CY207737.1	900	1450	1	0	1	900
CY207737.1	920	1191	0	1	1	1191
CY207737.1	994	1161	1	0	1	994
CY207738.1	1009	1670	0	1	1	1670
CY207738.1	1044	1667	1	0	1	1044
CY207738.1	1062	2248	9	11	20	1062
CY207738.1	1075	2075	0	1	1	2075
CY207738.1	1099	1766	0	1	1	1766
CY207738.1	1156	2335	1	0	1	1156
CY207738.1	1157	2061	0	1	1	2061
CY207738.1	1170	1836	5	6	11	1170
CY207738.1	1181	1887	0	2	2	1887
CY207738.1	1198	2016	0	1	1	2016
CY207738.1	1203	2160	1	0	1	1203
CY207738.1	1233	2125	0	1	1	2125
CY207738.1	1359	1897	0	1	1	1897
CY207738.1	1393	2039	1	6	7	1393
CY207738.1	1450	1483	0	1	1	1483
CY207738.1	1531	2486	0	1	1	2486
CY207738.1	1659	2322	1	0	1	1659
CY207738.1	1706	2120	0	1	1	2120
CY207738.1	1728	2285	1	0	1	1728
CY207738.1	1819	2340	0	1	1	2340
CY207738.1	1868	1899	0	1	1	1899
CY207738.1	1891	1953	0	2	2	1953
CY207738.1	1897	2331	0	1	1	2331
CY207738.1	1917	1954	1	0	1	1917
CY207738.1	1918	2190	1	0	1	1918
CY207738.1	2078	2185	0	2	2	2185
CY207738.1	2142	2395	4	2	6	2142
CY207738.1	259	2202	1	0	1	259
CY207738.1	299	1573	2	2	4	299
CY207738.1	368	657	0	1	1	657
CY207738.1	376	2423	1	0	1	376
CY207738.1	421	2104	0	1	1	2104
CY207738.1	440	1398	0	1	1	1398
CY207738.1	451	1694	1	0	1	451
CY207738.1	453	1732	0	1	1	1732
CY207738.1	457	1239	0	1	1	1239
CY207738.1	475	909	0	1	1	909
CY207738.1	486	1934	0	1	1	1934
CY207738.1	493	1694	1	0	1	493
CY207738.1	555	745	0	1	1	745
CY207738.1	575	2118	4	5	9	575
CY207738.1	609	1511	0	1	1	1511
CY207738.1	614	1325	1	0	1	614
CY207738.1	652	1086	1	0	1	652
CY207738.1	703	1501	0	1	1	1501
CY207738.1	738	1621	0	1	1	1621
CY207738.1	739	1076	1	0	1	739
CY207738.1	740	1146	1	0	1	740
CY207738.1	822	889	1	0	1	822
CY207738.1	848	2136	1	0	1	848
CY207738.1	868	1801	0	1	1	1801
CY207738.1	921	1761	0	1	1	1761
CY207738.1	938	2416	0	1	1	2416
CY207738.1	975	1998	1	0	1	975
CY207738.1	995	2214	1	0	1	995
