Segment	Start	Stop	Forward_support	Reverse_support	Total_support	Fuzz_factor
CY207731.1	1017	1395	0	1	1	1395
CY207731.1	1022	1285	1	0	1	1022
CY207731.1	1023	1205	1	0	1	1023
CY207731.1	1036	1289	1	0	1	1036
CY207731.1	1053	1574	1	0	1	1053
CY207731.1	1053	1685	1	0	1	1053
CY207731.1	1071	1653	0	1	1	1653
CY207731.1	1071	1724	0	1	1	1724
CY207731.1	1079	1857	0	1	1	1857
CY207731.1	1091	1115	0	1	1	1115
CY207731.1	1138	1209	0	1	1	1209
CY207731.1	1157	1457	0	1	1	1457
CY207731.1	1159	1271	0	1	1	1271
CY207731.1	1174	1292	1	0	1	1174
CY207731.1	1218	1655	7	3	10	1218
CY207731.1	1261	1479	0	1	1	1479
CY207731.1	1276	1557	0	1	1	1557
CY207731.1	1290	1336	0	1	1	1336
CY207731.1	1336	1779	0	1	1	1779
CY207731.1	1363	1778	1	0	1	1363
CY207731.1	1372	1877	0	1	1	1877
CY207731.1	1379	1746	0	1	1	1746
CY207731.1	1400	1426	1	0	1	1400
CY207731.1	1427	1837	0	1	1	1837
CY207731.1	1439	1614	1	0	1	1439
CY207731.1	1454	1789	1	0	1	1454
CY207731.1	1482	1822	0	1	1	1822
CY207731.1	1503	1663	1	0	1	1503
CY207731.1	1515	1771	0	1	1	1771
CY207731.1	1515	1778	1	0	1	1515
CY207731.1	1624	1876	0	1	1	1876
CY207731.1	1658	1790	1	0	1	1658
CY207731.1	1669	1805	1	0	1	1669
CY207731.1	1689	1875	0	1	1	1875
CY207731.1	1737	1776	1	0	1	1737
CY207731.1	1739	1910	0	1	1	1910
CY207731.1	1745	1886	1	0	1	1745
CY207731.1	1778	1889	0	1	1	1889
CY207731.1	280	1681	1	0	1	280
CY207731.1	289	1035	1	0	1	289
CY207731.1	291	1660	1	0	1	291
CY207731.1	291	1729	44	8	52	291
CY207731.1	333	1292	0	1	1	1292
CY207731.1	335	779	1	0	1	335
CY207731.1	344	1550	0	1	1	1550
CY207731.1	356	1386	0	1	1	1386
CY207731.1	367	872	1	0	1	367
CY207731.1	370	1207	1	0	1	370
CY207731.1	371	1743	0	1	1	1743
CY207731.1	388	1669	0	1	1	1669
CY207731.1	404	1113	1	0	1	404
CY207731.1	421	1423	0	1	1	1423
CY207731.1	422	964	0	1	1	964
CY207731.1	434	1904	0	1	1	1904
CY207731.1	435	1654	0	1	1	1654
CY207731.1	440	891	0	1	1	891
CY207731.1	442	738	1	0	1	442
CY207731.1	456	1733	0	1	1	1733
CY207731.1	456	563	0	1	1	563
CY207731.1	480	1605	1	0	1	480
CY207731.1	489	828	0	1	1	828
CY207731.1	493	811	1	0	1	493
CY207731.1	507	1093	0	1	1	1093
CY207731.1	508	1905	0	1	1	1905
CY207731.1	527	932	0	1	1	932
CY207731.1	529	1830	1	0	1	529
CY207731.1	532	1289	0	1	1	1289
CY207731.1	545	1284	0	1	1	1284
CY207731.1	553	1383	1	0	1	553
CY207731.1	558	1733	0	1	1	1733
CY207731.1	559	723	1	0	1	559
CY207731.1	562	1396	6	7	13	562
CY207731.1	576	898	0	1	1	898
CY207731.1	579	770	1	0	1	579
CY207731.1	598	1049	0	1	1	1049
CY207731.1	612	1734	1	0	1	612
CY207731.1	626	1716	1	0	1	626
CY207731.1	631	1475	1	0	1	631
CY207731.1	663	840	1	0	1	663
CY207731.1	680	712	1	0	1	680
CY207731.1	681	795	5	3	8	681
CY207731.1	687	1099	0	1	1	1099
CY207731.1	690	1651	1	0	1	690
CY207731.1	704	1271	0	1	1	1271
CY207731.1	718	753	0	1	1	753
CY207731.1	737	1304	2	6	8	737
CY207731.1	740	1129	1	0	1	740
CY207731.1	749	1170	1	0	1	749
CY207731.1	758	1182	6	5	11	758
CY207731.1	793	1480	1	0	1	793
CY207731.1	800	1382	0	1	1	1382
CY207731.1	811	1755	0	1	1	1755
CY207731.1	833	1668	0	1	1	1668
CY207731.1	898	1368	0	1	1	1368
CY207731.1	904	1366	1	0	1	904
CY207731.1	915	1042	0	1	1	1042
CY207731.1	959	1148	0	1	1	1148
CY207731.1	969	1775	1	0	1	969
CY207731.1	986	1685	0	1	1	1685
CY207731.1	991	1229	0	1	1	1229
CY207732.1	1008	1041	1	0	1	1008
CY207732.1	259	556	1	0	1	259
CY207732.1	276	848	1	1	2	276
CY207732.1	282	475	1	0	1	282
CY207732.1	285	511	1	0	1	285
CY207732.1	293	1093	0	1	1	1093
CY207732.1	328	361	0	1	1	361
CY207732.1	332	621	0	1	1	621
CY207732.1	335	1142	0	1	1	1142
CY207732.1	341	647	0	1	1	647
CY207732.1	345	1092	1	0	1	345
CY207732.1	347	970	0	1	1	970
CY207732.1	349	852	0	1	1	852
CY207732.1	352	875	0	1	1	875
CY207732.1	363	677	1	0	1	363
CY207732.1	364	726	0	1	1	726
CY207732.1	372	600	0	1	1	600
CY207732.1	373	896	0	1	1	896
CY207732.1	375	1141	0	1	1	1141
CY207732.1	375	722	0	1	1	722
CY207732.1	380	522	1	0	1	380
CY207732.1	381	852	1	0	1	381
CY207732.1	387	826	1	1	2	387
CY207732.1	387	984	1	0	1	387
CY207732.1	388	594	0	1	1	594
CY207732.1	392	742	0	1	1	742
CY207732.1	395	743	1	0	1	395
CY207732.1	397	626	0	1	1	626
CY207732.1	400	664	0	1	1	664
CY207732.1	401	1061	1	0	1	401
CY207732.1	403	428	0	1	1	428
CY207732.1	406	1162	0	1	1	1162
CY207732.1	406	901	0	1	1	901
CY207732.1	406	999	1	0	1	406
CY207732.1	407	783	0	1	1	783
CY207732.1	420	1150	0	1	1	1150
CY207732.1	424	654	0	1	1	654
CY207732.1	428	603	0	1	1	603
CY207732.1	439	640	0	1	1	640
CY207732.1	450	998	0	1	1	998
CY207732.1	453	832	1	0	1	453
CY207732.1	453	865	0	1	1	865
CY207732.1	453	868	0	1	1	868
CY207732.1	462	771	0	1	1	771
CY207732.1	467	838	0	1	1	838
CY207732.1	470	726	0	1	1	726
CY207732.1	478	1127	0	1	1	1127
CY207732.1	483	799	1	0	1	483
CY207732.1	485	892	1	0	1	485
CY207732.1	488	1020	0	1	1	1020
CY207732.1	494	640	1	0	1	494
CY207732.1	495	1154	0	1	1	1154
CY207732.1	498	1064	0	1	1	1064
CY207732.1	500	815	0	1	1	815
CY207732.1	500	904	1	0	1	500
CY207732.1	524	624	3	10	13	524
CY207732.1	524	708	1	1	2	524
CY207732.1	576	968	1	0	1	576
CY207732.1	595	710	1	0	1	595
CY207732.1	596	685	0	1	1	685
CY207732.1	600	719	0	1	1	719
CY207732.1	614	1022	1	0	1	614
CY207732.1	615	914	0	1	1	914
CY207732.1	622	1090	0	1	1	1090
CY207732.1	626	858	1	0	1	626
CY207732.1	629	991	0	1	1	991
CY207732.1	636	737	1	0	1	636
CY207732.1	637	981	0	1	1	981
CY207732.1	644	788	1	1	2	644
CY207732.1	672	747	1	2	3	672
CY207732.1	706	887	2	6	8	706
CY207732.1	715	915	0	3	3	915
CY207732.1	716	789	7	4	11	716
CY207732.1	718	860	9	14	23	718
CY207732.1	721	745	1	0	1	721
CY207732.1	724	756	0	1	1	756
CY207732.1	724	867	0	1	1	867
CY207732.1	762	957	1	0	1	762
CY207732.1	782	1021	0	1	1	1021
CY207732.1	803	1034	13	4	17	803
CY207732.1	804	1035	1	0	1	804
CY207732.1	811	1160	0	1	1	1160
CY207732.1	815	852	0	1	1	852
CY207732.1	817	866	4	5	9	817
CY207732.1	834	866	1	0	1	834
CY207732.1	856	915	5	3	8	856
CY207732.1	881	1012	5	7	12	881
CY207732.1	881	950	0	1	1	950
CY207732.1	913	1029	0	1	1	1029
CY207732.1	933	1019	4	5	9	933
CY207732.1	939	982	1	0	1	939
CY207732.1	948	1107	0	1	1	1107
CY207732.1	954	981	0	1	1	981
CY207732.1	972	1155	0	1	1	1155
CY207733.1	1026	1417	1	0	1	1026
CY207733.1	1033	1424	1	0	1	1033
CY207733.1	1083	1518	0	1	1	1518
CY207733.1	1183	1318	0	1	1	1318
CY207733.1	1232	1469	1	0	1	1232
CY207733.1	1291	1315	15	15	30	1291
CY207733.1	1292	1316	1	0	1	1292
CY207733.1	1361	1387	1	0	1	1361
CY207733.1	1368	1432	1	0	1	1368
CY207733.1	1419	1526	0	1	1	1526
CY207733.1	238	373	1	0	1	238
CY207733.1	247	1433	2	0	2	247
CY207733.1	284	460	1	1	2	284
CY207733.1	308	1247	13	77	90	308
CY207733.1	324	432	0	1	1	432
CY207733.1	326	380	0	1	1	380
CY207733.1	377	750	0	1	1	750
CY207733.1	413	1439	1	0	1	413
CY207733.1	414	503	1	5	6	414
CY207733.1	427	680	0	1	1	680
CY207733.1	430	1314	0	1	1	1314
CY207733.1	430	1419	1	0	1	430
CY207733.1	449	522	1	0	1	449
CY207733.1	460	1444	113	90	203	460
CY207733.1	461	1227	8	32	40	461
CY207733.1	462	1228	0	1	1	1228
CY207733.1	484	1381	0	1	1	1381
CY207733.1	496	1155	0	1	1	1155
CY207733.1	519	1063	1	0	1	519
CY207733.1	524	885	0	1	1	885
CY207733.1	526	1089	0	1	1	1089
CY207733.1	531	1495	0	1	1	1495
CY207733.1	587	1000	0	1	1	1000
CY207733.1	599	1232	2	1	3	599
CY207733.1	667	1280	0	1	1	1280
CY207733.1	700	1445	0	1	1	1445
CY207733.1	761	1295	1	0	1	761
CY207733.1	762	1083	0	1	1	1083
CY207733.1	766	1166	1	0	1	766
CY207733.1	798	1454	1	0	1	798
CY207733.1	798	828	1	0	1	798
CY207733.1	831	1019	1	0	1	831
CY207733.1	838	1462	0	1	1	1462
CY207733.1	899	990	1	0	1	899
CY207733.1	900	1131	0	1	1	1131
CY207733.1	946	1286	6	2	8	946
CY207733.1	952	1249	0	1	1	1249
CY207734.1	1002	1079	1	0	1	1002
CY207734.1	1010	1381	1	0	1	1010
CY207734.1	1011	1214	1	0	1	1011
CY207734.1	1021	1595	1	0	1	1021
CY207734.1	1025	1119	0	1	1	1119
CY207734.1	1040	1287	0	1	1	1287
CY207734.1	1055	1305	0	1	1	1305
CY207734.1	1106	1562	0	1	1	1562
CY207734.1	1134	1553	0	1	1	1553
CY207734.1	1181	1578	0	1	1	1578
CY207734.1	1234	1533	0	1	1	1533
CY207734.1	1294	1541	1	0	1	1294
CY207734.1	1319	1452	0	1	1	1452
CY207734.1	1354	1539	1	0	1	1354
CY207734.1	1421	1544	1	0	1	1421
CY207734.1	1435	1512	5	6	11	1435
CY207734.1	1440	1495	1	0	1	1440
CY207734.1	1442	1566	1	2	3	1442
CY207734.1	1527	1693	0	1	1	1693
CY207734.1	1589	1695	0	4	4	1695
CY207734.1	1606	1651	0	1	1	1651
CY207734.1	245	1496	1	0	1	245
CY207734.1	256	744	1	0	1	256
CY207734.1	260	360	1	0	1	260
CY207734.1	269	1144	1	0	1	269
CY207734.1	269	522	1	0	1	269
CY207734.1	269	924	1	1	2	269
CY207734.1	276	1040	1	0	1	276
CY207734.1	290	397	1	0	1	290
CY207734.1	290	539	1	0	1	290
CY207734.1	320	1200	1	0	1	320
CY207734.1	351	1014	0	1	1	1014
CY207734.1	361	1154	1	0	1	361
CY207734.1	372	1713	0	1	1	1713
CY207734.1	382	447	0	1	1	447
CY207734.1	385	1468	0	1	1	1468
CY207734.1	405	511	1	0	1	405
CY207734.1	415	1532	0	1	1	1532
CY207734.1	419	1155	0	1	1	1155
CY207734.1	421	945	0	1	1	945
CY207734.1	426	773	0	1	1	773
CY207734.1	427	1501	0	1	1	1501
CY207734.1	431	659	0	1	1	659
CY207734.1	440	822	0	1	1	822
CY207734.1	448	1139	0	1	1	1139
CY207734.1	462	1277	0	1	1	1277
CY207734.1	468	1514	0	1	1	1514
CY207734.1	480	1535	1	0	1	480
CY207734.1	494	525	0	1	1	525
CY207734.1	498	1620	0	1	1	1620
CY207734.1	519	1461	0	1	1	1461
CY207734.1	521	701	0	1	1	701
CY207734.1	521	841	17	20	37	521
CY207734.1	522	1545	14	12	26	522
CY207734.1	528	778	0	1	1	778
CY207734.1	528	801	0	1	1	801
CY207734.1	553	634	0	1	1	634
CY207734.1	558	653	0	1	1	653
CY207734.1	559	1441	0	1	1	1441
CY207734.1	567	1717	0	1	1	1717
CY207734.1	568	995	1	0	1	568
CY207734.1	583	711	0	1	1	711
CY207734.1	591	1324	1	0	1	591
CY207734.1	591	1510	0	1	1	1510
CY207734.1	617	1449	1	1	2	617
CY207734.1	619	1126	1	0	1	619
CY207734.1	632	1491	1	0	1	632
CY207734.1	635	1434	1	0	1	635
CY207734.1	685	1491	0	1	1	1491
CY207734.1	690	1539	0	1	1	1539
CY207734.1	718	799	1	0	1	718
CY207734.1	749	1235	1	0	1	749
CY207734.1	776	1239	1	0	1	776
CY207734.1	777	1677	0	1	1	1677
CY207734.1	796	1516	0	1	1	1516
CY207734.1	801	1305	1	0	1	801
CY207734.1	830	957	9	3	12	830
CY207734.1	842	1584	0	1	1	1584
CY207734.1	853	1003	3	3	6	853
CY207734.1	855	1263	1	0	1	855
CY207734.1	878	1240	1	0	1	878
CY207734.1	923	1328	1	0	1	923
CY207734.1	923	1443	1	0	1	923
CY207734.1	931	1275	0	1	1	1275
CY207734.1	942	1093	6	3	9	942
CY207734.1	943	1210	1	0	1	943
CY207734.1	971	1042	4	3	7	971
CY207734.1	984	1445	1	0	1	984
CY207735.1	1000	1043	0	1	1	1043
CY207735.1	1002	1045	1	27	28	1002
CY207735.1	247	913	1	0	1	247
CY207735.1	255	621	1	0	1	255
CY207735.1	263	784	1	0	1	263
CY207735.1	273	958	17	0	17	273
CY207735.1	288	853	1	0	1	288
CY207735.1	290	931	125	20	145	290
CY207735.1	308	878	2	7	9	308
CY207735.1	318	356	0	1	1	356
CY207735.1	361	768	0	1	1	768
CY207735.1	444	665	1	0	1	444
CY207735.1	464	811	0	1	1	811
CY207735.1	473	698	0	1	1	698
CY207735.1	499	729	1	0	1	499
CY207735.1	511	740	13	46	59	511
CY207735.1	738	912	1	0	1	738
CY207735.1	871	1013	0	1	1	1013
CY207736.1	1016	1572	1	0	1	1016
CY207736.1	1095	2005	4	5	9	1095
CY207736.1	1109	2020	0	1	1	2020
CY207736.1	1114	1202	1	0	1	1114
CY207736.1	1123	1510	0	1	1	1510
CY207736.1	1178	1894	0	1	1	1894
CY207736.1	1258	1885	0	1	1	1885
CY207736.1	1265	2189	0	1	1	2189
CY207736.1	1326	1559	0	1	1	1559
CY207736.1	1482	2215	1	0	1	1482
CY207736.1	1566	1995	2	6	8	1566
CY207736.1	1603	2073	0	1	1	2073
CY207736.1	1616	1924	1	0	1	1616
CY207736.1	1621	2164	1	0	1	1621
CY207736.1	1701	2369	0	1	1	2369
CY207736.1	1717	1934	0	1	1	1934
CY207736.1	1824	2182	1	7	8	1824
CY207736.1	1849	2222	0	1	1	2222
CY207736.1	1883	2066	0	1	1	2066
CY207736.1	1908	1959	5	16	21	1908
CY207736.1	1915	2225	1	0	1	1915
CY207736.1	1933	2149	0	1	1	2149
CY207736.1	2015	2041	7	6	13	2015
CY207736.1	2045	2091	0	1	1	2091
CY207736.1	2202	2237	15	5	20	2202
CY207736.1	2222	2259	1	4	5	2222
CY207736.1	248	1152	1	0	1	248
CY207736.1	282	2241	7	2	9	282
CY207736.1	285	2019	1	0	1	285
CY207736.1	288	370	1	0	1	288
CY207736.1	296	1866	1	0	1	296
CY207736.1	325	363	0	1	1	363
CY207736.1	325	409	0	1	1	409
CY207736.1	350	956	0	1	1	956
CY207736.1	351	629	0	1	1	629
CY207736.1	368	1740	0	1	1	1740
CY207736.1	405	428	2	1	3	405
CY207736.1	406	494	2	1	3	406
CY207736.1	425	2130	13	17	30	425
CY207736.1	427	1898	0	1	1	1898
CY207736.1	429	889	0	1	1	889
CY207736.1	430	2174	1	0	1	430
CY207736.1	438	895	0	1	1	895
CY207736.1	441	2156	0	1	1	2156
CY207736.1	461	856	0	1	1	856
CY207736.1	462	1576	1	0	1	462
CY207736.1	477	2147	6	19	25	477
CY207736.1	489	2009	13	9	22	489
CY207736.1	490	1525	1	0	1	490
CY207736.1	499	2041	9	11	20	499
CY207736.1	505	2218	0	1	1	2218
CY207736.1	537	560	10	5	15	537
CY207736.1	559	1924	1	0	1	559
CY207736.1	575	1584	0	1	1	1584
CY207736.1	611	1915	15	5	20	611
CY207736.1	619	1896	8	7	15	619
CY207736.1	628	2157	1	1	2	628
CY207736.1	634	1971	12	5	17	634
CY207736.1	643	2167	0	1	1	2167
CY207736.1	668	1913	24	28	52	668
CY207736.1	689	2223	1	0	1	689
CY207736.1	690	1128	0	1	1	1128
CY207736.1	695	1938	0	1	1	1938
CY207736.1	715	1625	0	1	1	1625
CY207736.1	731	1859	5	2	7	731
CY207736.1	739	1180	1	0	1	739
CY207736.1	759	1788	1	0	1	759
CY207736.1	767	1952	3	0	3	767
CY207736.1	778	2006	0	1	1	2006
CY207736.1	791	2169	1	0	1	791
CY207736.1	851	1594	0	5	5	1594
CY207736.1	883	1904	1	0	1	883
CY207736.1	886	1802	0	1	1	1802
CY207736.1	888	1164	1	0	1	888
CY207736.1	902	1854	1	0	1	902
CY207736.1	904	1376	0	1	1	1376
CY207736.1	908	1890	1	0	1	908
CY207736.1	909	1885	0	1	1	1885
CY207736.1	918	1425	0	1	1	1425
CY207736.1	922	1873	6	13	19	922
CY207736.1	933	2161	0	1	1	2161
CY207736.1	937	1494	1	0	1	937
CY207736.1	939	1649	0	1	1	1649
CY207736.1	972	1908	1	0	1	972
CY207736.1	975	2259	0	1	1	2259
CY207736.1	991	1736	1	0	1	991
CY207737.1	1025	2351	0	1	1	2351
CY207737.1	1059	1974	1	0	1	1059
CY207737.1	1108	1235	1	0	1	1108
CY207737.1	1131	1259	1	0	1	1131
CY207737.1	1131	1910	1	1	2	1131
CY207737.1	1234	1420	0	1	1	1420
CY207737.1	1379	1564	4	1	5	1379
CY207737.1	1611	1679	0	1	1	1679
CY207737.1	1717	2245	0	1	1	2245
CY207737.1	1726	2189	1	0	1	1726
CY207737.1	1732	1785	0	1	1	1785
CY207737.1	1735	1903	1	0	1	1735
CY207737.1	1741	1797	1	2	3	1741
CY207737.1	1993	2103	0	1	1	2103
CY207737.1	2091	2135	1	0	1	2091
CY207737.1	2189	2296	1	0	1	2189
CY207737.1	2295	2361	2	0	2	2295
CY207737.1	277	2337	1	0	1	277
CY207737.1	286	706	1	0	1	286
CY207737.1	376	2178	0	1	1	2178
CY207737.1	415	1135	0	1	1	1135
CY207737.1	429	609	0	1	1	609
CY207737.1	461	2166	1	0	1	461
CY207737.1	466	621	0	1	1	621
CY207737.1	493	2063	0	1	1	2063
CY207737.1	510	1153	0	1	1	1153
CY207737.1	531	553	0	1	1	553
CY207737.1	605	1378	0	1	1	1378
CY207737.1	632	2112	13	8	21	632
CY207737.1	647	1529	1	0	1	647
CY207737.1	660	1564	1	0	1	660
CY207737.1	667	1705	1	0	1	667
CY207737.1	682	2197	1	1	2	682
CY207737.1	708	1730	4	3	7	708
CY207737.1	755	1999	1	2	3	755
CY207737.1	777	2325	1	0	1	777
CY207737.1	839	1934	0	1	1	1934
CY207737.1	878	1148	1	0	1	878
CY207737.1	930	1738	2	3	5	930
CY207737.1	956	1726	0	1	1	1726
CY207737.1	969	1486	0	1	1	1486
CY207738.1	1029	2332	0	1	1	2332
CY207738.1	1073	2416	1	3	4	1073
CY207738.1	1146	1257	0	1	1	1257
CY207738.1	1181	1789	1	0	1	1181
CY207738.1	1213	1286	1	0	1	1213
CY207738.1	1335	1898	0	1	1	1898
CY207738.1	1471	1530	1	0	1	1471
CY207738.1	1475	2128	0	1	1	2128
CY207738.1	1605	1804	0	1	1	1804
CY207738.1	1655	1753	1	1	2	1655
CY207738.1	1700	1733	3	4	7	1700
CY207738.1	1991	2171	0	1	1	2171
CY207738.1	283	901	1	0	1	283
CY207738.1	307	1573	0	1	1	1573
CY207738.1	358	1479	0	1	1	1479
CY207738.1	358	478	1	0	1	358
CY207738.1	396	2252	0	1	1	2252
CY207738.1	408	2387	0	1	1	2387
CY207738.1	408	821	0	1	1	821
CY207738.1	414	2071	1	31	32	414
CY207738.1	423	2345	0	1	1	2345
CY207738.1	439	800	0	1	1	800
CY207738.1	442	2203	0	1	1	2203
CY207738.1	443	552	0	1	1	552
CY207738.1	443	830	0	1	1	830
CY207738.1	466	2138	1	0	1	466
CY207738.1	467	2046	0	1	1	2046
CY207738.1	469	2141	16	32	48	469
CY207738.1	470	1305	0	1	1	1305
CY207738.1	478	1606	0	1	1	1606
CY207738.1	508	2281	0	1	1	2281
CY207738.1	540	1070	0	1	1	1070
CY207738.1	652	1957	1	0	1	652
CY207738.1	655	1576	1	0	1	655
CY207738.1	663	1819	1	0	1	663
CY207738.1	664	1767	1	0	1	664
CY207738.1	690	2021	2	0	2	690
CY207738.1	720	2019	3	2	5	720
CY207738.1	733	1933	1	0	1	733
CY207738.1	734	1938	2	5	7	734
CY207738.1	738	1937	4	7	11	738
CY207738.1	760	1887	1	0	1	760
CY207738.1	825	1893	13	8	21	825
CY207738.1	835	1881	39	34	73	835
CY207738.1	840	1861	18	3	21	840
CY207738.1	845	1267	1	0	1	845
CY207738.1	858	1709	1	9	10	858
CY207738.1	896	1101	1	0	1	896
CY207738.1	899	2237	0	1	1	2237
CY207738.1	945	1897	4	4	8	945
CY207738.1	954	2092	1	0	1	954
CY207738.1	962	1878	1	0	1	962
