Segment	Start	Stop	Forward_support	Reverse_support	Total_support	Fuzz_factor
CY207731.1	1032	1895	0	1	1	1895
CY207731.1	1043	1693	1	0	1	1043
CY207731.1	1044	1877	0	2	2	1877
CY207731.1	1061	1292	1	1	2	1061
CY207731.1	1064	1086	1	0	1	1064
CY207731.1	1094	1276	1	0	1	1094
CY207731.1	1105	1804	0	1	1	1804
CY207731.1	1185	1325	1	0	1	1185
CY207731.1	1193	1288	0	1	1	1288
CY207731.1	1194	1535	0	1	1	1535
CY207731.1	1210	1711	2	0	2	1210
CY207731.1	1247	1338	0	1	1	1338
CY207731.1	1257	1631	1	0	1	1257
CY207731.1	1303	1673	0	1	1	1673
CY207731.1	1304	1438	0	1	1	1438
CY207731.1	1311	1878	0	1	1	1878
CY207731.1	1349	1474	1	2	3	1349
CY207731.1	1354	1476	0	1	1	1476
CY207731.1	1363	1522	0	2	2	1522
CY207731.1	1373	1410	1	0	1	1373
CY207731.1	1376	1536	1	0	1	1376
CY207731.1	1420	1776	0	1	1	1776
CY207731.1	1436	1667	1	3	4	1436
CY207731.1	1494	1651	1	0	1	1494
CY207731.1	1519	1593	0	1	1	1593
CY207731.1	1560	1921	0	1	1	1921
CY207731.1	1561	1801	0	1	1	1801
CY207731.1	1582	1703	1	0	1	1582
CY207731.1	1643	1707	0	1	1	1707
CY207731.1	1654	1798	0	1	1	1798
CY207731.1	1704	1727	1	1	2	1704
CY207731.1	1706	1893	0	4	4	1893
CY207731.1	1740	1826	1	0	1	1740
CY207731.1	1816	1844	0	1	1	1844
CY207731.1	236	660	2	0	2	236
CY207731.1	248	1859	1	0	1	248
CY207731.1	248	294	3	0	3	248
CY207731.1	261	1149	1	0	1	261
CY207731.1	272	1614	1	0	1	272
CY207731.1	285	1662	1	0	1	285
CY207731.1	289	386	1	0	1	289
CY207731.1	289	737	1	0	1	289
CY207731.1	291	1729	1	0	1	291
CY207731.1	293	1732	6	1	7	293
CY207731.1	301	1476	1	0	1	301
CY207731.1	319	720	1	0	1	319
CY207731.1	323	1083	0	1	1	1083
CY207731.1	340	1164	1	0	1	340
CY207731.1	348	546	0	2	2	546
CY207731.1	350	1199	0	1	1	1199
CY207731.1	352	438	0	1	1	438
CY207731.1	353	1405	1	0	1	353
CY207731.1	355	1892	0	1	1	1892
CY207731.1	360	791	1	0	1	360
CY207731.1	369	885	0	1	1	885
CY207731.1	393	1195	0	1	1	1195
CY207731.1	423	1551	0	1	1	1551
CY207731.1	428	1593	0	6	6	1593
CY207731.1	433	1239	4	1	5	433
CY207731.1	446	647	0	1	1	647
CY207731.1	448	1185	1	0	1	448
CY207731.1	449	1375	3	0	3	449
CY207731.1	450	1533	0	1	1	1533
CY207731.1	450	761	0	1	1	761
CY207731.1	462	1606	2	3	5	462
CY207731.1	477	874	1	0	1	477
CY207731.1	481	800	0	1	1	800
CY207731.1	482	1653	0	2	2	1653
CY207731.1	484	1537	0	1	1	1537
CY207731.1	491	1665	0	1	1	1665
CY207731.1	492	613	0	1	1	613
CY207731.1	499	647	0	1	1	647
CY207731.1	509	1265	1	0	1	509
CY207731.1	514	1273	1	0	1	514
CY207731.1	518	1347	1	0	1	518
CY207731.1	519	1153	1	0	1	519
CY207731.1	527	1670	1	0	1	527
CY207731.1	533	1503	0	2	2	1503
CY207731.1	536	1677	1	0	1	536
CY207731.1	541	1517	3	0	3	541
CY207731.1	549	1634	1	0	1	549
CY207731.1	553	1815	1	0	1	553
CY207731.1	561	1018	3	2	5	561
CY207731.1	561	1371	2	0	2	561
CY207731.1	563	1917	0	3	3	1917
CY207731.1	565	1641	1	1	2	565
CY207731.1	567	1619	1	0	1	567
CY207731.1	568	1204	0	2	2	1204
CY207731.1	589	1614	1	0	1	589
CY207731.1	613	1649	0	1	1	1649
CY207731.1	630	1724	1	0	1	630
CY207731.1	630	1829	0	1	1	1829
CY207731.1	634	708	0	1	1	708
CY207731.1	636	853	0	1	1	853
CY207731.1	649	1763	0	1	1	1763
CY207731.1	653	1811	1	0	1	653
CY207731.1	656	1273	0	1	1	1273
CY207731.1	663	1736	0	1	1	1736
CY207731.1	698	1301	1	0	1	698
CY207731.1	755	1016	0	1	1	1016
CY207731.1	778	1035	0	1	1	1035
CY207731.1	781	918	0	1	1	918
CY207731.1	782	923	0	1	1	923
CY207731.1	784	1405	1	0	1	784
CY207731.1	789	1411	1	1	2	789
CY207731.1	792	1660	0	1	1	1660
CY207731.1	800	1759	1	0	1	800
CY207731.1	810	1750	5	1	6	810
CY207731.1	815	1274	3	0	3	815
CY207731.1	815	998	1	0	1	815
CY207731.1	868	1075	0	1	1	1075
CY207731.1	874	1217	1	0	1	874
CY207731.1	885	1016	1	0	1	885
CY207731.1	904	1098	1	0	1	904
CY207731.1	919	1020	1	0	1	919
CY207731.1	928	1192	1	0	1	928
CY207731.1	931	1066	1	0	1	931
CY207731.1	933	1542	0	1	1	1542
CY207731.1	936	1844	1	0	1	936
CY207731.1	945	1837	0	1	1	1837
CY207731.1	954	1694	0	1	1	1694
CY207731.1	956	1267	0	1	1	1267
CY207731.1	989	1290	0	1	1	1290
CY207731.1	994	1182	0	1	1	1182
CY207731.1	996	1874	0	1	1	1874
CY207732.1	242	824	1	0	1	242
CY207732.1	248	1124	1	0	1	248
CY207732.1	260	542	1	0	1	260
CY207732.1	263	349	1	0	1	263
CY207732.1	267	1062	1	0	1	267
CY207732.1	268	550	2	0	2	268
CY207732.1	272	461	1	0	1	272
CY207732.1	275	848	12	1	13	275
CY207732.1	275	955	1	0	1	275
CY207732.1	291	835	1	1	2	291
CY207732.1	306	1024	2	1	3	306
CY207732.1	311	857	2	0	2	311
CY207732.1	312	397	1	0	1	312
CY207732.1	314	1063	1	0	1	314
CY207732.1	319	839	1	1	2	319
CY207732.1	321	802	1	2	3	321
CY207732.1	335	1149	0	1	1	1149
CY207732.1	343	504	0	1	1	504
CY207732.1	344	783	0	1	1	783
CY207732.1	346	608	1	0	1	346
CY207732.1	347	573	0	6	6	573
CY207732.1	350	684	1	1	2	350
CY207732.1	350	776	0	1	1	776
CY207732.1	355	759	0	2	2	759
CY207732.1	397	1155	0	1	1	1155
CY207732.1	403	1140	0	1	1	1140
CY207732.1	411	763	0	2	2	763
CY207732.1	431	715	0	1	1	715
CY207732.1	438	905	0	1	1	905
CY207732.1	445	708	1	0	1	445
CY207732.1	445	829	1	0	1	445
CY207732.1	445	863	1	3	4	445
CY207732.1	446	1091	1	0	1	446
CY207732.1	464	1082	0	1	1	1082
CY207732.1	470	936	0	1	1	936
CY207732.1	499	664	0	1	1	664
CY207732.1	500	606	0	1	1	606
CY207732.1	500	992	1	0	1	500
CY207732.1	510	779	0	1	1	779
CY207732.1	511	600	0	1	1	600
CY207732.1	513	743	1	0	1	513
CY207732.1	515	779	0	1	1	779
CY207732.1	529	593	1	0	1	529
CY207732.1	530	840	1	0	1	530
CY207732.1	540	835	3	4	7	540
CY207732.1	549	897	1	0	1	549
CY207732.1	553	576	0	1	1	576
CY207732.1	554	700	1	0	1	554
CY207732.1	564	764	1	0	1	564
CY207732.1	589	862	8	4	12	589
CY207732.1	589	961	4	2	6	589
CY207732.1	593	1023	5	2	7	593
CY207732.1	595	847	0	1	1	847
CY207732.1	595	996	3	0	3	595
CY207732.1	596	1004	0	1	1	1004
CY207732.1	601	685	1	1	2	601
CY207732.1	601	995	1	0	1	601
CY207732.1	609	1025	1	0	1	609
CY207732.1	609	849	2	1	3	609
CY207732.1	612	887	0	1	1	887
CY207732.1	625	965	1	1	2	625
CY207732.1	667	961	1	1	2	667
CY207732.1	672	747	1	0	1	672
CY207732.1	679	815	0	9	9	815
CY207732.1	683	1038	1	0	1	683
CY207732.1	685	731	1	0	1	685
CY207732.1	685	839	2	3	5	685
CY207732.1	690	906	1	0	1	690
CY207732.1	691	903	0	1	1	903
CY207732.1	697	772	0	1	1	772
CY207732.1	712	819	0	2	2	819
CY207732.1	713	936	0	1	1	936
CY207732.1	715	965	1	1	2	715
CY207732.1	718	860	4	6	10	718
CY207732.1	732	1131	0	1	1	1131
CY207732.1	735	878	0	1	1	878
CY207732.1	749	913	0	1	1	913
CY207732.1	752	1003	0	1	1	1003
CY207732.1	753	1149	0	1	1	1149
CY207732.1	759	859	3	0	3	759
CY207732.1	768	850	1	1	2	768
CY207732.1	772	1021	2	2	4	772
CY207732.1	779	840	0	1	1	840
CY207732.1	781	910	0	1	1	910
CY207732.1	797	1032	1	0	1	797
CY207732.1	801	904	1	0	1	801
CY207732.1	804	1014	1	1	2	804
CY207732.1	804	918	1	0	1	804
CY207732.1	810	980	2	0	2	810
CY207732.1	814	1021	0	1	1	1021
CY207732.1	817	866	0	2	2	866
CY207732.1	856	965	1	3	4	856
CY207732.1	881	1012	5	1	6	881
CY207732.1	892	1160	0	1	1	1160
CY207732.1	893	990	1	0	1	893
CY207732.1	919	1016	1	0	1	919
CY207732.1	920	1074	1	1	2	920
CY207732.1	941	1044	1	0	1	941
CY207732.1	941	1066	1	1	2	941
CY207732.1	991	1030	1	0	1	991
CY207733.1	1079	1163	1	1	2	1079
CY207733.1	1090	1184	1	0	1	1090
CY207733.1	1098	1284	0	1	1	1284
CY207733.1	1105	1208	0	1	1	1208
CY207733.1	1294	1485	3	0	3	1294
CY207733.1	1301	1486	0	1	1	1486
CY207733.1	1310	1467	1	0	1	1310
CY207733.1	1321	1471	1	0	1	1321
CY207733.1	242	1226	5	0	5	242
CY207733.1	272	1469	1	0	1	272
CY207733.1	277	414	1	0	1	277
CY207733.1	278	458	1	0	1	278
CY207733.1	281	1219	1	0	1	281
CY207733.1	282	864	3	0	3	282
CY207733.1	300	1428	1	0	1	300
CY207733.1	301	1377	0	1	1	1377
CY207733.1	318	1464	3	2	5	318
CY207733.1	336	1016	0	1	1	1016
CY207733.1	385	1495	0	1	1	1495
CY207733.1	395	1347	0	1	1	1347
CY207733.1	409	855	2	1	3	409
CY207733.1	448	1431	1	0	1	448
CY207733.1	452	1178	1	0	1	452
CY207733.1	452	1579	0	1	1	1579
CY207733.1	462	1361	0	1	1	1361
CY207733.1	462	711	1	0	1	462
CY207733.1	479	1501	1	0	1	479
CY207733.1	489	867	1	0	1	489
CY207733.1	491	1252	1	0	1	491
CY207733.1	503	959	1	0	1	503
CY207733.1	513	1063	1	0	1	513
CY207733.1	519	1012	0	1	1	1012
CY207733.1	578	1081	1	0	1	578
CY207733.1	589	1571	0	1	1	1571
CY207733.1	598	949	1	1	2	598
CY207733.1	644	1340	0	1	1	1340
CY207733.1	647	1535	0	1	1	1535
CY207733.1	649	1365	0	1	1	1365
CY207733.1	768	1089	0	1	1	1089
CY207733.1	918	1142	1	0	1	918
CY207733.1	972	1250	0	1	1	1250
CY207733.1	991	1337	0	1	1	1337
CY207734.1	1008	1148	1	0	1	1008
CY207734.1	1012	1084	1	0	1	1012
CY207734.1	1016	1207	0	1	1	1207
CY207734.1	1072	1094	1	0	1	1072
CY207734.1	1081	1616	0	1	1	1616
CY207734.1	1084	1186	0	1	1	1186
CY207734.1	1085	1520	0	1	1	1520
CY207734.1	1113	1621	0	1	1	1621
CY207734.1	1137	1204	0	1	1	1204
CY207734.1	1294	1438	0	1	1	1438
CY207734.1	1305	1371	1	0	1	1305
CY207734.1	1417	1609	1	2	3	1417
CY207734.1	1421	1624	1	0	1	1421
CY207734.1	1425	1543	0	1	1	1543
CY207734.1	1441	1470	0	1	1	1470
CY207734.1	1442	1566	1	0	1	1442
CY207734.1	1460	1601	0	1	1	1601
CY207734.1	1564	1617	1	0	1	1564
CY207734.1	261	793	1	0	1	261
CY207734.1	274	1374	1	0	1	274
CY207734.1	275	805	1	0	1	275
CY207734.1	280	1442	1	0	1	280
CY207734.1	282	817	4	0	4	282
CY207734.1	288	368	1	1	2	288
CY207734.1	288	822	4	1	5	288
CY207734.1	289	1158	1	0	1	289
CY207734.1	310	909	0	1	1	909
CY207734.1	313	1042	0	1	1	1042
CY207734.1	319	815	1	0	1	319
CY207734.1	333	1208	0	1	1	1208
CY207734.1	335	1537	1	0	1	335
CY207734.1	339	1537	4	5	9	339
CY207734.1	346	1588	2	1	3	346
CY207734.1	360	1539	0	1	1	1539
CY207734.1	373	911	0	1	1	911
CY207734.1	402	803	1	0	1	402
CY207734.1	407	535	0	1	1	535
CY207734.1	408	1418	1	1	2	408
CY207734.1	409	1398	0	1	1	1398
CY207734.1	409	870	1	1	2	409
CY207734.1	411	1368	0	1	1	1368
CY207734.1	413	1595	0	1	1	1595
CY207734.1	414	923	1	0	1	414
CY207734.1	421	729	0	1	1	729
CY207734.1	422	1185	0	4	4	1185
CY207734.1	432	481	0	1	1	481
CY207734.1	442	1473	1	2	3	442
CY207734.1	458	1680	0	1	1	1680
CY207734.1	462	1003	0	1	1	1003
CY207734.1	464	584	0	1	1	584
CY207734.1	467	981	0	1	1	981
CY207734.1	480	989	0	1	1	989
CY207734.1	484	1551	1	0	1	484
CY207734.1	487	799	0	1	1	799
CY207734.1	492	1351	1	0	1	492
CY207734.1	508	1498	1	0	1	508
CY207734.1	508	725	0	1	1	725
CY207734.1	514	1506	3	1	4	514
CY207734.1	521	841	1	0	1	521
CY207734.1	522	1545	1	1	2	522
CY207734.1	531	1673	0	1	1	1673
CY207734.1	535	641	0	1	1	641
CY207734.1	546	958	1	0	1	546
CY207734.1	556	1511	1	0	1	556
CY207734.1	560	1680	0	1	1	1680
CY207734.1	572	1395	0	2	2	1395
CY207734.1	592	663	1	0	1	592
CY207734.1	600	1129	0	1	1	1129
CY207734.1	604	627	0	1	1	627
CY207734.1	617	1388	1	0	1	617
CY207734.1	619	1228	1	0	1	619
CY207734.1	628	1236	1	0	1	628
CY207734.1	636	719	0	1	1	719
CY207734.1	637	832	0	1	1	832
CY207734.1	646	902	1	0	1	646
CY207734.1	654	1357	1	0	1	654
CY207734.1	660	1238	1	0	1	660
CY207734.1	664	1242	0	1	1	1242
CY207734.1	664	725	0	1	1	725
CY207734.1	677	1179	0	1	1	1179
CY207734.1	678	900	0	1	1	900
CY207734.1	700	1301	1	0	1	700
CY207734.1	719	980	1	0	1	719
CY207734.1	725	986	2	1	3	725
CY207734.1	747	1566	2	0	2	747
CY207734.1	751	1370	0	1	1	1370
CY207734.1	752	916	1	0	1	752
CY207734.1	765	1415	1	0	1	765
CY207734.1	815	960	0	1	1	960
CY207734.1	824	1049	1	0	1	824
CY207734.1	825	1644	1	0	1	825
CY207734.1	829	1384	0	1	1	1384
CY207734.1	829	876	1	0	1	829
CY207734.1	830	995	1	0	1	830
CY207734.1	833	1511	2	2	4	833
CY207734.1	837	1541	0	1	1	1541
CY207734.1	845	964	1	0	1	845
CY207734.1	861	1221	0	1	1	1221
CY207734.1	875	1041	0	1	1	1041
CY207734.1	877	1088	0	3	3	1088
CY207734.1	890	1518	1	0	1	890
CY207734.1	898	1085	1	0	1	898
CY207734.1	909	1401	0	1	1	1401
CY207734.1	916	1615	1	0	1	916
CY207734.1	926	990	0	1	1	990
CY207734.1	931	1070	0	1	1	1070
CY207734.1	939	1184	0	1	1	1184
CY207734.1	941	1147	0	1	1	1147
CY207734.1	957	1592	1	1	2	957
CY207734.1	971	1042	0	2	2	1042
CY207734.1	980	1334	1	0	1	980
CY207734.1	987	1012	1	0	1	987
CY207734.1	990	1313	0	2	2	1313
CY207734.1	996	1338	1	0	1	996
CY207734.1	997	1042	0	1	1	1042
CY207735.1	342	576	0	1	1	576
CY207735.1	349	608	0	1	1	608
CY207735.1	475	707	1	0	1	475
CY207735.1	499	729	3	0	3	499
CY207735.1	511	740	24	43	67	511
CY207735.1	519	746	3	4	7	519
CY207735.1	561	775	1	0	1	561
CY207735.1	594	942	1	0	1	594
CY207736.1	1011	1531	1	0	1	1011
CY207736.1	1013	1621	0	1	1	1621
CY207736.1	1023	1718	1	0	1	1023
CY207736.1	1041	2014	0	1	1	2014
CY207736.1	1058	1388	0	1	1	1388
CY207736.1	1067	1672	1	0	1	1067
CY207736.1	1068	1978	2	0	2	1068
CY207736.1	1072	2240	0	1	1	2240
CY207736.1	1077	1654	1	0	1	1077
CY207736.1	1079	1656	0	2	2	1656
CY207736.1	1080	2362	0	1	1	2362
CY207736.1	1085	2266	0	1	1	2266
CY207736.1	1088	2370	0	1	1	2370
CY207736.1	1092	2060	4	1	5	1092
CY207736.1	1092	2294	1	2	3	1092
CY207736.1	1093	1585	0	1	1	1585
CY207736.1	1094	1649	1	0	1	1094
CY207736.1	1095	2005	2	1	3	1095
CY207736.1	1097	1652	2	1	3	1097
CY207736.1	1101	1745	1	0	1	1101
CY207736.1	1105	1699	0	1	1	1699
CY207736.1	1111	1518	0	1	1	1518
CY207736.1	1119	1962	0	2	2	1962
CY207736.1	1121	2304	0	1	1	2304
CY207736.1	1123	1606	1	0	1	1123
CY207736.1	1124	1607	0	1	1	1607
CY207736.1	1139	1743	0	1	1	1743
CY207736.1	1160	1300	1	0	1	1160
CY207736.1	1194	1846	1	0	1	1194
CY207736.1	1205	1693	0	1	1	1693
CY207736.1	1207	2214	1	0	1	1207
CY207736.1	1208	1680	1	0	1	1208
CY207736.1	1222	2332	0	1	1	2332
CY207736.1	1225	1938	1	0	1	1225
CY207736.1	1226	2115	1	0	1	1226
CY207736.1	1242	1686	1	0	1	1242
CY207736.1	1242	1996	2	1	3	1242
CY207736.1	1258	1647	0	2	2	1647
CY207736.1	1261	1655	1	0	1	1261
CY207736.1	1267	1859	0	1	1	1859
CY207736.1	1276	2297	0	1	1	2297
CY207736.1	1285	2118	0	1	1	2118
CY207736.1	1328	1885	1	0	1	1328
CY207736.1	1362	2351	0	1	1	2351
CY207736.1	1364	1782	0	1	1	1782
CY207736.1	1408	1995	0	1	1	1995
CY207736.1	1423	1835	1	1	2	1423
CY207736.1	1450	1786	0	1	1	1786
CY207736.1	1461	2356	0	1	1	2356
CY207736.1	1497	2251	1	1	2	1497
CY207736.1	1507	2188	0	1	1	2188
CY207736.1	1509	1962	2	0	2	1509
CY207736.1	1544	2007	1	0	1	1544
CY207736.1	1558	2216	1	0	1	1558
CY207736.1	1567	2204	0	2	2	2204
CY207736.1	1608	2052	1	0	1	1608
CY207736.1	1630	1907	0	1	1	1907
CY207736.1	1642	2219	1	0	1	1642
CY207736.1	1662	2198	1	0	1	1662
CY207736.1	1687	1879	0	1	1	1879
CY207736.1	1690	2203	1	1	2	1690
CY207736.1	1704	1744	0	1	1	1744
CY207736.1	1706	1804	1	0	1	1706
CY207736.1	1735	2252	0	1	1	2252
CY207736.1	1742	1956	0	1	1	1956
CY207736.1	1789	2006	0	1	1	2006
CY207736.1	1815	1932	0	1	1	1932
CY207736.1	1891	2012	0	1	1	2012
CY207736.1	1936	2093	0	1	1	2093
CY207736.1	1973	2015	0	2	2	2015
CY207736.1	1984	2153	0	1	1	2153
CY207736.1	1989	2204	0	1	1	2204
CY207736.1	2008	2063	1	0	1	2008
CY207736.1	2013	2074	0	1	1	2074
CY207736.1	2013	2287	0	1	1	2287
CY207736.1	2108	2190	0	1	1	2190
CY207736.1	2117	2153	1	0	1	2117
CY207736.1	2129	2222	2	0	2	2129
CY207736.1	2132	2156	0	1	1	2156
CY207736.1	2132	2170	1	2	3	2132
CY207736.1	2135	2160	4	6	10	2135
CY207736.1	2139	2171	5	3	8	2139
CY207736.1	2140	2180	0	4	4	2180
CY207736.1	2141	2171	0	1	1	2171
CY207736.1	2147	2180	1	2	3	2147
CY207736.1	2221	2350	0	2	2	2350
CY207736.1	2237	2284	0	1	1	2284
CY207736.1	244	1425	1	0	1	244
CY207736.1	259	1659	0	1	1	1659
CY207736.1	271	2174	1	0	1	271
CY207736.1	272	1981	1	0	1	272
CY207736.1	273	2203	1	0	1	273
CY207736.1	284	335	3	0	3	284
CY207736.1	286	765	1	0	1	286
CY207736.1	287	676	1	0	1	287
CY207736.1	289	1701	1	0	1	289
CY207736.1	290	2215	1	0	1	290
CY207736.1	321	2215	3	5	8	321
CY207736.1	325	2169	0	2	2	2169
CY207736.1	328	2182	1	0	1	328
CY207736.1	331	2223	1	2	3	331
CY207736.1	333	2215	1	0	1	333
CY207736.1	334	2148	0	4	4	2148
CY207736.1	334	391	1	0	1	334
CY207736.1	337	2217	2	1	3	337
CY207736.1	342	2156	2	25	27	342
CY207736.1	344	1997	1	0	1	344
CY207736.1	354	1884	1	0	1	354
CY207736.1	354	2216	68	126	194	354
CY207736.1	356	2218	0	1	1	2218
CY207736.1	358	1748	0	1	1	1748
CY207736.1	360	403	1	6	7	360
CY207736.1	361	1526	0	1	1	1526
CY207736.1	363	2180	0	4	4	2180
CY207736.1	364	1771	0	1	1	1771
CY207736.1	367	1982	1	0	1	367
CY207736.1	367	2281	1	1	2	367
CY207736.1	368	2231	0	1	1	2231
CY207736.1	370	506	0	1	1	506
CY207736.1	374	2255	1	0	1	374
CY207736.1	375	1324	1	0	1	375
CY207736.1	375	2148	1	4	5	375
CY207736.1	380	2153	0	1	1	2153
CY207736.1	383	2133	0	3	3	2133
CY207736.1	383	2198	1	0	1	383
CY207736.1	385	457	0	1	1	457
CY207736.1	386	408	1	6	7	386
CY207736.1	393	1422	1	0	1	393
CY207736.1	394	2026	0	1	1	2026
CY207736.1	397	2029	2	20	22	397
CY207736.1	404	2164	0	1	1	2164
CY207736.1	408	2167	0	7	7	2167
CY207736.1	410	2154	0	3	3	2154
CY207736.1	430	2064	0	2	2	2064
CY207736.1	433	2145	1	2	3	433
CY207736.1	433	845	0	1	1	845
CY207736.1	441	2064	2	3	5	441
CY207736.1	442	1844	0	1	1	1844
CY207736.1	442	1968	6	0	6	442
CY207736.1	442	625	1	0	1	442
CY207736.1	449	1968	0	1	1	1968
CY207736.1	450	2059	1	0	1	450
CY207736.1	452	2148	1	1	2	452
CY207736.1	455	2065	1	4	5	455
CY207736.1	460	1093	0	2	2	1093
CY207736.1	460	2060	0	1	1	2060
CY207736.1	460	902	0	1	1	902
CY207736.1	461	2295	0	2	2	2295
CY207736.1	464	1040	1	0	1	464
CY207736.1	472	2069	2	2	4	472
CY207736.1	473	2072	0	1	1	2072
CY207736.1	482	2063	1	0	1	482
CY207736.1	483	2090	1	8	9	483
CY207736.1	489	2050	0	2	2	2050
CY207736.1	490	2064	1	5	6	490
CY207736.1	490	2082	6	9	15	490
CY207736.1	493	1981	7	0	7	493
CY207736.1	510	2039	0	1	1	2039
CY207736.1	513	566	9	1	10	513
CY207736.1	514	564	2	0	2	514
CY207736.1	515	2042	1	1	2	515
CY207736.1	517	1488	1	0	1	517
CY207736.1	521	1458	1	0	1	521
CY207736.1	524	2108	0	1	1	2108
CY207736.1	528	1488	0	1	1	1488
CY207736.1	548	1953	2	0	2	548
CY207736.1	555	1912	1	0	1	555
CY207736.1	555	2028	9	0	9	555
CY207736.1	559	1890	1	0	1	559
CY207736.1	563	1854	5	1	6	563
CY207736.1	564	1895	1	0	1	564
CY207736.1	564	904	1	0	1	564
CY207736.1	565	1474	1	0	1	565
CY207736.1	565	1869	1	0	1	565
CY207736.1	574	1733	4	1	5	574
CY207736.1	576	1999	1	0	1	576
CY207736.1	577	756	1	0	1	577
CY207736.1	579	1830	1	0	1	579
CY207736.1	581	2006	2	0	2	581
CY207736.1	582	2084	0	1	1	2084
CY207736.1	582	2122	0	1	1	2122
CY207736.1	583	2188	1	0	1	583
CY207736.1	584	1509	6	3	9	584
CY207736.1	584	1578	1	0	1	584
CY207736.1	589	1912	2	0	2	589
CY207736.1	596	2002	9	4	13	596
CY207736.1	597	2001	1	1	2	597
CY207736.1	598	904	4	0	4	598
CY207736.1	606	1534	1	0	1	606
CY207736.1	607	1941	2	2	4	607
CY207736.1	617	1910	2	1	3	617
CY207736.1	617	2282	0	1	1	2282
CY207736.1	620	1949	2	0	2	620
CY207736.1	623	1938	1	0	1	623
CY207736.1	625	1520	1	0	1	625
CY207736.1	627	1889	1	0	1	627
CY207736.1	630	1956	22	28	50	630
CY207736.1	634	2041	4	0	4	634
CY207736.1	640	1921	3	0	3	640
CY207736.1	641	675	16	6	22	641
CY207736.1	646	2361	0	1	1	2361
CY207736.1	658	1986	1	0	1	658
CY207736.1	659	1805	1	0	1	659
CY207736.1	663	1001	0	1	1	1001
CY207736.1	667	1663	6	2	8	667
CY207736.1	668	1732	2	0	2	668
CY207736.1	673	1987	1	1	2	673
CY207736.1	678	1955	6	2	8	678
CY207736.1	679	1744	0	3	3	1744
CY207736.1	679	1835	1	0	1	679
CY207736.1	685	1904	13	18	31	685
CY207736.1	686	1357	0	1	1	1357
CY207736.1	686	1832	0	3	3	1832
CY207736.1	686	1952	1	1	2	686
CY207736.1	686	1959	2	0	2	686
CY207736.1	695	1938	0	1	1	1938
CY207736.1	696	1886	2	0	2	696
CY207736.1	699	2203	2	0	2	699
CY207736.1	706	2077	1	0	1	706
CY207736.1	713	1770	1	0	1	713
CY207736.1	717	1920	2	2	4	717
CY207736.1	718	1759	0	2	2	1759
CY207736.1	718	1956	3	2	5	718
CY207736.1	727	1913	3	6	9	727
CY207736.1	728	1610	1	0	1	728
CY207736.1	728	1854	43	35	78	728
CY207736.1	728	1888	3	1	4	728
CY207736.1	731	1859	0	1	1	1859
CY207736.1	732	2063	0	1	1	2063
CY207736.1	737	1944	2	1	3	737
CY207736.1	743	1345	0	1	1	1345
CY207736.1	745	1790	10	4	14	745
CY207736.1	745	1972	16	6	22	745
CY207736.1	754	1140	1	0	1	754
CY207736.1	759	2040	0	2	2	2040
CY207736.1	761	2246	1	0	1	761
CY207736.1	767	1952	0	1	1	1952
CY207736.1	774	1857	1	1	2	774
CY207736.1	778	1974	1	0	1	778
CY207736.1	779	1900	0	1	1	1900
CY207736.1	786	2259	0	1	1	2259
CY207736.1	789	1730	1	0	1	789
CY207736.1	792	899	0	2	2	899
CY207736.1	804	1812	0	1	1	1812
CY207736.1	814	1710	3	2	5	814
CY207736.1	815	891	0	1	1	891
CY207736.1	827	2013	2	0	2	827
CY207736.1	836	1265	0	1	1	1265
CY207736.1	837	1392	0	1	1	1392
CY207736.1	837	1999	1	1	2	837
CY207736.1	837	2350	1	1	2	837
CY207736.1	840	1950	1	1	2	840
CY207736.1	843	2178	9	6	15	843
CY207736.1	844	2179	0	1	1	2179
CY207736.1	848	1956	0	3	3	1956
CY207736.1	849	1930	3	4	7	849
CY207736.1	853	918	0	1	1	918
CY207736.1	857	1715	0	1	1	1715
CY207736.1	858	1650	0	1	1	1650
CY207736.1	866	1093	1	0	1	866
CY207736.1	878	1977	2	4	6	878
CY207736.1	900	1547	2	0	2	900
CY207736.1	911	2294	0	1	1	2294
CY207736.1	923	1080	0	2	2	1080
CY207736.1	924	1603	1	0	1	924
CY207736.1	928	1730	3	2	5	928
CY207736.1	929	1526	1	0	1	929
CY207736.1	934	1650	1	0	1	934
CY207736.1	937	1639	1	0	1	937
CY207736.1	944	1649	2	0	2	944
CY207736.1	947	1652	1	1	2	947
CY207736.1	956	1166	0	1	1	1166
CY207736.1	958	1294	1	0	1	958
CY207736.1	964	1019	0	1	1	1019
CY207736.1	983	1958	0	2	2	1958
CY207736.1	998	1850	0	3	3	1850
CY207737.1	1003	1346	1	0	1	1003
CY207737.1	1028	2027	0	1	1	2027
CY207737.1	1038	1176	0	1	1	1176
CY207737.1	1095	2235	0	1	1	2235
CY207737.1	1110	1786	0	1	1	1786
CY207737.1	1148	1367	1	0	1	1148
CY207737.1	1171	1843	0	1	1	1843
CY207737.1	1174	1216	0	1	1	1216
CY207737.1	1208	1334	10	5	15	1208
CY207737.1	1218	2372	1	0	1	1218
CY207737.1	1224	1291	0	1	1	1291
CY207737.1	1237	1685	0	1	1	1685
CY207737.1	1256	2164	0	1	1	2164
CY207737.1	1261	1356	0	1	1	1356
CY207737.1	1280	1558	0	1	1	1558
CY207737.1	1281	2191	1	0	1	1281
CY207737.1	1306	2043	6	2	8	1306
CY207737.1	1364	1413	0	1	1	1413
CY207737.1	1390	2193	0	1	1	2193
CY207737.1	1445	2463	0	1	1	2463
CY207737.1	1497	2136	1	0	1	1497
CY207737.1	1525	1626	1	0	1	1525
CY207737.1	1568	1650	0	1	1	1650
CY207737.1	1573	1873	0	1	1	1873
CY207737.1	1574	1649	1	0	1	1574
CY207737.1	1589	1838	0	1	1	1838
CY207737.1	1596	1712	0	1	1	1712
CY207737.1	1606	1760	0	2	2	1760
CY207737.1	1654	2193	0	1	1	2193
CY207737.1	1662	2045	0	1	1	2045
CY207737.1	1668	2449	0	1	1	2449
CY207737.1	1734	1794	0	3	3	1794
CY207737.1	1741	1797	0	1	1	1797
CY207737.1	1802	2227	0	1	1	2227
CY207737.1	1868	2174	1	0	1	1868
CY207737.1	1928	2395	1	0	1	1928
CY207737.1	1937	2295	1	0	1	1937
CY207737.1	1987	2105	1	0	1	1987
CY207737.1	1988	2394	1	0	1	1988
CY207737.1	1998	2067	1	0	1	1998
CY207737.1	2028	2135	0	1	1	2135
CY207737.1	2060	2460	0	1	1	2460
CY207737.1	2204	2243	2	1	3	2204
CY207737.1	2403	2451	2	4	6	2403
CY207737.1	2428	2451	0	3	3	2451
CY207737.1	247	2358	3	0	3	247
CY207737.1	280	767	1	0	1	280
CY207737.1	313	2120	1	0	1	313
CY207737.1	330	2298	1	0	1	330
CY207737.1	335	2223	1	4	5	335
CY207737.1	340	2302	1	0	1	340
CY207737.1	341	614	1	0	1	341
CY207737.1	344	2290	1	0	1	344
CY207737.1	351	2198	1	3	4	351
CY207737.1	355	2322	2	0	2	355
CY207737.1	384	2210	26	71	97	384
CY207737.1	384	2231	1	0	1	384
CY207737.1	392	2188	1	1	2	392
CY207737.1	401	2274	5	1	6	401
CY207737.1	404	1131	0	2	2	1131
CY207737.1	405	2383	3	1	4	405
CY207737.1	434	1120	1	0	1	434
CY207737.1	459	1958	1	0	1	459
CY207737.1	460	1146	1	1	2	460
CY207737.1	462	1977	1	2	3	462
CY207737.1	462	2205	4	12	16	462
CY207737.1	464	2213	0	1	1	2213
CY207737.1	476	2114	2	2	4	476
CY207737.1	477	1262	1	0	1	477
CY207737.1	477	1271	2	0	2	477
CY207737.1	485	2383	1	0	1	485
CY207737.1	486	2217	0	1	1	2217
CY207737.1	494	700	1	0	1	494
CY207737.1	496	2329	0	1	1	2329
CY207737.1	503	537	1	0	1	503
CY207737.1	521	2138	2	2	4	521
CY207737.1	525	1574	0	1	1	1574
CY207737.1	538	791	1	0	1	538
CY207737.1	553	2349	3	0	3	553
CY207737.1	554	1390	1	0	1	554
CY207737.1	559	2198	1	0	1	559
CY207737.1	569	762	1	0	1	569
CY207737.1	578	2205	5	2	7	578
CY207737.1	583	2019	1	0	1	583
CY207737.1	593	809	1	0	1	593
CY207737.1	602	1772	3	0	3	602
CY207737.1	602	1804	0	1	1	1804
CY207737.1	609	1560	1	0	1	609
CY207737.1	611	1796	1	2	3	611
CY207737.1	617	1395	0	1	1	1395
CY207737.1	627	2135	0	1	1	2135
CY207737.1	634	2282	0	1	1	2282
CY207737.1	648	2253	1	0	1	648
CY207737.1	674	1882	0	1	1	1882
CY207737.1	674	1894	2	1	3	674
CY207737.1	689	1912	1	0	1	689
CY207737.1	724	1798	1	1	2	724
CY207737.1	786	1475	0	1	1	1475
CY207737.1	834	1928	1	0	1	834
CY207737.1	853	1371	1	0	1	853
CY207737.1	867	1986	0	1	1	1986
CY207737.1	873	2384	4	0	4	873
CY207737.1	885	1371	1	0	1	885
CY207737.1	914	1233	1	0	1	914
CY207737.1	924	2463	0	1	1	2463
CY207738.1	1003	1649	1	0	1	1003
CY207738.1	1009	1095	2	1	3	1009
CY207738.1	1029	2325	1	1	2	1029
CY207738.1	1062	2248	9	16	25	1062
CY207738.1	1065	1594	0	1	1	1594
CY207738.1	1079	1379	1	0	1	1079
CY207738.1	1082	2271	0	1	1	2271
CY207738.1	1091	1228	0	1	1	1228
CY207738.1	1104	2264	0	1	1	2264
CY207738.1	1127	1873	0	1	1	1873
CY207738.1	1177	2374	1	0	1	1177
CY207738.1	1178	1284	0	1	1	1284
CY207738.1	1194	2111	1	0	1	1194
CY207738.1	1215	2254	1	0	1	1215
CY207738.1	1220	2174	0	1	1	2174
CY207738.1	1224	1449	1	0	1	1224
CY207738.1	1275	2304	0	1	1	2304
CY207738.1	1278	1817	1	0	1	1278
CY207738.1	1281	1587	0	1	1	1587
CY207738.1	1294	1974	0	1	1	1974
CY207738.1	1299	1599	0	1	1	1599
CY207738.1	1310	1840	1	0	1	1310
CY207738.1	1365	1449	1	1	2	1365
CY207738.1	1389	2332	0	1	1	2332
CY207738.1	1414	2107	0	2	2	2107
CY207738.1	1431	1820	1	0	1	1431
CY207738.1	1469	1992	1	0	1	1469
CY207738.1	1470	1823	1	0	1	1470
CY207738.1	1496	2108	0	1	1	2108
CY207738.1	1501	2326	1	0	1	1501
CY207738.1	1530	2459	0	1	1	2459
CY207738.1	1572	2149	1	0	1	1572
CY207738.1	1647	1770	0	1	1	1770
CY207738.1	1651	2036	1	3	4	1651
CY207738.1	1653	1773	0	4	4	1773
CY207738.1	1666	2260	0	1	1	2260
CY207738.1	1677	1845	1	0	1	1677
CY207738.1	1678	1846	1	0	1	1678
CY207738.1	1678	2182	0	1	1	2182
CY207738.1	1682	1829	0	1	1	1829
CY207738.1	1768	2186	0	1	1	2186
CY207738.1	1847	2142	0	1	1	2142
CY207738.1	1850	2272	0	1	1	2272
CY207738.1	1953	2023	0	1	1	2023
CY207738.1	2123	2227	1	1	2	2123
CY207738.1	2142	2395	0	2	2	2395
CY207738.1	2218	2391	1	1	2	2218
CY207738.1	2238	2384	0	1	1	2384
CY207738.1	2255	2332	1	0	1	2255
CY207738.1	2256	2326	3	0	3	2256
CY207738.1	2318	2426	0	1	1	2426
CY207738.1	241	1221	1	0	1	241
CY207738.1	265	1493	1	0	1	265
CY207738.1	267	1516	1	0	1	267
CY207738.1	283	1346	1	0	1	283
CY207738.1	294	1514	0	1	1	1514
CY207738.1	300	1558	2	0	2	300
CY207738.1	302	2341	2	1	3	302
CY207738.1	335	1331	0	1	1	1331
CY207738.1	346	2235	0	1	1	2235
CY207738.1	350	884	1	0	1	350
CY207738.1	360	921	0	1	1	921
CY207738.1	365	1696	0	1	1	1696
CY207738.1	365	1868	1	0	1	365
CY207738.1	368	2252	0	2	2	2252
CY207738.1	374	2209	0	3	3	2209
CY207738.1	375	1755	0	1	1	1755
CY207738.1	376	400	0	1	1	400
CY207738.1	384	2431	0	1	1	2431
CY207738.1	397	2252	1	9	10	397
CY207738.1	411	1915	1	0	1	411
CY207738.1	411	2314	1	2	3	411
CY207738.1	417	2267	0	1	1	2267
CY207738.1	425	2306	0	1	1	2306
CY207738.1	444	2327	0	2	2	2327
CY207738.1	453	2196	0	1	1	2196
CY207738.1	456	1376	1	0	1	456
CY207738.1	467	1297	1	0	1	467
CY207738.1	483	2100	0	1	1	2100
CY207738.1	515	1781	0	1	1	1781
CY207738.1	529	2175	1	0	1	529
CY207738.1	530	1097	1	0	1	530
CY207738.1	551	2304	1	0	1	551
CY207738.1	565	2130	0	1	1	2130
CY207738.1	585	1473	0	1	1	1473
CY207738.1	594	2334	1	0	1	594
CY207738.1	635	1914	5	1	6	635
CY207738.1	654	2332	1	0	1	654
CY207738.1	668	1512	1	0	1	668
CY207738.1	680	1528	1	1	2	680
CY207738.1	685	1990	1	0	1	685
CY207738.1	704	1717	0	1	1	1717
CY207738.1	709	1957	0	1	1	1957
CY207738.1	711	1954	1	0	1	711
CY207738.1	711	2059	3	5	8	711
CY207738.1	715	1338	0	1	1	1338
CY207738.1	719	1737	1	0	1	719
CY207738.1	721	2267	0	1	1	2267
CY207738.1	728	1747	1	0	1	728
CY207738.1	730	1518	0	1	1	1518
CY207738.1	733	1893	3	3	6	733
CY207738.1	733	1948	0	1	1	1948
CY207738.1	751	2067	0	1	1	2067
CY207738.1	753	1546	0	1	1	1546
CY207738.1	776	2223	1	0	1	776
CY207738.1	780	2092	3	3	6	780
CY207738.1	786	1786	0	1	1	1786
CY207738.1	816	1345	0	1	1	1345
CY207738.1	822	2476	0	1	1	2476
CY207738.1	832	1286	1	0	1	832
CY207738.1	849	2349	0	1	1	2349
CY207738.1	851	1771	1	0	1	851
CY207738.1	855	1814	0	1	1	1814
CY207738.1	870	2204	0	1	1	2204
CY207738.1	877	1767	1	0	1	877
CY207738.1	877	2184	1	2	3	877
CY207738.1	877	2242	0	1	1	2242
CY207738.1	884	1941	0	1	1	1941
CY207738.1	896	1101	0	1	1	1101
CY207738.1	899	2111	1	0	1	899
CY207738.1	899	2112	2	1	3	899
CY207738.1	909	1978	0	1	1	1978
CY207738.1	917	1028	1	0	1	917
CY207738.1	918	2152	2	1	3	918
CY207738.1	928	1628	2	0	2	928
CY207738.1	956	1473	0	1	1	1473
CY207738.1	968	2031	0	1	1	2031
CY207738.1	985	1648	1	0	1	985
