Segment	Start	Stop	Forward_support	Reverse_support	Total_support	Fuzz_factor
CY207731.1	1063	1289	0	1	1	1289
CY207731.1	1090	1423	0	1	1	1423
CY207731.1	1119	1758	1	0	1	1119
CY207731.1	1166	1245	10	3	13	1166
CY207731.1	1194	1216	0	1	1	1216
CY207731.1	1201	1433	1	0	1	1201
CY207731.1	1210	1285	1	0	1	1210
CY207731.1	1265	1644	0	1	1	1644
CY207731.1	1275	1763	0	1	1	1763
CY207731.1	1305	1442	0	1	1	1442
CY207731.1	1310	1542	0	1	1	1542
CY207731.1	1312	1894	0	1	1	1894
CY207731.1	1325	1685	1	0	1	1325
CY207731.1	1350	1766	0	1	1	1766
CY207731.1	1357	1759	1	0	1	1357
CY207731.1	1389	1711	0	1	1	1711
CY207731.1	1427	1658	1	0	1	1427
CY207731.1	1451	1894	0	1	1	1894
CY207731.1	1476	1640	1	0	1	1476
CY207731.1	1487	1820	1	0	1	1487
CY207731.1	270	768	1	0	1	270
CY207731.1	278	1389	1	0	1	278
CY207731.1	288	1797	12	0	12	288
CY207731.1	290	779	1	0	1	290
CY207731.1	310	493	0	1	1	493
CY207731.1	332	788	1	0	1	332
CY207731.1	350	1245	0	1	1	1245
CY207731.1	369	663	0	1	1	663
CY207731.1	373	547	0	1	1	547
CY207731.1	374	1193	0	1	1	1193
CY207731.1	378	1093	0	1	1	1093
CY207731.1	385	889	1	0	1	385
CY207731.1	397	731	0	1	1	731
CY207731.1	419	674	1	0	1	419
CY207731.1	430	1357	1	0	1	430
CY207731.1	437	1890	0	1	1	1890
CY207731.1	481	1123	1	0	1	481
CY207731.1	481	1607	1	0	1	481
CY207731.1	488	862	0	1	1	862
CY207731.1	496	1468	1	0	1	496
CY207731.1	500	1136	0	1	1	1136
CY207731.1	509	764	1	0	1	509
CY207731.1	535	569	0	1	1	569
CY207731.1	613	1592	0	1	1	1592
CY207731.1	623	1554	1	0	1	623
CY207731.1	658	1170	0	1	1	1170
CY207731.1	661	1148	0	1	1	1148
CY207731.1	665	1216	1	0	1	665
CY207731.1	675	1455	1	0	1	675
CY207731.1	675	722	0	1	1	722
CY207731.1	680	1785	0	1	1	1785
CY207731.1	687	1432	0	1	1	1432
CY207731.1	714	1314	1	0	1	714
CY207731.1	762	1089	1	0	1	762
CY207731.1	764	1240	1	0	1	764
CY207731.1	768	1775	1	0	1	768
CY207731.1	773	1142	0	1	1	1142
CY207731.1	776	1353	0	1	1	1353
CY207731.1	793	1230	0	1	1	1230
CY207731.1	794	1769	0	1	1	1769
CY207731.1	816	1133	1	0	1	816
CY207731.1	818	1216	1	0	1	818
CY207731.1	826	1319	1	0	1	826
CY207731.1	857	1245	1	0	1	857
CY207731.1	864	1575	1	0	1	864
CY207731.1	912	1640	1	0	1	912
CY207731.1	948	1337	1	0	1	948
CY207732.1	1037	1156	0	1	1	1156
CY207732.1	241	778	1	0	1	241
CY207732.1	242	959	1	0	1	242
CY207732.1	247	949	1	0	1	247
CY207732.1	252	555	1	0	1	252
CY207732.1	261	1032	1	0	1	261
CY207732.1	269	542	1	0	1	269
CY207732.1	273	716	1	0	1	273
CY207732.1	280	380	1	0	1	280
CY207732.1	282	803	1	0	1	282
CY207732.1	290	1038	1	0	1	290
CY207732.1	305	552	0	1	1	552
CY207732.1	310	624	0	1	1	624
CY207732.1	318	1177	0	1	1	1177
CY207732.1	334	389	0	1	1	389
CY207732.1	335	1052	1	0	1	335
CY207732.1	338	969	1	0	1	338
CY207732.1	341	958	0	1	1	958
CY207732.1	355	848	0	1	1	848
CY207732.1	367	491	1	0	1	367
CY207732.1	375	895	0	1	1	895
CY207732.1	386	1153	0	1	1	1153
CY207732.1	394	717	1	0	1	394
CY207732.1	398	1140	0	1	1	1140
CY207732.1	402	571	0	1	1	571
CY207732.1	403	524	0	1	1	524
CY207732.1	403	719	0	1	1	719
CY207732.1	404	542	0	1	1	542
CY207732.1	405	579	1	0	1	405
CY207732.1	410	869	0	1	1	869
CY207732.1	416	773	0	1	1	773
CY207732.1	419	558	0	1	1	558
CY207732.1	421	556	0	1	1	556
CY207732.1	428	588	0	1	1	588
CY207732.1	434	607	0	1	1	607
CY207732.1	438	906	0	1	1	906
CY207732.1	441	634	1	0	1	441
CY207732.1	447	937	0	1	1	937
CY207732.1	454	1044	1	0	1	454
CY207732.1	472	893	0	1	1	893
CY207732.1	477	965	0	1	1	965
CY207732.1	484	645	1	0	1	484
CY207732.1	485	832	1	0	1	485
CY207732.1	486	542	0	1	1	542
CY207732.1	499	706	1	0	1	499
CY207732.1	500	555	1	1	2	500
CY207732.1	500	738	0	1	1	738
CY207732.1	503	1093	0	1	1	1093
CY207732.1	523	947	0	1	1	947
CY207732.1	527	982	1	0	1	527
CY207732.1	556	1170	0	1	1	1170
CY207732.1	583	907	0	1	1	907
CY207732.1	589	862	6	4	10	589
CY207732.1	593	764	1	0	1	593
CY207732.1	601	1013	1	0	1	601
CY207732.1	603	1135	0	1	1	1135
CY207732.1	604	1156	0	1	1	1156
CY207732.1	626	962	1	0	1	626
CY207732.1	627	808	1	0	1	627
CY207732.1	630	827	0	1	1	827
CY207732.1	647	701	1	0	1	647
CY207732.1	662	1105	1	0	1	662
CY207732.1	669	948	0	1	1	948
CY207732.1	679	815	12	17	29	679
CY207732.1	718	860	11	25	36	718
CY207732.1	725	989	1	0	1	725
CY207732.1	728	906	0	1	1	906
CY207732.1	746	959	1	0	1	746
CY207732.1	756	1017	1	0	1	756
CY207732.1	774	1138	0	1	1	1138
CY207732.1	782	1072	1	0	1	782
CY207732.1	787	881	1	0	1	787
CY207732.1	791	1058	1	0	1	791
CY207732.1	805	1056	1	0	1	805
CY207732.1	827	1019	0	1	1	1019
CY207732.1	881	945	0	1	1	945
CY207732.1	906	978	1	0	1	906
CY207732.1	908	942	1	0	1	908
CY207732.1	928	1022	0	1	1	1022
CY207732.1	937	1080	1	0	1	937
CY207732.1	941	973	0	1	1	973
CY207732.1	957	1054	0	1	1	1054
CY207733.1	1004	1483	0	1	1	1483
CY207733.1	1018	1074	0	1	1	1074
CY207733.1	239	1417	1	0	1	239
CY207733.1	242	1120	1	0	1	242
CY207733.1	246	1435	88	5	93	246
CY207733.1	254	1444	1	0	1	254
CY207733.1	272	1359	46	7	53	272
CY207733.1	272	370	1	0	1	272
CY207733.1	276	951	1	0	1	276
CY207733.1	290	1382	0	1	1	1382
CY207733.1	304	1402	1	3	4	304
CY207733.1	326	855	0	1	1	855
CY207733.1	339	1117	0	1	1	1117
CY207733.1	345	1453	0	1	1	1453
CY207733.1	378	422	1	0	1	378
CY207733.1	378	460	0	1	1	460
CY207733.1	394	888	0	1	1	888
CY207733.1	436	659	0	1	1	659
CY207733.1	447	888	0	1	1	888
CY207733.1	449	1391	6	10	16	449
CY207733.1	471	1185	0	1	1	1185
CY207733.1	472	677	0	1	1	677
CY207733.1	478	1019	1	0	1	478
CY207733.1	498	1314	1	0	1	498
CY207733.1	531	1254	1	0	1	531
CY207733.1	581	844	1	0	1	581
CY207733.1	596	1095	0	1	1	1095
CY207733.1	629	1444	49	12	61	629
CY207733.1	673	1318	0	1	1	1318
CY207733.1	841	1184	1	0	1	841
CY207733.1	853	938	0	1	1	938
CY207733.1	868	912	0	1	1	912
CY207733.1	881	1185	0	1	1	1185
CY207733.1	899	1264	1	0	1	899
CY207733.1	931	1000	0	1	1	1000
CY207733.1	933	1494	1	0	1	933
CY207733.1	982	1356	0	1	1	1356
CY207734.1	1022	1304	1	0	1	1022
CY207734.1	1053	1238	0	1	1	1238
CY207734.1	1062	1684	0	1	1	1684
CY207734.1	1064	1379	0	1	1	1379
CY207734.1	1065	1564	0	1	1	1564
CY207734.1	1124	1385	0	1	1	1385
CY207734.1	1137	1481	0	1	1	1481
CY207734.1	1182	1688	0	1	1	1688
CY207734.1	1187	1518	1	0	1	1187
CY207734.1	1269	1457	1	0	1	1269
CY207734.1	1319	1573	0	1	1	1573
CY207734.1	1407	1446	0	1	1	1446
CY207734.1	1415	1485	0	1	1	1485
CY207734.1	1421	1452	0	1	1	1452
CY207734.1	1446	1599	1	0	1	1446
CY207734.1	1552	1653	1	0	1	1552
CY207734.1	244	857	1	0	1	244
CY207734.1	264	874	1	0	1	264
CY207734.1	267	1028	1	0	1	267
CY207734.1	284	732	1	0	1	284
CY207734.1	290	621	1	0	1	290
CY207734.1	308	1168	1	0	1	308
CY207734.1	313	837	1	0	1	313
CY207734.1	319	1251	0	1	1	1251
CY207734.1	321	1018	0	1	1	1018
CY207734.1	331	1352	1	0	1	331
CY207734.1	348	1083	0	1	1	1083
CY207734.1	351	1250	1	0	1	351
CY207734.1	353	1254	0	1	1	1254
CY207734.1	360	789	0	1	1	789
CY207734.1	365	1389	0	1	1	1389
CY207734.1	372	754	0	1	1	754
CY207734.1	374	1465	1	0	1	374
CY207734.1	380	588	1	0	1	380
CY207734.1	381	1152	0	1	1	1152
CY207734.1	395	1412	0	1	1	1412
CY207734.1	400	891	1	1	2	400
CY207734.1	401	602	1	0	1	401
CY207734.1	401	603	0	1	1	603
CY207734.1	401	858	0	1	1	858
CY207734.1	405	1088	0	1	1	1088
CY207734.1	418	550	0	1	1	550
CY207734.1	420	976	0	1	1	976
CY207734.1	422	830	0	1	1	830
CY207734.1	423	1102	0	1	1	1102
CY207734.1	423	817	0	1	1	817
CY207734.1	430	902	1	0	1	430
CY207734.1	436	1303	0	1	1	1303
CY207734.1	439	961	1	0	1	439
CY207734.1	440	957	0	1	1	957
CY207734.1	443	1009	0	1	1	1009
CY207734.1	444	548	1	0	1	444
CY207734.1	470	590	1	0	1	470
CY207734.1	471	1456	0	1	1	1456
CY207734.1	482	887	1	0	1	482
CY207734.1	483	1368	0	1	1	1368
CY207734.1	522	1582	0	1	1	1582
CY207734.1	530	1068	1	0	1	530
CY207734.1	530	1405	2	6	8	530
CY207734.1	540	564	1	0	1	540
CY207734.1	592	1309	1	0	1	592
CY207734.1	592	942	1	0	1	592
CY207734.1	593	707	1	0	1	593
CY207734.1	607	1215	1	0	1	607
CY207734.1	619	1410	0	1	1	1410
CY207734.1	625	676	1	0	1	625
CY207734.1	632	698	1	0	1	632
CY207734.1	655	1060	1	0	1	655
CY207734.1	663	843	1	0	1	663
CY207734.1	682	734	1	0	1	682
CY207734.1	697	1502	1	0	1	697
CY207734.1	717	914	1	0	1	717
CY207734.1	740	1156	1	0	1	740
CY207734.1	741	1477	1	0	1	741
CY207734.1	761	1069	0	1	1	1069
CY207734.1	765	1120	0	1	1	1120
CY207734.1	785	1553	1	0	1	785
CY207734.1	813	1579	1	0	1	813
CY207734.1	815	1451	0	1	1	1451
CY207734.1	837	1184	1	0	1	837
CY207734.1	846	1422	0	1	1	1422
CY207734.1	846	938	1	0	1	846
CY207734.1	887	1238	1	0	1	887
CY207734.1	894	1286	0	1	1	1286
CY207734.1	903	1637	0	1	1	1637
CY207734.1	911	1602	0	1	1	1602
CY207734.1	921	1158	0	1	1	1158
CY207734.1	974	1581	0	1	1	1581
CY207735.1	384	835	1	0	1	384
CY207735.1	439	539	0	1	1	539
CY207735.1	499	729	1	1	2	499
CY207735.1	511	740	22	32	54	511
CY207735.1	903	995	0	1	1	995
CY207736.1	1059	1145	8	12	20	1059
CY207736.1	1167	2171	1	0	1	1167
CY207736.1	1169	1868	0	1	1	1868
CY207736.1	1176	2276	0	1	1	2276
CY207736.1	1185	1634	1	0	1	1185
CY207736.1	1237	1423	1	0	1	1237
CY207736.1	1278	1307	8	10	18	1278
CY207736.1	1332	2045	0	1	1	2045
CY207736.1	1479	1545	1	0	1	1479
CY207736.1	1501	1808	0	1	1	1808
CY207736.1	1515	1543	7	8	15	1515
CY207736.1	1559	2015	0	1	1	2015
CY207736.1	1568	1644	1	0	1	1568
CY207736.1	1623	2217	0	1	1	2217
CY207736.1	1692	1813	0	1	1	1813
CY207736.1	1819	2032	0	1	1	2032
CY207736.1	1839	1871	4	14	18	1839
CY207736.1	1879	2260	1	0	1	1879
CY207736.1	1880	2213	0	1	1	2213
CY207736.1	1897	2298	0	1	1	2298
CY207736.1	1899	1972	0	1	1	1972
CY207736.1	2012	2083	0	1	1	2083
CY207736.1	2064	2183	61	3	64	2064
CY207736.1	2072	2190	0	1	1	2190
CY207736.1	2117	2213	27	5	32	2117
CY207736.1	2185	2216	5	8	13	2185
CY207736.1	2277	2330	0	3	3	2330
CY207736.1	254	2296	125	3	128	254
CY207736.1	275	2036	1	0	1	275
CY207736.1	279	326	23	8	31	279
CY207736.1	282	2222	3	0	3	282
CY207736.1	282	2280	3	0	3	282
CY207736.1	304	2216	0	1	1	2216
CY207736.1	304	2256	4	8	12	304
CY207736.1	317	2170	0	1	1	2170
CY207736.1	334	2148	1	32	33	334
CY207736.1	334	2208	2	1	3	334
CY207736.1	334	2259	0	13	13	2259
CY207736.1	334	418	1	0	1	334
CY207736.1	334	556	14	1	15	334
CY207736.1	335	365	3	0	3	335
CY207736.1	345	375	7	19	26	345
CY207736.1	360	2101	9	61	70	360
CY207736.1	360	2132	6	70	76	360
CY207736.1	361	1416	0	1	1	1416
CY207736.1	361	2172	22	81	103	361
CY207736.1	362	2227	21	35	56	362
CY207736.1	367	2160	0	1	1	2160
CY207736.1	369	2071	0	1	1	2071
CY207736.1	375	1725	0	1	1	1725
CY207736.1	382	575	1	0	1	382
CY207736.1	385	2027	37	27	64	385
CY207736.1	386	2144	12	123	135	386
CY207736.1	386	2216	254	338	592	386
CY207736.1	387	2217	1	0	1	387
CY207736.1	388	1000	0	1	1	1000
CY207736.1	388	2030	0	7	7	2030
CY207736.1	403	2064	11	57	68	403
CY207736.1	404	2164	0	1	1	2164
CY207736.1	406	2148	7	60	67	406
CY207736.1	407	2105	11	36	47	407
CY207736.1	408	2144	10	67	77	408
CY207736.1	412	2072	0	1	1	2072
CY207736.1	412	2141	6	43	49	412
CY207736.1	416	2190	27	25	52	416
CY207736.1	427	1891	2	0	2	427
CY207736.1	429	1607	0	1	1	1607
CY207736.1	439	2031	0	2	2	2031
CY207736.1	446	1996	1	0	1	446
CY207736.1	454	2004	4	3	7	454
CY207736.1	458	2108	3	4	7	458
CY207736.1	468	1902	33	11	44	468
CY207736.1	469	1815	1	0	1	469
CY207736.1	479	1042	1	0	1	479
CY207736.1	482	2039	27	35	62	482
CY207736.1	484	674	21	1	22	484
CY207736.1	500	2064	32	23	55	500
CY207736.1	511	2104	24	10	34	511
CY207736.1	522	1002	1	0	1	522
CY207736.1	537	2009	9	11	20	537
CY207736.1	546	2023	47	42	89	546
CY207736.1	563	2001	7	5	12	563
CY207736.1	564	2035	0	1	1	2035
CY207736.1	564	2141	11	28	39	564
CY207736.1	584	1509	0	1	1	1509
CY207736.1	603	994	0	1	1	994
CY207736.1	607	2238	72	23	95	607
CY207736.1	612	1955	21	19	40	612
CY207736.1	620	1890	23	11	34	620
CY207736.1	625	1900	0	1	1	1900
CY207736.1	627	1942	0	2	2	1942
CY207736.1	666	1798	1	0	1	666
CY207736.1	676	1625	1	0	1	676
CY207736.1	679	2351	0	1	1	2351
CY207736.1	686	1702	1	0	1	686
CY207736.1	689	771	0	2	2	771
CY207736.1	690	1111	1	0	1	690
CY207736.1	695	1832	16	10	26	695
CY207736.1	696	787	1	0	1	696
CY207736.1	699	1836	0	2	2	1836
CY207736.1	705	812	0	1	1	812
CY207736.1	707	1802	1	0	1	707
CY207736.1	717	1823	40	17	57	717
CY207736.1	720	810	9	6	15	720
CY207736.1	724	1184	1	0	1	724
CY207736.1	730	1885	1	0	1	730
CY207736.1	731	1920	1	0	1	731
CY207736.1	741	1919	15	7	22	741
CY207736.1	742	1927	42	26	68	742
CY207736.1	754	1792	29	18	47	754
CY207736.1	767	1952	0	2	2	1952
CY207736.1	768	944	1	0	1	768
CY207736.1	798	1921	1	0	1	798
CY207736.1	809	1729	0	1	1	1729
CY207736.1	817	2285	1	1	2	817
CY207736.1	825	2293	35	14	49	825
CY207736.1	827	1753	2	6	8	827
CY207736.1	828	2296	1	2	3	828
CY207736.1	867	2071	1	0	1	867
CY207736.1	894	1642	1	0	1	894
CY207736.1	900	1679	38	32	70	900
CY207736.1	907	1233	1	0	1	907
CY207736.1	911	1700	0	2	2	1700
CY207737.1	1039	1169	1	0	1	1039
CY207737.1	1087	1113	1	0	1	1087
CY207737.1	1163	2401	1	0	1	1163
CY207737.1	1190	1770	1	0	1	1190
CY207737.1	1262	2184	13	28	41	1262
CY207737.1	1297	1626	1	0	1	1297
CY207737.1	1349	2037	1	0	1	1349
CY207737.1	1502	1841	0	1	1	1841
CY207737.1	1641	2354	1	0	1	1641
CY207737.1	1650	1778	0	1	1	1778
CY207737.1	1672	2008	0	1	1	2008
CY207737.1	1753	1807	1	9	10	1753
CY207737.1	1877	2379	0	1	1	2379
CY207737.1	2071	2189	0	1	1	2189
CY207737.1	2100	2204	0	1	1	2204
CY207737.1	2178	2227	1	0	1	2178
CY207737.1	2204	2243	5	2	7	2204
CY207737.1	2357	2397	1	0	1	2357
CY207737.1	246	337	1	0	1	246
CY207737.1	249	2123	18	1	19	249
CY207737.1	258	1454	1	0	1	258
CY207737.1	351	1848	1	0	1	351
CY207737.1	354	2192	6	42	48	354
CY207737.1	356	2194	0	1	1	2194
CY207737.1	358	2210	2	0	2	358
CY207737.1	374	2221	13	123	136	374
CY207737.1	375	1363	0	1	1	1363
CY207737.1	378	2230	1	1	2	378
CY207737.1	379	2086	1	0	1	379
CY207737.1	390	2244	141	15	156	390
CY207737.1	394	2247	1	0	1	394
CY207737.1	406	2102	39	3	42	406
CY207737.1	416	2205	15	41	56	416
CY207737.1	428	2193	1	0	1	428
CY207737.1	429	2167	1	0	1	429
CY207737.1	432	2367	1	0	1	432
CY207737.1	436	2188	13	10	23	436
CY207737.1	436	2238	14	55	69	436
CY207737.1	448	2204	36	84	120	448
CY207737.1	510	1439	1	0	1	510
CY207737.1	512	2108	1	0	1	512
CY207737.1	521	2051	9	11	20	521
CY207737.1	525	2285	0	1	1	2285
CY207737.1	527	2199	3	2	5	527
CY207737.1	528	2131	1	0	1	528
CY207737.1	530	2133	32	15	47	530
CY207737.1	536	2137	3	1	4	536
CY207737.1	539	2174	1	0	1	539
CY207737.1	550	2145	1	1	2	550
CY207737.1	553	2186	8	10	18	553
CY207737.1	579	972	1	0	1	579
CY207737.1	622	1681	16	0	16	622
CY207737.1	624	1641	2	0	2	624
CY207737.1	628	1384	1	0	1	628
CY207737.1	629	1646	1	0	1	629
CY207737.1	629	2203	1	0	1	629
CY207737.1	631	2208	29	44	73	631
CY207737.1	636	1159	1	0	1	636
CY207737.1	638	1688	176	202	378	638
CY207737.1	648	1700	0	10	10	1700
CY207737.1	651	2224	0	1	1	2224
CY207737.1	665	2046	2	0	2	665
CY207737.1	666	1082	1	0	1	666
CY207737.1	668	2077	32	28	60	668
CY207737.1	682	2059	28	18	46	682
CY207737.1	688	2062	4	5	9	688
CY207737.1	716	1607	1	0	1	716
CY207737.1	717	749	1	0	1	717
CY207737.1	753	2013	11	34	45	753
CY207737.1	762	2021	0	1	1	2021
CY207737.1	827	852	0	1	1	852
CY207737.1	831	1038	1	0	1	831
CY207737.1	833	2276	1	0	1	833
CY207737.1	901	2285	1	0	1	901
CY207737.1	908	1267	1	0	1	908
CY207737.1	918	2468	0	1	1	2468
CY207737.1	939	1619	15	22	37	939
CY207737.1	967	1639	0	1	1	1639
CY207737.1	991	2358	1	0	1	991
CY207738.1	1034	1120	0	1	1	1120
CY207738.1	1066	1570	1	0	1	1066
CY207738.1	1075	1985	0	1	1	1985
CY207738.1	1091	1570	1	0	1	1091
CY207738.1	1095	1589	16	23	39	1095
CY207738.1	1105	1424	1	0	1	1105
CY207738.1	1106	1605	0	1	1	1605
CY207738.1	1141	1382	1	0	1	1141
CY207738.1	1142	1225	0	1	1	1225
CY207738.1	1166	1511	0	1	1	1511
CY207738.1	1317	1928	1	0	1	1317
CY207738.1	1485	2204	0	1	1	2204
CY207738.1	1488	1660	1	0	1	1488
CY207738.1	1503	2456	0	1	1	2456
CY207738.1	1617	2102	0	1	1	2102
CY207738.1	1655	1753	4	2	6	1655
CY207738.1	1827	2462	0	1	1	2462
CY207738.1	1844	2117	0	1	1	2117
CY207738.1	1965	2026	1	1	2	1965
CY207738.1	2104	2236	1	0	1	2104
CY207738.1	2324	2388	0	1	1	2388
CY207738.1	2371	2402	2	17	19	2371
CY207738.1	313	2211	2	15	17	313
CY207738.1	322	1421	0	1	1	1421
CY207738.1	327	1243	1	0	1	327
CY207738.1	329	2274	2	0	2	329
CY207738.1	340	1576	1	0	1	340
CY207738.1	346	2235	3	0	3	346
CY207738.1	353	2293	0	1	1	2293
CY207738.1	356	1944	0	1	1	1944
CY207738.1	357	2246	2	0	2	357
CY207738.1	365	2254	7	104	111	365
CY207738.1	366	2280	13	75	88	366
CY207738.1	368	2282	0	1	1	2282
CY207738.1	370	2283	0	1	1	2283
CY207738.1	372	2237	4	0	4	372
CY207738.1	373	2265	0	1	1	2265
CY207738.1	375	2284	0	1	1	2284
CY207738.1	377	2286	3	58	61	377
CY207738.1	378	2270	0	1	1	2270
CY207738.1	380	2247	123	440	563	380
CY207738.1	382	2297	1	1	2	382
CY207738.1	385	2300	23	364	387	385
CY207738.1	386	2301	0	2	2	2301
CY207738.1	395	859	0	1	1	859
CY207738.1	399	2397	0	25	25	2397
CY207738.1	408	1771	1	0	1	408
CY207738.1	409	2410	0	1	1	2410
CY207738.1	412	1980	1	12	13	412
CY207738.1	417	2330	0	1	1	2330
CY207738.1	425	2306	0	3	3	2306
CY207738.1	429	2279	0	2	2	2279
CY207738.1	445	2339	0	1	1	2339
CY207738.1	454	2189	50	143	193	454
CY207738.1	464	2187	5	4	9	464
CY207738.1	464	2247	8	11	19	464
CY207738.1	468	2285	1	0	1	468
CY207738.1	469	2281	1	0	1	469
CY207738.1	485	2300	1	0	1	485
CY207738.1	487	2300	60	80	140	487
CY207738.1	491	2217	20	20	40	491
CY207738.1	495	2318	0	1	1	2318
CY207738.1	504	2313	20	29	49	504
CY207738.1	517	2187	2	4	6	517
CY207738.1	519	2139	0	1	1	2139
CY207738.1	523	2164	21	30	51	523
CY207738.1	605	2104	21	30	51	605
CY207738.1	688	1771	1	0	1	688
CY207738.1	701	1636	0	1	1	1636
CY207738.1	721	1948	0	2	2	1948
CY207738.1	732	1937	21	35	56	732
CY207738.1	736	2175	6	7	13	736
CY207738.1	739	958	1	0	1	739
CY207738.1	779	2463	0	1	1	2463
CY207738.1	780	1813	0	1	1	1813
CY207738.1	807	1606	1	0	1	807
CY207738.1	808	2158	20	32	52	808
CY207738.1	821	2184	0	1	1	2184
CY207738.1	841	1643	1	0	1	841
CY207738.1	848	1774	26	27	53	848
CY207738.1	849	2235	0	1	1	2235
CY207738.1	856	1850	17	14	31	856
CY207738.1	907	1664	30	19	49	907
CY207738.1	927	2088	136	188	324	927
CY207738.1	932	2334	0	1	1	2334
CY207738.1	947	2152	0	1	1	2152
CY207738.1	960	2098	0	1	1	2098
