Segment	Start	Stop	Forward_support	Reverse_support	Total_support	Fuzz_factor
CY207731.1	1039	1779	0	1	1	1779
CY207731.1	1064	1776	1	0	1	1064
CY207731.1	1084	1375	1	0	1	1084
CY207731.1	1134	1729	1	0	1	1134
CY207731.1	1171	1440	0	1	1	1440
CY207731.1	1235	1879	0	1	1	1879
CY207731.1	1276	1627	0	1	1	1627
CY207731.1	1285	1653	1	0	1	1285
CY207731.1	1347	1699	1	0	1	1347
CY207731.1	1357	1416	1	0	1	1357
CY207731.1	1440	1761	0	1	1	1761
CY207731.1	1488	1666	1	0	1	1488
CY207731.1	1522	1676	1	0	1	1522
CY207731.1	1564	1782	0	1	1	1782
CY207731.1	1598	1748	0	1	1	1748
CY207731.1	254	1157	1	1	2	254
CY207731.1	262	295	2	0	2	262
CY207731.1	289	1693	1	0	1	289
CY207731.1	293	1687	1	0	1	293
CY207731.1	364	871	1	0	1	364
CY207731.1	394	1297	0	1	1	1297
CY207731.1	396	621	0	1	1	621
CY207731.1	397	1598	0	1	1	1598
CY207731.1	404	1484	0	1	1	1484
CY207731.1	412	1473	1	0	1	412
CY207731.1	416	500	0	1	1	500
CY207731.1	422	1568	0	2	2	1568
CY207731.1	432	744	0	1	1	744
CY207731.1	453	527	0	1	1	527
CY207731.1	455	1525	0	1	1	1525
CY207731.1	456	1685	0	1	1	1685
CY207731.1	489	978	2	1	3	489
CY207731.1	491	959	0	1	1	959
CY207731.1	494	1529	0	1	1	1529
CY207731.1	495	1131	1	0	1	495
CY207731.1	518	1461	0	2	2	1461
CY207731.1	548	1211	0	1	1	1211
CY207731.1	559	1568	0	1	1	1568
CY207731.1	561	1018	1	1	2	561
CY207731.1	561	1371	1	0	1	561
CY207731.1	565	1641	2	3	5	565
CY207731.1	566	1157	1	0	1	566
CY207731.1	570	1247	0	1	1	1247
CY207731.1	571	771	0	1	1	771
CY207731.1	579	612	1	0	1	579
CY207731.1	600	1564	0	1	1	1564
CY207731.1	620	1338	0	1	1	1338
CY207731.1	644	850	0	1	1	850
CY207731.1	671	1235	1	0	1	671
CY207731.1	680	1862	0	1	1	1862
CY207731.1	685	780	0	1	1	780
CY207731.1	706	976	0	1	1	976
CY207731.1	720	1331	0	1	1	1331
CY207731.1	734	1175	1	0	1	734
CY207731.1	747	916	0	1	1	916
CY207731.1	806	1397	0	1	1	1397
CY207731.1	809	1706	1	0	1	809
CY207731.1	815	1658	1	0	1	815
CY207731.1	863	1636	0	1	1	1636
CY207731.1	931	1695	0	1	1	1695
CY207731.1	934	1175	1	0	1	934
CY207731.1	947	1756	1	0	1	947
CY207731.1	954	1857	1	0	1	954
CY207731.1	996	1569	0	1	1	1569
CY207732.1	268	402	1	0	1	268
CY207732.1	272	979	1	0	1	272
CY207732.1	275	848	1	0	1	275
CY207732.1	276	983	2	0	2	276
CY207732.1	311	716	1	2	3	311
CY207732.1	311	965	1	0	1	311
CY207732.1	321	720	0	1	1	720
CY207732.1	322	716	0	1	1	716
CY207732.1	347	573	2	1	3	347
CY207732.1	375	766	0	1	1	766
CY207732.1	389	782	1	0	1	389
CY207732.1	393	1021	0	1	1	1021
CY207732.1	403	934	0	1	1	934
CY207732.1	417	686	1	0	1	417
CY207732.1	419	706	0	2	2	706
CY207732.1	430	599	0	1	1	599
CY207732.1	434	813	1	0	1	434
CY207732.1	445	863	0	2	2	863
CY207732.1	445	962	0	1	1	962
CY207732.1	447	821	0	1	1	821
CY207732.1	454	588	1	0	1	454
CY207732.1	458	1082	0	1	1	1082
CY207732.1	459	499	0	1	1	499
CY207732.1	463	1081	0	1	1	1081
CY207732.1	476	989	0	1	1	989
CY207732.1	482	607	0	1	1	607
CY207732.1	488	1062	0	1	1	1062
CY207732.1	494	940	0	1	1	940
CY207732.1	512	551	1	0	1	512
CY207732.1	530	1082	1	0	1	530
CY207732.1	534	912	0	1	1	912
CY207732.1	540	682	0	1	1	682
CY207732.1	587	662	1	1	2	587
CY207732.1	589	862	1	4	5	589
CY207732.1	589	961	1	1	2	589
CY207732.1	593	1023	0	2	2	1023
CY207732.1	597	695	0	1	1	695
CY207732.1	597	850	0	1	1	850
CY207732.1	601	685	1	0	1	601
CY207732.1	607	678	0	1	1	678
CY207732.1	610	727	1	0	1	610
CY207732.1	612	887	1	0	1	612
CY207732.1	622	851	0	1	1	851
CY207732.1	626	858	0	1	1	858
CY207732.1	630	958	0	1	1	958
CY207732.1	631	884	1	0	1	631
CY207732.1	661	860	0	1	1	860
CY207732.1	675	994	1	0	1	675
CY207732.1	681	964	0	1	1	964
CY207732.1	683	1029	1	0	1	683
CY207732.1	685	839	0	3	3	839
CY207732.1	687	936	0	1	1	936
CY207732.1	690	974	0	1	1	974
CY207732.1	697	772	0	1	1	772
CY207732.1	715	915	1	0	1	715
CY207732.1	715	965	2	1	3	715
CY207732.1	716	856	0	1	1	856
CY207732.1	718	860	4	1	5	718
CY207732.1	718	959	1	0	1	718
CY207732.1	770	814	0	1	1	814
CY207732.1	792	862	0	1	1	862
CY207732.1	798	937	1	0	1	798
CY207732.1	817	866	1	1	2	817
CY207732.1	832	1010	1	0	1	832
CY207732.1	845	931	1	0	1	845
CY207732.1	853	1151	0	1	1	1151
CY207732.1	857	961	0	1	1	961
CY207732.1	862	962	1	0	1	862
CY207732.1	905	995	1	0	1	905
CY207732.1	928	990	1	0	1	928
CY207733.1	1022	1154	1	0	1	1022
CY207733.1	1029	1379	0	1	1	1379
CY207733.1	1111	1375	0	1	1	1375
CY207733.1	1267	1299	0	1	1	1299
CY207733.1	1347	1441	1	0	1	1347
CY207733.1	1393	1491	0	1	1	1491
CY207733.1	1400	1444	0	1	1	1444
CY207733.1	237	700	1	0	1	237
CY207733.1	242	1226	1	0	1	242
CY207733.1	245	1229	1	0	1	245
CY207733.1	267	358	1	0	1	267
CY207733.1	269	416	1	0	1	269
CY207733.1	282	1253	1	0	1	282
CY207733.1	282	785	1	0	1	282
CY207733.1	286	1408	1	1	2	286
CY207733.1	307	938	0	2	2	938
CY207733.1	318	1464	1	0	1	318
CY207733.1	329	1337	0	1	1	1337
CY207733.1	331	1571	0	1	1	1571
CY207733.1	338	719	0	1	1	719
CY207733.1	367	1103	0	1	1	1103
CY207733.1	395	982	1	0	1	395
CY207733.1	409	855	1	1	2	409
CY207733.1	558	1214	1	0	1	558
CY207733.1	582	1362	0	1	1	1362
CY207733.1	621	1166	1	0	1	621
CY207733.1	716	1116	1	0	1	716
CY207733.1	763	1419	0	1	1	1419
CY207733.1	801	1305	0	1	1	1305
CY207733.1	811	837	1	0	1	811
CY207733.1	882	1469	0	1	1	1469
CY207733.1	948	1027	1	1	2	948
CY207733.1	994	1304	0	1	1	1304
CY207734.1	1036	1188	1	0	1	1036
CY207734.1	1098	1277	1	0	1	1098
CY207734.1	1326	1423	1	0	1	1326
CY207734.1	1421	1544	0	2	2	1544
CY207734.1	1547	1589	1	0	1	1547
CY207734.1	1569	1723	0	1	1	1723
CY207734.1	1580	1697	0	1	1	1697
CY207734.1	1589	1695	0	1	1	1695
CY207734.1	237	1511	1	0	1	237
CY207734.1	258	440	1	0	1	258
CY207734.1	263	1541	1	0	1	263
CY207734.1	269	383	1	0	1	269
CY207734.1	270	603	1	0	1	270
CY207734.1	280	593	1	0	1	280
CY207734.1	282	817	1	0	1	282
CY207734.1	286	1315	1	0	1	286
CY207734.1	288	822	1	0	1	288
CY207734.1	309	1180	0	1	1	1180
CY207734.1	333	1440	0	1	1	1440
CY207734.1	336	797	0	1	1	797
CY207734.1	371	1211	0	1	1	1211
CY207734.1	371	997	0	1	1	997
CY207734.1	379	885	0	1	1	885
CY207734.1	388	645	1	0	1	388
CY207734.1	413	1696	0	1	1	1696
CY207734.1	416	1603	0	1	1	1603
CY207734.1	417	1235	0	1	1	1235
CY207734.1	432	1135	0	1	1	1135
CY207734.1	452	869	1	0	1	452
CY207734.1	458	1385	0	2	2	1385
CY207734.1	473	1485	0	1	1	1485
CY207734.1	483	1541	0	1	1	1541
CY207734.1	484	1551	0	1	1	1551
CY207734.1	498	870	0	1	1	870
CY207734.1	502	1420	1	0	1	502
CY207734.1	505	1042	0	1	1	1042
CY207734.1	521	841	2	2	4	521
CY207734.1	522	1564	1	0	1	522
CY207734.1	530	1228	0	1	1	1228
CY207734.1	546	1441	1	0	1	546
CY207734.1	555	1397	0	1	1	1397
CY207734.1	601	881	0	1	1	881
CY207734.1	688	1602	1	0	1	688
CY207734.1	715	1535	1	0	1	715
CY207734.1	724	1498	1	0	1	724
CY207734.1	752	1312	0	1	1	1312
CY207734.1	759	1246	0	1	1	1246
CY207734.1	815	1040	0	1	1	1040
CY207734.1	821	1035	1	0	1	821
CY207734.1	824	1478	1	0	1	824
CY207734.1	829	1076	1	0	1	829
CY207734.1	839	1367	1	0	1	839
CY207734.1	902	1415	1	0	1	902
CY207734.1	962	1048	1	0	1	962
CY207735.1	1001	1047	0	1	1	1047
CY207735.1	237	751	1	0	1	237
CY207735.1	254	280	2	0	2	254
CY207735.1	272	942	1	0	1	272
CY207735.1	288	310	1	0	1	288
CY207735.1	288	977	1	0	1	288
CY207735.1	342	576	2	1	3	342
CY207735.1	350	865	0	1	1	865
CY207735.1	376	849	0	1	1	849
CY207735.1	385	842	0	1	1	842
CY207735.1	511	740	3	5	8	511
CY207735.1	519	746	0	2	2	746
CY207735.1	627	916	0	1	1	916
CY207736.1	1004	2355	0	1	1	2355
CY207736.1	1033	1069	0	1	1	1069
CY207736.1	1033	2353	0	1	1	2353
CY207736.1	1042	2262	1	0	1	1042
CY207736.1	1051	1591	0	1	1	1591
CY207736.1	1067	2229	1	0	1	1067
CY207736.1	1072	1122	0	1	1	1122
CY207736.1	1079	1492	0	1	1	1492
CY207736.1	1085	2266	0	1	1	2266
CY207736.1	1092	2294	0	5	5	2294
CY207736.1	1095	2005	1	1	2	1095
CY207736.1	1098	2293	1	0	1	1098
CY207736.1	1100	2286	1	0	1	1100
CY207736.1	1118	1756	0	1	1	1756
CY207736.1	1119	1962	1	0	1	1119
CY207736.1	1172	1785	0	1	1	1785
CY207736.1	1183	2224	1	0	1	1183
CY207736.1	1205	2073	1	0	1	1205
CY207736.1	1207	1585	1	0	1	1207
CY207736.1	1209	1957	0	1	1	1957
CY207736.1	1215	2043	1	0	1	1215
CY207736.1	1258	1647	1	2	3	1258
CY207736.1	1259	1515	0	1	1	1515
CY207736.1	1276	1753	0	1	1	1753
CY207736.1	1283	1646	1	0	1	1283
CY207736.1	1284	1483	0	1	1	1483
CY207736.1	1311	1991	0	1	1	1991
CY207736.1	1389	2195	0	1	1	2195
CY207736.1	1399	2197	1	0	1	1399
CY207736.1	1487	1836	0	1	1	1836
CY207736.1	1488	1727	0	1	1	1727
CY207736.1	1509	1861	0	1	1	1861
CY207736.1	1509	1962	0	1	1	1962
CY207736.1	1512	2296	0	1	1	2296
CY207736.1	1544	2007	1	1	2	1544
CY207736.1	1545	2294	0	1	1	2294
CY207736.1	1566	1995	1	1	2	1566
CY207736.1	1641	1842	0	1	1	1842
CY207736.1	1770	1795	0	1	1	1795
CY207736.1	1827	1872	0	1	1	1872
CY207736.1	1839	2240	0	1	1	2240
CY207736.1	1877	2133	1	0	1	1877
CY207736.1	1915	2216	0	1	1	2216
CY207736.1	2108	2190	1	1	2	2108
CY207736.1	2115	2159	0	1	1	2159
CY207736.1	2147	2170	1	4	5	2147
CY207736.1	2240	2309	0	1	1	2309
CY207736.1	235	1761	2	0	2	235
CY207736.1	244	1205	1	0	1	244
CY207736.1	269	1782	1	0	1	269
CY207736.1	272	1647	1	0	1	272
CY207736.1	282	1398	3	0	3	282
CY207736.1	287	1769	1	0	1	287
CY207736.1	301	1282	0	1	1	1282
CY207736.1	310	2237	0	1	1	2237
CY207736.1	332	2149	13	114	127	332
CY207736.1	333	2150	1	0	1	333
CY207736.1	333	2184	0	1	1	2184
CY207736.1	360	2196	0	1	1	2196
CY207736.1	364	2171	0	1	1	2171
CY207736.1	367	2160	0	3	3	2160
CY207736.1	385	2063	0	1	1	2063
CY207736.1	386	2172	0	1	1	2172
CY207736.1	392	2123	0	2	2	2123
CY207736.1	397	1710	0	1	1	1710
CY207736.1	439	2031	1	0	1	439
CY207736.1	441	1649	1	0	1	441
CY207736.1	442	1572	0	1	1	1572
CY207736.1	445	2107	2	0	2	445
CY207736.1	447	2102	3	6	9	447
CY207736.1	481	2074	1	0	1	481
CY207736.1	481	2080	0	1	1	2080
CY207736.1	482	2074	8	15	23	482
CY207736.1	487	706	1	0	1	487
CY207736.1	499	2112	0	1	1	2112
CY207736.1	500	2028	1	0	1	500
CY207736.1	511	1817	1	0	1	511
CY207736.1	512	2028	1	0	1	512
CY207736.1	538	1934	1	0	1	538
CY207736.1	553	1139	0	1	1	1139
CY207736.1	554	928	1	0	1	554
CY207736.1	555	2032	1	0	1	555
CY207736.1	559	1924	1	0	1	559
CY207736.1	563	1378	1	0	1	563
CY207736.1	564	904	2	0	2	564
CY207736.1	566	648	1	0	1	566
CY207736.1	572	1481	0	1	1	1481
CY207736.1	572	658	1	0	1	572
CY207736.1	574	1733	4	0	4	574
CY207736.1	579	1950	0	1	1	1950
CY207736.1	581	2010	1	0	1	581
CY207736.1	582	1952	4	4	8	582
CY207736.1	584	1509	1	1	2	584
CY207736.1	594	1915	1	0	1	594
CY207736.1	596	2002	4	1	5	596
CY207736.1	625	1463	1	0	1	625
CY207736.1	643	1846	0	1	1	1846
CY207736.1	647	2281	0	1	1	2281
CY207736.1	666	1002	1	0	1	666
CY207736.1	671	1856	1	0	1	671
CY207736.1	673	1429	1	0	1	673
CY207736.1	673	1987	1	0	1	673
CY207736.1	679	1835	1	0	1	679
CY207736.1	686	1952	1	0	1	686
CY207736.1	688	1655	1	0	1	688
CY207736.1	699	1376	1	0	1	699
CY207736.1	699	1995	1	1	2	699
CY207736.1	709	1802	1	0	1	709
CY207736.1	717	1807	0	1	1	1807
CY207736.1	717	1920	1	0	1	717
CY207736.1	723	1647	2	0	2	723
CY207736.1	723	1826	1	1	2	723
CY207736.1	723	1994	1	1	2	723
CY207736.1	726	913	0	1	1	913
CY207736.1	731	785	0	1	1	785
CY207736.1	737	1872	0	3	3	1872
CY207736.1	754	1756	1	0	1	754
CY207736.1	755	1828	1	0	1	755
CY207736.1	759	2040	1	0	1	759
CY207736.1	767	1288	1	0	1	767
CY207736.1	767	1952	1	0	1	767
CY207736.1	767	1959	1	0	1	767
CY207736.1	773	1871	1	0	1	773
CY207736.1	779	1900	1	0	1	779
CY207736.1	781	1976	1	0	1	781
CY207736.1	786	1591	1	0	1	786
CY207736.1	805	1846	0	1	1	1846
CY207736.1	823	1516	1	0	1	823
CY207736.1	824	866	0	1	1	866
CY207736.1	846	1376	0	1	1	1376
CY207736.1	847	1261	0	1	1	1261
CY207736.1	851	1594	0	2	2	1594
CY207736.1	851	1679	1	0	1	851
CY207736.1	870	2346	0	1	1	2346
CY207736.1	880	2119	1	0	1	880
CY207736.1	896	1112	1	0	1	896
CY207736.1	908	1667	1	0	1	908
CY207736.1	938	1220	0	1	1	1220
CY207736.1	942	983	0	1	1	983
CY207736.1	964	2184	0	1	1	2184
CY207736.1	968	1049	1	0	1	968
CY207736.1	971	1038	0	1	1	1038
CY207736.1	973	1064	1	0	1	973
CY207736.1	977	2076	1	0	1	977
CY207736.1	997	1580	1	0	1	997
CY207737.1	1027	1714	0	1	1	1714
CY207737.1	1086	2317	0	1	1	2317
CY207737.1	1095	1988	0	1	1	1988
CY207737.1	1097	2145	1	0	1	1097
CY207737.1	1217	2008	1	0	1	1217
CY207737.1	1246	1923	0	1	1	1923
CY207737.1	1308	1954	1	1	2	1308
CY207737.1	1363	2153	1	0	1	1363
CY207737.1	1380	2035	0	1	1	2035
CY207737.1	1401	1871	0	1	1	1871
CY207737.1	1403	2260	0	1	1	2260
CY207737.1	1438	1839	0	1	1	1839
CY207737.1	1497	2129	0	1	1	2129
CY207737.1	1539	2013	0	1	1	2013
CY207737.1	1549	2032	1	0	1	1549
CY207737.1	1649	1798	1	0	1	1649
CY207737.1	1741	1797	0	1	1	1797
CY207737.1	1903	2159	1	0	1	1903
CY207737.1	2028	2135	0	1	1	2135
CY207737.1	2028	2495	0	1	1	2495
CY207737.1	2164	2237	8	0	8	2164
CY207737.1	2378	2451	0	1	1	2451
CY207737.1	237	266	1	0	1	237
CY207737.1	238	281	1	0	1	238
CY207737.1	2414	2450	0	1	1	2450
CY207737.1	266	2415	3	0	3	266
CY207737.1	281	1648	1	0	1	281
CY207737.1	288	2322	1	0	1	288
CY207737.1	313	2120	0	1	1	2120
CY207737.1	330	2451	0	1	1	2451
CY207737.1	363	2261	1	0	1	363
CY207737.1	375	1558	0	1	1	1558
CY207737.1	389	2452	0	1	1	2452
CY207737.1	404	1131	1	0	1	404
CY207737.1	436	2094	0	1	1	2094
CY207737.1	436	2238	1	0	1	436
CY207737.1	438	1292	0	1	1	1292
CY207737.1	463	2152	5	17	22	463
CY207737.1	506	1908	1	0	1	506
CY207737.1	511	1628	1	0	1	511
CY207737.1	622	1681	1	0	1	622
CY207737.1	627	1914	0	1	1	1914
CY207737.1	647	1177	0	1	1	1177
CY207737.1	648	2377	1	0	1	648
CY207737.1	677	1773	1	0	1	677
CY207737.1	687	1790	1	0	1	687
CY207737.1	691	1730	1	0	1	691
CY207737.1	738	1984	1	3	4	738
CY207737.1	803	1506	0	1	1	1506
CY207737.1	811	1680	0	1	1	1680
CY207737.1	827	933	0	1	1	933
CY207737.1	865	920	0	1	1	920
CY207737.1	901	1282	0	1	1	1282
CY207737.1	906	1908	0	1	1	1908
CY207737.1	927	1771	1	0	1	927
CY207737.1	959	1503	1	0	1	959
CY207737.1	969	1660	1	0	1	969
CY207738.1	1017	2041	0	1	1	2041
CY207738.1	1062	2248	1	0	1	1062
CY207738.1	1071	1992	0	1	1	1992
CY207738.1	1095	2422	0	1	1	2422
CY207738.1	1103	1277	0	1	1	1277
CY207738.1	1108	1709	0	1	1	1709
CY207738.1	1122	1469	1	0	1	1122
CY207738.1	1124	2330	1	0	1	1124
CY207738.1	1159	1239	0	1	1	1239
CY207738.1	1162	2044	0	1	1	2044
CY207738.1	1174	1995	0	1	1	1995
CY207738.1	1186	1641	1	0	1	1186
CY207738.1	1195	1303	0	1	1	1303
CY207738.1	1243	2341	0	1	1	2341
CY207738.1	1258	1658	0	1	1	1658
CY207738.1	1280	2363	0	1	1	2363
CY207738.1	1297	2029	1	0	1	1297
CY207738.1	1306	1815	1	0	1	1306
CY207738.1	1306	2062	0	1	1	2062
CY207738.1	1386	2149	1	0	1	1386
CY207738.1	1392	1805	0	1	1	1805
CY207738.1	1469	1974	0	1	1	1974
CY207738.1	1521	2447	0	1	1	2447
CY207738.1	1526	1691	1	0	1	1526
CY207738.1	1544	1690	1	0	1	1544
CY207738.1	1602	1754	0	1	1	1754
CY207738.1	1652	1702	0	1	1	1702
CY207738.1	1660	2036	1	0	1	1660
CY207738.1	1700	1733	1	0	1	1700
CY207738.1	1739	2300	0	1	1	2300
CY207738.1	2218	2391	0	1	1	2391
CY207738.1	247	2338	1	0	1	247
CY207738.1	259	300	1	0	1	259
CY207738.1	260	835	1	0	1	260
CY207738.1	279	2358	1	0	1	279
CY207738.1	299	1387	4	0	4	299
CY207738.1	335	1379	0	1	1	1379
CY207738.1	346	2312	2	5	7	346
CY207738.1	350	1400	0	1	1	1400
CY207738.1	354	2201	0	1	1	2201
CY207738.1	400	728	0	1	1	728
CY207738.1	405	2314	1	2	3	405
CY207738.1	424	2011	0	1	1	2011
CY207738.1	426	1881	0	1	1	1881
CY207738.1	429	786	0	1	1	786
CY207738.1	441	2258	0	1	1	2258
CY207738.1	445	508	0	1	1	508
CY207738.1	456	1893	0	1	1	1893
CY207738.1	461	572	1	0	1	461
CY207738.1	471	2187	1	0	1	471
CY207738.1	492	2131	1	1	2	492
CY207738.1	497	2227	0	1	1	2227
CY207738.1	507	2195	0	1	1	2195
CY207738.1	519	2225	1	0	1	519
CY207738.1	520	818	0	1	1	818
CY207738.1	595	1201	0	1	1	1201
CY207738.1	596	1717	1	0	1	596
CY207738.1	633	2252	1	0	1	633
CY207738.1	655	1728	1	0	1	655
CY207738.1	675	2040	0	1	1	2040
CY207738.1	690	1515	1	0	1	690
CY207738.1	758	1757	1	0	1	758
CY207738.1	818	2227	0	1	1	2227
CY207738.1	832	1206	1	0	1	832
CY207738.1	832	2143	0	1	1	2143
CY207738.1	840	1769	1	0	1	840
CY207738.1	847	1810	0	1	1	1810
CY207738.1	850	1753	2	1	3	850
CY207738.1	884	2088	0	1	1	2088
CY207738.1	896	1101	2	0	2	896
CY207738.1	925	1719	1	0	1	925
CY207738.1	948	2116	0	1	1	2116
CY207738.1	953	1782	0	1	1	1782
CY207738.1	961	1692	0	1	1	1692
