Segment	Start	Stop	Forward_support	Reverse_support	Total_support	Fuzz_factor
CY207731.1	1002	1583	1	0	1	1002
CY207731.1	1015	1883	0	1	1	1883
CY207731.1	1016	1092	0	1	1	1092
CY207731.1	1046	1318	0	1	1	1318
CY207731.1	1056	1127	1	0	1	1056
CY207731.1	1065	1502	1	0	1	1065
CY207731.1	1131	1483	1	0	1	1131
CY207731.1	1142	1287	0	1	1	1287
CY207731.1	1173	1365	0	1	1	1365
CY207731.1	1187	1398	0	1	1	1398
CY207731.1	1300	1635	0	1	1	1635
CY207731.1	1326	1776	0	1	1	1776
CY207731.1	1370	1395	0	1	1	1395
CY207731.1	1425	1631	1	0	1	1425
CY207731.1	1683	1755	0	1	1	1755
CY207731.1	1705	1740	1	0	1	1705
CY207731.1	258	1066	1	0	1	258
CY207731.1	270	1334	1	0	1	270
CY207731.1	282	1728	1	0	1	282
CY207731.1	289	326	1	0	1	289
CY207731.1	289	800	1	0	1	289
CY207731.1	337	1304	0	1	1	1304
CY207731.1	350	1610	0	1	1	1610
CY207731.1	353	437	0	1	1	437
CY207731.1	356	918	0	1	1	918
CY207731.1	360	1451	1	0	1	360
CY207731.1	362	490	0	1	1	490
CY207731.1	363	429	0	1	1	429
CY207731.1	366	427	0	1	1	427
CY207731.1	366	642	0	1	1	642
CY207731.1	375	1871	0	1	1	1871
CY207731.1	402	1500	0	1	1	1500
CY207731.1	402	902	1	0	1	402
CY207731.1	413	450	0	1	1	450
CY207731.1	431	470	0	1	1	470
CY207731.1	444	1071	0	1	1	1071
CY207731.1	446	1215	1	0	1	446
CY207731.1	451	1154	0	1	1	1154
CY207731.1	466	1165	0	1	1	1165
CY207731.1	467	1422	1	0	1	467
CY207731.1	473	1325	0	1	1	1325
CY207731.1	475	1907	0	1	1	1907
CY207731.1	478	1128	1	0	1	478
CY207731.1	484	917	0	1	1	917
CY207731.1	486	1223	0	1	1	1223
CY207731.1	506	619	0	1	1	619
CY207731.1	507	1901	0	1	1	1901
CY207731.1	508	635	1	0	1	508
CY207731.1	508	857	0	1	1	857
CY207731.1	527	1727	0	1	1	1727
CY207731.1	535	1050	0	1	1	1050
CY207731.1	563	647	0	1	1	647
CY207731.1	568	600	0	1	1	600
CY207731.1	616	1276	1	0	1	616
CY207731.1	620	743	1	0	1	620
CY207731.1	646	1745	0	1	1	1745
CY207731.1	712	1711	0	1	1	1711
CY207731.1	716	1659	1	0	1	716
CY207731.1	732	1528	0	1	1	1528
CY207731.1	742	1879	0	1	1	1879
CY207731.1	818	1258	1	0	1	818
CY207731.1	835	1690	1	0	1	835
CY207731.1	842	1366	1	0	1	842
CY207731.1	864	1142	0	1	1	1142
CY207731.1	948	1279	0	1	1	1279
CY207731.1	948	1673	0	1	1	1673
CY207732.1	1002	1030	1	0	1	1002
CY207732.1	1004	1138	0	1	1	1138
CY207732.1	240	456	1	0	1	240
CY207732.1	245	1030	1	0	1	245
CY207732.1	263	288	1	0	1	263
CY207732.1	275	848	35	2	37	275
CY207732.1	324	353	0	1	1	353
CY207732.1	350	1134	0	1	1	1134
CY207732.1	388	836	0	1	1	836
CY207732.1	393	935	0	1	1	935
CY207732.1	394	547	0	1	1	547
CY207732.1	403	1052	0	1	1	1052
CY207732.1	412	1021	1	0	1	412
CY207732.1	422	764	1	0	1	422
CY207732.1	425	475	0	1	1	475
CY207732.1	426	1053	0	1	1	1053
CY207732.1	438	522	0	1	1	522
CY207732.1	440	723	0	1	1	723
CY207732.1	445	863	12	48	60	445
CY207732.1	449	555	0	1	1	555
CY207732.1	465	491	0	1	1	491
CY207732.1	466	490	0	1	1	490
CY207732.1	467	500	4	25	29	467
CY207732.1	483	832	1	0	1	483
CY207732.1	507	900	1	0	1	507
CY207732.1	528	757	0	1	1	757
CY207732.1	566	640	0	1	1	640
CY207732.1	629	861	0	1	1	861
CY207732.1	643	1113	1	0	1	643
CY207732.1	666	887	0	1	1	887
CY207732.1	674	911	1	0	1	674
CY207732.1	685	839	2	5	7	685
CY207732.1	690	1018	0	1	1	1018
CY207732.1	695	778	13	13	26	695
CY207732.1	700	790	1	0	1	700
CY207732.1	705	785	0	1	1	785
CY207732.1	718	860	24	29	53	718
CY207732.1	730	752	0	1	1	752
CY207732.1	733	1043	1	0	1	733
CY207732.1	738	787	6	8	14	738
CY207732.1	764	1108	1	0	1	764
CY207732.1	764	808	0	1	1	808
CY207732.1	772	1021	39	13	52	772
CY207732.1	783	826	1	0	1	783
CY207732.1	811	1148	0	1	1	1148
CY207732.1	877	1021	1	0	1	877
CY207733.1	1018	1074	1	0	1	1018
CY207733.1	1068	1435	15	8	23	1068
CY207733.1	1105	1208	4	5	9	1105
CY207733.1	1282	1422	1	0	1	1282
CY207733.1	1472	1553	5	1	6	1472
CY207733.1	279	533	1	0	1	279
CY207733.1	330	1213	4	13	17	330
CY207733.1	346	486	0	1	1	486
CY207733.1	364	1011	0	1	1	1011
CY207733.1	365	1475	0	4	4	1475
CY207733.1	380	1237	0	1	1	1237
CY207733.1	396	1251	0	1	1	1251
CY207733.1	407	1444	15	5	20	407
CY207733.1	451	533	0	1	1	533
CY207733.1	485	695	0	1	1	695
CY207733.1	531	1497	1	0	1	531
CY207733.1	558	1070	3	2	5	558
CY207733.1	620	720	1	0	1	620
CY207733.1	623	723	5	13	18	623
CY207733.1	627	1162	0	1	1	1162
CY207733.1	775	1353	0	1	1	1353
CY207734.1	1205	1468	0	1	1	1468
CY207734.1	1288	1510	0	1	1	1510
CY207734.1	1297	1353	0	1	1	1353
CY207734.1	1363	1475	1	0	1	1363
CY207734.1	1468	1524	1	0	1	1468
CY207734.1	1506	1563	0	1	1	1563
CY207734.1	327	1565	1	0	1	327
CY207734.1	335	394	1	0	1	335
CY207734.1	338	1287	0	1	1	1287
CY207734.1	354	865	1	0	1	354
CY207734.1	376	1612	1	0	1	376
CY207734.1	380	1069	0	1	1	1069
CY207734.1	381	515	1	0	1	381
CY207734.1	397	622	1	0	1	397
CY207734.1	400	586	0	1	1	586
CY207734.1	404	1657	0	1	1	1657
CY207734.1	414	1685	0	1	1	1685
CY207734.1	417	522	0	1	1	522
CY207734.1	420	1496	0	1	1	1496
CY207734.1	421	940	0	1	1	940
CY207734.1	523	1068	1	0	1	523
CY207734.1	523	1175	1	0	1	523
CY207734.1	525	752	1	0	1	525
CY207734.1	562	1426	0	1	1	1426
CY207734.1	597	799	1	0	1	597
CY207734.1	609	1221	0	1	1	1221
CY207734.1	616	1212	0	1	1	1212
CY207734.1	620	812	1	2	3	620
CY207734.1	621	1259	0	1	1	1259
CY207734.1	626	1616	1	0	1	626
CY207734.1	647	676	0	1	1	676
CY207734.1	664	1302	0	1	1	1302
CY207734.1	710	1615	1	0	1	710
CY207734.1	727	764	0	1	1	764
CY207734.1	755	1139	1	0	1	755
CY207734.1	794	1274	0	1	1	1274
CY207734.1	800	1588	1	0	1	800
CY207734.1	816	1588	0	1	1	1588
CY207734.1	877	1566	0	1	1	1566
CY207734.1	935	1598	0	1	1	1598
CY207734.1	950	1132	0	1	1	1132
CY207734.1	972	1038	0	1	1	1038
CY207734.1	997	1090	1	0	1	997
CY207735.1	286	757	1	0	1	286
CY207735.1	414	470	0	1	1	470
CY207735.1	456	557	0	1	1	557
CY207735.1	477	506	0	1	1	506
CY207735.1	487	829	0	1	1	829
CY207735.1	499	729	1	0	1	499
CY207735.1	511	740	53	160	213	511
CY207735.1	515	815	0	1	1	815
CY207735.1	527	617	0	1	1	617
CY207735.1	538	566	0	1	1	566
CY207735.1	769	913	0	1	1	913
CY207736.1	1088	2370	0	1	1	2370
CY207736.1	1100	2013	0	1	1	2013
CY207736.1	1161	2126	1	0	1	1161
CY207736.1	1169	1441	1	0	1	1169
CY207736.1	1222	2254	1	0	1	1222
CY207736.1	1315	1836	1	0	1	1315
CY207736.1	1317	1694	1	0	1	1317
CY207736.1	1359	1411	1	0	1	1359
CY207736.1	1415	2256	1	0	1	1415
CY207736.1	1439	2284	0	1	1	2284
CY207736.1	1567	2204	8	7	15	1567
CY207736.1	1622	1790	0	1	1	1790
CY207736.1	1686	2231	0	1	1	2231
CY207736.1	1700	2358	0	1	1	2358
CY207736.1	2221	2255	0	1	1	2255
CY207736.1	243	284	1	0	1	243
CY207736.1	273	2032	1	0	1	273
CY207736.1	276	2213	1	0	1	276
CY207736.1	304	600	5	1	6	304
CY207736.1	311	2121	2	11	13	311
CY207736.1	369	2259	2	0	2	369
CY207736.1	407	1006	0	1	1	1006
CY207736.1	408	1852	1	0	1	408
CY207736.1	439	2031	1	0	1	439
CY207736.1	441	1079	0	1	1	1079
CY207736.1	459	2011	0	1	1	2011
CY207736.1	462	1811	0	1	1	1811
CY207736.1	470	2040	1	0	1	470
CY207736.1	481	889	0	1	1	889
CY207736.1	500	2064	36	45	81	500
CY207736.1	501	2061	1	0	1	501
CY207736.1	503	2063	86	84	170	503
CY207736.1	503	2064	0	1	1	2064
CY207736.1	506	2043	1	0	1	506
CY207736.1	554	2009	4	3	7	554
CY207736.1	574	1885	1	0	1	574
CY207736.1	583	2188	0	1	1	2188
CY207736.1	599	1391	1	0	1	599
CY207736.1	610	1913	3	7	10	610
CY207736.1	614	2300	1	0	1	614
CY207736.1	617	2171	0	1	1	2171
CY207736.1	647	2028	3	6	9	647
CY207736.1	669	1736	0	1	1	1736
CY207736.1	700	1769	1	0	1	700
CY207736.1	720	2127	2	7	9	720
CY207736.1	740	1716	0	1	1	1716
CY207736.1	762	1814	1	0	1	762
CY207736.1	766	1818	49	21	70	766
CY207736.1	790	1439	1	0	1	790
CY207736.1	810	1701	1	0	1	810
CY207736.1	814	1710	1	0	1	814
CY207736.1	829	1115	1	0	1	829
CY207736.1	837	2059	16	22	38	837
CY207736.1	839	1013	1	0	1	839
CY207736.1	849	1551	0	1	1	1551
CY207736.1	882	1032	0	1	1	1032
CY207736.1	892	1894	0	1	1	1894
CY207736.1	900	2370	0	1	1	2370
CY207736.1	906	1893	0	1	1	1893
CY207736.1	913	2044	1	0	1	913
CY207736.1	929	1642	0	1	1	1642
CY207736.1	944	1649	0	1	1	1649
CY207736.1	945	1410	0	1	1	1410
CY207736.1	946	2365	0	1	1	2365
CY207736.1	962	1573	1	0	1	962
CY207736.1	973	1032	0	1	1	1032
CY207736.1	973	1487	0	1	1	1487
CY207736.1	991	1892	0	1	1	1892
CY207736.1	993	2293	4	4	8	993
CY207737.1	1013	1194	0	1	1	1194
CY207737.1	1028	1189	0	1	1	1189
CY207737.1	1089	2264	1	0	1	1089
CY207737.1	1227	1359	1	0	1	1227
CY207737.1	1298	2179	0	1	1	2179
CY207737.1	1306	2043	10	16	26	1306
CY207737.1	1401	1695	1	0	1	1401
CY207737.1	1534	1642	6	13	19	1534
CY207737.1	1639	2339	0	1	1	2339
CY207737.1	1660	2133	1	0	1	1660
CY207737.1	1698	2039	0	1	1	2039
CY207737.1	1716	2169	1	0	1	1716
CY207737.1	1730	1902	0	1	1	1902
CY207737.1	1746	2023	1	0	1	1746
CY207737.1	1790	1897	0	1	1	1897
CY207737.1	1906	2016	1	0	1	1906
CY207737.1	1907	2020	1	0	1	1907
CY207737.1	2082	2245	1	0	1	2082
CY207737.1	2109	2464	0	1	1	2464
CY207737.1	2213	2283	65	1	66	2213
CY207737.1	2292	2342	0	1	1	2342
CY207737.1	2361	2389	1	0	1	2361
CY207737.1	267	831	1	0	1	267
CY207737.1	334	2449	0	15	15	2449
CY207737.1	354	2475	0	1	1	2475
CY207737.1	376	2123	1	0	1	376
CY207737.1	386	428	0	1	1	428
CY207737.1	391	2101	6	2	8	391
CY207737.1	399	979	1	0	1	399
CY207737.1	440	1026	1	0	1	440
CY207737.1	452	2372	0	1	1	2372
CY207737.1	471	496	0	1	1	496
CY207737.1	478	2149	0	1	1	2149
CY207737.1	527	2144	26	24	50	527
CY207737.1	539	1020	1	0	1	539
CY207737.1	540	1346	1	0	1	540
CY207737.1	575	1065	0	1	1	1065
CY207737.1	588	2171	1	0	1	588
CY207737.1	602	2257	20	5	25	602
CY207737.1	613	842	1	0	1	613
CY207737.1	615	889	0	1	1	889
CY207737.1	669	1073	1	0	1	669
CY207737.1	676	1090	1	0	1	676
CY207737.1	706	1055	0	1	1	1055
CY207737.1	754	1783	0	1	1	1783
CY207737.1	831	2457	0	1	1	2457
CY207737.1	893	2278	1	0	1	893
CY207737.1	942	1458	1	0	1	942
CY207737.1	984	2475	0	1	1	2475
CY207738.1	1004	1618	0	1	1	1618
CY207738.1	1004	2148	0	1	1	2148
CY207738.1	1042	1968	1	0	1	1042
CY207738.1	1085	1647	0	1	1	1647
CY207738.1	1112	2496	0	1	1	2496
CY207738.1	1141	2447	0	1	1	2447
CY207738.1	1144	2288	1	0	1	1144
CY207738.1	1193	1834	0	1	1	1834
CY207738.1	1208	1249	1	0	1	1208
CY207738.1	1294	2142	1	0	1	1294
CY207738.1	1300	1704	1	0	1	1300
CY207738.1	1345	1630	1	0	1	1345
CY207738.1	1359	2312	0	1	1	2312
CY207738.1	1484	2136	0	1	1	2136
CY207738.1	1547	1793	0	1	1	1793
CY207738.1	1549	1958	0	1	1	1958
CY207738.1	1584	2096	0	1	1	2096
CY207738.1	1662	1977	1	0	1	1662
CY207738.1	1663	2452	0	1	1	2452
CY207738.1	1803	1843	1	0	1	1803
CY207738.1	1926	2021	5	9	14	1926
CY207738.1	1944	2030	0	1	1	2030
CY207738.1	1963	2475	0	1	1	2475
CY207738.1	1983	2256	0	1	1	2256
CY207738.1	2003	2307	1	0	1	2003
CY207738.1	2060	2113	0	1	1	2113
CY207738.1	2370	2397	0	8	8	2397
CY207738.1	285	662	1	0	1	285
CY207738.1	321	2324	2	0	2	321
CY207738.1	326	2332	4	11	15	326
CY207738.1	346	1330	0	1	1	1330
CY207738.1	351	508	0	1	1	508
CY207738.1	367	2311	30	62	92	367
CY207738.1	367	2313	0	1	1	2313
CY207738.1	374	969	0	1	1	969
CY207738.1	386	412	13	100	113	386
CY207738.1	387	2313	0	1	1	2313
CY207738.1	390	459	0	1	1	459
CY207738.1	391	2202	0	1	1	2202
CY207738.1	395	767	0	1	1	767
CY207738.1	399	2095	10	98	108	399
CY207738.1	404	776	0	1	1	776
CY207738.1	407	2331	0	1	1	2331
CY207738.1	412	1664	0	1	1	1664
CY207738.1	417	2114	0	2	2	2114
CY207738.1	427	1832	0	1	1	1832
CY207738.1	448	2266	0	1	1	2266
CY207738.1	458	505	1	0	1	458
CY207738.1	474	1060	1	0	1	474
CY207738.1	474	2195	20	45	65	474
CY207738.1	496	2189	25	108	133	496
CY207738.1	515	2217	13	32	45	515
CY207738.1	521	2231	0	1	1	2231
CY207738.1	528	2195	0	1	1	2195
CY207738.1	546	1389	1	0	1	546
CY207738.1	546	1542	1	0	1	546
CY207738.1	546	1772	1	0	1	546
CY207738.1	565	2126	30	46	76	565
CY207738.1	588	1911	0	1	1	1911
CY207738.1	594	2357	0	1	1	2357
CY207738.1	612	1971	0	1	1	1971
CY207738.1	651	1278	1	0	1	651
CY207738.1	695	1630	0	1	1	1630
CY207738.1	740	1628	0	1	1	1628
CY207738.1	764	1925	1	0	1	764
CY207738.1	777	1972	16	15	31	777
CY207738.1	793	1914	22	18	40	793
CY207738.1	812	1931	0	1	1	1931
CY207738.1	876	2308	1	3	4	876
CY207738.1	879	1403	0	1	1	1403
CY207738.1	896	1101	0	1	1	1101
CY207738.1	909	2019	12	0	12	909
CY207738.1	948	2037	0	1	1	2037
CY207738.1	973	1274	1	0	1	973
