Segment	Start	Stop	Forward_support	Reverse_support	Total_support	Fuzz_factor
CY207731.1	320	387	0	4	4	387
CY207731.1	735	1066	0	1	1	1066
CY207732.1	267	840	1	0	1	267
CY207732.1	275	848	43	0	43	275
CY207732.1	347	573	0	1	1	573
CY207732.1	415	859	1	0	1	415
CY207732.1	430	599	6	10	16	430
CY207732.1	718	860	10	10	20	718
CY207732.1	755	792	0	1	1	792
CY207732.1	860	1020	0	1	1	1020
CY207733.1	265	803	1	0	1	265
CY207733.1	276	1071	1	0	1	276
CY207733.1	438	505	0	1	1	505
CY207733.1	560	1065	0	1	1	1065
CY207733.1	743	1034	4	10	14	743
CY207733.1	943	1283	1	0	1	943
CY207734.1	1282	1530	0	1	1	1530
CY207734.1	1435	1512	24	8	32	1435
CY207734.1	255	931	1	0	1	255
CY207734.1	275	805	1	0	1	275
CY207734.1	280	1559	1	0	1	280
CY207734.1	291	816	1	0	1	291
CY207734.1	313	1387	1	0	1	313
CY207734.1	923	1526	1	0	1	923
CY207735.1	499	729	1	0	1	499
CY207735.1	511	740	18	23	41	511
CY207736.1	1008	1103	1	0	1	1008
CY207736.1	1059	1145	4	7	11	1059
CY207736.1	1065	1221	1	0	1	1065
CY207736.1	1167	1354	0	1	1	1354
CY207736.1	1209	1957	16	23	39	1209
CY207736.1	1234	1531	1	0	1	1234
CY207736.1	1273	2018	0	1	1	2018
CY207736.1	1638	2176	8	6	14	1638
CY207736.1	1869	1915	17	14	31	1869
CY207736.1	2006	2043	14	6	20	2006
CY207736.1	250	1452	1	0	1	250
CY207736.1	303	2027	0	2	2	2027
CY207736.1	324	969	1	0	1	324
CY207736.1	333	2167	1	27	28	333
CY207736.1	409	2058	10	47	57	409
CY207736.1	417	1947	2	3	5	417
CY207736.1	499	1963	3	0	3	499
CY207736.1	502	1999	3	2	5	502
CY207736.1	503	2063	7	18	25	503
CY207736.1	503	2068	13	20	33	503
CY207736.1	514	1870	23	5	28	514
CY207736.1	514	2042	1	0	1	514
CY207736.1	515	2043	5	11	16	515
CY207736.1	554	2041	3	4	7	554
CY207736.1	567	1273	0	1	1	1273
CY207736.1	623	1927	16	5	21	623
CY207736.1	637	1943	0	1	1	1943
CY207736.1	638	979	0	1	1	979
CY207736.1	686	1952	10	9	19	686
CY207736.1	699	1691	1	0	1	699
CY207736.1	736	2048	0	1	1	2048
CY207736.1	740	1716	1	0	1	740
CY207736.1	741	1757	20	12	32	741
CY207736.1	791	1987	1	0	1	791
CY207736.1	851	1113	0	1	1	1113
CY207736.1	905	1980	0	1	1	1980
CY207736.1	962	2092	0	1	1	2092
CY207736.1	967	2228	1	0	1	967
CY207736.1	972	1035	0	1	1	1035
CY207736.1	973	1064	0	4	4	1064
CY207737.1	2344	2450	0	4	4	2450
CY207737.1	2355	2380	5	3	8	2355
CY207737.1	241	267	5	0	5	241
CY207737.1	294	338	4	0	4	294
CY207737.1	337	2093	1	0	1	337
CY207737.1	559	842	0	1	1	842
CY207738.1	1292	1696	1	0	1	1292
CY207738.1	1772	2242	1	0	1	1772
CY207738.1	1917	1952	0	1	1	1952
CY207738.1	2093	2117	12	10	22	2093
CY207738.1	2161	2323	1	0	1	2161
CY207738.1	2208	2251	19	7	26	2208
CY207738.1	2218	2391	1	0	1	2218
CY207738.1	2312	2401	15	7	22	2312
CY207738.1	2361	2416	1	2	3	2361
CY207738.1	286	1808	1	0	1	286
CY207738.1	321	2324	1	0	1	321
CY207738.1	325	2331	1	0	1	325
CY207738.1	326	2332	28	31	59	326
CY207738.1	351	728	1	0	1	351
CY207738.1	362	2313	20	40	60	362
CY207738.1	367	2209	8	48	56	367
CY207738.1	367	2317	17	45	62	367
CY207738.1	375	2215	12	61	73	375
CY207738.1	382	1649	0	1	1	1649
CY207738.1	386	2210	16	65	81	386
CY207738.1	386	2254	2	42	44	386
CY207738.1	404	2222	0	1	1	2222
CY207738.1	414	2221	1	0	1	414
CY207738.1	417	2330	0	1	1	2330
CY207738.1	432	2233	0	1	1	2233
CY207738.1	454	2189	12	69	81	454
CY207738.1	481	2153	1	0	1	481
CY207738.1	483	2153	5	26	31	483
CY207738.1	489	2186	16	59	75	489
CY207738.1	543	1947	8	29	37	543
CY207738.1	635	2388	1	0	1	635
CY207738.1	675	1997	4	1	5	675
CY207738.1	687	903	1	0	1	687
CY207738.1	753	1539	1	0	1	753
CY207738.1	896	1753	1	0	1	896
