Segment	Start	Stop	Forward_support	Reverse_support	Total_support	Fuzz_factor
CY207731.1	1009	1748	0	1	1	1748
CY207731.1	1024	1436	1	0	1	1024
CY207731.1	1045	1786	0	1	1	1786
CY207731.1	1046	1610	0	1	1	1610
CY207731.1	1159	1887	0	1	1	1887
CY207731.1	1160	1600	0	1	1	1600
CY207731.1	1199	1717	1	0	1	1199
CY207731.1	1217	1658	0	1	1	1658
CY207731.1	1267	1341	0	2	2	1341
CY207731.1	1268	1582	0	1	1	1582
CY207731.1	1356	1647	0	2	2	1647
CY207731.1	1362	1554	0	1	1	1554
CY207731.1	1368	1750	0	1	1	1750
CY207731.1	1376	1536	1	0	1	1376
CY207731.1	1377	1912	0	1	1	1912
CY207731.1	1409	1837	0	1	1	1837
CY207731.1	1490	1631	1	0	1	1490
CY207731.1	1496	1544	0	1	1	1544
CY207731.1	1607	1706	1	0	1	1607
CY207731.1	1648	1784	0	1	1	1784
CY207731.1	248	1132	1	0	1	248
CY207731.1	254	324	1	0	1	254
CY207731.1	259	1596	1	0	1	259
CY207731.1	282	1728	1	0	1	282
CY207731.1	289	1736	1	0	1	289
CY207731.1	290	1660	1	0	1	290
CY207731.1	333	946	1	0	1	333
CY207731.1	365	902	1	0	1	365
CY207731.1	369	1411	0	1	1	1411
CY207731.1	380	1077	0	1	1	1077
CY207731.1	392	430	0	3	3	430
CY207731.1	414	1408	0	1	1	1408
CY207731.1	415	1191	0	1	1	1191
CY207731.1	425	697	0	1	1	697
CY207731.1	435	1660	1	0	1	435
CY207731.1	447	966	1	0	1	447
CY207731.1	449	1375	0	1	1	1375
CY207731.1	455	1626	0	1	1	1626
CY207731.1	457	846	1	0	1	457
CY207731.1	477	1264	0	1	1	1264
CY207731.1	479	1169	0	1	1	1169
CY207731.1	518	1596	0	1	1	1596
CY207731.1	526	1712	0	1	1	1712
CY207731.1	527	1555	0	1	1	1555
CY207731.1	527	1727	1	0	1	527
CY207731.1	533	1503	1	0	1	533
CY207731.1	540	1438	0	1	1	1438
CY207731.1	551	664	1	0	1	551
CY207731.1	562	1396	1	0	1	562
CY207731.1	564	650	1	0	1	564
CY207731.1	567	1333	1	0	1	567
CY207731.1	567	1619	0	1	1	1619
CY207731.1	568	1204	1	0	1	568
CY207731.1	576	1201	1	0	1	576
CY207731.1	577	1753	0	1	1	1753
CY207731.1	583	863	0	1	1	863
CY207731.1	620	1441	1	0	1	620
CY207731.1	627	792	1	0	1	627
CY207731.1	642	868	0	1	1	868
CY207731.1	671	1389	0	1	1	1389
CY207731.1	682	1195	1	0	1	682
CY207731.1	692	1046	1	0	1	692
CY207731.1	721	1803	1	0	1	721
CY207731.1	725	1811	1	0	1	725
CY207731.1	743	1775	1	0	1	743
CY207731.1	760	1438	0	1	1	1438
CY207731.1	802	1686	0	1	1	1686
CY207731.1	812	1684	0	1	1	1684
CY207731.1	812	912	0	1	1	912
CY207731.1	852	891	1	0	1	852
CY207731.1	900	1702	1	0	1	900
CY207731.1	935	1491	0	1	1	1491
CY207731.1	950	1105	1	0	1	950
CY207732.1	1015	1149	1	1	2	1015
CY207732.1	1031	1148	0	1	1	1148
CY207732.1	1064	1157	0	1	1	1157
CY207732.1	254	632	1	0	1	254
CY207732.1	263	1028	1	0	1	263
CY207732.1	268	550	1	0	1	268
CY207732.1	272	662	1	0	1	272
CY207732.1	272	707	1	0	1	272
CY207732.1	275	848	1	0	1	275
CY207732.1	281	1016	1	0	1	281
CY207732.1	281	498	1	0	1	281
CY207732.1	290	936	1	0	1	290
CY207732.1	300	796	1	0	1	300
CY207732.1	313	726	1	0	1	313
CY207732.1	347	573	1	1	2	347
CY207732.1	354	997	1	0	1	354
CY207732.1	371	573	1	0	1	371
CY207732.1	387	608	1	0	1	387
CY207732.1	393	970	0	1	1	970
CY207732.1	394	1028	1	0	1	394
CY207732.1	394	417	0	1	1	417
CY207732.1	402	740	1	0	1	402
CY207732.1	403	825	0	1	1	825
CY207732.1	403	865	1	0	1	403
CY207732.1	424	1054	0	1	1	1054
CY207732.1	429	537	0	1	1	537
CY207732.1	439	1131	0	1	1	1131
CY207732.1	443	917	0	1	1	917
CY207732.1	452	1047	0	1	1	1047
CY207732.1	471	824	0	1	1	824
CY207732.1	498	1144	0	1	1	1144
CY207732.1	499	747	0	1	1	747
CY207732.1	499	799	0	1	1	799
CY207732.1	500	555	1	0	1	500
CY207732.1	500	606	0	1	1	606
CY207732.1	500	706	1	0	1	500
CY207732.1	501	728	1	0	1	501
CY207732.1	512	601	0	2	2	601
CY207732.1	520	763	0	1	1	763
CY207732.1	538	636	0	1	1	636
CY207732.1	550	608	0	1	1	608
CY207732.1	550	783	0	1	1	783
CY207732.1	551	620	1	0	1	551
CY207732.1	579	842	1	0	1	579
CY207732.1	588	825	1	0	1	588
CY207732.1	589	862	1	0	1	589
CY207732.1	593	1023	1	0	1	593
CY207732.1	595	1066	0	1	1	1066
CY207732.1	612	1166	0	1	1	1166
CY207732.1	613	708	1	0	1	613
CY207732.1	622	1138	0	1	1	1138
CY207732.1	624	846	1	0	1	624
CY207732.1	628	912	1	0	1	628
CY207732.1	630	1096	0	1	1	1096
CY207732.1	647	859	0	1	1	859
CY207732.1	654	940	1	0	1	654
CY207732.1	667	980	0	1	1	980
CY207732.1	675	1115	0	1	1	1115
CY207732.1	679	815	0	2	2	815
CY207732.1	701	1066	0	1	1	1066
CY207732.1	715	965	2	1	3	715
CY207732.1	718	860	1	3	4	718
CY207732.1	752	1017	1	0	1	752
CY207732.1	752	1040	1	0	1	752
CY207732.1	758	954	1	0	1	758
CY207732.1	768	1118	0	1	1	1118
CY207732.1	782	1150	0	1	1	1150
CY207732.1	790	1009	1	0	1	790
CY207732.1	797	858	0	1	1	858
CY207732.1	798	826	0	1	1	826
CY207732.1	817	950	1	0	1	817
CY207732.1	854	976	1	0	1	854
CY207732.1	933	1019	1	0	1	933
CY207732.1	998	1137	0	1	1	1137
CY207733.1	1090	1184	1	0	1	1090
CY207733.1	1094	1209	1	0	1	1094
CY207733.1	1203	1304	1	0	1	1203
CY207733.1	241	1445	2	0	2	241
CY207733.1	244	1487	1	0	1	244
CY207733.1	253	1144	1	0	1	253
CY207733.1	284	1204	1	0	1	284
CY207733.1	307	1448	1	0	1	307
CY207733.1	347	1164	0	1	1	1164
CY207733.1	359	930	0	1	1	930
CY207733.1	387	1065	1	0	1	387
CY207733.1	400	1597	0	1	1	1597
CY207733.1	406	1180	0	1	1	1180
CY207733.1	408	1121	0	1	1	1121
CY207733.1	426	1471	0	1	1	1471
CY207733.1	436	749	1	0	1	436
CY207733.1	520	801	1	0	1	520
CY207733.1	531	1253	0	1	1	1253
CY207733.1	533	1052	0	1	1	1052
CY207733.1	537	1045	0	1	1	1045
CY207733.1	557	586	1	0	1	557
CY207733.1	583	1298	1	0	1	583
CY207733.1	614	885	0	1	1	885
CY207733.1	617	1365	1	0	1	617
CY207733.1	678	781	0	1	1	781
CY207733.1	697	1252	1	0	1	697
CY207733.1	700	896	0	1	1	896
CY207733.1	713	1170	1	0	1	713
CY207733.1	748	1311	0	1	1	1311
CY207733.1	798	1461	0	1	1	1461
CY207733.1	856	1067	0	1	1	1067
CY207733.1	941	1266	0	1	1	1266
CY207734.1	1008	1442	0	1	1	1442
CY207734.1	1013	1296	0	1	1	1296
CY207734.1	1078	1464	0	1	1	1464
CY207734.1	1079	1240	0	1	1	1240
CY207734.1	1130	1195	0	1	1	1195
CY207734.1	1143	1168	1	0	1	1143
CY207734.1	1180	1361	0	1	1	1361
CY207734.1	1240	1479	1	0	1	1240
CY207734.1	1343	1395	0	1	1	1395
CY207734.1	1354	1597	1	0	1	1354
CY207734.1	1429	1580	1	0	1	1429
CY207734.1	1442	1566	1	0	1	1442
CY207734.1	1471	1587	0	1	1	1587
CY207734.1	1490	1571	0	1	1	1571
CY207734.1	1498	1644	1	0	1	1498
CY207734.1	1544	1617	0	1	1	1617
CY207734.1	1564	1686	0	1	1	1686
CY207734.1	1569	1603	0	1	1	1603
CY207734.1	1585	1671	0	1	1	1671
CY207734.1	1589	1695	0	1	1	1695
CY207734.1	1640	1674	0	1	1	1674
CY207734.1	242	1575	1	0	1	242
CY207734.1	245	993	1	0	1	245
CY207734.1	246	603	1	0	1	246
CY207734.1	264	1304	1	0	1	264
CY207734.1	271	412	1	0	1	271
CY207734.1	279	337	1	0	1	279
CY207734.1	280	718	1	0	1	280
CY207734.1	285	609	1	0	1	285
CY207734.1	286	1453	1	0	1	286
CY207734.1	289	1644	1	0	1	289
CY207734.1	405	814	0	1	1	814
CY207734.1	408	794	1	0	1	408
CY207734.1	422	1719	0	1	1	1719
CY207734.1	424	1356	0	1	1	1356
CY207734.1	424	579	1	0	1	424
CY207734.1	429	1019	1	0	1	429
CY207734.1	432	879	0	1	1	879
CY207734.1	437	1429	0	1	1	1429
CY207734.1	457	1620	0	1	1	1620
CY207734.1	465	1590	1	0	1	465
CY207734.1	482	1094	1	0	1	482
CY207734.1	508	1498	0	1	1	1498
CY207734.1	513	1491	0	1	1	1491
CY207734.1	521	1422	1	0	1	521
CY207734.1	521	1621	0	1	1	1621
CY207734.1	522	1716	0	1	1	1716
CY207734.1	535	1494	0	1	1	1494
CY207734.1	544	1607	1	0	1	544
CY207734.1	559	697	0	1	1	697
CY207734.1	563	819	1	0	1	563
CY207734.1	573	805	1	0	1	573
CY207734.1	574	603	0	1	1	603
CY207734.1	591	1157	1	0	1	591
CY207734.1	628	1430	0	1	1	1430
CY207734.1	633	1063	1	0	1	633
CY207734.1	657	682	1	0	1	657
CY207734.1	677	1375	1	0	1	677
CY207734.1	679	859	1	0	1	679
CY207734.1	690	829	1	0	1	690
CY207734.1	717	1204	0	1	1	1204
CY207734.1	721	1332	0	1	1	1332
CY207734.1	732	1466	1	0	1	732
CY207734.1	737	1377	1	0	1	737
CY207734.1	742	1469	1	0	1	742
CY207734.1	742	1598	0	1	1	1598
CY207734.1	762	1324	0	1	1	1324
CY207734.1	795	1232	0	1	1	1232
CY207734.1	819	1147	1	0	1	819
CY207734.1	824	1049	2	1	3	824
CY207734.1	825	1192	1	0	1	825
CY207734.1	833	1511	0	1	1	1511
CY207734.1	842	1551	0	1	1	1551
CY207734.1	868	916	0	1	1	916
CY207734.1	879	1338	0	1	1	1338
CY207734.1	894	1316	1	0	1	894
CY207734.1	896	1186	0	1	1	1186
CY207734.1	912	1540	0	1	1	1540
CY207734.1	917	1004	0	1	1	1004
CY207734.1	926	1312	0	1	1	1312
CY207734.1	971	1042	0	1	1	1042
CY207734.1	978	1045	0	1	1	1045
CY207735.1	244	965	1	0	1	244
CY207735.1	283	952	4	0	4	283
CY207735.1	287	930	1	0	1	287
CY207735.1	342	576	1	1	2	342
CY207735.1	390	549	0	1	1	549
CY207735.1	427	864	0	1	1	864
CY207735.1	499	729	1	0	1	499
CY207735.1	511	740	9	36	45	511
CY207735.1	519	746	1	2	3	519
CY207736.1	1010	2245	0	1	1	2245
CY207736.1	1013	1199	1	0	1	1013
CY207736.1	1073	2355	0	1	1	2355
CY207736.1	1084	1167	1	0	1	1084
CY207736.1	1085	2266	0	1	1	2266
CY207736.1	1088	1168	0	1	1	1168
CY207736.1	1090	1506	0	1	1	1506
CY207736.1	1092	2294	0	1	1	2294
CY207736.1	1095	2005	2	1	3	1095
CY207736.1	1100	2286	0	1	1	2286
CY207736.1	1117	1417	1	0	1	1117
CY207736.1	1199	1422	1	0	1	1199
CY207736.1	1209	1957	1	1	2	1209
CY207736.1	1211	2043	0	1	1	2043
CY207736.1	1219	1972	1	0	1	1219
CY207736.1	1230	1556	0	1	1	1556
CY207736.1	1258	1647	0	1	1	1647
CY207736.1	1277	1962	1	0	1	1277
CY207736.1	1300	1982	1	0	1	1300
CY207736.1	1325	1496	0	1	1	1496
CY207736.1	1332	2005	0	1	1	2005
CY207736.1	1360	1591	0	1	1	1591
CY207736.1	1375	1995	0	1	1	1995
CY207736.1	1387	1514	0	1	1	1514
CY207736.1	1457	2262	0	1	1	2262
CY207736.1	1517	2123	0	1	1	2123
CY207736.1	1543	1859	1	0	1	1543
CY207736.1	1544	2007	0	1	1	2007
CY207736.1	1566	1995	1	6	7	1566
CY207736.1	1567	2204	0	1	1	2204
CY207736.1	1585	2248	1	0	1	1585
CY207736.1	1627	2058	0	1	1	2058
CY207736.1	1627	2377	0	1	1	2377
CY207736.1	1638	2176	1	0	1	1638
CY207736.1	1662	2198	1	0	1	1662
CY207736.1	1676	1755	1	0	1	1676
CY207736.1	1690	1995	0	1	1	1995
CY207736.1	1691	1883	1	0	1	1691
CY207736.1	1704	1744	0	1	1	1744
CY207736.1	1748	1801	0	1	1	1801
CY207736.1	1760	1958	0	1	1	1958
CY207736.1	1790	2007	0	1	1	2007
CY207736.1	1821	2129	1	0	1	1821
CY207736.1	1832	1953	0	1	1	1953
CY207736.1	1894	2026	1	0	1	1894
CY207736.1	1940	2048	1	0	1	1940
CY207736.1	2048	2149	0	1	1	2149
CY207736.1	2118	2273	0	1	1	2273
CY207736.1	2132	2156	1	0	1	2132
CY207736.1	2144	2200	0	1	1	2200
CY207736.1	2201	2381	0	1	1	2381
CY207736.1	272	449	1	0	1	272
CY207736.1	286	765	1	0	1	286
CY207736.1	287	2127	1	0	1	287
CY207736.1	293	2216	1	1	2	293
CY207736.1	325	2191	0	2	2	2191
CY207736.1	350	1285	0	1	1	1285
CY207736.1	360	2142	0	1	1	2142
CY207736.1	368	2144	23	113	136	368
CY207736.1	369	954	1	0	1	369
CY207736.1	385	2155	0	3	3	2155
CY207736.1	386	2144	0	1	1	2144
CY207736.1	392	417	0	3	3	417
CY207736.1	400	1404	1	0	1	400
CY207736.1	409	1970	1	0	1	409
CY207736.1	409	2148	0	2	2	2148
CY207736.1	410	2134	0	1	1	2134
CY207736.1	411	2153	0	1	1	2153
CY207736.1	427	2063	0	1	1	2063
CY207736.1	443	660	1	0	1	443
CY207736.1	459	2141	0	2	2	2141
CY207736.1	466	1967	1	0	1	466
CY207736.1	467	1739	0	1	1	1739
CY207736.1	508	1723	1	0	1	508
CY207736.1	510	700	1	0	1	510
CY207736.1	525	2066	1	0	1	525
CY207736.1	526	2238	1	0	1	526
CY207736.1	543	2028	1	0	1	543
CY207736.1	547	2043	1	0	1	547
CY207736.1	566	2004	1	0	1	566
CY207736.1	584	1509	1	0	1	584
CY207736.1	584	1961	1	0	1	584
CY207736.1	596	2002	1	0	1	596
CY207736.1	623	2170	1	0	1	623
CY207736.1	645	2062	1	0	1	645
CY207736.1	677	1574	1	0	1	677
CY207736.1	677	2274	0	1	1	2274
CY207736.1	678	1955	2	0	2	678
CY207736.1	680	2240	1	0	1	680
CY207736.1	685	1843	1	0	1	685
CY207736.1	686	1952	1	0	1	686
CY207736.1	688	2080	0	1	1	2080
CY207736.1	691	1766	0	1	1	1766
CY207736.1	699	1995	1	3	4	699
CY207736.1	702	1888	1	0	1	702
CY207736.1	709	1802	1	0	1	709
CY207736.1	716	1746	1	0	1	716
CY207736.1	718	1759	0	1	1	1759
CY207736.1	723	1994	6	2	8	723
CY207736.1	726	913	0	1	1	913
CY207736.1	740	1716	1	0	1	740
CY207736.1	750	1841	0	1	1	1841
CY207736.1	767	1952	1	1	2	767
CY207736.1	788	1338	0	1	1	1338
CY207736.1	790	1432	1	0	1	790
CY207736.1	794	1153	1	0	1	794
CY207736.1	814	1710	1	0	1	814
CY207736.1	823	1719	1	0	1	823
CY207736.1	824	2377	0	1	1	2377
CY207736.1	839	866	0	1	1	866
CY207736.1	840	1296	0	1	1	1296
CY207736.1	847	1956	0	1	1	1956
CY207736.1	853	1914	0	1	1	1914
CY207736.1	878	1977	0	1	1	1977
CY207736.1	891	1800	1	0	1	891
CY207736.1	903	2022	0	1	1	2022
CY207736.1	918	1866	0	1	1	1866
CY207736.1	924	2257	1	1	2	924
CY207736.1	937	2253	0	1	1	2253
CY207736.1	953	2004	0	1	1	2004
CY207736.1	982	2091	1	0	1	982
CY207736.1	983	1909	0	1	1	1909
CY207736.1	993	1092	0	1	1	1092
CY207736.1	996	1822	1	0	1	996
CY207736.1	998	2358	0	1	1	2358
CY207737.1	1036	1216	1	0	1	1036
CY207737.1	1099	1122	0	1	1	1122
CY207737.1	1195	2079	1	0	1	1195
CY207737.1	1207	1656	1	0	1	1207
CY207737.1	1306	2043	1	3	4	1306
CY207737.1	1335	1735	1	0	1	1335
CY207737.1	1359	2363	0	1	1	2363
CY207737.1	1409	1734	1	0	1	1409
CY207737.1	1459	2206	0	1	1	2206
CY207737.1	1473	2145	1	0	1	1473
CY207737.1	1528	1954	1	0	1	1528
CY207737.1	1534	1961	1	0	1	1534
CY207737.1	1588	1615	0	1	1	1615
CY207737.1	1594	2266	0	1	1	2266
CY207737.1	1619	2161	0	1	1	2161
CY207737.1	1622	1767	0	1	1	1767
CY207737.1	1695	1789	1	0	1	1695
CY207737.1	1701	2005	0	1	1	2005
CY207737.1	1740	2185	0	1	1	2185
CY207737.1	1758	1798	0	1	1	1798
CY207737.1	1763	2047	0	1	1	2047
CY207737.1	1783	1914	0	1	1	1914
CY207737.1	1792	1886	0	1	1	1886
CY207737.1	1891	1933	0	1	1	1933
CY207737.1	1891	2098	0	1	1	2098
CY207737.1	1944	2308	1	0	1	1944
CY207737.1	1955	2149	0	1	1	2149
CY207737.1	2018	2452	1	0	1	2018
CY207737.1	2062	2415	1	0	1	2062
CY207737.1	2065	2102	0	1	1	2102
CY207737.1	2070	2103	1	0	1	2070
CY207737.1	235	293	3	0	3	235
CY207737.1	240	262	1	0	1	240
CY207737.1	2414	2450	0	1	1	2450
CY207737.1	258	742	1	0	1	258
CY207737.1	281	1524	1	0	1	281
CY207737.1	287	2302	1	0	1	287
CY207737.1	321	2347	1	0	1	321
CY207737.1	357	2238	1	0	1	357
CY207737.1	370	2302	11	0	11	370
CY207737.1	381	2184	0	1	1	2184
CY207737.1	385	1568	0	1	1	1568
CY207737.1	395	2355	0	1	1	2355
CY207737.1	424	2204	0	1	1	2204
CY207737.1	435	2211	1	0	1	435
CY207737.1	456	809	1	0	1	456
CY207737.1	459	1042	1	0	1	459
CY207737.1	462	2103	0	2	2	2103
CY207737.1	472	2247	0	2	2	2247
CY207737.1	476	2102	0	1	1	2102
CY207737.1	549	2096	0	1	1	2096
CY207737.1	552	2343	18	3	21	552
CY207737.1	553	2186	1	0	1	553
CY207737.1	554	826	1	0	1	554
CY207737.1	593	1816	0	1	1	1816
CY207737.1	602	1997	1	1	2	602
CY207737.1	622	1681	1	0	1	622
CY207737.1	626	2232	3	1	4	626
CY207737.1	633	2117	1	0	1	633
CY207737.1	657	754	0	1	1	754
CY207737.1	674	1712	0	1	1	1712
CY207737.1	681	1802	0	1	1	1802
CY207737.1	832	1985	0	1	1	1985
CY207737.1	842	1383	1	0	1	842
CY207737.1	855	1011	1	0	1	855
CY207737.1	904	2230	0	1	1	2230
CY207737.1	939	1861	2	0	2	939
CY207737.1	967	1236	1	0	1	967
CY207738.1	1006	1033	0	1	1	1033
CY207738.1	1012	2495	0	1	1	2495
CY207738.1	1062	2248	0	2	2	2248
CY207738.1	1063	1652	2	1	3	1063
CY207738.1	1091	2403	1	0	1	1091
CY207738.1	1101	1893	1	0	1	1101
CY207738.1	1102	2033	1	0	1	1102
CY207738.1	1108	1428	0	1	1	1428
CY207738.1	1117	1259	0	1	1	1259
CY207738.1	1164	1280	1	0	1	1164
CY207738.1	1178	1408	1	0	1	1178
CY207738.1	1191	1396	0	1	1	1396
CY207738.1	1221	1786	1	0	1	1221
CY207738.1	1259	2305	0	1	1	2305
CY207738.1	1275	1920	1	0	1	1275
CY207738.1	1289	1662	0	1	1	1662
CY207738.1	1312	2162	1	0	1	1312
CY207738.1	1339	2176	1	0	1	1339
CY207738.1	1345	2132	0	1	1	2132
CY207738.1	1382	1623	1	0	1	1382
CY207738.1	1393	2039	0	1	1	2039
CY207738.1	1409	2303	0	1	1	2303
CY207738.1	1423	1972	0	1	1	1972
CY207738.1	1442	2204	0	1	1	2204
CY207738.1	1468	1739	1	0	1	1468
CY207738.1	1469	2273	1	0	1	1469
CY207738.1	1491	1797	1	0	1	1491
CY207738.1	1492	1639	0	1	1	1639
CY207738.1	1496	2320	1	0	1	1496
CY207738.1	1503	1671	0	1	1	1671
CY207738.1	1504	2010	0	1	1	2010
CY207738.1	1526	2086	0	1	1	2086
CY207738.1	1529	1787	0	1	1	1787
CY207738.1	1532	2470	0	1	1	2470
CY207738.1	1550	1868	0	1	1	1868
CY207738.1	1651	2036	1	1	2	1651
CY207738.1	1670	1796	0	1	1	1796
CY207738.1	1674	2317	0	1	1	2317
CY207738.1	1691	2343	1	0	1	1691
CY207738.1	1770	1852	0	1	1	1852
CY207738.1	1776	1898	1	0	1	1776
CY207738.1	1833	1967	1	0	1	1833
CY207738.1	1882	2174	0	1	1	2174
CY207738.1	1917	1949	0	1	1	1949
CY207738.1	1950	2384	0	1	1	2384
CY207738.1	2087	2238	1	0	1	2087
CY207738.1	2094	2323	0	1	1	2323
CY207738.1	2166	2195	0	1	1	2195
CY207738.1	2173	2333	1	0	1	2173
CY207738.1	284	2041	1	0	1	284
CY207738.1	335	1574	1	0	1	335
CY207738.1	345	2386	1	0	1	345
CY207738.1	369	1673	0	1	1	1673
CY207738.1	373	461	1	0	1	373
CY207738.1	375	1642	0	1	1	1642
CY207738.1	393	2289	0	1	1	2289
CY207738.1	394	792	0	1	1	792
CY207738.1	422	1069	0	1	1	1069
CY207738.1	427	780	0	1	1	780
CY207738.1	456	1168	0	1	1	1168
CY207738.1	467	825	0	1	1	825
CY207738.1	468	2321	1	0	1	468
CY207738.1	471	2317	1	0	1	471
CY207738.1	472	1953	0	1	1	1953
CY207738.1	489	1390	0	1	1	1390
CY207738.1	490	1782	0	1	1	1782
CY207738.1	493	1598	1	0	1	493
CY207738.1	502	1258	1	0	1	502
CY207738.1	504	1605	0	1	1	1605
CY207738.1	506	1348	0	1	1	1348
CY207738.1	527	2340	1	0	1	527
CY207738.1	529	1924	0	1	1	1924
CY207738.1	537	621	0	1	1	621
CY207738.1	548	613	1	0	1	548
CY207738.1	564	1651	0	1	1	1651
CY207738.1	614	1212	0	1	1	1212
CY207738.1	645	2028	0	1	1	2028
CY207738.1	648	2388	1	0	1	648
CY207738.1	649	2062	0	1	1	2062
CY207738.1	698	1925	1	1	2	698
CY207738.1	707	1832	1	0	1	707
CY207738.1	773	1274	0	1	1	1274
CY207738.1	774	2183	1	0	1	774
CY207738.1	776	2223	0	1	1	2223
CY207738.1	779	1450	0	1	1	1450
CY207738.1	807	856	0	1	1	856
CY207738.1	821	1612	1	0	1	821
CY207738.1	829	1833	1	0	1	829
CY207738.1	831	2080	0	1	1	2080
CY207738.1	835	1118	0	1	1	1118
CY207738.1	837	1869	1	0	1	837
CY207738.1	840	1031	0	1	1	1031
CY207738.1	870	2204	0	1	1	2204
CY207738.1	878	1881	0	1	1	1881
CY207738.1	894	2020	1	0	1	894
CY207738.1	899	2112	1	0	1	899
CY207738.1	906	1573	1	0	1	906
CY207738.1	955	1940	0	1	1	1940
CY207738.1	984	1165	1	0	1	984
