Segment	Start	Stop	Forward_support	Reverse_support	Total_support	Fuzz_factor
CY207731.1	1025	1313	3	1	4	1025
CY207731.1	1040	1150	1	0	1	1040
CY207731.1	1063	1268	0	1	1	1268
CY207731.1	1113	1640	1	0	1	1113
CY207731.1	1185	1806	0	1	1	1806
CY207731.1	1215	1276	0	1	1	1276
CY207731.1	1223	1702	0	1	1	1702
CY207731.1	1229	1509	1	0	1	1229
CY207731.1	1261	1755	1	0	1	1261
CY207731.1	1282	1460	0	1	1	1460
CY207731.1	1294	1663	0	1	1	1663
CY207731.1	1296	1329	1	0	1	1296
CY207731.1	1309	1539	0	1	1	1539
CY207731.1	1339	1364	0	1	1	1364
CY207731.1	1349	1474	1	0	1	1349
CY207731.1	1363	1522	1	3	4	1363
CY207731.1	1370	1395	1	0	1	1370
CY207731.1	1410	1832	0	1	1	1832
CY207731.1	1411	1794	0	1	1	1794
CY207731.1	1412	1670	0	1	1	1670
CY207731.1	1427	1538	0	1	1	1538
CY207731.1	1505	1634	1	0	1	1505
CY207731.1	1512	1651	1	0	1	1512
CY207731.1	1514	1654	0	1	1	1654
CY207731.1	1519	1658	6	5	11	1519
CY207731.1	1533	1899	0	1	1	1899
CY207731.1	1569	1752	0	1	1	1752
CY207731.1	1600	1820	1	0	1	1600
CY207731.1	1629	1683	0	1	1	1683
CY207731.1	1649	1684	5	6	11	1649
CY207731.1	1656	1872	0	1	1	1872
CY207731.1	1664	1788	6	2	8	1664
CY207731.1	1689	1736	1	0	1	1689
CY207731.1	1711	1815	1	0	1	1711
CY207731.1	1748	1801	1	0	1	1748
CY207731.1	248	1859	1	0	1	248
CY207731.1	260	401	1	0	1	260
CY207731.1	263	984	1	0	1	263
CY207731.1	277	404	1	0	1	277
CY207731.1	287	1233	1	0	1	287
CY207731.1	288	380	1	1	2	288
CY207731.1	300	1593	0	1	1	1593
CY207731.1	320	405	1	0	1	320
CY207731.1	352	1712	1	0	1	352
CY207731.1	352	561	0	1	1	561
CY207731.1	364	1870	0	1	1	1870
CY207731.1	369	985	1	0	1	369
CY207731.1	371	1495	1	0	1	371
CY207731.1	391	1832	0	1	1	1832
CY207731.1	410	900	1	0	1	410
CY207731.1	415	835	1	0	1	415
CY207731.1	431	1422	0	1	1	1422
CY207731.1	437	967	0	1	1	967
CY207731.1	450	1893	0	1	1	1893
CY207731.1	452	1038	1	0	1	452
CY207731.1	453	1887	0	1	1	1887
CY207731.1	457	1302	0	1	1	1302
CY207731.1	458	1647	0	1	1	1647
CY207731.1	459	1554	0	1	1	1554
CY207731.1	459	861	1	0	1	459
CY207731.1	463	1149	0	1	1	1149
CY207731.1	467	954	0	1	1	954
CY207731.1	468	1532	0	1	1	1532
CY207731.1	474	1432	1	0	1	474
CY207731.1	475	650	0	1	1	650
CY207731.1	478	1131	1	0	1	478
CY207731.1	484	1871	0	1	1	1871
CY207731.1	492	655	0	1	1	655
CY207731.1	499	1002	0	1	1	1002
CY207731.1	521	1725	1	0	1	521
CY207731.1	526	1058	0	1	1	1058
CY207731.1	527	1727	0	1	1	1727
CY207731.1	530	1615	0	1	1	1615
CY207731.1	532	834	0	1	1	834
CY207731.1	555	937	0	1	1	937
CY207731.1	557	583	0	1	1	583
CY207731.1	561	1018	3	4	7	561
CY207731.1	563	1229	3	1	4	563
CY207731.1	565	1641	7	6	13	565
CY207731.1	569	1047	0	4	4	1047
CY207731.1	570	1161	1	0	1	570
CY207731.1	580	1254	0	1	1	1254
CY207731.1	581	773	0	1	1	773
CY207731.1	608	918	0	1	1	918
CY207731.1	612	1705	1	0	1	612
CY207731.1	616	824	0	1	1	824
CY207731.1	628	990	0	1	1	990
CY207731.1	629	1225	1	0	1	629
CY207731.1	644	792	1	2	3	644
CY207731.1	657	1248	4	3	7	657
CY207731.1	659	1628	1	0	1	659
CY207731.1	664	1028	1	0	1	664
CY207731.1	669	1748	1	0	1	669
CY207731.1	687	1713	1	0	1	687
CY207731.1	721	806	1	0	1	721
CY207731.1	730	1771	0	1	1	1771
CY207731.1	752	1328	1	0	1	752
CY207731.1	775	1777	1	0	1	775
CY207731.1	784	813	1	0	1	784
CY207731.1	790	1105	1	0	1	790
CY207731.1	799	1750	1	0	1	799
CY207731.1	809	1230	1	0	1	809
CY207731.1	819	1706	1	0	1	819
CY207731.1	820	1709	1	0	1	820
CY207731.1	827	1315	0	1	1	1315
CY207731.1	843	1536	0	1	1	1536
CY207731.1	852	1162	0	1	1	1162
CY207731.1	857	1664	1	0	1	857
CY207731.1	857	1805	1	0	1	857
CY207731.1	872	1376	1	0	1	872
CY207731.1	874	1569	1	0	1	874
CY207731.1	888	989	1	0	1	888
CY207731.1	914	1016	1	0	1	914
CY207731.1	926	1831	0	1	1	1831
CY207731.1	977	1275	1	0	1	977
CY207732.1	239	960	1	0	1	239
CY207732.1	255	967	1	0	1	255
CY207732.1	259	973	1	0	1	259
CY207732.1	267	818	1	0	1	267
CY207732.1	268	550	7	0	7	268
CY207732.1	270	1061	1	0	1	270
CY207732.1	271	940	1	0	1	271
CY207732.1	279	904	1	0	1	279
CY207732.1	288	901	1	0	1	288
CY207732.1	311	845	0	1	1	845
CY207732.1	321	802	1	1	2	321
CY207732.1	346	932	1	0	1	346
CY207732.1	347	573	1	2	3	347
CY207732.1	350	1062	0	1	1	1062
CY207732.1	355	712	1	0	1	355
CY207732.1	362	808	0	1	1	808
CY207732.1	363	640	0	1	1	640
CY207732.1	367	754	0	1	1	754
CY207732.1	370	1058	1	0	1	370
CY207732.1	375	917	0	1	1	917
CY207732.1	376	801	1	0	1	376
CY207732.1	383	1153	0	1	1	1153
CY207732.1	394	905	0	1	1	905
CY207732.1	403	506	1	0	1	403
CY207732.1	405	547	0	1	1	547
CY207732.1	410	665	0	1	1	665
CY207732.1	424	1008	1	0	1	424
CY207732.1	427	555	0	1	1	555
CY207732.1	430	599	0	7	7	599
CY207732.1	431	590	0	1	1	590
CY207732.1	444	609	0	1	1	609
CY207732.1	444	971	0	1	1	971
CY207732.1	447	931	1	0	1	447
CY207732.1	449	1065	0	1	1	1065
CY207732.1	484	555	1	0	1	484
CY207732.1	485	959	0	1	1	959
CY207732.1	498	938	0	1	1	938
CY207732.1	502	607	1	0	1	502
CY207732.1	503	1010	0	1	1	1010
CY207732.1	513	825	0	1	1	825
CY207732.1	520	964	0	1	1	964
CY207732.1	525	1151	0	1	1	1151
CY207732.1	528	787	1	0	1	528
CY207732.1	536	870	0	1	1	870
CY207732.1	537	1130	0	1	1	1130
CY207732.1	539	610	0	1	1	610
CY207732.1	540	835	1	0	1	540
CY207732.1	543	1100	0	1	1	1100
CY207732.1	546	1151	0	1	1	1151
CY207732.1	548	1156	0	1	1	1156
CY207732.1	549	897	6	4	10	549
CY207732.1	564	1118	0	1	1	1118
CY207732.1	584	633	1	4	5	584
CY207732.1	584	687	3	2	5	584
CY207732.1	589	862	2	2	4	589
CY207732.1	593	1023	11	2	13	593
CY207732.1	597	754	1	0	1	597
CY207732.1	629	957	1	0	1	629
CY207732.1	660	939	0	1	1	939
CY207732.1	679	815	8	6	14	679
CY207732.1	681	964	10	2	12	681
CY207732.1	683	781	1	0	1	683
CY207732.1	683	824	1	0	1	683
CY207732.1	685	839	0	1	1	839
CY207732.1	697	772	0	2	2	772
CY207732.1	705	885	0	1	1	885
CY207732.1	706	887	3	0	3	706
CY207732.1	715	965	12	2	14	715
CY207732.1	718	860	4	3	7	718
CY207732.1	743	873	1	0	1	743
CY207732.1	759	1055	1	0	1	759
CY207732.1	767	828	0	2	2	828
CY207732.1	777	820	0	1	1	820
CY207732.1	790	833	3	1	4	790
CY207732.1	792	862	5	5	10	792
CY207732.1	834	960	0	1	1	960
CY207732.1	870	1143	0	1	1	1143
CY207732.1	884	1172	0	1	1	1172
CY207732.1	907	954	0	1	1	954
CY207732.1	933	1019	2	0	2	933
CY207732.1	996	1080	0	1	1	1080
CY207733.1	1037	1093	1	0	1	1037
CY207733.1	1105	1208	0	1	1	1208
CY207733.1	1183	1318	3	0	3	1183
CY207733.1	1186	1219	0	1	1	1219
CY207733.1	1293	1554	0	1	1	1554
CY207733.1	1330	1359	1	1	2	1330
CY207733.1	264	928	1	0	1	264
CY207733.1	273	1444	1	0	1	273
CY207733.1	282	659	1	0	1	282
CY207733.1	379	1465	2	4	6	379
CY207733.1	380	1298	2	4	6	380
CY207733.1	395	783	0	1	1	783
CY207733.1	411	1464	0	1	1	1464
CY207733.1	448	946	1	0	1	448
CY207733.1	531	556	0	1	1	556
CY207733.1	550	1344	1	0	1	550
CY207733.1	555	1481	1	0	1	555
CY207733.1	567	907	1	0	1	567
CY207733.1	589	1365	1	0	1	589
CY207733.1	593	1236	1	0	1	593
CY207733.1	611	1585	0	1	1	1585
CY207733.1	657	1389	1	0	1	657
CY207733.1	696	1344	1	0	1	696
CY207733.1	802	921	2	1	3	802
CY207733.1	928	1103	1	0	1	928
CY207733.1	954	1171	2	3	5	954
CY207734.1	1000	1234	0	1	1	1234
CY207734.1	1005	1296	1	0	1	1005
CY207734.1	1012	1084	0	1	1	1084
CY207734.1	1014	1296	0	1	1	1296
CY207734.1	1017	1126	0	1	1	1126
CY207734.1	1038	1065	0	1	1	1065
CY207734.1	1045	1681	0	1	1	1681
CY207734.1	1056	1443	0	1	1	1443
CY207734.1	1103	1322	0	1	1	1322
CY207734.1	1103	1421	1	0	1	1103
CY207734.1	1111	1191	0	1	1	1191
CY207734.1	1137	1228	1	3	4	1137
CY207734.1	1224	1582	1	0	1	1224
CY207734.1	1234	1528	0	1	1	1528
CY207734.1	1239	1582	1	0	1	1239
CY207734.1	1255	1301	1	0	1	1255
CY207734.1	1256	1560	0	1	1	1560
CY207734.1	1279	1417	1	0	1	1279
CY207734.1	1289	1469	0	1	1	1469
CY207734.1	1432	1598	0	1	1	1598
CY207734.1	1433	1639	0	1	1	1639
CY207734.1	1544	1625	0	2	2	1625
CY207734.1	1580	1697	0	1	1	1697
CY207734.1	237	793	1	0	1	237
CY207734.1	286	1660	1	0	1	286
CY207734.1	290	1413	1	0	1	290
CY207734.1	290	545	1	0	1	290
CY207734.1	332	1525	0	1	1	1525
CY207734.1	369	1556	0	1	1	1556
CY207734.1	376	1564	0	2	2	1564
CY207734.1	389	1207	0	1	1	1207
CY207734.1	392	1538	1	2	3	392
CY207734.1	403	1367	0	1	1	1367
CY207734.1	412	1708	0	1	1	1708
CY207734.1	420	1251	1	0	1	420
CY207734.1	425	562	1	0	1	425
CY207734.1	427	579	0	1	1	579
CY207734.1	435	1229	0	1	1	1229
CY207734.1	438	624	0	1	1	624
CY207734.1	448	848	0	1	1	848
CY207734.1	449	1265	1	0	1	449
CY207734.1	455	1293	1	0	1	455
CY207734.1	475	1204	0	1	1	1204
CY207734.1	478	994	0	1	1	994
CY207734.1	487	881	1	0	1	487
CY207734.1	489	1152	0	1	1	1152
CY207734.1	513	583	0	1	1	583
CY207734.1	514	1422	0	1	1	1422
CY207734.1	522	1167	0	1	1	1167
CY207734.1	524	1444	10	10	20	524
CY207734.1	529	661	0	1	1	661
CY207734.1	538	906	1	0	1	538
CY207734.1	552	767	1	0	1	552
CY207734.1	561	1547	1	0	1	561
CY207734.1	562	1309	1	0	1	562
CY207734.1	571	687	0	1	1	687
CY207734.1	574	1444	0	1	1	1444
CY207734.1	577	914	0	1	1	914
CY207734.1	591	764	0	1	1	764
CY207734.1	591	951	0	1	1	951
CY207734.1	604	1453	1	0	1	604
CY207734.1	622	1624	1	0	1	622
CY207734.1	624	896	1	0	1	624
CY207734.1	645	1006	1	0	1	645
CY207734.1	671	1093	1	0	1	671
CY207734.1	730	1494	0	1	1	1494
CY207734.1	762	1324	1	8	9	762
CY207734.1	774	1497	1	0	1	774
CY207734.1	805	1360	1	0	1	805
CY207734.1	840	1567	1	0	1	840
CY207734.1	844	1048	3	2	5	844
CY207734.1	845	964	1	0	1	845
CY207734.1	858	896	1	0	1	858
CY207734.1	865	932	0	1	1	932
CY207734.1	866	1027	0	1	1	1027
CY207734.1	875	1211	0	1	1	1211
CY207734.1	876	1277	1	0	1	876
CY207734.1	893	1145	1	0	1	893
CY207734.1	918	1162	0	1	1	1162
CY207734.1	926	1344	1	0	1	926
CY207734.1	930	1122	0	1	1	1122
CY207734.1	954	1565	0	1	1	1565
CY207734.1	960	1233	3	2	5	960
CY207734.1	974	1018	0	1	1	1018
CY207734.1	974	1120	0	1	1	1120
CY207734.1	987	1435	1	0	1	987
CY207735.1	246	439	1	0	1	246
CY207735.1	287	912	1	0	1	287
CY207735.1	288	914	39	0	39	288
CY207735.1	427	954	2	2	4	427
CY207735.1	499	729	4	1	5	499
CY207735.1	511	740	33	68	101	511
CY207735.1	519	746	0	2	2	746
CY207735.1	644	733	0	3	3	733
CY207735.1	713	883	1	0	1	713
CY207736.1	1004	1627	1	0	1	1004
CY207736.1	1008	1103	2	1	3	1008
CY207736.1	1022	1326	1	0	1	1022
CY207736.1	1070	1248	1	0	1	1070
CY207736.1	1082	2353	0	1	1	2353
CY207736.1	1084	1875	0	1	1	1875
CY207736.1	1086	1603	4	2	6	1086
CY207736.1	1092	1925	0	1	1	1925
CY207736.1	1095	2005	5	9	14	1095
CY207736.1	1100	2013	0	2	2	2013
CY207736.1	1103	2277	0	1	1	2277
CY207736.1	1116	1276	1	0	1	1116
CY207736.1	1121	1373	1	0	1	1121
CY207736.1	1139	1936	0	1	1	1936
CY207736.1	1140	2212	0	1	1	2212
CY207736.1	1145	1450	1	0	1	1145
CY207736.1	1153	1938	0	1	1	1938
CY207736.1	1213	1587	1	0	1	1213
CY207736.1	1228	2112	1	0	1	1228
CY207736.1	1250	1370	1	0	1	1250
CY207736.1	1253	2250	1	0	1	1253
CY207736.1	1258	1647	17	4	21	1258
CY207736.1	1260	1679	1	0	1	1260
CY207736.1	1276	2297	3	2	5	1276
CY207736.1	1279	2282	0	1	1	2282
CY207736.1	1287	2036	1	0	1	1287
CY207736.1	1355	2089	0	1	1	2089
CY207736.1	1395	2360	0	1	1	2360
CY207736.1	1415	2256	1	0	1	1415
CY207736.1	1438	2056	1	0	1	1438
CY207736.1	1453	1506	1	0	1	1453
CY207736.1	1459	1628	0	1	1	1628
CY207736.1	1554	1834	0	1	1	1834
CY207736.1	1560	2199	1	0	1	1560
CY207736.1	1563	2375	0	1	1	2375
CY207736.1	1566	1995	3	6	9	1566
CY207736.1	1646	2025	0	1	1	2025
CY207736.1	1678	1764	0	1	1	1764
CY207736.1	1699	2094	1	0	1	1699
CY207736.1	1765	2292	1	0	1	1765
CY207736.1	1774	1877	0	1	1	1877
CY207736.1	1776	2064	1	0	1	1776
CY207736.1	1822	2349	0	1	1	2349
CY207736.1	1861	1963	2	1	3	1861
CY207736.1	1897	2123	1	0	1	1897
CY207736.1	1996	2216	0	1	1	2216
CY207736.1	2030	2078	0	1	1	2078
CY207736.1	2134	2254	1	0	1	2134
CY207736.1	2152	2177	7	3	10	2152
CY207736.1	2217	2278	0	1	1	2278
CY207736.1	270	2014	1	0	1	270
CY207736.1	280	368	23	0	23	280
CY207736.1	309	1204	1	0	1	309
CY207736.1	333	2225	4	2	6	333
CY207736.1	351	1898	0	1	1	1898
CY207736.1	374	2277	0	1	1	2277
CY207736.1	388	2285	6	20	26	388
CY207736.1	438	2066	9	5	14	438
CY207736.1	454	2043	0	11	11	2043
CY207736.1	458	519	0	1	1	519
CY207736.1	463	1499	1	0	1	463
CY207736.1	479	2114	1	0	1	479
CY207736.1	481	2080	0	1	1	2080
CY207736.1	482	2063	5	22	27	482
CY207736.1	483	2010	2	2	4	483
CY207736.1	487	2040	5	13	18	487
CY207736.1	497	2028	12	3	15	497
CY207736.1	500	2064	1	3	4	500
CY207736.1	532	729	0	1	1	729
CY207736.1	554	2215	4	1	5	554
CY207736.1	564	2035	1	0	1	564
CY207736.1	567	2172	1	0	1	567
CY207736.1	581	2042	1	3	4	581
CY207736.1	595	2065	2	6	8	595
CY207736.1	596	2002	1	2	3	596
CY207736.1	640	915	0	1	1	915
CY207736.1	642	1750	0	1	1	1750
CY207736.1	642	1920	4	4	8	642
CY207736.1	646	1925	0	1	1	1925
CY207736.1	657	979	1	0	1	657
CY207736.1	669	1437	0	1	1	1437
CY207736.1	686	2345	0	1	1	2345
CY207736.1	688	2166	2	7	9	688
CY207736.1	689	771	1	0	1	689
CY207736.1	694	1648	4	0	4	694
CY207736.1	696	750	1	0	1	696
CY207736.1	699	1376	2	3	5	699
CY207736.1	700	1384	1	0	1	700
CY207736.1	724	1431	0	1	1	1431
CY207736.1	724	2227	0	1	1	2227
CY207736.1	725	1377	1	0	1	725
CY207736.1	728	1871	2	0	2	728
CY207736.1	740	1196	1	0	1	740
CY207736.1	742	2163	6	1	7	742
CY207736.1	757	2353	0	1	1	2353
CY207736.1	767	1910	0	1	1	1910
CY207736.1	767	1952	24	12	36	767
CY207736.1	767	810	0	1	1	810
CY207736.1	775	1995	1	0	1	775
CY207736.1	795	1287	1	0	1	795
CY207736.1	812	2057	0	1	1	2057
CY207736.1	825	1158	1	0	1	825
CY207736.1	825	2293	1	0	1	825
CY207736.1	840	1950	0	2	2	1950
CY207736.1	843	1868	0	1	1	1868
CY207736.1	843	2178	11	5	16	843
CY207736.1	847	1644	1	0	1	847
CY207736.1	848	1599	0	1	1	1599
CY207736.1	869	896	1	0	1	869
CY207736.1	879	1521	0	1	1	1521
CY207736.1	880	1912	1	0	1	880
CY207736.1	893	1666	4	4	8	893
CY207736.1	899	1627	1	0	1	899
CY207736.1	914	2167	0	12	12	2167
CY207736.1	919	1186	0	1	1	1186
CY207736.1	925	1774	0	1	1	1774
CY207736.1	935	1883	1	0	1	935
CY207736.1	950	1454	0	1	1	1454
CY207736.1	952	2146	1	9	10	952
CY207736.1	952	2247	1	0	1	952
CY207736.1	983	1480	0	1	1	1480
CY207737.1	1019	2259	0	1	1	2259
CY207737.1	1027	2136	1	0	1	1027
CY207737.1	1044	1159	0	1	1	1159
CY207737.1	1067	1662	1	0	1	1067
CY207737.1	1100	2111	1	0	1	1100
CY207737.1	1108	2022	0	1	1	2022
CY207737.1	1113	2020	0	1	1	2020
CY207737.1	1130	1475	0	1	1	1475
CY207737.1	1134	1874	0	1	1	1874
CY207737.1	1218	2091	0	1	1	2091
CY207737.1	1332	2396	1	0	1	1332
CY207737.1	1346	1568	1	0	1	1346
CY207737.1	1412	1529	0	1	1	1529
CY207737.1	1468	2454	0	1	1	2454
CY207737.1	1489	2273	0	1	1	2273
CY207737.1	1511	2190	1	0	1	1511
CY207737.1	1528	2216	0	1	1	2216
CY207737.1	1545	1801	0	1	1	1801
CY207737.1	1599	2251	0	1	1	2251
CY207737.1	1637	2092	0	1	1	2092
CY207737.1	1737	1900	1	0	1	1737
CY207737.1	1857	2394	1	0	1	1857
CY207737.1	1874	1966	1	0	1	1874
CY207737.1	1895	2095	1	0	1	1895
CY207737.1	1935	2116	1	0	1	1935
CY207737.1	2148	2189	0	1	1	2189
CY207737.1	2215	2301	1	0	1	2215
CY207737.1	2265	2473	0	1	1	2473
CY207737.1	2326	2471	0	1	1	2471
CY207737.1	286	2321	1	0	1	286
CY207737.1	355	2334	6	3	9	355
CY207737.1	358	1531	0	1	1	1531
CY207737.1	383	2217	1	0	1	383
CY207737.1	384	2211	0	1	1	2211
CY207737.1	388	2226	10	28	38	388
CY207737.1	396	1601	0	1	1	1601
CY207737.1	413	943	0	1	1	943
CY207737.1	440	2251	1	0	1	440
CY207737.1	451	2132	3	0	3	451
CY207737.1	464	624	1	0	1	464
CY207737.1	466	1739	0	1	1	1739
CY207737.1	472	1580	0	1	1	1580
CY207737.1	495	597	1	0	1	495
CY207737.1	500	849	1	0	1	500
CY207737.1	547	1714	1	0	1	547
CY207737.1	560	1310	0	1	1	1310
CY207737.1	607	2035	0	1	1	2035
CY207737.1	640	1615	0	1	1	1615
CY207737.1	650	1051	1	0	1	650
CY207737.1	661	828	1	0	1	661
CY207737.1	663	1808	1	0	1	663
CY207737.1	668	1753	0	1	1	1753
CY207737.1	674	1712	1	0	1	674
CY207737.1	680	1490	1	0	1	680
CY207737.1	687	1513	0	1	1	1513
CY207737.1	695	857	1	0	1	695
CY207737.1	701	1391	0	1	1	1391
CY207737.1	706	868	1	2	3	706
CY207737.1	707	2056	0	1	1	2056
CY207737.1	708	1730	3	1	4	708
CY207737.1	717	2297	0	1	1	2297
CY207737.1	720	1888	1	2	3	720
CY207737.1	720	892	0	1	1	892
CY207737.1	751	1813	0	1	1	1813
CY207737.1	766	2365	1	0	1	766
CY207737.1	777	1688	0	1	1	1688
CY207737.1	784	2458	0	1	1	2458
CY207737.1	785	1799	6	3	9	785
CY207737.1	793	2490	0	1	1	2490
CY207737.1	800	1137	1	0	1	800
CY207737.1	804	1915	7	6	13	804
CY207737.1	810	940	0	1	1	940
CY207737.1	824	1920	0	1	1	1920
CY207737.1	826	1894	0	1	1	1894
CY207737.1	839	1934	0	1	1	1934
CY207737.1	851	1888	0	1	1	1888
CY207737.1	857	1914	0	1	1	1914
CY207737.1	871	1894	7	1	8	871
CY207737.1	879	945	1	0	1	879
CY207737.1	889	2258	0	1	1	2258
CY207737.1	893	2278	9	3	12	893
CY207737.1	898	2295	0	1	1	2295
CY207737.1	908	2068	0	1	1	2068
CY207737.1	910	1631	1	0	1	910
CY207737.1	914	1613	0	1	1	1613
CY207737.1	924	1606	1	2	3	924
CY207737.1	946	2445	0	1	1	2445
CY207737.1	950	1131	0	1	1	1131
CY207737.1	992	1476	0	1	1	1476
CY207737.1	995	2193	1	0	1	995
CY207738.1	1006	1066	2	1	3	1006
CY207738.1	1010	1666	7	1	8	1010
CY207738.1	1020	1684	0	1	1	1684
CY207738.1	1028	1786	1	0	1	1028
CY207738.1	1058	2024	0	1	1	2024
CY207738.1	1062	2248	6	5	11	1062
CY207738.1	1075	1187	1	0	1	1075
CY207738.1	1100	1142	1	0	1	1100
CY207738.1	1101	1571	1	1	2	1101
CY207738.1	1114	2199	0	1	1	2199
CY207738.1	1136	2355	0	1	1	2355
CY207738.1	1142	1840	0	1	1	1840
CY207738.1	1159	1230	1	0	1	1159
CY207738.1	1176	2037	0	1	1	2037
CY207738.1	1237	2470	0	1	1	2470
CY207738.1	1255	1352	1	0	1	1255
CY207738.1	1270	1892	1	0	1	1270
CY207738.1	1275	1634	1	0	1	1275
CY207738.1	1284	1652	0	1	1	1652
CY207738.1	1307	1787	0	1	1	1787
CY207738.1	1323	1877	1	0	1	1323
CY207738.1	1328	1448	0	1	1	1448
CY207738.1	1351	2301	1	0	1	1351
CY207738.1	1355	2275	0	1	1	2275
CY207738.1	1369	1868	1	0	1	1369
CY207738.1	1392	1939	0	1	1	1939
CY207738.1	1406	1657	0	1	1	1657
CY207738.1	1444	1980	1	0	1	1444
CY207738.1	1448	2168	0	1	1	2168
CY207738.1	1461	2489	0	1	1	2489
CY207738.1	1471	1832	1	0	1	1471
CY207738.1	1585	2486	0	1	1	2486
CY207738.1	1623	1716	1	0	1	1623
CY207738.1	1623	1790	1	0	1	1623
CY207738.1	1624	1865	1	0	1	1624
CY207738.1	1625	1806	0	1	1	1806
CY207738.1	1664	2320	1	0	1	1664
CY207738.1	1673	1823	1	0	1	1673
CY207738.1	1673	2034	0	1	1	2034
CY207738.1	1687	2134	5	9	14	1687
CY207738.1	1702	2147	0	1	1	2147
CY207738.1	1729	2250	1	0	1	1729
CY207738.1	1759	2214	0	1	1	2214
CY207738.1	1801	2357	0	1	1	2357
CY207738.1	2023	2372	0	1	1	2372
CY207738.1	2033	2348	0	1	1	2348
CY207738.1	2256	2326	1	1	2	2256
CY207738.1	250	1977	1	0	1	250
CY207738.1	284	2060	1	0	1	284
CY207738.1	289	1430	1	0	1	289
CY207738.1	295	1993	1	0	1	295
CY207738.1	297	1867	4	0	4	297
CY207738.1	347	1246	0	1	1	1246
CY207738.1	367	2313	5	7	12	367
CY207738.1	368	1936	3	17	20	368
CY207738.1	401	1161	0	1	1	1161
CY207738.1	412	1570	1	0	1	412
CY207738.1	417	2227	0	1	1	2227
CY207738.1	419	1924	0	1	1	1924
CY207738.1	421	1423	0	1	1	1423
CY207738.1	436	2172	1	0	1	436
CY207738.1	443	467	0	1	1	467
CY207738.1	445	2053	1	0	1	445
CY207738.1	446	2190	0	1	1	2190
CY207738.1	480	1661	1	0	1	480
CY207738.1	482	1589	0	1	1	1589
CY207738.1	494	2115	3	4	7	494
CY207738.1	512	706	1	0	1	512
CY207738.1	524	571	0	1	1	571
CY207738.1	534	1437	1	0	1	534
CY207738.1	536	2192	11	15	26	536
CY207738.1	540	1811	1	0	1	540
CY207738.1	546	1225	0	1	1	1225
CY207738.1	565	1853	0	1	1	1853
CY207738.1	565	2142	7	10	17	565
CY207738.1	574	2008	1	6	7	574
CY207738.1	596	2074	1	7	8	596
CY207738.1	614	1660	1	0	1	614
CY207738.1	621	1461	1	0	1	621
CY207738.1	644	2215	0	1	1	2215
CY207738.1	649	1485	1	0	1	649
CY207738.1	667	2016	0	1	1	2016
CY207738.1	716	2031	4	7	11	716
CY207738.1	725	970	1	0	1	725
CY207738.1	729	1567	1	0	1	729
CY207738.1	734	2474	0	1	1	2474
CY207738.1	748	1551	1	0	1	748
CY207738.1	764	1627	0	1	1	1627
CY207738.1	772	1631	0	1	1	1631
CY207738.1	780	1932	5	5	10	780
CY207738.1	811	1195	0	1	1	1195
CY207738.1	816	1909	2	0	2	816
CY207738.1	824	1921	61	46	107	824
CY207738.1	829	1637	0	1	1	1637
CY207738.1	842	1935	0	1	1	1935
CY207738.1	877	2184	0	3	3	2184
CY207738.1	887	1764	0	1	1	1764
CY207738.1	925	1751	2	1	3	925
CY207738.1	943	1795	0	1	1	1795
CY207738.1	959	1757	0	1	1	1757
CY207738.1	960	1630	1	0	1	960
CY207738.1	961	1642	1	0	1	961
CY207738.1	972	1708	0	1	1	1708
CY207738.1	978	1656	0	1	1	1656
