Segment	Start	Stop	Forward_support	Reverse_support	Total_support	Fuzz_factor
CY207731.1	1032	1720	0	1	1	1720
CY207731.1	1039	1173	0	1	1	1173
CY207731.1	1058	1190	0	1	1	1190
CY207731.1	1093	1601	0	1	1	1601
CY207731.1	1108	1904	0	1	1	1904
CY207731.1	1114	1685	2	0	2	1114
CY207731.1	1119	1895	1	0	1	1119
CY207731.1	1173	1465	1	0	1	1173
CY207731.1	1274	1759	1	0	1	1274
CY207731.1	1290	1317	1	0	1	1290
CY207731.1	1293	1416	1	0	1	1293
CY207731.1	1293	1693	1	0	1	1293
CY207731.1	1357	1548	0	1	1	1548
CY207731.1	1376	1536	2	1	3	1376
CY207731.1	1412	1554	1	0	1	1412
CY207731.1	1442	1579	1	0	1	1442
CY207731.1	1457	1745	1	0	1	1457
CY207731.1	1472	1679	1	0	1	1472
CY207731.1	1489	1886	0	1	1	1886
CY207731.1	1519	1658	3	7	10	1519
CY207731.1	1521	1660	0	1	1	1660
CY207731.1	1543	1708	0	1	1	1708
CY207731.1	1544	1571	1	0	1	1544
CY207731.1	1580	1750	1	0	1	1580
CY207731.1	1614	1697	1	0	1	1614
CY207731.1	1672	1755	0	1	1	1755
CY207731.1	1701	1872	0	1	1	1872
CY207731.1	243	958	1	0	1	243
CY207731.1	264	864	1	0	1	264
CY207731.1	269	1820	1	0	1	269
CY207731.1	280	1381	1	0	1	280
CY207731.1	289	713	1	0	1	289
CY207731.1	323	1420	1	0	1	323
CY207731.1	335	375	1	5	6	335
CY207731.1	364	569	0	1	1	569
CY207731.1	384	1719	1	0	1	384
CY207731.1	392	507	0	1	1	507
CY207731.1	394	660	1	0	1	394
CY207731.1	402	1805	1	0	1	402
CY207731.1	416	1060	1	0	1	416
CY207731.1	420	736	1	0	1	420
CY207731.1	423	927	0	1	1	927
CY207731.1	428	1517	0	1	1	1517
CY207731.1	432	1057	0	1	1	1057
CY207731.1	453	909	0	1	1	909
CY207731.1	456	969	0	1	1	969
CY207731.1	457	1034	0	1	1	1034
CY207731.1	467	722	1	0	1	467
CY207731.1	490	1308	0	1	1	1308
CY207731.1	494	1077	1	0	1	494
CY207731.1	504	893	0	1	1	893
CY207731.1	508	1548	1	0	1	508
CY207731.1	513	1018	0	1	1	1018
CY207731.1	513	543	1	0	1	513
CY207731.1	521	1242	1	0	1	521
CY207731.1	521	979	0	1	1	979
CY207731.1	523	1492	1	0	1	523
CY207731.1	541	1517	4	2	6	541
CY207731.1	549	1769	1	0	1	549
CY207731.1	554	782	0	1	1	782
CY207731.1	567	1619	12	11	23	567
CY207731.1	576	664	3	3	6	576
CY207731.1	580	902	0	1	1	902
CY207731.1	598	976	0	1	1	976
CY207731.1	605	1558	1	0	1	605
CY207731.1	609	1734	0	1	1	1734
CY207731.1	682	1223	0	1	1	1223
CY207731.1	690	896	0	1	1	896
CY207731.1	700	1778	0	1	1	1778
CY207731.1	706	1871	0	1	1	1871
CY207731.1	721	1135	1	0	1	721
CY207731.1	724	1505	0	1	1	1505
CY207731.1	747	1171	1	0	1	747
CY207731.1	760	956	0	1	1	956
CY207731.1	809	1442	1	0	1	809
CY207731.1	809	1701	1	0	1	809
CY207731.1	834	920	0	1	1	920
CY207731.1	844	1649	1	0	1	844
CY207731.1	894	1214	1	0	1	894
CY207731.1	967	1205	0	1	1	1205
CY207731.1	969	1220	0	1	1	1220
CY207731.1	986	1474	0	1	1	1474
CY207732.1	268	550	1	0	1	268
CY207732.1	273	811	1	0	1	273
CY207732.1	276	565	1	0	1	276
CY207732.1	305	955	0	1	1	955
CY207732.1	316	557	0	1	1	557
CY207732.1	337	448	0	1	1	448
CY207732.1	347	573	2	10	12	347
CY207732.1	350	870	0	1	1	870
CY207732.1	355	1028	0	1	1	1028
CY207732.1	355	627	0	1	1	627
CY207732.1	363	906	0	1	1	906
CY207732.1	371	866	0	1	1	866
CY207732.1	374	698	0	1	1	698
CY207732.1	387	462	0	1	1	462
CY207732.1	402	1153	0	1	1	1153
CY207732.1	433	534	0	1	1	534
CY207732.1	438	1137	0	1	1	1137
CY207732.1	443	556	0	1	1	556
CY207732.1	475	910	0	1	1	910
CY207732.1	478	888	0	1	1	888
CY207732.1	500	1060	1	0	1	500
CY207732.1	517	636	1	0	1	517
CY207732.1	523	585	0	1	1	585
CY207732.1	567	837	0	1	1	837
CY207732.1	574	641	1	0	1	574
CY207732.1	588	837	1	0	1	588
CY207732.1	593	1090	1	0	1	593
CY207732.1	598	770	0	1	1	770
CY207732.1	610	983	0	1	1	983
CY207732.1	626	932	0	1	1	932
CY207732.1	637	853	0	1	1	853
CY207732.1	639	920	1	0	1	639
CY207732.1	648	1028	0	1	1	1028
CY207732.1	660	775	1	0	1	660
CY207732.1	666	777	0	1	1	777
CY207732.1	679	815	1	3	4	679
CY207732.1	682	887	1	0	1	682
CY207732.1	685	839	3	9	12	685
CY207732.1	715	965	14	5	19	715
CY207732.1	718	860	1	5	6	718
CY207732.1	750	1030	1	0	1	750
CY207732.1	752	1002	0	1	1	1002
CY207732.1	759	850	4	5	9	759
CY207732.1	760	873	1	0	1	760
CY207732.1	781	999	0	1	1	999
CY207732.1	782	966	1	0	1	782
CY207732.1	788	954	0	1	1	954
CY207732.1	797	931	1	0	1	797
CY207732.1	798	852	1	0	1	798
CY207732.1	810	860	0	1	1	860
CY207732.1	815	1040	0	1	1	1040
CY207732.1	817	866	1	2	3	817
CY207732.1	821	879	1	0	1	821
CY207732.1	862	962	1	2	3	862
CY207732.1	881	1012	4	4	8	881
CY207732.1	883	1134	0	1	1	1134
CY207732.1	937	1171	0	1	1	1171
CY207732.1	955	1012	7	4	11	955
CY207732.1	965	1068	0	1	1	1068
CY207733.1	1069	1247	3	5	8	1069
CY207733.1	1090	1184	1	2	3	1090
CY207733.1	1102	1265	0	1	1	1265
CY207733.1	1105	1208	1	2	3	1105
CY207733.1	1248	1309	1	0	1	1248
CY207733.1	1320	1466	6	4	10	1320
CY207733.1	251	841	1	0	1	251
CY207733.1	264	639	1	0	1	264
CY207733.1	269	1298	1	0	1	269
CY207733.1	365	1193	0	1	1	1193
CY207733.1	374	1135	0	1	1	1135
CY207733.1	417	1366	1	0	1	417
CY207733.1	434	932	0	1	1	932
CY207733.1	454	1332	0	1	1	1332
CY207733.1	463	1060	0	1	1	1060
CY207733.1	485	602	0	1	1	602
CY207733.1	538	1477	1	0	1	538
CY207733.1	547	929	0	1	1	929
CY207733.1	548	987	0	1	1	987
CY207733.1	549	1054	0	1	1	1054
CY207733.1	572	1010	0	1	1	1010
CY207733.1	597	1394	1	0	1	597
CY207733.1	643	813	0	1	1	813
CY207733.1	680	886	1	0	1	680
CY207733.1	686	1231	1	0	1	686
CY207733.1	883	1021	2	0	2	883
CY207733.1	896	1504	1	0	1	896
CY207733.1	946	1286	0	2	2	1286
CY207733.1	979	1121	0	1	1	1121
CY207733.1	980	1335	0	1	1	1335
CY207734.1	1040	1162	1	0	1	1040
CY207734.1	1045	1189	0	1	1	1189
CY207734.1	1065	1092	4	2	6	1065
CY207734.1	1071	1468	0	1	1	1468
CY207734.1	1075	1262	0	1	1	1262
CY207734.1	1120	1480	0	1	1	1480
CY207734.1	1177	1352	0	1	1	1352
CY207734.1	1179	1633	0	1	1	1633
CY207734.1	1191	1455	0	1	1	1455
CY207734.1	1283	1368	1	0	1	1283
CY207734.1	1371	1639	1	0	1	1371
CY207734.1	1396	1492	1	0	1	1396
CY207734.1	1435	1512	7	3	10	1435
CY207734.1	1441	1552	1	0	1	1441
CY207734.1	1453	1512	1	0	1	1453
CY207734.1	1487	1577	0	1	1	1577
CY207734.1	1522	1568	3	4	7	1522
CY207734.1	1589	1695	0	1	1	1695
CY207734.1	282	1588	2	1	3	282
CY207734.1	288	822	1	0	1	288
CY207734.1	313	1387	0	1	1	1387
CY207734.1	319	839	1	0	1	319
CY207734.1	346	817	0	1	1	817
CY207734.1	361	1141	0	1	1	1141
CY207734.1	364	1560	0	1	1	1560
CY207734.1	371	1679	0	1	1	1679
CY207734.1	372	1235	0	1	1	1235
CY207734.1	373	939	0	1	1	939
CY207734.1	381	1277	0	1	1	1277
CY207734.1	390	1687	0	1	1	1687
CY207734.1	397	846	0	1	1	846
CY207734.1	408	1452	0	1	1	1452
CY207734.1	423	687	0	1	1	687
CY207734.1	425	1572	1	0	1	425
CY207734.1	425	893	1	0	1	425
CY207734.1	438	737	0	1	1	737
CY207734.1	440	831	7	17	24	440
CY207734.1	441	947	0	1	1	947
CY207734.1	451	1447	0	1	1	1447
CY207734.1	455	1273	0	1	1	1273
CY207734.1	455	525	0	1	1	525
CY207734.1	468	617	0	1	1	617
CY207734.1	469	1285	1	0	1	469
CY207734.1	473	1685	0	1	1	1685
CY207734.1	478	1559	1	0	1	478
CY207734.1	491	1670	0	1	1	1670
CY207734.1	494	1065	0	1	1	1065
CY207734.1	498	1089	0	1	1	1089
CY207734.1	512	1539	0	1	1	1539
CY207734.1	516	560	0	1	1	560
CY207734.1	520	1024	1	0	1	520
CY207734.1	520	1595	1	0	1	520
CY207734.1	534	768	0	1	1	768
CY207734.1	538	866	1	0	1	538
CY207734.1	545	1110	1	0	1	545
CY207734.1	553	727	1	0	1	553
CY207734.1	563	819	1	0	1	563
CY207734.1	574	1491	0	1	1	1491
CY207734.1	583	1367	1	0	1	583
CY207734.1	588	672	0	1	1	672
CY207734.1	591	622	1	0	1	591
CY207734.1	600	1083	0	1	1	1083
CY207734.1	601	1468	1	0	1	601
CY207734.1	604	1470	1	0	1	604
CY207734.1	612	645	1	0	1	612
CY207734.1	624	1515	1	0	1	624
CY207734.1	681	1401	1	0	1	681
CY207734.1	685	1431	1	0	1	685
CY207734.1	725	893	1	0	1	725
CY207734.1	732	1080	1	0	1	732
CY207734.1	740	822	1	0	1	740
CY207734.1	744	1094	7	3	10	744
CY207734.1	756	975	1	0	1	756
CY207734.1	759	940	0	1	1	940
CY207734.1	808	861	1	0	1	808
CY207734.1	813	1056	1	0	1	813
CY207734.1	829	1437	1	0	1	829
CY207734.1	838	1067	1	0	1	838
CY207734.1	839	1590	1	0	1	839
CY207734.1	840	1147	0	1	1	1147
CY207734.1	852	1123	0	1	1	1123
CY207734.1	871	1285	0	1	1	1285
CY207734.1	875	1428	0	1	1	1428
CY207734.1	899	1680	0	1	1	1680
CY207734.1	900	1207	0	1	1	1207
CY207734.1	911	1060	0	1	1	1060
CY207734.1	932	1383	1	0	1	932
CY207734.1	958	1129	0	1	1	1129
CY207734.1	962	1048	4	1	5	962
CY207735.1	322	352	0	1	1	352
CY207735.1	359	562	0	1	1	562
CY207735.1	499	729	3	0	3	499
CY207735.1	511	740	30	73	103	511
CY207735.1	516	851	0	1	1	851
CY207735.1	519	746	0	3	3	746
CY207735.1	548	839	13	1	14	548
CY207735.1	555	664	1	0	1	555
CY207735.1	568	782	0	1	1	782
CY207735.1	694	739	1	0	1	694
CY207735.1	762	904	1	0	1	762
CY207735.1	777	801	0	1	1	801
CY207736.1	1012	2056	0	1	1	2056
CY207736.1	1035	2130	0	1	1	2130
CY207736.1	1073	1636	0	1	1	1636
CY207736.1	1109	1570	0	1	1	1570
CY207736.1	1119	2001	5	5	10	1119
CY207736.1	1150	2067	1	0	1	1150
CY207736.1	1160	1300	1	0	1	1160
CY207736.1	1170	1670	1	0	1	1170
CY207736.1	1214	1807	0	1	1	1807
CY207736.1	1248	1425	0	1	1	1425
CY207736.1	1271	1945	0	1	1	1945
CY207736.1	1293	1878	0	1	1	1878
CY207736.1	1355	1706	0	1	1	1706
CY207736.1	1360	1413	0	1	1	1413
CY207736.1	1393	2273	0	1	1	2273
CY207736.1	1410	1896	0	1	1	1896
CY207736.1	1460	1680	0	1	1	1680
CY207736.1	1541	1928	1	0	1	1541
CY207736.1	1556	1972	1	0	1	1556
CY207736.1	1561	2004	0	1	1	2004
CY207736.1	1565	1820	0	1	1	1820
CY207736.1	1566	1995	12	20	32	1566
CY207736.1	1582	2092	0	1	1	2092
CY207736.1	1584	2003	0	2	2	2003
CY207736.1	1586	1617	0	2	2	1617
CY207736.1	1614	2123	0	1	1	2123
CY207736.1	1667	2111	0	1	1	2111
CY207736.1	1707	1875	1	0	1	1707
CY207736.1	1726	2293	0	1	1	2293
CY207736.1	1802	2046	1	0	1	1802
CY207736.1	1811	1835	0	1	1	1835
CY207736.1	1973	2357	0	1	1	2357
CY207736.1	2181	2369	0	1	1	2369
CY207736.1	2279	2360	0	1	1	2360
CY207736.1	234	549	1	0	1	234
CY207736.1	245	1404	1	0	1	245
CY207736.1	277	315	1	0	1	277
CY207736.1	278	1354	1	0	1	278
CY207736.1	280	2352	3	1	4	280
CY207736.1	393	807	1	0	1	393
CY207736.1	400	1764	0	1	1	1764
CY207736.1	423	2260	0	1	1	2260
CY207736.1	436	2223	1	0	1	436
CY207736.1	469	1040	1	0	1	469
CY207736.1	481	1426	1	0	1	481
CY207736.1	484	1588	1	0	1	484
CY207736.1	492	2019	5	13	18	492
CY207736.1	501	2008	8	4	12	501
CY207736.1	506	823	0	1	1	823
CY207736.1	512	2064	13	21	34	512
CY207736.1	532	2238	1	0	1	532
CY207736.1	534	1285	1	0	1	534
CY207736.1	536	2116	0	1	1	2116
CY207736.1	542	1844	6	5	11	542
CY207736.1	554	2009	3	2	5	554
CY207736.1	557	2230	0	1	1	2230
CY207736.1	560	2005	5	3	8	560
CY207736.1	561	1025	1	0	1	561
CY207736.1	576	2043	1	0	1	576
CY207736.1	579	1950	1	0	1	579
CY207736.1	583	2188	0	3	3	2188
CY207736.1	594	942	0	1	1	942
CY207736.1	608	1963	13	3	16	608
CY207736.1	642	1868	13	2	15	642
CY207736.1	652	2272	1	0	1	652
CY207736.1	660	1826	1	0	1	660
CY207736.1	670	912	0	1	1	912
CY207736.1	673	1889	8	6	14	673
CY207736.1	678	1520	0	1	1	1520
CY207736.1	683	1762	0	1	1	1762
CY207736.1	707	1802	2	0	2	707
CY207736.1	709	1802	2	0	2	709
CY207736.1	710	1864	6	18	24	710
CY207736.1	712	1815	1	0	1	712
CY207736.1	713	1623	0	1	1	1623
CY207736.1	715	1835	1	0	1	715
CY207736.1	718	1956	1	1	2	718
CY207736.1	722	1788	1	0	1	722
CY207736.1	723	1826	43	34	77	723
CY207736.1	723	1994	3	2	5	723
CY207736.1	725	1843	0	1	1	1843
CY207736.1	729	1843	1	0	1	729
CY207736.1	730	1844	11	7	18	730
CY207736.1	743	1519	1	0	1	743
CY207736.1	745	1340	0	1	1	1340
CY207736.1	748	1817	10	9	19	748
CY207736.1	762	2038	1	0	1	762
CY207736.1	767	1832	0	2	2	1832
CY207736.1	767	1974	1	0	1	767
CY207736.1	774	1464	0	1	1	1464
CY207736.1	776	1469	13	5	18	776
CY207736.1	776	1835	7	4	11	776
CY207736.1	787	1097	1	0	1	787
CY207736.1	814	1710	1	0	1	814
CY207736.1	838	1896	0	1	1	1896
CY207736.1	839	965	1	0	1	839
CY207736.1	858	1345	0	1	1	1345
CY207736.1	878	1977	1	2	3	878
CY207736.1	895	1648	1	0	1	895
CY207736.1	908	1185	0	1	1	1185
CY207736.1	908	1664	12	11	23	908
CY207736.1	911	1234	1	0	1	911
CY207736.1	911	1718	1	0	1	911
CY207736.1	918	1763	3	9	12	918
CY207736.1	923	1676	0	1	1	1676
CY207736.1	925	1173	5	0	5	925
CY207736.1	926	1870	0	1	1	1870
CY207736.1	934	1990	0	1	1	1990
CY207736.1	942	1143	0	1	1	1143
CY207736.1	953	2004	0	1	1	2004
CY207736.1	969	1190	1	0	1	969
CY207736.1	970	2158	0	1	1	2158
CY207736.1	997	2255	6	4	10	997
CY207737.1	1026	1966	0	1	1	1966
CY207737.1	1034	2359	1	0	1	1034
CY207737.1	1116	2028	0	1	1	2028
CY207737.1	1149	1767	0	1	1	1767
CY207737.1	1228	2341	1	0	1	1228
CY207737.1	1279	1540	1	0	1	1279
CY207737.1	1303	1575	0	3	3	1575
CY207737.1	1306	2043	11	6	17	1306
CY207737.1	1312	2446	0	1	1	2446
CY207737.1	1378	2043	7	13	20	1378
CY207737.1	1382	2085	0	1	1	2085
CY207737.1	1412	1838	0	1	1	1838
CY207737.1	1429	1509	1	0	1	1429
CY207737.1	1535	2096	1	0	1	1535
CY207737.1	1603	1853	1	0	1	1603
CY207737.1	1897	2464	0	1	1	2464
CY207737.1	1915	2489	0	1	1	2489
CY207737.1	1981	2229	1	0	1	1981
CY207737.1	2071	2340	1	0	1	2071
CY207737.1	2185	2276	0	1	1	2276
CY207737.1	333	710	1	0	1	333
CY207737.1	378	1201	1	0	1	378
CY207737.1	421	1632	1	0	1	421
CY207737.1	455	2139	8	0	8	455
CY207737.1	463	545	0	1	1	545
CY207737.1	468	2150	5	23	28	468
CY207737.1	472	2153	7	11	18	472
CY207737.1	475	1889	13	17	30	475
CY207737.1	491	1851	0	1	1	1851
CY207737.1	500	1831	1	0	1	500
CY207737.1	540	1540	1	0	1	540
CY207737.1	543	1349	1	0	1	543
CY207737.1	622	1681	2	1	3	622
CY207737.1	622	1755	12	2	14	622
CY207737.1	649	1109	1	0	1	649
CY207737.1	652	1167	1	0	1	652
CY207737.1	665	2046	1	2	3	665
CY207737.1	667	1759	2	1	3	667
CY207737.1	674	1464	0	1	1	1464
CY207737.1	694	1221	3	3	6	694
CY207737.1	747	2012	0	3	3	2012
CY207737.1	755	1552	1	0	1	755
CY207737.1	770	1589	0	1	1	1589
CY207737.1	816	1964	3	5	8	816
CY207737.1	827	2325	1	0	1	827
CY207737.1	835	900	0	1	1	900
CY207737.1	851	1759	12	8	20	851
CY207737.1	861	905	0	1	1	905
CY207737.1	932	1813	0	1	1	1813
CY207737.1	933	1921	1	0	1	933
CY207737.1	954	1523	1	0	1	954
CY207737.1	957	1064	1	0	1	957
CY207737.1	968	1168	0	1	1	1168
CY207737.1	975	1815	2	6	8	975
CY207737.1	992	2023	0	1	1	2023
CY207737.1	996	2044	1	0	1	996
CY207738.1	1013	1692	2	0	2	1013
CY207738.1	1021	1701	13	5	18	1021
CY207738.1	1039	1707	3	1	4	1039
CY207738.1	1046	1587	1	0	1	1046
CY207738.1	1049	1812	0	1	1	1812
CY207738.1	1052	1623	0	1	1	1623
CY207738.1	1079	1430	1	0	1	1079
CY207738.1	1092	1142	0	1	1	1142
CY207738.1	1108	1203	0	1	1	1203
CY207738.1	1109	1296	1	0	1	1109
CY207738.1	1117	1259	1	3	4	1117
CY207738.1	1221	1306	1	0	1	1221
CY207738.1	1294	2095	0	1	1	2095
CY207738.1	1320	2087	0	1	1	2087
CY207738.1	1340	2080	1	0	1	1340
CY207738.1	1393	2039	0	6	6	2039
CY207738.1	1419	1489	0	1	1	1489
CY207738.1	1420	1603	0	1	1	1603
CY207738.1	1469	1576	1	0	1	1469
CY207738.1	1471	2125	1	0	1	1471
CY207738.1	1492	1597	1	0	1	1492
CY207738.1	1492	1639	4	2	6	1492
CY207738.1	1511	2259	1	0	1	1511
CY207738.1	1512	2001	1	0	1	1512
CY207738.1	1520	1600	1	0	1	1520
CY207738.1	1562	2245	1	0	1	1562
CY207738.1	1604	2053	0	1	1	2053
CY207738.1	1641	1702	1	0	1	1641
CY207738.1	1651	2036	2	5	7	1651
CY207738.1	1660	1689	1	0	1	1660
CY207738.1	1678	2288	1	0	1	1678
CY207738.1	1689	1854	1	0	1	1689
CY207738.1	1705	1957	0	1	1	1957
CY207738.1	1891	1953	0	2	2	1953
CY207738.1	2019	2067	0	1	1	2067
CY207738.1	2048	2239	1	0	1	2048
CY207738.1	2118	2385	1	0	1	2118
CY207738.1	2218	2391	1	0	1	2218
CY207738.1	2254	2323	0	1	1	2323
CY207738.1	255	1647	1	0	1	255
CY207738.1	280	568	1	0	1	280
CY207738.1	288	407	1	0	1	288
CY207738.1	289	1242	1	0	1	289
CY207738.1	301	556	1	0	1	301
CY207738.1	318	671	1	0	1	318
CY207738.1	353	1846	7	31	38	353
CY207738.1	353	549	1	0	1	353
CY207738.1	356	1849	0	1	1	1849
CY207738.1	356	453	1	0	1	356
CY207738.1	358	2270	0	6	6	2270
CY207738.1	376	2462	0	1	1	2462
CY207738.1	394	594	0	1	1	594
CY207738.1	400	967	0	1	1	967
CY207738.1	418	2212	0	1	1	2212
CY207738.1	429	1698	0	1	1	1698
CY207738.1	431	1733	0	1	1	1733
CY207738.1	431	2281	0	1	1	2281
CY207738.1	438	1783	1	0	1	438
CY207738.1	439	1037	0	1	1	1037
CY207738.1	446	1636	1	0	1	446
CY207738.1	446	1696	1	0	1	446
CY207738.1	455	1804	10	17	27	455
CY207738.1	480	1883	0	1	1	1883
CY207738.1	489	1705	1	0	1	489
CY207738.1	493	1773	1	0	1	493
CY207738.1	494	2115	6	24	30	494
CY207738.1	496	1850	0	1	1	1850
CY207738.1	505	1085	1	0	1	505
CY207738.1	514	1992	0	1	1	1992
CY207738.1	523	1440	1	0	1	523
CY207738.1	523	2237	0	1	1	2237
CY207738.1	525	1522	0	1	1	1522
CY207738.1	529	665	1	0	1	529
CY207738.1	539	833	0	1	1	833
CY207738.1	564	2371	1	0	1	564
CY207738.1	570	2108	1	0	1	570
CY207738.1	573	1142	1	0	1	573
CY207738.1	580	2115	2	11	13	580
CY207738.1	602	2361	0	1	1	2361
CY207738.1	618	1989	3	8	11	618
CY207738.1	635	1938	0	1	1	1938
CY207738.1	654	2332	0	1	1	2332
CY207738.1	662	1681	1	0	1	662
CY207738.1	662	1877	1	0	1	662
CY207738.1	669	2107	3	8	11	669
CY207738.1	670	747	0	1	1	747
CY207738.1	679	2119	0	1	1	2119
CY207738.1	686	1616	1	0	1	686
CY207738.1	698	1992	1	0	1	698
CY207738.1	699	1768	1	0	1	699
CY207738.1	712	1187	1	0	1	712
CY207738.1	716	1778	1	0	1	716
CY207738.1	723	1419	0	1	1	1419
CY207738.1	750	1920	7	5	12	750
CY207738.1	766	1925	0	1	1	1925
CY207738.1	768	1914	0	1	1	1914
CY207738.1	782	835	0	1	1	835
CY207738.1	817	2357	0	1	1	2357
CY207738.1	822	879	1	0	1	822
CY207738.1	827	1720	0	1	1	1720
CY207738.1	829	981	0	1	1	981
CY207738.1	846	1832	0	1	1	1832
CY207738.1	846	1860	4	6	10	846
CY207738.1	894	2314	1	0	1	894
CY207738.1	896	1101	0	1	1	1101
CY207738.1	898	1872	7	5	12	898
CY207738.1	899	2173	0	1	1	2173
CY207738.1	943	1033	0	1	1	1033
CY207738.1	961	1692	1	0	1	961
CY207738.1	971	1734	1	0	1	971
CY207738.1	976	1740	4	0	4	976
CY207738.1	978	1656	1	0	1	978
CY207738.1	984	1982	0	1	1	1982
CY207738.1	989	1302	0	1	1	1302
