Segment	Start	Stop	Forward_support	Reverse_support	Total_support	Fuzz_factor
CY207731.1	1011	1164	1	0	1	1011
CY207731.1	1051	1733	0	1	1	1733
CY207731.1	1055	1639	1	0	1	1055
CY207731.1	1060	1486	1	0	1	1060
CY207731.1	1065	1307	3	1	4	1065
CY207731.1	1084	1920	0	1	1	1920
CY207731.1	1105	1243	1	0	1	1105
CY207731.1	1110	1137	1	0	1	1110
CY207731.1	1122	1304	0	1	1	1304
CY207731.1	1123	1892	0	1	1	1892
CY207731.1	1126	1714	1	0	1	1126
CY207731.1	1134	1680	1	0	1	1134
CY207731.1	1141	1216	1	0	1	1141
CY207731.1	1146	1898	0	1	1	1898
CY207731.1	1164	1484	0	1	1	1484
CY207731.1	1170	1893	0	1	1	1893
CY207731.1	1193	1263	1	0	1	1193
CY207731.1	1215	1387	3	5	8	1215
CY207731.1	1273	1755	0	1	1	1755
CY207731.1	1277	1499	0	1	1	1499
CY207731.1	1294	1639	0	1	1	1639
CY207731.1	1305	1651	0	1	1	1651
CY207731.1	1320	1685	0	1	1	1685
CY207731.1	1323	1597	0	1	1	1597
CY207731.1	1372	1499	1	0	1	1372
CY207731.1	1384	1499	0	1	1	1499
CY207731.1	1428	1768	1	0	1	1428
CY207731.1	1478	1605	2	4	6	1478
CY207731.1	1519	1658	1	2	3	1519
CY207731.1	1598	1893	1	0	1	1598
CY207731.1	1616	1873	0	1	1	1873
CY207731.1	1640	1801	0	1	1	1801
CY207731.1	1651	1736	1	0	1	1651
CY207731.1	1706	1893	0	2	2	1893
CY207731.1	238	1750	1	0	1	238
CY207731.1	265	1666	1	0	1	265
CY207731.1	283	1755	4	0	4	283
CY207731.1	337	593	0	1	1	593
CY207731.1	350	1379	0	1	1	1379
CY207731.1	358	1663	0	1	1	1663
CY207731.1	358	845	1	0	1	358
CY207731.1	359	682	1	0	1	359
CY207731.1	375	601	0	1	1	601
CY207731.1	385	1140	1	0	1	385
CY207731.1	389	1268	1	0	1	389
CY207731.1	390	1195	0	1	1	1195
CY207731.1	394	1422	0	1	1	1422
CY207731.1	399	1397	1	0	1	399
CY207731.1	402	502	0	1	1	502
CY207731.1	416	971	0	1	1	971
CY207731.1	421	1160	1	0	1	421
CY207731.1	421	1189	0	1	1	1189
CY207731.1	431	763	0	1	1	763
CY207731.1	432	1793	0	1	1	1793
CY207731.1	434	721	0	1	1	721
CY207731.1	438	1450	0	1	1	1450
CY207731.1	450	889	0	1	1	889
CY207731.1	477	1021	1	0	1	477
CY207731.1	480	988	0	1	1	988
CY207731.1	490	818	0	1	1	818
CY207731.1	490	845	1	0	1	490
CY207731.1	491	541	0	1	1	541
CY207731.1	500	544	1	0	1	500
CY207731.1	508	1539	1	0	1	508
CY207731.1	521	1354	1	0	1	521
CY207731.1	525	1474	0	1	1	1474
CY207731.1	528	735	0	1	1	735
CY207731.1	540	1020	1	0	1	540
CY207731.1	561	1018	0	1	1	1018
CY207731.1	565	1641	9	7	16	565
CY207731.1	575	1031	1	0	1	575
CY207731.1	602	1739	1	0	1	602
CY207731.1	638	1837	1	0	1	638
CY207731.1	639	1152	0	1	1	1152
CY207731.1	642	1094	1	0	1	642
CY207731.1	650	1627	0	1	1	1627
CY207731.1	658	1583	1	0	1	658
CY207731.1	667	1121	1	0	1	667
CY207731.1	687	1202	1	0	1	687
CY207731.1	687	1370	1	0	1	687
CY207731.1	698	821	1	0	1	698
CY207731.1	701	953	1	0	1	701
CY207731.1	717	1749	0	1	1	1749
CY207731.1	728	1778	0	1	1	1778
CY207731.1	732	1149	0	1	1	1149
CY207731.1	737	1304	0	1	1	1304
CY207731.1	742	940	2	1	3	742
CY207731.1	746	1837	0	1	1	1837
CY207731.1	759	1767	1	0	1	759
CY207731.1	807	1324	1	0	1	807
CY207731.1	818	1570	0	1	1	1570
CY207731.1	818	1729	0	1	1	1729
CY207731.1	837	1113	0	1	1	1113
CY207731.1	861	1900	0	1	1	1900
CY207731.1	867	1786	0	1	1	1786
CY207731.1	881	1520	1	0	1	881
CY207731.1	903	1054	1	0	1	903
CY207731.1	970	1633	1	0	1	970
CY207731.1	990	1020	1	0	1	990
CY207731.1	991	1266	1	0	1	991
CY207731.1	996	1663	1	0	1	996
CY207732.1	1011	1107	1	2	3	1011
CY207732.1	1012	1108	0	1	1	1108
CY207732.1	1031	1160	0	1	1	1160
CY207732.1	1053	1151	0	1	1	1151
CY207732.1	251	953	1	0	1	251
CY207732.1	275	848	5	2	7	275
CY207732.1	286	649	1	0	1	286
CY207732.1	296	820	1	0	1	296
CY207732.1	310	835	2	1	3	310
CY207732.1	311	716	2	1	3	311
CY207732.1	311	965	8	4	12	311
CY207732.1	312	914	1	0	1	312
CY207732.1	322	803	0	2	2	803
CY207732.1	355	969	1	0	1	355
CY207732.1	369	720	0	1	1	720
CY207732.1	375	707	0	1	1	707
CY207732.1	381	981	1	0	1	381
CY207732.1	389	415	0	1	1	415
CY207732.1	392	852	1	0	1	392
CY207732.1	393	869	0	1	1	869
CY207732.1	394	477	1	0	1	394
CY207732.1	399	1037	0	1	1	1037
CY207732.1	402	1175	0	1	1	1175
CY207732.1	403	1131	0	1	1	1131
CY207732.1	413	564	0	1	1	564
CY207732.1	415	624	1	0	1	415
CY207732.1	415	718	0	1	1	718
CY207732.1	419	845	0	1	1	845
CY207732.1	420	703	1	0	1	420
CY207732.1	426	753	0	1	1	753
CY207732.1	438	870	1	0	1	438
CY207732.1	445	680	0	8	8	680
CY207732.1	445	815	1	6	7	445
CY207732.1	452	571	0	1	1	571
CY207732.1	455	1079	1	0	1	455
CY207732.1	456	1059	0	1	1	1059
CY207732.1	461	690	0	1	1	690
CY207732.1	484	780	1	0	1	484
CY207732.1	500	586	0	1	1	586
CY207732.1	500	594	0	1	1	594
CY207732.1	506	676	0	1	1	676
CY207732.1	519	663	1	0	1	519
CY207732.1	520	844	1	0	1	520
CY207732.1	531	623	0	1	1	623
CY207732.1	550	960	0	1	1	960
CY207732.1	563	595	1	0	1	563
CY207732.1	566	912	0	1	1	912
CY207732.1	567	777	0	1	1	777
CY207732.1	579	1061	0	1	1	1061
CY207732.1	582	729	0	1	1	729
CY207732.1	584	633	1	0	1	584
CY207732.1	589	862	3	1	4	589
CY207732.1	593	1023	8	4	12	593
CY207732.1	607	711	2	2	4	607
CY207732.1	608	767	1	0	1	608
CY207732.1	609	658	1	1	2	609
CY207732.1	618	731	1	0	1	618
CY207732.1	622	911	1	0	1	622
CY207732.1	626	936	0	1	1	936
CY207732.1	626	994	1	0	1	626
CY207732.1	679	815	4	7	11	679
CY207732.1	685	839	3	4	7	685
CY207732.1	688	727	0	1	1	727
CY207732.1	690	974	4	4	8	690
CY207732.1	712	819	0	4	4	819
CY207732.1	715	965	1	2	3	715
CY207732.1	716	1146	0	1	1	1146
CY207732.1	718	860	4	2	6	718
CY207732.1	758	954	6	4	10	758
CY207732.1	760	800	1	0	1	760
CY207732.1	790	833	1	0	1	790
CY207732.1	791	834	1	0	1	791
CY207732.1	818	863	1	0	1	818
CY207732.1	830	873	1	0	1	830
CY207732.1	836	1031	1	0	1	836
CY207732.1	851	1061	1	0	1	851
CY207732.1	858	992	0	1	1	992
CY207732.1	862	935	2	1	3	862
CY207732.1	955	1024	1	0	1	955
CY207732.1	973	1036	1	1	2	973
CY207733.1	1007	1434	1	0	1	1007
CY207733.1	1016	1323	1	0	1	1016
CY207733.1	1069	1247	1	2	3	1069
CY207733.1	1079	1163	0	1	1	1163
CY207733.1	1144	1543	1	0	1	1144
CY207733.1	1153	1555	1	0	1	1153
CY207733.1	1297	1508	0	1	1	1508
CY207733.1	1329	1469	0	1	1	1469
CY207733.1	241	1403	5	0	5	241
CY207733.1	242	1207	1	0	1	242
CY207733.1	253	1458	1	0	1	253
CY207733.1	279	886	1	0	1	279
CY207733.1	331	1571	0	4	4	1571
CY207733.1	384	1337	0	1	1	1337
CY207733.1	389	501	1	0	1	389
CY207733.1	479	1582	0	1	1	1582
CY207733.1	519	1172	4	5	9	519
CY207733.1	524	1017	0	1	1	1017
CY207733.1	537	1153	1	5	6	537
CY207733.1	547	1423	1	1	2	547
CY207733.1	550	1184	0	1	1	1184
CY207733.1	578	1081	1	1	2	578
CY207733.1	612	679	0	1	1	679
CY207733.1	665	789	1	0	1	665
CY207733.1	679	1115	0	1	1	1115
CY207733.1	696	799	0	1	1	799
CY207733.1	744	970	0	1	1	970
CY207733.1	872	1301	0	1	1	1301
CY207733.1	903	1344	0	1	1	1344
CY207733.1	905	1246	1	0	1	905
CY207733.1	965	1147	1	0	1	965
CY207734.1	1005	1679	0	1	1	1679
CY207734.1	1012	1084	0	1	1	1084
CY207734.1	1047	1270	1	0	1	1047
CY207734.1	1048	1577	0	1	1	1577
CY207734.1	1063	1670	0	1	1	1670
CY207734.1	1126	1367	1	1	2	1126
CY207734.1	1138	1511	0	1	1	1511
CY207734.1	1152	1617	0	1	1	1617
CY207734.1	1158	1327	1	0	1	1158
CY207734.1	1202	1633	0	1	1	1633
CY207734.1	1235	1337	1	0	1	1235
CY207734.1	1256	1603	1	0	1	1256
CY207734.1	1262	1432	0	1	1	1432
CY207734.1	1308	1469	0	1	1	1469
CY207734.1	1413	1632	0	1	1	1632
CY207734.1	1492	1636	0	1	1	1636
CY207734.1	1562	1686	0	3	3	1686
CY207734.1	1569	1723	0	6	6	1723
CY207734.1	1580	1697	0	5	5	1697
CY207734.1	1589	1695	0	4	4	1695
CY207734.1	1632	1674	0	1	1	1674
CY207734.1	269	448	1	0	1	269
CY207734.1	276	453	1	0	1	276
CY207734.1	276	520	1	0	1	276
CY207734.1	280	636	1	0	1	280
CY207734.1	280	658	1	0	1	280
CY207734.1	289	1300	1	0	1	289
CY207734.1	289	1632	1	0	1	289
CY207734.1	317	1671	0	1	1	1671
CY207734.1	324	664	0	1	1	664
CY207734.1	336	940	1	0	1	336
CY207734.1	341	1102	0	1	1	1102
CY207734.1	344	1412	0	1	1	1412
CY207734.1	354	1212	0	1	1	1212
CY207734.1	355	1155	1	0	1	355
CY207734.1	370	567	0	1	1	567
CY207734.1	395	1093	0	1	1	1093
CY207734.1	401	1705	0	1	1	1705
CY207734.1	403	577	0	1	1	577
CY207734.1	417	789	1	0	1	417
CY207734.1	432	1084	0	1	1	1084
CY207734.1	438	821	0	1	1	821
CY207734.1	439	1333	1	0	1	439
CY207734.1	443	775	1	0	1	443
CY207734.1	461	741	0	1	1	741
CY207734.1	465	1418	0	1	1	1418
CY207734.1	465	534	0	1	1	534
CY207734.1	481	1442	0	1	1	1442
CY207734.1	497	537	0	2	2	537
CY207734.1	502	890	0	1	1	890
CY207734.1	506	655	0	1	1	655
CY207734.1	511	1102	0	1	1	1102
CY207734.1	515	1008	0	1	1	1008
CY207734.1	521	1444	1	0	1	521
CY207734.1	521	841	2	4	6	521
CY207734.1	522	869	1	0	1	522
CY207734.1	524	929	1	0	1	524
CY207734.1	538	866	4	1	5	538
CY207734.1	549	744	0	1	1	744
CY207734.1	590	1095	0	1	1	1095
CY207734.1	596	1144	0	1	1	1144
CY207734.1	596	859	1	0	1	596
CY207734.1	620	812	4	0	4	620
CY207734.1	625	1234	0	1	1	1234
CY207734.1	663	725	1	0	1	663
CY207734.1	666	832	1	0	1	666
CY207734.1	681	1303	0	1	1	1303
CY207734.1	706	916	1	0	1	706
CY207734.1	724	1254	1	0	1	724
CY207734.1	732	1671	0	1	1	1671
CY207734.1	748	1393	0	1	1	1393
CY207734.1	750	1635	1	0	1	750
CY207734.1	756	1641	2	2	4	756
CY207734.1	757	1426	1	0	1	757
CY207734.1	803	851	1	0	1	803
CY207734.1	808	922	0	1	1	922
CY207734.1	813	1511	1	0	1	813
CY207734.1	814	1492	0	1	1	1492
CY207734.1	817	1204	1	0	1	817
CY207734.1	824	1049	4	0	4	824
CY207734.1	845	1347	0	1	1	1347
CY207734.1	869	1087	0	1	1	1087
CY207734.1	873	1204	1	0	1	873
CY207734.1	890	1440	0	1	1	1440
CY207734.1	923	1167	0	1	1	1167
CY207734.1	923	1298	0	1	1	1298
CY207734.1	924	1618	0	1	1	1618
CY207734.1	927	1373	1	0	1	927
CY207734.1	927	1506	1	1	2	927
CY207734.1	928	1492	1	0	1	928
CY207734.1	933	1511	0	1	1	1511
CY207734.1	939	1239	0	1	1	1239
CY207734.1	955	986	1	0	1	955
CY207734.1	962	1048	1	1	2	962
CY207735.1	295	464	1	0	1	295
CY207735.1	355	771	0	1	1	771
CY207735.1	370	644	1	0	1	370
CY207735.1	407	647	0	1	1	647
CY207735.1	499	729	3	0	3	499
CY207735.1	500	585	1	0	1	500
CY207735.1	511	740	17	52	69	511
CY207735.1	519	746	0	2	2	746
CY207735.1	739	774	0	1	1	774
CY207735.1	741	883	1	0	1	741
CY207736.1	1054	1390	0	1	1	1390
CY207736.1	1074	1808	0	1	1	1808
CY207736.1	1079	1171	2	1	3	1079
CY207736.1	1095	2005	6	12	18	1095
CY207736.1	1100	2013	0	1	1	2013
CY207736.1	1109	2020	0	5	5	2020
CY207736.1	1151	1646	0	1	1	1646
CY207736.1	1165	1978	0	1	1	1978
CY207736.1	1188	1824	1	0	1	1188
CY207736.1	1227	1983	0	1	1	1983
CY207736.1	1252	2072	3	7	10	1252
CY207736.1	1263	1946	1	0	1	1263
CY207736.1	1277	2174	0	1	1	2174
CY207736.1	1329	2073	1	0	1	1329
CY207736.1	1355	1648	1	0	1	1355
CY207736.1	1367	1418	1	0	1	1367
CY207736.1	1447	1478	1	0	1	1447
CY207736.1	1486	1707	1	0	1	1486
CY207736.1	1508	2103	1	0	1	1508
CY207736.1	1510	2002	0	1	1	2002
CY207736.1	1514	1656	0	1	1	1656
CY207736.1	1536	1861	0	1	1	1861
CY207736.1	1549	1985	0	1	1	1985
CY207736.1	1584	2003	2	2	4	1584
CY207736.1	1595	1617	1	0	1	1595
CY207736.1	1634	1910	1	0	1	1634
CY207736.1	1644	1781	0	1	1	1781
CY207736.1	1770	1932	0	1	1	1932
CY207736.1	1812	1937	0	1	1	1937
CY207736.1	1852	2196	0	1	1	2196
CY207736.1	1900	2198	1	0	1	1900
CY207736.1	1929	2253	1	0	1	1929
CY207736.1	1937	1990	1	0	1	1937
CY207736.1	1998	2346	0	1	1	2346
CY207736.1	2090	2132	1	0	1	2090
CY207736.1	2102	2199	1	0	1	2102
CY207736.1	2247	2365	0	1	1	2365
CY207736.1	242	2043	1	0	1	242
CY207736.1	278	461	1	0	1	278
CY207736.1	372	1933	0	1	1	1933
CY207736.1	377	2120	1	4	5	377
CY207736.1	382	1920	0	1	1	1920
CY207736.1	409	701	1	0	1	409
CY207736.1	418	2160	0	1	1	2160
CY207736.1	463	1204	1	0	1	463
CY207736.1	503	1892	1	0	1	503
CY207736.1	541	1873	1	0	1	541
CY207736.1	547	1391	1	0	1	547
CY207736.1	547	1611	1	0	1	547
CY207736.1	549	1422	1	0	1	549
CY207736.1	553	1403	2	1	3	553
CY207736.1	589	1641	0	1	1	1641
CY207736.1	591	1851	1	0	1	591
CY207736.1	658	1647	1	0	1	658
CY207736.1	672	1561	0	1	1	1561
CY207736.1	675	1346	1	0	1	675
CY207736.1	696	1707	0	1	1	1707
CY207736.1	696	879	0	1	1	879
CY207736.1	699	1995	4	6	10	699
CY207736.1	723	1994	7	3	10	723
CY207736.1	726	913	1	0	1	726
CY207736.1	728	2148	2	1	3	728
CY207736.1	729	2218	0	1	1	2218
CY207736.1	746	2169	0	1	1	2169
CY207736.1	781	2023	0	1	1	2023
CY207736.1	789	2053	1	0	1	789
CY207736.1	789	929	6	0	6	789
CY207736.1	801	1774	0	1	1	1774
CY207736.1	825	1878	1	0	1	825
CY207736.1	827	1549	1	0	1	827
CY207736.1	830	1435	1	0	1	830
CY207736.1	838	2072	0	1	1	2072
CY207736.1	845	1563	5	3	8	845
CY207736.1	845	1773	1	0	1	845
CY207736.1	849	1930	2	3	5	849
CY207736.1	849	2276	0	1	1	2276
CY207736.1	878	1153	1	0	1	878
CY207736.1	878	1977	5	2	7	878
CY207736.1	879	1978	1	0	1	879
CY207736.1	893	982	1	0	1	893
CY207736.1	967	1951	1	0	1	967
CY207736.1	983	2353	0	1	1	2353
CY207736.1	984	1371	0	1	1	1371
CY207736.1	996	1822	5	3	8	996
CY207736.1	997	2255	5	5	10	997
CY207737.1	1050	1522	0	1	1	1522
CY207737.1	1087	1634	0	1	1	1634
CY207737.1	1105	1964	1	0	1	1105
CY207737.1	1220	1647	0	1	1	1647
CY207737.1	1279	2161	1	0	1	1279
CY207737.1	1303	1445	0	1	1	1445
CY207737.1	1387	2270	5	6	11	1387
CY207737.1	1415	2190	0	1	1	2190
CY207737.1	1427	1667	0	1	1	1667
CY207737.1	1446	2283	1	0	1	1446
CY207737.1	1482	1712	0	1	1	1712
CY207737.1	1523	2256	1	1	2	1523
CY207737.1	1537	2270	1	0	1	1537
CY207737.1	1667	2222	0	1	1	2222
CY207737.1	1698	2372	1	0	1	1698
CY207737.1	1736	2226	1	0	1	1736
CY207737.1	1819	2365	1	0	1	1819
CY207737.1	1853	2256	0	1	1	2256
CY207737.1	1856	2335	0	1	1	2335
CY207737.1	1872	2331	0	2	2	2331
CY207737.1	2166	2340	1	0	1	2166
CY207737.1	240	271	5	0	5	240
CY207737.1	287	2110	1	0	1	287
CY207737.1	313	2120	1	0	1	313
CY207737.1	358	2210	1	0	1	358
CY207737.1	360	2238	3	13	16	360
CY207737.1	367	2188	0	1	1	2188
CY207737.1	370	2323	3	1	4	370
CY207737.1	384	797	1	0	1	384
CY207737.1	422	590	1	0	1	422
CY207737.1	513	2451	0	1	1	2451
CY207737.1	538	1256	1	0	1	538
CY207737.1	563	1715	0	1	1	1715
CY207737.1	573	871	1	0	1	573
CY207737.1	611	1399	1	0	1	611
CY207737.1	617	1630	0	1	1	1630
CY207737.1	630	1207	1	0	1	630
CY207737.1	650	1642	1	0	1	650
CY207737.1	706	868	1	0	1	706
CY207737.1	734	1930	1	0	1	734
CY207737.1	760	2474	0	1	1	2474
CY207737.1	811	1586	0	1	1	1586
CY207737.1	895	1648	0	1	1	1648
CY207737.1	895	2266	1	0	1	895
CY207737.1	942	1839	1	0	1	942
CY207737.1	976	2322	1	0	1	976
CY207738.1	1003	1395	0	1	1	1395
CY207738.1	1021	2193	1	0	1	1021
CY207738.1	1038	1740	1	0	1	1038
CY207738.1	1043	2227	1	0	1	1043
CY207738.1	1060	2041	0	1	1	2041
CY207738.1	1071	1448	1	0	1	1071
CY207738.1	1084	1319	1	0	1	1084
CY207738.1	1115	1457	0	1	1	1457
CY207738.1	1117	1355	0	1	1	1355
CY207738.1	1218	1974	1	0	1	1218
CY207738.1	1236	2077	1	0	1	1236
CY207738.1	1253	1681	1	0	1	1253
CY207738.1	1277	2177	0	1	1	2177
CY207738.1	1328	2386	1	0	1	1328
CY207738.1	1380	1982	1	0	1	1380
CY207738.1	1401	2069	1	0	1	1401
CY207738.1	1416	1713	1	0	1	1416
CY207738.1	1492	1639	1	2	3	1492
CY207738.1	1571	1610	1	0	1	1571
CY207738.1	1571	2363	0	1	1	2363
CY207738.1	1571	2484	0	1	1	2484
CY207738.1	1576	1747	1	0	1	1576
CY207738.1	1609	1796	1	0	1	1609
CY207738.1	1635	2272	1	0	1	1635
CY207738.1	1719	1997	0	1	1	1997
CY207738.1	1731	2061	1	0	1	1731
CY207738.1	1735	1976	0	1	1	1976
CY207738.1	1896	2291	1	0	1	1896
CY207738.1	2003	2456	0	1	1	2456
CY207738.1	2033	2462	0	1	1	2462
CY207738.1	2065	2474	0	1	1	2474
CY207738.1	334	461	0	1	1	461
CY207738.1	344	1240	1	0	1	344
CY207738.1	346	2235	0	1	1	2235
CY207738.1	351	1582	0	1	1	1582
CY207738.1	367	411	0	1	1	411
CY207738.1	372	1568	0	1	1	1568
CY207738.1	373	2243	7	13	20	373
CY207738.1	408	1764	0	1	1	1764
CY207738.1	415	614	0	1	1	614
CY207738.1	425	2306	0	1	1	2306
CY207738.1	449	1414	1	0	1	449
CY207738.1	509	2474	0	1	1	2474
CY207738.1	525	1834	0	1	1	1834
CY207738.1	526	1141	0	1	1	1141
CY207738.1	530	1155	0	1	1	1155
CY207738.1	545	817	1	0	1	545
CY207738.1	558	614	0	1	1	614
CY207738.1	562	858	0	1	1	858
CY207738.1	594	2175	0	1	1	2175
CY207738.1	595	1201	0	1	1	1201
CY207738.1	626	2171	1	0	1	626
CY207738.1	643	1030	1	0	1	643
CY207738.1	646	907	0	1	1	907
CY207738.1	647	2336	1	0	1	647
CY207738.1	672	2317	0	1	1	2317
CY207738.1	694	1132	1	0	1	694
CY207738.1	717	1746	0	1	1	1746
CY207738.1	742	1613	1	0	1	742
CY207738.1	782	1601	1	0	1	782
CY207738.1	784	2310	1	0	1	784
CY207738.1	811	1451	1	0	1	811
CY207738.1	831	2078	1	0	1	831
CY207738.1	845	2248	0	1	1	2248
CY207738.1	846	1469	6	3	9	846
CY207738.1	848	1262	0	1	1	1262
CY207738.1	865	2076	0	1	1	2076
CY207738.1	877	2184	0	1	1	2184
CY207738.1	896	1101	1	0	1	896
CY207738.1	896	2203	0	1	1	2203
CY207738.1	932	1681	0	1	1	1681
CY207738.1	959	1187	0	1	1	1187
CY207738.1	960	2139	1	0	1	960
CY207738.1	975	2307	1	0	1	975
