Segment	Start	Stop	Forward_support	Reverse_support	Total_support	Fuzz_factor
CY207731.1	1018	1223	1	0	1	1018
CY207731.1	1047	1653	0	1	1	1653
CY207731.1	1069	1360	0	1	1	1360
CY207731.1	1080	1729	1	0	1	1080
CY207731.1	1117	1470	0	1	1	1470
CY207731.1	1183	1529	1	0	1	1183
CY207731.1	1228	1265	1	0	1	1228
CY207731.1	1252	1421	0	1	1	1421
CY207731.1	1284	1638	0	1	1	1638
CY207731.1	1315	1529	0	1	1	1529
CY207731.1	1357	1693	1	0	1	1357
CY207731.1	1461	1911	0	1	1	1911
CY207731.1	1788	1837	0	1	1	1837
CY207731.1	290	846	1	0	1	290
CY207731.1	330	1712	0	1	1	1712
CY207731.1	405	910	0	1	1	910
CY207731.1	420	1811	1	0	1	420
CY207731.1	421	491	0	1	1	491
CY207731.1	446	592	0	1	1	592
CY207731.1	504	1537	0	1	1	1537
CY207731.1	514	641	1	0	1	514
CY207731.1	533	570	0	1	1	570
CY207731.1	851	879	0	1	1	879
CY207731.1	872	1034	0	1	1	1034
CY207731.1	880	1807	1	0	1	880
CY207731.1	937	1745	1	0	1	937
CY207731.1	980	1730	1	0	1	980
CY207732.1	1016	1138	0	1	1	1138
CY207732.1	251	953	1	0	1	251
CY207732.1	277	329	1	0	1	277
CY207732.1	280	905	1	0	1	280
CY207732.1	332	820	1	0	1	332
CY207732.1	337	756	0	1	1	756
CY207732.1	350	447	1	0	1	350
CY207732.1	356	635	0	1	1	635
CY207732.1	356	724	1	0	1	356
CY207732.1	373	902	0	1	1	902
CY207732.1	392	724	0	1	1	724
CY207732.1	394	825	0	1	1	825
CY207732.1	401	887	0	1	1	887
CY207732.1	402	767	0	1	1	767
CY207732.1	403	635	0	1	1	635
CY207732.1	403	766	0	1	1	766
CY207732.1	418	590	1	0	1	418
CY207732.1	427	936	0	1	1	936
CY207732.1	453	779	0	1	1	779
CY207732.1	455	1124	0	1	1	1124
CY207732.1	470	556	0	1	1	556
CY207732.1	471	592	1	0	1	471
CY207732.1	473	1043	0	1	1	1043
CY207732.1	478	1058	1	0	1	478
CY207732.1	478	880	1	0	1	478
CY207732.1	486	540	11	27	38	486
CY207732.1	500	812	0	1	1	812
CY207732.1	501	746	1	0	1	501
CY207732.1	519	1010	0	1	1	1010
CY207732.1	524	726	0	1	1	726
CY207732.1	543	567	0	1	1	567
CY207732.1	544	680	1	0	1	544
CY207732.1	556	608	1	0	1	556
CY207732.1	570	638	0	1	1	638
CY207732.1	573	897	1	0	1	573
CY207732.1	619	1009	1	0	1	619
CY207732.1	625	959	0	1	1	959
CY207732.1	631	804	0	1	1	804
CY207732.1	649	968	1	0	1	649
CY207732.1	687	1155	0	1	1	1155
CY207732.1	717	912	0	1	1	912
CY207732.1	720	1061	1	0	1	720
CY207732.1	720	937	0	1	1	937
CY207732.1	721	889	1	0	1	721
CY207732.1	776	820	0	1	1	820
CY207732.1	810	980	0	1	1	980
CY207732.1	854	936	32	16	48	854
CY207732.1	879	984	0	1	1	984
CY207732.1	882	914	1	0	1	882
CY207732.1	941	1041	1	0	1	941
CY207732.1	993	1042	0	1	1	1042
CY207733.1	1173	1422	1	0	1	1173
CY207733.1	383	1392	35	111	146	383
CY207733.1	542	1294	1	0	1	542
CY207733.1	621	1066	0	1	1	1066
CY207733.1	670	887	16	14	30	670
CY207733.1	749	1443	1	0	1	749
CY207733.1	802	941	3	5	8	802
CY207733.1	851	1186	0	1	1	1186
CY207733.1	948	1027	27	31	58	948
CY207733.1	995	1285	1	0	1	995
CY207733.1	999	1150	0	1	1	1150
CY207734.1	1092	1252	1	0	1	1092
CY207734.1	1098	1252	1	0	1	1098
CY207734.1	1125	1289	17	35	52	1125
CY207734.1	1141	1311	0	1	1	1311
CY207734.1	1143	1281	0	1	1	1281
CY207734.1	1152	1250	0	1	1	1250
CY207734.1	1467	1595	48	16	64	1467
CY207734.1	1526	1551	1	0	1	1526
CY207734.1	255	1152	1	0	1	255
CY207734.1	273	1348	1	0	1	273
CY207734.1	290	787	1	0	1	290
CY207734.1	332	1436	0	1	1	1436
CY207734.1	348	759	1	0	1	348
CY207734.1	360	884	0	1	1	884
CY207734.1	363	1692	0	1	1	1692
CY207734.1	401	1123	0	1	1	1123
CY207734.1	411	560	0	1	1	560
CY207734.1	414	1070	0	1	1	1070
CY207734.1	444	1208	1	0	1	444
CY207734.1	478	1134	1	0	1	478
CY207734.1	481	1265	0	1	1	1265
CY207734.1	486	796	0	1	1	796
CY207734.1	513	587	0	1	1	587
CY207734.1	521	841	10	23	33	521
CY207734.1	603	861	0	1	1	861
CY207734.1	674	968	0	1	1	968
CY207734.1	679	1060	1	0	1	679
CY207734.1	721	962	1	0	1	721
CY207734.1	780	1037	0	1	1	1037
CY207734.1	803	982	23	22	45	803
CY207734.1	821	1535	1	0	1	821
CY207734.1	853	1159	0	1	1	1159
CY207735.1	244	280	1	0	1	244
CY207735.1	313	355	0	1	1	355
CY207735.1	318	385	0	1	1	385
CY207735.1	371	806	0	1	1	806
CY207735.1	384	865	1	136	137	384
CY207735.1	400	843	0	1	1	843
CY207735.1	405	916	0	1	1	916
CY207735.1	420	879	0	1	1	879
CY207735.1	511	740	50	135	185	511
CY207735.1	519	746	0	1	1	746
CY207735.1	541	565	0	1	1	565
CY207735.1	595	784	0	1	1	784
CY207735.1	729	916	1	0	1	729
CY207736.1	1041	1751	0	1	1	1751
CY207736.1	1089	1720	72	80	152	1089
CY207736.1	1134	1736	0	1	1	1736
CY207736.1	1169	1751	0	1	1	1751
CY207736.1	1321	1540	1	0	1	1321
CY207736.1	1566	1995	13	30	43	1566
CY207736.1	1874	2115	1	0	1	1874
CY207736.1	2123	2156	8	27	35	2123
CY207736.1	249	1896	1	0	1	249
CY207736.1	277	1713	1	0	1	277
CY207736.1	332	1918	14	0	14	332
CY207736.1	335	2008	2	12	14	335
CY207736.1	363	391	27	87	114	363
CY207736.1	371	1567	1	0	1	371
CY207736.1	377	1729	23	81	104	377
CY207736.1	383	1734	0	1	1	1734
CY207736.1	391	1942	0	1	1	1942
CY207736.1	472	2089	0	1	1	2089
CY207736.1	484	1193	0	1	1	1193
CY207736.1	528	1715	1	0	1	528
CY207736.1	565	1724	0	1	1	1724
CY207736.1	574	1733	80	51	131	574
CY207736.1	594	2051	0	1	1	2051
CY207736.1	596	2002	0	1	1	2002
CY207736.1	620	1427	0	1	1	1427
CY207736.1	643	1756	0	1	1	1756
CY207736.1	716	846	1	0	1	716
CY207736.1	723	1994	15	17	32	723
CY207736.1	744	1620	0	1	1	1620
CY207736.1	786	1590	1	0	1	786
CY207736.1	806	1269	1	0	1	806
CY207736.1	810	980	0	1	1	980
CY207736.1	938	2074	0	1	1	2074
CY207736.1	943	1612	1	0	1	943
CY207736.1	952	2312	0	1	1	2312
CY207737.1	1276	1391	1	0	1	1276
CY207737.1	491	2292	0	1	1	2292
CY207737.1	503	1615	0	1	1	1615
CY207737.1	532	554	0	1	1	554
CY207737.1	624	2026	1	0	1	624
CY207737.1	624	2289	0	1	1	2289
CY207737.1	665	2046	3	0	3	665
CY207737.1	669	2056	1	0	1	669
CY207737.1	670	2057	50	39	89	670
CY207737.1	768	1300	0	1	1	1300
CY207737.1	871	1698	0	1	1	1698
CY207738.1	1141	1880	0	1	1	1880
CY207738.1	1272	1744	0	1	1	1744
CY207738.1	1323	2280	0	1	1	2280
CY207738.1	1431	2171	1	0	1	1431
CY207738.1	1770	1852	25	33	58	1770
CY207738.1	246	1845	1	0	1	246
CY207738.1	281	1867	22	1	23	281
CY207738.1	343	2450	0	1	1	2450
CY207738.1	381	2118	0	1	1	2118
CY207738.1	390	1557	1	0	1	390
CY207738.1	391	616	0	1	1	616
CY207738.1	399	2209	14	88	102	399
CY207738.1	414	2221	0	1	1	2221
CY207738.1	484	507	1	0	1	484
CY207738.1	485	1590	0	1	1	1590
CY207738.1	574	2371	1	0	1	574
CY207738.1	658	1916	32	26	58	658
CY207738.1	776	2223	1	0	1	776
CY207738.1	798	1249	0	1	1	1249
CY207738.1	821	1264	1	0	1	821
CY207738.1	884	906	1	0	1	884
