Segment	Start	Stop	Forward_support	Reverse_support	Total_support	Fuzz_factor
CY207731.1	1001	1604	0	1	1	1604
CY207731.1	1023	1754	12	3	15	1023
CY207731.1	1067	1607	1	0	1	1067
CY207731.1	1124	1482	0	1	1	1482
CY207731.1	1135	1164	1	0	1	1135
CY207731.1	1181	1557	1	0	1	1181
CY207731.1	1210	1531	0	1	1	1531
CY207731.1	1216	1731	0	1	1	1731
CY207731.1	1229	1918	1	0	1	1229
CY207731.1	1264	1354	0	1	1	1354
CY207731.1	1289	1627	0	1	1	1627
CY207731.1	1320	1494	1	0	1	1320
CY207731.1	1340	1515	1	0	1	1340
CY207731.1	1355	1688	1	0	1	1355
CY207731.1	1357	1759	0	1	1	1759
CY207731.1	1360	1804	1	0	1	1360
CY207731.1	1403	1496	1	0	1	1403
CY207731.1	1442	1520	1	0	1	1442
CY207731.1	1463	1578	0	1	1	1578
CY207731.1	1663	1887	0	1	1	1887
CY207731.1	1711	1748	1	0	1	1711
CY207731.1	1712	1748	18	43	61	1712
CY207731.1	259	1616	11	0	11	259
CY207731.1	288	1188	1	0	1	288
CY207731.1	324	1188	1	0	1	324
CY207731.1	329	1333	1	0	1	329
CY207731.1	337	1883	0	1	1	1883
CY207731.1	347	1523	1	0	1	347
CY207731.1	350	840	1	0	1	350
CY207731.1	364	1422	0	1	1	1422
CY207731.1	364	1672	12	25	37	364
CY207731.1	383	880	0	1	1	880
CY207731.1	402	477	0	1	1	477
CY207731.1	406	1916	0	1	1	1916
CY207731.1	416	443	1	1	2	416
CY207731.1	426	1366	1	0	1	426
CY207731.1	426	1820	0	1	1	1820
CY207731.1	439	1193	1	0	1	439
CY207731.1	443	736	0	1	1	736
CY207731.1	458	1612	0	1	1	1612
CY207731.1	468	675	0	1	1	675
CY207731.1	469	1710	0	1	1	1710
CY207731.1	472	719	1	0	1	472
CY207731.1	480	527	0	1	1	527
CY207731.1	481	1080	1	0	1	481
CY207731.1	497	1299	0	1	1	1299
CY207731.1	519	734	0	1	1	734
CY207731.1	527	1727	1	1	2	527
CY207731.1	557	892	0	1	1	892
CY207731.1	566	998	2	0	2	566
CY207731.1	568	1204	17	12	29	568
CY207731.1	573	1273	0	1	1	1273
CY207731.1	577	1115	0	1	1	1115
CY207731.1	582	1440	0	1	1	1440
CY207731.1	602	1321	0	1	1	1321
CY207731.1	604	1002	0	1	1	1002
CY207731.1	611	1157	1	0	1	611
CY207731.1	620	1049	1	0	1	620
CY207731.1	622	1232	1	0	1	622
CY207731.1	685	1225	1	0	1	685
CY207731.1	692	862	1	0	1	692
CY207731.1	709	1015	1	0	1	709
CY207731.1	709	1726	0	1	1	1726
CY207731.1	752	1479	2	0	2	752
CY207731.1	789	1858	1	0	1	789
CY207731.1	791	1066	1	0	1	791
CY207731.1	791	857	1	0	1	791
CY207731.1	812	1776	0	1	1	1776
CY207731.1	813	1194	0	1	1	1194
CY207731.1	817	1570	0	1	1	1570
CY207731.1	821	1283	0	1	1	1283
CY207731.1	831	991	0	1	1	991
CY207731.1	865	1553	0	1	1	1553
CY207731.1	882	1679	1	0	1	882
CY207731.1	917	1243	1	0	1	917
CY207731.1	939	1855	1	0	1	939
CY207731.1	962	1141	0	1	1	1141
CY207731.1	968	1574	0	1	1	1574
CY207731.1	978	1713	1	0	1	978
CY207731.1	981	1365	13	5	18	981
CY207732.1	243	1034	1	0	1	243
CY207732.1	259	460	1	0	1	259
CY207732.1	261	712	1	0	1	261
CY207732.1	264	948	1	0	1	264
CY207732.1	280	703	1	0	1	280
CY207732.1	317	712	0	1	1	712
CY207732.1	354	643	0	1	1	643
CY207732.1	374	993	0	1	1	993
CY207732.1	376	558	0	1	1	558
CY207732.1	395	832	0	1	1	832
CY207732.1	402	472	0	1	1	472
CY207732.1	403	768	0	1	1	768
CY207732.1	407	629	0	1	1	629
CY207732.1	419	725	0	1	1	725
CY207732.1	419	763	0	1	1	763
CY207732.1	425	457	0	1	1	457
CY207732.1	429	783	0	1	1	783
CY207732.1	432	786	0	1	1	786
CY207732.1	439	466	0	1	1	466
CY207732.1	445	1067	1	0	1	445
CY207732.1	449	731	1	0	1	449
CY207732.1	450	798	0	1	1	798
CY207732.1	452	652	0	1	1	652
CY207732.1	461	556	1	0	1	461
CY207732.1	477	524	0	1	1	524
CY207732.1	483	895	1	0	1	483
CY207732.1	509	962	0	1	1	962
CY207732.1	512	964	1	0	1	512
CY207732.1	523	708	0	1	1	708
CY207732.1	526	872	0	1	1	872
CY207732.1	527	894	0	1	1	894
CY207732.1	532	619	0	1	1	619
CY207732.1	537	994	1	0	1	537
CY207732.1	540	835	1	1	2	540
CY207732.1	544	785	1	0	1	544
CY207732.1	549	877	1	0	1	549
CY207732.1	585	653	1	0	1	585
CY207732.1	587	719	1	0	1	587
CY207732.1	598	899	5	5	10	598
CY207732.1	602	800	1	0	1	602
CY207732.1	621	731	1	0	1	621
CY207732.1	627	668	0	1	1	668
CY207732.1	654	956	0	1	1	956
CY207732.1	659	727	0	1	1	727
CY207732.1	679	815	1	7	8	679
CY207732.1	680	936	2	1	3	680
CY207732.1	687	1142	0	1	1	1142
CY207732.1	700	864	1	0	1	700
CY207732.1	712	777	1	4	5	712
CY207732.1	718	860	2	8	10	718
CY207732.1	719	1157	0	1	1	1157
CY207732.1	732	905	0	1	1	905
CY207732.1	743	961	1	0	1	743
CY207732.1	749	951	0	1	1	951
CY207732.1	759	859	2	1	3	759
CY207732.1	791	1083	1	0	1	791
CY207732.1	797	983	1	0	1	797
CY207732.1	804	1014	12	5	17	804
CY207732.1	806	910	1	0	1	806
CY207732.1	818	854	7	5	12	818
CY207732.1	835	1102	1	0	1	835
CY207732.1	870	958	1	0	1	870
CY207732.1	881	1012	0	5	5	1012
CY207732.1	895	1071	1	0	1	895
CY207732.1	896	1013	1	0	1	896
CY207732.1	897	1182	0	1	1	1182
CY207732.1	903	1058	0	1	1	1058
CY207732.1	928	1017	1	0	1	928
CY207732.1	941	1058	1	0	1	941
CY207733.1	1008	1116	1	0	1	1008
CY207733.1	1018	1074	5	6	11	1018
CY207733.1	1090	1184	5	8	13	1090
CY207733.1	1109	1413	0	1	1	1413
CY207733.1	1114	1228	0	1	1	1228
CY207733.1	1225	1381	1	0	1	1225
CY207733.1	1333	1359	3	2	5	1333
CY207733.1	1488	1544	0	1	1	1544
CY207733.1	1531	1605	0	2	2	1605
CY207733.1	239	961	1	0	1	239
CY207733.1	284	1237	1	0	1	284
CY207733.1	381	1493	7	6	13	381
CY207733.1	405	931	0	1	1	931
CY207733.1	406	594	0	1	1	594
CY207733.1	423	819	0	1	1	819
CY207733.1	471	1489	0	1	1	1489
CY207733.1	520	612	0	1	1	612
CY207733.1	531	1202	0	1	1	1202
CY207733.1	579	1268	1	0	1	579
CY207733.1	582	1308	1	0	1	582
CY207733.1	593	1236	1	0	1	593
CY207733.1	650	1042	0	1	1	1042
CY207733.1	657	931	1	0	1	657
CY207733.1	674	993	1	0	1	674
CY207733.1	835	902	0	1	1	902
CY207733.1	838	1074	0	1	1	1074
CY207733.1	865	1380	0	1	1	1380
CY207733.1	879	1361	1	0	1	879
CY207733.1	905	1112	1	0	1	905
CY207733.1	928	1290	0	1	1	1290
CY207733.1	985	1499	1	0	1	985
CY207734.1	1005	1567	1	0	1	1005
CY207734.1	1008	1129	0	1	1	1129
CY207734.1	1062	1314	1	0	1	1062
CY207734.1	1083	1289	0	1	1	1289
CY207734.1	1096	1225	0	1	1	1225
CY207734.1	1107	1469	0	1	1	1469
CY207734.1	1127	1430	0	1	1	1430
CY207734.1	1207	1390	0	1	1	1390
CY207734.1	1309	1366	4	8	12	1309
CY207734.1	1328	1417	5	3	8	1328
CY207734.1	1445	1611	0	1	1	1611
CY207734.1	1455	1567	1	0	1	1455
CY207734.1	1478	1685	0	1	1	1685
CY207734.1	1580	1697	0	3	3	1697
CY207734.1	245	1443	1	0	1	245
CY207734.1	245	944	1	0	1	245
CY207734.1	248	1143	1	0	1	248
CY207734.1	250	912	1	0	1	250
CY207734.1	254	1039	1	0	1	254
CY207734.1	270	1006	1	0	1	270
CY207734.1	277	674	1	0	1	277
CY207734.1	279	1075	1	0	1	279
CY207734.1	280	1120	1	0	1	280
CY207734.1	280	1237	1	0	1	280
CY207734.1	284	1008	1	0	1	284
CY207734.1	289	500	1	0	1	289
CY207734.1	292	1539	1	0	1	292
CY207734.1	322	957	1	0	1	322
CY207734.1	343	757	0	1	1	757
CY207734.1	377	996	1	0	1	377
CY207734.1	396	758	0	1	1	758
CY207734.1	401	1519	0	1	1	1519
CY207734.1	408	1295	0	1	1	1295
CY207734.1	408	1539	1	0	1	408
CY207734.1	412	587	1	0	1	412
CY207734.1	427	1450	8	30	38	427
CY207734.1	440	957	1	0	1	440
CY207734.1	446	832	0	1	1	832
CY207734.1	461	1544	0	1	1	1544
CY207734.1	464	1679	0	1	1	1679
CY207734.1	486	1176	1	0	1	486
CY207734.1	506	1177	0	1	1	1177
CY207734.1	522	1591	1	0	1	522
CY207734.1	525	1444	1	0	1	525
CY207734.1	533	1182	2	5	7	533
CY207734.1	547	736	0	1	1	736
CY207734.1	563	819	0	1	1	819
CY207734.1	600	1128	0	1	1	1128
CY207734.1	619	1000	1	0	1	619
CY207734.1	654	1087	0	1	1	1087
CY207734.1	662	1272	1	0	1	662
CY207734.1	752	1350	0	1	1	1350
CY207734.1	810	958	2	1	3	810
CY207734.1	846	1044	0	1	1	1044
CY207734.1	891	1158	1	0	1	891
CY207734.1	896	961	1	0	1	896
CY207734.1	907	1068	1	0	1	907
CY207734.1	910	1081	7	2	9	910
CY207734.1	911	1101	1	0	1	911
CY207734.1	938	1342	1	0	1	938
CY207734.1	944	1472	0	1	1	1472
CY207734.1	968	1078	0	1	1	1078
CY207734.1	984	1242	1	0	1	984
CY207734.1	992	1079	0	1	1	1079
CY207735.1	281	931	18	1	19	281
CY207735.1	455	788	1	0	1	455
CY207735.1	511	740	0	2	2	740
CY207735.1	538	567	0	1	1	567
CY207735.1	684	846	1	0	1	684
CY207735.1	847	895	4	3	7	847
CY207735.1	999	1026	0	7	7	1026
CY207736.1	1002	1558	1	0	1	1002
CY207736.1	1038	1385	1	0	1	1038
CY207736.1	1072	1738	0	1	1	1738
CY207736.1	1090	2226	20	13	33	1090
CY207736.1	1128	1574	1	0	1	1128
CY207736.1	1164	1331	1	0	1	1164
CY207736.1	1175	1685	1	0	1	1175
CY207736.1	1179	1824	1	0	1	1179
CY207736.1	1189	1521	1	0	1	1189
CY207736.1	1191	1951	1	0	1	1191
CY207736.1	1206	1608	1	0	1	1206
CY207736.1	1240	2147	0	1	1	2147
CY207736.1	1258	1647	6	5	11	1258
CY207736.1	1258	1648	1	0	1	1258
CY207736.1	1259	2277	0	1	1	2277
CY207736.1	1276	1872	0	1	1	1872
CY207736.1	1285	2260	1	0	1	1285
CY207736.1	1343	2349	0	1	1	2349
CY207736.1	1364	2240	1	0	1	1364
CY207736.1	1373	1734	0	1	1	1734
CY207736.1	1380	2041	1	0	1	1380
CY207736.1	1412	1693	1	0	1	1412
CY207736.1	1509	1995	4	8	12	1509
CY207736.1	1517	1789	1	0	1	1517
CY207736.1	1528	2012	0	1	1	2012
CY207736.1	1666	2043	0	1	1	2043
CY207736.1	1697	2131	0	1	1	2131
CY207736.1	1697	2302	1	0	1	1697
CY207736.1	1702	2259	0	1	1	2259
CY207736.1	1765	2280	0	7	7	2280
CY207736.1	1768	1880	0	1	1	1880
CY207736.1	1799	2059	0	1	1	2059
CY207736.1	1834	1877	4	13	17	1834
CY207736.1	1873	1970	0	1	1	1970
CY207736.1	1930	2048	0	1	1	2048
CY207736.1	1932	2019	1	0	1	1932
CY207736.1	2143	2172	2	8	10	2143
CY207736.1	2170	2250	25	5	30	2170
CY207736.1	2236	2282	0	5	5	2282
CY207736.1	2257	2319	0	1	1	2319
CY207736.1	238	1357	1	0	1	238
CY207736.1	242	291	57	3	60	242
CY207736.1	266	2253	1	0	1	266
CY207736.1	268	2147	8	3	11	268
CY207736.1	269	873	1	0	1	269
CY207736.1	283	2172	2	2	4	283
CY207736.1	286	1949	1	0	1	286
CY207736.1	310	2283	0	1	1	2283
CY207736.1	316	2219	0	1	1	2219
CY207736.1	327	2217	3	4	7	327
CY207736.1	334	2153	1	18	19	334
CY207736.1	334	2208	2	3	5	334
CY207736.1	335	2142	3	49	52	335
CY207736.1	371	1276	1	0	1	371
CY207736.1	377	1578	1	0	1	377
CY207736.1	381	2302	1	0	1	381
CY207736.1	388	1592	1	1	2	388
CY207736.1	390	1594	6	38	44	390
CY207736.1	403	2180	3	14	17	403
CY207736.1	408	680	1	5	6	408
CY207736.1	414	1694	1	0	1	414
CY207736.1	417	1819	0	2	2	1819
CY207736.1	417	2192	5	4	9	417
CY207736.1	423	1697	15	28	43	423
CY207736.1	424	1054	0	1	1	1054
CY207736.1	431	1667	1	0	1	431
CY207736.1	476	965	7	4	11	476
CY207736.1	486	2228	1	0	1	486
CY207736.1	536	2043	0	1	1	2043
CY207736.1	549	1941	88	34	122	549
CY207736.1	560	2052	2	5	7	560
CY207736.1	565	2004	5	1	6	565
CY207736.1	568	2050	5	3	8	568
CY207736.1	570	2009	0	1	1	2009
CY207736.1	572	1993	2	0	2	572
CY207736.1	573	1375	1	0	1	573
CY207736.1	573	1994	30	22	52	573
CY207736.1	576	1096	0	1	1	1096
CY207736.1	589	1924	2	0	2	589
CY207736.1	596	2002	2	3	5	596
CY207736.1	597	1444	0	1	1	1444
CY207736.1	616	1954	7	4	11	616
CY207736.1	617	1952	5	3	8	617
CY207736.1	617	1958	4	7	11	617
CY207736.1	633	1746	1	0	1	633
CY207736.1	644	1920	3	4	7	644
CY207736.1	644	761	0	1	1	761
CY207736.1	655	1432	0	1	1	1432
CY207736.1	678	1854	0	2	2	1854
CY207736.1	678	2078	1	0	1	678
CY207736.1	695	1877	1	0	1	695
CY207736.1	699	1995	17	16	33	699
CY207736.1	711	1736	0	6	6	1736
CY207736.1	728	2028	1	0	1	728
CY207736.1	729	2029	6	14	20	729
CY207736.1	730	2030	1	0	1	730
CY207736.1	735	1848	5	12	17	735
CY207736.1	760	1776	4	0	4	760
CY207736.1	761	1725	10	5	15	761
CY207736.1	767	2167	0	1	1	2167
CY207736.1	771	2047	0	2	2	2047
CY207736.1	776	2051	0	3	3	2051
CY207736.1	781	1044	4	0	4	781
CY207736.1	783	1843	3	0	3	783
CY207736.1	785	1845	28	14	42	785
CY207736.1	792	1850	0	1	1	1850
CY207736.1	806	1062	0	1	1	1062
CY207736.1	813	1963	5	0	5	813
CY207736.1	814	1710	3	0	3	814
CY207736.1	815	1705	1	0	1	815
CY207736.1	821	1935	8	3	11	821
CY207736.1	821	1943	0	1	1	1943
CY207736.1	823	1659	4	0	4	823
CY207736.1	823	1719	1	0	1	823
CY207736.1	837	1999	3	3	6	837
CY207736.1	840	1950	1	0	1	840
CY207736.1	845	1806	6	11	17	845
CY207736.1	863	1818	0	1	1	1818
CY207736.1	870	1823	0	1	1	1823
CY207736.1	878	1992	0	1	1	1992
CY207736.1	883	1706	2	2	4	883
CY207736.1	883	1865	0	1	1	1865
CY207736.1	908	1882	0	1	1	1882
CY207736.1	915	1667	0	1	1	1667
CY207736.1	922	1666	15	13	28	922
CY207736.1	938	1824	0	1	1	1824
CY207736.1	939	2068	1	0	1	939
CY207736.1	951	1757	0	1	1	1757
CY207737.1	1028	1838	0	1	1	1838
CY207737.1	1039	1360	0	1	1	1360
CY207737.1	1067	1921	1	0	1	1067
CY207737.1	1075	2334	0	1	1	2334
CY207737.1	1133	1207	0	1	1	1207
CY207737.1	1240	1561	0	1	1	1561
CY207737.1	1269	1499	0	1	1	1499
CY207737.1	1273	2220	1	0	1	1273
CY207737.1	1306	2351	1	0	1	1306
CY207737.1	1344	1711	0	1	1	1711
CY207737.1	1562	1945	0	1	1	1945
CY207737.1	1578	2238	1	0	1	1578
CY207737.1	1827	2371	1	0	1	1827
CY207737.1	1920	1994	0	1	1	1994
CY207737.1	1960	2069	0	1	1	2069
CY207737.1	2144	2192	1	0	1	2144
CY207737.1	2297	2341	1	0	1	2297
CY207737.1	262	2492	1	0	1	262
CY207737.1	387	1965	1	0	1	387
CY207737.1	399	626	1	0	1	399
CY207737.1	450	2106	1	0	1	450
CY207737.1	497	1626	1	0	1	497
CY207737.1	516	1162	1	0	1	516
CY207737.1	536	1215	1	0	1	536
CY207737.1	620	866	0	1	1	866
CY207737.1	649	1159	0	1	1	1159
CY207737.1	664	1663	1	0	1	664
CY207737.1	667	1705	1	0	1	667
CY207737.1	674	1698	8	6	14	674
CY207737.1	681	1720	8	9	17	681
CY207737.1	691	1730	0	1	1	1730
CY207737.1	731	1779	10	7	17	731
CY207737.1	833	1807	4	11	15	833
CY207737.1	834	1808	0	1	1	1808
CY207737.1	836	1929	0	1	1	1929
CY207737.1	840	1813	0	1	1	1813
CY207737.1	850	1950	1	0	1	850
CY207737.1	921	2299	1	0	1	921
CY207737.1	969	1927	0	1	1	1927
CY207737.1	982	1807	7	5	12	982
CY207738.1	1035	2304	1	0	1	1035
CY207738.1	1044	1391	0	1	1	1391
CY207738.1	1113	2052	4	7	11	1113
CY207738.1	1121	2057	0	1	1	2057
CY207738.1	1252	2019	0	1	1	2019
CY207738.1	1280	1470	1	0	1	1280
CY207738.1	1339	2038	0	1	1	2038
CY207738.1	1351	1825	0	1	1	1825
CY207738.1	1455	1757	1	0	1	1455
CY207738.1	1657	1916	1	0	1	1657
CY207738.1	1700	2036	2	1	3	1700
CY207738.1	1912	1967	3	2	5	1912
CY207738.1	2218	2391	2	1	3	2218
CY207738.1	2239	2306	1	0	1	2239
CY207738.1	2255	2279	0	1	1	2279
CY207738.1	247	2288	1	0	1	247
CY207738.1	270	1920	1	0	1	270
CY207738.1	286	1808	1	0	1	286
CY207738.1	294	1875	5	3	8	294
CY207738.1	313	1744	3	6	9	313
CY207738.1	323	2450	0	1	1	2450
CY207738.1	327	2000	0	1	1	2000
CY207738.1	329	2274	1	0	1	329
CY207738.1	335	743	1	0	1	335
CY207738.1	344	1240	0	1	1	1240
CY207738.1	346	1330	0	1	1	1330
CY207738.1	346	2235	1	0	1	346
CY207738.1	354	2309	70	129	199	354
CY207738.1	354	450	1	0	1	354
CY207738.1	358	499	1	0	1	358
CY207738.1	375	1642	1	0	1	375
CY207738.1	385	2489	2	37	39	385
CY207738.1	394	2498	0	3	3	2498
CY207738.1	396	2245	8	35	43	396
CY207738.1	396	2246	1	0	1	396
CY207738.1	419	2163	1	19	20	419
CY207738.1	419	2296	9	18	27	419
CY207738.1	428	834	0	1	1	834
CY207738.1	434	790	0	1	1	790
CY207738.1	443	1040	1	0	1	443
CY207738.1	460	2000	10	36	46	460
CY207738.1	465	2077	1	6	7	465
CY207738.1	471	2195	50	99	149	471
CY207738.1	473	2197	0	1	1	2197
CY207738.1	480	2168	1	0	1	480
CY207738.1	509	1900	9	10	19	509
CY207738.1	527	2072	4	24	28	527
CY207738.1	567	2129	0	1	1	2129
CY207738.1	572	1563	0	1	1	1563
CY207738.1	631	2015	2	0	2	631
CY207738.1	641	1905	1	0	1	641
CY207738.1	643	2026	10	17	27	643
CY207738.1	644	2021	10	18	28	644
CY207738.1	646	1942	3	3	6	646
CY207738.1	646	2224	0	1	1	2224
CY207738.1	664	2444	1	0	1	664
CY207738.1	671	1879	1	0	1	671
CY207738.1	673	1917	1	0	1	673
CY207738.1	682	1913	78	73	151	682
CY207738.1	687	1987	0	7	7	1987
CY207738.1	721	1955	0	1	1	1955
CY207738.1	722	1947	6	13	19	722
CY207738.1	752	1717	2	2	4	752
CY207738.1	764	1925	0	1	1	1925
CY207738.1	793	1780	0	1	1	1780
CY207738.1	796	1823	2	2	4	796
CY207738.1	798	1249	0	1	1	1249
CY207738.1	800	826	0	1	1	826
CY207738.1	802	2475	0	1	1	2475
CY207738.1	806	1355	0	1	1	1355
CY207738.1	815	1893	21	15	36	815
CY207738.1	831	2109	0	1	1	2109
CY207738.1	855	2117	10	12	22	855
CY207738.1	896	1101	1	1	2	896
CY207738.1	898	1810	5	6	11	898
CY207738.1	913	1898	0	1	1	1898
CY207738.1	926	991	1	0	1	926
CY207738.1	937	1772	4	2	6	937
CY207738.1	961	1699	0	1	1	1699
CY207738.1	971	1310	10	3	13	971
