Segment	Start	Stop	Forward_support	Reverse_support	Total_support	Fuzz_factor
CY207731.1	1193	1660	1	0	1	1193
CY207731.1	269	1672	1	0	1	269
CY207731.1	278	1717	1	0	1	278
CY207731.1	280	1681	1	0	1	280
CY207731.1	321	1706	6	15	21	321
CY207731.1	340	1724	1	0	1	340
CY207731.1	349	1743	11	35	46	349
CY207731.1	351	1759	18	56	74	351
CY207731.1	352	983	0	1	1	983
CY207731.1	381	1602	0	1	1	1602
CY207731.1	382	1801	0	1	1	1801
CY207731.1	505	1697	0	1	1	1697
CY207731.1	530	1421	0	1	1	1421
CY207731.1	532	889	0	1	1	889
CY207731.1	692	1849	0	1	1	1849
CY207732.1	248	659	1	0	1	248
CY207732.1	272	512	1	0	1	272
CY207732.1	437	466	0	1	1	466
CY207732.1	513	578	0	1	1	578
CY207732.1	554	811	0	1	1	811
CY207732.1	604	828	0	1	1	828
CY207732.1	715	965	23	14	37	715
CY207732.1	792	862	5	5	10	792
CY207732.1	815	1031	1	0	1	815
CY207732.1	924	1040	20	7	27	924
CY207733.1	1531	1605	0	1	1	1605
CY207733.1	270	382	1	0	1	270
CY207733.1	281	1192	1	0	1	281
CY207733.1	284	940	0	1	1	940
CY207733.1	330	1352	0	1	1	1352
CY207733.1	396	1391	7	17	24	396
CY207733.1	397	1133	1	0	1	397
CY207733.1	407	1404	0	1	1	1404
CY207733.1	456	1052	1	0	1	456
CY207733.1	992	1499	1	0	1	992
CY207734.1	1003	1093	0	1	1	1093
CY207734.1	1014	1219	1	0	1	1014
CY207734.1	1024	1053	1	0	1	1024
CY207734.1	279	424	1	0	1	279
CY207734.1	289	628	1	0	1	289
CY207734.1	335	1068	0	1	1	1068
CY207734.1	363	702	0	1	1	702
CY207734.1	438	788	0	1	1	788
CY207734.1	468	1383	1	11	12	468
CY207734.1	486	1563	0	1	1	1563
CY207734.1	560	1269	0	1	1	1269
CY207734.1	653	1158	1	0	1	653
CY207734.1	721	962	9	6	15	721
CY207734.1	732	910	0	1	1	910
CY207734.1	779	1389	0	1	1	1389
CY207734.1	792	1344	1	0	1	792
CY207734.1	820	1385	11	17	28	820
CY207734.1	867	1475	0	1	1	1475
CY207734.1	871	1476	0	1	1	1476
CY207735.1	324	349	0	1	1	349
CY207735.1	349	849	0	1	1	849
CY207735.1	451	526	0	1	1	526
CY207735.1	541	565	0	1	1	565
CY207736.1	1027	1667	2	3	5	1027
CY207736.1	1072	1725	5	2	7	1072
CY207736.1	1092	2294	5	6	11	1092
CY207736.1	1821	1900	0	1	1	1900
CY207736.1	2103	2132	4	3	7	2103
CY207736.1	283	1639	1	0	1	283
CY207736.1	286	308	31	3	34	286
CY207736.1	291	2244	13	2	15	291
CY207736.1	335	365	1	0	1	335
CY207736.1	363	2032	3	22	25	363
CY207736.1	392	2013	1	0	1	392
CY207736.1	403	2148	0	1	1	2148
CY207736.1	409	2058	6	31	37	409
CY207736.1	410	2134	1	0	1	410
CY207736.1	432	2155	3	48	51	432
CY207736.1	449	2172	1	0	1	449
CY207736.1	479	1685	7	11	18	479
CY207736.1	500	2064	16	30	46	500
CY207736.1	503	2063	22	24	46	503
CY207736.1	512	2034	7	4	11	512
CY207736.1	514	2027	8	7	15	514
CY207736.1	541	1998	1	0	1	541
CY207736.1	554	2009	19	8	27	554
CY207736.1	576	1999	4	5	9	576
CY207736.1	585	635	1	0	1	585
CY207736.1	617	1865	1	1	2	617
CY207736.1	621	1944	3	4	7	621
CY207736.1	627	1889	0	1	1	1889
CY207736.1	631	1953	1	0	1	631
CY207736.1	678	1955	18	18	36	678
CY207736.1	723	1994	0	1	1	1994
CY207736.1	731	1250	1	0	1	731
CY207736.1	753	785	2	0	2	753
CY207736.1	781	2175	1	0	1	781
CY207736.1	798	848	1	0	1	798
CY207736.1	844	1639	0	1	1	1639
CY207736.1	878	1912	0	1	1	1912
CY207736.1	916	1658	7	11	18	916
CY207736.1	928	1671	0	1	1	1671
CY207736.1	933	1930	1	0	1	933
CY207736.1	966	1580	1	1	2	966
CY207736.1	969	1286	7	8	15	969
CY207736.1	993	2293	9	5	14	993
CY207737.1	1205	1372	0	1	1	1372
CY207737.1	390	418	0	1	1	418
CY207737.1	477	2056	1	0	1	477
CY207737.1	759	1867	0	1	1	1867
CY207737.1	795	1301	1	0	1	795
CY207737.1	875	1770	29	10	39	875
CY207737.1	893	1116	0	1	1	1116
CY207737.1	896	2126	1	0	1	896
CY207738.1	1044	1667	0	1	1	1667
CY207738.1	1146	1424	0	1	1	1424
CY207738.1	1357	1890	0	1	1	1890
CY207738.1	1400	2182	1	0	1	1400
CY207738.1	1987	2029	1	0	1	1987
CY207738.1	2264	2297	3	4	7	2264
CY207738.1	2356	2393	12	2	14	2356
CY207738.1	2361	2416	0	7	7	2416
CY207738.1	241	1221	1	0	1	241
CY207738.1	263	1237	1	0	1	263
CY207738.1	326	2332	31	54	85	326
CY207738.1	367	2317	17	57	74	367
CY207738.1	386	2254	0	55	55	2254
CY207738.1	408	2379	0	1	1	2379
CY207738.1	422	1021	0	1	1	1021
CY207738.1	495	2218	8	13	21	495
CY207738.1	545	568	1	0	1	545
CY207738.1	574	2053	3	14	17	574
CY207738.1	774	1049	0	1	1	1049
CY207738.1	783	897	0	1	1	897
CY207738.1	809	1754	19	17	36	809
CY207738.1	821	1767	0	1	1	1767
CY207738.1	887	1539	0	1	1	1539
CY207738.1	902	1717	1	0	1	902
CY207738.1	962	1598	3	1	4	962
CY207738.1	979	1603	14	13	27	979
CY207738.1	996	1633	0	1	1	1633
