Segment	Start	Stop	Forward_support	Reverse_support	Total_support	Fuzz_factor
CY207731.1	1002	1579	0	1	1	1579
CY207731.1	1032	1117	1	0	1	1032
CY207731.1	1173	1793	1	0	1	1173
CY207731.1	1176	1716	0	2	2	1716
CY207731.1	1207	1379	0	2	2	1379
CY207731.1	1218	1352	1	0	1	1218
CY207731.1	1264	1361	1	1	2	1264
CY207731.1	1272	1318	0	1	1	1318
CY207731.1	1274	1454	0	1	1	1454
CY207731.1	1274	1855	1	0	1	1274
CY207731.1	1282	1590	1	0	1	1282
CY207731.1	1300	1412	2	2	4	1300
CY207731.1	1425	1921	0	1	1	1921
CY207731.1	1448	1900	0	1	1	1900
CY207731.1	1453	1778	1	0	1	1453
CY207731.1	1501	1802	1	0	1	1501
CY207731.1	1522	1787	1	0	1	1522
CY207731.1	1598	1781	1	0	1	1598
CY207731.1	1661	1829	1	0	1	1661
CY207731.1	1706	1893	0	3	3	1893
CY207731.1	1732	1808	0	4	4	1808
CY207731.1	248	1859	1	0	1	248
CY207731.1	321	1673	0	7	7	1673
CY207731.1	334	1246	0	1	1	1246
CY207731.1	337	982	0	1	1	982
CY207731.1	340	1195	1	0	1	340
CY207731.1	340	523	1	0	1	340
CY207731.1	345	1437	2	9	11	345
CY207731.1	351	1195	0	1	1	1195
CY207731.1	360	1274	0	1	1	1274
CY207731.1	360	1784	1	2	3	360
CY207731.1	361	1684	0	6	6	1684
CY207731.1	363	1791	0	1	1	1791
CY207731.1	363	779	1	0	1	363
CY207731.1	373	1561	4	0	4	373
CY207731.1	380	770	1	2	3	380
CY207731.1	381	1803	1	0	1	381
CY207731.1	385	1686	1	8	9	385
CY207731.1	388	1381	0	1	1	1381
CY207731.1	421	1015	0	1	1	1015
CY207731.1	421	1105	0	1	1	1105
CY207731.1	421	1635	1	0	1	421
CY207731.1	422	1806	1	0	1	422
CY207731.1	424	1808	7	9	16	424
CY207731.1	428	474	2	8	10	428
CY207731.1	435	1455	1	0	1	435
CY207731.1	435	1638	0	1	1	1638
CY207731.1	445	1343	1	0	1	445
CY207731.1	448	1460	1	0	1	448
CY207731.1	449	1375	1	1	2	449
CY207731.1	450	1376	1	0	1	450
CY207731.1	458	1356	3	5	8	458
CY207731.1	467	1489	2	0	2	467
CY207731.1	476	1625	3	5	8	476
CY207731.1	493	1780	1	0	1	493
CY207731.1	494	826	1	0	1	494
CY207731.1	499	982	1	0	1	499
CY207731.1	514	1006	0	1	1	1006
CY207731.1	547	1061	0	2	2	1061
CY207731.1	585	1423	1	0	1	585
CY207731.1	587	931	2	2	4	587
CY207731.1	589	1107	1	0	1	589
CY207731.1	599	1427	2	0	2	599
CY207731.1	616	712	1	0	1	616
CY207731.1	671	1389	3	0	3	671
CY207731.1	686	1824	0	1	1	1824
CY207731.1	688	1101	1	0	1	688
CY207731.1	695	1452	0	1	1	1452
CY207731.1	698	927	2	2	4	698
CY207731.1	878	1323	0	1	1	1323
CY207731.1	885	1115	0	1	1	1115
CY207731.1	910	1821	0	1	1	1821
CY207731.1	913	1643	0	1	1	1643
CY207731.1	948	1551	1	0	1	948
CY207731.1	981	1365	1	0	1	981
CY207731.1	988	1799	1	0	1	988
CY207731.1	992	1748	1	0	1	992
CY207731.1	996	1020	1	0	1	996
CY207732.1	1041	1065	1	0	1	1041
CY207732.1	1060	1136	0	1	1	1136
CY207732.1	247	949	1	0	1	247
CY207732.1	260	542	1	0	1	260
CY207732.1	263	469	1	0	1	263
CY207732.1	263	781	1	0	1	263
CY207732.1	264	829	1	0	1	264
CY207732.1	268	550	9	1	10	268
CY207732.1	275	657	6	1	7	275
CY207732.1	276	658	1	0	1	276
CY207732.1	291	835	1	0	1	291
CY207732.1	293	1160	0	1	1	1160
CY207732.1	306	1024	1	0	1	306
CY207732.1	307	926	3	7	10	307
CY207732.1	316	1048	2	2	4	316
CY207732.1	341	1022	1	0	1	341
CY207732.1	341	694	1	0	1	341
CY207732.1	342	556	1	0	1	342
CY207732.1	347	573	0	5	5	573
CY207732.1	352	628	0	1	1	628
CY207732.1	363	695	1	0	1	363
CY207732.1	366	532	1	0	1	366
CY207732.1	368	745	1	0	1	368
CY207732.1	369	751	1	0	1	369
CY207732.1	372	476	1	0	1	372
CY207732.1	373	1153	0	1	1	1153
CY207732.1	375	546	0	1	1	546
CY207732.1	388	842	1	0	1	388
CY207732.1	392	869	0	1	1	869
CY207732.1	393	570	0	1	1	570
CY207732.1	394	656	1	0	1	394
CY207732.1	398	560	0	1	1	560
CY207732.1	403	460	0	1	1	460
CY207732.1	403	787	0	1	1	787
CY207732.1	419	977	0	1	1	977
CY207732.1	432	1079	0	1	1	1079
CY207732.1	444	936	1	0	1	444
CY207732.1	445	596	1	0	1	445
CY207732.1	445	680	1	3	4	445
CY207732.1	445	935	1	2	3	445
CY207732.1	446	771	0	1	1	771
CY207732.1	453	986	1	0	1	453
CY207732.1	464	560	0	2	2	560
CY207732.1	468	678	0	1	1	678
CY207732.1	470	726	1	0	1	470
CY207732.1	477	717	1	0	1	477
CY207732.1	477	938	1	0	1	477
CY207732.1	483	867	1	0	1	483
CY207732.1	485	791	1	1	2	485
CY207732.1	500	700	0	1	1	700
CY207732.1	532	807	1	0	1	532
CY207732.1	533	572	0	1	1	572
CY207732.1	584	687	1	2	3	584
CY207732.1	587	1023	1	0	1	587
CY207732.1	587	719	2	0	2	587
CY207732.1	590	936	1	0	1	590
CY207732.1	592	690	1	0	1	592
CY207732.1	593	1023	2	2	4	593
CY207732.1	610	1065	1	0	1	610
CY207732.1	610	826	1	0	1	610
CY207732.1	613	708	0	1	1	708
CY207732.1	614	1028	1	0	1	614
CY207732.1	617	1034	1	0	1	617
CY207732.1	626	1120	0	1	1	1120
CY207732.1	648	1065	1	0	1	648
CY207732.1	654	891	1	0	1	654
CY207732.1	665	957	1	0	1	665
CY207732.1	679	1069	0	1	1	1069
CY207732.1	679	815	6	5	11	679
CY207732.1	685	839	2	5	7	685
CY207732.1	696	814	1	0	1	696
CY207732.1	697	936	1	0	1	697
CY207732.1	700	816	0	1	1	816
CY207732.1	700	864	1	0	1	700
CY207732.1	711	866	0	3	3	866
CY207732.1	718	860	0	3	3	860
CY207732.1	758	997	1	0	1	758
CY207732.1	797	1148	1	0	1	797
CY207732.1	801	1131	1	0	1	801
CY207732.1	815	978	1	0	1	815
CY207732.1	836	862	1	0	1	836
CY207732.1	880	905	1	0	1	880
CY207732.1	903	1137	0	1	1	1137
CY207732.1	933	1019	0	1	1	1019
CY207732.1	941	1085	0	1	1	1085
CY207733.1	1022	1168	0	1	1	1168
CY207733.1	1063	1144	0	1	1	1144
CY207733.1	1079	1292	0	3	3	1292
CY207733.1	1256	1487	2	1	3	1256
CY207733.1	1299	1496	1	0	1	1299
CY207733.1	1436	1570	1	12	13	1436
CY207733.1	270	1072	1	0	1	270
CY207733.1	274	1052	1	0	1	274
CY207733.1	300	1327	0	3	3	1327
CY207733.1	327	1415	0	1	1	1415
CY207733.1	333	1240	0	1	1	1240
CY207733.1	338	1501	4	1	5	338
CY207733.1	359	1435	0	5	5	1435
CY207733.1	364	644	1	0	1	364
CY207733.1	373	1358	0	1	1	1358
CY207733.1	384	1502	6	5	11	384
CY207733.1	400	1582	0	1	1	1582
CY207733.1	405	1183	1	0	1	405
CY207733.1	407	905	8	12	20	407
CY207733.1	442	977	1	0	1	442
CY207733.1	443	1085	0	1	1	1085
CY207733.1	449	1371	1	1	2	449
CY207733.1	473	1055	0	1	1	1055
CY207733.1	480	925	0	1	1	925
CY207733.1	529	1350	1	0	1	529
CY207733.1	559	789	1	0	1	559
CY207733.1	582	1461	1	0	1	582
CY207733.1	614	643	1	1	2	614
CY207733.1	701	1211	0	1	1	1211
CY207733.1	766	1527	1	0	1	766
CY207733.1	768	1437	1	0	1	768
CY207733.1	777	1237	1	0	1	777
CY207733.1	799	1482	0	1	1	1482
CY207733.1	853	1485	1	0	1	853
CY207733.1	886	1432	0	1	1	1432
CY207733.1	894	1468	0	1	1	1468
CY207733.1	948	1027	1	0	1	948
CY207733.1	951	1462	1	0	1	951
CY207733.1	988	1283	1	0	1	988
CY207734.1	1027	1723	0	1	1	1723
CY207734.1	1066	1281	0	1	1	1281
CY207734.1	1330	1729	0	1	1	1729
CY207734.1	1347	1514	1	0	1	1347
CY207734.1	1353	1520	1	0	1	1353
CY207734.1	1365	1413	1	0	1	1365
CY207734.1	1375	1400	0	1	1	1400
CY207734.1	1388	1555	1	0	1	1388
CY207734.1	1421	1624	0	1	1	1624
CY207734.1	1441	1621	1	0	1	1441
CY207734.1	1442	1566	5	2	7	1442
CY207734.1	1651	1695	0	1	1	1695
CY207734.1	253	1507	1	0	1	253
CY207734.1	280	608	1	0	1	280
CY207734.1	286	835	1	0	1	286
CY207734.1	290	1363	1	0	1	290
CY207734.1	290	1650	1	0	1	290
CY207734.1	303	1239	1	0	1	303
CY207734.1	344	1442	0	1	1	1442
CY207734.1	345	1356	1	2	3	345
CY207734.1	346	1588	1	0	1	346
CY207734.1	382	1514	2	7	9	382
CY207734.1	382	892	0	1	1	892
CY207734.1	392	981	0	1	1	981
CY207734.1	394	1512	0	1	1	1512
CY207734.1	487	917	1	0	1	487
CY207734.1	501	927	1	0	1	501
CY207734.1	515	1156	1	0	1	515
CY207734.1	520	1546	0	1	1	1546
CY207734.1	600	1365	0	1	1	1365
CY207734.1	601	1330	1	0	1	601
CY207734.1	611	1334	0	1	1	1334
CY207734.1	621	1529	1	0	1	621
CY207734.1	625	1461	1	0	1	625
CY207734.1	630	1009	0	1	1	1009
CY207734.1	651	1453	1	0	1	651
CY207734.1	674	863	1	0	1	674
CY207734.1	690	1562	0	1	1	1562
CY207734.1	723	1371	0	1	1	1371
CY207734.1	737	1471	0	1	1	1471
CY207734.1	739	1179	1	1	2	739
CY207734.1	739	1644	3	0	3	739
CY207734.1	747	1566	2	0	2	747
CY207734.1	749	1176	1	0	1	749
CY207734.1	772	1038	0	1	1	1038
CY207734.1	790	891	0	1	1	891
CY207734.1	800	1040	0	1	1	1040
CY207734.1	814	1483	0	1	1	1483
CY207734.1	824	1049	0	1	1	1049
CY207734.1	833	1511	3	1	4	833
CY207734.1	841	925	0	1	1	925
CY207734.1	848	1713	0	1	1	1713
CY207734.1	928	1585	0	1	1	1585
CY207734.1	940	1000	0	1	1	1000
CY207734.1	957	1228	1	0	1	957
CY207734.1	965	1038	0	2	2	1038
CY207734.1	965	1508	10	12	22	965
CY207734.1	997	1042	0	3	3	1042
CY207735.1	251	720	1	0	1	251
CY207735.1	298	791	1	7	8	298
CY207735.1	308	487	1	0	1	308
CY207735.1	310	489	1	4	5	310
CY207735.1	341	585	0	4	4	585
CY207735.1	342	419	5	12	17	342
CY207735.1	342	576	3	8	11	342
CY207735.1	352	970	4	2	6	352
CY207735.1	357	885	1	0	1	357
CY207735.1	366	985	1	2	3	366
CY207735.1	379	847	21	46	67	379
CY207735.1	384	816	2	9	11	384
CY207735.1	389	1000	0	1	1	1000
CY207735.1	390	876	0	1	1	876
CY207735.1	416	612	0	1	1	612
CY207735.1	419	848	0	1	1	848
CY207735.1	449	841	1	0	1	449
CY207735.1	453	875	0	3	3	875
CY207735.1	492	626	0	1	1	626
CY207735.1	499	729	4	0	4	499
CY207735.1	504	645	0	2	2	645
CY207735.1	511	740	57	28	85	511
CY207735.1	519	746	0	2	2	746
CY207735.1	580	784	0	1	1	784
CY207735.1	632	824	0	1	1	824
CY207735.1	818	998	0	1	1	998
CY207735.1	917	955	33	6	39	917
CY207735.1	930	971	5	0	5	930
CY207736.1	1009	2040	1	0	1	1009
CY207736.1	1015	2180	4	2	6	1015
CY207736.1	1022	2047	0	1	1	2047
CY207736.1	1092	2294	4	0	4	1092
CY207736.1	1125	1622	0	1	1	1622
CY207736.1	1183	1279	0	1	1	1279
CY207736.1	1196	2213	0	1	1	2213
CY207736.1	1209	1957	0	2	2	1957
CY207736.1	1240	1397	0	2	2	1397
CY207736.1	1269	1308	1	1	2	1269
CY207736.1	1276	2297	1	1	2	1276
CY207736.1	1282	2343	0	1	1	2343
CY207736.1	1283	2121	0	1	1	2121
CY207736.1	1297	2177	1	0	1	1297
CY207736.1	1313	2020	0	1	1	2020
CY207736.1	1343	2105	0	1	1	2105
CY207736.1	1383	1915	1	0	1	1383
CY207736.1	1394	2299	1	0	1	1394
CY207736.1	1465	2169	3	6	9	1465
CY207736.1	1519	2166	1	2	3	1519
CY207736.1	1544	2007	0	5	5	2007
CY207736.1	1555	1578	1	0	1	1555
CY207736.1	1566	1995	1	0	1	1566
CY207736.1	1606	1761	1	0	1	1606
CY207736.1	1606	2299	1	0	1	1606
CY207736.1	1700	2295	0	2	2	2295
CY207736.1	1725	2345	0	1	1	2345
CY207736.1	1790	2078	1	0	1	1790
CY207736.1	1860	2038	2	3	5	1860
CY207736.1	1879	2301	2	2	4	1879
CY207736.1	1966	2001	0	1	1	2001
CY207736.1	1974	2167	1	3	4	1974
CY207736.1	1984	2032	7	10	17	1984
CY207736.1	1985	2178	0	1	1	2178
CY207736.1	2035	2297	1	0	1	2035
CY207736.1	2057	2113	4	0	4	2057
CY207736.1	2075	2147	81	61	142	2075
CY207736.1	2091	2206	4	0	4	2091
CY207736.1	2128	2152	1	0	1	2128
CY207736.1	2129	2152	1	2	3	2129
CY207736.1	2129	2155	16	6	22	2129
CY207736.1	2129	2212	2	0	2	2129
CY207736.1	2132	2170	0	1	1	2170
CY207736.1	2132	2177	5	7	12	2132
CY207736.1	2132	2182	3	1	4	2132
CY207736.1	2166	2212	8	1	9	2166
CY207736.1	2188	2211	3	1	4	2188
CY207736.1	2217	2250	1	0	1	2217
CY207736.1	2278	2307	9	7	16	2278
CY207736.1	2279	2312	2	1	3	2279
CY207736.1	245	617	1	0	1	245
CY207736.1	258	519	1	0	1	258
CY207736.1	269	305	13	1	14	269
CY207736.1	272	326	6	1	7	272
CY207736.1	275	2167	7	4	11	275
CY207736.1	276	2213	1	0	1	276
CY207736.1	282	2258	1	0	1	282
CY207736.1	283	2301	1	0	1	283
CY207736.1	286	1949	1	0	1	286
CY207736.1	286	308	22	9	31	286
CY207736.1	287	2127	1	0	1	287
CY207736.1	287	309	1	0	1	287
CY207736.1	289	1434	1	0	1	289
CY207736.1	290	2270	11	0	11	290
CY207736.1	291	2230	1	0	1	291
CY207736.1	303	334	0	8	8	334
CY207736.1	304	1972	0	8	8	1972
CY207736.1	309	334	0	14	14	334
CY207736.1	310	2191	1	5	6	310
CY207736.1	310	334	0	7	7	334
CY207736.1	312	335	0	2	2	335
CY207736.1	313	2285	0	1	1	2285
CY207736.1	317	2180	2	2	4	317
CY207736.1	321	352	0	5	5	352
CY207736.1	322	349	1	10	11	322
CY207736.1	326	2168	4	17	21	326
CY207736.1	326	2186	2	2	4	326
CY207736.1	326	417	0	115	115	417
CY207736.1	328	2174	1	1	2	328
CY207736.1	328	2183	1	1	2	328
CY207736.1	329	924	1	0	1	329
CY207736.1	330	2165	1	0	1	330
CY207736.1	330	2167	11	47	58	330
CY207736.1	331	1993	0	1	1	1993
CY207736.1	331	2040	0	5	5	2040
CY207736.1	331	2153	2	5	7	331
CY207736.1	331	2174	0	1	1	2174
CY207736.1	331	2180	3	2	5	331
CY207736.1	331	366	0	1	1	366
CY207736.1	331	368	0	5	5	368
CY207736.1	331	442	5	44	49	331
CY207736.1	332	369	0	1	1	369
CY207736.1	333	2126	1	1	2	333
CY207736.1	333	2171	3	12	15	333
CY207736.1	333	361	4	63	67	333
CY207736.1	334	2069	0	3	3	2069
CY207736.1	334	2102	1	15	16	334
CY207736.1	334	2153	14	55	69	334
CY207736.1	334	2177	2	10	12	334
CY207736.1	334	2180	6	115	121	334
CY207736.1	334	2182	0	1	1	2182
CY207736.1	334	361	0	3	3	361
CY207736.1	334	366	0	1	1	366
CY207736.1	334	368	0	6	6	368
CY207736.1	334	442	1	7	8	334
CY207736.1	338	2174	9	3	12	338
CY207736.1	340	433	0	15	15	433
CY207736.1	343	2177	1	0	1	343
CY207736.1	343	2178	33	153	186	343
CY207736.1	343	2181	0	1	1	2181
CY207736.1	344	1987	0	2	2	1987
CY207736.1	346	387	0	1	1	387
CY207736.1	347	1225	0	2	2	1225
CY207736.1	347	2339	0	1	1	2339
CY207736.1	353	2010	4	47	51	353
CY207736.1	354	2042	0	5	5	2042
CY207736.1	355	549	0	1	1	549
CY207736.1	357	2360	0	1	1	2360
CY207736.1	358	2177	1	0	1	358
CY207736.1	358	2186	1	1	2	358
CY207736.1	359	2153	5	37	42	359
CY207736.1	359	2180	6	0	6	359
CY207736.1	360	2063	1	12	13	360
CY207736.1	360	2135	0	4	4	2135
CY207736.1	360	2147	2	13	15	360
CY207736.1	360	2176	1	3	4	360
CY207736.1	360	2181	134	310	444	360
CY207736.1	361	2035	2	27	29	361
CY207736.1	361	2182	0	1	1	2182
CY207736.1	361	387	0	2	2	387
CY207736.1	362	2215	0	45	45	2215
CY207736.1	363	2059	0	5	5	2059
CY207736.1	363	2153	3	12	15	363
CY207736.1	363	2163	0	12	12	2163
CY207736.1	365	2365	0	1	1	2365
CY207736.1	367	2160	1	4	5	367
CY207736.1	367	658	0	3	3	658
CY207736.1	368	2134	0	2	2	2134
CY207736.1	368	2185	0	12	12	2185
CY207736.1	368	2231	0	1	1	2231
CY207736.1	369	2071	0	2	2	2071
CY207736.1	370	574	0	1	1	574
CY207736.1	371	2140	2	25	27	371
CY207736.1	372	2195	0	2	2	2195
CY207736.1	372	449	0	4	4	449
CY207736.1	377	2120	3	2	5	377
CY207736.1	377	2148	0	7	7	2148
CY207736.1	383	2153	4	0	4	383
CY207736.1	383	2177	0	3	3	2177
CY207736.1	385	2140	6	48	54	385
CY207736.1	385	2155	20	100	120	385
CY207736.1	385	2169	8	45	53	385
CY207736.1	386	2144	2	7	9	386
CY207736.1	386	2271	5	15	20	386
CY207736.1	387	2043	1	0	1	387
CY207736.1	387	2266	1	2	3	387
CY207736.1	389	2185	3	1	4	389
CY207736.1	390	1704	0	1	1	1704
CY207736.1	390	2156	4	11	15	390
CY207736.1	390	648	0	2	2	648
CY207736.1	391	2047	0	1	1	2047
CY207736.1	391	2161	0	1	1	2161
CY207736.1	391	2180	1	0	1	391
CY207736.1	391	2205	1	0	1	391
CY207736.1	391	477	0	1	1	477
CY207736.1	392	2123	1	6	7	392
CY207736.1	393	2100	1	0	1	393
CY207736.1	393	2113	4	25	29	393
CY207736.1	393	2121	44	176	220	393
CY207736.1	393	2223	20	8	28	393
CY207736.1	393	980	0	1	1	980
CY207736.1	394	2224	1	0	1	394
CY207736.1	394	2233	463	106	569	394
CY207736.1	394	2248	1	0	1	394
CY207736.1	396	2017	0	2	2	2017
CY207736.1	396	2133	1	21	22	396
CY207736.1	397	2125	0	10	10	2125
CY207736.1	398	428	0	1	1	428
CY207736.1	402	2215	0	52	52	2215
CY207736.1	403	2148	1	8	9	403
CY207736.1	404	1075	0	1	1	1075
CY207736.1	404	2134	1	0	1	404
CY207736.1	404	2164	0	4	4	2164
CY207736.1	405	2104	5	3	8	405
CY207736.1	405	2185	1	0	1	405
CY207736.1	405	428	1	2	3	405
CY207736.1	406	2141	2	1	3	406
CY207736.1	406	2156	1	3	4	406
CY207736.1	415	2049	2	22	24	415
CY207736.1	417	2192	0	7	7	2192
CY207736.1	418	2119	103	269	372	418
CY207736.1	420	1411	0	1	1	1411
CY207736.1	421	2155	1	4	5	421
CY207736.1	421	2193	0	1	1	2193
CY207736.1	422	2268	0	1	1	2268
CY207736.1	423	2314	0	1	1	2314
CY207736.1	432	2037	2	0	2	432
CY207736.1	433	2172	3	0	3	433
CY207736.1	434	2158	0	2	2	2158
CY207736.1	434	2169	3	0	3	434
CY207736.1	435	2009	0	2	2	2009
CY207736.1	435	2149	0	8	8	2149
CY207736.1	436	1868	3	0	3	436
CY207736.1	436	2149	0	8	8	2149
CY207736.1	437	2149	3	20	23	437
CY207736.1	437	2161	111	542	653	437
CY207736.1	438	2066	0	9	9	2066
CY207736.1	439	2037	0	1	1	2037
CY207736.1	439	2061	0	1	1	2061
CY207736.1	440	2165	0	1	1	2165
CY207736.1	440	2233	0	1	1	2233
CY207736.1	441	2182	1	1	2	441
CY207736.1	443	2075	0	3	3	2075
CY207736.1	447	1934	1	0	1	447
CY207736.1	448	1934	37	320	357	448
CY207736.1	449	2186	0	1	1	2186
CY207736.1	450	1936	0	4	4	1936
CY207736.1	451	2189	0	1	1	2189
CY207736.1	453	2190	14	4	18	453
CY207736.1	454	2156	0	6	6	2156
CY207736.1	455	2065	0	1	1	2065
CY207736.1	455	2149	6	13	19	455
CY207736.1	456	1945	1	2	3	456
CY207736.1	456	2162	86	281	367	456
CY207736.1	459	1942	0	1	1	1942
CY207736.1	459	1947	0	1	1	1947
CY207736.1	459	1955	1	0	1	459
CY207736.1	459	2046	15	79	94	459
CY207736.1	459	2177	62	32	94	459
CY207736.1	459	2188	0	1	1	2188
CY207736.1	460	2000	1	0	1	460
CY207736.1	472	2038	8	9	17	472
CY207736.1	473	2062	2	11	13	473
CY207736.1	473	2072	1	0	1	473
CY207736.1	475	1620	0	1	1	1620
CY207736.1	476	2029	93	293	386	476
CY207736.1	476	2065	0	1	1	2065
CY207736.1	476	559	0	2	2	559
CY207736.1	477	2027	0	2	2	2027
CY207736.1	477	2060	0	3	3	2060
CY207736.1	478	2202	1	0	1	478
CY207736.1	479	1155	0	1	1	1155
CY207736.1	479	1952	0	1	1	1952
CY207736.1	481	2045	0	1	1	2045
CY207736.1	481	2080	0	2	2	2080
CY207736.1	481	2179	1	2	3	481
CY207736.1	482	2060	1	0	1	482
CY207736.1	482	2063	5	22	27	482
CY207736.1	483	2131	0	1	1	2131
CY207736.1	483	2168	1	0	1	483
CY207736.1	487	2040	15	45	60	487
CY207736.1	487	2118	76	100	176	487
CY207736.1	488	568	0	1	1	568
CY207736.1	489	1877	2	4	6	489
CY207736.1	489	2009	2	1	3	489
CY207736.1	489	2041	11	35	46	489
CY207736.1	490	1935	1	2	3	490
CY207736.1	490	2011	1	2	3	490
CY207736.1	490	2038	2	2	4	490
CY207736.1	490	2064	3	15	18	490
CY207736.1	490	513	0	2	2	513
CY207736.1	491	2037	0	2	2	2037
CY207736.1	491	543	2	10	12	491
CY207736.1	492	1876	33	97	130	492
CY207736.1	492	1877	1	0	1	492
CY207736.1	492	2009	3	4	7	492
CY207736.1	492	2052	1	1	2	492
CY207736.1	493	2040	1	1	2	493
CY207736.1	493	2075	0	6	6	2075
CY207736.1	495	2048	0	3	3	2048
CY207736.1	495	2126	0	1	1	2126
CY207736.1	495	560	17	79	96	495
CY207736.1	496	581	1	2	3	496
CY207736.1	497	2028	24	28	52	497
CY207736.1	498	2029	0	1	1	2029
CY207736.1	499	1877	1	0	1	499
CY207736.1	500	2061	3	0	3	500
CY207736.1	500	2064	1	1	2	500
CY207736.1	500	2188	0	1	1	2188
CY207736.1	501	2076	8	8	16	501
CY207736.1	502	575	3	0	3	502
CY207736.1	503	1882	2	1	3	503
CY207736.1	503	2027	2	1	3	503
CY207736.1	504	2058	4	10	14	504
CY207736.1	504	2060	4	4	8	504
CY207736.1	505	2076	2	5	7	505
CY207736.1	511	1622	1	0	1	511
CY207736.1	511	581	4	2	6	511
CY207736.1	512	1871	5	13	18	512
CY207736.1	512	1874	0	1	1	1874
CY207736.1	512	2207	1	0	1	512
CY207736.1	513	2181	0	1	1	2181
CY207736.1	514	2042	5	2	7	514
CY207736.1	517	2188	1	0	1	517
CY207736.1	521	1628	15	10	25	521
CY207736.1	524	2108	0	2	2	2108
CY207736.1	525	2126	0	1	1	2126
CY207736.1	527	1324	0	1	1	1324
CY207736.1	530	2059	0	1	1	2059
CY207736.1	531	1828	9	8	17	531
CY207736.1	532	2049	0	1	1	2049
CY207736.1	532	2073	0	1	1	2073
CY207736.1	537	1963	6	4	10	537
CY207736.1	537	1971	1	2	3	537
CY207736.1	538	2071	1	1	2	538
CY207736.1	540	1992	4	0	4	540
CY207736.1	549	1960	2	0	2	549
CY207736.1	549	2069	4	0	4	549
CY207736.1	549	2177	5	0	5	549
CY207736.1	550	1839	2	0	2	550
CY207736.1	552	2038	12	8	20	552
CY207736.1	554	1945	1	0	1	554
CY207736.1	554	2009	7	0	7	554
CY207736.1	554	2015	0	1	1	2015
CY207736.1	555	1895	2	1	3	555
CY207736.1	555	2012	2	0	2	555
CY207736.1	556	2044	12	14	26	556
CY207736.1	558	2009	55	48	103	558
CY207736.1	559	1924	1	0	1	559
CY207736.1	561	1949	6	9	15	561
CY207736.1	562	1937	1	0	1	562
CY207736.1	562	2051	1	11	12	562
CY207736.1	564	2035	1	14	15	564
CY207736.1	568	1985	1	2	3	568
CY207736.1	568	2038	0	1	1	2038
CY207736.1	574	1733	0	4	4	1733
CY207736.1	574	1847	1	6	7	574
CY207736.1	575	1990	3	6	9	575
CY207736.1	575	2024	0	3	3	2024
CY207736.1	580	2027	3	0	3	580
CY207736.1	580	2146	1	0	1	580
CY207736.1	581	1919	1	2	3	581
CY207736.1	581	2010	1	0	1	581
CY207736.1	581	2147	181	287	468	581
CY207736.1	582	1952	3	1	4	582
CY207736.1	583	2188	1	0	1	583
CY207736.1	585	1970	0	1	1	1970
CY207736.1	585	2006	2	1	3	585
CY207736.1	585	2151	1	32	33	585
CY207736.1	585	2205	15	2	17	585
CY207736.1	587	1422	0	1	1	1422
CY207736.1	590	1923	1	0	1	590
CY207736.1	590	1942	7	3	10	590
CY207736.1	591	1916	3	2	5	591
CY207736.1	591	2016	0	2	2	2016
CY207736.1	594	2051	0	3	3	2051
CY207736.1	595	1920	14	16	30	595
CY207736.1	596	2002	4	5	9	596
CY207736.1	598	1923	1	2	3	598
CY207736.1	598	2035	0	2	2	2035
CY207736.1	600	1877	0	2	2	1877
CY207736.1	600	1915	1	1	2	600
CY207736.1	603	2153	37	56	93	603
CY207736.1	605	2182	0	2	2	2182
CY207736.1	606	1945	15	6	21	606
CY207736.1	606	1957	0	4	4	1957
CY207736.1	607	1981	16	25	41	607
CY207736.1	608	1877	10	7	17	608
CY207736.1	608	1963	1	1	2	608
CY207736.1	614	1943	1	0	1	614
CY207736.1	614	2179	0	1	1	2179
CY207736.1	617	1951	2	7	9	617
CY207736.1	618	1965	4	0	4	618
CY207736.1	619	1936	1	5	6	619
CY207736.1	619	1945	13	18	31	619
CY207736.1	620	1937	1	3	4	620
CY207736.1	620	1944	21	1	22	620
CY207736.1	620	1949	107	69	176	620
CY207736.1	621	1270	1	0	1	621
CY207736.1	621	1944	3	1	4	621
CY207736.1	621	1947	1	1	2	621
CY207736.1	622	1940	1	0	1	622
CY207736.1	622	1946	154	172	326	622
CY207736.1	622	2127	1	0	1	622
CY207736.1	623	1938	8	0	8	623
CY207736.1	623	1952	2	7	9	623
CY207736.1	628	1937	1	1	2	628
CY207736.1	628	1945	1	0	1	628
CY207736.1	628	1963	0	1	1	1963
CY207736.1	630	1943	1	0	1	630
CY207736.1	630	1948	66	82	148	630
CY207736.1	631	1937	5	7	12	631
CY207736.1	632	1758	1	2	3	632
CY207736.1	633	1963	0	1	1	1963
CY207736.1	633	1996	0	1	1	1996
CY207736.1	635	1883	5	7	12	635
CY207736.1	635	2136	18	24	42	635
CY207736.1	637	1711	1	2	3	637
CY207736.1	637	1943	0	1	1	1943
CY207736.1	639	2068	0	1	1	2068
CY207736.1	643	1864	4	7	11	643
CY207736.1	644	1917	0	1	1	1917
CY207736.1	646	1925	4	7	11	646
CY207736.1	647	2004	0	2	2	2004
CY207736.1	651	1888	2	1	3	651
CY207736.1	652	1588	1	1	2	652
CY207736.1	652	1918	0	4	4	1918
CY207736.1	654	1864	5	1	6	654
CY207736.1	656	1671	0	1	1	1671
CY207736.1	657	2118	2	10	12	657
CY207736.1	660	1864	2	4	6	660
CY207736.1	673	2138	5	0	5	673
CY207736.1	675	1770	0	3	3	1770
CY207736.1	676	1882	0	3	3	1882
CY207736.1	676	1994	8	14	22	676
CY207736.1	676	2101	1	0	1	676
CY207736.1	676	2123	12	0	12	676
CY207736.1	678	1955	1	0	1	678
CY207736.1	678	2107	2	0	2	678
CY207736.1	678	2125	2	3	5	678
CY207736.1	679	1888	1	3	4	679
CY207736.1	679	1894	2	1	3	679
CY207736.1	680	1885	3	9	12	680
CY207736.1	680	2139	0	1	1	2139
CY207736.1	680	2145	1	0	1	680
CY207736.1	681	2146	0	1	1	2146
CY207736.1	681	2150	0	1	1	2150
CY207736.1	683	1883	1	1	2	683
CY207736.1	683	2148	544	1636	2180	683
CY207736.1	683	2149	4	4	8	683
CY207736.1	684	1891	1	4	5	684
CY207736.1	685	1845	1	1	2	685
CY207736.1	686	1832	1	5	6	686
CY207736.1	686	1959	0	1	1	1959
CY207736.1	687	2152	0	1	1	2152
CY207736.1	688	1900	0	1	1	1900
CY207736.1	689	2153	0	1	1	2153
CY207736.1	691	1883	0	4	4	1883
CY207736.1	692	2183	8	26	34	692
CY207736.1	694	2037	11	7	18	694
CY207736.1	696	1886	0	1	1	1886
CY207736.1	698	2005	0	1	1	2005
CY207736.1	698	2154	1	2	3	698
CY207736.1	699	1691	1	0	1	699
CY207736.1	700	2044	0	1	1	2044
CY207736.1	701	1624	1	3	4	701
CY207736.1	702	1883	0	1	1	1883
CY207736.1	703	1913	1	1	2	703
CY207736.1	704	2160	0	1	1	2160
CY207736.1	704	2182	2	4	6	704
CY207736.1	706	1870	3	4	7	706
CY207736.1	711	1995	2	0	2	711
CY207736.1	720	2037	0	1	1	2037
CY207736.1	728	1617	1	0	1	728
CY207736.1	730	2272	1	0	1	730
CY207736.1	732	2062	1	0	1	732
CY207736.1	732	2193	0	1	1	2193
CY207736.1	742	2247	1	0	1	742
CY207736.1	745	1606	2	4	6	745
CY207736.1	745	1832	0	1	1	1832
CY207736.1	746	1927	1	0	1	746
CY207736.1	746	2169	1	2	3	746
CY207736.1	748	1884	2	2	4	748
CY207736.1	750	1763	20	6	26	750
CY207736.1	753	1913	6	1	7	753
CY207736.1	754	1883	1	0	1	754
CY207736.1	757	2032	5	2	7	757
CY207736.1	758	1769	0	1	1	1769
CY207736.1	759	1830	2	0	2	759
CY207736.1	762	1224	1	0	1	762
CY207736.1	762	1950	3	0	3	762
CY207736.1	762	2001	1	0	1	762
CY207736.1	762	2038	1	0	1	762
CY207736.1	765	1778	22	8	30	765
CY207736.1	771	2047	1	0	1	771
CY207736.1	774	2009	0	1	1	2009
CY207736.1	785	2171	12	4	16	785
CY207736.1	786	817	0	1	1	817
CY207736.1	805	1680	9	1	10	805
CY207736.1	807	1705	3	3	6	807
CY207736.1	810	1701	2	0	2	810
CY207736.1	815	1724	6	4	10	815
CY207736.1	818	1970	7	7	14	818
CY207736.1	820	1723	1	0	1	820
CY207736.1	824	2186	0	1	1	2186
CY207736.1	830	2036	0	1	1	2036
CY207736.1	831	1890	8	4	12	831
CY207736.1	831	2213	0	1	1	2213
CY207736.1	835	1720	1	0	1	835
CY207736.1	835	1976	1	1	2	835
CY207736.1	840	1355	1	0	1	840
CY207736.1	840	1950	1	0	1	840
CY207736.1	842	1941	4	2	6	842
CY207736.1	844	1533	2	2	4	844
CY207736.1	845	1889	4	2	6	845
CY207736.1	846	2015	0	1	1	2015
CY207736.1	851	1695	1	4	5	851
CY207736.1	881	1824	1	0	1	881
CY207736.1	885	1602	6	8	14	885
CY207736.1	885	1696	2	3	5	885
CY207736.1	890	1269	0	1	1	1269
CY207736.1	894	1946	1	0	1	894
CY207736.1	896	1625	2	0	2	896
CY207736.1	898	1678	1	2	3	898
CY207736.1	898	1722	1	2	3	898
CY207736.1	898	2117	4	9	13	898
CY207736.1	902	1627	3	5	8	902
CY207736.1	902	1912	0	4	4	1912
CY207736.1	903	2280	1	0	1	903
CY207736.1	908	1840	4	10	14	908
CY207736.1	915	1468	6	0	6	915
CY207736.1	915	1517	1	3	4	915
CY207736.1	915	1667	48	57	105	915
CY207736.1	919	2235	1	0	1	919
CY207736.1	922	1550	3	1	4	922
CY207736.1	922	1728	0	1	1	1728
CY207736.1	935	1463	0	1	1	1463
CY207736.1	946	2162	4	0	4	946
CY207736.1	976	1712	4	5	9	976
CY207736.1	978	1000	1	0	1	978
CY207736.1	992	2186	2	0	2	992
CY207736.1	993	1092	1	0	1	993
CY207737.1	1000	2361	1	0	1	1000
CY207737.1	1008	1796	1	1	2	1008
CY207737.1	1010	1337	1	0	1	1010
CY207737.1	1011	1887	2	1	3	1011
CY207737.1	1011	2008	0	3	3	2008
CY207737.1	1012	1470	0	1	1	1470
CY207737.1	1015	2018	1	6	7	1015
CY207737.1	1016	1775	0	2	2	1775
CY207737.1	1017	2215	0	3	3	2215
CY207737.1	1020	1867	3	3	6	1020
CY207737.1	1021	1816	0	1	1	1816
CY207737.1	1022	2018	0	1	1	2018
CY207737.1	1027	1670	0	1	1	1670
CY207737.1	1027	2417	1	0	1	1027
CY207737.1	1028	1684	2	0	2	1028
CY207737.1	1032	1423	1	0	1	1032
CY207737.1	1036	1584	2	0	2	1036
CY207737.1	1038	1176	2	1	3	1038
CY207737.1	1042	1841	1	1	2	1042
CY207737.1	1051	1699	7	1	8	1051
CY207737.1	1052	1354	0	1	1	1354
CY207737.1	1060	1854	0	1	1	1854
CY207737.1	1064	1634	0	3	3	1634
CY207737.1	1081	1677	1	3	4	1081
CY207737.1	1104	2376	1	1	2	1104
CY207737.1	1124	1834	0	1	1	1834
CY207737.1	1136	2102	6	3	9	1136
CY207737.1	1150	1593	1	2	3	1150
CY207737.1	1264	1416	0	2	2	1416
CY207737.1	1321	1534	1	0	1	1321
CY207737.1	1372	1458	0	1	1	1458
CY207737.1	1385	2227	1	0	1	1385
CY207737.1	1396	1896	1	0	1	1396
CY207737.1	1405	2234	1	0	1	1405
CY207737.1	1482	2219	0	1	1	2219
CY207737.1	1582	2054	0	1	1	2054
CY207737.1	1661	1953	1	0	1	1661
CY207737.1	1731	2352	0	1	1	2352
CY207737.1	1822	1888	0	2	2	1888
CY207737.1	1858	2333	0	1	1	2333
CY207737.1	1865	1902	0	1	1	1902
CY207737.1	1886	1921	0	1	1	1921
CY207737.1	1913	2072	0	1	1	2072
CY207737.1	1985	2013	2	0	2	1985
CY207737.1	2000	2483	0	1	1	2483
CY207737.1	2065	2112	8	1	9	2065
CY207737.1	2093	2205	0	1	1	2205
CY207737.1	2130	2220	0	1	1	2220
CY207737.1	2181	2239	1	0	1	2181
CY207737.1	2181	2283	4	0	4	2181
CY207737.1	2188	2237	4	1	5	2188
CY207737.1	2189	2344	0	1	1	2344
CY207737.1	2203	2301	1	1	2	2203
CY207737.1	2208	2243	1	1	2	2208
CY207737.1	2237	2337	1	0	1	2237
CY207737.1	2280	2309	5	4	9	2280
CY207737.1	2283	2355	1	0	1	2283
CY207737.1	2374	2415	1	1	2	2374
CY207737.1	237	374	8	0	8	237
CY207737.1	238	375	1	0	1	238
CY207737.1	2413	2450	0	3	3	2450
CY207737.1	2414	2450	4	10	14	2414
CY207737.1	247	281	5	0	5	247
CY207737.1	261	2278	1	0	1	261
CY207737.1	272	2244	1	0	1	272
CY207737.1	279	2294	4	0	4	279
CY207737.1	281	306	3	0	3	281
CY207737.1	288	2334	3	0	3	288
CY207737.1	290	2451	2	4	6	290
CY207737.1	291	2285	0	1	1	2285
CY207737.1	317	2186	0	1	1	2186
CY207737.1	320	2279	1	0	1	320
CY207737.1	324	2359	5	0	5	324
CY207737.1	329	574	0	1	1	574
CY207737.1	336	2333	2	1	3	336
CY207737.1	339	2185	1	0	1	339
CY207737.1	340	1839	1	0	1	340
CY207737.1	344	413	0	1	1	413
CY207737.1	349	2203	1	0	1	349
CY207737.1	350	2311	4	0	4	350
CY207737.1	351	440	2	0	2	351
CY207737.1	357	617	0	1	1	617
CY207737.1	359	949	0	1	1	949
CY207737.1	361	2207	1	1	2	361
CY207737.1	361	2209	0	1	1	2209
CY207737.1	363	2322	1	0	1	363
CY207737.1	364	388	5	4	9	364
CY207737.1	366	2212	85	202	287	366
CY207737.1	367	2213	0	1	1	2213
CY207737.1	373	2260	2	0	2	373
CY207737.1	378	2312	13	0	13	378
CY207737.1	380	2311	14	0	14	380
CY207737.1	380	2324	5	0	5	380
CY207737.1	380	2378	2	14	16	380
CY207737.1	383	2138	1	0	1	383
CY207737.1	392	2243	1	0	1	392
CY207737.1	393	2210	5	6	11	393
CY207737.1	411	2191	1	4	5	411
CY207737.1	416	2247	5	0	5	416
CY207737.1	417	2103	3	0	3	417
CY207737.1	427	2208	17	36	53	427
CY207737.1	428	2193	1	0	1	428
CY207737.1	428	2274	1	0	1	428
CY207737.1	428	2282	1	0	1	428
CY207737.1	430	2243	4	0	4	430
CY207737.1	432	2232	0	1	1	2232
CY207737.1	435	2147	2	0	2	435
CY207737.1	435	2211	2	0	2	435
CY207737.1	436	2238	3	10	13	436
CY207737.1	438	2162	24	0	24	438
CY207737.1	439	1468	0	1	1	1468
CY207737.1	439	2283	2	0	2	439
CY207737.1	442	2204	1	1	2	442
CY207737.1	442	2336	12	1	13	442
CY207737.1	453	2232	5	0	5	453
CY207737.1	457	2242	24	2	26	457
CY207737.1	462	2142	1	3	4	462
CY207737.1	462	744	1	3	4	462
CY207737.1	463	1904	10	16	26	463
CY207737.1	464	2086	1	0	1	464
CY207737.1	464	2092	4	2	6	464
CY207737.1	464	2183	2	2	4	464
CY207737.1	471	2135	0	8	8	2135
CY207737.1	472	2121	1	1	2	472
CY207737.1	477	1999	1	3	4	477
CY207737.1	480	606	0	1	1	606
CY207737.1	483	2237	0	1	1	2237
CY207737.1	489	2368	0	1	1	2368
CY207737.1	490	2022	1	4	5	490
CY207737.1	491	2287	3	3	6	491
CY207737.1	503	2092	1	0	1	503
CY207737.1	505	2095	0	15	15	2095
CY207737.1	506	2419	0	1	1	2419
CY207737.1	511	1461	0	1	1	1461
CY207737.1	512	2038	1	0	1	512
CY207737.1	517	2093	0	1	1	2093
CY207737.1	517	2164	1	0	1	517
CY207737.1	519	2166	9	0	9	519
CY207737.1	520	2250	3	0	3	520
CY207737.1	521	1808	0	3	3	1808
CY207737.1	521	2102	3	2	5	521
CY207737.1	522	2065	2	3	5	522
CY207737.1	527	2112	1	1	2	527
CY207737.1	530	2059	2	0	2	530
CY207737.1	531	2186	1	0	1	531
CY207737.1	536	2187	2	2	4	536
CY207737.1	539	2195	3	1	4	539
CY207737.1	541	2120	2	1	3	541
CY207737.1	541	2228	3	4	7	541
CY207737.1	543	2064	30	21	51	543
CY207737.1	545	2188	1	3	4	545
CY207737.1	547	2039	11	23	34	547
CY207737.1	547	2181	2	1	3	547
CY207737.1	549	1866	8	0	8	549
CY207737.1	551	2183	1	0	1	551
CY207737.1	554	2086	1	0	1	554
CY207737.1	562	2019	0	1	1	2019
CY207737.1	564	2172	1	0	1	564
CY207737.1	564	2209	1	1	2	564
CY207737.1	565	1848	0	1	1	1848
CY207737.1	567	2080	1	0	1	567
CY207737.1	568	2019	0	1	1	2019
CY207737.1	572	725	0	1	1	725
CY207737.1	575	2057	0	1	1	2057
CY207737.1	578	1914	2	1	3	578
CY207737.1	582	1999	0	3	3	1999
CY207737.1	583	2150	5	4	9	583
CY207737.1	588	1926	18	31	49	588
CY207737.1	588	2256	2	2	4	588
CY207737.1	590	1928	0	1	1	1928
CY207737.1	592	2013	0	7	7	2013
CY207737.1	597	2119	1	0	1	597
CY207737.1	598	2160	4	0	4	598
CY207737.1	602	1774	2	5	7	602
CY207737.1	602	1804	2	0	2	602
CY207737.1	602	1940	0	1	1	1940
CY207737.1	602	2090	17	0	17	602
CY207737.1	602	2165	23	23	46	602
CY207737.1	603	2094	0	26	26	2094
CY207737.1	604	2204	25	27	52	604
CY207737.1	606	1783	26	18	44	606
CY207737.1	607	1997	0	1	1	1997
CY207737.1	609	1959	1	0	1	609
CY207737.1	610	2000	3	6	9	610
CY207737.1	611	1766	0	3	3	1766
CY207737.1	611	1808	1	1	2	611
CY207737.1	611	2094	0	1	1	2094
CY207737.1	613	1813	0	1	1	1813
CY207737.1	615	1997	2	2	4	615
CY207737.1	615	2111	21	11	32	615
CY207737.1	617	1451	1	0	1	617
CY207737.1	617	1810	4	4	8	617
CY207737.1	617	2053	0	1	1	2053
CY207737.1	617	2095	0	1	1	2095
CY207737.1	618	1810	1	3	4	618
CY207737.1	621	1807	3	1	4	621
CY207737.1	621	2013	2	1	3	621
CY207737.1	622	1681	1	0	1	622
CY207737.1	622	2065	3	4	7	622
CY207737.1	622	2148	3	2	5	622
CY207737.1	624	1201	0	1	1	1201
CY207737.1	624	1641	0	1	1	1641
CY207737.1	624	2186	0	2	2	2186
CY207737.1	626	2232	0	1	1	2232
CY207737.1	635	1980	1	0	1	635
CY207737.1	637	1738	8	2	10	637
CY207737.1	637	2019	3	1	4	637
CY207737.1	638	1741	2	0	2	638
CY207737.1	638	2019	1	0	1	638
CY207737.1	639	2208	2	5	7	639
CY207737.1	640	2093	0	1	1	2093
CY207737.1	640	2301	0	1	1	2301
CY207737.1	641	2002	1	0	1	641
CY207737.1	644	2155	1	1	2	644
CY207737.1	645	1793	0	1	1	1793
CY207737.1	645	1997	2	4	6	645
CY207737.1	646	2008	1	1	2	646
CY207737.1	646	2014	2	0	2	646
CY207737.1	646	2068	3	1	4	646
CY207737.1	646	2084	2	1	3	646
CY207737.1	647	2058	1	1	2	647
CY207737.1	647	2380	1	1	2	647
CY207737.1	652	2039	1	0	1	652
CY207737.1	654	1717	1	1	2	654
CY207737.1	655	1164	0	1	1	1164
CY207737.1	657	1721	1	1	2	657
CY207737.1	657	1738	1	0	1	657
CY207737.1	657	1994	2	1	3	657
CY207737.1	657	1997	0	2	2	1997
CY207737.1	658	1714	0	1	1	1714
CY207737.1	658	1718	9	8	17	658
CY207737.1	658	1886	2	1	3	658
CY207737.1	658	1991	1	0	1	658
CY207737.1	658	1996	2	2	4	658
CY207737.1	660	2181	1	1	2	660
CY207737.1	661	1691	1	0	1	661
CY207737.1	664	1663	0	2	2	1663
CY207737.1	665	2163	1	0	1	665
CY207737.1	666	1698	1	0	1	666
CY207737.1	667	1698	19	16	35	667
CY207737.1	667	1715	1	0	1	667
CY207737.1	667	1979	0	1	1	1979
CY207737.1	667	2082	5	0	5	667
CY207737.1	667	2165	2	2	4	667
CY207737.1	668	1708	4	1	5	668
CY207737.1	669	2060	1	1	2	669
CY207737.1	673	1954	0	3	3	1954
CY207737.1	674	2165	4	2	6	674
CY207737.1	675	2051	6	6	12	675
CY207737.1	677	2316	1	0	1	677
CY207737.1	678	1956	0	1	1	1956
CY207737.1	681	1720	0	1	1	1720
CY207737.1	682	1894	0	3	3	1894
CY207737.1	682	2014	1	0	1	682
CY207737.1	682	2343	9	1	10	682
CY207737.1	683	2052	0	1	1	2052
CY207737.1	687	2230	0	1	1	2230
CY207737.1	688	2062	0	1	1	2062
CY207737.1	688	2065	0	1	1	2065
CY207737.1	688	2069	3	1	4	688
CY207737.1	689	1679	2	2	4	689
CY207737.1	689	1760	2	0	2	689
CY207737.1	689	2069	5	2	7	689
CY207737.1	691	1730	0	2	2	1730
CY207737.1	691	1904	5	7	12	691
CY207737.1	692	1955	0	2	2	1955
CY207737.1	692	2066	5	3	8	692
CY207737.1	693	1894	1	4	5	693
CY207737.1	696	2055	5	1	6	696
CY207737.1	697	2142	1	0	1	697
CY207737.1	700	2059	0	1	1	2059
CY207737.1	702	2086	1	0	1	702
CY207737.1	703	2420	0	1	1	2420
CY207737.1	706	868	2	0	2	706
CY207737.1	707	1809	4	2	6	707
CY207737.1	708	1730	1	0	1	708
CY207737.1	709	1996	2	4	6	709
CY207737.1	709	2019	1	0	1	709
CY207737.1	709	2051	0	2	2	2051
CY207737.1	709	767	1	4	5	709
CY207737.1	710	1159	1	0	1	710
CY207737.1	710	1829	1	1	2	710
CY207737.1	711	2142	1	1	2	711
CY207737.1	712	1887	2	0	2	712
CY207737.1	714	2058	18	22	40	714
CY207737.1	719	2104	3	2	5	719
CY207737.1	721	1893	1	1	2	721
CY207737.1	721	1904	0	3	3	1904
CY207737.1	724	1659	0	1	1	1659
CY207737.1	724	1978	1	2	3	724
CY207737.1	724	2152	2	2	4	724
CY207737.1	724	2180	3	2	5	724
CY207737.1	725	2070	0	4	4	2070
CY207737.1	729	1880	1	2	3	729
CY207737.1	729	2093	0	2	2	2093
CY207737.1	730	2070	0	1	1	2070
CY207737.1	731	1989	0	1	1	1989
CY207737.1	732	1914	2	1	3	732
CY207737.1	733	2139	1	0	1	733
CY207737.1	734	2187	0	1	1	2187
CY207737.1	737	1876	1	0	1	737
CY207737.1	742	1897	1	5	6	742
CY207737.1	743	1890	9	11	20	743
CY207737.1	743	2014	1	8	9	743
CY207737.1	747	1982	1	10	11	747
CY207737.1	747	2012	3	3	6	747
CY207737.1	747	2014	1	9	10	747
CY207737.1	748	2013	0	9	9	2013
CY207737.1	749	1899	2	0	2	749
CY207737.1	750	2014	0	1	1	2014
CY207737.1	751	1894	1	1	2	751
CY207737.1	751	2074	1	0	1	751
CY207737.1	753	1893	11	13	24	753
CY207737.1	753	1911	0	1	1	1911
CY207737.1	753	2002	1	2	3	753
CY207737.1	753	2013	5	8	13	753
CY207737.1	753	2076	5	5	10	753
CY207737.1	754	1993	0	1	1	1993
CY207737.1	755	1314	1	0	1	755
CY207737.1	755	1956	1	6	7	755
CY207737.1	755	1998	2	1	3	755
CY207737.1	757	1856	1	1	2	757
CY207737.1	757	1999	1	0	1	757
CY207737.1	758	1882	2	3	5	758
CY207737.1	759	1835	2	2	4	759
CY207737.1	759	1855	1	1	2	759
CY207737.1	759	1856	0	6	6	1856
CY207737.1	759	1880	2	0	2	759
CY207737.1	759	1997	0	2	2	1997
CY207737.1	760	1841	1	0	1	760
CY207737.1	760	1882	2	10	12	760
CY207737.1	760	1888	16	16	32	760
CY207737.1	760	1890	0	2	2	1890
CY207737.1	760	1912	1	2	3	760
CY207737.1	760	1994	0	2	2	1994
CY207737.1	760	2014	1	1	2	760
CY207737.1	761	1809	2	5	7	761
CY207737.1	761	1925	1	0	1	761
CY207737.1	761	2012	0	1	1	2012
CY207737.1	764	1828	1	0	1	764
CY207737.1	765	2193	2	2	4	765
CY207737.1	766	1847	1	0	1	766
CY207737.1	766	1894	0	2	2	1894
CY207737.1	766	1996	0	2	2	1996
CY207737.1	768	1872	4	5	9	768
CY207737.1	768	1884	1	1	2	768
CY207737.1	768	1991	1	1	2	768
CY207737.1	770	1984	3	6	9	770
CY207737.1	773	1867	0	4	4	1867
CY207737.1	774	1763	0	1	1	1763
CY207737.1	775	1895	6	4	10	775
CY207737.1	776	1985	2	2	4	776
CY207737.1	777	1836	1	0	1	777
CY207737.1	777	1867	2	1	3	777
CY207737.1	777	1997	2	1	3	777
CY207737.1	778	1879	0	2	2	1879
CY207737.1	778	1882	0	1	1	1882
CY207737.1	781	1854	51	53	104	781
CY207737.1	781	1956	1	0	1	781
CY207737.1	783	1878	6	2	8	783
CY207737.1	785	1831	5	3	8	785
CY207737.1	787	1924	3	1	4	787
CY207737.1	788	1925	0	1	1	1925
CY207737.1	789	1776	1	0	1	789
CY207737.1	789	1856	1	0	1	789
CY207737.1	790	1741	4	2	6	790
CY207737.1	791	1800	1	0	1	791
CY207737.1	796	1899	3	3	6	796
CY207737.1	796	1983	1	0	1	796
CY207737.1	797	1914	0	1	1	1914
CY207737.1	798	1847	6	3	9	798
CY207737.1	800	1847	1	1	2	800
CY207737.1	801	1843	10	13	23	801
CY207737.1	802	1957	0	1	1	1957
CY207737.1	803	1734	6	3	9	803
CY207737.1	803	1990	2	1	3	803
CY207737.1	804	2015	1	2	3	804
CY207737.1	806	1738	0	1	1	1738
CY207737.1	807	1853	0	1	1	1853
CY207737.1	809	1741	20	4	24	809
CY207737.1	810	1831	0	2	2	1831
CY207737.1	812	1831	1	5	6	812
CY207737.1	812	1838	2	2	4	812
CY207737.1	813	1717	2	0	2	813
CY207737.1	818	1828	2	1	3	818
CY207737.1	820	1844	3	5	8	820
CY207737.1	822	1828	16	10	26	822
CY207737.1	823	1828	0	1	1	1828
CY207737.1	823	2250	1	0	1	823
CY207737.1	826	1879	0	1	1	1879
CY207737.1	826	851	1	0	1	826
CY207737.1	827	1809	9	5	14	827
CY207737.1	828	2042	1	1	2	828
CY207737.1	829	1716	1	1	2	829
CY207737.1	830	1258	0	1	1	1258
CY207737.1	831	1829	1	1	2	831
CY207737.1	831	1866	3	0	3	831
CY207737.1	833	1580	1	0	1	833
CY207737.1	836	1802	1	1	2	836
CY207737.1	837	2262	3	0	3	837
CY207737.1	843	1650	1	0	1	843
CY207737.1	844	1876	2	1	3	844
CY207737.1	852	1733	1	0	1	852
CY207737.1	853	1856	2	0	2	853
CY207737.1	856	2165	1	2	3	856
CY207737.1	857	1611	0	1	1	1611
CY207737.1	857	1905	75	86	161	857
CY207737.1	858	2276	4	0	4	858
CY207737.1	862	2280	59	69	128	862
CY207737.1	872	1660	4	8	12	872
CY207737.1	875	1809	1	1	2	875
CY207737.1	877	1783	1	0	1	877
CY207737.1	879	1901	0	3	3	1901
CY207737.1	880	2295	0	8	8	2295
CY207737.1	882	1703	0	1	1	1703
CY207737.1	882	1773	7	11	18	882
CY207737.1	883	1794	0	1	1	1794
CY207737.1	884	1886	1	0	1	884
CY207737.1	886	1888	18	23	41	886
CY207737.1	888	1878	1	0	1	888
CY207737.1	889	1722	13	10	23	889
CY207737.1	889	1764	0	3	3	1764
CY207737.1	889	1772	1	2	3	889
CY207737.1	893	1884	0	1	1	1884
CY207737.1	894	1883	2	0	2	894
CY207737.1	894	1915	0	1	1	1915
CY207737.1	899	1774	0	1	1	1774
CY207737.1	903	1796	0	1	1	1796
CY207737.1	904	2008	0	1	1	2008
CY207737.1	906	1660	1	0	1	906
CY207737.1	906	1882	3	2	5	906
CY207737.1	906	1907	1	0	1	906
CY207737.1	907	1876	0	2	2	1876
CY207737.1	907	1880	1	0	1	907
CY207737.1	911	1721	2	2	4	911
CY207737.1	913	1738	7	4	11	913
CY207737.1	913	1789	1	0	1	913
CY207737.1	913	1861	1	1	2	913
CY207737.1	914	1760	1	0	1	914
CY207737.1	915	1908	0	1	1	1908
CY207737.1	922	2123	0	6	6	2123
CY207737.1	924	1385	1	0	1	924
CY207737.1	924	1856	3	2	5	924
CY207737.1	925	1734	3	2	5	925
CY207737.1	937	1999	1	3	4	937
CY207737.1	939	2078	2	5	7	939
CY207737.1	942	1942	1	0	1	942
CY207737.1	957	1828	2	1	3	957
CY207737.1	959	1816	0	1	1	1816
CY207737.1	962	1827	0	1	1	1827
CY207737.1	964	1828	6	9	15	964
CY207737.1	976	1913	1	0	1	976
CY207737.1	978	1717	1	0	1	978
CY207737.1	979	1801	6	6	12	979
CY207737.1	982	2006	1	3	4	982
CY207737.1	995	1708	1	1	2	995
CY207738.1	1001	2022	1	0	1	1001
CY207738.1	1003	1801	0	2	2	1801
CY207738.1	1014	1947	2	2	4	1014
CY207738.1	1017	1843	0	1	1	1843
CY207738.1	1020	1815	0	2	2	1815
CY207738.1	1030	1093	1	0	1	1030
CY207738.1	1037	1711	2	2	4	1037
CY207738.1	1070	2106	0	1	1	2106
CY207738.1	1079	1989	1	3	4	1079
CY207738.1	1097	2016	0	1	1	2016
CY207738.1	1124	2330	0	1	1	2330
CY207738.1	1245	2114	0	1	1	2114
CY207738.1	1254	2141	0	1	1	2141
CY207738.1	1330	1661	0	1	1	1661
CY207738.1	1334	2464	0	1	1	2464
CY207738.1	1386	2351	1	0	1	1386
CY207738.1	1408	1723	0	1	1	1723
CY207738.1	1523	2170	1	0	1	1523
CY207738.1	1616	2216	0	1	1	2216
CY207738.1	1652	2307	1	0	1	1652
CY207738.1	1711	1816	0	1	1	1816
CY207738.1	1786	1846	0	1	1	1846
CY207738.1	1882	2152	0	1	1	2152
CY207738.1	2130	2186	2	0	2	2130
CY207738.1	2145	2339	1	0	1	2145
CY207738.1	2214	2379	0	1	1	2379
CY207738.1	2218	2391	1	0	1	2218
CY207738.1	2247	2334	2	1	3	2247
CY207738.1	2251	2378	1	0	1	2251
CY207738.1	2256	2326	1	0	1	2256
CY207738.1	2264	2474	0	1	1	2474
CY207738.1	2269	2351	0	1	1	2351
CY207738.1	2279	2311	3	2	5	2279
CY207738.1	2279	2346	11	3	14	2279
CY207738.1	2294	2317	1	2	3	2294
CY207738.1	2311	2334	3	0	3	2311
CY207738.1	2311	2390	3	0	3	2311
CY207738.1	2371	2402	2	0	2	2371
CY207738.1	246	877	1	0	1	246
CY207738.1	249	2115	1	0	1	249
CY207738.1	276	942	1	0	1	276
CY207738.1	282	2130	7	3	10	282
CY207738.1	282	902	1	0	1	282
CY207738.1	294	1379	0	1	1	1379
CY207738.1	294	324	5	12	17	294
CY207738.1	296	2120	1	0	1	296
CY207738.1	298	2122	4	7	11	298
CY207738.1	302	2341	0	1	1	2341
CY207738.1	306	2331	3	2	5	306
CY207738.1	307	1129	0	1	1	1129
CY207738.1	310	2203	0	1	1	2203
CY207738.1	311	937	0	1	1	937
CY207738.1	315	2303	2	5	7	315
CY207738.1	316	2314	1	4	5	316
CY207738.1	320	2324	0	1	1	2324
CY207738.1	320	2383	5	5	10	320
CY207738.1	321	1412	0	1	1	1412
CY207738.1	321	2324	22	4	26	321
CY207738.1	321	2325	71	120	191	321
CY207738.1	323	2327	0	2	2	2327
CY207738.1	328	1690	0	1	1	1690
CY207738.1	331	2313	3	15	18	331
CY207738.1	331	2321	0	1	1	2321
CY207738.1	331	428	0	2	2	428
CY207738.1	332	1685	7	17	24	332
CY207738.1	337	2413	0	1	1	2413
CY207738.1	341	481	0	1	1	481
CY207738.1	344	1670	0	1	1	1670
CY207738.1	344	2206	3	13	16	344
CY207738.1	346	1330	0	1	1	1330
CY207738.1	346	1700	0	1	1	1700
CY207738.1	346	2235	0	3	3	2235
CY207738.1	347	2212	0	1	1	2212
CY207738.1	347	2323	0	1	1	2323
CY207738.1	349	907	0	1	1	907
CY207738.1	353	2115	1	3	4	353
CY207738.1	353	2293	1	0	1	353
CY207738.1	355	1352	0	1	1	1352
CY207738.1	364	2251	2	14	16	364
CY207738.1	365	1897	9	17	26	365
CY207738.1	366	2267	1	0	1	366
CY207738.1	366	2384	1	0	1	366
CY207738.1	367	2131	0	7	7	2131
CY207738.1	367	2209	1	8	9	367
CY207738.1	367	2265	1	10	11	367
CY207738.1	368	1053	0	1	1	1053
CY207738.1	368	2264	12	127	139	368
CY207738.1	368	2296	14	52	66	368
CY207738.1	369	2251	0	10	10	2251
CY207738.1	369	2297	0	1	1	2297
CY207738.1	369	881	1	0	1	369
CY207738.1	370	2266	0	1	1	2266
CY207738.1	370	490	0	1	1	490
CY207738.1	371	2389	2	6	8	371
CY207738.1	372	1105	0	1	1	1105
CY207738.1	377	2204	0	1	1	2204
CY207738.1	380	2179	0	1	1	2179
CY207738.1	381	2141	0	1	1	2141
CY207738.1	384	2267	0	13	13	2267
CY207738.1	384	2311	3	4	7	384
CY207738.1	385	2275	0	8	8	2275
CY207738.1	385	2276	0	29	29	2276
CY207738.1	386	2240	0	1	1	2240
CY207738.1	386	2248	0	9	9	2248
CY207738.1	386	2277	0	1	1	2277
CY207738.1	386	2314	10	31	41	386
CY207738.1	387	2389	2	2	4	387
CY207738.1	388	846	0	1	1	846
CY207738.1	390	1598	0	1	1	1598
CY207738.1	399	2104	0	1	1	2104
CY207738.1	402	2263	0	13	13	2263
CY207738.1	404	2262	1	36	37	404
CY207738.1	406	1907	0	1	1	1907
CY207738.1	407	2268	0	1	1	2268
CY207738.1	407	2313	2	13	15	407
CY207738.1	407	2333	3	5	8	407
CY207738.1	408	2215	0	1	1	2215
CY207738.1	408	2301	2	3	5	408
CY207738.1	408	2315	0	3	3	2315
CY207738.1	408	2379	1	0	1	408
CY207738.1	418	2320	111	0	111	418
CY207738.1	419	2217	0	13	13	2217
CY207738.1	419	2311	8	41	49	419
CY207738.1	420	2131	1	4	5	420
CY207738.1	420	2282	1	22	23	420
CY207738.1	420	641	0	1	1	641
CY207738.1	422	1846	2	7	9	422
CY207738.1	422	2285	0	1	1	2285
CY207738.1	422	673	0	2	2	673
CY207738.1	422	831	2	0	2	422
CY207738.1	435	2250	2	0	2	435
CY207738.1	435	2296	0	1	1	2296
CY207738.1	436	2402	0	2	2	2402
CY207738.1	437	2325	1	5	6	437
CY207738.1	439	2246	0	2	2	2246
CY207738.1	441	2232	0	5	5	2232
CY207738.1	442	2203	0	1	1	2203
CY207738.1	444	2314	5	1	6	444
CY207738.1	444	2410	0	1	1	2410
CY207738.1	445	2339	1	8	9	445
CY207738.1	446	1364	0	1	1	1364
CY207738.1	446	2179	0	5	5	2179
CY207738.1	447	2164	0	3	3	2164
CY207738.1	447	2172	1	7	8	447
CY207738.1	448	2267	1	7	8	448
CY207738.1	452	1947	1	4	5	452
CY207738.1	452	475	1	6	7	452
CY207738.1	453	2033	3	43	46	453
CY207738.1	453	2266	1	1	2	453
CY207738.1	454	2034	0	1	1	2034
CY207738.1	455	2137	1	8	9	455
CY207738.1	455	2296	0	3	3	2296
CY207738.1	455	2357	0	1	1	2357
CY207738.1	459	2280	0	1	1	2280
CY207738.1	460	2089	0	1	1	2089
CY207738.1	463	2144	2	2	4	463
CY207738.1	463	2350	43	24	67	463
CY207738.1	464	2229	2	2	4	464
CY207738.1	465	2080	6	14	20	465
CY207738.1	465	2173	46	112	158	465
CY207738.1	467	2160	35	78	113	467
CY207738.1	468	2282	85	126	211	468
CY207738.1	468	2365	0	1	1	2365
CY207738.1	470	2253	0	1	1	2253
CY207738.1	471	2265	1	5	6	471
CY207738.1	473	2117	1	0	1	473
CY207738.1	473	2238	1	0	1	473
CY207738.1	474	2397	1	0	1	474
CY207738.1	475	1901	4	3	7	475
CY207738.1	477	2204	1	0	1	477
CY207738.1	479	2174	1	8	9	479
CY207738.1	481	2153	3	1	4	481
CY207738.1	482	2210	6	15	21	482
CY207738.1	484	1744	11	13	24	484
CY207738.1	484	2210	22	35	57	484
CY207738.1	484	2248	4	1	5	484
CY207738.1	484	2256	4	11	15	484
CY207738.1	484	576	0	2	2	576
CY207738.1	486	2138	2	1	3	486
CY207738.1	487	2300	0	1	1	2300
CY207738.1	488	778	0	1	1	778
CY207738.1	489	2116	7	9	16	489
CY207738.1	490	2218	125	147	272	490
CY207738.1	491	2117	2	7	9	491
CY207738.1	491	2169	0	1	1	2169
CY207738.1	494	2115	7	8	15	494
CY207738.1	495	1998	0	3	3	1998
CY207738.1	496	2179	29	46	75	496
CY207738.1	497	2305	1	0	1	497
CY207738.1	498	2170	0	2	2	2170
CY207738.1	499	2208	2	0	2	499
CY207738.1	501	2163	1	3	4	501
CY207738.1	503	1937	2	5	7	503
CY207738.1	503	2085	1	0	1	503
CY207738.1	503	2112	3	6	9	503
CY207738.1	503	2169	3	6	9	503
CY207738.1	504	2116	36	54	90	504
CY207738.1	506	1092	1	0	1	506
CY207738.1	507	2209	2	3	5	507
CY207738.1	509	2086	1	2	3	509
CY207738.1	509	2092	1	5	6	509
CY207738.1	509	2136	0	1	1	2136
CY207738.1	509	2304	3	4	7	509
CY207738.1	511	2103	3	3	6	511
CY207738.1	511	2107	4	0	4	511
CY207738.1	511	2184	1	2	3	511
CY207738.1	513	2201	0	1	1	2201
CY207738.1	514	2032	1	3	4	514
CY207738.1	516	1269	1	0	1	516
CY207738.1	517	2209	1	2	3	517
CY207738.1	518	2087	16	37	53	518
CY207738.1	519	2129	2	6	8	519
CY207738.1	519	2224	36	41	77	519
CY207738.1	520	2041	5	41	46	520
CY207738.1	520	2149	4	0	4	520
CY207738.1	520	2256	0	4	4	2256
CY207738.1	522	1952	0	1	1	1952
CY207738.1	522	2089	0	5	5	2089
CY207738.1	522	2189	1	2	3	522
CY207738.1	523	2164	1	0	1	523
CY207738.1	523	2210	54	53	107	523
CY207738.1	524	1989	1	2	3	524
CY207738.1	525	2154	3	0	3	525
CY207738.1	527	2231	0	2	2	2231
CY207738.1	528	2163	3	0	3	528
CY207738.1	528	2177	1	2	3	528
CY207738.1	528	2187	3	1	4	528
CY207738.1	528	2195	47	64	111	528
CY207738.1	529	2116	0	1	1	2116
CY207738.1	529	2141	0	1	1	2141
CY207738.1	531	2178	1	5	6	531
CY207738.1	535	2169	1	0	1	535
CY207738.1	536	2169	3	4	7	536
CY207738.1	536	2170	171	195	366	536
CY207738.1	537	2171	127	137	264	537
CY207738.1	538	2212	1	0	1	538
CY207738.1	539	2165	18	6	24	539
CY207738.1	539	2171	9	12	21	539
CY207738.1	539	2182	1	3	4	539
CY207738.1	541	2162	0	2	2	2162
CY207738.1	542	2203	0	1	1	2203
CY207738.1	543	1954	4	4	8	543
CY207738.1	543	2142	2	2	4	543
CY207738.1	545	1997	0	2	2	1997
CY207738.1	545	2197	0	4	4	2197
CY207738.1	546	2250	2	7	9	546
CY207738.1	547	2173	2	0	2	547
CY207738.1	551	2341	1	0	1	551
CY207738.1	553	1947	3	4	7	553
CY207738.1	553	1948	2	2	4	553
CY207738.1	553	2129	6	4	10	553
CY207738.1	554	1988	0	1	1	1988
CY207738.1	555	1999	2	1	3	555
CY207738.1	559	1803	1	3	4	559
CY207738.1	559	2000	1	2	3	559
CY207738.1	560	2134	1	0	1	560
CY207738.1	562	2214	0	4	4	2214
CY207738.1	563	1997	1	1	2	563
CY207738.1	564	2137	163	204	367	564
CY207738.1	564	2154	4	2	6	564
CY207738.1	565	1849	5	5	10	565
CY207738.1	565	2140	5	9	14	565
CY207738.1	566	2020	1	5	6	566
CY207738.1	566	2139	0	1	1	2139
CY207738.1	567	2038	1	10	11	567
CY207738.1	567	2042	24	64	88	567
CY207738.1	567	2129	3	4	7	567
CY207738.1	570	2020	0	2	2	2020
CY207738.1	571	2139	12	14	26	571
CY207738.1	572	2197	28	23	51	572
CY207738.1	574	2004	2	5	7	574
CY207738.1	574	2086	0	2	2	2086
CY207738.1	574	2115	11	15	26	574
CY207738.1	575	1930	1	3	4	575
CY207738.1	575	2128	1	5	6	575
CY207738.1	575	2210	1	0	1	575
CY207738.1	580	2118	18	17	35	580
CY207738.1	584	2030	2	2	4	584
CY207738.1	587	1124	0	1	1	1124
CY207738.1	587	2362	11	4	15	587
CY207738.1	588	2412	0	1	1	2412
CY207738.1	590	1912	4	2	6	590
CY207738.1	594	2116	0	1	1	2116
CY207738.1	594	2276	1	0	1	594
CY207738.1	594	714	0	1	1	714
CY207738.1	595	1997	1	1	2	595
CY207738.1	597	1694	1	1	2	597
CY207738.1	597	1998	42	111	153	597
CY207738.1	603	2195	1	1	2	603
CY207738.1	605	1511	1	0	1	605
CY207738.1	605	2004	17	78	95	605
CY207738.1	606	2005	0	1	1	2005
CY207738.1	608	1882	0	1	1	1882
CY207738.1	608	1911	2	1	3	608
CY207738.1	608	1987	1	9	10	608
CY207738.1	608	2049	0	1	1	2049
CY207738.1	623	1783	28	20	48	623
CY207738.1	623	2210	2	0	2	623
CY207738.1	625	1987	0	1	1	1987
CY207738.1	627	1832	1	1	2	627
CY207738.1	627	2031	0	1	1	2031
CY207738.1	627	2044	0	6	6	2044
CY207738.1	627	2236	35	22	57	627
CY207738.1	628	1782	13	6	19	628
CY207738.1	628	2037	1	0	1	628
CY207738.1	628	2041	1	8	9	628
CY207738.1	629	1832	7	5	12	629
CY207738.1	632	2041	0	1	1	2041
CY207738.1	634	1767	1	0	1	634
CY207738.1	634	1948	1	1	2	634
CY207738.1	634	2044	1	4	5	634
CY207738.1	635	1768	2	2	4	635
CY207738.1	640	1694	0	1	1	1694
CY207738.1	640	2086	1	0	1	640
CY207738.1	641	1210	0	1	1	1210
CY207738.1	641	1811	13	16	29	641
CY207738.1	641	2037	1	1	2	641
CY207738.1	642	1849	1	0	1	642
CY207738.1	642	2086	20	20	40	642
CY207738.1	642	2153	25	23	48	642
CY207738.1	643	1810	1	1	2	643
CY207738.1	644	1820	121	95	216	644
CY207738.1	645	1810	2	1	3	645
CY207738.1	645	1815	6	3	9	645
CY207738.1	645	1821	0	1	1	1821
CY207738.1	645	2014	3	19	22	645
CY207738.1	645	2020	0	2	2	2020
CY207738.1	646	1761	3	3	6	646
CY207738.1	649	2106	3	0	3	649
CY207738.1	651	1851	4	1	5	651
CY207738.1	652	2114	0	1	1	2114
CY207738.1	653	1728	12	24	36	653
CY207738.1	653	1861	1	0	1	653
CY207738.1	653	1992	0	1	1	1992
CY207738.1	653	2214	0	1	1	2214
CY207738.1	654	2107	1	2	3	654
CY207738.1	655	1701	0	1	1	1701
CY207738.1	655	2160	0	1	1	2160
CY207738.1	656	1916	2	1	3	656
CY207738.1	656	2294	1	3	4	656
CY207738.1	657	2224	1	0	1	657
CY207738.1	659	1756	2	1	3	659
CY207738.1	659	1799	1	0	1	659
CY207738.1	659	1826	0	1	1	1826
CY207738.1	659	2035	0	4	4	2035
CY207738.1	662	2000	0	1	1	2000
CY207738.1	662	2115	4	1	5	662
CY207738.1	664	1107	0	1	1	1107
CY207738.1	669	1814	2	3	5	669
CY207738.1	669	1939	1	4	5	669
CY207738.1	670	1781	3	0	3	670
CY207738.1	673	1917	1	0	1	673
CY207738.1	673	2167	3	3	6	673
CY207738.1	674	1865	1	0	1	674
CY207738.1	674	1990	0	1	1	1990
CY207738.1	674	2000	1	1	2	674
CY207738.1	675	1731	0	1	1	1731
CY207738.1	675	1820	0	1	1	1820
CY207738.1	675	1989	0	7	7	1989
CY207738.1	675	1997	18	15	33	675
CY207738.1	679	2001	0	1	1	2001
CY207738.1	679	2092	1	1	2	679
CY207738.1	679	2115	2	4	6	679
CY207738.1	680	1710	2	4	6	680
CY207738.1	680	1988	3	3	6	680
CY207738.1	682	2206	2	0	2	682
CY207738.1	685	1875	5	11	16	685
CY207738.1	686	1989	0	5	5	1989
CY207738.1	687	1911	6	5	11	687
CY207738.1	687	1987	0	1	1	1987
CY207738.1	687	1989	0	2	2	1989
CY207738.1	687	2217	1	2	3	687
CY207738.1	688	1878	0	1	1	1878
CY207738.1	690	2082	1	2	3	690
CY207738.1	694	1830	4	2	6	694
CY207738.1	695	1880	1	2	3	695
CY207738.1	695	1907	2	1	3	695
CY207738.1	697	2299	1	0	1	697
CY207738.1	697	2473	0	1	1	2473
CY207738.1	698	1913	16	19	35	698
CY207738.1	699	1990	6	4	10	699
CY207738.1	702	1944	2	0	2	702
CY207738.1	704	1911	3	2	5	704
CY207738.1	704	2033	0	1	1	2033
CY207738.1	707	1900	3	1	4	707
CY207738.1	707	1941	2	1	3	707
CY207738.1	708	1868	3	0	3	708
CY207738.1	708	1938	14	16	30	708
CY207738.1	709	1956	1	1	2	709
CY207738.1	710	1753	3	3	6	710
CY207738.1	710	1924	1	0	1	710
CY207738.1	711	1954	6	7	13	711
CY207738.1	713	1882	4	0	4	713
CY207738.1	713	1888	1	0	1	713
CY207738.1	713	1939	2	2	4	713
CY207738.1	713	1961	0	2	2	1961
CY207738.1	714	1955	4	1	5	714
CY207738.1	715	1915	3	2	5	715
CY207738.1	715	1954	25	15	40	715
CY207738.1	715	880	1	0	1	715
CY207738.1	716	1880	1	0	1	716
CY207738.1	717	1951	1	0	1	717
CY207738.1	718	1898	2	0	2	718
CY207738.1	718	1955	1	0	1	718
CY207738.1	720	1809	1	0	1	720
CY207738.1	720	1871	1	3	4	720
CY207738.1	720	1885	2	0	2	720
CY207738.1	720	1955	6	8	14	720
CY207738.1	721	1948	3	0	3	721
CY207738.1	721	1955	5	9	14	721
CY207738.1	724	1963	0	1	1	1963
CY207738.1	727	1964	0	1	1	1964
CY207738.1	729	1947	3	6	9	729
CY207738.1	730	1946	3	0	3	730
CY207738.1	731	1615	3	1	4	731
CY207738.1	731	1944	1	0	1	731
CY207738.1	732	1487	2	1	3	732
CY207738.1	732	1867	1	0	1	732
CY207738.1	732	1939	2	2	4	732
CY207738.1	732	1942	1	2	3	732
CY207738.1	732	1945	5	2	7	732
CY207738.1	733	1928	1	4	5	733
CY207738.1	733	1948	3	1	4	733
CY207738.1	734	1938	1	2	3	734
CY207738.1	735	1938	2	1	3	735
CY207738.1	735	1943	1	5	6	735
CY207738.1	735	2105	1	3	4	735
CY207738.1	740	2005	0	1	1	2005
CY207738.1	746	1947	4	3	7	746
CY207738.1	747	1868	0	1	1	1868
CY207738.1	747	1988	25	40	65	747
CY207738.1	749	1924	1	0	1	749
CY207738.1	750	1875	3	2	5	750
CY207738.1	750	1922	1	2	3	750
CY207738.1	750	1955	1	0	1	750
CY207738.1	751	1869	8	1	9	751
CY207738.1	751	1999	0	1	1	1999
CY207738.1	753	1872	1	0	1	753
CY207738.1	753	1880	8	0	8	753
CY207738.1	760	1522	0	1	1	1522
CY207738.1	760	1887	25	2	27	760
CY207738.1	760	1954	2	1	3	760
CY207738.1	760	2108	2	4	6	760
CY207738.1	761	1801	1	0	1	761
CY207738.1	761	2041	3	3	6	761
CY207738.1	762	1988	2	0	2	762
CY207738.1	763	1284	0	1	1	1284
CY207738.1	764	1843	2	0	2	764
CY207738.1	764	1925	1	2	3	764
CY207738.1	764	1947	0	2	2	1947
CY207738.1	767	1940	2	0	2	767
CY207738.1	776	1924	2	0	2	776
CY207738.1	776	1947	2	0	2	776
CY207738.1	778	1951	2	0	2	778
CY207738.1	780	1813	1	0	1	780
CY207738.1	780	1900	0	2	2	1900
CY207738.1	780	1932	2	2	4	780
CY207738.1	785	1872	3	1	4	785
CY207738.1	786	1780	0	1	1	1780
CY207738.1	787	1872	3	4	7	787
CY207738.1	790	1914	1	3	4	790
CY207738.1	791	1907	0	1	1	1907
CY207738.1	792	1907	0	1	1	1907
CY207738.1	793	1779	6	2	8	793
CY207738.1	793	951	0	1	1	951
CY207738.1	795	1923	1	1	2	795
CY207738.1	796	1780	7	3	10	796
CY207738.1	796	1992	0	1	1	1992
CY207738.1	797	1851	0	1	1	1851
CY207738.1	797	2325	1	0	1	797
CY207738.1	798	1923	2	0	2	798
CY207738.1	801	2018	0	3	3	2018
CY207738.1	808	1896	2	2	4	808
CY207738.1	808	1955	0	1	1	1955
CY207738.1	809	1592	3	1	4	809
CY207738.1	809	1914	2	1	3	809
CY207738.1	809	1915	1	3	4	809
CY207738.1	811	1815	0	2	2	1815
CY207738.1	811	1849	3	0	3	811
CY207738.1	812	1900	5	3	8	812
CY207738.1	813	1843	4	5	9	813
CY207738.1	816	1909	1	5	6	816
CY207738.1	822	1238	1	0	1	822
CY207738.1	824	1742	1	1	2	824
CY207738.1	824	1997	0	1	1	1997
CY207738.1	825	1831	0	1	1	1831
CY207738.1	825	1844	1	0	1	825
CY207738.1	826	1851	48	36	84	826
CY207738.1	826	1943	2	4	6	826
CY207738.1	827	1884	1	1	2	827
CY207738.1	828	1283	1	0	1	828
CY207738.1	829	1879	1	0	1	829
CY207738.1	830	1809	3	0	3	830
CY207738.1	831	1847	1	1	2	831
CY207738.1	831	1917	0	3	3	1917
CY207738.1	832	1855	0	2	2	1855
CY207738.1	834	1920	0	2	2	1920
CY207738.1	835	2190	1	2	3	835
CY207738.1	836	1858	0	1	1	1858
CY207738.1	836	1875	4	2	6	836
CY207738.1	836	1889	2	1	3	836
CY207738.1	836	1890	13	11	24	836
CY207738.1	838	2201	2	0	2	838
CY207738.1	839	1814	0	1	1	1814
CY207738.1	840	1861	2	1	3	840
CY207738.1	840	2032	2	0	2	840
CY207738.1	843	1815	3	0	3	843
CY207738.1	843	1872	1	2	3	843
CY207738.1	844	1705	5	6	11	844
CY207738.1	845	1810	12	4	16	845
CY207738.1	847	1815	1	2	3	847
CY207738.1	848	1771	2	1	3	848
CY207738.1	848	1860	1	0	1	848
CY207738.1	848	1954	0	2	2	1954
CY207738.1	849	1801	1	0	1	849
CY207738.1	850	1855	5	7	12	850
CY207738.1	852	1866	1	0	1	852
CY207738.1	853	1958	0	1	1	1958
CY207738.1	855	1268	1	0	1	855
CY207738.1	855	1814	5	9	14	855
CY207738.1	855	1818	7	0	7	855
CY207738.1	855	1867	11	12	23	855
CY207738.1	856	1718	1	0	1	856
CY207738.1	856	1850	7	10	17	856
CY207738.1	856	1861	6	4	10	856
CY207738.1	857	1863	0	2	2	1863
CY207738.1	858	1914	5	2	7	858
CY207738.1	869	1844	3	0	3	869
CY207738.1	869	1901	7	0	7	869
CY207738.1	869	2092	11	0	11	869
CY207738.1	877	2097	0	1	1	2097
CY207738.1	879	1670	1	1	2	879
CY207738.1	883	1831	3	1	4	883
CY207738.1	887	1888	2	2	4	887
CY207738.1	890	1824	4	3	7	890
CY207738.1	892	2114	0	1	1	2114
CY207738.1	893	1408	1	0	1	893
CY207738.1	893	2016	2	2	4	893
CY207738.1	895	1874	1	1	2	895
CY207738.1	896	1101	0	1	1	1101
CY207738.1	898	1634	3	0	3	898
CY207738.1	899	1808	2	5	7	899
CY207738.1	902	1716	2	2	4	902
CY207738.1	909	1853	8	0	8	909
CY207738.1	909	1989	1	2	3	909
CY207738.1	910	1854	0	1	1	1854
CY207738.1	917	1662	0	2	2	1662
CY207738.1	918	1759	2	2	4	918
CY207738.1	926	2056	0	1	1	2056
CY207738.1	927	1563	0	1	1	1563
CY207738.1	937	1781	1	3	4	937
CY207738.1	939	1846	1	1	2	939
CY207738.1	946	1868	0	1	1	1868
CY207738.1	951	1893	1	0	1	951
CY207738.1	953	1712	1	1	2	953
CY207738.1	958	1990	0	1	1	1990
CY207738.1	960	1769	0	1	1	1769
CY207738.1	961	1806	1	1	2	961
CY207738.1	963	1743	1	1	2	963
CY207738.1	966	1880	0	1	1	1880
CY207738.1	981	1260	1	0	1	981
CY207738.1	998	1701	0	1	1	1701
