Segment	Start	Stop	Forward_support	Reverse_support	Total_support	Fuzz_factor
CY207731.1	1021	1232	0	1	1	1232
CY207731.1	1027	1467	0	1	1	1467
CY207731.1	1032	1751	1	0	1	1032
CY207731.1	1084	1193	0	1	1	1193
CY207731.1	1089	1178	0	1	1	1178
CY207731.1	1148	1620	1	0	1	1148
CY207731.1	1151	1823	1	0	1	1151
CY207731.1	1167	1778	0	1	1	1778
CY207731.1	1173	1499	0	1	1	1499
CY207731.1	1176	1716	0	1	1	1716
CY207731.1	1183	1282	1	0	1	1183
CY207731.1	1218	1352	0	1	1	1352
CY207731.1	1222	1522	0	1	1	1522
CY207731.1	1223	1782	0	1	1	1782
CY207731.1	1246	1485	0	1	1	1485
CY207731.1	1292	1759	1	0	1	1292
CY207731.1	1304	1326	1	0	1	1304
CY207731.1	1349	1474	0	1	1	1474
CY207731.1	1356	1574	1	0	1	1356
CY207731.1	1356	1647	1	0	1	1356
CY207731.1	1363	1522	1	0	1	1363
CY207731.1	1375	1592	1	0	1	1375
CY207731.1	1376	1418	1	0	1	1376
CY207731.1	1376	1536	0	1	1	1536
CY207731.1	1411	1589	1	0	1	1411
CY207731.1	1447	1736	0	1	1	1736
CY207731.1	1485	1703	0	1	1	1703
CY207731.1	1519	1658	0	2	2	1658
CY207731.1	1558	1909	0	1	1	1909
CY207731.1	1690	1742	1	0	1	1690
CY207731.1	1706	1893	0	1	1	1893
CY207731.1	1724	1747	0	1	1	1747
CY207731.1	265	1682	2	0	2	265
CY207731.1	265	335	2	0	2	265
CY207731.1	291	1784	1	0	1	291
CY207731.1	293	1747	3	0	3	293
CY207731.1	321	1706	2	0	2	321
CY207731.1	333	1594	0	1	1	1594
CY207731.1	336	1309	1	0	1	336
CY207731.1	337	1118	1	0	1	337
CY207731.1	350	1582	0	1	1	1582
CY207731.1	369	1433	0	1	1	1433
CY207731.1	369	398	1	0	1	369
CY207731.1	372	1738	1	0	1	372
CY207731.1	381	1759	0	1	1	1759
CY207731.1	384	1660	0	1	1	1660
CY207731.1	390	1731	0	1	1	1731
CY207731.1	391	1640	0	1	1	1640
CY207731.1	397	1827	0	1	1	1827
CY207731.1	401	1797	0	1	1	1797
CY207731.1	413	1237	0	1	1	1237
CY207731.1	413	1282	0	1	1	1282
CY207731.1	417	1228	1	0	1	417
CY207731.1	418	1725	1	0	1	418
CY207731.1	421	806	0	1	1	806
CY207731.1	433	1239	0	2	2	1239
CY207731.1	439	937	0	1	1	937
CY207731.1	449	1375	0	1	1	1375
CY207731.1	454	1465	0	1	1	1465
CY207731.1	466	1350	1	0	1	466
CY207731.1	477	1640	0	1	1	1640
CY207731.1	480	1189	1	0	1	480
CY207731.1	489	978	0	1	1	978
CY207731.1	491	1760	1	0	1	491
CY207731.1	513	1795	0	1	1	1795
CY207731.1	529	817	1	0	1	529
CY207731.1	533	1503	0	1	1	1503
CY207731.1	538	1381	0	1	1	1381
CY207731.1	549	1138	1	0	1	549
CY207731.1	550	1638	1	0	1	550
CY207731.1	558	902	1	0	1	558
CY207731.1	559	1172	1	1	2	559
CY207731.1	561	1018	0	1	1	1018
CY207731.1	565	1641	0	1	1	1641
CY207731.1	567	976	1	0	1	567
CY207731.1	568	1204	3	1	4	568
CY207731.1	576	664	0	1	1	664
CY207731.1	620	1003	1	0	1	620
CY207731.1	625	860	1	0	1	625
CY207731.1	673	1567	0	1	1	1567
CY207731.1	687	1428	0	1	1	1428
CY207731.1	732	758	1	0	1	732
CY207731.1	737	1304	1	0	1	737
CY207731.1	761	1070	1	0	1	761
CY207731.1	789	1300	0	1	1	1300
CY207731.1	790	1169	0	1	1	1169
CY207731.1	794	1485	0	1	1	1485
CY207731.1	818	944	1	0	1	818
CY207731.1	835	1192	1	0	1	835
CY207731.1	903	1044	1	0	1	903
CY207731.1	928	1431	1	0	1	928
CY207731.1	938	1904	0	1	1	1904
CY207731.1	947	1802	0	1	1	1802
CY207731.1	995	1282	0	1	1	1282
CY207732.1	1009	1032	1	0	1	1009
CY207732.1	256	572	2	0	2	256
CY207732.1	267	1014	1	0	1	267
CY207732.1	268	550	2	0	2	268
CY207732.1	268	562	1	0	1	268
CY207732.1	275	848	8	0	8	275
CY207732.1	276	402	1	0	1	276
CY207732.1	285	685	1	0	1	285
CY207732.1	292	1087	1	0	1	292
CY207732.1	303	729	0	1	1	729
CY207732.1	311	857	1	0	1	311
CY207732.1	311	965	0	1	1	965
CY207732.1	347	573	1	1	2	347
CY207732.1	353	1147	0	1	1	1147
CY207732.1	356	381	0	1	1	381
CY207732.1	370	985	0	1	1	985
CY207732.1	372	731	0	3	3	731
CY207732.1	383	923	1	0	1	383
CY207732.1	393	423	0	1	1	423
CY207732.1	393	623	1	0	1	393
CY207732.1	395	502	0	1	1	502
CY207732.1	405	826	0	1	1	826
CY207732.1	415	439	0	1	1	439
CY207732.1	419	706	0	1	1	706
CY207732.1	420	476	0	1	1	476
CY207732.1	425	861	0	2	2	861
CY207732.1	427	1121	1	0	1	427
CY207732.1	428	806	0	1	1	806
CY207732.1	430	599	0	1	1	599
CY207732.1	431	846	0	1	1	846
CY207732.1	434	678	0	2	2	678
CY207732.1	445	680	0	2	2	680
CY207732.1	445	815	0	2	2	815
CY207732.1	445	863	0	1	1	863
CY207732.1	447	821	1	1	2	447
CY207732.1	448	672	0	1	1	672
CY207732.1	461	731	0	1	1	731
CY207732.1	467	712	0	1	1	712
CY207732.1	470	601	0	1	1	601
CY207732.1	473	510	0	1	1	510
CY207732.1	474	536	0	1	1	536
CY207732.1	477	928	0	1	1	928
CY207732.1	479	534	0	1	1	534
CY207732.1	479	538	0	1	1	538
CY207732.1	482	1165	0	1	1	1165
CY207732.1	485	627	0	1	1	627
CY207732.1	495	862	0	1	1	862
CY207732.1	500	564	0	1	1	564
CY207732.1	500	606	1	0	1	500
CY207732.1	501	832	2	0	2	501
CY207732.1	523	730	0	1	1	730
CY207732.1	538	1131	0	1	1	1131
CY207732.1	540	835	0	1	1	835
CY207732.1	547	867	1	0	1	547
CY207732.1	548	753	1	0	1	548
CY207732.1	560	1148	0	1	1	1148
CY207732.1	589	862	0	1	1	862
CY207732.1	589	961	1	0	1	589
CY207732.1	592	1004	1	0	1	592
CY207732.1	593	1023	1	3	4	593
CY207732.1	594	1005	0	1	1	1005
CY207732.1	607	983	1	0	1	607
CY207732.1	629	759	1	0	1	629
CY207732.1	661	1131	0	1	1	1131
CY207732.1	667	783	0	1	1	783
CY207732.1	679	815	0	2	2	815
CY207732.1	681	964	1	0	1	681
CY207732.1	684	1052	1	0	1	684
CY207732.1	693	1062	1	0	1	693
CY207732.1	697	772	0	1	1	772
CY207732.1	703	1015	1	0	1	703
CY207732.1	708	912	0	1	1	912
CY207732.1	713	936	0	1	1	936
CY207732.1	714	843	0	1	1	843
CY207732.1	715	965	1	1	2	715
CY207732.1	716	789	0	2	2	789
CY207732.1	718	860	2	3	5	718
CY207732.1	719	957	1	0	1	719
CY207732.1	721	818	1	0	1	721
CY207732.1	739	795	0	1	1	795
CY207732.1	739	863	0	1	1	863
CY207732.1	740	930	1	0	1	740
CY207732.1	748	878	1	0	1	748
CY207732.1	753	972	0	1	1	972
CY207732.1	758	954	1	1	2	758
CY207732.1	768	850	0	1	1	850
CY207732.1	804	1014	0	2	2	1014
CY207732.1	817	1034	1	0	1	817
CY207732.1	817	866	2	1	3	817
CY207732.1	818	854	0	1	1	854
CY207732.1	845	911	0	1	1	911
CY207732.1	862	962	0	1	1	962
CY207732.1	881	1012	0	1	1	1012
CY207732.1	888	1018	0	1	1	1018
CY207732.1	896	1041	0	1	1	1041
CY207732.1	915	970	1	0	1	915
CY207732.1	924	1040	1	0	1	924
CY207732.1	933	1019	0	2	2	1019
CY207732.1	951	1002	0	1	1	1002
CY207732.1	973	1036	0	1	1	1036
CY207732.1	992	1033	0	1	1	1033
CY207733.1	1018	1074	1	0	1	1018
CY207733.1	1047	1482	1	0	1	1047
CY207733.1	1069	1247	1	0	1	1069
CY207733.1	1244	1356	1	1	2	1244
CY207733.1	1266	1491	1	0	1	1266
CY207733.1	1294	1485	0	2	2	1485
CY207733.1	1379	1401	0	1	1	1401
CY207733.1	270	1387	2	0	2	270
CY207733.1	270	1409	2	0	2	270
CY207733.1	271	1437	16	0	16	271
CY207733.1	272	308	3	0	3	272
CY207733.1	277	389	1	0	1	277
CY207733.1	281	1373	1	0	1	281
CY207733.1	282	1253	1	0	1	282
CY207733.1	296	1390	1	0	1	296
CY207733.1	326	489	0	1	1	489
CY207733.1	365	1475	0	1	1	1475
CY207733.1	373	1234	0	1	1	1234
CY207733.1	395	1441	0	2	2	1441
CY207733.1	397	487	0	1	1	487
CY207733.1	402	1211	0	1	1	1211
CY207733.1	407	927	0	1	1	927
CY207733.1	428	1477	0	1	1	1477
CY207733.1	445	779	0	1	1	779
CY207733.1	471	889	0	1	1	889
CY207733.1	474	1275	1	0	1	474
CY207733.1	485	1117	0	1	1	1117
CY207733.1	531	934	0	1	1	934
CY207733.1	555	983	0	1	1	983
CY207733.1	592	618	0	2	2	618
CY207733.1	644	779	1	0	1	644
CY207733.1	662	1449	0	1	1	1449
CY207733.1	684	1455	1	0	1	684
CY207733.1	730	1243	1	0	1	730
CY207733.1	760	1398	0	1	1	1398
CY207733.1	790	847	1	0	1	790
CY207733.1	800	839	0	1	1	839
CY207733.1	815	1169	0	1	1	1169
CY207733.1	826	952	1	0	1	826
CY207733.1	851	1143	1	0	1	851
CY207733.1	941	1016	1	0	1	941
CY207733.1	954	1171	0	2	2	1171
CY207733.1	955	1022	0	1	1	1022
CY207733.1	964	1142	1	0	1	964
CY207734.1	1012	1084	0	1	1	1084
CY207734.1	1125	1289	1	1	2	1125
CY207734.1	1181	1438	0	1	1	1438
CY207734.1	1221	1591	0	1	1	1591
CY207734.1	1279	1342	0	1	1	1342
CY207734.1	1333	1487	0	1	1	1487
CY207734.1	1354	1520	0	1	1	1520
CY207734.1	1383	1532	1	0	1	1383
CY207734.1	1412	1601	1	0	1	1412
CY207734.1	1420	1628	0	1	1	1628
CY207734.1	1422	1580	0	1	1	1580
CY207734.1	1540	1603	0	1	1	1603
CY207734.1	1544	1625	0	1	1	1625
CY207734.1	1569	1723	0	1	1	1723
CY207734.1	1580	1697	0	1	1	1697
CY207734.1	1586	1720	0	1	1	1720
CY207734.1	1589	1695	0	1	1	1695
CY207734.1	273	1540	1	0	1	273
CY207734.1	280	662	1	0	1	280
CY207734.1	282	347	1	0	1	282
CY207734.1	331	1308	1	0	1	331
CY207734.1	339	1556	0	1	1	1556
CY207734.1	346	1588	1	0	1	346
CY207734.1	358	950	0	1	1	950
CY207734.1	403	1086	1	0	1	403
CY207734.1	404	1471	0	1	1	1471
CY207734.1	442	723	0	1	1	723
CY207734.1	443	1581	1	0	1	443
CY207734.1	461	1417	0	1	1	1417
CY207734.1	466	1622	0	1	1	1622
CY207734.1	473	1576	0	1	1	1576
CY207734.1	473	958	1	0	1	473
CY207734.1	478	976	1	0	1	478
CY207734.1	481	1589	0	1	1	1589
CY207734.1	514	1506	1	0	1	514
CY207734.1	521	841	3	0	3	521
CY207734.1	522	841	1	0	1	522
CY207734.1	524	581	0	1	1	581
CY207734.1	533	1182	0	2	2	1182
CY207734.1	536	773	1	0	1	536
CY207734.1	546	865	0	1	1	865
CY207734.1	550	1068	0	1	1	1068
CY207734.1	597	967	1	0	1	597
CY207734.1	613	985	1	0	1	613
CY207734.1	617	657	1	0	1	617
CY207734.1	621	715	0	1	1	715
CY207734.1	691	853	1	0	1	691
CY207734.1	698	1378	1	0	1	698
CY207734.1	699	1224	0	1	1	1224
CY207734.1	700	1028	0	1	1	1028
CY207734.1	724	1498	0	1	1	1498
CY207734.1	734	1395	0	1	1	1395
CY207734.1	736	925	1	0	1	736
CY207734.1	770	1478	0	1	1	1478
CY207734.1	789	1258	1	0	1	789
CY207734.1	790	1229	0	1	1	1229
CY207734.1	816	1588	0	1	1	1588
CY207734.1	822	1062	1	0	1	822
CY207734.1	824	1049	1	2	3	824
CY207734.1	856	1528	0	1	1	1528
CY207734.1	857	1294	0	1	1	1294
CY207734.1	859	1017	1	0	1	859
CY207734.1	866	1287	1	0	1	866
CY207734.1	867	1526	0	1	1	1526
CY207734.1	868	1609	1	0	1	868
CY207734.1	898	1123	0	1	1	1123
CY207734.1	905	1204	1	0	1	905
CY207734.1	906	955	1	0	1	906
CY207734.1	933	1511	0	1	1	1511
CY207734.1	933	992	0	1	1	992
CY207734.1	935	1553	1	0	1	935
CY207734.1	942	1252	1	0	1	942
CY207734.1	976	1509	1	0	1	976
CY207735.1	258	930	1	0	1	258
CY207735.1	285	924	3	0	3	285
CY207735.1	286	849	1	0	1	286
CY207735.1	287	936	2	0	2	287
CY207735.1	287	943	1	0	1	287
CY207735.1	290	660	3	0	3	290
CY207735.1	311	440	1	0	1	311
CY207735.1	351	411	0	1	1	411
CY207735.1	386	412	0	3	3	412
CY207735.1	422	615	0	1	1	615
CY207735.1	427	869	0	1	1	869
CY207735.1	433	499	0	1	1	499
CY207735.1	435	836	0	1	1	836
CY207735.1	452	768	2	0	2	452
CY207735.1	454	538	0	3	3	538
CY207735.1	498	793	1	0	1	498
CY207735.1	511	740	12	23	35	511
CY207735.1	519	746	0	1	1	746
CY207735.1	786	850	0	1	1	850
CY207735.1	847	895	2	1	3	847
CY207735.1	921	1003	0	2	2	1003
CY207735.1	933	1002	0	2	2	1002
CY207736.1	1002	1919	0	1	1	1919
CY207736.1	1003	2297	1	0	1	1003
CY207736.1	1011	1485	0	1	1	1485
CY207736.1	1014	2305	1	0	1	1014
CY207736.1	1027	1936	0	1	1	1936
CY207736.1	1038	1652	1	0	1	1038
CY207736.1	1041	2045	1	0	1	1041
CY207736.1	1045	1072	1	0	1	1045
CY207736.1	1051	2238	1	0	1	1051
CY207736.1	1071	1978	0	1	1	1978
CY207736.1	1093	1470	0	1	1	1470
CY207736.1	1095	2005	0	2	2	2005
CY207736.1	1102	1881	1	0	1	1102
CY207736.1	1158	1639	0	1	1	1639
CY207736.1	1167	2272	1	0	1	1167
CY207736.1	1189	1777	0	1	1	1777
CY207736.1	1204	1702	1	0	1	1204
CY207736.1	1258	1647	0	1	1	1647
CY207736.1	1273	1546	0	1	1	1546
CY207736.1	1278	2083	1	0	1	1278
CY207736.1	1279	1355	1	0	1	1279
CY207736.1	1314	1545	1	0	1	1314
CY207736.1	1314	1830	0	1	1	1830
CY207736.1	1328	2219	1	0	1	1328
CY207736.1	1434	1492	1	0	1	1434
CY207736.1	1508	2013	0	2	2	2013
CY207736.1	1565	1647	1	0	1	1565
CY207736.1	1566	1995	1	1	2	1566
CY207736.1	1646	1810	1	0	1	1646
CY207736.1	1661	2094	1	0	1	1661
CY207736.1	1705	2191	1	0	1	1705
CY207736.1	1713	1828	1	0	1	1713
CY207736.1	1717	1932	0	1	1	1932
CY207736.1	1785	1843	0	1	1	1843
CY207736.1	1789	2006	0	1	1	2006
CY207736.1	1828	2030	0	1	1	2030
CY207736.1	2062	2185	1	0	1	2062
CY207736.1	2070	2308	0	1	1	2308
CY207736.1	2074	2288	1	0	1	2074
CY207736.1	2086	2123	1	0	1	2086
CY207736.1	2112	2135	0	1	1	2135
CY207736.1	2113	2196	1	0	1	2113
CY207736.1	2121	2151	1	0	1	2121
CY207736.1	2132	2174	1	2	3	2132
CY207736.1	2217	2262	0	1	1	2262
CY207736.1	2222	2251	1	0	1	2222
CY207736.1	2237	2259	1	0	1	2237
CY207736.1	253	1326	1	0	1	253
CY207736.1	254	2259	2	0	2	254
CY207736.1	269	297	1	0	1	269
CY207736.1	276	2156	3	0	3	276
CY207736.1	282	1398	1	0	1	282
CY207736.1	286	315	1	0	1	286
CY207736.1	292	2216	1	2	3	292
CY207736.1	299	2239	2	0	2	299
CY207736.1	329	2154	0	1	1	2154
CY207736.1	341	1070	1	0	1	341
CY207736.1	359	2163	0	1	1	2163
CY207736.1	359	518	0	2	2	518
CY207736.1	362	1273	0	1	1	1273
CY207736.1	363	401	0	1	1	401
CY207736.1	365	2143	0	3	3	2143
CY207736.1	368	2085	1	1	2	368
CY207736.1	368	462	0	1	1	462
CY207736.1	377	1097	1	0	1	377
CY207736.1	385	2135	1	3	4	385
CY207736.1	385	2173	0	1	1	2173
CY207736.1	387	418	0	2	2	418
CY207736.1	394	430	1	5	6	394
CY207736.1	397	2048	0	1	1	2048
CY207736.1	400	1782	0	1	1	1782
CY207736.1	402	2084	0	1	1	2084
CY207736.1	406	2141	0	1	1	2141
CY207736.1	406	2148	0	1	1	2148
CY207736.1	424	876	0	1	1	876
CY207736.1	435	2120	0	1	1	2120
CY207736.1	436	2075	0	1	1	2075
CY207736.1	441	2148	0	2	2	2148
CY207736.1	448	2280	1	1	2	448
CY207736.1	454	2072	1	1	2	454
CY207736.1	461	642	1	0	1	461
CY207736.1	466	1962	1	0	1	466
CY207736.1	477	2027	6	3	9	477
CY207736.1	478	2027	1	1	2	478
CY207736.1	479	2258	5	1	6	479
CY207736.1	483	2010	1	0	1	483
CY207736.1	488	1946	1	0	1	488
CY207736.1	490	2028	1	0	1	490
CY207736.1	498	2070	0	1	1	2070
CY207736.1	498	2171	0	1	1	2171
CY207736.1	500	2064	1	1	2	500
CY207736.1	500	2163	1	2	3	500
CY207736.1	504	2042	0	1	1	2042
CY207736.1	509	1999	1	1	2	509
CY207736.1	509	631	1	0	1	509
CY207736.1	512	2046	0	1	1	2046
CY207736.1	522	1755	0	1	1	1755
CY207736.1	523	1440	1	0	1	523
CY207736.1	538	1667	0	1	1	1667
CY207736.1	538	1965	1	0	1	538
CY207736.1	549	2050	1	0	1	549
CY207736.1	550	2008	0	1	1	2008
CY207736.1	554	2005	0	1	1	2005
CY207736.1	560	1950	1	0	1	560
CY207736.1	564	904	2	1	3	564
CY207736.1	566	2011	1	0	1	566
CY207736.1	567	2077	0	1	1	2077
CY207736.1	574	1733	1	0	1	574
CY207736.1	575	1926	1	0	1	575
CY207736.1	580	1767	6	4	10	580
CY207736.1	580	1930	1	0	1	580
CY207736.1	584	2000	1	0	1	584
CY207736.1	586	2299	0	1	1	2299
CY207736.1	587	1883	1	0	1	587
CY207736.1	588	1925	1	0	1	588
CY207736.1	590	1923	1	0	1	590
CY207736.1	594	1905	1	0	1	594
CY207736.1	596	2002	3	0	3	596
CY207736.1	597	1777	2	1	3	597
CY207736.1	598	904	1	0	1	598
CY207736.1	600	1877	1	0	1	600
CY207736.1	608	1864	1	0	1	608
CY207736.1	608	1913	1	0	1	608
CY207736.1	610	1963	1	0	1	610
CY207736.1	612	1955	1	0	1	612
CY207736.1	616	2027	1	0	1	616
CY207736.1	620	1890	1	0	1	620
CY207736.1	621	1944	1	0	1	621
CY207736.1	622	1889	1	0	1	622
CY207736.1	623	1938	1	0	1	623
CY207736.1	625	1900	1	0	1	625
CY207736.1	627	1667	1	1	2	627
CY207736.1	630	1929	1	0	1	630
CY207736.1	630	1948	0	2	2	1948
CY207736.1	635	1920	1	0	1	635
CY207736.1	637	1936	4	2	6	637
CY207736.1	644	1864	1	1	2	644
CY207736.1	645	904	0	1	1	904
CY207736.1	648	1856	2	1	3	648
CY207736.1	648	1869	1	2	3	648
CY207736.1	651	1861	1	0	1	651
CY207736.1	659	1651	1	0	1	659
CY207736.1	659	1922	1	0	1	659
CY207736.1	666	1002	0	1	1	1002
CY207736.1	671	1883	4	0	4	671
CY207736.1	673	1666	1	0	1	673
CY207736.1	678	1955	3	1	4	678
CY207736.1	680	1981	0	1	1	1981
CY207736.1	685	1806	2	3	5	685
CY207736.1	685	1870	0	1	1	1870
CY207736.1	686	1959	0	1	1	1959
CY207736.1	689	1875	2	2	4	689
CY207736.1	689	1888	0	1	1	1888
CY207736.1	698	2145	0	1	1	2145
CY207736.1	699	1827	2	0	2	699
CY207736.1	699	1995	0	3	3	1995
CY207736.1	704	755	1	0	1	704
CY207736.1	710	2017	1	0	1	710
CY207736.1	717	1859	1	0	1	717
CY207736.1	718	1759	1	0	1	718
CY207736.1	723	1793	0	1	1	1793
CY207736.1	723	1994	2	2	4	723
CY207736.1	724	1969	0	1	1	1969
CY207736.1	726	953	1	0	1	726
CY207736.1	727	1781	1	1	2	727
CY207736.1	727	1952	0	2	2	1952
CY207736.1	728	1871	1	1	2	728
CY207736.1	730	1843	0	1	1	1843
CY207736.1	733	1842	1	0	1	733
CY207736.1	734	1856	0	1	1	1856
CY207736.1	736	1599	1	0	1	736
CY207736.1	740	1923	2	0	2	740
CY207736.1	742	1832	2	0	2	742
CY207736.1	748	1524	0	1	1	1524
CY207736.1	748	1968	1	0	1	748
CY207736.1	749	1632	2	0	2	749
CY207736.1	749	1812	2	0	2	749
CY207736.1	749	1922	1	1	2	749
CY207736.1	750	1778	1	0	1	750
CY207736.1	753	1783	0	1	1	1783
CY207736.1	754	1777	1	0	1	754
CY207736.1	761	1971	1	0	1	761
CY207736.1	762	1697	3	1	4	762
CY207736.1	762	1768	1	0	1	762
CY207736.1	765	1702	2	0	2	765
CY207736.1	765	1839	1	0	1	765
CY207736.1	766	1839	3	0	3	766
CY207736.1	767	1952	4	3	7	767
CY207736.1	770	1535	2	0	2	770
CY207736.1	772	1950	1	0	1	772
CY207736.1	773	1679	4	1	5	773
CY207736.1	773	1695	1	0	1	773
CY207736.1	773	1863	2	0	2	773
CY207736.1	775	1827	1	0	1	775
CY207736.1	785	1846	1	0	1	785
CY207736.1	786	1699	2	1	3	786
CY207736.1	786	1883	1	1	2	786
CY207736.1	786	1928	2	0	2	786
CY207736.1	791	2043	1	0	1	791
CY207736.1	794	1373	1	0	1	794
CY207736.1	794	1873	0	2	2	1873
CY207736.1	798	1666	1	0	1	798
CY207736.1	802	1862	1	0	1	802
CY207736.1	804	1807	0	1	1	1807
CY207736.1	808	1863	27	9	36	808
CY207736.1	811	1453	0	1	1	1453
CY207736.1	813	1792	1	0	1	813
CY207736.1	814	1709	1	0	1	814
CY207736.1	814	1710	1	0	1	814
CY207736.1	815	1038	0	1	1	1038
CY207736.1	816	1840	2	0	2	816
CY207736.1	817	1789	0	1	1	1789
CY207736.1	820	1883	1	1	2	820
CY207736.1	823	1719	0	1	1	1719
CY207736.1	823	1757	1	0	1	823
CY207736.1	825	1792	1	0	1	825
CY207736.1	826	1666	0	1	1	1666
CY207736.1	828	1008	2	0	2	828
CY207736.1	828	1723	1	0	1	828
CY207736.1	828	1785	6	2	8	828
CY207736.1	832	1736	1	0	1	832
CY207736.1	838	1820	1	0	1	838
CY207736.1	840	1950	1	0	1	840
CY207736.1	842	1856	1	0	1	842
CY207736.1	843	1986	0	1	1	1986
CY207736.1	843	2178	1	0	1	843
CY207736.1	844	1528	1	0	1	844
CY207736.1	850	1634	1	0	1	850
CY207736.1	852	1638	5	3	8	852
CY207736.1	854	1767	1	2	3	854
CY207736.1	857	1833	0	1	1	1833
CY207736.1	858	1647	0	1	1	1647
CY207736.1	858	1666	1	1	2	858
CY207736.1	858	1711	1	0	1	858
CY207736.1	862	1930	1	0	1	862
CY207736.1	866	1724	2	4	6	866
CY207736.1	872	1650	1	0	1	872
CY207736.1	883	1914	1	1	2	883
CY207736.1	884	1657	2	0	2	884
CY207736.1	885	1602	3	0	3	885
CY207736.1	885	1680	2	2	4	885
CY207736.1	896	1822	1	0	1	896
CY207736.1	896	2276	0	1	1	2276
CY207736.1	898	1730	1	0	1	898
CY207736.1	899	1628	0	1	1	1628
CY207736.1	902	1677	8	10	18	902
CY207736.1	904	1746	0	1	1	1746
CY207736.1	908	1667	2	0	2	908
CY207736.1	908	1679	0	1	1	1679
CY207736.1	908	1775	0	1	1	1775
CY207736.1	912	1494	1	0	1	912
CY207736.1	918	1666	0	2	2	1666
CY207736.1	919	1663	1	2	3	919
CY207736.1	921	1663	1	1	2	921
CY207736.1	923	1230	0	1	1	1230
CY207736.1	923	1806	3	2	5	923
CY207736.1	923	1878	0	1	1	1878
CY207736.1	928	1730	1	0	1	928
CY207736.1	932	1693	0	1	1	1693
CY207736.1	933	2254	0	1	1	2254
CY207736.1	935	1721	1	0	1	935
CY207736.1	942	1946	0	2	2	1946
CY207736.1	945	1386	0	1	1	1386
CY207736.1	951	976	1	0	1	951
CY207736.1	962	1800	1	0	1	962
CY207736.1	962	2277	1	0	1	962
CY207736.1	967	1097	1	0	1	967
CY207736.1	970	1848	0	1	1	1848
CY207736.1	979	1605	1	0	1	979
CY207736.1	996	1314	1	0	1	996
CY207736.1	996	1822	1	0	1	996
CY207737.1	1002	1420	1	1	2	1002
CY207737.1	1038	1176	1	1	2	1038
CY207737.1	1047	1623	0	1	1	1623
CY207737.1	1056	1858	0	1	1	1858
CY207737.1	1084	1706	0	1	1	1706
CY207737.1	1106	1754	1	0	1	1106
CY207737.1	1132	1624	1	0	1	1132
CY207737.1	1210	1354	1	0	1	1210
CY207737.1	1286	2285	0	1	1	2285
CY207737.1	1418	2243	0	1	1	2243
CY207737.1	1490	2115	0	1	1	2115
CY207737.1	1565	2101	0	1	1	2101
CY207737.1	1902	2044	0	1	1	2044
CY207737.1	2000	2167	0	1	1	2167
CY207737.1	2001	2382	0	1	1	2382
CY207737.1	2021	2446	0	1	1	2446
CY207737.1	2038	2321	1	0	1	2038
CY207737.1	2052	2339	0	1	1	2339
CY207737.1	241	2296	1	0	1	241
CY207737.1	2428	2450	0	1	1	2450
CY207737.1	287	2302	1	0	1	287
CY207737.1	304	2322	2	0	2	304
CY207737.1	308	2491	0	1	1	2491
CY207737.1	341	614	1	1	2	341
CY207737.1	358	770	1	0	1	358
CY207737.1	391	2415	1	0	1	391
CY207737.1	404	1131	1	0	1	404
CY207737.1	441	2460	0	1	1	2460
CY207737.1	461	2147	0	2	2	2147
CY207737.1	462	2205	0	1	1	2205
CY207737.1	464	494	1	0	1	464
CY207737.1	477	692	0	1	1	692
CY207737.1	543	1518	1	0	1	543
CY207737.1	571	1756	1	0	1	571
CY207737.1	577	2199	0	1	1	2199
CY207737.1	582	2144	3	1	4	582
CY207737.1	602	2101	1	0	1	602
CY207737.1	603	2041	0	2	2	2041
CY207737.1	608	2120	1	0	1	608
CY207737.1	610	1754	2	0	2	610
CY207737.1	610	1759	1	0	1	610
CY207737.1	615	2189	1	0	1	615
CY207737.1	620	1815	0	1	1	1815
CY207737.1	622	1754	1	1	2	622
CY207737.1	622	913	1	0	1	622
CY207737.1	626	1744	1	0	1	626
CY207737.1	628	1815	1	0	1	628
CY207737.1	631	1966	0	1	1	1966
CY207737.1	632	1649	0	1	1	1649
CY207737.1	647	1808	0	1	1	1808
CY207737.1	649	2339	1	0	1	649
CY207737.1	650	792	1	0	1	650
CY207737.1	653	1950	1	0	1	653
CY207737.1	658	1985	1	0	1	658
CY207737.1	662	1952	1	0	1	662
CY207737.1	681	1688	0	1	1	1688
CY207737.1	690	2053	1	0	1	690
CY207737.1	706	2095	1	0	1	706
CY207737.1	727	1894	0	1	1	1894
CY207737.1	728	1877	0	1	1	1877
CY207737.1	730	1900	0	1	1	1900
CY207737.1	736	1683	0	1	1	1683
CY207737.1	737	1974	0	1	1	1974
CY207737.1	738	1101	1	0	1	738
CY207737.1	743	1905	0	1	1	1905
CY207737.1	749	1898	0	1	1	1898
CY207737.1	761	2017	1	1	2	761
CY207737.1	767	2004	3	1	4	767
CY207737.1	778	1894	1	0	1	778
CY207737.1	781	1855	1	1	2	781
CY207737.1	787	1831	1	0	1	787
CY207737.1	789	1867	2	1	3	789
CY207737.1	790	1650	1	0	1	790
CY207737.1	791	2031	2	3	5	791
CY207737.1	795	1991	2	0	2	795
CY207737.1	807	1853	0	1	1	1853
CY207737.1	818	2051	1	0	1	818
CY207737.1	823	1828	0	2	2	1828
CY207737.1	824	1828	0	1	1	1828
CY207737.1	826	1828	0	1	1	1828
CY207737.1	831	1829	1	0	1	831
CY207737.1	832	1728	0	1	1	1728
CY207737.1	833	1619	0	1	1	1619
CY207737.1	835	2057	0	1	1	2057
CY207737.1	855	2276	0	1	1	2276
CY207737.1	856	1755	0	1	1	1755
CY207737.1	858	1770	2	0	2	858
CY207737.1	864	1686	0	1	1	1686
CY207737.1	870	1786	1	0	1	870
CY207737.1	872	1809	1	0	1	872
CY207737.1	874	1595	1	2	3	874
CY207737.1	880	1781	2	0	2	880
CY207737.1	882	1773	4	0	4	882
CY207737.1	884	1811	0	1	1	1811
CY207737.1	888	1881	1	0	1	888
CY207737.1	889	1794	0	1	1	1794
CY207737.1	890	1788	0	1	1	1788
CY207737.1	890	1897	0	2	2	1897
CY207737.1	890	1934	0	1	1	1934
CY207737.1	894	1889	1	0	1	894
CY207737.1	900	1978	1	0	1	900
CY207737.1	907	1756	1	0	1	907
CY207737.1	910	1813	0	2	2	1813
CY207737.1	918	1149	0	1	1	1149
CY207737.1	918	1795	1	1	2	918
CY207737.1	925	1741	4	1	5	925
CY207737.1	930	2267	1	0	1	930
CY207737.1	938	1598	1	0	1	938
CY207737.1	938	1823	0	2	2	1823
CY207737.1	953	1674	1	0	1	953
CY207737.1	962	1823	0	1	1	1823
CY207737.1	970	2224	0	1	1	2224
CY207737.1	976	1832	1	0	1	976
CY207737.1	995	1695	1	0	1	995
CY207737.1	996	1636	2	2	4	996
CY207738.1	1023	1640	1	0	1	1023
CY207738.1	1057	2137	0	2	2	2137
CY207738.1	1062	1965	0	1	1	1965
CY207738.1	1070	1839	1	0	1	1070
CY207738.1	1095	2035	0	1	1	2035
CY207738.1	1098	1872	1	0	1	1098
CY207738.1	1101	1266	1	0	1	1101
CY207738.1	1110	1548	1	0	1	1110
CY207738.1	1124	2330	1	1	2	1124
CY207738.1	1128	1602	0	1	1	1602
CY207738.1	1133	2132	0	1	1	2132
CY207738.1	1133	2363	0	1	1	2363
CY207738.1	1137	1564	1	0	1	1137
CY207738.1	1144	1958	1	0	1	1144
CY207738.1	1145	1383	1	0	1	1145
CY207738.1	1152	1793	1	0	1	1152
CY207738.1	1168	1235	1	0	1	1168
CY207738.1	1187	1874	0	1	1	1874
CY207738.1	1220	2219	1	0	1	1220
CY207738.1	1226	1635	0	1	1	1635
CY207738.1	1258	1654	0	1	1	1654
CY207738.1	1271	1691	1	0	1	1271
CY207738.1	1291	1833	0	1	1	1833
CY207738.1	1336	1894	1	0	1	1336
CY207738.1	1451	1519	0	1	1	1519
CY207738.1	1451	1615	1	0	1	1451
CY207738.1	1489	2128	0	1	1	2128
CY207738.1	1498	1974	0	1	1	1974
CY207738.1	1526	1736	0	1	1	1736
CY207738.1	1568	2034	0	1	1	2034
CY207738.1	1589	2227	0	1	1	2227
CY207738.1	1617	1759	0	1	1	1759
CY207738.1	1652	1707	0	1	1	1707
CY207738.1	1678	2074	0	1	1	2074
CY207738.1	1700	1733	1	0	1	1700
CY207738.1	1703	2303	1	0	1	1703
CY207738.1	1707	1999	0	1	1	1999
CY207738.1	1775	1857	0	1	1	1857
CY207738.1	1933	2347	1	0	1	1933
CY207738.1	1958	2286	0	1	1	2286
CY207738.1	2174	2381	0	1	1	2381
CY207738.1	2256	2326	1	0	1	2256
CY207738.1	2308	2347	2	0	2	2308
CY207738.1	247	2338	1	0	1	247
CY207738.1	263	485	1	0	1	263
CY207738.1	280	354	1	0	1	280
CY207738.1	332	1228	0	1	1	1228
CY207738.1	335	502	0	1	1	502
CY207738.1	341	728	1	0	1	341
CY207738.1	366	1165	1	0	1	366
CY207738.1	372	627	0	1	1	627
CY207738.1	376	494	0	1	1	494
CY207738.1	380	2209	1	3	4	380
CY207738.1	383	2295	0	1	1	2295
CY207738.1	396	2282	0	2	2	2282
CY207738.1	403	681	0	1	1	681
CY207738.1	413	1916	0	2	2	1916
CY207738.1	413	2123	0	1	1	2123
CY207738.1	418	2218	0	1	1	2218
CY207738.1	420	2175	1	0	1	420
CY207738.1	432	2066	0	1	1	2066
CY207738.1	433	2233	0	2	2	2233
CY207738.1	437	2260	0	2	2	2260
CY207738.1	441	2072	0	1	1	2072
CY207738.1	454	2021	0	1	1	2021
CY207738.1	456	1884	0	1	1	1884
CY207738.1	456	2236	1	3	4	456
CY207738.1	459	2153	0	1	1	2153
CY207738.1	459	2280	0	4	4	2280
CY207738.1	460	2196	0	1	1	2196
CY207738.1	464	2163	2	2	4	464
CY207738.1	464	2250	0	1	1	2250
CY207738.1	466	1743	0	1	1	1743
CY207738.1	467	2034	0	1	1	2034
CY207738.1	470	2347	0	1	1	2347
CY207738.1	483	2115	0	1	1	2115
CY207738.1	492	2137	0	1	1	2137
CY207738.1	494	2115	1	1	2	494
CY207738.1	495	2068	0	1	1	2068
CY207738.1	503	2209	1	1	2	503
CY207738.1	508	2234	1	1	2	508
CY207738.1	510	1998	1	1	2	510
CY207738.1	510	2152	1	0	1	510
CY207738.1	510	2162	0	1	1	2162
CY207738.1	511	1991	1	0	1	511
CY207738.1	513	2201	1	0	1	513
CY207738.1	514	2187	0	1	1	2187
CY207738.1	515	2186	0	1	1	2186
CY207738.1	517	1871	1	0	1	517
CY207738.1	517	1916	1	0	1	517
CY207738.1	520	2188	1	1	2	520
CY207738.1	523	1922	0	1	1	1922
CY207738.1	523	2068	3	6	9	523
CY207738.1	525	970	1	0	1	525
CY207738.1	528	1971	1	0	1	528
CY207738.1	528	2177	1	0	1	528
CY207738.1	530	1466	0	1	1	1466
CY207738.1	536	2169	1	0	1	536
CY207738.1	539	2183	1	0	1	539
CY207738.1	544	1759	1	1	2	544
CY207738.1	544	2014	1	2	3	544
CY207738.1	546	1954	0	1	1	1954
CY207738.1	552	1144	0	1	1	1144
CY207738.1	554	2035	0	1	1	2035
CY207738.1	560	2000	0	1	1	2000
CY207738.1	569	2073	0	1	1	2073
CY207738.1	570	1913	2	1	3	570
CY207738.1	574	1893	1	0	1	574
CY207738.1	575	2128	0	1	1	2128
CY207738.1	575	2196	0	1	1	2196
CY207738.1	579	667	0	1	1	667
CY207738.1	580	2002	0	2	2	2002
CY207738.1	582	2115	1	0	1	582
CY207738.1	588	1616	1	0	1	588
CY207738.1	592	1987	0	3	3	1987
CY207738.1	594	1777	0	1	1	1777
CY207738.1	594	832	1	0	1	594
CY207738.1	598	2103	0	2	2	2103
CY207738.1	599	2073	0	1	1	2073
CY207738.1	605	1163	0	1	1	1163
CY207738.1	607	1014	1	0	1	607
CY207738.1	607	2072	1	0	1	607
CY207738.1	615	1024	0	1	1	1024
CY207738.1	618	1978	0	1	1	1978
CY207738.1	628	2071	1	0	1	628
CY207738.1	629	1973	0	1	1	1973
CY207738.1	632	2068	2	4	6	632
CY207738.1	635	2050	1	2	3	635
CY207738.1	637	1804	0	1	1	1804
CY207738.1	638	2036	1	0	1	638
CY207738.1	642	2031	0	1	1	2031
CY207738.1	644	2086	1	0	1	644
CY207738.1	647	2336	1	0	1	647
CY207738.1	649	2025	0	1	1	2025
CY207738.1	654	1871	0	1	1	1871
CY207738.1	656	2074	0	1	1	2074
CY207738.1	656	2115	1	0	1	656
CY207738.1	657	2020	1	0	1	657
CY207738.1	659	2012	2	0	2	659
CY207738.1	662	2003	0	1	1	2003
CY207738.1	663	1801	0	1	1	1801
CY207738.1	665	2073	0	1	1	2073
CY207738.1	666	1999	0	1	1	1999
CY207738.1	684	2086	0	1	1	2086
CY207738.1	685	1534	0	1	1	1534
CY207738.1	686	1989	0	2	2	1989
CY207738.1	697	1955	0	1	1	1955
CY207738.1	700	1558	1	0	1	700
CY207738.1	703	1973	3	2	5	703
CY207738.1	708	1826	0	1	1	1826
CY207738.1	720	1837	4	0	4	720
CY207738.1	720	2056	1	1	2	720
CY207738.1	721	1955	0	2	2	1955
CY207738.1	732	1944	1	1	2	732
CY207738.1	732	2036	1	0	1	732
CY207738.1	734	2055	0	1	1	2055
CY207738.1	736	1659	1	1	2	736
CY207738.1	738	1879	1	1	2	738
CY207738.1	750	1980	1	0	1	750
CY207738.1	754	1966	1	0	1	754
CY207738.1	764	2263	1	0	1	764
CY207738.1	770	1894	1	0	1	770
CY207738.1	777	1799	2	0	2	777
CY207738.1	778	1966	1	0	1	778
CY207738.1	780	1715	1	0	1	780
CY207738.1	781	1815	2	1	3	781
CY207738.1	782	1842	0	1	1	1842
CY207738.1	784	1860	1	0	1	784
CY207738.1	786	1877	0	1	1	1877
CY207738.1	788	1855	2	0	2	788
CY207738.1	790	1815	0	1	1	1815
CY207738.1	791	1842	1	0	1	791
CY207738.1	793	1768	1	0	1	793
CY207738.1	794	1780	2	1	3	794
CY207738.1	794	1972	0	1	1	1972
CY207738.1	796	1860	1	0	1	796
CY207738.1	797	1768	1	2	3	797
CY207738.1	798	1249	0	1	1	1249
CY207738.1	801	2018	0	1	1	2018
CY207738.1	808	1761	2	1	3	808
CY207738.1	809	1914	0	1	1	1914
CY207738.1	811	1738	1	2	3	811
CY207738.1	813	1759	1	0	1	813
CY207738.1	814	1842	1	0	1	814
CY207738.1	814	1863	1	0	1	814
CY207738.1	821	1767	1	0	1	821
CY207738.1	827	1814	0	2	2	1814
CY207738.1	828	1937	1	0	1	828
CY207738.1	831	1864	1	0	1	831
CY207738.1	836	1773	1	0	1	836
CY207738.1	836	1829	0	1	1	1829
CY207738.1	836	1872	1	0	1	836
CY207738.1	836	2000	1	0	1	836
CY207738.1	842	1720	1	0	1	842
CY207738.1	843	1786	0	1	1	1786
CY207738.1	843	1868	1	0	1	843
CY207738.1	843	1872	2	1	3	843
CY207738.1	844	1779	2	0	2	844
CY207738.1	846	1914	1	0	1	846
CY207738.1	847	1810	1	0	1	847
CY207738.1	847	1866	1	0	1	847
CY207738.1	848	1861	0	1	1	1861
CY207738.1	849	1686	1	0	1	849
CY207738.1	850	1723	0	1	1	1723
CY207738.1	850	1860	1	0	1	850
CY207738.1	850	2086	1	1	2	850
CY207738.1	850	2300	1	0	1	850
CY207738.1	853	1958	0	1	1	1958
CY207738.1	855	1850	1	0	1	855
CY207738.1	856	1789	2	0	2	856
CY207738.1	856	1861	1	3	4	856
CY207738.1	857	1857	1	1	2	857
CY207738.1	861	1790	1	0	1	861
CY207738.1	863	1890	0	1	1	1890
CY207738.1	870	2204	0	1	1	2204
CY207738.1	879	2101	0	1	1	2101
CY207738.1	882	1755	0	2	2	1755
CY207738.1	886	1668	1	0	1	886
CY207738.1	886	1804	1	0	1	886
CY207738.1	886	1825	2	0	2	886
CY207738.1	888	1806	1	0	1	888
CY207738.1	893	1765	1	0	1	893
CY207738.1	898	1872	1	0	1	898
CY207738.1	901	1810	1	0	1	901
CY207738.1	901	1875	1	0	1	901
CY207738.1	902	1641	1	0	1	902
CY207738.1	902	1717	0	1	1	1717
CY207738.1	902	1873	0	1	1	1873
CY207738.1	904	1643	3	2	5	904
CY207738.1	904	1717	1	0	1	904
CY207738.1	905	1719	10	6	16	905
CY207738.1	905	1762	0	1	1	1762
CY207738.1	907	2000	1	0	1	907
CY207738.1	916	1849	1	1	2	916
CY207738.1	917	1795	0	1	1	1795
CY207738.1	917	1855	1	0	1	917
CY207738.1	918	2071	1	0	1	918
CY207738.1	919	1687	0	1	1	1687
CY207738.1	928	1628	1	0	1	928
CY207738.1	930	1715	3	0	3	930
CY207738.1	930	2121	1	0	1	930
CY207738.1	933	1694	0	1	1	1694
CY207738.1	933	1701	0	1	1	1701
CY207738.1	937	1656	1	0	1	937
CY207738.1	947	1972	1	0	1	947
CY207738.1	960	1818	1	0	1	960
CY207738.1	963	1809	1	0	1	963
CY207738.1	963	1814	1	0	1	963
CY207738.1	975	2323	1	0	1	975
CY207738.1	976	1231	0	1	1	1231
