Segment	Start	Stop	Forward_support	Reverse_support	Total_support	Fuzz_factor
CY207731.1	1020	1382	1	0	1	1020
CY207731.1	1032	1275	0	1	1	1275
CY207731.1	1037	1381	1	0	1	1037
CY207731.1	1042	1632	1	0	1	1042
CY207731.1	1083	1352	0	1	1	1352
CY207731.1	1099	1777	0	1	1	1777
CY207731.1	1102	1228	0	1	1	1228
CY207731.1	1106	1714	1	0	1	1106
CY207731.1	1117	1205	0	1	1	1205
CY207731.1	1142	1888	0	1	1	1888
CY207731.1	1159	1739	1	0	1	1159
CY207731.1	1166	1245	1	0	1	1166
CY207731.1	1185	1423	1	0	1	1185
CY207731.1	1205	1372	1	1	2	1205
CY207731.1	1211	1822	0	1	1	1822
CY207731.1	1229	1708	1	0	1	1229
CY207731.1	1246	1307	0	1	1	1307
CY207731.1	1263	1729	0	1	1	1729
CY207731.1	1273	1746	1	0	1	1273
CY207731.1	1304	1326	0	1	1	1326
CY207731.1	1332	1753	1	0	1	1332
CY207731.1	1337	1822	0	1	1	1822
CY207731.1	1349	1474	1	1	2	1349
CY207731.1	1363	1522	1	0	1	1363
CY207731.1	1401	1775	0	1	1	1775
CY207731.1	1457	1737	0	1	1	1737
CY207731.1	1505	1755	0	1	1	1755
CY207731.1	1513	1801	0	1	1	1801
CY207731.1	1571	1596	2	1	3	1571
CY207731.1	1572	1750	0	1	1	1750
CY207731.1	1644	1791	1	0	1	1644
CY207731.1	1686	1882	0	1	1	1882
CY207731.1	1690	1742	1	1	2	1690
CY207731.1	1695	1746	1	0	1	1695
CY207731.1	1698	1731	1	0	1	1698
CY207731.1	1758	1800	0	1	1	1800
CY207731.1	1817	1868	0	1	1	1868
CY207731.1	259	321	2	0	2	259
CY207731.1	260	1685	6	0	6	260
CY207731.1	260	394	4	0	4	260
CY207731.1	262	1750	1	0	1	262
CY207731.1	266	1193	1	0	1	266
CY207731.1	266	295	4	0	4	266
CY207731.1	274	438	1	0	1	274
CY207731.1	277	343	1	0	1	277
CY207731.1	281	1705	12	0	12	281
CY207731.1	281	371	6	0	6	281
CY207731.1	286	1474	1	0	1	286
CY207731.1	287	1760	2	0	2	287
CY207731.1	289	687	1	0	1	289
CY207731.1	291	1078	1	0	1	291
CY207731.1	291	1587	2	0	2	291
CY207731.1	293	1709	2	0	2	293
CY207731.1	320	1623	0	5	5	1623
CY207731.1	329	1573	1	0	1	329
CY207731.1	333	1178	1	0	1	333
CY207731.1	340	1631	0	1	1	1631
CY207731.1	342	959	0	1	1	959
CY207731.1	346	680	0	1	1	680
CY207731.1	358	1439	1	0	1	358
CY207731.1	364	597	1	0	1	364
CY207731.1	380	1708	7	7	14	380
CY207731.1	385	915	0	1	1	915
CY207731.1	390	1445	0	1	1	1445
CY207731.1	391	1714	1	0	1	391
CY207731.1	392	567	0	1	1	567
CY207731.1	393	1589	0	1	1	1589
CY207731.1	393	1629	2	5	7	393
CY207731.1	398	1643	0	1	1	1643
CY207731.1	398	1734	1	0	1	398
CY207731.1	421	1281	0	1	1	1281
CY207731.1	421	446	0	1	1	446
CY207731.1	422	1121	0	1	1	1121
CY207731.1	423	1300	0	1	1	1300
CY207731.1	423	926	1	0	1	423
CY207731.1	432	694	1	0	1	432
CY207731.1	434	1258	1	0	1	434
CY207731.1	437	544	0	1	1	544
CY207731.1	463	1316	0	1	1	1316
CY207731.1	468	1325	1	0	1	468
CY207731.1	471	1303	0	1	1	1303
CY207731.1	472	1701	0	1	1	1701
CY207731.1	483	1397	0	1	1	1397
CY207731.1	488	1654	1	9	10	488
CY207731.1	492	1308	1	0	1	492
CY207731.1	498	553	0	1	1	553
CY207731.1	498	588	0	1	1	588
CY207731.1	519	1056	1	0	1	519
CY207731.1	519	1328	0	4	4	1328
CY207731.1	519	1901	0	1	1	1901
CY207731.1	520	1464	1	0	1	520
CY207731.1	526	1608	1	0	1	526
CY207731.1	529	1066	3	1	4	529
CY207731.1	537	1711	0	1	1	1711
CY207731.1	549	1140	1	0	1	549
CY207731.1	568	1204	2	1	3	568
CY207731.1	572	1709	1	0	1	572
CY207731.1	576	629	1	0	1	576
CY207731.1	576	664	0	1	1	664
CY207731.1	578	626	0	1	1	626
CY207731.1	612	945	1	0	1	612
CY207731.1	614	980	1	0	1	614
CY207731.1	618	1007	1	0	1	618
CY207731.1	628	1626	1	0	1	628
CY207731.1	661	883	0	1	1	883
CY207731.1	665	1452	0	1	1	1452
CY207731.1	674	1776	0	1	1	1776
CY207731.1	682	1438	0	1	1	1438
CY207731.1	687	1299	0	1	1	1299
CY207731.1	698	1518	1	0	1	698
CY207731.1	706	1458	0	1	1	1458
CY207731.1	713	988	1	0	1	713
CY207731.1	737	1325	2	0	2	737
CY207731.1	751	778	0	1	1	778
CY207731.1	759	836	0	1	1	836
CY207731.1	760	1431	1	0	1	760
CY207731.1	779	1336	0	1	1	1336
CY207731.1	779	1513	1	0	1	779
CY207731.1	797	1180	2	0	2	797
CY207731.1	802	880	0	1	1	880
CY207731.1	834	1771	1	0	1	834
CY207731.1	835	1213	0	1	1	1213
CY207731.1	853	1062	1	0	1	853
CY207731.1	865	1899	0	1	1	1899
CY207731.1	889	1250	1	0	1	889
CY207731.1	893	1775	1	0	1	893
CY207731.1	929	1046	1	0	1	929
CY207731.1	929	1200	1	0	1	929
CY207731.1	944	974	0	1	1	974
CY207731.1	965	1634	0	1	1	1634
CY207731.1	965	990	1	0	1	965
CY207731.1	969	1039	1	0	1	969
CY207732.1	1009	1052	1	0	1	1009
CY207732.1	1067	1140	0	1	1	1140
CY207732.1	242	1010	1	0	1	242
CY207732.1	245	650	1	0	1	245
CY207732.1	252	1011	1	0	1	252
CY207732.1	254	1094	1	0	1	254
CY207732.1	254	548	1	0	1	254
CY207732.1	259	948	1	0	1	259
CY207732.1	261	311	2	0	2	261
CY207732.1	263	970	1	0	1	263
CY207732.1	267	720	1	0	1	267
CY207732.1	268	1019	1	0	1	268
CY207732.1	268	550	1	0	1	268
CY207732.1	269	649	1	0	1	269
CY207732.1	269	651	1	0	1	269
CY207732.1	271	451	1	0	1	271
CY207732.1	274	852	1	0	1	274
CY207732.1	275	557	1	0	1	275
CY207732.1	275	657	4	0	4	275
CY207732.1	275	848	10	0	10	275
CY207732.1	277	544	1	0	1	277
CY207732.1	279	859	1	0	1	279
CY207732.1	281	712	1	0	1	281
CY207732.1	289	1028	1	0	1	289
CY207732.1	314	704	1	1	2	314
CY207732.1	317	431	1	0	1	317
CY207732.1	338	1017	0	2	2	1017
CY207732.1	338	1031	0	1	1	1031
CY207732.1	345	613	0	1	1	613
CY207732.1	347	573	0	3	3	573
CY207732.1	366	824	0	1	1	824
CY207732.1	392	783	2	1	3	392
CY207732.1	394	586	1	0	1	394
CY207732.1	394	743	0	1	1	743
CY207732.1	394	820	0	1	1	820
CY207732.1	397	806	0	1	1	806
CY207732.1	405	500	0	1	1	500
CY207732.1	407	674	0	1	1	674
CY207732.1	407	829	0	1	1	829
CY207732.1	419	706	0	1	1	706
CY207732.1	421	874	0	1	1	874
CY207732.1	429	825	0	1	1	825
CY207732.1	434	1120	0	1	1	1120
CY207732.1	435	1094	0	1	1	1094
CY207732.1	435	467	0	1	1	467
CY207732.1	436	469	1	0	1	436
CY207732.1	438	468	0	1	1	468
CY207732.1	442	800	1	0	1	442
CY207732.1	445	863	0	1	1	863
CY207732.1	450	824	0	1	1	824
CY207732.1	460	716	1	0	1	460
CY207732.1	462	797	0	1	1	797
CY207732.1	470	983	2	0	2	470
CY207732.1	471	1049	0	1	1	1049
CY207732.1	483	1131	0	1	1	1131
CY207732.1	485	769	0	1	1	769
CY207732.1	489	1143	0	1	1	1143
CY207732.1	493	1008	0	1	1	1008
CY207732.1	495	532	0	2	2	532
CY207732.1	495	646	0	1	1	646
CY207732.1	500	710	0	1	1	710
CY207732.1	500	720	0	1	1	720
CY207732.1	500	769	0	1	1	769
CY207732.1	506	1057	1	0	1	506
CY207732.1	510	626	0	1	1	626
CY207732.1	517	1095	0	1	1	1095
CY207732.1	523	626	0	1	1	626
CY207732.1	523	710	0	3	3	710
CY207732.1	523	815	1	0	1	523
CY207732.1	527	969	0	1	1	969
CY207732.1	529	593	0	1	1	593
CY207732.1	533	717	0	1	1	717
CY207732.1	537	1140	0	1	1	1140
CY207732.1	538	1131	1	3	4	538
CY207732.1	540	835	2	1	3	540
CY207732.1	543	685	1	0	1	543
CY207732.1	556	609	0	1	1	609
CY207732.1	557	768	0	1	1	768
CY207732.1	566	1056	0	1	1	1056
CY207732.1	577	625	1	0	1	577
CY207732.1	582	936	0	1	1	936
CY207732.1	585	802	1	1	2	585
CY207732.1	589	862	3	0	3	589
CY207732.1	589	961	0	1	1	961
CY207732.1	597	850	1	4	5	597
CY207732.1	613	708	0	1	1	708
CY207732.1	622	870	0	1	1	870
CY207732.1	622	884	0	1	1	884
CY207732.1	647	1060	0	1	1	1060
CY207732.1	649	731	1	0	1	649
CY207732.1	672	807	0	1	1	807
CY207732.1	679	815	3	3	6	679
CY207732.1	681	964	4	0	4	681
CY207732.1	712	819	1	0	1	712
CY207732.1	716	831	0	1	1	831
CY207732.1	718	860	4	5	9	718
CY207732.1	721	862	0	1	1	862
CY207732.1	758	844	1	0	1	758
CY207732.1	758	954	1	0	1	758
CY207732.1	765	966	1	0	1	765
CY207732.1	766	1035	1	0	1	766
CY207732.1	768	850	1	1	2	768
CY207732.1	780	1141	0	1	1	1141
CY207732.1	782	956	0	1	1	956
CY207732.1	799	966	0	1	1	966
CY207732.1	810	980	0	1	1	980
CY207732.1	817	866	3	1	4	817
CY207732.1	824	908	1	0	1	824
CY207732.1	838	931	0	1	1	931
CY207732.1	847	913	1	0	1	847
CY207732.1	878	915	1	0	1	878
CY207732.1	880	1001	1	0	1	880
CY207732.1	897	932	1	0	1	897
CY207732.1	914	1123	0	1	1	1123
CY207732.1	923	1017	1	0	1	923
CY207732.1	923	994	0	1	1	994
CY207732.1	924	1040	0	2	2	1040
CY207732.1	924	981	1	0	1	924
CY207732.1	954	1006	0	1	1	1006
CY207732.1	973	1036	1	1	2	973
CY207732.1	983	1009	0	1	1	1009
CY207733.1	1002	1025	1	0	1	1002
CY207733.1	1018	1074	3	4	7	1018
CY207733.1	1079	1163	0	1	1	1163
CY207733.1	1085	1138	0	1	1	1138
CY207733.1	1178	1332	0	1	1	1332
CY207733.1	1199	1236	1	0	1	1199
CY207733.1	1300	1498	2	0	2	1300
CY207733.1	1308	1469	0	1	1	1469
CY207733.1	1315	1436	2	0	2	1315
CY207733.1	1333	1359	54	21	75	1333
CY207733.1	1333	1360	0	1	1	1360
CY207733.1	1404	1435	0	1	1	1435
CY207733.1	1414	1469	1	0	1	1414
CY207733.1	1531	1605	0	2	2	1605
CY207733.1	240	1435	4	0	4	240
CY207733.1	251	739	1	0	1	251
CY207733.1	253	1322	6	0	6	253
CY207733.1	269	1358	2	0	2	269
CY207733.1	271	1386	18	2	20	271
CY207733.1	273	1407	1	0	1	273
CY207733.1	273	1462	4	0	4	273
CY207733.1	279	682	1	0	1	279
CY207733.1	285	1467	3	0	3	285
CY207733.1	288	1492	0	1	1	1492
CY207733.1	289	1445	0	1	1	1445
CY207733.1	299	1279	0	1	1	1279
CY207733.1	300	1402	0	1	1	1402
CY207733.1	304	1402	1	0	1	304
CY207733.1	304	1436	1	0	1	304
CY207733.1	308	1460	1	0	1	308
CY207733.1	314	1435	2	2	4	314
CY207733.1	322	1402	1	2	3	322
CY207733.1	333	1240	0	2	2	1240
CY207733.1	358	1125	0	1	1	1125
CY207733.1	360	1433	1	0	1	360
CY207733.1	366	1085	1	0	1	366
CY207733.1	369	1446	0	1	1	1446
CY207733.1	378	1076	0	1	1	1076
CY207733.1	380	1069	0	2	2	1069
CY207733.1	393	901	1	0	1	393
CY207733.1	409	855	1	0	1	409
CY207733.1	415	1226	1	1	2	415
CY207733.1	436	1245	0	1	1	1245
CY207733.1	443	576	1	0	1	443
CY207733.1	452	760	1	0	1	452
CY207733.1	462	1358	0	2	2	1358
CY207733.1	464	516	0	1	1	516
CY207733.1	465	1075	0	1	1	1075
CY207733.1	467	1194	1	0	1	467
CY207733.1	480	1221	1	3	4	480
CY207733.1	485	1514	1	1	2	485
CY207733.1	517	812	0	1	1	812
CY207733.1	525	1469	1	0	1	525
CY207733.1	555	1248	35	65	100	555
CY207733.1	558	939	1	0	1	558
CY207733.1	581	1253	0	2	2	1253
CY207733.1	581	1480	1	0	1	581
CY207733.1	586	1469	0	1	1	1469
CY207733.1	599	1132	1	0	1	599
CY207733.1	619	883	0	1	1	883
CY207733.1	627	873	0	1	1	873
CY207733.1	690	778	0	1	1	778
CY207733.1	692	866	0	1	1	866
CY207733.1	695	822	0	1	1	822
CY207733.1	715	1323	0	1	1	1323
CY207733.1	720	747	0	1	1	747
CY207733.1	774	1384	1	0	1	774
CY207733.1	824	895	0	1	1	895
CY207733.1	836	1476	1	0	1	836
CY207733.1	837	864	0	1	1	864
CY207733.1	850	875	0	1	1	875
CY207733.1	873	933	0	1	1	933
CY207733.1	948	1027	1	1	2	948
CY207733.1	952	1004	0	1	1	1004
CY207733.1	952	1030	0	1	1	1030
CY207733.1	954	1171	1	1	2	954
CY207733.1	988	1326	0	1	1	1326
CY207733.1	988	1425	1	0	1	988
CY207734.1	1001	1370	1	0	1	1001
CY207734.1	1002	1400	0	1	1	1400
CY207734.1	1003	1207	1	0	1	1003
CY207734.1	1006	1047	1	0	1	1006
CY207734.1	1012	1084	1	1	2	1012
CY207734.1	1066	1496	0	1	1	1496
CY207734.1	1123	1601	0	1	1	1601
CY207734.1	1167	1529	1	0	1	1167
CY207734.1	1179	1539	0	1	1	1539
CY207734.1	1209	1252	1	0	1	1209
CY207734.1	1280	1585	1	0	1	1280
CY207734.1	1288	1313	1	0	1	1288
CY207734.1	1290	1567	0	2	2	1567
CY207734.1	1303	1495	0	1	1	1495
CY207734.1	1308	1334	0	1	1	1334
CY207734.1	1367	1597	0	1	1	1597
CY207734.1	1380	1406	0	1	1	1406
CY207734.1	1382	1409	0	1	1	1409
CY207734.1	1420	1682	0	1	1	1682
CY207734.1	1424	1536	1	0	1	1424
CY207734.1	1485	1614	1	0	1	1485
CY207734.1	1493	1519	0	1	1	1519
CY207734.1	1519	1685	0	1	1	1685
CY207734.1	1534	1588	1	0	1	1534
CY207734.1	1547	1589	1	0	1	1547
CY207734.1	1589	1695	0	1	1	1695
CY207734.1	1604	1725	0	2	2	1725
CY207734.1	268	1635	4	0	4	268
CY207734.1	272	545	1	0	1	272
CY207734.1	279	1164	1	0	1	279
CY207734.1	280	1630	1	0	1	280
CY207734.1	281	1124	1	0	1	281
CY207734.1	287	556	1	0	1	287
CY207734.1	288	1537	1	0	1	288
CY207734.1	317	1568	0	1	1	1568
CY207734.1	319	1519	1	0	1	319
CY207734.1	335	1575	4	3	7	335
CY207734.1	344	1461	0	1	1	1461
CY207734.1	346	1538	1	0	1	346
CY207734.1	353	497	0	1	1	497
CY207734.1	361	1485	2	1	3	361
CY207734.1	365	1514	0	1	1	1514
CY207734.1	369	1565	3	0	3	369
CY207734.1	372	637	0	1	1	637
CY207734.1	401	1590	1	1	2	401
CY207734.1	402	865	1	0	1	402
CY207734.1	416	1311	0	1	1	1311
CY207734.1	421	940	1	0	1	421
CY207734.1	422	1471	1	1	2	422
CY207734.1	427	579	0	1	1	579
CY207734.1	430	1215	1	0	1	430
CY207734.1	439	547	0	1	1	547
CY207734.1	440	619	0	4	4	619
CY207734.1	442	1098	0	1	1	1098
CY207734.1	442	1131	1	0	1	442
CY207734.1	446	1598	1	0	1	446
CY207734.1	456	482	0	1	1	482
CY207734.1	457	731	0	1	1	731
CY207734.1	464	1482	0	1	1	1482
CY207734.1	465	522	1	0	1	465
CY207734.1	484	776	0	1	1	776
CY207734.1	489	1428	1	0	1	489
CY207734.1	490	896	1	0	1	490
CY207734.1	490	930	0	1	1	930
CY207734.1	498	840	0	1	1	840
CY207734.1	499	842	0	1	1	842
CY207734.1	501	1491	1	0	1	501
CY207734.1	508	1498	0	4	4	1498
CY207734.1	521	1592	0	1	1	1592
CY207734.1	521	841	0	5	5	841
CY207734.1	529	1553	1	0	1	529
CY207734.1	534	938	0	1	1	938
CY207734.1	536	558	0	1	1	558
CY207734.1	538	1322	0	1	1	1322
CY207734.1	540	1222	1	0	1	540
CY207734.1	541	1501	2	0	2	541
CY207734.1	546	1367	1	0	1	546
CY207734.1	548	758	1	0	1	548
CY207734.1	552	1208	0	1	1	1208
CY207734.1	552	1416	1	0	1	552
CY207734.1	553	802	1	0	1	553
CY207734.1	557	1319	0	1	1	1319
CY207734.1	559	1037	0	1	1	1037
CY207734.1	574	1167	0	1	1	1167
CY207734.1	593	1217	0	1	1	1217
CY207734.1	598	756	0	1	1	756
CY207734.1	600	1196	1	0	1	600
CY207734.1	620	812	1	1	2	620
CY207734.1	623	692	1	0	1	623
CY207734.1	635	1413	1	0	1	635
CY207734.1	640	1406	0	4	4	1406
CY207734.1	646	1274	1	0	1	646
CY207734.1	659	865	1	0	1	659
CY207734.1	669	1255	0	1	1	1255
CY207734.1	682	1084	0	1	1	1084
CY207734.1	699	1575	1	0	1	699
CY207734.1	716	1178	2	0	2	716
CY207734.1	718	985	1	0	1	718
CY207734.1	725	986	1	0	1	725
CY207734.1	732	1080	0	1	1	1080
CY207734.1	740	1035	2	0	2	740
CY207734.1	760	1179	1	0	1	760
CY207734.1	770	1499	1	0	1	770
CY207734.1	789	1527	0	1	1	1527
CY207734.1	808	1109	0	1	1	1109
CY207734.1	810	1228	1	0	1	810
CY207734.1	810	958	0	1	1	958
CY207734.1	833	1511	1	1	2	833
CY207734.1	837	1279	0	1	1	1279
CY207734.1	850	1416	0	1	1	1416
CY207734.1	851	977	0	1	1	977
CY207734.1	861	1441	0	1	1	1441
CY207734.1	870	1146	0	1	1	1146
CY207734.1	875	1438	0	1	1	1438
CY207734.1	896	1391	0	1	1	1391
CY207734.1	898	1491	0	1	1	1491
CY207734.1	902	1103	0	1	1	1103
CY207734.1	910	1081	0	1	1	1081
CY207734.1	922	1184	0	1	1	1184
CY207734.1	924	1146	0	1	1	1146
CY207734.1	924	1677	0	1	1	1677
CY207734.1	937	1137	1	0	1	937
CY207734.1	949	1560	0	1	1	1560
CY207734.1	955	1337	1	0	1	955
CY207734.1	960	1233	0	1	1	1233
CY207734.1	978	1204	1	0	1	978
CY207734.1	980	1217	1	2	3	980
CY207734.1	988	1580	0	1	1	1580
CY207734.1	990	1492	0	1	1	1492
CY207734.1	997	1042	2	0	2	997
CY207735.1	236	284	1	0	1	236
CY207735.1	251	945	1	0	1	251
CY207735.1	254	873	10	0	10	254
CY207735.1	254	948	3	0	3	254
CY207735.1	267	896	5	0	5	267
CY207735.1	268	935	2	0	2	268
CY207735.1	268	965	1	0	1	268
CY207735.1	269	769	1	0	1	269
CY207735.1	270	929	1	0	1	270
CY207735.1	271	590	1	0	1	271
CY207735.1	272	934	4	0	4	272
CY207735.1	273	946	3	0	3	273
CY207735.1	284	663	2	0	2	284
CY207735.1	285	898	1	0	1	285
CY207735.1	285	972	5	0	5	285
CY207735.1	287	900	8	0	8	287
CY207735.1	287	943	6	0	6	287
CY207735.1	288	844	3	0	3	288
CY207735.1	289	649	1	0	1	289
CY207735.1	290	981	1	0	1	290
CY207735.1	298	934	1	0	1	298
CY207735.1	306	888	0	1	1	888
CY207735.1	308	789	1	0	1	308
CY207735.1	335	366	1	2	3	335
CY207735.1	342	576	0	2	2	576
CY207735.1	349	843	1	1	2	349
CY207735.1	350	925	0	2	2	925
CY207735.1	357	455	1	3	4	357
CY207735.1	361	1016	0	1	1	1016
CY207735.1	366	790	0	1	1	790
CY207735.1	383	887	0	1	1	887
CY207735.1	412	781	1	4	5	412
CY207735.1	427	778	1	1	2	427
CY207735.1	427	921	1	0	1	427
CY207735.1	440	817	1	1	2	440
CY207735.1	447	528	0	4	4	528
CY207735.1	448	617	0	1	1	617
CY207735.1	486	768	1	2	3	486
CY207735.1	511	740	24	34	58	511
CY207735.1	513	786	3	4	7	513
CY207735.1	519	746	1	3	4	519
CY207735.1	523	552	2	7	9	523
CY207735.1	528	781	0	1	1	781
CY207735.1	533	594	0	1	1	594
CY207735.1	669	777	1	0	1	669
CY207735.1	690	757	0	1	1	757
CY207735.1	782	818	0	1	1	818
CY207735.1	841	986	0	1	1	986
CY207735.1	852	889	2	0	2	852
CY207735.1	924	979	1	0	1	924
CY207735.1	925	1036	0	2	2	1036
CY207736.1	1002	1720	1	1	2	1002
CY207736.1	1005	1713	1	0	1	1005
CY207736.1	1006	2286	1	0	1	1006
CY207736.1	1009	1596	0	1	1	1596
CY207736.1	1026	2180	1	0	1	1026
CY207736.1	1037	1310	1	0	1	1037
CY207736.1	1045	1371	1	0	1	1045
CY207736.1	1059	1145	1	0	1	1059
CY207736.1	1070	1655	0	1	1	1655
CY207736.1	1079	1171	2	0	2	1079
CY207736.1	1092	2294	1	1	2	1092
CY207736.1	1095	2005	3	11	14	1095
CY207736.1	1127	2112	1	0	1	1127
CY207736.1	1149	1766	1	0	1	1149
CY207736.1	1168	2371	0	1	1	2371
CY207736.1	1169	2262	0	1	1	2262
CY207736.1	1202	1830	1	0	1	1202
CY207736.1	1229	1806	1	0	1	1229
CY207736.1	1237	2190	1	1	2	1237
CY207736.1	1240	2289	0	1	1	2289
CY207736.1	1252	2072	1	0	1	1252
CY207736.1	1258	1647	1	0	1	1258
CY207736.1	1277	1962	1	0	1	1277
CY207736.1	1278	1306	0	1	1	1306
CY207736.1	1300	2009	1	0	1	1300
CY207736.1	1316	1898	1	0	1	1316
CY207736.1	1332	2272	0	1	1	2272
CY207736.1	1468	1708	0	1	1	1708
CY207736.1	1470	2069	0	1	1	2069
CY207736.1	1527	2293	1	0	1	1527
CY207736.1	1563	1671	0	1	1	1671
CY207736.1	1566	1995	0	1	1	1995
CY207736.1	1567	2204	1	1	2	1567
CY207736.1	1741	2355	0	1	1	2355
CY207736.1	1761	2107	0	1	1	2107
CY207736.1	1808	2268	0	1	1	2268
CY207736.1	1839	1871	0	2	2	1871
CY207736.1	1855	2127	1	0	1	1855
CY207736.1	1859	2305	1	0	1	1859
CY207736.1	1890	1943	0	1	1	1943
CY207736.1	1922	2245	1	0	1	1922
CY207736.1	1926	2130	1	0	1	1926
CY207736.1	1933	2177	0	1	1	2177
CY207736.1	1940	1985	1	0	1	1940
CY207736.1	1952	2206	0	1	1	2206
CY207736.1	1977	2234	1	0	1	1977
CY207736.1	1978	2280	0	1	1	2280
CY207736.1	2001	2069	0	1	1	2069
CY207736.1	2005	2077	2	0	2	2005
CY207736.1	2005	2144	0	1	1	2144
CY207736.1	2006	2043	0	2	2	2043
CY207736.1	2011	2035	1	1	2	2011
CY207736.1	2016	2064	1	1	2	2016
CY207736.1	2062	2163	3	5	8	2062
CY207736.1	2075	2155	1	0	1	2075
CY207736.1	2086	2123	1	0	1	2086
CY207736.1	2087	2274	1	0	1	2087
CY207736.1	2089	2144	4	6	10	2089
CY207736.1	2103	2147	38	29	67	2103
CY207736.1	2103	2169	0	4	4	2169
CY207736.1	2104	2168	1	2	3	2104
CY207736.1	2108	2190	0	1	1	2190
CY207736.1	2112	2216	1	0	1	2112
CY207736.1	2113	2143	0	1	1	2143
CY207736.1	2119	2148	1	0	1	2119
CY207736.1	2121	2145	0	1	1	2145
CY207736.1	2129	2162	1	0	1	2129
CY207736.1	2130	2172	0	1	1	2172
CY207736.1	2131	2171	0	1	1	2171
CY207736.1	2139	2171	1	0	1	2139
CY207736.1	2140	2180	7	5	12	2140
CY207736.1	2143	2172	2	0	2	2143
CY207736.1	2146	2255	0	2	2	2255
CY207736.1	2147	2170	2	0	2	2147
CY207736.1	2166	2222	2	0	2	2166
CY207736.1	2167	2216	0	1	1	2216
CY207736.1	2167	2303	1	0	1	2167
CY207736.1	2171	2245	0	1	1	2245
CY207736.1	2178	2282	0	1	1	2282
CY207736.1	2186	2215	2	0	2	2186
CY207736.1	2214	2237	0	1	1	2237
CY207736.1	2214	2250	3	0	3	2214
CY207736.1	2218	2249	5	13	18	2218
CY207736.1	2221	2245	3	1	4	2221
CY207736.1	2221	2255	1	0	1	2221
CY207736.1	2221	2350	0	1	1	2350
CY207736.1	2222	2366	0	2	2	2366
CY207736.1	2245	2283	0	9	9	2283
CY207736.1	234	1767	1	0	1	234
CY207736.1	244	442	1	0	1	244
CY207736.1	247	670	1	0	1	247
CY207736.1	251	780	1	0	1	251
CY207736.1	259	1389	3	0	3	259
CY207736.1	259	2222	1	1	2	259
CY207736.1	266	2253	1	0	1	266
CY207736.1	268	2343	1	0	1	268
CY207736.1	271	2160	1	0	1	271
CY207736.1	271	2174	1	0	1	271
CY207736.1	271	334	4	0	4	271
CY207736.1	272	294	3	0	3	272
CY207736.1	273	1376	1	0	1	273
CY207736.1	282	2162	1	0	1	282
CY207736.1	282	312	7	2	9	282
CY207736.1	282	322	1	0	1	282
CY207736.1	283	2216	3	0	3	283
CY207736.1	283	353	2	0	2	283
CY207736.1	286	308	1	0	1	286
CY207736.1	287	2127	1	0	1	287
CY207736.1	289	1786	2	0	2	289
CY207736.1	291	1394	1	0	1	291
CY207736.1	291	2133	1	0	1	291
CY207736.1	292	2135	1	0	1	292
CY207736.1	292	322	1	0	1	292
CY207736.1	292	324	1	0	1	292
CY207736.1	294	2137	8	4	12	294
CY207736.1	296	1796	1	0	1	296
CY207736.1	298	363	1	0	1	298
CY207736.1	299	2232	1	0	1	299
CY207736.1	300	2251	1	0	1	300
CY207736.1	301	336	1	0	1	301
CY207736.1	304	2216	4	4	8	304
CY207736.1	310	2237	1	0	1	310
CY207736.1	310	2258	0	2	2	2258
CY207736.1	311	1469	1	0	1	311
CY207736.1	325	363	7	18	25	325
CY207736.1	326	2226	1	0	1	326
CY207736.1	327	2217	0	1	1	2217
CY207736.1	329	2161	0	1	1	2161
CY207736.1	331	2163	18	171	189	331
CY207736.1	332	2251	17	39	56	332
CY207736.1	333	2167	0	1	1	2167
CY207736.1	333	2215	1	1	2	333
CY207736.1	333	2228	0	1	1	2228
CY207736.1	333	2257	0	1	1	2257
CY207736.1	334	2133	0	3	3	2133
CY207736.1	334	2148	2	10	12	334
CY207736.1	334	2153	1	3	4	334
CY207736.1	334	2163	0	3	3	2163
CY207736.1	334	388	0	1	1	388
CY207736.1	335	2142	0	8	8	2142
CY207736.1	335	2157	0	5	5	2157
CY207736.1	338	1736	1	0	1	338
CY207736.1	345	2132	0	2	2	2132
CY207736.1	345	2155	0	3	3	2155
CY207736.1	346	2090	1	20	21	346
CY207736.1	346	2216	4	0	4	346
CY207736.1	347	2272	0	1	1	2272
CY207736.1	349	1793	1	0	1	349
CY207736.1	350	2216	0	2	2	2216
CY207736.1	351	2147	0	13	13	2147
CY207736.1	351	2209	4	4	8	351
CY207736.1	352	2186	1	0	1	352
CY207736.1	354	1900	0	1	1	1900
CY207736.1	355	2115	1	4	5	355
CY207736.1	356	1797	1	10	11	356
CY207736.1	359	2198	0	3	3	2198
CY207736.1	359	418	3	32	35	359
CY207736.1	360	2132	1	4	5	360
CY207736.1	361	2172	0	7	7	2172
CY207736.1	362	2164	0	1	1	2164
CY207736.1	363	2133	1	8	9	363
CY207736.1	363	2148	0	1	1	2148
CY207736.1	363	2210	2	6	8	363
CY207736.1	363	410	13	74	87	363
CY207736.1	367	2160	0	1	1	2160
CY207736.1	375	2109	0	2	2	2109
CY207736.1	375	2133	0	3	3	2133
CY207736.1	375	2182	0	1	1	2182
CY207736.1	375	442	1	4	5	375
CY207736.1	377	2143	8	84	92	377
CY207736.1	379	416	0	2	2	416
CY207736.1	380	2148	0	6	6	2148
CY207736.1	383	2131	0	1	1	2131
CY207736.1	383	2153	0	2	2	2153
CY207736.1	383	442	1	0	1	383
CY207736.1	384	2149	0	2	2	2149
CY207736.1	385	2034	2	11	13	385
CY207736.1	385	2063	1	11	12	385
CY207736.1	385	2132	2	15	17	385
CY207736.1	385	2147	0	4	4	2147
CY207736.1	385	2181	2	1	3	385
CY207736.1	385	2187	1	8	9	385
CY207736.1	386	1209	1	0	1	386
CY207736.1	386	2114	2	6	8	386
CY207736.1	386	2131	0	1	1	2131
CY207736.1	386	2144	0	3	3	2144
CY207736.1	386	2172	0	1	1	2172
CY207736.1	387	2203	0	1	1	2203
CY207736.1	387	418	0	2	2	418
CY207736.1	388	1550	0	4	4	1550
CY207736.1	390	2143	3	1	4	390
CY207736.1	391	2156	2	1	3	391
CY207736.1	392	2027	1	1	2	392
CY207736.1	392	436	0	1	1	436
CY207736.1	393	1860	0	3	3	1860
CY207736.1	393	2105	1	6	7	393
CY207736.1	393	2161	0	1	1	2161
CY207736.1	402	1794	1	0	1	402
CY207736.1	402	2215	1	3	4	402
CY207736.1	402	462	21	27	48	402
CY207736.1	403	1995	0	1	1	1995
CY207736.1	403	2148	0	11	11	2148
CY207736.1	403	2174	0	1	1	2174
CY207736.1	403	437	3	8	11	403
CY207736.1	404	2164	0	2	2	2164
CY207736.1	405	2143	14	130	144	405
CY207736.1	405	2185	1	0	1	405
CY207736.1	405	428	0	1	1	428
CY207736.1	406	2064	0	8	8	2064
CY207736.1	408	483	0	2	2	483
CY207736.1	411	2133	0	3	3	2133
CY207736.1	415	2063	0	3	3	2063
CY207736.1	415	2140	1	3	4	415
CY207736.1	416	1972	1	0	1	416
CY207736.1	416	516	0	1	1	516
CY207736.1	422	2268	0	3	3	2268
CY207736.1	425	2245	2	0	2	425
CY207736.1	427	2027	1	0	1	427
CY207736.1	427	2162	1	0	1	427
CY207736.1	428	2144	0	4	4	2144
CY207736.1	428	2168	0	2	2	2168
CY207736.1	432	1735	0	1	1	1735
CY207736.1	434	1911	2	2	4	434
CY207736.1	435	2076	1	1	2	435
CY207736.1	436	2153	0	2	2	2153
CY207736.1	436	469	2	0	2	436
CY207736.1	438	2066	0	2	2	2066
CY207736.1	439	2031	1	0	1	439
CY207736.1	439	2127	0	1	1	2127
CY207736.1	441	2133	0	3	3	2133
CY207736.1	441	2148	7	46	53	441
CY207736.1	448	2063	3	1	4	448
CY207736.1	449	1914	0	5	5	1914
CY207736.1	449	2138	2	8	10	449
CY207736.1	449	2142	0	1	1	2142
CY207736.1	449	2172	0	1	1	2172
CY207736.1	449	484	3	19	22	449
CY207736.1	450	2141	7	78	85	450
CY207736.1	451	1393	1	0	1	451
CY207736.1	451	2012	0	1	1	2012
CY207736.1	453	2143	0	4	4	2143
CY207736.1	454	1612	0	2	2	1612
CY207736.1	454	2163	0	1	1	2163
CY207736.1	455	2065	2	2	4	455
CY207736.1	455	2072	0	2	2	2072
CY207736.1	456	478	2	0	2	456
CY207736.1	458	2057	2	7	9	458
CY207736.1	459	2064	1	5	6	459
CY207736.1	460	2000	8	0	8	460
CY207736.1	461	2010	0	1	1	2010
CY207736.1	461	2063	0	1	1	2063
CY207736.1	461	2216	2	0	2	461
CY207736.1	464	1209	1	0	1	464
CY207736.1	467	1857	3	0	3	467
CY207736.1	467	2002	41	0	41	467
CY207736.1	467	492	1	0	1	467
CY207736.1	470	2040	4	2	6	470
CY207736.1	472	2242	1	1	2	472
CY207736.1	473	2029	0	1	1	2029
CY207736.1	473	2065	1	1	2	473
CY207736.1	475	513	2	26	28	475
CY207736.1	477	2010	385	263	648	477
CY207736.1	477	2132	1	3	4	477
CY207736.1	477	2135	1	4	5	477
CY207736.1	477	2162	1	1	2	477
CY207736.1	478	2010	20	17	37	478
CY207736.1	478	2011	1	0	1	478
CY207736.1	478	505	20	8	28	478
CY207736.1	479	1952	5	2	7	479
CY207736.1	480	2146	2	1	3	480
CY207736.1	482	1994	1	0	1	482
CY207736.1	482	563	1	0	1	482
CY207736.1	483	2058	0	2	2	2058
CY207736.1	483	2135	0	1	1	2135
CY207736.1	485	1010	0	1	1	1010
CY207736.1	485	1382	1	0	1	485
CY207736.1	485	2059	0	1	1	2059
CY207736.1	485	2107	3	1	4	485
CY207736.1	489	2009	1	0	1	489
CY207736.1	489	2041	10	4	14	489
CY207736.1	490	1001	0	1	1	1001
CY207736.1	490	2034	2	0	2	490
CY207736.1	492	1615	1	1	2	492
CY207736.1	492	1950	3	0	3	492
CY207736.1	492	2019	11	0	11	492
CY207736.1	493	1759	0	1	1	1759
CY207736.1	495	2030	0	1	1	2030
CY207736.1	497	1984	1	1	2	497
CY207736.1	497	2028	2	4	6	497
CY207736.1	498	2033	1	0	1	498
CY207736.1	499	2026	1	1	2	499
CY207736.1	500	2017	2	2	4	500
CY207736.1	500	2050	1	1	2	500
CY207736.1	500	2065	2	2	4	500
CY207736.1	500	2069	1	2	3	500
CY207736.1	503	2023	1	1	2	503
CY207736.1	503	2027	0	2	2	2027
CY207736.1	504	2105	2	0	2	504
CY207736.1	508	1990	1	0	1	508
CY207736.1	511	1568	0	1	1	1568
CY207736.1	512	1871	1	0	1	512
CY207736.1	512	2001	1	0	1	512
CY207736.1	512	2028	5	10	15	512
CY207736.1	512	2061	0	2	2	2061
CY207736.1	512	2064	2	2	4	512
CY207736.1	512	2133	11	10	21	512
CY207736.1	512	610	6	1	7	512
CY207736.1	514	1911	2	0	2	514
CY207736.1	519	2149	1	1	2	519
CY207736.1	522	1436	1	0	1	522
CY207736.1	529	2041	0	1	1	2041
CY207736.1	530	2017	0	1	1	2017
CY207736.1	534	2027	0	1	1	2027
CY207736.1	536	1360	1	0	1	536
CY207736.1	537	1951	1	0	1	537
CY207736.1	537	2245	1	0	1	537
CY207736.1	538	1896	2	1	3	538
CY207736.1	538	2034	2	1	3	538
CY207736.1	538	2046	4	4	8	538
CY207736.1	538	599	1	0	1	538
CY207736.1	539	1986	1	0	1	539
CY207736.1	542	2025	1	0	1	542
CY207736.1	543	1812	1	0	1	543
CY207736.1	543	2177	0	1	1	2177
CY207736.1	544	2027	0	2	2	2027
CY207736.1	544	2041	1	1	2	544
CY207736.1	546	2016	4	4	8	546
CY207736.1	547	657	1	1	2	547
CY207736.1	548	2050	7	3	10	548
CY207736.1	548	2143	0	2	2	2143
CY207736.1	549	2028	3	0	3	549
CY207736.1	549	2029	2	3	5	549
CY207736.1	550	2060	0	1	1	2060
CY207736.1	551	2041	1	1	2	551
CY207736.1	552	2064	5	0	5	552
CY207736.1	554	1950	1	0	1	554
CY207736.1	554	2009	3	1	4	554
CY207736.1	554	2012	2	0	2	554
CY207736.1	555	1827	3	0	3	555
CY207736.1	555	1836	2	1	3	555
CY207736.1	555	1923	1	1	2	555
CY207736.1	555	2001	2	1	3	555
CY207736.1	555	2034	2	0	2	555
CY207736.1	555	2064	1	0	1	555
CY207736.1	555	599	26	10	36	555
CY207736.1	557	2005	0	1	1	2005
CY207736.1	558	2004	19	8	27	558
CY207736.1	560	2009	1	1	2	560
CY207736.1	561	1948	1	1	2	561
CY207736.1	561	2040	3	0	3	561
CY207736.1	562	1993	3	0	3	562
CY207736.1	562	2051	0	1	1	2051
CY207736.1	564	1837	0	1	1	1837
CY207736.1	564	2035	1	1	2	564
CY207736.1	564	2125	2	1	3	564
CY207736.1	566	1895	2	0	2	566
CY207736.1	567	1661	1	1	2	567
CY207736.1	571	2004	1	0	1	571
CY207736.1	574	1733	4	0	4	574
CY207736.1	574	2010	47	22	69	574
CY207736.1	575	2009	3	3	6	575
CY207736.1	577	1875	0	1	1	1875
CY207736.1	579	1505	0	1	1	1505
CY207736.1	579	2076	18	13	31	579
CY207736.1	581	2006	1	1	2	581
CY207736.1	581	2010	10	5	15	581
CY207736.1	582	2122	0	1	1	2122
CY207736.1	584	1860	1	0	1	584
CY207736.1	584	1961	1	0	1	584
CY207736.1	586	1909	1	0	1	586
CY207736.1	594	2051	1	1	2	594
CY207736.1	595	1854	0	1	1	1854
CY207736.1	595	1861	1	0	1	595
CY207736.1	596	1963	1	0	1	596
CY207736.1	596	1971	3	4	7	596
CY207736.1	596	2002	2	1	3	596
CY207736.1	598	904	0	1	1	904
CY207736.1	599	1193	1	0	1	599
CY207736.1	599	2010	2	1	3	599
CY207736.1	600	1882	2	0	2	600
CY207736.1	605	1934	3	1	4	605
CY207736.1	606	1789	1	2	3	606
CY207736.1	606	1957	1	0	1	606
CY207736.1	606	1971	1	1	2	606
CY207736.1	607	1785	1	2	3	607
CY207736.1	607	1981	16	10	26	607
CY207736.1	609	636	1	0	1	609
CY207736.1	610	1913	28	8	36	610
CY207736.1	611	1903	1	0	1	611
CY207736.1	611	1909	0	1	1	1909
CY207736.1	612	1547	1	0	1	612
CY207736.1	612	1827	1	3	4	612
CY207736.1	612	1895	2	0	2	612
CY207736.1	613	651	1	0	1	613
CY207736.1	616	1870	1	0	1	616
CY207736.1	617	1900	5	2	7	617
CY207736.1	617	1951	5	3	8	617
CY207736.1	619	1890	23	0	23	619
CY207736.1	619	1956	1	1	2	619
CY207736.1	621	1944	2	0	2	621
CY207736.1	622	1882	2	0	2	622
CY207736.1	623	1946	2	0	2	623
CY207736.1	623	2099	1	0	1	623
CY207736.1	625	1900	2	0	2	625
CY207736.1	625	1903	0	1	1	1903
CY207736.1	628	1936	2	0	2	628
CY207736.1	629	2075	9	1	10	629
CY207736.1	630	1935	1	1	2	630
CY207736.1	631	1939	4	4	8	631
CY207736.1	632	1755	2	2	4	632
CY207736.1	634	1915	1	3	4	634
CY207736.1	634	1926	1	1	2	634
CY207736.1	635	1920	5	0	5	635
CY207736.1	640	1722	2	0	2	640
CY207736.1	640	1893	2	1	3	640
CY207736.1	641	1796	11	6	17	641
CY207736.1	642	1868	2	1	3	642
CY207736.1	642	2071	0	1	1	2071
CY207736.1	643	674	2	0	2	643
CY207736.1	648	1869	0	1	1	1869
CY207736.1	651	1941	2	0	2	651
CY207736.1	652	1893	1	1	2	652
CY207736.1	653	1922	0	1	1	1922
CY207736.1	654	1090	0	1	1	1090
CY207736.1	654	1855	0	1	1	1855
CY207736.1	657	1890	1	0	1	657
CY207736.1	658	1903	2	0	2	658
CY207736.1	660	1913	1	0	1	660
CY207736.1	666	1002	2	0	2	666
CY207736.1	673	1666	0	1	1	1666
CY207736.1	673	1849	3	0	3	673
CY207736.1	673	1862	0	1	1	1862
CY207736.1	673	1901	2	1	3	673
CY207736.1	678	1378	1	0	1	678
CY207736.1	678	1955	2	2	4	678
CY207736.1	679	1835	1	0	1	679
CY207736.1	683	1934	2	1	3	683
CY207736.1	683	2036	1	0	1	683
CY207736.1	684	1833	0	1	1	1833
CY207736.1	684	1882	1	1	2	684
CY207736.1	684	1894	2	0	2	684
CY207736.1	684	1943	0	1	1	1943
CY207736.1	684	2037	0	2	2	2037
CY207736.1	685	1873	0	1	1	1873
CY207736.1	685	1914	6	1	7	685
CY207736.1	686	1952	0	2	2	1952
CY207736.1	687	1414	0	1	1	1414
CY207736.1	689	1883	1	2	3	689
CY207736.1	689	771	1	0	1	689
CY207736.1	694	1722	1	2	3	694
CY207736.1	695	2006	1	0	1	695
CY207736.1	697	1788	3	0	3	697
CY207736.1	698	1789	19	17	36	698
CY207736.1	699	1995	0	2	2	1995
CY207736.1	701	1897	0	3	3	1897
CY207736.1	702	1827	4	1	5	702
CY207736.1	702	1981	2	2	4	702
CY207736.1	704	788	1	0	1	704
CY207736.1	709	1802	0	1	1	1802
CY207736.1	711	1827	1	2	3	711
CY207736.1	711	1995	1	0	1	711
CY207736.1	712	1666	0	2	2	1666
CY207736.1	712	2232	1	0	1	712
CY207736.1	714	1874	2	2	4	714
CY207736.1	716	1760	2	11	13	716
CY207736.1	717	1856	0	2	2	1856
CY207736.1	717	1861	0	1	1	1861
CY207736.1	717	1868	3	2	5	717
CY207736.1	720	2037	0	1	1	2037
CY207736.1	721	1789	1	0	1	721
CY207736.1	723	1994	12	4	16	723
CY207736.1	724	1911	3	2	5	724
CY207736.1	724	1995	1	0	1	724
CY207736.1	727	1864	0	1	1	1864
CY207736.1	728	1620	10	1	11	728
CY207736.1	728	1895	3	0	3	728
CY207736.1	728	2279	1	0	1	728
CY207736.1	728	755	1	0	1	728
CY207736.1	729	1793	3	2	5	729
CY207736.1	729	1927	2	0	2	729
CY207736.1	732	2010	1	2	3	732
CY207736.1	735	1884	2	3	5	735
CY207736.1	736	1936	3	1	4	736
CY207736.1	741	1927	2	0	2	741
CY207736.1	745	1851	0	1	1	1851
CY207736.1	748	1785	6	1	7	748
CY207736.1	749	1490	2	0	2	749
CY207736.1	749	1598	2	1	3	749
CY207736.1	749	1812	3	2	5	749
CY207736.1	749	1871	7	9	16	749
CY207736.1	752	1827	1	0	1	752
CY207736.1	753	1909	1	0	1	753
CY207736.1	753	1915	2	2	4	753
CY207736.1	754	1920	1	0	1	754
CY207736.1	756	1897	3	1	4	756
CY207736.1	762	1727	0	1	1	1727
CY207736.1	763	1875	2	0	2	763
CY207736.1	767	1952	3	2	5	767
CY207736.1	769	1913	2	2	4	769
CY207736.1	771	1889	1	0	1	771
CY207736.1	771	2047	2	0	2	771
CY207736.1	772	1830	2	0	2	772
CY207736.1	773	1723	0	1	1	1723
CY207736.1	773	1736	1	0	1	773
CY207736.1	773	1825	3	0	3	773
CY207736.1	774	1518	6	0	6	774
CY207736.1	775	1727	4	1	5	775
CY207736.1	775	1827	42	12	54	775
CY207736.1	776	2051	0	1	1	2051
CY207736.1	777	2010	1	0	1	777
CY207736.1	778	1940	1	0	1	778
CY207736.1	779	1411	0	1	1	1411
CY207736.1	782	1881	24	7	31	782
CY207736.1	786	1785	3	4	7	786
CY207736.1	792	1850	0	1	1	1850
CY207736.1	794	1867	2	0	2	794
CY207736.1	797	1746	0	1	1	1746
CY207736.1	798	1711	1	0	1	798
CY207736.1	798	1867	0	2	2	1867
CY207736.1	802	1848	1	0	1	802
CY207736.1	804	1812	0	1	1	1812
CY207736.1	806	1696	5	0	5	806
CY207736.1	814	1710	2	0	2	814
CY207736.1	821	1742	15	11	26	821
CY207736.1	823	1719	1	1	2	823
CY207736.1	824	1725	1	1	2	824
CY207736.1	825	1755	1	0	1	825
CY207736.1	828	1883	76	47	123	828
CY207736.1	831	1817	0	1	1	1817
CY207736.1	832	1828	1	1	2	832
CY207736.1	835	1893	2	3	5	835
CY207736.1	838	1592	0	1	1	1592
CY207736.1	838	1896	0	1	1	1896
CY207736.1	840	1950	0	1	1	1950
CY207736.1	842	1947	0	2	2	1947
CY207736.1	843	2095	1	0	1	843
CY207736.1	844	1825	0	1	1	1825
CY207736.1	848	1657	0	1	1	1657
CY207736.1	850	1753	2	1	3	850
CY207736.1	850	2256	0	3	3	2256
CY207736.1	851	1612	1	0	1	851
CY207736.1	852	1595	1	0	1	852
CY207736.1	853	1725	0	2	2	1725
CY207736.1	855	1824	1	0	1	855
CY207736.1	878	1977	1	2	3	878
CY207736.1	885	1599	1	0	1	885
CY207736.1	885	1603	0	1	1	1603
CY207736.1	893	1978	0	1	1	1978
CY207736.1	894	1676	1	0	1	894
CY207736.1	902	2001	0	1	1	2001
CY207736.1	903	1603	0	1	1	1603
CY207736.1	908	1667	2	2	4	908
CY207736.1	911	950	2	0	2	911
CY207736.1	915	1696	1	1	2	915
CY207736.1	919	1666	0	1	1	1666
CY207736.1	923	1080	1	0	1	923
CY207736.1	926	1079	1	1	2	926
CY207736.1	930	1863	0	1	1	1863
CY207736.1	931	1696	2	0	2	931
CY207736.1	938	1862	0	1	1	1862
CY207736.1	944	2030	0	1	1	2030
CY207736.1	955	1685	0	1	1	1685
CY207736.1	962	2247	1	0	1	962
CY207736.1	979	1878	1	0	1	979
CY207736.1	986	1626	1	0	1	986
CY207736.1	992	1846	1	1	2	992
CY207736.1	999	2264	0	1	1	2264
CY207737.1	1007	1450	0	1	1	1450
CY207737.1	1141	1660	1	0	1	1141
CY207737.1	1160	1803	0	1	1	1803
CY207737.1	1161	2184	1	0	1	1161
CY207737.1	1183	1346	1	0	1	1183
CY207737.1	1213	1313	1	0	1	1213
CY207737.1	1261	1420	1	0	1	1261
CY207737.1	1265	1654	1	0	1	1265
CY207737.1	1288	2356	1	0	1	1288
CY207737.1	1306	2043	1	1	2	1306
CY207737.1	1308	1954	0	1	1	1954
CY207737.1	1372	1566	0	1	1	1566
CY207737.1	1396	1494	0	1	1	1494
CY207737.1	1412	1863	0	1	1	1863
CY207737.1	1428	2308	1	0	1	1428
CY207737.1	1468	2230	0	1	1	2230
CY207737.1	1558	2020	0	1	1	2020
CY207737.1	1568	2302	1	0	1	1568
CY207737.1	1629	1845	0	1	1	1845
CY207737.1	1945	2335	1	0	1	1945
CY207737.1	2046	2136	1	0	1	2046
CY207737.1	2055	2092	0	1	1	2092
CY207737.1	2067	2094	1	0	1	2067
CY207737.1	2118	2243	1	0	1	2118
CY207737.1	2121	2452	0	2	2	2452
CY207737.1	2152	2205	2	1	3	2152
CY207737.1	2167	2362	16	1	17	2167
CY207737.1	2200	2436	0	1	1	2436
CY207737.1	2208	2243	1	0	1	2208
CY207737.1	2243	2452	0	1	1	2452
CY207737.1	2273	2302	4	3	7	2273
CY207737.1	2351	2499	0	1	1	2499
CY207737.1	2409	2451	0	2	2	2451
CY207737.1	240	290	3	0	3	240
CY207737.1	240	298	2	0	2	240
CY207737.1	240	352	19	0	19	240
CY207737.1	2414	2450	0	2	2	2450
CY207737.1	241	2360	5	0	5	241
CY207737.1	2422	2449	0	3	3	2449
CY207737.1	2426	2452	1	21	22	2426
CY207737.1	2433	2490	0	5	5	2490
CY207737.1	244	1936	5	0	5	244
CY207737.1	244	2059	9	0	9	244
CY207737.1	247	281	1	0	1	247
CY207737.1	248	273	3	0	3	248
CY207737.1	263	2493	0	1	1	2493
CY207737.1	264	2451	0	1	1	2451
CY207737.1	288	2355	6	0	6	288
CY207737.1	290	844	1	0	1	290
CY207737.1	306	2343	1	3	4	306
CY207737.1	318	1560	0	1	1	1560
CY207737.1	318	2302	1	0	1	318
CY207737.1	330	1969	1	0	1	330
CY207737.1	330	2243	1	0	1	330
CY207737.1	341	614	0	1	1	614
CY207737.1	348	2325	13	1	14	348
CY207737.1	355	2244	1	0	1	355
CY207737.1	362	2281	1	2	3	362
CY207737.1	362	2299	1	0	1	362
CY207737.1	363	2322	5	1	6	363
CY207737.1	363	2334	0	1	1	2334
CY207737.1	364	388	0	1	1	388
CY207737.1	370	2212	0	1	1	2212
CY207737.1	372	916	0	1	1	916
CY207737.1	378	2154	1	0	1	378
CY207737.1	380	2450	0	8	8	2450
CY207737.1	381	2193	18	2	20	381
CY207737.1	381	2293	2	0	2	381
CY207737.1	385	2429	0	1	1	2429
CY207737.1	386	2250	5	0	5	386
CY207737.1	388	2238	7	1	8	388
CY207737.1	389	2344	1	1	2	389
CY207737.1	390	2299	2	0	2	390
CY207737.1	391	2189	1	0	1	391
CY207737.1	391	2293	2	2	4	391
CY207737.1	391	425	0	2	2	425
CY207737.1	394	2207	0	1	1	2207
CY207737.1	404	1131	1	4	5	404
CY207737.1	419	2232	1	0	1	419
CY207737.1	423	1971	2	0	2	423
CY207737.1	424	2237	2	0	2	424
CY207737.1	430	2244	2	0	2	430
CY207737.1	430	903	0	1	1	903
CY207737.1	435	2091	5	1	6	435
CY207737.1	435	2101	1	0	1	435
CY207737.1	440	2092	2	0	2	440
CY207737.1	445	2273	1	0	1	445
CY207737.1	449	2156	1	0	1	449
CY207737.1	459	2349	1	0	1	459
CY207737.1	461	2155	1	1	2	461
CY207737.1	463	2094	0	2	2	2094
CY207737.1	464	2291	4	5	9	464
CY207737.1	471	2300	2	0	2	471
CY207737.1	473	2129	0	5	5	2129
CY207737.1	473	2302	11	13	24	473
CY207737.1	474	2121	0	1	1	2121
CY207737.1	482	2235	0	1	1	2235
CY207737.1	490	2069	0	1	1	2069
CY207737.1	493	2130	1	0	1	493
CY207737.1	495	1066	2	1	3	495
CY207737.1	499	2134	0	2	2	2134
CY207737.1	505	2164	1	2	3	505
CY207737.1	511	2107	1	0	1	511
CY207737.1	521	2121	21	1	22	521
CY207737.1	521	2159	2	1	3	521
CY207737.1	526	2149	1	0	1	526
CY207737.1	527	1794	1	0	1	527
CY207737.1	527	2156	0	1	1	2156
CY207737.1	527	2199	1	2	3	527
CY207737.1	532	2250	3	0	3	532
CY207737.1	534	2046	0	1	1	2046
CY207737.1	536	2096	1	0	1	536
CY207737.1	541	2076	4	0	4	541
CY207737.1	549	2096	1	0	1	549
CY207737.1	550	2145	1	0	1	550
CY207737.1	559	1667	1	0	1	559
CY207737.1	564	2126	3	5	8	564
CY207737.1	568	1679	0	2	2	1679
CY207737.1	573	2321	0	1	1	2321
CY207737.1	575	1997	1	1	2	575
CY207737.1	583	1985	0	1	1	1985
CY207737.1	583	2014	0	1	1	2014
CY207737.1	584	2095	1	1	2	584
CY207737.1	590	2251	0	1	1	2251
CY207737.1	591	2070	0	1	1	2070
CY207737.1	599	2243	4	2	6	599
CY207737.1	603	2094	2	1	3	603
CY207737.1	603	2207	1	2	3	603
CY207737.1	613	2041	1	0	1	613
CY207737.1	616	2230	1	1	2	616
CY207737.1	617	1767	1	0	1	617
CY207737.1	617	2154	1	0	1	617
CY207737.1	618	2123	1	1	2	618
CY207737.1	621	1924	1	0	1	621
CY207737.1	622	1064	0	1	1	1064
CY207737.1	622	1958	1	0	1	622
CY207737.1	622	2001	1	0	1	622
CY207737.1	623	1960	3	0	3	623
CY207737.1	628	1964	67	52	119	628
CY207737.1	628	2127	3	2	5	628
CY207737.1	630	2013	2	0	2	630
CY207737.1	637	2039	3	0	3	637
CY207737.1	639	1978	6	8	14	639
CY207737.1	640	2013	8	1	9	640
CY207737.1	658	1977	0	1	1	1977
CY207737.1	665	2046	1	0	1	665
CY207737.1	668	1931	2	0	2	668
CY207737.1	675	2095	1	0	1	675
CY207737.1	676	2088	1	1	2	676
CY207737.1	681	2182	1	1	2	681
CY207737.1	688	1688	1	1	2	688
CY207737.1	688	2062	1	0	1	688
CY207737.1	692	1030	0	1	1	1030
CY207737.1	692	2056	1	0	1	692
CY207737.1	693	2068	3	2	5	693
CY207737.1	697	2018	0	2	2	2018
CY207737.1	707	2257	1	0	1	707
CY207737.1	709	2052	0	3	3	2052
CY207737.1	712	2047	0	1	1	2047
CY207737.1	723	1491	0	1	1	1491
CY207737.1	732	2068	0	1	1	2068
CY207737.1	743	1905	0	1	1	1905
CY207737.1	743	2012	2	6	8	743
CY207737.1	758	2008	0	1	1	2008
CY207737.1	761	1767	1	0	1	761
CY207737.1	767	1867	0	1	1	1867
CY207737.1	787	1912	0	1	1	1912
CY207737.1	789	1855	0	2	2	1855
CY207737.1	794	1900	0	1	1	1900
CY207737.1	795	1799	1	1	2	795
CY207737.1	798	1974	1	1	2	798
CY207737.1	809	2014	0	1	1	2014
CY207737.1	811	1835	0	1	1	1835
CY207737.1	813	1815	1	1	2	813
CY207737.1	813	2018	0	1	1	2018
CY207737.1	814	1622	3	0	3	814
CY207737.1	817	2061	0	1	1	2061
CY207737.1	832	1769	0	1	1	1769
CY207737.1	837	1641	2	2	4	837
CY207737.1	837	1767	1	0	1	837
CY207737.1	839	1934	0	1	1	1934
CY207737.1	841	1771	2	1	3	841
CY207737.1	842	1383	0	1	1	1383
CY207737.1	846	1788	4	2	6	846
CY207737.1	850	1807	1	0	1	850
CY207737.1	851	1680	0	1	1	1680
CY207737.1	853	1760	1	0	1	853
CY207737.1	856	1741	2	0	2	856
CY207737.1	858	1977	0	3	3	1977
CY207737.1	860	1783	3	0	3	860
CY207737.1	864	1768	4	2	6	864
CY207737.1	868	1607	0	1	1	1607
CY207737.1	874	1831	0	2	2	1831
CY207737.1	888	1768	0	3	3	1768
CY207737.1	898	1776	1	1	2	898
CY207737.1	898	1868	0	2	2	1868
CY207737.1	901	1867	0	2	2	1867
CY207737.1	905	1750	1	0	1	905
CY207737.1	907	1717	0	1	1	1717
CY207737.1	907	1756	1	0	1	907
CY207737.1	908	1868	0	2	2	1868
CY207737.1	911	1867	0	1	1	1867
CY207737.1	922	2487	0	1	1	2487
CY207737.1	957	1737	1	2	3	957
CY207737.1	962	1823	2	1	3	962
CY207737.1	962	2108	1	2	3	962
CY207737.1	972	1798	1	0	1	972
CY207737.1	973	1805	1	0	1	973
CY207737.1	985	1691	0	2	2	1691
CY207737.1	993	1637	1	0	1	993
CY207737.1	995	1858	1	0	1	995
CY207737.1	996	1735	1	1	2	996
CY207738.1	1007	1283	0	1	1	1283
CY207738.1	1008	1823	2	0	2	1008
CY207738.1	1009	2085	0	1	1	2085
CY207738.1	1011	1827	0	1	1	1827
CY207738.1	1027	1505	0	1	1	1505
CY207738.1	1028	1665	1	0	1	1028
CY207738.1	1032	1910	0	1	1	1910
CY207738.1	1049	1460	0	1	1	1460
CY207738.1	1052	1647	0	1	1	1647
CY207738.1	1066	1670	1	0	1	1066
CY207738.1	1091	2364	1	0	1	1091
CY207738.1	1097	1843	3	2	5	1097
CY207738.1	1113	2067	0	1	1	2067
CY207738.1	1117	1259	0	1	1	1259
CY207738.1	1120	2207	0	1	1	2207
CY207738.1	1146	1264	1	0	1	1146
CY207738.1	1176	1740	0	1	1	1740
CY207738.1	1178	1284	1	1	2	1178
CY207738.1	1178	1603	1	0	1	1178
CY207738.1	1203	1882	1	0	1	1203
CY207738.1	1248	1655	0	1	1	1655
CY207738.1	1274	2463	0	1	1	2463
CY207738.1	1282	1351	0	1	1	1351
CY207738.1	1289	2115	0	1	1	2115
CY207738.1	1330	1596	1	0	1	1330
CY207738.1	1348	1418	1	0	1	1348
CY207738.1	1396	1811	0	1	1	1811
CY207738.1	1440	2199	1	0	1	1440
CY207738.1	1441	1836	0	1	1	1836
CY207738.1	1461	2245	0	1	1	2245
CY207738.1	1469	1957	0	1	1	1957
CY207738.1	1470	1755	0	1	1	1755
CY207738.1	1527	1872	1	0	1	1527
CY207738.1	1555	2446	0	1	1	2446
CY207738.1	1647	2263	1	0	1	1647
CY207738.1	1652	2301	1	0	1	1652
CY207738.1	1672	2255	1	0	1	1672
CY207738.1	1699	2060	0	1	1	2060
CY207738.1	1701	2244	0	1	1	2244
CY207738.1	1702	2147	0	1	1	2147
CY207738.1	1703	2303	2	2	4	1703
CY207738.1	1745	2427	0	1	1	2427
CY207738.1	1748	1842	1	0	1	1748
CY207738.1	1763	2002	0	1	1	2002
CY207738.1	1776	2305	1	0	1	1776
CY207738.1	1912	2268	1	0	1	1912
CY207738.1	1946	1971	0	1	1	1971
CY207738.1	2060	2094	1	0	1	2060
CY207738.1	2115	2143	1	1	2	2115
CY207738.1	2146	2302	1	0	1	2146
CY207738.1	2214	2303	1	0	1	2214
CY207738.1	2218	2391	0	2	2	2391
CY207738.1	2256	2326	3	1	4	2256
CY207738.1	2311	2334	12	3	15	2311
CY207738.1	2364	2407	0	2	2	2407
CY207738.1	2380	2404	1	4	5	2380
CY207738.1	246	1870	1	0	1	246
CY207738.1	280	1561	3	0	3	280
CY207738.1	280	2257	2	0	2	280
CY207738.1	286	2437	1	0	1	286
CY207738.1	288	2020	1	0	1	288
CY207738.1	294	2318	1	0	1	294
CY207738.1	309	1928	0	1	1	1928
CY207738.1	309	2306	3	2	5	309
CY207738.1	311	2496	0	1	1	2496
CY207738.1	312	348	0	2	2	348
CY207738.1	313	2199	1	0	1	313
CY207738.1	313	2348	2	0	2	313
CY207738.1	317	2253	2	0	2	317
CY207738.1	328	2333	1	0	1	328
CY207738.1	329	2129	0	2	2	2129
CY207738.1	342	2371	1	1	2	342
CY207738.1	357	2356	1	0	1	357
CY207738.1	359	1979	0	6	6	1979
CY207738.1	362	2282	0	2	2	2282
CY207738.1	363	1795	0	1	1	1795
CY207738.1	363	2336	1	0	1	363
CY207738.1	367	2313	8	20	28	367
CY207738.1	367	2328	2	1	3	367
CY207738.1	368	2284	2	9	11	368
CY207738.1	368	2296	0	3	3	2296
CY207738.1	371	2054	0	1	1	2054
CY207738.1	371	2298	1	3	4	371
CY207738.1	372	473	0	7	7	473
CY207738.1	374	2282	1	16	17	374
CY207738.1	376	1821	0	1	1	1821
CY207738.1	376	2281	0	2	2	2281
CY207738.1	376	2284	1	7	8	376
CY207738.1	376	519	0	1	1	519
CY207738.1	377	2060	0	1	1	2060
CY207738.1	379	1308	0	2	2	1308
CY207738.1	379	1792	1	0	1	379
CY207738.1	381	614	0	1	1	614
CY207738.1	383	2359	0	5	5	2359
CY207738.1	385	2236	7	22	29	385
CY207738.1	385	2251	1	14	15	385
CY207738.1	385	2287	0	3	3	2287
CY207738.1	386	2314	3	5	8	386
CY207738.1	386	2334	1	3	4	386
CY207738.1	386	2347	0	1	1	2347
CY207738.1	386	412	3	4	7	386
CY207738.1	394	2278	1	5	6	394
CY207738.1	396	1987	0	1	1	1987
CY207738.1	396	2250	0	4	4	2250
CY207738.1	398	1846	0	2	2	1846
CY207738.1	399	2255	0	1	1	2255
CY207738.1	399	2349	0	6	6	2349
CY207738.1	403	2312	1	1	2	403
CY207738.1	405	2320	0	2	2	2320
CY207738.1	407	2317	2	1	3	407
CY207738.1	407	2333	8	15	23	407
CY207738.1	408	1516	1	0	1	408
CY207738.1	408	2334	0	1	1	2334
CY207738.1	408	2387	0	1	1	2387
CY207738.1	409	2218	0	2	2	2218
CY207738.1	410	2060	0	1	1	2060
CY207738.1	411	1162	0	1	1	1162
CY207738.1	412	2272	0	4	4	2272
CY207738.1	417	2073	0	1	1	2073
CY207738.1	417	2249	0	3	3	2249
CY207738.1	417	2330	0	2	2	2330
CY207738.1	419	2195	0	33	33	2195
CY207738.1	419	2209	1	8	9	419
CY207738.1	419	2311	1	4	5	419
CY207738.1	419	2313	14	41	55	419
CY207738.1	419	2333	6	6	12	419
CY207738.1	420	2296	6	18	24	420
CY207738.1	420	2372	11	13	24	420
CY207738.1	421	2315	1	0	1	421
CY207738.1	422	2169	0	1	1	2169
CY207738.1	423	2381	0	3	3	2381
CY207738.1	425	2306	1	0	1	425
CY207738.1	426	1865	5	24	29	426
CY207738.1	426	466	1	0	1	426
CY207738.1	429	2304	3	3	6	429
CY207738.1	432	2312	1	0	1	432
CY207738.1	433	2330	0	1	1	2330
CY207738.1	434	2140	1	6	7	434
CY207738.1	436	2003	0	1	1	2003
CY207738.1	438	2254	0	1	1	2254
CY207738.1	439	2194	0	6	6	2194
CY207738.1	439	2360	0	1	1	2360
CY207738.1	440	1947	0	1	1	1947
CY207738.1	443	2051	0	1	1	2051
CY207738.1	444	2278	1	7	8	444
CY207738.1	445	2132	1	0	1	445
CY207738.1	446	1622	0	1	1	1622
CY207738.1	447	2202	0	1	1	2202
CY207738.1	451	2219	0	1	1	2219
CY207738.1	452	2142	0	2	2	2142
CY207738.1	452	2236	3	8	11	452
CY207738.1	453	2196	0	4	4	2196
CY207738.1	453	2210	2	0	2	453
CY207738.1	453	2221	1	4	5	453
CY207738.1	453	485	1	1	2	453
CY207738.1	454	2357	1	0	1	454
CY207738.1	458	2255	0	1	1	2255
CY207738.1	460	2256	2	6	8	460
CY207738.1	463	1997	0	1	1	1997
CY207738.1	464	2220	0	1	1	2220
CY207738.1	464	792	0	1	1	792
CY207738.1	465	2116	0	1	1	2116
CY207738.1	467	1297	3	2	5	467
CY207738.1	468	2195	3	1	4	468
CY207738.1	469	2082	0	1	1	2082
CY207738.1	471	2261	2	1	3	471
CY207738.1	471	2375	1	0	1	471
CY207738.1	472	2054	0	1	1	2054
CY207738.1	474	2358	2	2	4	474
CY207738.1	476	1665	1	0	1	476
CY207738.1	477	2218	1	2	3	477
CY207738.1	481	1485	1	1	2	481
CY207738.1	481	2153	1	0	1	481
CY207738.1	484	2196	9	28	37	484
CY207738.1	488	2070	1	1	2	488
CY207738.1	489	1351	0	1	1	1351
CY207738.1	493	2013	1	1	2	493
CY207738.1	496	2039	0	1	1	2039
CY207738.1	499	2197	2	1	3	499
CY207738.1	502	2008	2	20	22	502
CY207738.1	503	2203	4	23	27	503
CY207738.1	503	2211	2	3	5	503
CY207738.1	503	2224	2	2	4	503
CY207738.1	503	2302	5	6	11	503
CY207738.1	504	2237	2	1	3	504
CY207738.1	505	2229	1	0	1	505
CY207738.1	505	2324	2	1	3	505
CY207738.1	509	2002	0	2	2	2002
CY207738.1	509	2304	2	0	2	509
CY207738.1	510	2196	2	6	8	510
CY207738.1	513	2106	1	0	1	513
CY207738.1	517	2195	3	6	9	517
CY207738.1	519	1322	1	0	1	519
CY207738.1	519	1891	0	1	1	1891
CY207738.1	525	2086	1	4	5	525
CY207738.1	529	2074	0	1	1	2074
CY207738.1	533	2129	3	2	5	533
CY207738.1	533	2206	0	1	1	2206
CY207738.1	534	2209	0	1	1	2209
CY207738.1	536	2067	1	1	2	536
CY207738.1	536	2200	4	3	7	536
CY207738.1	541	1946	1	2	3	541
CY207738.1	551	2056	2	1	3	551
CY207738.1	554	2144	0	3	3	2144
CY207738.1	555	1843	1	0	1	555
CY207738.1	564	2147	1	2	3	564
CY207738.1	565	1846	2	1	3	565
CY207738.1	566	2341	5	0	5	566
CY207738.1	569	2022	0	1	1	2022
CY207738.1	569	2122	1	0	1	569
CY207738.1	573	931	0	1	1	931
CY207738.1	574	2228	2	1	3	574
CY207738.1	575	2014	0	2	2	2014
CY207738.1	575	2128	1	4	5	575
CY207738.1	575	2132	3	4	7	575
CY207738.1	575	2164	3	2	5	575
CY207738.1	577	2022	0	1	1	2022
CY207738.1	585	2070	0	1	1	2070
CY207738.1	588	1078	1	0	1	588
CY207738.1	588	2112	4	0	4	588
CY207738.1	589	1217	0	1	1	1217
CY207738.1	605	2175	0	6	6	2175
CY207738.1	607	2114	7	18	25	607
CY207738.1	623	2041	1	1	2	623
CY207738.1	624	2150	1	1	2	624
CY207738.1	628	2041	1	0	1	628
CY207738.1	636	2178	2	1	3	636
CY207738.1	636	702	0	1	1	702
CY207738.1	643	2033	1	0	1	643
CY207738.1	643	2037	1	0	1	643
CY207738.1	644	1552	0	2	2	1552
CY207738.1	645	1815	11	4	15	645
CY207738.1	651	2033	0	1	1	2033
CY207738.1	651	2283	2	1	3	651
CY207738.1	652	2367	2	0	2	652
CY207738.1	660	2003	0	1	1	2003
CY207738.1	663	2104	2	0	2	663
CY207738.1	666	1785	3	0	3	666
CY207738.1	672	1800	44	25	69	672
CY207738.1	672	1997	0	1	1	1997
CY207738.1	675	1895	3	0	3	675
CY207738.1	675	1995	1	1	2	675
CY207738.1	675	1997	1	0	1	675
CY207738.1	680	2071	1	0	1	680
CY207738.1	684	2008	0	1	1	2008
CY207738.1	692	1846	16	13	29	692
CY207738.1	692	1981	2	2	4	692
CY207738.1	692	1996	0	1	1	1996
CY207738.1	696	1531	0	1	1	1531
CY207738.1	697	1659	0	1	1	1659
CY207738.1	698	2184	1	0	1	698
CY207738.1	702	1944	1	0	1	702
CY207738.1	704	2037	1	0	1	704
CY207738.1	705	1971	0	1	1	1971
CY207738.1	708	2048	1	0	1	708
CY207738.1	709	2103	2	0	2	709
CY207738.1	711	2092	5	1	6	711
CY207738.1	713	1955	3	2	5	713
CY207738.1	720	1955	2	3	5	720
CY207738.1	721	2054	2	1	3	721
CY207738.1	729	1947	1	0	1	729
CY207738.1	732	1871	1	0	1	732
CY207738.1	735	1930	0	1	1	1930
CY207738.1	737	1934	0	1	1	1934
CY207738.1	738	1928	1	1	2	738
CY207738.1	755	1392	1	0	1	755
CY207738.1	765	1960	1	0	1	765
CY207738.1	767	2156	1	0	1	767
CY207738.1	771	1988	3	1	4	771
CY207738.1	771	1998	0	1	1	1998
CY207738.1	774	1872	0	4	4	1872
CY207738.1	793	1913	2	0	2	793
CY207738.1	796	2059	0	1	1	2059
CY207738.1	797	1773	1	1	2	797
CY207738.1	810	2061	1	0	1	810
CY207738.1	821	1767	1	1	2	821
CY207738.1	824	1888	1	0	1	824
CY207738.1	825	1754	1	0	1	825
CY207738.1	828	1889	1	0	1	828
CY207738.1	829	1949	0	1	1	1949
CY207738.1	830	1874	1	0	1	830
CY207738.1	832	1878	2	3	5	832
CY207738.1	835	1816	0	2	2	1816
CY207738.1	835	1900	1	0	1	835
CY207738.1	836	1872	1	3	4	836
CY207738.1	837	1854	0	1	1	1854
CY207738.1	839	1816	0	2	2	1816
CY207738.1	839	1873	0	1	1	1873
CY207738.1	840	887	1	2	3	840
CY207738.1	841	1832	1	0	1	841
CY207738.1	842	1725	0	1	1	1725
CY207738.1	842	1774	4	0	4	842
CY207738.1	844	1861	0	1	1	1861
CY207738.1	845	1801	0	2	2	1801
CY207738.1	846	1774	1	1	2	846
CY207738.1	846	1860	3	1	4	846
CY207738.1	848	1762	2	2	4	848
CY207738.1	849	1719	3	1	4	849
CY207738.1	849	1769	1	1	2	849
CY207738.1	849	1868	1	1	2	849
CY207738.1	849	2037	1	0	1	849
CY207738.1	850	1768	1	0	1	850
CY207738.1	850	1860	3	5	8	850
CY207738.1	850	2073	1	0	1	850
CY207738.1	851	1712	1	2	3	851
CY207738.1	851	1759	1	0	1	851
CY207738.1	851	1770	2	0	2	851
CY207738.1	856	1861	2	1	3	856
CY207738.1	857	1857	1	0	1	857
CY207738.1	857	2010	0	1	1	2010
CY207738.1	858	1781	2	0	2	858
CY207738.1	865	2068	1	0	1	865
CY207738.1	866	1843	0	1	1	1843
CY207738.1	869	1778	1	0	1	869
CY207738.1	869	1849	2	1	3	869
CY207738.1	870	1944	1	0	1	870
CY207738.1	883	1746	1	0	1	883
CY207738.1	883	1816	1	0	1	883
CY207738.1	883	1831	3	2	5	883
CY207738.1	886	1831	3	1	4	886
CY207738.1	887	1749	0	1	1	1749
CY207738.1	890	1877	0	1	1	1877
CY207738.1	901	2073	0	1	1	2073
CY207738.1	902	1763	1	0	1	902
CY207738.1	904	1707	1	1	2	904
CY207738.1	904	1789	1	0	1	904
CY207738.1	904	1894	6	1	7	904
CY207738.1	908	1397	0	1	1	1397
CY207738.1	909	1711	1	1	2	909
CY207738.1	911	1280	0	1	1	1280
CY207738.1	911	2327	3	0	3	911
CY207738.1	917	1717	1	0	1	917
CY207738.1	918	1712	0	1	1	1712
CY207738.1	919	1449	0	1	1	1449
CY207738.1	925	2317	1	0	1	925
CY207738.1	930	1769	1	0	1	930
CY207738.1	943	2332	2	2	4	943
CY207738.1	944	1640	2	0	2	944
CY207738.1	944	1738	2	0	2	944
CY207738.1	950	1761	0	1	1	1761
CY207738.1	953	1921	0	1	1	1921
CY207738.1	955	2050	2	3	5	955
CY207738.1	963	1814	3	0	3	963
CY207738.1	968	1795	3	1	4	968
CY207738.1	976	1773	2	0	2	976
CY207738.1	988	1936	0	1	1	1936
CY207738.1	999	1583	1	1	2	999
