Segment	Start	Stop	Forward_support	Reverse_support	Total_support	Fuzz_factor
CY207731.1	1082	1178	0	1	1	1178
CY207731.1	1144	1345	0	1	1	1345
CY207731.1	1203	1532	0	1	1	1532
CY207731.1	1226	1683	1	0	1	1226
CY207731.1	1237	1389	1	0	1	1237
CY207731.1	1255	1634	1	0	1	1255
CY207731.1	1265	1892	0	1	1	1892
CY207731.1	1281	1570	0	1	1	1570
CY207731.1	1368	1634	1	0	1	1368
CY207731.1	1377	1710	0	1	1	1710
CY207731.1	1385	1639	0	1	1	1639
CY207731.1	1467	1736	1	0	1	1467
CY207731.1	1510	1582	0	1	1	1582
CY207731.1	1513	1705	1	0	1	1513
CY207731.1	1571	1755	1	0	1	1571
CY207731.1	1631	1695	1	0	1	1631
CY207731.1	1636	1874	0	1	1	1874
CY207731.1	1693	1786	0	1	1	1786
CY207731.1	1718	1872	0	1	1	1872
CY207731.1	286	845	1	0	1	286
CY207731.1	346	674	0	1	1	674
CY207731.1	374	1347	0	1	1	1347
CY207731.1	387	1078	0	1	1	1078
CY207731.1	395	784	0	1	1	784
CY207731.1	396	1907	0	1	1	1907
CY207731.1	396	544	0	1	1	544
CY207731.1	396	722	0	1	1	722
CY207731.1	397	451	0	1	1	451
CY207731.1	404	1827	0	1	1	1827
CY207731.1	435	1197	0	1	1	1197
CY207731.1	441	464	0	1	1	464
CY207731.1	480	691	1	0	1	480
CY207731.1	485	703	0	1	1	703
CY207731.1	490	1181	1	0	1	490
CY207731.1	497	1662	0	1	1	1662
CY207731.1	503	1136	0	1	1	1136
CY207731.1	509	884	0	1	1	884
CY207731.1	522	780	0	1	1	780
CY207731.1	524	585	1	0	1	524
CY207731.1	537	1299	0	1	1	1299
CY207731.1	540	1568	0	1	1	1568
CY207731.1	565	873	0	1	1	873
CY207731.1	605	951	0	1	1	951
CY207731.1	616	1124	1	0	1	616
CY207731.1	674	1455	1	0	1	674
CY207731.1	677	1416	1	0	1	677
CY207731.1	777	1751	0	1	1	1751
CY207731.1	793	1662	1	0	1	793
CY207731.1	803	1753	1	0	1	803
CY207731.1	811	1630	1	0	1	811
CY207731.1	847	1879	0	1	1	1879
CY207731.1	862	1729	1	0	1	862
CY207731.1	869	1508	1	0	1	869
CY207731.1	870	1420	1	0	1	870
CY207731.1	886	1553	0	1	1	1553
CY207731.1	912	1416	0	1	1	1416
CY207731.1	930	1556	1	0	1	930
CY207731.1	954	1307	1	0	1	954
CY207732.1	1009	1145	0	1	1	1145
CY207732.1	239	973	1	0	1	239
CY207732.1	260	535	1	0	1	260
CY207732.1	262	906	1	0	1	262
CY207732.1	272	1135	2	1	3	272
CY207732.1	275	711	1	0	1	275
CY207732.1	302	1058	1	0	1	302
CY207732.1	355	1020	1	0	1	355
CY207732.1	356	765	0	1	1	765
CY207732.1	359	726	1	0	1	359
CY207732.1	370	677	0	1	1	677
CY207732.1	372	910	1	0	1	372
CY207732.1	378	651	0	1	1	651
CY207732.1	394	1036	0	1	1	1036
CY207732.1	394	955	0	1	1	955
CY207732.1	403	981	0	1	1	981
CY207732.1	406	637	0	1	1	637
CY207732.1	407	748	0	1	1	748
CY207732.1	435	787	1	0	1	435
CY207732.1	458	859	0	1	1	859
CY207732.1	470	1083	1	0	1	470
CY207732.1	470	969	0	1	1	969
CY207732.1	473	1041	1	0	1	473
CY207732.1	475	730	0	1	1	730
CY207732.1	498	984	1	0	1	498
CY207732.1	500	1020	1	0	1	500
CY207732.1	506	1142	0	1	1	1142
CY207732.1	508	662	1	0	1	508
CY207732.1	509	1153	0	1	1	1153
CY207732.1	516	612	1	0	1	516
CY207732.1	555	1103	1	0	1	555
CY207732.1	556	769	1	0	1	556
CY207732.1	579	937	1	0	1	579
CY207732.1	598	646	0	1	1	646
CY207732.1	607	711	13	14	27	607
CY207732.1	608	710	0	1	1	710
CY207732.1	629	784	0	1	1	784
CY207732.1	629	856	1	0	1	629
CY207732.1	667	922	0	1	1	922
CY207732.1	680	936	0	1	1	936
CY207732.1	691	1024	1	0	1	691
CY207732.1	698	1075	1	0	1	698
CY207732.1	709	1016	1	0	1	709
CY207732.1	711	936	1	0	1	711
CY207732.1	716	796	0	1	1	796
CY207732.1	718	860	1	4	5	718
CY207732.1	719	1135	0	1	1	1135
CY207732.1	719	909	0	1	1	909
CY207732.1	720	877	1	0	1	720
CY207732.1	727	977	1	0	1	727
CY207732.1	732	826	0	1	1	826
CY207732.1	760	1035	0	1	1	1035
CY207732.1	792	1040	1	0	1	792
CY207732.1	804	1014	14	4	18	804
CY207732.1	834	996	0	1	1	996
CY207732.1	872	958	1	0	1	872
CY207732.1	982	1135	0	1	1	1135
CY207733.1	1029	1059	1	0	1	1029
CY207733.1	1297	1356	1	0	1	1297
CY207733.1	1330	1488	0	1	1	1488
CY207733.1	259	1125	1	0	1	259
CY207733.1	327	1011	8	17	25	327
CY207733.1	362	722	0	1	1	722
CY207733.1	436	1381	1	0	1	436
CY207733.1	459	711	1	0	1	459
CY207733.1	519	1172	5	5	10	519
CY207733.1	589	1252	1	0	1	589
CY207733.1	597	1006	0	1	1	1006
CY207733.1	671	959	1	0	1	671
CY207733.1	761	835	1	0	1	761
CY207733.1	794	832	1	0	1	794
CY207733.1	815	1488	0	1	1	1488
CY207733.1	875	1593	0	1	1	1593
CY207734.1	1006	1211	1	0	1	1006
CY207734.1	1068	1196	1	0	1	1068
CY207734.1	1122	1715	0	1	1	1715
CY207734.1	1132	1454	0	1	1	1454
CY207734.1	1138	1572	1	0	1	1138
CY207734.1	1196	1542	0	1	1	1542
CY207734.1	1207	1360	1	0	1	1207
CY207734.1	1213	1397	1	0	1	1213
CY207734.1	1218	1554	0	1	1	1554
CY207734.1	1257	1504	18	6	24	1257
CY207734.1	1258	1560	0	1	1	1560
CY207734.1	1274	1308	1	0	1	1274
CY207734.1	1288	1546	0	1	1	1546
CY207734.1	1367	1448	1	0	1	1367
CY207734.1	1543	1571	0	1	1	1571
CY207734.1	1544	1625	4	1	5	1544
CY207734.1	1545	1713	0	1	1	1713
CY207734.1	1557	1645	0	1	1	1645
CY207734.1	1566	1654	0	2	2	1654
CY207734.1	266	1497	1	0	1	266
CY207734.1	279	1332	1	0	1	279
CY207734.1	281	1600	1	0	1	281
CY207734.1	281	543	1	0	1	281
CY207734.1	286	1146	1	0	1	286
CY207734.1	322	654	0	1	1	654
CY207734.1	339	684	0	1	1	684
CY207734.1	396	487	0	1	1	487
CY207734.1	397	593	0	1	1	593
CY207734.1	398	794	1	0	1	398
CY207734.1	413	490	1	0	1	413
CY207734.1	414	1494	1	1	2	414
CY207734.1	419	1708	0	1	1	1708
CY207734.1	423	713	0	1	1	713
CY207734.1	438	1503	0	1	1	1503
CY207734.1	439	1555	0	1	1	1555
CY207734.1	449	1704	0	1	1	1704
CY207734.1	491	991	0	1	1	991
CY207734.1	498	1147	0	1	1	1147
CY207734.1	558	817	1	0	1	558
CY207734.1	617	803	1	0	1	617
CY207734.1	634	1485	1	0	1	634
CY207734.1	651	698	0	1	1	698
CY207734.1	664	1413	0	1	1	1413
CY207734.1	695	717	0	1	1	717
CY207734.1	696	1257	0	1	1	1257
CY207734.1	700	750	1	1	2	700
CY207734.1	750	999	0	1	1	999
CY207734.1	755	1031	1	0	1	755
CY207734.1	763	845	1	0	1	763
CY207734.1	770	1239	0	1	1	1239
CY207734.1	774	1699	0	1	1	1699
CY207734.1	790	1514	0	1	1	1514
CY207734.1	803	850	1	0	1	803
CY207734.1	808	1362	0	1	1	1362
CY207734.1	840	1025	1	0	1	840
CY207734.1	843	1025	1	0	1	843
CY207734.1	849	1134	0	1	1	1134
CY207734.1	885	1066	0	1	1	1066
CY207734.1	889	1579	0	1	1	1579
CY207734.1	912	1138	0	1	1	1138
CY207734.1	947	1169	1	0	1	947
CY207734.1	974	1383	0	1	1	1383
CY207734.1	979	1354	0	1	1	1354
CY207735.1	350	971	1	14	15	350
CY207735.1	426	454	1	0	1	426
CY207735.1	511	740	4	6	10	511
CY207735.1	563	908	0	1	1	908
CY207735.1	620	803	0	1	1	803
CY207736.1	1195	2183	1	0	1	1195
CY207736.1	1258	1647	12	10	22	1258
CY207736.1	1293	1668	0	1	1	1668
CY207736.1	1299	1932	0	1	1	1932
CY207736.1	1302	2252	0	1	1	2252
CY207736.1	1323	1512	1	0	1	1323
CY207736.1	1389	1660	0	1	1	1660
CY207736.1	1432	2346	0	1	1	2346
CY207736.1	1476	1645	0	1	1	1645
CY207736.1	1482	1516	1	0	1	1482
CY207736.1	1485	2177	0	1	1	2177
CY207736.1	1540	1843	1	0	1	1540
CY207736.1	1548	1956	1	0	1	1548
CY207736.1	1940	1972	1	1	2	1940
CY207736.1	2022	2067	1	0	1	2022
CY207736.1	2175	2220	1	0	1	2175
CY207736.1	289	868	1	0	1	289
CY207736.1	404	1743	1	0	1	404
CY207736.1	457	2228	0	1	1	2228
CY207736.1	551	1068	1	0	1	551
CY207736.1	555	1153	0	1	1	1153
CY207736.1	570	1107	1	0	1	570
CY207736.1	600	2096	0	1	1	2096
CY207736.1	622	1601	1	0	1	622
CY207736.1	625	1900	2	0	2	625
CY207736.1	629	1931	25	17	42	629
CY207736.1	631	2056	0	1	1	2056
CY207736.1	648	1701	1	0	1	648
CY207736.1	668	1634	0	1	1	1634
CY207736.1	677	892	1	0	1	677
CY207736.1	686	1952	0	1	1	1952
CY207736.1	693	1403	1	0	1	693
CY207736.1	699	2203	11	21	32	699
CY207736.1	744	1128	1	0	1	744
CY207736.1	754	2136	1	0	1	754
CY207736.1	779	845	1	0	1	779
CY207736.1	790	1412	1	0	1	790
CY207736.1	827	2013	4	4	8	827
CY207736.1	834	1149	0	1	1	1149
CY207736.1	845	2209	1	0	1	845
CY207736.1	846	1312	0	1	1	1312
CY207736.1	856	892	1	0	1	856
CY207736.1	888	2124	0	1	1	2124
CY207736.1	932	1863	0	1	1	1863
CY207736.1	948	1099	10	10	20	948
CY207736.1	984	2188	1	0	1	984
CY207737.1	1027	1634	16	20	36	1027
CY207737.1	1039	1639	0	1	1	1639
CY207737.1	1060	1392	0	1	1	1392
CY207737.1	1077	2365	0	1	1	2365
CY207737.1	1092	1636	1	0	1	1092
CY207737.1	1098	1593	0	1	1	1593
CY207737.1	1359	1807	0	1	1	1807
CY207737.1	1517	2089	1	0	1	1517
CY207737.1	1550	1786	0	1	1	1786
CY207737.1	1579	1979	0	1	1	1979
CY207737.1	1651	2234	0	1	1	2234
CY207737.1	1718	2098	0	1	1	2098
CY207737.1	1720	1900	1	0	1	1720
CY207737.1	2084	2445	0	1	1	2445
CY207737.1	2129	2171	1	0	1	2129
CY207737.1	2155	2418	1	0	1	2155
CY207737.1	2309	2454	0	1	1	2454
CY207737.1	343	2220	1	0	1	343
CY207737.1	452	2332	1	0	1	452
CY207737.1	478	938	1	0	1	478
CY207737.1	506	918	1	0	1	506
CY207737.1	591	2328	1	0	1	591
CY207737.1	687	2199	0	1	1	2199
CY207737.1	689	1845	0	1	1	1845
CY207737.1	693	1534	1	0	1	693
CY207737.1	704	862	1	0	1	704
CY207737.1	794	1692	1	0	1	794
CY207737.1	795	1579	0	1	1	1579
CY207737.1	968	1584	1	0	1	968
CY207738.1	1066	2016	0	1	1	2016
CY207738.1	1067	1149	0	1	1	1149
CY207738.1	1111	1913	1	0	1	1111
CY207738.1	1218	2144	0	1	1	2144
CY207738.1	1264	1636	0	1	1	1636
CY207738.1	1307	2138	1	0	1	1307
CY207738.1	1357	1960	1	0	1	1357
CY207738.1	1427	1759	1	0	1	1427
CY207738.1	1474	2101	0	1	1	2101
CY207738.1	1518	2033	0	1	1	2033
CY207738.1	1526	1881	0	1	1	1881
CY207738.1	1623	1651	0	1	1	1651
CY207738.1	1660	2283	1	0	1	1660
CY207738.1	1848	2166	1	0	1	1848
CY207738.1	1982	2303	1	0	1	1982
CY207738.1	1985	2220	1	0	1	1985
CY207738.1	256	1549	1	0	1	256
CY207738.1	359	2215	1	0	1	359
CY207738.1	390	1408	1	0	1	390
CY207738.1	409	1543	0	1	1	1543
CY207738.1	421	2173	0	1	1	2173
CY207738.1	485	1073	0	1	1	1073
CY207738.1	497	997	1	0	1	497
CY207738.1	588	755	1	0	1	588
CY207738.1	708	1602	0	1	1	1602
CY207738.1	731	1407	0	1	1	1407
CY207738.1	746	1625	1	0	1	746
CY207738.1	767	2325	0	1	1	2325
CY207738.1	784	1605	1	0	1	784
CY207738.1	797	931	1	0	1	797
CY207738.1	809	1860	0	1	1	1860
CY207738.1	870	2204	7	6	13	870
CY207738.1	893	941	1	0	1	893
CY207738.1	895	2222	0	1	1	2222
CY207738.1	933	1390	0	1	1	1390
CY207738.1	970	1361	1	0	1	970
