Segment	Start	Stop	Forward_support	Reverse_support	Total_support	Fuzz_factor
CY207731.1	1015	1232	0	1	1	1232
CY207731.1	1021	1120	1	0	1	1021
CY207731.1	1066	1357	11	5	16	1066
CY207731.1	1100	1293	1	0	1	1100
CY207731.1	1235	1389	0	1	1	1389
CY207731.1	1290	1458	0	1	1	1458
CY207731.1	1404	1758	1	0	1	1404
CY207731.1	1447	1769	0	1	1	1769
CY207731.1	1519	1658	4	0	4	1519
CY207731.1	1538	1903	0	1	1	1903
CY207731.1	1569	1596	9	80	89	1569
CY207731.1	1644	1793	1	0	1	1644
CY207731.1	1728	1758	1	0	1	1728
CY207731.1	1732	1799	8	15	23	1732
CY207731.1	1786	1872	0	1	1	1872
CY207731.1	252	330	1	0	1	252
CY207731.1	264	1290	1	0	1	264
CY207731.1	270	936	1	0	1	270
CY207731.1	293	1684	25	4	29	293
CY207731.1	305	1510	4	12	16	305
CY207731.1	343	1412	0	1	1	1412
CY207731.1	371	1481	1	0	1	371
CY207731.1	372	1738	1	0	1	372
CY207731.1	378	1746	51	43	94	378
CY207731.1	380	1748	0	1	1	1748
CY207731.1	405	1320	0	1	1	1320
CY207731.1	405	1328	0	1	1	1328
CY207731.1	407	1109	0	1	1	1109
CY207731.1	430	537	0	1	1	537
CY207731.1	453	1871	0	1	1	1871
CY207731.1	460	1369	0	1	1	1369
CY207731.1	476	525	0	1	1	525
CY207731.1	480	1178	0	1	1	1178
CY207731.1	486	1654	1	0	1	486
CY207731.1	504	622	1	0	1	504
CY207731.1	507	582	0	1	1	582
CY207731.1	577	769	1	0	1	577
CY207731.1	606	1178	0	1	1	1178
CY207731.1	609	1352	0	1	1	1352
CY207731.1	662	1578	0	1	1	1578
CY207731.1	667	1191	0	1	1	1191
CY207731.1	678	1802	0	1	1	1802
CY207731.1	712	1021	0	1	1	1021
CY207731.1	772	1405	1	0	1	772
CY207731.1	775	1877	1	1	2	775
CY207731.1	801	1354	1	0	1	801
CY207731.1	817	1013	0	1	1	1013
CY207731.1	830	1196	0	1	1	1196
CY207731.1	833	1112	0	1	1	1112
CY207731.1	901	1485	1	0	1	901
CY207731.1	918	941	0	1	1	941
CY207731.1	962	1736	0	1	1	1736
CY207732.1	1011	1174	0	1	1	1174
CY207732.1	276	398	1	0	1	276
CY207732.1	344	868	0	1	1	868
CY207732.1	402	1058	0	1	1	1058
CY207732.1	402	521	0	1	1	521
CY207732.1	412	616	0	1	1	616
CY207732.1	414	469	0	1	1	469
CY207732.1	416	595	0	1	1	595
CY207732.1	417	1132	0	1	1	1132
CY207732.1	419	573	0	1	1	573
CY207732.1	419	853	0	1	1	853
CY207732.1	431	708	0	1	1	708
CY207732.1	435	732	0	1	1	732
CY207732.1	440	729	0	1	1	729
CY207732.1	454	1052	1	0	1	454
CY207732.1	472	936	0	1	1	936
CY207732.1	478	1157	0	1	1	1157
CY207732.1	522	1000	1	0	1	522
CY207732.1	535	984	1	0	1	535
CY207732.1	536	717	1	0	1	536
CY207732.1	538	902	0	1	1	902
CY207732.1	540	972	0	1	1	972
CY207732.1	564	948	1	0	1	564
CY207732.1	621	861	1	0	1	621
CY207732.1	685	839	10	14	24	685
CY207732.1	718	860	0	1	1	860
CY207732.1	721	756	0	1	1	756
CY207732.1	721	916	1	0	1	721
CY207732.1	749	811	0	1	1	811
CY207732.1	753	815	8	7	15	753
CY207732.1	770	1023	1	0	1	770
CY207732.1	777	935	1	0	1	777
CY207732.1	788	1034	1	0	1	788
CY207732.1	881	1012	0	1	1	1012
CY207733.1	1001	1292	0	1	1	1292
CY207733.1	1220	1243	1	0	1	1220
CY207733.1	385	1413	1	0	1	385
CY207733.1	426	918	1	0	1	426
CY207733.1	440	492	0	1	1	492
CY207733.1	447	795	0	1	1	795
CY207733.1	519	1055	0	1	1	1055
CY207733.1	582	965	0	1	1	965
CY207733.1	604	913	1	0	1	604
CY207733.1	608	1123	1	0	1	608
CY207733.1	631	989	1	0	1	631
CY207733.1	643	1147	1	0	1	643
CY207733.1	664	1128	1	0	1	664
CY207733.1	713	946	0	1	1	946
CY207733.1	829	1118	0	1	1	1118
CY207733.1	840	1470	1	0	1	840
CY207734.1	1003	1462	1	0	1	1003
CY207734.1	1041	1448	1	0	1	1041
CY207734.1	1051	1547	0	1	1	1547
CY207734.1	1061	1141	0	1	1	1141
CY207734.1	1119	1194	0	1	1	1194
CY207734.1	1305	1523	0	1	1	1523
CY207734.1	1306	1561	1	0	1	1306
CY207734.1	1321	1599	0	1	1	1599
CY207734.1	1330	1729	0	3	3	1729
CY207734.1	1392	1465	0	1	1	1465
CY207734.1	1408	1555	1	0	1	1408
CY207734.1	1532	1713	0	1	1	1713
CY207734.1	242	1575	1	0	1	242
CY207734.1	244	1555	1	0	1	244
CY207734.1	246	603	1	0	1	246
CY207734.1	290	1391	1	0	1	290
CY207734.1	290	1637	1	0	1	290
CY207734.1	290	676	1	0	1	290
CY207734.1	290	900	1	0	1	290
CY207734.1	322	1331	1	0	1	322
CY207734.1	324	1513	1	0	1	324
CY207734.1	350	688	0	1	1	688
CY207734.1	353	1622	0	1	1	1622
CY207734.1	361	1540	18	41	59	361
CY207734.1	376	677	1	0	1	376
CY207734.1	396	1579	9	15	24	396
CY207734.1	399	925	0	1	1	925
CY207734.1	401	1607	0	1	1	1607
CY207734.1	414	718	1	0	1	414
CY207734.1	416	1603	0	1	1	1603
CY207734.1	426	1559	0	1	1	1559
CY207734.1	429	1130	1	0	1	429
CY207734.1	440	983	0	1	1	983
CY207734.1	441	483	1	0	1	441
CY207734.1	448	1685	0	1	1	1685
CY207734.1	462	894	0	1	1	894
CY207734.1	465	1334	0	1	1	1334
CY207734.1	465	923	0	1	1	923
CY207734.1	467	1146	0	1	1	1146
CY207734.1	480	930	1	0	1	480
CY207734.1	484	1362	0	1	1	1362
CY207734.1	527	590	1	0	1	527
CY207734.1	534	1285	0	1	1	1285
CY207734.1	589	1197	1	0	1	589
CY207734.1	592	1569	0	1	1	1569
CY207734.1	593	1417	1	0	1	593
CY207734.1	597	1205	1	0	1	597
CY207734.1	601	723	1	0	1	601
CY207734.1	633	708	1	0	1	633
CY207734.1	645	1410	1	0	1	645
CY207734.1	707	836	0	1	1	836
CY207734.1	797	958	0	1	1	958
CY207734.1	818	1143	0	1	1	1143
CY207734.1	824	1049	2	1	3	824
CY207734.1	893	1289	0	1	1	1289
CY207734.1	980	1545	0	1	1	1545
CY207734.1	997	1042	3	0	3	997
CY207735.1	247	913	1	0	1	247
CY207735.1	257	926	2	0	2	257
CY207735.1	270	940	1	0	1	270
CY207735.1	272	942	112	5	117	272
CY207735.1	273	944	1	0	1	273
CY207735.1	308	896	0	5	5	896
CY207735.1	349	849	0	27	27	849
CY207735.1	350	845	1	156	157	350
CY207735.1	351	846	0	1	1	846
CY207735.1	369	868	0	1	1	868
CY207735.1	424	470	1	0	1	424
CY207735.1	424	789	0	1	1	789
CY207735.1	511	740	32	86	118	511
CY207735.1	519	746	0	1	1	746
CY207735.1	532	729	1	0	1	532
CY207735.1	536	733	11	22	33	536
CY207735.1	560	788	0	1	1	788
CY207736.1	1090	1460	0	1	1	1460
CY207736.1	1096	1846	1	0	1	1096
CY207736.1	1156	2083	1	0	1	1156
CY207736.1	1258	1647	18	18	36	1258
CY207736.1	1267	1393	13	7	20	1267
CY207736.1	1355	2225	0	1	1	2225
CY207736.1	1395	1875	0	1	1	1875
CY207736.1	1415	1707	1	0	1	1415
CY207736.1	1468	2154	0	1	1	2154
CY207736.1	1471	1587	5	1	6	1471
CY207736.1	1544	1736	0	1	1	1736
CY207736.1	1566	1995	7	18	25	1566
CY207736.1	1760	1958	1	0	1	1760
CY207736.1	1825	1963	41	38	79	1825
CY207736.1	2106	2219	82	23	105	2106
CY207736.1	2115	2229	1	1	2	2115
CY207736.1	270	2013	1	0	1	270
CY207736.1	292	420	4	3	7	292
CY207736.1	351	1516	0	1	1	1516
CY207736.1	363	1305	1	0	1	363
CY207736.1	368	2143	9	13	22	368
CY207736.1	377	2120	1	0	1	377
CY207736.1	387	418	20	31	51	387
CY207736.1	392	2147	11	74	85	392
CY207736.1	393	643	0	1	1	643
CY207736.1	440	1621	0	1	1	1621
CY207736.1	463	1606	0	1	1	1606
CY207736.1	488	588	1	0	1	488
CY207736.1	495	2028	37	52	89	495
CY207736.1	579	1950	1	0	1	579
CY207736.1	580	612	12	19	31	580
CY207736.1	592	624	0	1	1	624
CY207736.1	606	1971	3	1	4	606
CY207736.1	609	1762	1	0	1	609
CY207736.1	623	853	0	1	1	853
CY207736.1	630	2254	0	1	1	2254
CY207736.1	668	783	0	1	1	783
CY207736.1	686	1832	1	0	1	686
CY207736.1	694	1839	11	13	24	694
CY207736.1	696	1841	0	1	1	1841
CY207736.1	700	841	0	1	1	841
CY207736.1	711	1871	19	13	32	711
CY207736.1	740	1716	1	0	1	740
CY207736.1	749	1827	51	13	64	749
CY207736.1	765	1839	0	1	1	1839
CY207736.1	777	812	0	1	1	812
CY207736.1	812	1376	1	0	1	812
CY207736.1	838	1485	0	1	1	1485
CY207736.1	857	1523	0	1	1	1523
CY207736.1	924	1820	0	1	1	1820
CY207737.1	1005	1367	1	0	1	1005
CY207737.1	1017	2446	0	1	1	2446
CY207737.1	1098	1518	1	0	1	1098
CY207737.1	1145	1650	1	0	1	1145
CY207737.1	1145	2358	0	1	1	2358
CY207737.1	1166	1540	1	0	1	1166
CY207737.1	1272	1530	0	1	1	1530
CY207737.1	1383	2250	1	0	1	1383
CY207737.1	1413	2148	1	0	1	1413
CY207737.1	1444	2187	1	0	1	1444
CY207737.1	1478	2098	1	0	1	1478
CY207737.1	1601	2350	1	0	1	1601
CY207737.1	1605	2055	6	25	31	1605
CY207737.1	1716	2181	0	1	1	2181
CY207737.1	1724	1907	1	0	1	1724
CY207737.1	1838	1929	1	0	1	1838
CY207737.1	1908	1948	0	1	1	1948
CY207737.1	1928	2283	1	0	1	1928
CY207737.1	264	1656	1	0	1	264
CY207737.1	341	614	3	0	3	341
CY207737.1	418	2203	1	0	1	418
CY207737.1	422	2299	1	0	1	422
CY207737.1	425	2303	51	1	52	425
CY207737.1	461	2165	8	23	31	461
CY207737.1	494	1551	0	1	1	1551
CY207737.1	603	750	1	0	1	603
CY207737.1	725	1326	0	1	1	1326
CY207737.1	725	1861	0	1	1	1861
CY207737.1	757	1312	0	1	1	1312
CY207737.1	803	1650	1	0	1	803
CY207737.1	823	2096	0	1	1	2096
CY207737.1	832	2318	1	0	1	832
CY207737.1	840	1086	1	0	1	840
CY207737.1	848	1259	1	0	1	848
CY207737.1	850	1659	1	0	1	850
CY207737.1	855	1675	7	6	13	855
CY207738.1	1133	2007	0	1	1	2007
CY207738.1	1305	2372	0	1	1	2372
CY207738.1	1306	2009	1	0	1	1306
CY207738.1	1309	1976	0	1	1	1976
CY207738.1	1613	1677	0	1	1	1677
CY207738.1	1648	2303	1	0	1	1648
CY207738.1	1789	2302	0	1	1	2302
CY207738.1	2286	2313	0	1	1	2313
CY207738.1	2332	2378	3	0	3	2332
CY207738.1	2465	2488	0	1	1	2488
CY207738.1	273	983	1	0	1	273
CY207738.1	298	1793	1	0	1	298
CY207738.1	321	2324	1	0	1	321
CY207738.1	339	2328	1	0	1	339
CY207738.1	365	2312	5	19	24	365
CY207738.1	368	1955	0	1	1	1955
CY207738.1	369	2462	0	1	1	2462
CY207738.1	376	2006	0	1	1	2006
CY207738.1	377	1425	0	1	1	1425
CY207738.1	383	2359	80	148	228	383
CY207738.1	394	1529	0	1	1	1529
CY207738.1	408	2379	0	1	1	2379
CY207738.1	421	1799	1	0	1	421
CY207738.1	421	2359	0	1	1	2359
CY207738.1	424	1370	0	1	1	1370
CY207738.1	429	902	1	0	1	429
CY207738.1	453	2256	1	6	7	453
CY207738.1	457	1342	1	1	2	457
CY207738.1	556	1261	0	1	1	1261
CY207738.1	564	2046	0	1	1	2046
CY207738.1	605	1010	0	1	1	1010
CY207738.1	645	1988	13	22	35	645
CY207738.1	646	1616	0	1	1	1616
CY207738.1	653	1366	0	1	1	1366
CY207738.1	697	943	1	0	1	697
CY207738.1	736	2335	0	1	1	2335
CY207738.1	790	2022	1	0	1	790
CY207738.1	829	2333	0	1	1	2333
CY207738.1	858	1723	12	4	16	858
CY207738.1	899	1750	15	14	29	899
CY207738.1	913	2153	1	0	1	913
CY207738.1	970	1875	0	1	1	1875
