Segment	Start	Stop	Forward_support	Reverse_support	Total_support	Fuzz_factor
CY207731.1	1028	1210	1	0	1	1028
CY207731.1	1040	1800	0	1	1	1800
CY207731.1	1064	1688	1	0	1	1064
CY207731.1	1069	1871	0	1	1	1871
CY207731.1	1110	1754	0	1	1	1754
CY207731.1	1126	1381	1	0	1	1126
CY207731.1	1226	1947	1	0	1	1226
CY207731.1	1273	1352	1	0	1	1273
CY207731.1	1414	1448	0	1	1	1448
CY207731.1	1587	1784	0	1	1	1784
CY207731.1	1605	1631	0	1	1	1631
CY207731.1	1787	1820	1	0	1	1787
CY207731.1	286	928	1	0	1	286
CY207731.1	359	1302	0	1	1	1302
CY207731.1	362	829	0	1	1	829
CY207731.1	363	1064	1	0	1	363
CY207731.1	363	1349	0	1	1	1349
CY207731.1	372	1072	1	0	1	372
CY207731.1	385	1007	0	1	1	1007
CY207731.1	439	793	1	0	1	439
CY207731.1	459	1731	0	1	1	1731
CY207731.1	467	1904	0	1	1	1904
CY207731.1	489	1773	0	1	1	1773
CY207731.1	529	1297	1	0	1	529
CY207731.1	549	1898	0	1	1	1898
CY207731.1	583	1579	0	1	1	1579
CY207731.1	587	1498	0	1	1	1498
CY207731.1	588	611	1	0	1	588
CY207731.1	589	1012	0	1	1	1012
CY207731.1	597	1399	0	1	1	1399
CY207731.1	618	1693	1	0	1	618
CY207731.1	734	1160	0	1	1	1160
CY207731.1	818	1025	0	1	1	1025
CY207731.1	828	1034	0	1	1	1034
CY207731.1	851	1837	1	0	1	851
CY207731.1	872	1692	1	0	1	872
CY207731.1	873	1475	1	0	1	873
CY207731.1	933	1206	0	1	1	1206
CY207732.1	239	525	1	0	1	239
CY207732.1	242	683	1	0	1	242
CY207732.1	260	374	1	0	1	260
CY207732.1	262	896	1	0	1	262
CY207732.1	276	337	1	0	1	276
CY207732.1	278	630	1	0	1	278
CY207732.1	284	902	1	0	1	284
CY207732.1	285	331	1	0	1	285
CY207732.1	288	1043	1	0	1	288
CY207732.1	290	328	1	0	1	290
CY207732.1	344	522	0	1	1	522
CY207732.1	350	493	0	1	1	493
CY207732.1	375	430	1	0	1	375
CY207732.1	382	595	0	1	1	595
CY207732.1	392	1175	0	1	1	1175
CY207732.1	403	1148	0	1	1	1148
CY207732.1	408	1151	0	1	1	1151
CY207732.1	418	645	1	0	1	418
CY207732.1	429	502	0	1	1	502
CY207732.1	457	838	0	1	1	838
CY207732.1	462	1044	1	0	1	462
CY207732.1	483	931	1	0	1	483
CY207732.1	490	816	1	0	1	490
CY207732.1	494	985	0	1	1	985
CY207732.1	498	960	1	0	1	498
CY207732.1	509	891	1	0	1	509
CY207732.1	520	731	0	1	1	731
CY207732.1	524	1033	1	0	1	524
CY207732.1	539	872	0	1	1	872
CY207732.1	552	762	0	1	1	762
CY207732.1	555	1115	0	1	1	1115
CY207732.1	596	737	0	1	1	737
CY207732.1	638	828	0	1	1	828
CY207732.1	676	836	1	0	1	676
CY207732.1	729	1028	1	0	1	729
CY207732.1	732	829	0	1	1	829
CY207732.1	797	1157	0	1	1	1157
CY207732.1	928	1140	0	1	1	1140
CY207733.1	1029	1448	1	0	1	1029
CY207733.1	1029	1480	1	0	1	1029
CY207733.1	1094	1526	1	0	1	1094
CY207733.1	1120	1396	0	1	1	1396
CY207733.1	347	611	0	1	1	611
CY207733.1	430	1058	0	1	1	1058
CY207733.1	491	1193	1	0	1	491
CY207733.1	600	906	1	0	1	600
CY207733.1	891	1258	0	1	1	1258
CY207733.1	924	1500	0	1	1	1500
CY207734.1	1282	1442	1	0	1	1282
CY207734.1	1407	1506	1	0	1	1407
CY207734.1	1612	1697	0	1	1	1697
CY207734.1	245	1521	1	0	1	245
CY207734.1	245	749	1	0	1	245
CY207734.1	246	603	1	0	1	246
CY207734.1	268	1025	1	0	1	268
CY207734.1	332	921	0	1	1	921
CY207734.1	353	863	0	1	1	863
CY207734.1	358	1507	1	0	1	358
CY207734.1	408	1215	1	0	1	408
CY207734.1	420	1240	0	1	1	1240
CY207734.1	432	1078	1	0	1	432
CY207734.1	468	1298	0	1	1	1298
CY207734.1	472	1480	0	1	1	1480
CY207734.1	502	756	0	1	1	756
CY207734.1	506	1186	1	0	1	506
CY207734.1	518	825	0	1	1	825
CY207734.1	523	1160	0	1	1	1160
CY207734.1	559	1094	0	1	1	1094
CY207734.1	573	904	1	0	1	573
CY207734.1	588	1025	1	0	1	588
CY207734.1	592	852	0	1	1	852
CY207734.1	636	908	1	0	1	636
CY207734.1	637	685	1	0	1	637
CY207734.1	668	850	1	0	1	668
CY207734.1	674	727	1	0	1	674
CY207734.1	698	1212	0	1	1	1212
CY207734.1	698	1692	0	1	1	1692
CY207734.1	705	1362	1	0	1	705
CY207734.1	731	955	1	0	1	731
CY207734.1	740	950	1	0	1	740
CY207734.1	811	1540	1	0	1	811
CY207734.1	817	912	0	1	1	912
CY207734.1	869	1222	1	0	1	869
CY207734.1	898	1519	0	1	1	1519
CY207734.1	977	1687	0	1	1	1687
CY207734.1	980	1606	1	0	1	980
CY207735.1	1002	1033	2	130	132	1002
CY207735.1	273	901	114	5	119	273
CY207735.1	280	909	1	0	1	280
CY207735.1	999	1030	0	1	1	1030
CY207736.1	1184	2225	1	0	1	1184
CY207736.1	1201	1450	0	1	1	1450
CY207736.1	1289	1517	1	0	1	1289
CY207736.1	1406	1584	0	1	1	1584
CY207736.1	1412	2256	0	1	1	2256
CY207736.1	1429	2003	0	1	1	2003
CY207736.1	1501	1752	0	1	1	1752
CY207736.1	1519	2200	0	1	1	2200
CY207736.1	1662	2198	1	0	1	1662
CY207736.1	1739	2227	0	1	1	2227
CY207736.1	2105	2294	1	0	1	2105
CY207736.1	2122	2230	0	1	1	2230
CY207736.1	284	1987	1	0	1	284
CY207736.1	305	2153	0	8	8	2153
CY207736.1	333	2190	5	1	6	333
CY207736.1	334	2207	23	10	33	334
CY207736.1	335	365	61	23	84	335
CY207736.1	362	986	0	1	1	986
CY207736.1	371	1507	0	1	1	1507
CY207736.1	385	2250	0	1	1	2250
CY207736.1	407	2049	0	1	1	2049
CY207736.1	436	2141	4	29	33	436
CY207736.1	436	2223	0	1	1	2223
CY207736.1	467	2002	6	0	6	467
CY207736.1	468	2001	1	0	1	468
CY207736.1	477	2008	543	27	570	477
CY207736.1	493	1112	1	0	1	493
CY207736.1	500	2028	92	80	172	500
CY207736.1	503	1894	102	27	129	503
CY207736.1	506	945	0	1	1	945
CY207736.1	530	2017	0	1	1	2017
CY207736.1	540	1628	0	1	1	1628
CY207736.1	551	1914	2	0	2	551
CY207736.1	559	1924	1	0	1	559
CY207736.1	560	1937	13	0	13	560
CY207736.1	566	1931	1	0	1	566
CY207736.1	568	1947	0	1	1	1947
CY207736.1	569	1946	484	362	846	569
CY207736.1	570	1947	1	0	1	570
CY207736.1	584	1961	0	1	1	1961
CY207736.1	585	1927	218	205	423	585
CY207736.1	589	1931	1	4	5	589
CY207736.1	594	995	1	0	1	594
CY207736.1	597	2001	0	1	1	2001
CY207736.1	598	2035	0	1	1	2035
CY207736.1	609	637	96	63	159	609
CY207736.1	617	1233	0	1	1	1233
CY207736.1	627	1942	0	2	2	1942
CY207736.1	634	1970	1	0	1	634
CY207736.1	669	1329	1	0	1	669
CY207736.1	682	2017	1	0	1	682
CY207736.1	774	1865	167	97	264	774
CY207736.1	794	1022	0	1	1	1022
CY207736.1	798	1625	1	0	1	798
CY207736.1	825	2059	1	0	1	825
CY207736.1	827	2073	1	0	1	827
CY207736.1	842	1258	1	0	1	842
CY207736.1	842	2082	83	113	196	842
CY207736.1	843	2083	1	0	1	843
CY207736.1	876	2130	0	1	1	2130
CY207736.1	911	2040	1	0	1	911
CY207736.1	916	1029	0	1	1	1029
CY207736.1	938	2042	1	0	1	938
CY207736.1	988	1287	1	0	1	988
CY207736.1	996	1822	0	1	1	1822
CY207737.1	1033	2367	1	0	1	1033
CY207737.1	1161	1399	0	1	1	1399
CY207737.1	1258	2353	1	0	1	1258
CY207737.1	1275	1508	0	1	1	1508
CY207737.1	1351	1791	1	0	1	1351
CY207737.1	1403	1642	1	0	1	1403
CY207737.1	1403	1835	0	1	1	1835
CY207737.1	1595	2194	1	0	1	1595
CY207737.1	1603	2229	1	0	1	1603
CY207737.1	1832	1867	1	0	1	1832
CY207737.1	1872	2357	0	1	1	2357
CY207737.1	1972	2468	0	1	1	2468
CY207737.1	2118	2175	1	0	1	2118
CY207737.1	2123	2179	1	0	1	2123
CY207737.1	2141	2209	258	210	468	2141
CY207737.1	2285	2319	0	1	1	2319
CY207737.1	242	2039	1	0	1	242
CY207737.1	293	408	0	1	1	408
CY207737.1	340	385	0	3	3	385
CY207737.1	353	398	109	188	297	353
CY207737.1	383	1609	0	1	1	1609
CY207737.1	539	2195	1	0	1	539
CY207737.1	554	2086	2	1	3	554
CY207737.1	559	2198	2	0	2	559
CY207737.1	564	2094	230	166	396	564
CY207737.1	586	1001	0	1	1	1001
CY207737.1	636	2117	0	1	1	2117
CY207737.1	739	854	1	0	1	739
CY207737.1	783	1047	1	0	1	783
CY207737.1	814	854	0	1	1	854
CY207737.1	817	1263	0	1	1	1263
CY207737.1	874	1778	62	75	137	874
CY207737.1	883	1794	0	1	1	1794
CY207737.1	901	1867	4	30	34	901
CY207737.1	932	1813	0	1	1	1813
CY207737.1	951	989	1	0	1	951
CY207738.1	1043	1482	0	1	1	1482
CY207738.1	1073	2240	1	0	1	1073
CY207738.1	1094	2046	1	0	1	1094
CY207738.1	1133	2116	0	1	1	2116
CY207738.1	1208	1539	1	0	1	1208
CY207738.1	1337	2237	1	0	1	1337
CY207738.1	1378	1607	1	0	1	1378
CY207738.1	1423	2329	1	0	1	1423
CY207738.1	1713	2464	0	1	1	2464
CY207738.1	1827	2204	0	1	1	2204
CY207738.1	2275	2471	0	1	1	2471
CY207738.1	2388	2480	0	1	1	2480
CY207738.1	243	1577	1	0	1	243
CY207738.1	246	1845	2	0	2	246
CY207738.1	276	1696	1	0	1	276
CY207738.1	285	1013	1	0	1	285
CY207738.1	286	1808	4	0	4	286
CY207738.1	293	1182	0	1	1	1182
CY207738.1	297	1862	4	0	4	297
CY207738.1	298	1863	40	65	105	298
CY207738.1	334	2149	2	0	2	334
CY207738.1	356	2150	1	0	1	356
CY207738.1	369	549	0	1	1	549
CY207738.1	373	658	1	0	1	373
CY207738.1	379	1905	0	1	1	1905
CY207738.1	380	2179	2	0	2	380
CY207738.1	381	1933	0	1	1	1933
CY207738.1	387	2198	1	8	9	387
CY207738.1	387	2200	0	1	1	2200
CY207738.1	388	2200	0	5	5	2200
CY207738.1	391	2202	508	3481	3989	391
CY207738.1	391	2203	0	1	1	2203
CY207738.1	392	2203	1	3	4	392
CY207738.1	396	2209	0	4	4	2209
CY207738.1	404	2222	0	10	10	2222
CY207738.1	408	2215	0	1	1	2215
CY207738.1	414	2221	0	54	54	2221
CY207738.1	419	2331	0	1	1	2331
CY207738.1	427	2241	0	5	5	2241
CY207738.1	428	2230	0	10	10	2230
CY207738.1	438	2254	0	1	1	2254
CY207738.1	473	2238	0	1	1	2238
CY207738.1	519	2139	251	352	603	519
CY207738.1	520	2140	1	2	3	520
CY207738.1	542	2203	0	1	1	2203
CY207738.1	597	1886	14	17	31	597
CY207738.1	646	2358	0	1	1	2358
CY207738.1	680	1808	0	1	1	1808
CY207738.1	695	2266	0	1	1	2266
CY207738.1	843	1810	1	0	1	843
CY207738.1	874	2096	0	1	1	2096
