Segment	Start	Stop	Forward_support	Reverse_support	Total_support	Fuzz_factor
CY207731.1	1135	1560	1	0	1	1135
CY207731.1	1181	1586	1	0	1	1181
CY207731.1	1264	1518	0	1	1	1518
CY207731.1	1307	1386	1	0	1	1307
CY207731.1	1360	1417	1	0	1	1360
CY207731.1	1432	1510	0	1	1	1510
CY207731.1	1480	1820	1	0	1	1480
CY207731.1	245	806	1	0	1	245
CY207731.1	260	1036	1	0	1	260
CY207731.1	382	1538	0	1	1	1538
CY207731.1	389	684	0	1	1	684
CY207731.1	391	1325	0	1	1	1325
CY207731.1	394	1157	0	1	1	1157
CY207731.1	394	749	1	0	1	394
CY207731.1	421	1368	0	1	1	1368
CY207731.1	450	1476	0	1	1	1476
CY207731.1	454	570	0	1	1	570
CY207731.1	459	740	0	1	1	740
CY207731.1	463	1069	0	1	1	1069
CY207731.1	463	1755	0	1	1	1755
CY207731.1	498	781	0	1	1	781
CY207731.1	568	1204	0	1	1	1204
CY207731.1	571	1266	0	1	1	1266
CY207731.1	581	622	0	1	1	622
CY207731.1	630	1857	1	0	1	630
CY207731.1	657	1168	0	1	1	1168
CY207731.1	661	739	0	1	1	739
CY207731.1	715	1723	0	1	1	1723
CY207731.1	717	1600	1	0	1	717
CY207731.1	728	1135	1	0	1	728
CY207731.1	744	1759	0	1	1	1759
CY207731.1	819	1284	0	1	1	1284
CY207731.1	913	948	0	1	1	948
CY207731.1	994	1132	0	1	1	1132
CY207732.1	258	347	1	0	1	258
CY207732.1	259	882	1	0	1	259
CY207732.1	275	1043	1	0	1	275
CY207732.1	284	336	1	0	1	284
CY207732.1	290	1070	1	0	1	290
CY207732.1	355	700	1	0	1	355
CY207732.1	368	633	0	1	1	633
CY207732.1	374	723	0	1	1	723
CY207732.1	378	488	0	1	1	488
CY207732.1	397	871	0	1	1	871
CY207732.1	400	905	0	1	1	905
CY207732.1	401	910	0	1	1	910
CY207732.1	403	675	0	1	1	675
CY207732.1	407	910	1	0	1	407
CY207732.1	414	920	0	1	1	920
CY207732.1	415	539	0	1	1	539
CY207732.1	421	906	0	1	1	906
CY207732.1	426	942	0	1	1	942
CY207732.1	438	468	0	1	1	468
CY207732.1	441	564	0	1	1	564
CY207732.1	443	980	0	1	1	980
CY207732.1	463	527	0	1	1	527
CY207732.1	470	1044	1	0	1	470
CY207732.1	509	1133	0	1	1	1133
CY207732.1	529	593	3	7	10	529
CY207732.1	554	718	0	1	1	718
CY207732.1	580	1095	0	1	1	1095
CY207732.1	607	998	1	0	1	607
CY207732.1	622	1099	1	0	1	622
CY207732.1	647	806	1	0	1	647
CY207732.1	651	914	0	1	1	914
CY207732.1	717	1041	1	0	1	717
CY207732.1	718	860	1	0	1	718
CY207732.1	759	868	0	1	1	868
CY207732.1	781	910	5	5	10	781
CY207732.1	783	812	1	0	1	783
CY207732.1	855	887	1	0	1	855
CY207732.1	932	984	1	0	1	932
CY207732.1	959	1065	1	0	1	959
CY207732.1	970	999	0	1	1	999
CY207732.1	972	1002	0	1	1	1002
CY207733.1	1034	1091	1	0	1	1034
CY207733.1	1318	1415	1	0	1	1318
CY207733.1	1443	1568	0	17	17	1568
CY207733.1	1537	1565	1	0	1	1537
CY207733.1	315	1274	2	16	18	315
CY207733.1	322	1428	111	196	307	322
CY207733.1	342	868	0	1	1	868
CY207733.1	345	1056	0	1	1	1056
CY207733.1	365	1442	1	0	1	365
CY207733.1	369	1446	12	1	13	369
CY207733.1	370	1447	132	270	402	370
CY207733.1	372	1450	0	1	1	1450
CY207733.1	395	1464	0	1	1	1464
CY207733.1	403	851	1	0	1	403
CY207733.1	405	1364	0	16	16	1364
CY207733.1	437	1060	0	1	1	1060
CY207733.1	443	1051	0	1	1	1051
CY207733.1	459	516	0	1	1	516
CY207733.1	476	500	0	1	1	500
CY207733.1	479	504	1	0	1	479
CY207733.1	586	1022	0	1	1	1022
CY207733.1	592	765	1	0	1	592
CY207733.1	719	1455	1	0	1	719
CY207733.1	745	1214	1	0	1	745
CY207733.1	830	1493	0	1	1	1493
CY207733.1	884	1508	1	0	1	884
CY207733.1	936	1006	0	1	1	1006
CY207733.1	946	1286	0	1	1	1286
CY207734.1	1019	1061	0	1	1	1061
CY207734.1	1028	1052	0	1	1	1052
CY207734.1	1028	1053	0	1	1	1053
CY207734.1	1185	1452	0	1	1	1452
CY207734.1	1347	1371	0	1	1	1371
CY207734.1	1435	1512	25	7	32	1435
CY207734.1	280	1465	1	0	1	280
CY207734.1	282	817	1	0	1	282
CY207734.1	339	608	1	0	1	339
CY207734.1	344	1244	1	0	1	344
CY207734.1	353	1469	1	0	1	353
CY207734.1	372	846	1	0	1	372
CY207734.1	393	583	0	1	1	583
CY207734.1	405	1579	0	1	1	1579
CY207734.1	406	784	0	1	1	784
CY207734.1	408	746	0	1	1	746
CY207734.1	408	847	0	1	1	847
CY207734.1	458	1247	1	0	1	458
CY207734.1	485	550	1	0	1	485
CY207734.1	485	615	0	1	1	615
CY207734.1	486	1516	0	1	1	1516
CY207734.1	496	1162	0	1	1	1162
CY207734.1	591	1237	0	1	1	1237
CY207734.1	597	799	0	1	1	799
CY207734.1	628	959	1	0	1	628
CY207734.1	632	1446	1	0	1	632
CY207734.1	633	1008	1	0	1	633
CY207734.1	664	1051	1	0	1	664
CY207734.1	665	687	0	1	1	687
CY207734.1	675	727	0	1	1	727
CY207734.1	733	1441	1	0	1	733
CY207734.1	758	1326	0	1	1	1326
CY207734.1	808	1434	1	0	1	808
CY207734.1	823	862	0	1	1	862
CY207734.1	870	986	0	1	1	986
CY207734.1	892	1175	1	0	1	892
CY207734.1	943	1327	1	0	1	943
CY207734.1	971	1042	7	12	19	971
CY207734.1	988	1014	1	0	1	988
CY207735.1	239	391	0	1	1	391
CY207735.1	247	731	1	0	1	247
CY207735.1	252	876	1	0	1	252
CY207735.1	286	380	1	0	1	286
CY207735.1	338	494	1	0	1	338
CY207735.1	396	609	0	1	1	609
CY207735.1	427	612	0	1	1	612
CY207735.1	447	679	0	1	1	679
CY207735.1	458	540	24	105	129	458
CY207735.1	462	544	0	2	2	544
CY207735.1	471	513	0	1	1	513
CY207735.1	511	740	4	14	18	511
CY207735.1	515	647	1	0	1	515
CY207735.1	519	746	0	1	1	746
CY207735.1	538	567	0	1	1	567
CY207735.1	649	686	1	1	2	649
CY207735.1	742	801	0	1	1	801
CY207735.1	848	914	1	0	1	848
CY207736.1	1102	1148	1	0	1	1102
CY207736.1	1140	1302	0	1	1	1302
CY207736.1	1208	1704	29	25	54	1208
CY207736.1	1235	1727	0	1	1	1727
CY207736.1	1254	1719	0	1	1	1719
CY207736.1	1265	1325	0	1	1	1325
CY207736.1	1281	1746	0	1	1	1746
CY207736.1	1282	1315	0	1	1	1315
CY207736.1	1389	1726	1	0	1	1389
CY207736.1	1599	1628	1	0	1	1599
CY207736.1	1767	1883	35	54	89	1767
CY207736.1	1886	2247	0	1	1	2247
CY207736.1	2088	2132	31	32	63	2088
CY207736.1	2161	2270	1	72	73	2161
CY207736.1	267	1349	1	0	1	267
CY207736.1	269	2058	1	0	1	269
CY207736.1	287	2225	19	1	20	287
CY207736.1	303	334	1	3	4	303
CY207736.1	325	367	2	1	3	325
CY207736.1	331	2141	2	47	49	331
CY207736.1	333	2215	22	25	47	333
CY207736.1	334	2207	10	4	14	334
CY207736.1	334	368	10	2	12	334
CY207736.1	334	391	3	0	3	334
CY207736.1	337	1384	1	0	1	337
CY207736.1	383	2163	0	42	42	2163
CY207736.1	389	2099	1	0	1	389
CY207736.1	402	428	0	3	3	428
CY207736.1	412	2071	8	9	17	412
CY207736.1	430	1637	1	0	1	430
CY207736.1	451	1393	0	1	1	1393
CY207736.1	455	1942	42	2	44	455
CY207736.1	474	1693	1	0	1	474
CY207736.1	474	2044	0	1	1	2044
CY207736.1	477	1694	34	81	115	477
CY207736.1	477	555	2	0	2	477
CY207736.1	478	2042	1	0	1	478
CY207736.1	479	1379	0	1	1	1379
CY207736.1	490	2061	7	28	35	490
CY207736.1	525	2007	1	0	1	525
CY207736.1	534	2027	0	1	1	2027
CY207736.1	537	1799	1	0	1	537
CY207736.1	547	2028	22	19	41	547
CY207736.1	548	1844	19	13	32	548
CY207736.1	561	2038	1	0	1	561
CY207736.1	564	1548	23	14	37	564
CY207736.1	564	2040	13	17	30	564
CY207736.1	584	1961	1	0	1	584
CY207736.1	588	1770	1	0	1	588
CY207736.1	600	1634	0	1	1	1634
CY207736.1	626	2009	40	39	79	626
CY207736.1	627	2010	0	1	1	2010
CY207736.1	645	1837	1	0	1	645
CY207736.1	653	1871	22	24	46	653
CY207736.1	666	1002	28	18	46	666
CY207736.1	727	2105	2	3	5	727
CY207736.1	731	1859	50	32	82	731
CY207736.1	767	1952	1	0	1	767
CY207736.1	780	1464	1	0	1	780
CY207736.1	823	1719	1	0	1	823
CY207736.1	843	1469	0	1	1	1469
CY207736.1	912	1404	1	0	1	912
CY207736.1	963	2024	1	0	1	963
CY207737.1	1202	1785	1	0	1	1202
CY207737.1	2174	2267	1	0	1	2174
CY207737.1	2414	2450	5	44	49	2414
CY207737.1	247	291	71	0	71	247
CY207737.1	251	1175	1	0	1	251
CY207737.1	256	336	96	0	96	256
CY207737.1	288	314	1	0	1	288
CY207737.1	325	522	4	4	8	325
CY207737.1	354	2302	1	1	2	354
CY207737.1	435	464	54	3	57	435
CY207737.1	445	2155	26	5	31	445
CY207737.1	449	2182	8	3	11	449
CY207737.1	453	2232	1	0	1	453
CY207737.1	462	2243	32	158	190	462
CY207737.1	469	2250	0	3	3	2250
CY207737.1	471	696	0	1	1	696
CY207737.1	486	2217	0	1	1	2217
CY207737.1	498	1328	0	1	1	1328
CY207737.1	542	2360	44	18	62	542
CY207737.1	543	2361	1	0	1	543
CY207737.1	552	2191	1	0	1	552
CY207737.1	553	2186	1	0	1	553
CY207737.1	556	2369	2	0	2	556
CY207737.1	559	2198	1	0	1	559
CY207737.1	575	900	0	1	1	900
CY207737.1	608	2237	59	4	63	608
CY207737.1	625	1256	1	0	1	625
CY207737.1	647	2151	10	8	18	647
CY207737.1	680	2281	0	1	1	2281
CY207737.1	683	2095	112	65	177	683
CY207737.1	684	2096	1	0	1	684
CY207737.1	696	2106	0	5	5	2106
CY207737.1	719	1363	0	1	1	1363
CY207737.1	736	2330	1	0	1	736
CY207737.1	798	1502	0	1	1	1502
CY207737.1	958	2299	0	1	1	2299
CY207738.1	1035	2312	1	0	1	1035
CY207738.1	1147	1171	1	0	1	1147
CY207738.1	1148	1215	1	0	1	1148
CY207738.1	1287	1918	0	1	1	1918
CY207738.1	1289	1662	0	1	1	1662
CY207738.1	1296	1650	1	0	1	1296
CY207738.1	1298	2451	0	1	1	2451
CY207738.1	1324	1680	0	1	1	1680
CY207738.1	1367	1758	1	0	1	1367
CY207738.1	1713	2109	0	1	1	2109
CY207738.1	1722	2096	0	1	1	2096
CY207738.1	1790	2453	0	1	1	2453
CY207738.1	1810	1872	1	0	1	1810
CY207738.1	2142	2395	14	2	16	2142
CY207738.1	2218	2391	1	0	1	2218
CY207738.1	271	1983	1	0	1	271
CY207738.1	273	2208	1	0	1	273
CY207738.1	283	2012	1	0	1	283
CY207738.1	285	1972	1	0	1	285
CY207738.1	310	2318	16	12	28	310
CY207738.1	317	384	3	24	27	317
CY207738.1	322	2285	1	0	1	322
CY207738.1	329	2274	3	1	4	329
CY207738.1	332	1228	0	1	1	1228
CY207738.1	346	2235	4	0	4	346
CY207738.1	350	2305	1	0	1	350
CY207738.1	353	2293	2	0	2	353
CY207738.1	360	2315	0	3	3	2315
CY207738.1	362	2317	259	600	859	362
CY207738.1	362	2318	0	1	1	2318
CY207738.1	365	2320	0	4	4	2320
CY207738.1	374	2195	2	12	14	374
CY207738.1	377	677	0	1	1	677
CY207738.1	383	2359	0	4	4	2359
CY207738.1	395	767	0	1	1	767
CY207738.1	398	2373	0	1	1	2373
CY207738.1	399	2203	0	40	40	2203
CY207738.1	399	2217	1	0	1	399
CY207738.1	408	2379	0	3	3	2379
CY207738.1	409	1315	0	1	1	1315
CY207738.1	416	2299	23	115	138	416
CY207738.1	417	2330	0	1	1	2330
CY207738.1	425	2306	0	1	1	2306
CY207738.1	434	790	0	1	1	790
CY207738.1	435	2266	2	82	84	435
CY207738.1	453	2196	88	210	298	453
CY207738.1	454	2197	1	0	1	454
CY207738.1	456	483	1	0	1	456
CY207738.1	542	2203	1	0	1	542
CY207738.1	567	2038	15	25	40	567
CY207738.1	578	664	1	0	1	578
CY207738.1	606	2281	0	1	1	2281
CY207738.1	825	990	1	0	1	825
CY207738.1	856	1173	1	0	1	856
CY207738.1	951	1015	0	1	1	1015
CY207738.1	966	1387	0	1	1	1387
CY207738.1	966	2304	0	1	1	2304
CY207738.1	970	2167	1	0	1	970
CY207738.1	979	1318	0	1	1	1318
CY207738.1	983	1395	0	1	1	1395
