Segment	Start	Stop	Forward_support	Reverse_support	Total_support	Fuzz_factor
CY207731.1	1007	1796	1	0	1	1007
CY207731.1	1041	1458	1	0	1	1041
CY207731.1	1068	1289	0	1	1	1289
CY207731.1	1069	1360	0	2	2	1360
CY207731.1	1096	1786	0	1	1	1786
CY207731.1	1207	1263	0	1	1	1263
CY207731.1	1284	1699	0	1	1	1699
CY207731.1	1291	1871	0	1	1	1871
CY207731.1	1292	1780	1	0	1	1292
CY207731.1	1315	1671	0	1	1	1671
CY207731.1	1328	1544	0	1	1	1544
CY207731.1	1354	1898	0	1	1	1898
CY207731.1	1369	1493	0	1	1	1493
CY207731.1	1392	1581	1	0	1	1392
CY207731.1	1515	1755	1	0	1	1515
CY207731.1	1563	1656	0	1	1	1656
CY207731.1	1569	1596	12	86	98	1569
CY207731.1	1598	1916	0	1	1	1916
CY207731.1	1690	1742	32	8	40	1690
CY207731.1	1695	1746	0	1	1	1746
CY207731.1	261	1690	1	0	1	261
CY207731.1	266	1658	1	0	1	266
CY207731.1	292	1437	1	0	1	292
CY207731.1	305	1510	1	7	8	305
CY207731.1	329	1001	1	0	1	329
CY207731.1	340	1724	1	0	1	340
CY207731.1	347	1731	1	0	1	347
CY207731.1	353	1359	0	1	1	1359
CY207731.1	372	1738	1	0	1	372
CY207731.1	378	1746	46	54	100	378
CY207731.1	382	1817	1	0	1	382
CY207731.1	400	1045	1	0	1	400
CY207731.1	430	1914	0	1	1	1914
CY207731.1	439	1878	0	1	1	1878
CY207731.1	456	484	1	0	1	456
CY207731.1	457	1136	1	0	1	457
CY207731.1	490	778	0	1	1	778
CY207731.1	496	1276	1	0	1	496
CY207731.1	498	1536	1	0	1	498
CY207731.1	500	1794	0	1	1	1794
CY207731.1	501	990	0	1	1	990
CY207731.1	504	1323	0	1	1	1323
CY207731.1	508	756	0	1	1	756
CY207731.1	509	1685	1	0	1	509
CY207731.1	519	1683	0	1	1	1683
CY207731.1	527	1727	0	1	1	1727
CY207731.1	531	1050	0	1	1	1050
CY207731.1	532	1535	0	1	1	1535
CY207731.1	533	1775	0	1	1	1775
CY207731.1	543	998	0	1	1	998
CY207731.1	544	1265	0	1	1	1265
CY207731.1	560	1097	0	1	1	1097
CY207731.1	561	961	1	0	1	561
CY207731.1	579	729	1	0	1	579
CY207731.1	591	1263	1	0	1	591
CY207731.1	646	1750	1	0	1	646
CY207731.1	682	1098	1	0	1	682
CY207731.1	706	1748	0	1	1	1748
CY207731.1	709	1272	1	0	1	709
CY207731.1	730	1379	1	0	1	730
CY207731.1	792	917	0	1	1	917
CY207731.1	793	1892	0	1	1	1892
CY207731.1	999	1895	0	1	1	1895
CY207732.1	1024	1131	0	1	1	1131
CY207732.1	273	462	1	0	1	273
CY207732.1	289	318	1	0	1	289
CY207732.1	293	322	1	0	1	293
CY207732.1	350	621	0	1	1	621
CY207732.1	350	727	1	0	1	350
CY207732.1	356	844	1	0	1	356
CY207732.1	357	651	1	0	1	357
CY207732.1	358	458	1	0	1	358
CY207732.1	358	824	0	1	1	824
CY207732.1	393	900	1	0	1	393
CY207732.1	394	798	0	1	1	798
CY207732.1	398	753	0	1	1	753
CY207732.1	401	749	0	1	1	749
CY207732.1	417	903	1	0	1	417
CY207732.1	424	1158	0	1	1	1158
CY207732.1	429	854	1	0	1	429
CY207732.1	444	751	0	1	1	751
CY207732.1	445	954	1	0	1	445
CY207732.1	446	826	0	1	1	826
CY207732.1	449	981	0	1	1	981
CY207732.1	478	762	0	1	1	762
CY207732.1	490	1024	0	1	1	1024
CY207732.1	519	900	0	1	1	900
CY207732.1	543	982	0	1	1	982
CY207732.1	586	620	0	1	1	620
CY207732.1	598	923	0	1	1	923
CY207732.1	606	833	1	0	1	606
CY207732.1	609	787	0	1	1	787
CY207732.1	616	1004	1	0	1	616
CY207732.1	638	876	1	0	1	638
CY207732.1	640	907	1	0	1	640
CY207732.1	672	707	1	0	1	672
CY207732.1	675	1166	0	1	1	1166
CY207732.1	679	815	6	7	13	679
CY207732.1	685	839	5	6	11	685
CY207732.1	710	799	0	3	3	799
CY207732.1	712	845	1	0	1	712
CY207732.1	718	860	10	14	24	718
CY207732.1	790	976	1	0	1	790
CY207732.1	817	866	4	4	8	817
CY207732.1	837	1087	1	0	1	837
CY207732.1	845	1108	0	1	1	1108
CY207732.1	851	874	1	0	1	851
CY207732.1	909	1028	1	0	1	909
CY207732.1	946	1142	0	1	1	1142
CY207732.1	951	1159	0	1	1	1159
CY207732.1	982	1060	0	1	1	1060
CY207733.1	1046	1104	9	9	18	1046
CY207733.1	1057	1272	0	1	1	1272
CY207733.1	1079	1163	8	6	14	1079
CY207733.1	1190	1570	0	1	1	1570
CY207733.1	1320	1414	1	0	1	1320
CY207733.1	255	778	1	0	1	255
CY207733.1	269	1308	1	0	1	269
CY207733.1	277	444	1	0	1	277
CY207733.1	304	1387	2	9	11	304
CY207733.1	339	451	0	1	1	451
CY207733.1	355	1152	0	1	1	1152
CY207733.1	374	1216	0	1	1	1216
CY207733.1	376	1125	0	1	1	1125
CY207733.1	379	519	0	1	1	519
CY207733.1	407	721	0	1	1	721
CY207733.1	411	1110	0	1	1	1110
CY207733.1	463	522	0	1	1	522
CY207733.1	464	987	1	0	1	464
CY207733.1	470	510	0	1	1	510
CY207733.1	487	947	1	0	1	487
CY207733.1	488	620	1	0	1	488
CY207733.1	531	1406	1	0	1	531
CY207733.1	532	808	0	1	1	808
CY207733.1	606	975	0	1	1	975
CY207733.1	655	1329	0	1	1	1329
CY207733.1	730	1461	1	0	1	730
CY207733.1	740	960	0	1	1	960
CY207733.1	762	1051	0	1	1	1051
CY207733.1	775	1093	1	0	1	775
CY207733.1	837	864	1	0	1	837
CY207733.1	850	1015	0	1	1	1015
CY207733.1	875	1229	0	1	1	1229
CY207733.1	921	1164	0	1	1	1164
CY207733.1	948	1027	9	17	26	948
CY207734.1	1002	1147	1	0	1	1002
CY207734.1	1049	1709	0	1	1	1709
CY207734.1	1065	1141	1	0	1	1065
CY207734.1	1110	1196	1	0	1	1110
CY207734.1	1133	1185	1	0	1	1133
CY207734.1	1139	1565	0	1	1	1565
CY207734.1	1181	1555	1	0	1	1181
CY207734.1	1218	1455	0	1	1	1455
CY207734.1	1287	1442	0	1	1	1442
CY207734.1	1357	1381	1	0	1	1357
CY207734.1	1381	1572	0	1	1	1572
CY207734.1	1435	1694	0	1	1	1694
CY207734.1	1474	1508	1	0	1	1474
CY207734.1	1495	1681	0	1	1	1681
CY207734.1	1563	1684	0	1	1	1684
CY207734.1	1573	1606	0	1	1	1606
CY207734.1	1580	1697	0	12	12	1697
CY207734.1	1586	1693	0	1	1	1693
CY207734.1	1604	1725	0	1	1	1725
CY207734.1	246	603	1	0	1	246
CY207734.1	261	793	1	0	1	261
CY207734.1	288	822	1	0	1	288
CY207734.1	370	1172	0	1	1	1172
CY207734.1	375	1670	0	1	1	1670
CY207734.1	394	1448	0	1	1	1448
CY207734.1	421	940	0	1	1	940
CY207734.1	446	565	1	0	1	446
CY207734.1	466	1352	0	1	1	1352
CY207734.1	469	1406	1	0	1	469
CY207734.1	481	1523	1	0	1	481
CY207734.1	484	941	1	0	1	484
CY207734.1	508	587	1	0	1	508
CY207734.1	552	809	0	1	1	809
CY207734.1	554	708	0	1	1	708
CY207734.1	556	812	1	0	1	556
CY207734.1	600	1497	0	1	1	1497
CY207734.1	603	1034	1	0	1	603
CY207734.1	620	812	1	0	1	620
CY207734.1	700	734	1	0	1	700
CY207734.1	716	790	0	1	1	790
CY207734.1	718	1337	0	1	1	1337
CY207734.1	723	1320	0	1	1	1320
CY207734.1	777	1686	0	1	1	1686
CY207734.1	797	1134	0	1	1	1134
CY207734.1	815	1368	1	0	1	815
CY207734.1	828	1311	1	0	1	828
CY207734.1	862	1359	0	1	1	1359
CY207734.1	863	1314	0	1	1	1314
CY207734.1	876	1691	0	1	1	1691
CY207734.1	877	1524	0	1	1	1524
CY207734.1	888	1037	1	0	1	888
CY207734.1	967	1416	0	1	1	1416
CY207734.1	996	1577	1	0	1	996
CY207735.1	247	913	1	0	1	247
CY207735.1	257	926	2	0	2	257
CY207735.1	270	940	1	0	1	270
CY207735.1	272	942	89	2	91	272
CY207735.1	273	417	11	0	11	273
CY207735.1	286	379	1	0	1	286
CY207735.1	286	381	1	0	1	286
CY207735.1	332	827	0	1	1	827
CY207735.1	350	845	3	161	164	350
CY207735.1	390	876	0	1	1	876
CY207735.1	490	735	0	4	4	735
CY207735.1	499	729	1	2	3	499
CY207735.1	506	736	0	1	1	736
CY207735.1	511	740	62	136	198	511
CY207735.1	519	746	3	17	20	519
CY207735.1	540	570	1	0	1	540
CY207735.1	767	817	0	4	4	817
CY207736.1	1060	2314	1	2	3	1060
CY207736.1	1073	2355	0	1	1	2355
CY207736.1	1088	2370	0	4	4	2370
CY207736.1	1152	2364	0	1	1	2364
CY207736.1	1167	1332	0	1	1	1332
CY207736.1	1176	2116	1	0	1	1176
CY207736.1	1269	1308	2	0	2	1269
CY207736.1	1273	1312	5	7	12	1273
CY207736.1	1332	1877	1	0	1	1332
CY207736.1	1375	1972	0	1	1	1972
CY207736.1	1376	2134	0	1	1	2134
CY207736.1	1405	1822	0	1	1	1822
CY207736.1	1460	2012	1	0	1	1460
CY207736.1	1517	2015	1	0	1	1517
CY207736.1	1522	1852	0	1	1	1852
CY207736.1	1600	1628	0	1	1	1628
CY207736.1	1686	1772	6	13	19	1686
CY207736.1	1693	1779	0	1	1	1779
CY207736.1	1819	1855	0	1	1	1855
CY207736.1	1858	2367	0	1	1	2367
CY207736.1	1864	1961	1	0	1	1864
CY207736.1	2106	2219	62	27	89	2106
CY207736.1	245	1079	1	0	1	245
CY207736.1	281	1455	1	0	1	281
CY207736.1	359	1119	0	1	1	1119
CY207736.1	377	2086	1	0	1	377
CY207736.1	393	2302	0	1	1	2302
CY207736.1	394	878	0	1	1	878
CY207736.1	414	1319	0	1	1	1319
CY207736.1	416	1972	1	0	1	416
CY207736.1	465	2040	0	1	1	2040
CY207736.1	470	856	0	1	1	856
CY207736.1	491	643	1	0	1	491
CY207736.1	495	2028	41	59	100	495
CY207736.1	552	1123	0	1	1	1123
CY207736.1	567	1283	0	1	1	1283
CY207736.1	603	1338	0	1	1	1338
CY207736.1	681	1920	15	12	27	681
CY207736.1	711	1871	16	12	28	711
CY207736.1	724	1914	1	0	1	724
CY207736.1	744	1916	27	26	53	744
CY207736.1	760	1923	0	1	1	1923
CY207736.1	778	2362	0	1	1	2362
CY207736.1	812	2208	1	0	1	812
CY207736.1	814	1710	2	0	2	814
CY207736.1	823	1719	25	22	47	823
CY207736.1	840	1950	0	1	1	1950
CY207736.1	845	1890	0	1	1	1890
CY207736.1	896	2020	1	0	1	896
CY207736.1	931	1351	1	0	1	931
CY207736.1	963	2133	1	0	1	963
CY207737.1	1021	1348	1	0	1	1021
CY207737.1	1025	2191	1	0	1	1025
CY207737.1	1058	1912	0	1	1	1912
CY207737.1	1131	1253	1	0	1	1131
CY207737.1	1168	1997	0	1	1	1997
CY207737.1	1169	1648	1	0	1	1169
CY207737.1	1186	1580	0	1	1	1580
CY207737.1	1422	1523	1	0	1	1422
CY207737.1	1471	1575	1	0	1	1471
CY207737.1	1669	1737	1	0	1	1669
CY207737.1	1715	1742	1	0	1	1715
CY207737.1	1883	1918	2	17	19	1883
CY207737.1	2053	2124	8	14	22	2053
CY207737.1	2166	2231	1	0	1	2166
CY207737.1	2187	2243	23	4	27	2187
CY207737.1	238	833	1	0	1	238
CY207737.1	253	1633	1	0	1	253
CY207737.1	266	1787	1	0	1	266
CY207737.1	315	2373	1	0	1	315
CY207737.1	384	797	1	0	1	384
CY207737.1	388	2182	0	1	1	2182
CY207737.1	422	2299	1	0	1	422
CY207737.1	425	2303	38	2	40	425
CY207737.1	432	1282	0	1	1	1282
CY207737.1	449	2156	1	0	1	449
CY207737.1	460	2152	22	1	23	460
CY207737.1	461	2165	16	53	69	461
CY207737.1	463	711	1	0	1	463
CY207737.1	488	1296	1	0	1	488
CY207737.1	489	2368	0	1	1	2368
CY207737.1	495	1573	1	0	1	495
CY207737.1	500	1998	1	0	1	500
CY207737.1	501	933	0	1	1	933
CY207737.1	512	2257	1	0	1	512
CY207737.1	592	2204	1	0	1	592
CY207737.1	622	1751	0	1	1	1751
CY207737.1	667	1715	0	1	1	1715
CY207737.1	784	1171	1	0	1	784
CY207737.1	829	2143	1	0	1	829
CY207737.1	838	934	1	0	1	838
CY207737.1	867	1728	18	19	37	867
CY207737.1	879	1790	0	1	1	1790
CY207737.1	883	1794	0	1	1	1794
CY207737.1	933	2291	0	1	1	2291
CY207737.1	972	2324	0	1	1	2324
CY207738.1	1076	1965	0	1	1	1965
CY207738.1	1133	2260	0	1	1	2260
CY207738.1	1135	1306	0	1	1	1306
CY207738.1	1157	1447	0	1	1	1447
CY207738.1	1217	2297	1	0	1	1217
CY207738.1	1261	1976	0	1	1	1976
CY207738.1	1328	2386	0	1	1	2386
CY207738.1	1471	1504	0	1	1	1504
CY207738.1	1522	2161	0	1	1	2161
CY207738.1	1523	2079	1	0	1	1523
CY207738.1	1553	2385	0	1	1	2385
CY207738.1	1576	1819	0	1	1	1819
CY207738.1	1607	1696	0	1	1	1696
CY207738.1	1651	2036	4	9	13	1651
CY207738.1	1720	2313	1	0	1	1720
CY207738.1	1749	2196	0	1	1	2196
CY207738.1	1806	2470	0	1	1	2470
CY207738.1	2068	2159	0	1	1	2159
CY207738.1	2218	2391	1	0	1	2218
CY207738.1	241	349	1	0	1	241
CY207738.1	246	1340	1	0	1	246
CY207738.1	253	1346	1	0	1	253
CY207738.1	260	2344	1	0	1	260
CY207738.1	288	407	1	0	1	288
CY207738.1	329	2274	1	0	1	329
CY207738.1	330	2282	14	25	39	330
CY207738.1	332	1228	1	0	1	332
CY207738.1	332	2284	0	1	1	2284
CY207738.1	335	1661	0	1	1	1661
CY207738.1	335	743	0	1	1	743
CY207738.1	336	433	0	1	1	433
CY207738.1	346	2235	1	0	1	346
CY207738.1	360	509	1	0	1	360
CY207738.1	362	1644	0	1	1	1644
CY207738.1	365	736	0	1	1	736
CY207738.1	382	1217	0	1	1	1217
CY207738.1	383	2359	91	181	272	383
CY207738.1	390	1001	0	1	1	1001
CY207738.1	403	2462	0	1	1	2462
CY207738.1	408	2379	0	5	5	2379
CY207738.1	412	2391	0	1	1	2391
CY207738.1	413	1153	0	1	1	1153
CY207738.1	414	801	0	1	1	801
CY207738.1	435	782	0	1	1	782
CY207738.1	465	1066	0	1	1	1066
CY207738.1	467	1163	0	1	1	1163
CY207738.1	472	1678	0	1	1	1678
CY207738.1	487	941	1	0	1	487
CY207738.1	490	1382	0	1	1	1382
CY207738.1	508	2055	1	0	1	508
CY207738.1	516	1230	0	1	1	1230
CY207738.1	518	1342	0	1	1	1342
CY207738.1	519	1107	1	0	1	519
CY207738.1	530	1182	0	1	1	1182
CY207738.1	532	568	0	1	1	568
CY207738.1	532	772	1	0	1	532
CY207738.1	614	2363	0	1	1	2363
CY207738.1	614	995	0	1	1	995
CY207738.1	625	702	1	0	1	625
CY207738.1	673	1403	1	0	1	673
CY207738.1	697	1682	0	1	1	1682
CY207738.1	721	1546	0	1	1	1546
CY207738.1	791	1957	1	0	1	791
CY207738.1	798	1609	1	0	1	798
CY207738.1	803	846	0	1	1	846
CY207738.1	841	1902	3	2	5	841
CY207738.1	896	1101	1	0	1	896
