Segment	Start	Stop	Forward_support	Reverse_support	Total_support	Fuzz_factor
CY207731.1	1025	1607	1	0	1	1025
CY207731.1	1087	1250	1	0	1	1087
CY207731.1	1231	1752	1	0	1	1231
CY207731.1	1238	1724	1	0	1	1238
CY207731.1	1266	1587	1	0	1	1266
CY207731.1	1304	1326	1	0	1	1304
CY207731.1	1324	1673	1	0	1	1324
CY207731.1	1328	1652	1	0	1	1328
CY207731.1	1342	1457	0	1	1	1457
CY207731.1	1346	1682	0	1	1	1682
CY207731.1	1356	1585	0	1	1	1585
CY207731.1	1656	1744	1	0	1	1656
CY207731.1	1716	1784	1	0	1	1716
CY207731.1	253	983	1	0	1	253
CY207731.1	270	1334	1	1	2	270
CY207731.1	281	330	1	0	1	281
CY207731.1	285	1349	1	0	1	285
CY207731.1	288	1735	5	0	5	288
CY207731.1	328	1550	0	2	2	1550
CY207731.1	330	1428	1	0	1	330
CY207731.1	330	1696	1	5	6	330
CY207731.1	331	1452	0	1	1	1452
CY207731.1	340	1312	1	1	2	340
CY207731.1	340	389	0	1	1	389
CY207731.1	343	1283	1	0	1	343
CY207731.1	346	1733	1	0	1	346
CY207731.1	360	432	0	1	1	432
CY207731.1	362	638	0	1	1	638
CY207731.1	368	393	0	1	1	393
CY207731.1	369	422	0	1	1	422
CY207731.1	372	1527	0	1	1	1527
CY207731.1	372	1738	0	1	1	1738
CY207731.1	380	411	0	1	1	411
CY207731.1	401	1797	1	6	7	401
CY207731.1	413	1676	1	0	1	413
CY207731.1	424	479	0	1	1	479
CY207731.1	427	1222	1	0	1	427
CY207731.1	428	477	0	1	1	477
CY207731.1	429	487	0	2	2	487
CY207731.1	430	1694	0	1	1	1694
CY207731.1	434	625	1	0	1	434
CY207731.1	442	1368	1	0	1	442
CY207731.1	449	1375	1	16	17	449
CY207731.1	454	1505	4	12	16	454
CY207731.1	455	1590	1	0	1	455
CY207731.1	457	1706	0	1	1	1706
CY207731.1	459	1518	1	10	11	459
CY207731.1	461	1574	3	7	10	461
CY207731.1	477	1282	3	2	5	477
CY207731.1	478	1496	1	0	1	478
CY207731.1	482	1653	4	7	11	482
CY207731.1	485	1895	0	1	1	1895
CY207731.1	489	978	6	1	7	489
CY207731.1	491	1665	2	2	4	491
CY207731.1	499	1666	0	1	1	1666
CY207731.1	504	1886	0	2	2	1886
CY207731.1	508	1412	2	7	9	508
CY207731.1	508	721	0	1	1	721
CY207731.1	509	617	0	1	1	617
CY207731.1	519	1007	0	1	1	1007
CY207731.1	519	1683	1	0	1	519
CY207731.1	526	1243	1	1	2	526
CY207731.1	526	1608	1	2	3	526
CY207731.1	527	1727	1	0	1	527
CY207731.1	529	1066	1	0	1	529
CY207731.1	531	749	0	1	1	749
CY207731.1	537	1693	1	0	1	537
CY207731.1	540	1564	1	0	1	540
CY207731.1	541	1205	2	3	5	541
CY207731.1	549	1761	1	0	1	549
CY207731.1	550	1638	0	1	1	1638
CY207731.1	563	1917	0	7	7	1917
CY207731.1	565	1641	7	6	13	565
CY207731.1	567	1619	2	2	4	567
CY207731.1	568	1204	3	4	7	568
CY207731.1	569	1047	1	3	4	569
CY207731.1	571	1452	1	0	1	571
CY207731.1	587	1659	1	0	1	587
CY207731.1	593	1277	1	0	1	593
CY207731.1	598	1474	1	0	1	598
CY207731.1	602	1261	0	1	1	1261
CY207731.1	614	969	0	1	1	969
CY207731.1	620	878	0	1	1	878
CY207731.1	621	1076	1	0	1	621
CY207731.1	682	1817	0	1	1	1817
CY207731.1	687	1899	0	1	1	1899
CY207731.1	694	971	2	4	6	694
CY207731.1	733	1100	0	1	1	1100
CY207731.1	759	945	0	1	1	945
CY207731.1	764	1371	1	1	2	764
CY207731.1	794	1613	2	2	4	794
CY207731.1	818	1875	0	1	1	1875
CY207731.1	820	1592	0	1	1	1592
CY207731.1	823	1879	1	1	2	823
CY207731.1	847	1258	1	1	2	847
CY207731.1	862	1367	1	0	1	862
CY207731.1	864	1036	1	0	1	864
CY207731.1	868	938	0	1	1	938
CY207731.1	885	1123	1	0	1	885
CY207731.1	907	1580	1	0	1	907
CY207731.1	907	1906	0	1	1	1906
CY207731.1	912	1419	1	0	1	912
CY207731.1	944	1480	0	1	1	1480
CY207731.1	969	1392	1	0	1	969
CY207732.1	1028	1059	1	0	1	1028
CY207732.1	1065	1146	0	1	1	1146
CY207732.1	251	392	1	0	1	251
CY207732.1	252	374	1	0	1	252
CY207732.1	254	548	1	1	2	254
CY207732.1	257	1049	1	0	1	257
CY207732.1	267	1065	1	0	1	267
CY207732.1	268	550	3	0	3	268
CY207732.1	273	820	1	0	1	273
CY207732.1	275	848	17	1	18	275
CY207732.1	276	849	4	0	4	276
CY207732.1	280	1071	1	0	1	280
CY207732.1	281	554	1	0	1	281
CY207732.1	283	1056	1	0	1	283
CY207732.1	289	321	1	0	1	289
CY207732.1	290	325	1	0	1	290
CY207732.1	291	835	0	1	1	835
CY207732.1	306	1024	1	2	3	306
CY207732.1	311	1043	0	2	2	1043
CY207732.1	316	1048	2	5	7	316
CY207732.1	317	386	1	0	1	317
CY207732.1	317	853	1	0	1	317
CY207732.1	321	802	2	0	2	321
CY207732.1	331	1087	1	1	2	331
CY207732.1	332	951	0	1	1	951
CY207732.1	338	948	0	1	1	948
CY207732.1	339	1040	0	9	9	1040
CY207732.1	341	1152	0	1	1	1152
CY207732.1	342	1089	0	1	1	1089
CY207732.1	342	616	0	1	1	616
CY207732.1	347	573	0	4	4	573
CY207732.1	348	682	0	1	1	682
CY207732.1	352	492	0	1	1	492
CY207732.1	355	950	1	0	1	355
CY207732.1	355	960	1	0	1	355
CY207732.1	381	1083	1	0	1	381
CY207732.1	384	611	0	1	1	611
CY207732.1	392	1052	0	1	1	1052
CY207732.1	404	1061	1	0	1	404
CY207732.1	415	763	0	1	1	763
CY207732.1	445	1090	0	1	1	1090
CY207732.1	445	863	2	3	5	445
CY207732.1	445	962	1	8	9	445
CY207732.1	447	821	1	1	2	447
CY207732.1	451	1033	1	0	1	451
CY207732.1	462	762	0	1	1	762
CY207732.1	471	1023	1	0	1	471
CY207732.1	473	732	1	0	1	473
CY207732.1	478	1043	0	1	1	1043
CY207732.1	480	699	0	1	1	699
CY207732.1	482	1132	0	1	1	1132
CY207732.1	500	582	0	1	1	582
CY207732.1	500	662	0	1	1	662
CY207732.1	503	753	0	2	2	753
CY207732.1	503	849	3	4	7	503
CY207732.1	517	1108	1	0	1	517
CY207732.1	520	887	0	1	1	887
CY207732.1	528	740	0	1	1	740
CY207732.1	543	826	0	1	1	826
CY207732.1	550	666	1	0	1	550
CY207732.1	569	751	1	0	1	569
CY207732.1	584	1015	1	0	1	584
CY207732.1	584	687	1	1	2	584
CY207732.1	585	731	0	1	1	731
CY207732.1	589	862	1	0	1	589
CY207732.1	593	1023	6	3	9	593
CY207732.1	597	811	0	1	1	811
CY207732.1	602	934	1	0	1	602
CY207732.1	606	892	0	1	1	892
CY207732.1	606	951	1	0	1	606
CY207732.1	608	848	1	0	1	608
CY207732.1	622	710	1	0	1	622
CY207732.1	628	997	1	0	1	628
CY207732.1	630	958	1	2	3	630
CY207732.1	647	1014	0	1	1	1014
CY207732.1	647	1056	1	0	1	647
CY207732.1	649	818	0	1	1	818
CY207732.1	651	694	0	1	1	694
CY207732.1	660	750	0	1	1	750
CY207732.1	679	815	1	3	4	679
CY207732.1	681	964	0	5	5	964
CY207732.1	685	839	0	1	1	839
CY207732.1	686	801	0	2	2	801
CY207732.1	701	760	0	1	1	760
CY207732.1	703	907	0	3	3	907
CY207732.1	715	965	1	4	5	715
CY207732.1	718	860	6	2	8	718
CY207732.1	721	1142	0	1	1	1142
CY207732.1	728	753	0	1	1	753
CY207732.1	735	878	1	0	1	735
CY207732.1	753	1031	0	1	1	1031
CY207732.1	764	869	1	0	1	764
CY207732.1	790	833	1	0	1	790
CY207732.1	817	866	1	0	1	817
CY207732.1	831	1077	0	1	1	1077
CY207732.1	846	967	0	1	1	967
CY207732.1	856	915	0	2	2	915
CY207732.1	856	965	0	1	1	965
CY207732.1	862	962	0	2	2	962
CY207732.1	890	1015	0	1	1	1015
CY207732.1	924	1082	0	1	1	1082
CY207732.1	948	1029	0	1	1	1029
CY207732.1	952	1024	0	1	1	1024
CY207732.1	957	1027	0	1	1	1027
CY207733.1	1013	1185	1	0	1	1013
CY207733.1	1013	1263	0	1	1	1263
CY207733.1	1018	1074	1	2	3	1018
CY207733.1	1028	1101	1	0	1	1028
CY207733.1	1062	1177	1	0	1	1062
CY207733.1	1173	1313	1	0	1	1173
CY207733.1	1373	1519	1	0	1	1373
CY207733.1	268	373	1	0	1	268
CY207733.1	270	432	35	0	35	270
CY207733.1	277	734	1	0	1	277
CY207733.1	284	1190	1	0	1	284
CY207733.1	296	1386	0	1	1	1386
CY207733.1	315	1546	0	1	1	1546
CY207733.1	318	1464	1	0	1	318
CY207733.1	333	1240	2	9	11	333
CY207733.1	335	1492	0	1	1	1492
CY207733.1	348	1494	0	4	4	1494
CY207733.1	358	780	0	1	1	780
CY207733.1	378	628	1	0	1	378
CY207733.1	407	1371	2	13	15	407
CY207733.1	407	1433	2	2	4	407
CY207733.1	428	682	0	1	1	682
CY207733.1	431	680	0	1	1	680
CY207733.1	450	504	1	0	1	450
CY207733.1	457	1212	0	1	1	1212
CY207733.1	461	970	0	1	1	970
CY207733.1	464	524	1	0	1	464
CY207733.1	475	513	1	0	1	475
CY207733.1	513	1444	2	0	2	513
CY207733.1	513	1545	1	2	3	513
CY207733.1	524	1103	0	1	1	1103
CY207733.1	529	1080	1	0	1	529
CY207733.1	557	1048	1	0	1	557
CY207733.1	570	1417	1	0	1	570
CY207733.1	579	1073	2	1	3	579
CY207733.1	582	1324	1	6	7	582
CY207733.1	635	692	1	0	1	635
CY207733.1	714	962	0	1	1	962
CY207733.1	778	1201	0	1	1	1201
CY207733.1	790	863	1	0	1	790
CY207733.1	799	845	0	1	1	845
CY207733.1	818	1214	0	1	1	1214
CY207733.1	896	1075	1	0	1	896
CY207733.1	953	1019	1	0	1	953
CY207733.1	976	1283	0	1	1	1283
CY207734.1	1008	1228	1	0	1	1008
CY207734.1	1365	1492	0	1	1	1492
CY207734.1	1388	1694	0	1	1	1694
CY207734.1	242	1575	1	0	1	242
CY207734.1	245	1521	1	0	1	245
CY207734.1	254	1039	1	0	1	254
CY207734.1	275	1352	1	0	1	275
CY207734.1	283	1536	1	0	1	283
CY207734.1	304	829	1	0	1	304
CY207734.1	313	1387	0	1	1	1387
CY207734.1	316	1472	0	2	2	1472
CY207734.1	334	1719	1	8	9	334
CY207734.1	354	865	0	1	1	865
CY207734.1	384	1562	1	0	1	384
CY207734.1	413	933	1	0	1	413
CY207734.1	414	839	0	1	1	839
CY207734.1	417	713	1	0	1	417
CY207734.1	421	940	1	0	1	421
CY207734.1	424	1122	0	1	1	1122
CY207734.1	429	1434	1	3	4	429
CY207734.1	434	1388	0	1	1	1388
CY207734.1	439	876	0	1	1	876
CY207734.1	440	957	1	0	1	440
CY207734.1	467	1579	1	0	1	467
CY207734.1	522	1183	1	0	1	522
CY207734.1	533	1182	4	0	4	533
CY207734.1	534	780	1	0	1	534
CY207734.1	538	866	2	3	5	538
CY207734.1	542	564	0	1	1	564
CY207734.1	542	684	1	0	1	542
CY207734.1	559	1633	0	1	1	1633
CY207734.1	572	1192	0	1	1	1192
CY207734.1	584	1725	0	4	4	1725
CY207734.1	594	878	1	0	1	594
CY207734.1	620	721	0	1	1	721
CY207734.1	620	812	1	1	2	620
CY207734.1	625	1022	1	0	1	625
CY207734.1	625	1582	1	0	1	625
CY207734.1	653	1289	1	1	2	653
CY207734.1	657	1539	1	0	1	657
CY207734.1	657	1684	1	1	2	657
CY207734.1	659	1529	0	1	1	1529
CY207734.1	670	1083	1	0	1	670
CY207734.1	673	1157	0	1	1	1157
CY207734.1	691	1045	0	1	1	1045
CY207734.1	691	1605	6	5	11	691
CY207734.1	694	1511	1	1	2	694
CY207734.1	718	830	1	0	1	718
CY207734.1	732	1670	0	1	1	1670
CY207734.1	732	878	0	1	1	878
CY207734.1	736	1641	0	1	1	1641
CY207734.1	745	1452	1	1	2	745
CY207734.1	747	1443	1	1	2	747
CY207734.1	747	1695	0	1	1	1695
CY207734.1	758	1103	1	0	1	758
CY207734.1	766	800	1	0	1	766
CY207734.1	768	1484	0	1	1	1484
CY207734.1	768	817	1	0	1	768
CY207734.1	773	982	0	1	1	982
CY207734.1	774	1277	1	0	1	774
CY207734.1	788	1095	0	2	2	1095
CY207734.1	801	1711	0	3	3	1711
CY207734.1	807	1718	0	1	1	1718
CY207734.1	818	1552	0	1	1	1552
CY207734.1	832	937	1	0	1	832
CY207734.1	833	1511	2	3	5	833
CY207734.1	837	919	1	0	1	837
CY207734.1	840	1544	2	0	2	840
CY207734.1	881	1359	1	0	1	881
CY207734.1	893	1689	0	1	1	1689
CY207734.1	910	1081	0	1	1	1081
CY207734.1	911	1345	1	0	1	911
CY207734.1	967	1151	0	1	1	1151
CY207734.1	971	1042	1	1	2	971
CY207734.1	996	1304	0	1	1	1304
CY207735.1	1002	1036	0	5	5	1036
CY207735.1	274	599	1	0	1	274
CY207735.1	288	897	1	0	1	288
CY207735.1	291	376	1	0	1	291
CY207735.1	322	894	0	2	2	894
CY207735.1	342	576	0	3	3	576
CY207735.1	344	482	1	0	1	344
CY207735.1	351	842	0	2	2	842
CY207735.1	357	1000	0	1	1	1000
CY207735.1	362	610	1	0	1	362
CY207735.1	383	828	1	0	1	383
CY207735.1	394	727	0	1	1	727
CY207735.1	425	995	0	1	1	995
CY207735.1	438	864	0	1	1	864
CY207735.1	449	832	1	0	1	449
CY207735.1	454	886	7	0	7	454
CY207735.1	458	670	1	0	1	458
CY207735.1	459	845	0	2	2	845
CY207735.1	460	661	1	0	1	460
CY207735.1	470	705	1	0	1	470
CY207735.1	474	640	0	2	2	640
CY207735.1	475	675	0	2	2	675
CY207735.1	480	670	0	1	1	670
CY207735.1	483	827	0	1	1	827
CY207735.1	484	627	1	0	1	484
CY207735.1	485	615	0	1	1	615
CY207735.1	486	561	1	0	1	486
CY207735.1	486	627	0	1	1	627
CY207735.1	490	593	1	0	1	490
CY207735.1	499	728	0	1	1	728
CY207735.1	499	729	1	0	1	499
CY207735.1	501	763	0	1	1	763
CY207735.1	502	591	0	1	1	591
CY207735.1	507	737	0	1	1	737
CY207735.1	511	740	30	99	129	511
CY207735.1	519	746	1	7	8	519
CY207735.1	526	602	0	1	1	602
CY207735.1	527	682	1	0	1	527
CY207735.1	548	839	3	5	8	548
CY207735.1	550	785	1	0	1	550
CY207735.1	564	859	0	1	1	859
CY207735.1	579	851	0	1	1	851
CY207735.1	594	898	1	0	1	594
CY207735.1	598	909	1	0	1	598
CY207735.1	647	796	0	1	1	796
CY207735.1	683	776	0	1	1	776
CY207735.1	685	711	0	1	1	711
CY207735.1	730	1025	0	9	9	1025
CY207735.1	738	766	0	1	1	766
CY207735.1	738	830	0	1	1	830
CY207735.1	847	895	2	0	2	847
CY207735.1	959	1006	0	1	1	1006
CY207736.1	1010	2245	4	1	5	1010
CY207736.1	1033	2353	0	2	2	2353
CY207736.1	1046	2222	1	0	1	1046
CY207736.1	1050	1517	0	2	2	1517
CY207736.1	1085	2266	2	2	4	1085
CY207736.1	1090	1506	0	1	1	1506
CY207736.1	1092	2294	1	1	2	1092
CY207736.1	1101	1411	1	0	1	1101
CY207736.1	1103	1968	0	1	1	1968
CY207736.1	1107	1975	0	1	1	1975
CY207736.1	1202	1255	0	1	1	1255
CY207736.1	1237	1835	1	4	5	1237
CY207736.1	1244	2212	0	1	1	2212
CY207736.1	1247	1844	0	2	2	1844
CY207736.1	1258	1647	2	1	3	1258
CY207736.1	1271	1951	1	0	1	1271
CY207736.1	1338	1712	0	1	1	1712
CY207736.1	1365	2032	1	0	1	1365
CY207736.1	1397	2290	0	1	1	2290
CY207736.1	1494	1586	0	1	1	1586
CY207736.1	1577	1719	0	1	1	1719
CY207736.1	1589	1642	1	0	1	1589
CY207736.1	1635	2332	0	3	3	2332
CY207736.1	1735	1814	0	1	1	1814
CY207736.1	1765	1942	1	0	1	1765
CY207736.1	1781	2047	1	0	1	1781
CY207736.1	1789	2006	0	1	1	2006
CY207736.1	1801	2218	1	0	1	1801
CY207736.1	2077	2264	1	0	1	2077
CY207736.1	2140	2203	4	1	5	2140
CY207736.1	2168	2240	0	1	1	2240
CY207736.1	2201	2351	0	1	1	2351
CY207736.1	236	1645	1	0	1	236
CY207736.1	261	899	1	0	1	261
CY207736.1	277	1296	1	0	1	277
CY207736.1	277	1713	1	0	1	277
CY207736.1	282	411	5	0	5	282
CY207736.1	285	2375	1	0	1	285
CY207736.1	300	2148	1	1	2	300
CY207736.1	310	363	1	0	1	310
CY207736.1	311	2144	0	5	5	2144
CY207736.1	325	2195	1	0	1	325
CY207736.1	325	2250	15	15	30	325
CY207736.1	327	2217	7	4	11	327
CY207736.1	333	2215	1	0	1	333
CY207736.1	334	2203	1	0	1	334
CY207736.1	363	410	2	7	9	363
CY207736.1	383	2352	0	2	2	2352
CY207736.1	385	2147	3	9	12	385
CY207736.1	391	477	0	1	1	477
CY207736.1	392	1018	2	0	2	392
CY207736.1	396	553	2	0	2	396
CY207736.1	403	2107	0	5	5	2107
CY207736.1	408	2189	2	3	5	408
CY207736.1	420	2148	1	3	4	420
CY207736.1	439	1938	0	1	1	1938
CY207736.1	443	2109	9	12	21	443
CY207736.1	465	2276	0	1	1	2276
CY207736.1	468	2028	2	4	6	468
CY207736.1	480	2146	0	1	1	2146
CY207736.1	483	2058	0	1	1	2058
CY207736.1	489	1945	3	0	3	489
CY207736.1	493	2163	1	6	7	493
CY207736.1	505	1956	1	0	1	505
CY207736.1	511	2041	3	8	11	511
CY207736.1	512	1997	3	3	6	512
CY207736.1	521	1843	0	2	2	1843
CY207736.1	548	1844	1	4	5	548
CY207736.1	569	1996	0	1	1	1996
CY207736.1	574	1733	11	2	13	574
CY207736.1	577	1949	2	0	2	577
CY207736.1	583	2188	3	1	4	583
CY207736.1	604	1841	0	1	1	1841
CY207736.1	605	1198	0	2	2	1198
CY207736.1	607	2038	4	6	10	607
CY207736.1	616	1894	0	1	1	1894
CY207736.1	625	1900	4	2	6	625
CY207736.1	639	2068	0	1	1	2068
CY207736.1	645	904	3	1	4	645
CY207736.1	649	1871	0	2	2	1871
CY207736.1	672	975	0	1	1	975
CY207736.1	678	1955	0	1	1	1955
CY207736.1	679	1835	1	0	1	679
CY207736.1	686	1952	1	1	2	686
CY207736.1	699	1995	2	3	5	699
CY207736.1	703	1869	0	1	1	1869
CY207736.1	711	1995	2	1	3	711
CY207736.1	718	1856	1	3	4	718
CY207736.1	723	1647	3	3	6	723
CY207736.1	723	1994	9	7	16	723
CY207736.1	731	1859	1	0	1	731
CY207736.1	736	2012	0	1	1	2012
CY207736.1	753	1831	3	1	4	753
CY207736.1	757	2050	0	1	1	2050
CY207736.1	767	1952	4	6	10	767
CY207736.1	771	1902	0	2	2	1902
CY207736.1	773	1825	1	0	1	773
CY207736.1	775	1827	2	1	3	775
CY207736.1	778	2000	0	1	1	2000
CY207736.1	799	1711	2	3	5	799
CY207736.1	811	1899	1	0	1	811
CY207736.1	814	1710	1	0	1	814
CY207736.1	834	1024	1	0	1	834
CY207736.1	842	1695	1	0	1	842
CY207736.1	843	2218	0	1	1	2218
CY207736.1	866	1918	1	1	2	866
CY207736.1	872	1924	1	4	5	872
CY207736.1	927	2194	3	7	10	927
CY207736.1	940	1632	0	1	1	1632
CY207736.1	946	1286	0	1	1	1286
CY207736.1	947	1652	1	1	2	947
CY207737.1	1274	2060	1	3	4	1274
CY207737.1	1593	1927	1	0	1	1593
CY207737.1	1926	2160	0	1	1	2160
CY207737.1	2194	2396	1	0	1	2194
CY207737.1	247	1948	19	0	19	247
CY207737.1	247	289	5	0	5	247
CY207737.1	248	2389	17	0	17	248
CY207737.1	251	1952	1	0	1	251
CY207737.1	264	2491	0	1	1	2491
CY207737.1	271	2278	3	1	4	271
CY207737.1	278	2488	0	1	1	2488
CY207737.1	286	2425	2	0	2	286
CY207737.1	287	2374	1	0	1	287
CY207737.1	297	2310	0	1	1	2310
CY207737.1	314	1797	1	0	1	314
CY207737.1	314	2469	2	14	16	314
CY207737.1	317	2186	0	4	4	2186
CY207737.1	335	417	1	8	9	335
CY207737.1	338	2372	1	1	2	338
CY207737.1	377	431	0	3	3	431
CY207737.1	393	1323	1	0	1	393
CY207737.1	430	2068	1	0	1	430
CY207737.1	447	2224	1	6	7	447
CY207737.1	462	2452	0	1	1	2452
CY207737.1	463	1777	1	1	2	463
CY207737.1	468	2188	2	15	17	468
CY207737.1	469	2250	0	1	1	2250
CY207737.1	471	587	0	1	1	587
CY207737.1	487	1797	0	1	1	1797
CY207737.1	512	2108	2	15	17	512
CY207737.1	542	1575	0	1	1	1575
CY207737.1	587	2492	0	5	5	2492
CY207737.1	603	2131	2	1	3	603
CY207737.1	640	2204	0	1	1	2204
CY207737.1	792	1298	1	0	1	792
CY207737.1	878	2435	3	0	3	878
CY207737.1	897	1851	1	0	1	897
CY207737.1	924	1804	1	1	2	924
CY207738.1	1013	2342	0	1	1	2342
CY207738.1	1062	2248	2	3	5	1062
CY207738.1	1073	1833	3	1	4	1073
CY207738.1	1176	2035	0	2	2	2035
CY207738.1	1306	2301	1	0	1	1306
CY207738.1	1308	1774	0	2	2	1774
CY207738.1	1318	1673	0	1	1	1673
CY207738.1	1579	1958	0	1	1	1958
CY207738.1	1603	1631	0	1	1	1631
CY207738.1	1682	1829	1	0	1	1682
CY207738.1	1775	1857	1	0	1	1775
CY207738.1	2142	2395	1	1	2	2142
CY207738.1	256	2394	1	0	1	256
CY207738.1	260	835	1	0	1	260
CY207738.1	286	2431	6	0	6	286
CY207738.1	290	2194	1	0	1	290
CY207738.1	299	1792	2	5	7	299
CY207738.1	303	2336	1	0	1	303
CY207738.1	330	1421	0	1	1	1421
CY207738.1	332	1228	0	1	1	1228
CY207738.1	336	1838	0	5	5	1838
CY207738.1	346	2235	2	2	4	346
CY207738.1	348	2016	0	10	10	2016
CY207738.1	349	1567	0	1	1	1567
CY207738.1	362	2350	2	1	3	362
CY207738.1	365	2359	1	0	1	365
CY207738.1	366	2480	0	3	3	2480
CY207738.1	367	2317	2	12	14	367
CY207738.1	368	2054	0	1	1	2054
CY207738.1	369	2304	9	25	34	369
CY207738.1	372	2301	5	7	12	372
CY207738.1	377	2493	0	1	1	2493
CY207738.1	380	1267	0	1	1	1267
CY207738.1	380	2333	2	8	10	380
CY207738.1	383	2280	0	7	7	2280
CY207738.1	383	2323	0	1	1	2323
CY207738.1	383	2486	0	3	3	2486
CY207738.1	403	2462	0	1	1	2462
CY207738.1	404	776	0	2	2	776
CY207738.1	408	2379	0	1	1	2379
CY207738.1	409	1965	0	1	1	1965
CY207738.1	434	790	1	0	1	434
CY207738.1	449	1869	1	0	1	449
CY207738.1	463	2320	8	6	14	463
CY207738.1	465	1672	1	0	1	465
CY207738.1	480	579	1	0	1	480
CY207738.1	483	1946	0	1	1	1946
CY207738.1	500	2206	2	4	6	500
CY207738.1	507	2365	2	1	3	507
CY207738.1	511	2211	0	1	1	2211
CY207738.1	513	2221	0	1	1	2221
CY207738.1	526	2086	5	6	11	526
CY207738.1	528	2177	0	3	3	2177
CY207738.1	529	2093	0	4	4	2093
CY207738.1	530	1106	0	1	1	1106
CY207738.1	547	2337	0	1	1	2337
CY207738.1	566	2020	1	3	4	566
CY207738.1	575	2113	1	0	1	575
CY207738.1	629	1973	1	0	1	629
CY207738.1	645	2050	1	0	1	645
CY207738.1	647	2336	1	0	1	647
CY207738.1	650	2092	0	3	3	2092
CY207738.1	655	787	0	1	1	787
CY207738.1	658	2000	2	1	3	658
CY207738.1	674	2000	0	1	1	2000
CY207738.1	678	1930	1	0	1	678
CY207738.1	679	1932	7	9	16	679
CY207738.1	692	1996	2	3	5	692
CY207738.1	720	916	0	1	1	916
CY207738.1	737	1939	0	1	1	1939
CY207738.1	738	1928	1	3	4	738
CY207738.1	764	1925	1	1	2	764
CY207738.1	787	1914	0	1	1	1914
CY207738.1	794	1770	1	2	3	794
CY207738.1	797	2325	3	5	8	797
CY207738.1	798	2072	4	9	13	798
CY207738.1	801	2018	1	0	1	801
CY207738.1	808	1840	0	1	1	1840
CY207738.1	814	2377	1	0	1	814
CY207738.1	822	879	1	0	1	822
CY207738.1	824	2084	0	1	1	2084
CY207738.1	825	1831	1	0	1	825
CY207738.1	830	1107	0	1	1	1107
CY207738.1	836	1792	4	0	4	836
CY207738.1	836	1815	1	2	3	836
CY207738.1	857	1245	0	1	1	1245
CY207738.1	866	2042	3	2	5	866
CY207738.1	870	2204	3	7	10	870
CY207738.1	875	1687	2	1	3	875
CY207738.1	877	2184	1	3	4	877
CY207738.1	897	1040	1	0	1	897
CY207738.1	918	2071	1	2	3	918
CY207738.1	962	1769	2	1	3	962
CY207738.1	973	1782	0	1	1	1782
CY207738.1	975	2146	3	2	5	975
CY207738.1	981	1806	0	1	1	1806
CY207738.1	991	1231	1	0	1	991
