Segment	Start	Stop	Forward_support	Reverse_support	Total_support	Fuzz_factor
CY207731.1	1017	1371	1	0	1	1017
CY207731.1	1056	1451	1	0	1	1056
CY207731.1	1057	1669	1	0	1	1057
CY207731.1	1064	1215	1	0	1	1064
CY207731.1	1089	1146	0	1	1	1146
CY207731.1	1091	1403	0	1	1	1403
CY207731.1	1093	1662	1	0	1	1093
CY207731.1	1120	1657	0	1	1	1657
CY207731.1	1128	1409	0	1	1	1409
CY207731.1	1148	1382	0	1	1	1382
CY207731.1	1271	1651	1	0	1	1271
CY207731.1	1285	1874	0	1	1	1874
CY207731.1	1301	1401	1	0	1	1301
CY207731.1	1304	1535	0	1	1	1535
CY207731.1	1311	1357	1	0	1	1311
CY207731.1	1313	1464	1	0	1	1313
CY207731.1	1317	1769	1	0	1	1317
CY207731.1	1325	1759	0	1	1	1759
CY207731.1	1330	1550	1	0	1	1330
CY207731.1	1347	1531	1	0	1	1347
CY207731.1	1381	1724	0	1	1	1724
CY207731.1	1386	1555	1	0	1	1386
CY207731.1	1413	1517	1	0	1	1413
CY207731.1	1413	1793	0	1	1	1793
CY207731.1	1416	1519	1	0	1	1416
CY207731.1	1516	1659	0	1	1	1659
CY207731.1	1539	1725	0	1	1	1725
CY207731.1	1544	1893	0	1	1	1893
CY207731.1	1563	1650	0	1	1	1650
CY207731.1	1564	1666	1	0	1	1564
CY207731.1	1590	1889	0	1	1	1889
CY207731.1	1663	1795	1	0	1	1663
CY207731.1	1685	1829	1	0	1	1685
CY207731.1	1791	1888	0	1	1	1888
CY207731.1	1886	1922	0	1	1	1922
CY207731.1	242	1129	1	0	1	242
CY207731.1	243	1271	1	0	1	243
CY207731.1	251	1357	1	0	1	251
CY207731.1	270	1292	1	0	1	270
CY207731.1	272	1732	1	0	1	272
CY207731.1	273	639	1	0	1	273
CY207731.1	284	816	1	0	1	284
CY207731.1	289	512	1	0	1	289
CY207731.1	302	438	0	1	1	438
CY207731.1	351	1307	1	0	1	351
CY207731.1	377	1141	0	1	1	1141
CY207731.1	384	1096	0	1	1	1096
CY207731.1	384	1528	0	1	1	1528
CY207731.1	391	1775	0	1	1	1775
CY207731.1	402	1714	0	1	1	1714
CY207731.1	403	1529	0	1	1	1529
CY207731.1	409	1574	0	1	1	1574
CY207731.1	415	1710	1	0	1	415
CY207731.1	416	796	1	0	1	416
CY207731.1	421	739	1	0	1	421
CY207731.1	427	1222	0	1	1	1222
CY207731.1	430	1230	0	1	1	1230
CY207731.1	430	1371	0	1	1	1371
CY207731.1	430	466	0	1	1	466
CY207731.1	436	1304	0	1	1	1304
CY207731.1	437	887	0	1	1	887
CY207731.1	438	1552	0	1	1	1552
CY207731.1	443	1740	1	0	1	443
CY207731.1	443	886	0	1	1	886
CY207731.1	463	961	1	0	1	463
CY207731.1	513	1125	0	1	1	1125
CY207731.1	513	570	0	1	1	570
CY207731.1	521	948	0	1	1	948
CY207731.1	529	1553	0	1	1	1553
CY207731.1	534	613	0	1	1	613
CY207731.1	545	592	0	1	1	592
CY207731.1	565	1641	1	0	1	565
CY207731.1	569	1579	1	0	1	569
CY207731.1	576	1275	1	0	1	576
CY207731.1	585	1668	1	0	1	585
CY207731.1	597	1456	0	1	1	1456
CY207731.1	609	1081	1	0	1	609
CY207731.1	620	1141	1	0	1	620
CY207731.1	659	1777	1	0	1	659
CY207731.1	669	1191	1	0	1	669
CY207731.1	681	1438	1	0	1	681
CY207731.1	686	1713	1	0	1	686
CY207731.1	699	1239	1	0	1	699
CY207731.1	711	809	1	0	1	711
CY207731.1	712	789	1	0	1	712
CY207731.1	741	1211	1	0	1	741
CY207731.1	742	1720	1	0	1	742
CY207731.1	779	1006	1	0	1	779
CY207731.1	779	1075	1	0	1	779
CY207731.1	787	1500	0	1	1	1500
CY207731.1	789	1874	0	1	1	1874
CY207731.1	791	1859	0	1	1	1859
CY207731.1	797	918	0	1	1	918
CY207731.1	802	1205	1	0	1	802
CY207731.1	829	868	0	1	1	868
CY207731.1	890	1004	1	0	1	890
CY207731.1	912	940	1	0	1	912
CY207731.1	937	1896	0	1	1	1896
CY207731.1	979	1153	1	0	1	979
CY207732.1	251	953	3	0	3	251
CY207732.1	258	595	1	0	1	258
CY207732.1	275	933	1	0	1	275
CY207732.1	280	470	1	0	1	280
CY207732.1	281	453	1	0	1	281
CY207732.1	290	560	1	0	1	290
CY207732.1	294	959	0	1	1	959
CY207732.1	350	545	1	0	1	350
CY207732.1	361	641	1	0	1	361
CY207732.1	370	671	1	0	1	370
CY207732.1	372	917	1	0	1	372
CY207732.1	394	532	0	1	1	532
CY207732.1	395	1028	0	1	1	1028
CY207732.1	399	996	1	0	1	399
CY207732.1	400	689	0	1	1	689
CY207732.1	403	1017	1	0	1	403
CY207732.1	404	519	1	0	1	404
CY207732.1	405	1058	0	1	1	1058
CY207732.1	407	1158	0	1	1	1158
CY207732.1	412	1007	0	1	1	1007
CY207732.1	414	489	0	1	1	489
CY207732.1	416	1019	1	0	1	416
CY207732.1	416	1038	1	0	1	416
CY207732.1	430	981	0	1	1	981
CY207732.1	432	1065	0	1	1	1065
CY207732.1	434	1094	0	1	1	1094
CY207732.1	434	696	0	1	1	696
CY207732.1	434	813	0	1	1	813
CY207732.1	438	889	0	1	1	889
CY207732.1	440	791	1	0	1	440
CY207732.1	446	966	0	1	1	966
CY207732.1	450	824	28	106	134	450
CY207732.1	454	1153	0	1	1	1153
CY207732.1	462	575	0	1	1	575
CY207732.1	470	818	1	0	1	470
CY207732.1	473	1102	1	0	1	473
CY207732.1	473	516	1	0	1	473
CY207732.1	487	954	0	1	1	954
CY207732.1	499	1006	0	1	1	1006
CY207732.1	509	873	1	0	1	509
CY207732.1	523	719	0	1	1	719
CY207732.1	531	876	0	1	1	876
CY207732.1	536	1143	0	1	1	1143
CY207732.1	573	1124	0	1	1	1124
CY207732.1	576	742	0	1	1	742
CY207732.1	578	1135	0	1	1	1135
CY207732.1	578	926	0	1	1	926
CY207732.1	581	628	0	1	1	628
CY207732.1	599	770	1	0	1	599
CY207732.1	612	676	0	1	1	676
CY207732.1	632	965	0	1	1	965
CY207732.1	656	724	1	0	1	656
CY207732.1	685	839	0	1	1	839
CY207732.1	691	1021	1	0	1	691
CY207732.1	703	907	11	7	18	703
CY207732.1	716	789	7	2	9	716
CY207732.1	721	1174	0	1	1	1174
CY207732.1	727	759	1	0	1	727
CY207732.1	727	864	0	1	1	864
CY207732.1	755	1148	0	1	1	1148
CY207732.1	760	1038	1	0	1	760
CY207732.1	782	822	1	0	1	782
CY207732.1	816	1138	0	1	1	1138
CY207732.1	819	895	1	0	1	819
CY207732.1	825	1005	1	0	1	825
CY207732.1	841	1059	0	1	1	1059
CY207732.1	847	1019	1	0	1	847
CY207732.1	884	918	1	0	1	884
CY207732.1	996	1143	0	1	1	1143
CY207733.1	1058	1248	1	0	1	1058
CY207733.1	1110	1345	1	0	1	1110
CY207733.1	1135	1447	0	1	1	1447
CY207733.1	1221	1331	1	0	1	1221
CY207733.1	1285	1400	1	0	1	1285
CY207733.1	245	1206	0	1	1	1206
CY207733.1	247	781	1	0	1	247
CY207733.1	277	910	1	0	1	277
CY207733.1	279	787	1	0	1	279
CY207733.1	282	553	1	0	1	282
CY207733.1	385	417	0	1	1	417
CY207733.1	388	1194	0	1	1	1194
CY207733.1	398	1101	0	1	1	1101
CY207733.1	400	759	1	0	1	400
CY207733.1	410	1103	0	1	1	1103
CY207733.1	411	1203	0	1	1	1203
CY207733.1	414	1419	0	1	1	1419
CY207733.1	442	1103	0	1	1	1103
CY207733.1	453	714	1	0	1	453
CY207733.1	456	819	1	0	1	456
CY207733.1	470	508	0	1	1	508
CY207733.1	488	802	1	0	1	488
CY207733.1	517	1405	1	0	1	517
CY207733.1	571	873	0	1	1	873
CY207733.1	665	720	1	0	1	665
CY207733.1	743	1116	0	1	1	1116
CY207733.1	767	1215	0	1	1	1215
CY207733.1	795	1028	0	1	1	1028
CY207733.1	799	1405	0	1	1	1405
CY207733.1	915	1176	0	1	1	1176
CY207733.1	946	1286	1	0	1	946
CY207733.1	963	1550	0	1	1	1550
CY207734.1	1003	1249	1	0	1	1003
CY207734.1	1023	1557	1	0	1	1023
CY207734.1	1051	1169	1	0	1	1051
CY207734.1	1056	1146	0	1	1	1146
CY207734.1	1063	1546	1	0	1	1063
CY207734.1	1087	1318	0	1	1	1318
CY207734.1	1088	1509	1	0	1	1088
CY207734.1	1182	1492	1	0	1	1182
CY207734.1	1231	1257	20	41	61	1231
CY207734.1	1266	1336	1	0	1	1266
CY207734.1	1301	1466	1	0	1	1301
CY207734.1	1331	1585	1	0	1	1331
CY207734.1	1441	1618	0	1	1	1618
CY207734.1	1543	1670	0	1	1	1670
CY207734.1	1544	1678	0	1	1	1678
CY207734.1	1584	1724	0	1	1	1724
CY207734.1	254	750	1	0	1	254
CY207734.1	262	1598	1	0	1	262
CY207734.1	264	838	1	0	1	264
CY207734.1	279	1228	1	0	1	279
CY207734.1	280	830	1	0	1	280
CY207734.1	360	1617	0	1	1	1617
CY207734.1	364	817	0	1	1	817
CY207734.1	365	1050	0	1	1	1050
CY207734.1	370	1686	0	1	1	1686
CY207734.1	373	695	0	1	1	695
CY207734.1	405	1700	0	1	1	1700
CY207734.1	411	1546	1	0	1	411
CY207734.1	411	1678	0	1	1	1678
CY207734.1	416	1560	1	0	1	416
CY207734.1	421	1512	0	1	1	1512
CY207734.1	423	908	0	1	1	908
CY207734.1	426	1559	0	1	1	1559
CY207734.1	434	1135	1	0	1	434
CY207734.1	434	1350	0	1	1	1350
CY207734.1	445	861	1	0	1	445
CY207734.1	446	1468	0	1	1	1468
CY207734.1	458	1347	0	1	1	1347
CY207734.1	458	1583	1	0	1	458
CY207734.1	465	593	0	1	1	593
CY207734.1	468	798	0	1	1	798
CY207734.1	474	1539	0	1	1	1539
CY207734.1	478	1420	0	1	1	1420
CY207734.1	482	697	1	0	1	482
CY207734.1	484	1551	1	0	1	484
CY207734.1	486	823	0	1	1	823
CY207734.1	506	1213	0	1	1	1213
CY207734.1	508	775	0	1	1	775
CY207734.1	514	1331	0	1	1	1331
CY207734.1	517	981	1	0	1	517
CY207734.1	522	1039	0	1	1	1039
CY207734.1	536	690	0	1	1	690
CY207734.1	537	1349	1	0	1	537
CY207734.1	540	1371	0	1	1	1371
CY207734.1	555	840	0	1	1	840
CY207734.1	563	1167	0	1	1	1167
CY207734.1	599	1065	0	1	1	1065
CY207734.1	606	946	1	0	1	606
CY207734.1	629	1495	2	0	2	629
CY207734.1	634	719	0	1	1	719
CY207734.1	663	1443	1	0	1	663
CY207734.1	695	1555	0	1	1	1555
CY207734.1	703	1064	1	0	1	703
CY207734.1	704	841	1	0	1	704
CY207734.1	717	1315	1	0	1	717
CY207734.1	728	1251	0	1	1	1251
CY207734.1	742	1090	0	1	1	1090
CY207734.1	752	952	1	0	1	752
CY207734.1	795	1481	1	0	1	795
CY207734.1	801	1096	0	1	1	1096
CY207734.1	802	1570	0	1	1	1570
CY207734.1	808	1598	0	1	1	1598
CY207734.1	841	1622	1	0	1	841
CY207734.1	842	1412	1	0	1	842
CY207734.1	868	1078	0	1	1	1078
CY207734.1	871	970	0	1	1	970
CY207734.1	876	1302	0	1	1	1302
CY207734.1	877	1453	1	0	1	877
CY207734.1	926	1177	0	1	1	1177
CY207734.1	933	1359	0	1	1	1359
CY207734.1	956	1166	0	1	1	1166
CY207734.1	974	1392	0	1	1	1392
CY207734.1	992	1542	1	0	1	992
CY207734.1	995	1491	1	0	1	995
CY207734.1	999	1166	0	1	1	1166
CY207735.1	341	402	1	0	1	341
CY207735.1	357	895	0	1	1	895
CY207735.1	415	657	0	1	1	657
CY207735.1	419	464	0	1	1	464
CY207735.1	441	640	0	1	1	640
CY207735.1	467	646	0	1	1	646
CY207735.1	477	637	0	1	1	637
CY207735.1	487	630	0	1	1	630
CY207735.1	511	740	23	50	73	511
CY207735.1	518	540	0	1	1	540
CY207735.1	661	786	1	0	1	661
CY207735.1	663	778	1	0	1	663
CY207736.1	1011	1821	0	1	1	1821
CY207736.1	1042	1862	1	0	1	1042
CY207736.1	1067	1111	0	1	1	1111
CY207736.1	1072	2239	1	0	1	1072
CY207736.1	1090	1506	1	0	1	1090
CY207736.1	1206	1440	1	0	1	1206
CY207736.1	1208	2109	1	0	1	1208
CY207736.1	1228	2144	0	1	1	2144
CY207736.1	1375	1596	0	1	1	1596
CY207736.1	1397	2290	1	0	1	1397
CY207736.1	1422	1744	0	1	1	1744
CY207736.1	1476	1874	1	0	1	1476
CY207736.1	1488	1972	0	1	1	1972
CY207736.1	1545	1592	0	1	1	1592
CY207736.1	1552	1738	0	1	1	1738
CY207736.1	1561	1763	1	0	1	1561
CY207736.1	1578	1644	1	0	1	1578
CY207736.1	1580	1973	0	1	1	1973
CY207736.1	1599	2151	0	1	1	2151
CY207736.1	1607	2101	1	0	1	1607
CY207736.1	1623	2085	1	0	1	1623
CY207736.1	1704	1878	1	0	1	1704
CY207736.1	1747	1806	0	1	1	1806
CY207736.1	1761	1791	0	1	1	1791
CY207736.1	1857	2158	1	0	1	1857
CY207736.1	1869	1975	0	1	1	1975
CY207736.1	1886	2361	0	1	1	2361
CY207736.1	1951	2237	1	0	1	1951
CY207736.1	2036	2158	0	1	1	2158
CY207736.1	2112	2158	1	0	1	2112
CY207736.1	2123	2156	124	83	207	2123
CY207736.1	2129	2169	86	41	127	2129
CY207736.1	2204	2323	0	1	1	2323
CY207736.1	2215	2257	101	70	171	2215
CY207736.1	2240	2270	6	23	29	2240
CY207736.1	2240	2271	1	1	2	2240
CY207736.1	269	312	91	7	98	269
CY207736.1	286	308	31	9	40	286
CY207736.1	287	1909	1	0	1	287
CY207736.1	290	352	26	3	29	290
CY207736.1	333	1651	1	0	1	333
CY207736.1	334	2238	8	7	15	334
CY207736.1	334	410	1	2	3	334
CY207736.1	336	1401	1	0	1	336
CY207736.1	350	1878	1	0	1	350
CY207736.1	350	399	0	1	1	399
CY207736.1	360	2157	12	46	58	360
CY207736.1	364	2171	67	169	236	364
CY207736.1	365	2225	13	17	30	365
CY207736.1	367	1748	0	1	1	1748
CY207736.1	367	2160	3	17	20	367
CY207736.1	371	1283	1	0	1	371
CY207736.1	375	2180	22	63	85	375
CY207736.1	387	715	1	0	1	387
CY207736.1	400	565	55	4	59	400
CY207736.1	406	2141	24	184	208	406
CY207736.1	417	455	43	13	56	417
CY207736.1	418	750	1	0	1	418
CY207736.1	437	2133	17	62	79	437
CY207736.1	453	1089	0	1	1	1089
CY207736.1	454	1840	0	1	1	1840
CY207736.1	458	1604	0	1	1	1604
CY207736.1	460	2000	2	0	2	460
CY207736.1	473	2072	0	1	1	2072
CY207736.1	474	1291	1	0	1	474
CY207736.1	484	2009	72	45	117	484
CY207736.1	485	1960	1	0	1	485
CY207736.1	512	2011	109	56	165	512
CY207736.1	512	2032	52	70	122	512
CY207736.1	517	848	1	0	1	517
CY207736.1	564	2035	0	1	1	2035
CY207736.1	575	2208	0	1	1	2208
CY207736.1	581	1256	0	1	1	1256
CY207736.1	595	1120	1	0	1	595
CY207736.1	595	1861	1	0	1	595
CY207736.1	611	1950	0	1	1	1950
CY207736.1	616	1893	1	0	1	616
CY207736.1	619	1896	60	29	89	619
CY207736.1	624	1074	0	1	1	1074
CY207736.1	626	690	0	1	1	690
CY207736.1	674	1843	1	0	1	674
CY207736.1	679	1835	1	0	1	679
CY207736.1	679	1860	3	1	4	679
CY207736.1	688	2080	1	0	1	688
CY207736.1	695	1897	0	1	1	1897
CY207736.1	695	1970	1	0	1	695
CY207736.1	698	1875	112	147	259	698
CY207736.1	707	1988	0	1	1	1988
CY207736.1	723	1184	0	1	1	1184
CY207736.1	730	1650	0	1	1	1650
CY207736.1	736	1890	0	3	3	1890
CY207736.1	737	1944	0	1	1	1944
CY207736.1	754	1883	99	77	176	754
CY207736.1	757	1874	131	43	174	757
CY207736.1	760	1078	1	0	1	760
CY207736.1	771	1889	0	2	2	1889
CY207736.1	774	2087	0	1	1	2087
CY207736.1	779	1821	1	0	1	779
CY207736.1	779	1900	0	1	1	1900
CY207736.1	793	2036	1	0	1	793
CY207736.1	799	2167	0	1	1	2167
CY207736.1	810	900	0	1	1	900
CY207736.1	814	1019	1	0	1	814
CY207736.1	814	1127	1	0	1	814
CY207736.1	821	1664	4	0	4	821
CY207736.1	823	1666	47	36	83	823
CY207736.1	827	2013	1	1	2	827
CY207736.1	855	1541	1	0	1	855
CY207736.1	859	1636	1	0	1	859
CY207736.1	876	1054	0	1	1	1054
CY207736.1	900	1304	0	1	1	1304
CY207736.1	928	1730	1	0	1	928
CY207736.1	959	1131	0	1	1	1131
CY207736.1	960	1111	1	0	1	960
CY207736.1	999	1056	0	1	1	1056
CY207737.1	1000	1994	0	1	1	1994
CY207737.1	1048	2276	1	0	1	1048
CY207737.1	1053	1832	0	1	1	1832
CY207737.1	1057	2273	0	1	1	2273
CY207737.1	1073	2381	1	0	1	1073
CY207737.1	1088	1672	1	0	1	1088
CY207737.1	1106	1371	1	0	1	1106
CY207737.1	1155	1215	0	1	1	1215
CY207737.1	1163	2073	0	1	1	2073
CY207737.1	1215	2198	0	1	1	2198
CY207737.1	1306	1409	1	0	1	1306
CY207737.1	1310	1468	0	1	1	1468
CY207737.1	1310	2117	0	1	1	2117
CY207737.1	1336	2446	0	1	1	2446
CY207737.1	1372	1647	1	0	1	1372
CY207737.1	1397	2377	1	0	1	1397
CY207737.1	1404	1702	0	1	1	1702
CY207737.1	1430	2462	0	1	1	2462
CY207737.1	1531	2097	1	0	1	1531
CY207737.1	1538	2021	1	0	1	1538
CY207737.1	1576	2095	0	1	1	2095
CY207737.1	1613	1888	1	0	1	1613
CY207737.1	1735	1898	0	1	1	1898
CY207737.1	1752	1835	0	1	1	1835
CY207737.1	1876	2054	1	0	1	1876
CY207737.1	1988	2097	0	1	1	2097
CY207737.1	1998	2215	0	1	1	2215
CY207737.1	2015	2104	1	0	1	2015
CY207737.1	2019	2393	1	0	1	2019
CY207737.1	2192	2386	1	0	1	2192
CY207737.1	2304	2335	1	0	1	2304
CY207737.1	2360	2387	0	1	1	2387
CY207737.1	2366	2398	0	1	1	2398
CY207737.1	257	721	1	0	1	257
CY207737.1	266	1085	1	0	1	266
CY207737.1	275	1344	1	0	1	275
CY207737.1	296	1998	0	1	1	1998
CY207737.1	322	1022	1	0	1	322
CY207737.1	325	356	4	2	6	325
CY207737.1	339	2229	1	0	1	339
CY207737.1	357	2249	2	0	2	357
CY207737.1	363	2322	68	16	84	363
CY207737.1	373	2271	2	0	2	373
CY207737.1	373	2336	0	1	1	2336
CY207737.1	377	432	0	1	1	432
CY207737.1	379	1307	0	1	1	1307
CY207737.1	388	2284	52	3	55	388
CY207737.1	390	426	1	0	1	390
CY207737.1	393	1323	1	0	1	393
CY207737.1	397	2276	1	0	1	397
CY207737.1	404	429	0	1	1	429
CY207737.1	411	2116	1	0	1	411
CY207737.1	412	2040	1	0	1	412
CY207737.1	435	2182	5	4	9	435
CY207737.1	457	2180	1	0	1	457
CY207737.1	458	1962	1	0	1	458
CY207737.1	467	1510	0	1	1	1510
CY207737.1	475	1988	0	1	1	1988
CY207737.1	476	2351	0	1	1	2351
CY207737.1	489	1925	0	1	1	1925
CY207737.1	500	1974	1	0	1	500
CY207737.1	503	695	0	1	1	695
CY207737.1	513	1242	1	0	1	513
CY207737.1	523	1423	1	0	1	523
CY207737.1	550	2145	46	16	62	550
CY207737.1	551	1077	1	0	1	551
CY207737.1	559	2198	1	0	1	559
CY207737.1	579	799	1	0	1	579
CY207737.1	586	2138	1	0	1	586
CY207737.1	596	2145	0	1	1	2145
CY207737.1	609	2251	1	0	1	609
CY207737.1	621	1219	0	1	1	1219
CY207737.1	622	907	0	1	1	907
CY207737.1	629	1646	0	1	1	1646
CY207737.1	651	1948	0	1	1	1948
CY207737.1	665	1235	1	0	1	665
CY207737.1	676	1082	1	0	1	676
CY207737.1	680	2281	1	1	2	680
CY207737.1	696	2251	0	1	1	2251
CY207737.1	722	1857	1	0	1	722
CY207737.1	750	1910	12	4	16	750
CY207737.1	751	2256	1	0	1	751
CY207737.1	754	1914	0	1	1	1914
CY207737.1	755	1588	0	1	1	1588
CY207737.1	756	1916	414	1502	1916	756
CY207737.1	758	1918	0	5	5	1918
CY207737.1	759	1374	0	1	1	1374
CY207737.1	777	1346	1	0	1	777
CY207737.1	779	1951	0	3	3	1951
CY207737.1	783	1949	0	6	6	1949
CY207737.1	787	1931	0	26	26	1931
CY207737.1	788	1943	0	1	1	1943
CY207737.1	795	1960	0	3	3	1960
CY207737.1	797	1979	0	2	2	1979
CY207737.1	807	1970	0	3	3	1970
CY207737.1	808	1489	0	1	1	1489
CY207737.1	808	1975	0	6	6	1975
CY207737.1	827	1951	0	1	1	1951
CY207737.1	829	1979	0	1	1	1979
CY207737.1	835	1908	0	1	1	1908
CY207737.1	836	1683	1	0	1	836
CY207737.1	839	1934	0	1	1	1934
CY207737.1	842	1383	1	0	1	842
CY207737.1	852	1594	0	1	1	1594
CY207737.1	855	1306	1	1	2	855
CY207737.1	855	2276	1	0	1	855
CY207737.1	864	1881	0	1	1	1881
CY207737.1	875	2367	0	1	1	2367
CY207737.1	885	2341	0	1	1	2341
CY207737.1	924	2314	1	0	1	924
CY207737.1	930	1942	0	1	1	1942
CY207737.1	940	1890	0	1	1	1890
CY207737.1	957	1948	0	1	1	1948
CY207737.1	962	2328	1	0	1	962
CY207737.1	967	2420	0	1	1	2420
CY207738.1	1021	1658	1	0	1	1021
CY207738.1	1025	2145	1	0	1	1025
CY207738.1	1032	2048	1	0	1	1032
CY207738.1	1050	2301	0	1	1	2301
CY207738.1	1108	1424	1	0	1	1108
CY207738.1	1163	2048	0	1	1	2048
CY207738.1	1173	1492	0	1	1	1492
CY207738.1	1199	1772	0	1	1	1772
CY207738.1	1202	2240	0	1	1	2240
CY207738.1	1215	1670	1	0	1	1215
CY207738.1	1238	1403	1	0	1	1238
CY207738.1	1255	1736	0	1	1	1736
CY207738.1	1286	2480	0	1	1	2480
CY207738.1	1297	1769	1	0	1	1297
CY207738.1	1298	2309	0	1	1	2309
CY207738.1	1304	2079	0	1	1	2079
CY207738.1	1315	1957	1	0	1	1315
CY207738.1	1325	2254	0	1	1	2254
CY207738.1	1337	2296	1	0	1	1337
CY207738.1	1346	1388	1	0	1	1346
CY207738.1	1373	1411	1	0	1	1373
CY207738.1	1383	1563	1	0	1	1383
CY207738.1	1388	1768	1	0	1	1388
CY207738.1	1448	2379	0	1	1	2379
CY207738.1	1472	1913	0	1	1	1913
CY207738.1	1486	1886	1	0	1	1486
CY207738.1	1548	2064	1	0	1	1548
CY207738.1	1571	2075	0	1	1	2075
CY207738.1	1571	2332	1	0	1	1571
CY207738.1	1607	2159	1	0	1	1607
CY207738.1	1623	2371	1	0	1	1623
CY207738.1	1712	1745	1	0	1	1712
CY207738.1	1712	1955	0	1	1	1955
CY207738.1	1721	2289	1	0	1	1721
CY207738.1	1764	2167	1	0	1	1764
CY207738.1	1806	2462	0	1	1	2462
CY207738.1	1908	1962	0	1	1	1962
CY207738.1	1959	2014	0	1	1	2014
CY207738.1	2004	2331	1	0	1	2004
CY207738.1	2019	2062	0	1	1	2062
CY207738.1	2035	2240	1	0	1	2035
CY207738.1	2087	2334	1	0	1	2087
CY207738.1	2092	2364	1	0	1	2092
CY207738.1	2371	2393	2	8	10	2371
CY207738.1	241	349	1	0	1	241
CY207738.1	247	2338	1	0	1	247
CY207738.1	267	2081	1	0	1	267
CY207738.1	285	662	1	0	1	285
CY207738.1	304	2334	1	0	1	304
CY207738.1	311	2496	1	0	1	311
CY207738.1	329	1777	0	1	1	1777
CY207738.1	339	2328	1	0	1	339
CY207738.1	340	2263	1	0	1	340
CY207738.1	346	2235	1	1	2	346
CY207738.1	348	2259	0	1	1	2259
CY207738.1	351	2053	1	0	1	351
CY207738.1	357	2246	0	1	1	2246
CY207738.1	366	2384	0	1	1	2384
CY207738.1	368	2296	50	143	193	368
CY207738.1	374	2192	5	55	60	374
CY207738.1	374	2353	54	101	155	374
CY207738.1	377	1766	1	0	1	377
CY207738.1	381	1547	1	0	1	381
CY207738.1	383	2323	0	1	1	2323
CY207738.1	395	853	0	1	1	853
CY207738.1	406	1350	1	0	1	406
CY207738.1	406	2319	1	1	2	406
CY207738.1	408	2215	0	1	1	2215
CY207738.1	408	2379	0	1	1	2379
CY207738.1	408	535	0	2	2	535
CY207738.1	416	2330	1	0	1	416
CY207738.1	417	2330	3	1	4	417
CY207738.1	419	2282	9	67	76	419
CY207738.1	419	2313	34	81	115	419
CY207738.1	419	2333	102	154	256	419
CY207738.1	422	1090	0	1	1	1090
CY207738.1	422	2285	0	1	1	2285
CY207738.1	422	2447	0	1	1	2447
CY207738.1	425	2306	0	1	1	2306
CY207738.1	426	2288	0	1	1	2288
CY207738.1	431	1652	0	1	1	1652
CY207738.1	431	1733	0	1	1	1733
CY207738.1	432	1368	0	1	1	1368
CY207738.1	432	1700	0	1	1	1700
CY207738.1	433	2330	0	1	1	2330
CY207738.1	438	2323	0	1	1	2323
CY207738.1	439	2360	0	3	3	2360
CY207738.1	444	1103	0	1	1	1103
CY207738.1	446	662	0	1	1	662
CY207738.1	449	1275	0	1	1	1275
CY207738.1	451	673	0	1	1	673
CY207738.1	453	2088	0	1	1	2088
CY207738.1	454	2021	0	1	1	2021
CY207738.1	456	529	1	0	1	456
CY207738.1	460	776	0	1	1	776
CY207738.1	468	1019	1	0	1	468
CY207738.1	474	538	1	0	1	474
CY207738.1	485	1914	1	0	1	485
CY207738.1	487	1469	0	1	1	1469
CY207738.1	493	1191	0	1	1	1191
CY207738.1	512	562	0	1	1	562
CY207738.1	518	2313	0	1	1	2313
CY207738.1	519	1322	0	1	1	1322
CY207738.1	539	853	1	0	1	539
CY207738.1	545	919	1	0	1	545
CY207738.1	579	1075	0	1	1	1075
CY207738.1	579	1801	1	0	1	579
CY207738.1	580	1886	1	0	1	580
CY207738.1	613	2054	1	0	1	613
CY207738.1	644	1816	58	63	121	644
CY207738.1	647	2336	0	1	1	2336
CY207738.1	655	1252	0	1	1	1252
CY207738.1	656	2092	18	23	41	656
CY207738.1	669	2065	27	54	81	669
CY207738.1	674	1865	1	0	1	674
CY207738.1	694	2109	1	0	1	694
CY207738.1	696	1923	1	0	1	696
CY207738.1	699	2106	0	2	2	2106
CY207738.1	708	2294	1	0	1	708
CY207738.1	717	1951	3	0	3	717
CY207738.1	721	1955	73	111	184	721
CY207738.1	722	2267	0	1	1	2267
CY207738.1	739	893	0	1	1	893
CY207738.1	740	2005	0	3	3	2005
CY207738.1	748	2015	0	3	3	2015
CY207738.1	749	1924	1	0	1	749
CY207738.1	751	2474	0	1	1	2474
CY207738.1	753	2020	0	1	1	2020
CY207738.1	764	1925	2	0	2	764
CY207738.1	767	1949	67	83	150	767
CY207738.1	775	2029	0	1	1	2029
CY207738.1	777	2128	1	0	1	777
CY207738.1	780	1974	0	1	1	1974
CY207738.1	800	840	0	1	1	840
CY207738.1	803	1318	1	0	1	803
CY207738.1	847	2384	0	1	1	2384
CY207738.1	848	1681	0	1	1	1681
CY207738.1	896	1101	1	0	1	896
CY207738.1	915	1138	1	0	1	915
CY207738.1	915	2476	0	1	1	2476
CY207738.1	926	1326	0	1	1	1326
CY207738.1	931	2028	0	1	1	2028
CY207738.1	948	2474	0	1	1	2474
CY207738.1	960	990	0	1	1	990
CY207738.1	961	1233	0	1	1	1233
