Segment	Start	Stop	Forward_support	Reverse_support	Total_support	Fuzz_factor
CY207731.1	1010	1302	0	1	1	1302
CY207731.1	1012	1473	0	1	1	1473
CY207731.1	1015	1210	1	0	1	1015
CY207731.1	1020	1759	1	0	1	1020
CY207731.1	1028	1056	0	1	1	1056
CY207731.1	1042	1337	0	1	1	1337
CY207731.1	1068	1438	0	1	1	1438
CY207731.1	1084	1291	0	1	1	1291
CY207731.1	1087	1359	1	0	1	1087
CY207731.1	1123	1178	2	0	2	1123
CY207731.1	1132	1231	1	0	1	1132
CY207731.1	1134	1723	0	1	1	1723
CY207731.1	1140	1216	2	0	2	1140
CY207731.1	1148	1452	0	1	1	1452
CY207731.1	1154	1706	1	0	1	1154
CY207731.1	1169	1755	0	1	1	1755
CY207731.1	1193	1889	0	1	1	1889
CY207731.1	1212	1509	1	0	1	1212
CY207731.1	1274	1367	1	0	1	1274
CY207731.1	1334	1806	0	1	1	1806
CY207731.1	1422	1678	0	1	1	1678
CY207731.1	1504	1702	1	0	1	1504
CY207731.1	1516	1585	0	1	1	1585
CY207731.1	1517	1794	1	0	1	1517
CY207731.1	1519	1658	1	0	1	1519
CY207731.1	1634	1663	0	1	1	1663
CY207731.1	1647	1888	0	1	1	1888
CY207731.1	1677	1904	0	1	1	1904
CY207731.1	1678	1752	0	1	1	1752
CY207731.1	1686	1877	0	1	1	1877
CY207731.1	255	477	1	0	1	255
CY207731.1	270	1334	2	0	2	270
CY207731.1	276	1245	1	0	1	276
CY207731.1	286	1453	1	0	1	286
CY207731.1	290	475	1	0	1	290
CY207731.1	293	1450	1	0	1	293
CY207731.1	296	1369	1	0	1	296
CY207731.1	298	803	2	0	2	298
CY207731.1	299	796	1	1	2	299
CY207731.1	302	1090	1	0	1	302
CY207731.1	318	626	0	1	1	626
CY207731.1	343	911	0	1	1	911
CY207731.1	352	986	0	1	1	986
CY207731.1	365	804	1	0	1	365
CY207731.1	369	1694	0	1	1	1694
CY207731.1	370	1609	0	1	1	1609
CY207731.1	372	1454	1	0	1	372
CY207731.1	379	1598	1	0	1	379
CY207731.1	381	1242	0	1	1	1242
CY207731.1	381	1308	0	1	1	1308
CY207731.1	381	902	0	1	1	902
CY207731.1	396	633	1	0	1	396
CY207731.1	412	1495	0	1	1	1495
CY207731.1	414	489	1	0	1	414
CY207731.1	424	1697	1	0	1	424
CY207731.1	426	1916	0	1	1	1916
CY207731.1	431	863	0	1	1	863
CY207731.1	439	1629	0	1	1	1629
CY207731.1	444	604	0	1	1	604
CY207731.1	448	1460	1	9	10	448
CY207731.1	449	1461	1	0	1	449
CY207731.1	450	1691	1	0	1	450
CY207731.1	462	1509	1	3	4	462
CY207731.1	478	1295	3	2	5	478
CY207731.1	480	1321	0	2	2	1321
CY207731.1	481	1384	1	0	1	481
CY207731.1	484	1094	1	0	1	484
CY207731.1	484	1537	1	0	1	484
CY207731.1	489	1326	1	0	1	489
CY207731.1	489	1364	0	1	1	1364
CY207731.1	489	902	1	0	1	489
CY207731.1	489	978	7	3	10	489
CY207731.1	492	1308	0	1	1	1308
CY207731.1	505	1246	0	1	1	1246
CY207731.1	523	1492	1	0	1	523
CY207731.1	529	1311	1	1	2	529
CY207731.1	533	1503	17	10	27	533
CY207731.1	541	1517	1	1	2	541
CY207731.1	550	1279	1	2	3	550
CY207731.1	552	1135	1	0	1	552
CY207731.1	553	1398	1	0	1	553
CY207731.1	559	886	1	0	1	559
CY207731.1	561	1018	4	2	6	561
CY207731.1	562	1396	2	2	4	562
CY207731.1	565	1641	7	6	13	565
CY207731.1	605	1112	1	0	1	605
CY207731.1	631	1115	0	1	1	1115
CY207731.1	643	1566	0	1	1	1566
CY207731.1	674	1136	1	0	1	674
CY207731.1	676	744	0	1	1	744
CY207731.1	687	1067	1	0	1	687
CY207731.1	692	1730	1	0	1	692
CY207731.1	713	980	0	1	1	980
CY207731.1	734	1518	1	0	1	734
CY207731.1	799	1112	0	1	1	1112
CY207731.1	809	1518	0	1	1	1518
CY207731.1	818	1756	1	0	1	818
CY207731.1	820	1912	0	1	1	1912
CY207731.1	861	1745	1	0	1	861
CY207731.1	867	1079	1	0	1	867
CY207731.1	910	1367	1	0	1	910
CY207731.1	912	1419	1	0	1	912
CY207731.1	938	1759	1	0	1	938
CY207731.1	941	1197	1	0	1	941
CY207731.1	961	1330	0	1	1	1330
CY207731.1	962	996	1	0	1	962
CY207731.1	965	1179	0	1	1	1179
CY207731.1	977	1281	0	1	1	1281
CY207731.1	993	1773	1	0	1	993
CY207732.1	1031	1166	0	1	1	1166
CY207732.1	238	290	1	0	1	238
CY207732.1	242	666	1	0	1	242
CY207732.1	260	495	1	0	1	260
CY207732.1	263	476	1	0	1	263
CY207732.1	267	692	4	0	4	267
CY207732.1	268	550	10	0	10	268
CY207732.1	274	852	5	0	5	274
CY207732.1	275	848	7	0	7	275
CY207732.1	285	511	1	0	1	285
CY207732.1	286	1014	1	0	1	286
CY207732.1	287	1027	1	0	1	287
CY207732.1	292	805	2	0	2	292
CY207732.1	316	1048	1	0	1	316
CY207732.1	321	802	0	3	3	802
CY207732.1	333	936	1	0	1	333
CY207732.1	341	473	0	1	1	473
CY207732.1	341	486	1	0	1	341
CY207732.1	347	573	0	4	4	573
CY207732.1	348	707	1	0	1	348
CY207732.1	349	756	0	1	1	756
CY207732.1	355	737	0	1	1	737
CY207732.1	358	801	1	3	4	358
CY207732.1	358	840	0	1	1	840
CY207732.1	364	1024	1	0	1	364
CY207732.1	372	731	1	0	1	372
CY207732.1	376	582	0	1	1	582
CY207732.1	386	1024	0	1	1	1024
CY207732.1	390	736	0	1	1	736
CY207732.1	392	851	0	1	1	851
CY207732.1	394	1136	0	1	1	1136
CY207732.1	394	536	1	4	5	394
CY207732.1	394	763	1	0	1	394
CY207732.1	400	599	1	0	1	400
CY207732.1	402	1171	0	1	1	1171
CY207732.1	404	654	1	0	1	404
CY207732.1	418	1137	0	1	1	1137
CY207732.1	419	612	0	1	1	612
CY207732.1	429	754	0	1	1	754
CY207732.1	433	829	1	0	1	433
CY207732.1	434	813	1	6	7	434
CY207732.1	434	826	1	0	1	434
CY207732.1	435	679	0	1	1	679
CY207732.1	439	823	0	1	1	823
CY207732.1	445	935	2	7	9	445
CY207732.1	446	508	0	1	1	508
CY207732.1	447	821	2	13	15	447
CY207732.1	448	1017	1	0	1	448
CY207732.1	467	955	0	1	1	955
CY207732.1	484	624	1	0	1	484
CY207732.1	486	834	0	1	1	834
CY207732.1	500	606	1	3	4	500
CY207732.1	500	765	0	1	1	765
CY207732.1	506	679	1	1	2	506
CY207732.1	508	635	1	0	1	508
CY207732.1	519	635	1	1	2	519
CY207732.1	522	860	0	1	1	860
CY207732.1	523	968	1	0	1	523
CY207732.1	537	793	1	0	1	537
CY207732.1	549	1062	0	1	1	1062
CY207732.1	566	622	1	2	3	566
CY207732.1	568	863	0	1	1	863
CY207732.1	568	939	1	0	1	568
CY207732.1	573	653	1	0	1	573
CY207732.1	584	1102	1	0	1	584
CY207732.1	585	802	0	1	1	802
CY207732.1	586	999	1	0	1	586
CY207732.1	587	687	0	1	1	687
CY207732.1	589	862	0	5	5	862
CY207732.1	593	1023	2	0	2	593
CY207732.1	594	685	0	2	2	685
CY207732.1	598	1132	0	1	1	1132
CY207732.1	606	911	0	1	1	911
CY207732.1	622	710	1	0	1	622
CY207732.1	622	717	1	0	1	622
CY207732.1	626	1078	1	0	1	626
CY207732.1	627	1003	0	1	1	1003
CY207732.1	629	1014	1	0	1	629
CY207732.1	639	934	0	1	1	934
CY207732.1	674	952	0	1	1	952
CY207732.1	679	815	5	24	29	679
CY207732.1	679	863	0	2	2	863
CY207732.1	681	964	1	0	1	681
CY207732.1	685	839	7	6	13	685
CY207732.1	689	843	1	0	1	689
CY207732.1	690	1036	2	0	2	690
CY207732.1	695	820	0	1	1	820
CY207732.1	696	814	1	1	2	696
CY207732.1	697	772	0	1	1	772
CY207732.1	702	1177	0	1	1	1177
CY207732.1	703	790	1	0	1	703
CY207732.1	703	907	1	4	5	703
CY207732.1	715	915	0	1	1	915
CY207732.1	715	965	2	5	7	715
CY207732.1	718	860	4	16	20	718
CY207732.1	720	870	1	0	1	720
CY207732.1	724	846	1	0	1	724
CY207732.1	753	1035	1	0	1	753
CY207732.1	753	856	1	0	1	753
CY207732.1	758	954	2	0	2	758
CY207732.1	759	1070	1	0	1	759
CY207732.1	759	859	0	1	1	859
CY207732.1	768	850	1	0	1	768
CY207732.1	777	1052	1	0	1	777
CY207732.1	792	862	1	2	3	792
CY207732.1	797	1059	1	0	1	797
CY207732.1	797	880	1	0	1	797
CY207732.1	810	867	0	1	1	867
CY207732.1	816	847	0	1	1	847
CY207732.1	817	866	0	1	1	866
CY207732.1	843	917	1	0	1	843
CY207732.1	845	1162	0	1	1	1162
CY207732.1	919	1016	1	0	1	919
CY207732.1	961	1022	1	0	1	961
CY207733.1	1024	1258	2	0	2	1024
CY207733.1	1049	1243	0	1	1	1243
CY207733.1	1070	1292	0	1	1	1292
CY207733.1	1179	1227	2	0	2	1179
CY207733.1	1294	1485	7	3	10	1294
CY207733.1	1487	1568	0	2	2	1568
CY207733.1	276	503	1	0	1	276
CY207733.1	321	950	0	1	1	950
CY207733.1	322	999	0	1	1	999
CY207733.1	331	1425	0	1	1	1425
CY207733.1	380	835	0	2	2	835
CY207733.1	382	1337	0	6	6	1337
CY207733.1	389	1225	1	0	1	389
CY207733.1	399	1235	3	5	8	399
CY207733.1	402	1412	0	1	1	1412
CY207733.1	406	893	1	0	1	406
CY207733.1	411	909	1	2	3	411
CY207733.1	413	1439	1	0	1	413
CY207733.1	414	505	0	1	1	505
CY207733.1	430	489	0	1	1	489
CY207733.1	435	1241	0	1	1	1241
CY207733.1	436	1245	0	1	1	1245
CY207733.1	436	1452	9	7	16	436
CY207733.1	439	771	1	4	5	439
CY207733.1	471	583	1	0	1	471
CY207733.1	474	1251	1	5	6	474
CY207733.1	503	609	1	0	1	503
CY207733.1	520	618	1	0	1	520
CY207733.1	530	1567	0	1	1	1567
CY207733.1	531	1495	6	0	6	531
CY207733.1	541	866	0	1	1	866
CY207733.1	544	1070	1	1	2	544
CY207733.1	557	1223	1	0	1	557
CY207733.1	558	1070	1	0	1	558
CY207733.1	561	1073	4	0	4	561
CY207733.1	581	1253	0	1	1	1253
CY207733.1	605	1470	1	0	1	605
CY207733.1	615	862	0	1	1	862
CY207733.1	623	723	1	0	1	623
CY207733.1	654	1115	0	1	1	1115
CY207733.1	680	1063	0	1	1	1063
CY207733.1	707	848	0	1	1	848
CY207733.1	753	1205	1	0	1	753
CY207733.1	766	854	0	1	1	854
CY207733.1	787	860	1	0	1	787
CY207733.1	830	1084	1	0	1	830
CY207733.1	837	1202	0	1	1	1202
CY207733.1	864	1254	1	0	1	864
CY207733.1	921	1176	1	0	1	921
CY207733.1	934	1082	0	1	1	1082
CY207733.1	989	1051	1	0	1	989
CY207734.1	1000	1101	0	1	1	1101
CY207734.1	1005	1414	1	0	1	1005
CY207734.1	1008	1078	0	1	1	1078
CY207734.1	1018	1447	0	1	1	1447
CY207734.1	1022	1391	0	1	1	1391
CY207734.1	1029	1093	0	1	1	1093
CY207734.1	1031	1599	1	0	1	1031
CY207734.1	1032	1718	0	1	1	1718
CY207734.1	1079	1427	1	0	1	1079
CY207734.1	1082	1483	1	0	1	1082
CY207734.1	1085	1364	0	1	1	1364
CY207734.1	1137	1228	0	1	1	1228
CY207734.1	1172	1416	0	1	1	1416
CY207734.1	1178	1569	0	1	1	1569
CY207734.1	1202	1388	1	0	1	1202
CY207734.1	1224	1270	1	0	1	1224
CY207734.1	1257	1504	0	1	1	1504
CY207734.1	1296	1468	0	1	1	1468
CY207734.1	1309	1631	0	1	1	1631
CY207734.1	1367	1698	0	1	1	1698
CY207734.1	1408	1649	0	1	1	1649
CY207734.1	1442	1566	2	0	2	1442
CY207734.1	1443	1495	0	1	1	1495
CY207734.1	1604	1725	0	2	2	1725
CY207734.1	246	603	1	0	1	246
CY207734.1	247	530	1	0	1	247
CY207734.1	257	1211	1	0	1	257
CY207734.1	272	900	1	0	1	272
CY207734.1	274	982	1	0	1	274
CY207734.1	282	817	2	0	2	282
CY207734.1	287	909	1	0	1	287
CY207734.1	289	568	1	0	1	289
CY207734.1	313	1042	0	1	1	1042
CY207734.1	313	1387	0	1	1	1387
CY207734.1	321	1084	0	1	1	1084
CY207734.1	342	1366	0	1	1	1366
CY207734.1	346	1588	1	0	1	346
CY207734.1	350	1339	1	0	1	350
CY207734.1	358	898	0	1	1	898
CY207734.1	360	846	0	1	1	846
CY207734.1	368	1176	1	0	1	368
CY207734.1	368	392	0	1	1	392
CY207734.1	395	1170	0	1	1	1170
CY207734.1	403	663	1	0	1	403
CY207734.1	411	851	0	1	1	851
CY207734.1	421	940	0	1	1	940
CY207734.1	422	1185	0	1	1	1185
CY207734.1	464	584	0	1	1	584
CY207734.1	465	1390	0	1	1	1390
CY207734.1	465	1590	1	0	1	465
CY207734.1	467	1603	1	0	1	467
CY207734.1	467	926	1	0	1	467
CY207734.1	470	590	0	1	1	590
CY207734.1	474	847	1	0	1	474
CY207734.1	478	1363	1	0	1	478
CY207734.1	490	647	0	1	1	647
CY207734.1	500	523	1	0	1	500
CY207734.1	501	1491	0	1	1	1491
CY207734.1	521	1422	0	1	1	1422
CY207734.1	525	1474	0	1	1	1474
CY207734.1	529	1091	1	0	1	529
CY207734.1	533	1182	0	1	1	1182
CY207734.1	534	809	0	1	1	809
CY207734.1	538	866	1	0	1	538
CY207734.1	559	1371	1	0	1	559
CY207734.1	588	868	1	0	1	588
CY207734.1	602	1383	1	0	1	602
CY207734.1	620	812	1	0	1	620
CY207734.1	623	970	1	0	1	623
CY207734.1	627	658	1	0	1	627
CY207734.1	673	1247	1	0	1	673
CY207734.1	676	1585	1	0	1	676
CY207734.1	686	1514	1	0	1	686
CY207734.1	692	1156	1	0	1	692
CY207734.1	697	1286	2	2	4	697
CY207734.1	714	1043	1	0	1	714
CY207734.1	717	768	0	1	1	768
CY207734.1	729	779	1	1	2	729
CY207734.1	732	1080	4	1	5	732
CY207734.1	741	804	1	0	1	741
CY207734.1	747	1401	1	0	1	747
CY207734.1	747	1443	0	3	3	1443
CY207734.1	777	1352	1	0	1	777
CY207734.1	809	831	2	0	2	809
CY207734.1	810	1571	1	0	1	810
CY207734.1	810	958	3	1	4	810
CY207734.1	827	1222	0	1	1	1222
CY207734.1	839	1382	1	0	1	839
CY207734.1	866	1044	0	1	1	1044
CY207734.1	866	1502	1	0	1	866
CY207734.1	875	1400	0	1	1	1400
CY207734.1	879	1040	0	1	1	1040
CY207734.1	900	1181	0	1	1	1181
CY207734.1	914	1353	0	2	2	1353
CY207734.1	916	1528	1	1	2	916
CY207734.1	916	1569	1	0	1	916
CY207734.1	926	990	1	0	1	926
CY207734.1	936	1559	0	1	1	1559
CY207734.1	939	1184	1	4	5	939
CY207734.1	940	1310	1	0	1	940
CY207734.1	942	1093	1	3	4	942
CY207734.1	942	1252	0	2	2	1252
CY207734.1	953	1188	0	1	1	1188
CY207734.1	958	1223	0	1	1	1223
CY207734.1	970	1043	1	0	1	970
CY207734.1	970	1581	1	0	1	970
CY207734.1	971	1042	0	1	1	1042
CY207734.1	978	1049	0	1	1	1049
CY207734.1	986	1328	1	0	1	986
CY207734.1	997	1042	3	2	5	997
CY207734.1	998	1132	1	0	1	998
CY207734.1	999	1073	1	0	1	999
CY207735.1	249	503	1	0	1	249
CY207735.1	411	649	0	1	1	649
CY207735.1	435	855	0	1	1	855
CY207735.1	452	690	0	7	7	690
CY207735.1	465	595	3	4	7	465
CY207735.1	470	705	1	0	1	470
CY207735.1	499	729	4	0	4	499
CY207735.1	511	740	29	61	90	511
CY207735.1	516	692	0	1	1	692
CY207735.1	519	746	3	2	5	519
CY207735.1	533	594	0	1	1	594
CY207735.1	561	727	1	2	3	561
CY207735.1	782	851	2	0	2	782
CY207735.1	795	951	2	1	3	795
CY207735.1	821	847	0	1	1	847
CY207736.1	1013	1199	1	0	1	1013
CY207736.1	1014	1227	0	1	1	1227
CY207736.1	1026	1193	1	0	1	1026
CY207736.1	1039	1068	1	0	1	1039
CY207736.1	1047	1248	1	0	1	1047
CY207736.1	1048	1539	0	1	1	1539
CY207736.1	1059	1145	0	2	2	1145
CY207736.1	1066	1730	0	1	1	1730
CY207736.1	1085	2266	1	0	1	1085
CY207736.1	1086	1790	0	1	1	1790
CY207736.1	1087	1269	1	0	1	1087
CY207736.1	1088	2370	0	1	1	2370
CY207736.1	1090	1506	1	0	1	1090
CY207736.1	1097	1652	1	2	3	1097
CY207736.1	1101	1745	0	2	2	1745
CY207736.1	1127	1543	1	0	1	1127
CY207736.1	1144	2080	1	0	1	1144
CY207736.1	1149	1227	0	1	1	1227
CY207736.1	1155	1738	1	0	1	1155
CY207736.1	1160	1300	1	0	1	1160
CY207736.1	1168	1776	1	0	1	1168
CY207736.1	1191	1316	0	1	1	1316
CY207736.1	1195	1990	0	1	1	1990
CY207736.1	1232	1389	1	0	1	1232
CY207736.1	1258	1647	1	3	4	1258
CY207736.1	1258	1690	1	0	1	1258
CY207736.1	1274	1313	1	0	1	1274
CY207736.1	1276	2297	1	3	4	1276
CY207736.1	1340	1545	0	1	1	1545
CY207736.1	1341	1876	1	0	1	1341
CY207736.1	1345	1915	2	0	2	1345
CY207736.1	1383	1875	0	1	1	1875
CY207736.1	1400	1424	0	1	1	1424
CY207736.1	1401	1661	1	0	1	1401
CY207736.1	1487	1565	0	1	1	1565
CY207736.1	1510	1899	1	0	1	1510
CY207736.1	1511	1569	1	1	2	1511
CY207736.1	1563	2163	0	1	1	2163
CY207736.1	1587	2042	1	0	1	1587
CY207736.1	1643	1753	0	1	1	1753
CY207736.1	1672	2301	1	0	1	1672
CY207736.1	1700	1782	0	1	1	1782
CY207736.1	1703	1956	1	1	2	1703
CY207736.1	1709	1841	0	1	1	1841
CY207736.1	1738	2269	0	1	1	2269
CY207736.1	1740	2154	0	1	1	2154
CY207736.1	1756	1809	1	0	1	1756
CY207736.1	1784	2043	1	0	1	1784
CY207736.1	2013	2074	0	1	1	2074
CY207736.1	2036	2134	1	0	1	2036
CY207736.1	2126	2209	0	1	1	2209
CY207736.1	2126	2300	1	0	1	2126
CY207736.1	2131	2171	6	2	8	2131
CY207736.1	2147	2279	2	1	3	2147
CY207736.1	2257	2319	0	1	1	2319
CY207736.1	260	2010	2	0	2	260
CY207736.1	266	1298	1	0	1	266
CY207736.1	274	1692	1	0	1	274
CY207736.1	283	1652	1	0	1	283
CY207736.1	287	2127	1	0	1	287
CY207736.1	288	2038	3	0	3	288
CY207736.1	291	2133	1	0	1	291
CY207736.1	340	1115	0	1	1	1115
CY207736.1	343	1697	0	1	1	1697
CY207736.1	351	1586	0	1	1	1586
CY207736.1	360	669	2	0	2	360
CY207736.1	380	2160	0	1	1	2160
CY207736.1	387	2156	1	7	8	387
CY207736.1	388	1303	0	1	1	1303
CY207736.1	392	2013	0	1	1	2013
CY207736.1	394	1070	1	0	1	394
CY207736.1	396	2017	1	0	1	396
CY207736.1	401	1027	0	3	3	1027
CY207736.1	402	655	1	0	1	402
CY207736.1	403	513	1	3	4	403
CY207736.1	404	433	1	0	1	404
CY207736.1	411	1795	1	0	1	411
CY207736.1	414	1694	0	1	1	1694
CY207736.1	419	1358	1	0	1	419
CY207736.1	421	1555	1	0	1	421
CY207736.1	427	1065	1	0	1	427
CY207736.1	430	1917	1	0	1	430
CY207736.1	431	1325	0	1	1	1325
CY207736.1	436	1670	1	0	1	436
CY207736.1	441	2028	1	1	2	441
CY207736.1	444	2112	1	0	1	444
CY207736.1	444	575	1	0	1	444
CY207736.1	447	1729	1	0	1	447
CY207736.1	450	949	1	0	1	450
CY207736.1	451	1393	7	0	7	451
CY207736.1	453	1089	6	1	7	453
CY207736.1	453	2167	0	1	1	2167
CY207736.1	462	912	2	0	2	462
CY207736.1	477	1718	1	0	1	477
CY207736.1	478	1761	0	1	1	1761
CY207736.1	495	2048	1	0	1	495
CY207736.1	504	2058	6	2	8	504
CY207736.1	508	2041	6	5	11	508
CY207736.1	520	1520	1	0	1	520
CY207736.1	528	1081	1	0	1	528
CY207736.1	538	2028	1	0	1	538
CY207736.1	540	665	1	0	1	540
CY207736.1	552	1562	0	1	1	1562
CY207736.1	553	1403	1	0	1	553
CY207736.1	554	2005	6	2	8	554
CY207736.1	556	1127	0	1	1	1127
CY207736.1	558	974	0	1	1	974
CY207736.1	562	1700	1	0	1	562
CY207736.1	562	2018	3	2	5	562
CY207736.1	564	2035	2	3	5	564
CY207736.1	564	904	14	3	17	564
CY207736.1	565	1179	0	2	2	1179
CY207736.1	565	850	1	3	4	565
CY207736.1	566	650	1	1	2	566
CY207736.1	568	2001	4	1	5	568
CY207736.1	569	1996	2	0	2	569
CY207736.1	571	1284	1	0	1	571
CY207736.1	574	1733	3	1	4	574
CY207736.1	579	841	1	0	1	579
CY207736.1	581	1091	6	2	8	581
CY207736.1	583	2188	1	1	2	583
CY207736.1	584	1509	9	2	11	584
CY207736.1	584	2002	4	2	6	584
CY207736.1	584	2189	0	1	1	2189
CY207736.1	584	810	2	0	2	584
CY207736.1	585	1794	1	0	1	585
CY207736.1	586	1687	1	1	2	586
CY207736.1	592	1461	2	0	2	592
CY207736.1	595	1814	1	0	1	595
CY207736.1	596	2002	4	6	10	596
CY207736.1	597	2001	0	1	1	2001
CY207736.1	598	1956	3	0	3	598
CY207736.1	598	904	2	1	3	598
CY207736.1	599	1466	1	0	1	599
CY207736.1	602	2021	0	1	1	2021
CY207736.1	606	2059	0	1	1	2059
CY207736.1	609	2108	0	1	1	2108
CY207736.1	616	1894	5	4	9	616
CY207736.1	617	2353	0	1	1	2353
CY207736.1	625	780	1	1	2	625
CY207736.1	629	2007	11	6	17	629
CY207736.1	631	1937	3	3	6	631
CY207736.1	632	758	0	1	1	758
CY207736.1	633	1862	1	0	1	633
CY207736.1	640	2049	0	2	2	2049
CY207736.1	644	1854	4	5	9	644
CY207736.1	645	1875	3	5	8	645
CY207736.1	645	2035	0	1	1	2035
CY207736.1	647	2153	0	1	1	2153
CY207736.1	650	1014	1	0	1	650
CY207736.1	651	1265	0	1	1	1265
CY207736.1	651	1432	1	0	1	651
CY207736.1	656	1671	1	0	1	656
CY207736.1	657	1911	1	0	1	657
CY207736.1	659	1663	1	3	4	659
CY207736.1	670	1163	1	0	1	670
CY207736.1	670	743	1	0	1	670
CY207736.1	672	1347	0	1	1	1347
CY207736.1	672	2358	0	1	1	2358
CY207736.1	675	1507	0	1	1	1507
CY207736.1	675	847	0	2	2	847
CY207736.1	678	1955	2	4	6	678
CY207736.1	679	1835	1	0	1	679
CY207736.1	682	1838	5	7	12	682
CY207736.1	684	1520	0	1	1	1520
CY207736.1	686	1952	8	11	19	686
CY207736.1	689	771	1	0	1	689
CY207736.1	691	1825	2	3	5	691
CY207736.1	692	2183	1	2	3	692
CY207736.1	697	1777	0	1	1	1777
CY207736.1	699	1995	1	0	1	699
CY207736.1	700	1976	0	1	1	1976
CY207736.1	702	1703	1	6	7	702
CY207736.1	704	1382	1	0	1	704
CY207736.1	711	1498	1	0	1	711
CY207736.1	711	1589	1	0	1	711
CY207736.1	716	811	1	1	2	716
CY207736.1	718	1552	0	2	2	1552
CY207736.1	718	1759	4	9	13	718
CY207736.1	720	1793	0	2	2	1793
CY207736.1	723	1994	5	5	10	723
CY207736.1	724	1946	1	0	1	724
CY207736.1	725	1702	1	0	1	725
CY207736.1	725	951	1	0	1	725
CY207736.1	726	2003	1	2	3	726
CY207736.1	727	862	0	1	1	862
CY207736.1	731	1840	1	0	1	731
CY207736.1	738	1167	0	1	1	1167
CY207736.1	741	1787	2	1	3	741
CY207736.1	742	1302	0	1	1	1302
CY207736.1	756	1589	0	1	1	1589
CY207736.1	759	2040	1	0	1	759
CY207736.1	767	1832	5	3	8	767
CY207736.1	767	1952	4	2	6	767
CY207736.1	771	2047	0	1	1	2047
CY207736.1	773	2023	0	1	1	2023
CY207736.1	775	1985	0	1	1	1985
CY207736.1	781	2023	0	1	1	2023
CY207736.1	782	1133	1	0	1	782
CY207736.1	786	1955	4	3	7	786
CY207736.1	789	1730	2	3	5	789
CY207736.1	790	1285	1	0	1	790
CY207736.1	801	1484	0	1	1	1484
CY207736.1	803	1122	0	1	1	1122
CY207736.1	809	1493	0	1	1	1493
CY207736.1	809	1862	4	2	6	809
CY207736.1	810	1701	0	1	1	1701
CY207736.1	810	1858	1	0	1	810
CY207736.1	822	1398	0	1	1	1398
CY207736.1	824	1845	0	1	1	1845
CY207736.1	839	1368	1	0	1	839
CY207736.1	847	1840	0	1	1	1840
CY207736.1	851	1293	0	1	1	1293
CY207736.1	866	1008	1	0	1	866
CY207736.1	878	1977	0	1	1	1977
CY207736.1	896	1625	2	0	2	896
CY207736.1	896	984	0	1	1	984
CY207736.1	897	2353	0	1	1	2353
CY207736.1	915	1667	4	1	5	915
CY207736.1	915	1883	0	1	1	1883
CY207736.1	925	1173	0	3	3	1173
CY207736.1	929	1643	3	3	6	929
CY207736.1	933	1180	0	2	2	1180
CY207736.1	944	1649	1	1	2	944
CY207736.1	947	1652	4	9	13	947
CY207736.1	947	2078	0	1	1	2078
CY207736.1	977	2190	3	3	6	977
CY207736.1	986	2252	1	0	1	986
CY207736.1	996	1822	1	0	1	996
CY207737.1	1004	1390	0	1	1	1390
CY207737.1	1050	1714	0	2	2	1714
CY207737.1	1077	1398	1	0	1	1077
CY207737.1	1087	1714	0	1	1	1714
CY207737.1	1092	2021	1	0	1	1092
CY207737.1	1102	1269	0	1	1	1269
CY207737.1	1145	1780	0	1	1	1780
CY207737.1	1147	1594	0	1	1	1594
CY207737.1	1167	1647	1	0	1	1167
CY207737.1	1188	2073	0	1	1	2073
CY207737.1	1189	2251	0	1	1	2251
CY207737.1	1203	1598	1	0	1	1203
CY207737.1	1213	1476	1	0	1	1213
CY207737.1	1261	1961	0	1	1	1961
CY207737.1	1334	2207	0	1	1	2207
CY207737.1	1351	1856	0	1	1	1856
CY207737.1	1386	1449	0	1	1	1449
CY207737.1	1388	2367	0	1	1	2367
CY207737.1	1389	2056	1	0	1	1389
CY207737.1	1413	1537	0	1	1	1537
CY207737.1	1446	1920	0	1	1	1920
CY207737.1	1482	2407	0	2	2	2407
CY207737.1	1589	1799	1	0	1	1589
CY207737.1	1615	1885	1	0	1	1615
CY207737.1	1622	2337	2	0	2	1622
CY207737.1	1639	2059	1	0	1	1639
CY207737.1	1660	2223	0	1	1	2223
CY207737.1	1763	2116	0	1	1	2116
CY207737.1	1804	2448	1	1	2	1804
CY207737.1	1829	2145	0	3	3	2145
CY207737.1	1840	2199	0	1	1	2199
CY207737.1	1896	2213	0	1	1	2213
CY207737.1	1902	2243	1	0	1	1902
CY207737.1	1998	2231	0	1	1	2231
CY207737.1	2022	2460	0	1	1	2460
CY207737.1	2065	2394	1	0	1	2065
CY207737.1	2067	2138	1	0	1	2067
CY207737.1	2149	2188	6	2	8	2149
CY207737.1	2205	2306	1	0	1	2205
CY207737.1	2270	2300	0	1	1	2300
CY207737.1	250	1185	1	0	1	250
CY207737.1	281	1524	1	0	1	281
CY207737.1	287	2110	1	0	1	287
CY207737.1	343	1318	0	1	1	1318
CY207737.1	358	1917	1	0	1	358
CY207737.1	361	1516	1	0	1	361
CY207737.1	374	1591	0	1	1	1591
CY207737.1	376	1225	1	0	1	376
CY207737.1	397	1951	1	0	1	397
CY207737.1	405	957	1	0	1	405
CY207737.1	428	1560	0	1	1	1560
CY207737.1	440	889	0	1	1	889
CY207737.1	442	1231	1	0	1	442
CY207737.1	451	734	1	0	1	451
CY207737.1	455	1371	0	1	1	1371
CY207737.1	459	2066	1	0	1	459
CY207737.1	460	1146	1	0	1	460
CY207737.1	463	2020	6	14	20	463
CY207737.1	478	2149	0	1	1	2149
CY207737.1	479	1130	1	0	1	479
CY207737.1	495	1066	1	0	1	495
CY207737.1	498	542	2	0	2	498
CY207737.1	506	2054	0	1	1	2054
CY207737.1	508	841	1	0	1	508
CY207737.1	512	2108	0	1	1	2108
CY207737.1	521	2059	3	0	3	521
CY207737.1	531	1932	1	0	1	531
CY207737.1	531	562	1	0	1	531
CY207737.1	555	1780	0	1	1	1780
CY207737.1	564	1523	1	0	1	564
CY207737.1	569	1258	0	1	1	1258
CY207737.1	581	1239	1	0	1	581
CY207737.1	581	2362	1	0	1	581
CY207737.1	615	1738	1	3	4	615
CY207737.1	615	2386	1	0	1	615
CY207737.1	621	775	0	1	1	775
CY207737.1	624	911	1	0	1	624
CY207737.1	627	2111	0	3	3	2111
CY207737.1	634	2013	2	2	4	634
CY207737.1	639	1831	1	0	1	639
CY207737.1	639	1846	0	1	1	1846
CY207737.1	651	2255	0	1	1	2255
CY207737.1	659	1715	3	3	6	659
CY207737.1	667	1623	0	1	1	1623
CY207737.1	667	1698	0	1	1	1698
CY207737.1	668	1973	0	1	1	1973
CY207737.1	678	2055	0	1	1	2055
CY207737.1	681	2390	1	0	1	681
CY207737.1	692	2066	0	2	2	2066
CY207737.1	707	1660	2	1	3	707
CY207737.1	724	1925	0	1	1	1925
CY207737.1	726	1885	0	4	4	1885
CY207737.1	727	1262	1	0	1	727
CY207737.1	729	2333	1	1	2	729
CY207737.1	731	1560	1	1	2	731
CY207737.1	734	798	0	1	1	798
CY207737.1	735	2017	2	2	4	735
CY207737.1	745	2012	1	0	1	745
CY207737.1	747	2014	1	7	8	747
CY207737.1	760	2012	0	3	3	2012
CY207737.1	770	2211	0	1	1	2211
CY207737.1	782	1985	1	2	3	782
CY207737.1	790	1741	4	0	4	790
CY207737.1	794	2257	1	0	1	794
CY207737.1	795	1301	1	0	1	795
CY207737.1	796	2004	0	1	1	2004
CY207737.1	808	1956	0	1	1	1956
CY207737.1	813	1384	1	0	1	813
CY207737.1	832	2019	0	1	1	2019
CY207737.1	843	1083	1	0	1	843
CY207737.1	850	907	1	0	1	850
CY207737.1	851	1528	1	0	1	851
CY207737.1	862	1931	1	0	1	862
CY207737.1	868	1446	0	1	1	1446
CY207737.1	882	1113	2	0	2	882
CY207737.1	902	1867	0	4	4	1867
CY207737.1	902	2287	1	0	1	902
CY207737.1	904	1882	1	0	1	904
CY207737.1	915	1294	1	0	1	915
CY207737.1	917	1911	0	1	1	1911
CY207737.1	924	1291	0	1	1	1291
CY207737.1	930	2055	0	1	1	2055
CY207737.1	945	2300	1	0	1	945
CY207738.1	1004	1144	1	0	1	1004
CY207738.1	1043	1183	0	1	1	1183
CY207738.1	1049	1556	0	1	1	1556
CY207738.1	1058	1793	1	0	1	1058
CY207738.1	1098	2076	1	0	1	1098
CY207738.1	1101	1267	1	0	1	1101
CY207738.1	1108	1322	0	2	2	1322
CY207738.1	1117	1259	1	0	1	1117
CY207738.1	1117	1975	0	1	1	1975
CY207738.1	1126	1939	1	0	1	1126
CY207738.1	1150	1597	1	1	2	1150
CY207738.1	1164	2007	1	0	1	1164
CY207738.1	1169	1318	0	1	1	1318
CY207738.1	1178	2163	1	0	1	1178
CY207738.1	1201	2474	0	1	1	2474
CY207738.1	1206	1424	1	0	1	1206
CY207738.1	1252	1352	0	1	1	1352
CY207738.1	1288	1384	0	1	1	1384
CY207738.1	1288	1954	0	1	1	1954
CY207738.1	1300	1675	0	1	1	1675
CY207738.1	1313	1847	0	1	1	1847
CY207738.1	1328	2386	1	0	1	1328
CY207738.1	1336	1700	0	1	1	1700
CY207738.1	1339	1993	0	1	1	1993
CY207738.1	1360	2139	0	1	1	2139
CY207738.1	1404	1868	0	2	2	1868
CY207738.1	1423	1830	0	1	1	1830
CY207738.1	1478	2341	1	0	1	1478
CY207738.1	1492	1639	1	3	4	1492
CY207738.1	1494	2394	1	0	1	1494
CY207738.1	1557	2022	0	1	1	2022
CY207738.1	1569	1772	0	1	1	1772
CY207738.1	1596	2158	1	0	1	1596
CY207738.1	1634	2306	0	2	2	2306
CY207738.1	1699	2322	0	1	1	2322
CY207738.1	1701	2368	1	0	1	1701
CY207738.1	1706	1846	1	0	1	1706
CY207738.1	1742	2316	1	0	1	1742
CY207738.1	1757	1838	0	2	2	1838
CY207738.1	1767	1813	1	0	1	1767
CY207738.1	1913	2017	1	0	1	1913
CY207738.1	1915	1950	0	1	1	1950
CY207738.1	1919	1950	0	1	1	1950
CY207738.1	1991	2092	1	0	1	1991
CY207738.1	1993	2238	0	1	1	2238
CY207738.1	1998	2309	1	0	1	1998
CY207738.1	2177	2407	1	0	1	2177
CY207738.1	2233	2386	0	1	1	2386
CY207738.1	2238	2265	0	1	1	2265
CY207738.1	241	1221	1	0	1	241
CY207738.1	242	801	3	0	3	242
CY207738.1	247	2442	1	0	1	247
CY207738.1	251	2297	1	0	1	251
CY207738.1	269	608	1	0	1	269
CY207738.1	284	667	1	0	1	284
CY207738.1	296	571	0	1	1	571
CY207738.1	304	1135	0	1	1	1135
CY207738.1	320	370	1	0	1	320
CY207738.1	325	2327	0	1	1	2327
CY207738.1	333	1300	1	0	1	333
CY207738.1	335	743	0	1	1	743
CY207738.1	346	2235	0	2	2	2235
CY207738.1	351	1162	0	1	1	1162
CY207738.1	355	2475	0	1	1	2475
CY207738.1	367	1509	0	1	1	1509
CY207738.1	369	1673	0	1	1	1673
CY207738.1	369	1821	0	1	1	1821
CY207738.1	378	1715	0	2	2	1715
CY207738.1	378	2270	0	1	1	2270
CY207738.1	380	2179	0	1	1	2179
CY207738.1	390	713	0	1	1	713
CY207738.1	391	1631	0	1	1	1631
CY207738.1	401	2053	0	1	1	2053
CY207738.1	410	1881	1	10	11	410
CY207738.1	414	2221	0	1	1	2221
CY207738.1	417	1361	0	2	2	1361
CY207738.1	419	1891	1	4	5	419
CY207738.1	424	1882	5	8	13	424
CY207738.1	425	1277	0	1	1	1277
CY207738.1	429	2279	0	1	1	2279
CY207738.1	436	1384	0	1	1	1384
CY207738.1	439	2360	0	1	1	2360
CY207738.1	443	2121	0	1	1	2121
CY207738.1	469	1705	1	0	1	469
CY207738.1	473	1580	0	1	1	1580
CY207738.1	480	1883	0	1	1	1883
CY207738.1	482	2412	1	0	1	482
CY207738.1	484	1622	1	0	1	484
CY207738.1	495	646	1	0	1	495
CY207738.1	506	1547	0	1	1	1547
CY207738.1	511	2072	1	3	4	511
CY207738.1	515	1648	0	1	1	1648
CY207738.1	520	1110	1	0	1	520
CY207738.1	523	2170	0	1	1	2170
CY207738.1	528	1656	1	0	1	528
CY207738.1	530	1374	0	1	1	1374
CY207738.1	531	2283	0	1	1	2283
CY207738.1	533	2340	3	3	6	533
CY207738.1	548	2160	2	4	6	548
CY207738.1	550	2082	1	0	1	550
CY207738.1	551	636	1	0	1	551
CY207738.1	552	649	0	1	1	649
CY207738.1	553	2085	10	9	19	553
CY207738.1	583	776	0	1	1	776
CY207738.1	633	1871	5	3	8	633
CY207738.1	636	2499	0	1	1	2499
CY207738.1	641	1403	0	1	1	1403
CY207738.1	646	2326	0	1	1	2326
CY207738.1	647	2336	2	0	2	647
CY207738.1	654	2332	0	1	1	2332
CY207738.1	658	1795	0	1	1	1795
CY207738.1	663	1998	0	3	3	1998
CY207738.1	695	1674	0	1	1	1674
CY207738.1	697	1181	0	1	1	1181
CY207738.1	697	2324	1	0	1	697
CY207738.1	740	2005	3	5	8	740
CY207738.1	761	1208	0	1	1	1208
CY207738.1	777	1868	1	0	1	777
CY207738.1	797	1363	0	1	1	1363
CY207738.1	797	2325	6	13	19	797
CY207738.1	798	1249	1	0	1	798
CY207738.1	810	1847	4	1	5	810
CY207738.1	812	1877	1	0	1	812
CY207738.1	821	2184	2	5	7	821
CY207738.1	822	1873	2	1	3	822
CY207738.1	826	1075	1	0	1	826
CY207738.1	844	1928	0	1	1	1928
CY207738.1	849	1810	2	0	2	849
CY207738.1	850	1701	1	0	1	850
CY207738.1	856	1861	2	5	7	856
CY207738.1	857	1857	0	2	2	1857
CY207738.1	858	1453	4	1	5	858
CY207738.1	864	1768	3	6	9	864
CY207738.1	865	2025	0	1	1	2025
CY207738.1	881	1904	3	1	4	881
CY207738.1	896	1101	0	1	1	1101
CY207738.1	900	1464	1	0	1	900
CY207738.1	900	1877	1	0	1	900
CY207738.1	935	1374	0	1	1	1374
CY207738.1	953	1792	0	6	6	1792
CY207738.1	979	1603	2	1	3	979
CY207738.1	981	1367	0	1	1	1367
CY207738.1	987	2007	1	2	3	987
