Segment	Start	Stop	Forward_support	Reverse_support	Total_support	Fuzz_factor
CY207731.1	1121	1676	1	0	1	1121
CY207731.1	1270	1374	1	0	1	1270
CY207731.1	1281	1482	0	1	1	1482
CY207731.1	1303	1526	0	1	1	1526
CY207731.1	1370	1395	0	1	1	1395
CY207731.1	1370	1523	0	1	1	1523
CY207731.1	1509	1607	0	1	1	1607
CY207731.1	1672	1885	0	1	1	1885
CY207731.1	240	1739	1	0	1	240
CY207731.1	260	1741	7	0	7	260
CY207731.1	269	1672	1	0	1	269
CY207731.1	280	1681	1	0	1	280
CY207731.1	291	1729	1	0	1	291
CY207731.1	300	1748	4	1	5	300
CY207731.1	320	1732	12	14	26	320
CY207731.1	373	1139	1	0	1	373
CY207731.1	381	1635	2	0	2	381
CY207731.1	392	1643	8	32	40	392
CY207731.1	398	1643	0	1	1	1643
CY207731.1	410	700	0	1	1	700
CY207731.1	413	884	0	1	1	884
CY207731.1	421	1172	0	1	1	1172
CY207731.1	423	1496	0	1	1	1496
CY207731.1	444	1717	4	3	7	444
CY207731.1	445	639	0	1	1	639
CY207731.1	465	1481	0	2	2	1481
CY207731.1	474	1526	0	1	1	1526
CY207731.1	489	962	0	1	1	962
CY207731.1	527	1727	0	1	1	1727
CY207731.1	529	578	2	4	6	529
CY207731.1	529	996	3	2	5	529
CY207731.1	549	1761	1	0	1	549
CY207731.1	565	1641	2	0	2	565
CY207731.1	622	1251	1	0	1	622
CY207731.1	629	864	0	1	1	864
CY207731.1	675	1141	1	0	1	675
CY207731.1	752	1148	1	0	1	752
CY207731.1	793	927	0	1	1	927
CY207731.1	806	1900	0	1	1	1900
CY207731.1	823	1021	0	1	1	1021
CY207731.1	844	996	0	1	1	996
CY207731.1	901	934	1	0	1	901
CY207731.1	938	1385	1	0	1	938
CY207731.1	946	968	1	0	1	946
CY207732.1	261	514	1	0	1	261
CY207732.1	269	1086	1	0	1	269
CY207732.1	275	848	4	0	4	275
CY207732.1	278	572	1	0	1	278
CY207732.1	286	876	1	0	1	286
CY207732.1	311	857	0	1	1	857
CY207732.1	316	607	0	1	1	607
CY207732.1	341	803	0	1	1	803
CY207732.1	350	863	1	0	1	350
CY207732.1	361	743	0	1	1	743
CY207732.1	368	906	0	1	1	906
CY207732.1	375	418	0	1	1	418
CY207732.1	376	468	0	1	1	468
CY207732.1	384	785	0	1	1	785
CY207732.1	403	608	0	1	1	608
CY207732.1	404	686	1	0	1	404
CY207732.1	414	888	0	1	1	888
CY207732.1	418	1073	0	1	1	1073
CY207732.1	419	706	0	4	4	706
CY207732.1	425	667	0	5	5	667
CY207732.1	429	845	1	0	1	429
CY207732.1	445	863	0	12	12	863
CY207732.1	456	1017	0	1	1	1017
CY207732.1	460	735	1	0	1	460
CY207732.1	468	631	1	0	1	468
CY207732.1	477	666	0	1	1	666
CY207732.1	479	1154	0	1	1	1154
CY207732.1	482	717	1	0	1	482
CY207732.1	483	543	0	1	1	543
CY207732.1	494	891	0	2	2	891
CY207732.1	510	969	0	1	1	969
CY207732.1	511	600	1	3	4	511
CY207732.1	512	545	0	1	1	545
CY207732.1	515	723	0	1	1	723
CY207732.1	523	674	0	1	1	674
CY207732.1	540	715	3	0	3	540
CY207732.1	540	835	1	0	1	540
CY207732.1	549	1155	0	1	1	1155
CY207732.1	549	897	0	2	2	897
CY207732.1	587	1143	0	2	2	1143
CY207732.1	587	719	1	1	2	587
CY207732.1	589	862	1	2	3	589
CY207732.1	593	1023	1	2	3	593
CY207732.1	622	1157	0	1	1	1157
CY207732.1	649	793	1	0	1	649
CY207732.1	678	793	1	1	2	678
CY207732.1	679	815	0	1	1	815
CY207732.1	685	839	0	1	1	839
CY207732.1	707	1054	0	1	1	1054
CY207732.1	713	936	0	1	1	936
CY207732.1	715	965	1	0	1	715
CY207732.1	718	860	4	5	9	718
CY207732.1	721	977	0	1	1	977
CY207732.1	758	805	1	0	1	758
CY207732.1	758	954	1	2	3	758
CY207732.1	781	1060	1	0	1	781
CY207732.1	784	1030	1	0	1	784
CY207732.1	796	1058	2	1	3	796
CY207732.1	797	990	1	0	1	797
CY207732.1	817	866	0	1	1	866
CY207732.1	821	931	0	1	1	931
CY207732.1	843	1014	1	0	1	843
CY207732.1	843	1073	0	1	1	1073
CY207732.1	900	969	1	0	1	900
CY207732.1	914	978	0	1	1	978
CY207732.1	933	1019	2	2	4	933
CY207733.1	1018	1074	0	1	1	1074
CY207733.1	1043	1086	1	0	1	1043
CY207733.1	1244	1452	1	0	1	1244
CY207733.1	1288	1410	1	0	1	1288
CY207733.1	1294	1485	1	0	1	1294
CY207733.1	1400	1583	0	2	2	1583
CY207733.1	235	742	1	0	1	235
CY207733.1	269	1468	1	0	1	269
CY207733.1	281	322	8	0	8	281
CY207733.1	297	1485	3	2	5	297
CY207733.1	303	1419	2	0	2	303
CY207733.1	347	1229	0	1	1	1229
CY207733.1	380	1468	0	1	1	1468
CY207733.1	381	1436	4	3	7	381
CY207733.1	389	1066	0	3	3	1066
CY207733.1	471	1142	0	1	1	1142
CY207733.1	496	858	1	0	1	496
CY207733.1	513	1358	1	0	1	513
CY207733.1	578	727	0	1	1	727
CY207733.1	601	859	0	1	1	859
CY207733.1	607	938	0	1	1	938
CY207733.1	714	1079	1	0	1	714
CY207733.1	744	778	0	1	1	778
CY207733.1	761	872	1	0	1	761
CY207733.1	767	995	1	0	1	767
CY207733.1	837	1039	0	1	1	1039
CY207733.1	840	989	2	1	3	840
CY207733.1	955	1491	0	1	1	1491
CY207734.1	1012	1084	0	1	1	1084
CY207734.1	1018	1447	1	1	2	1018
CY207734.1	1088	1411	1	0	1	1088
CY207734.1	1188	1553	1	0	1	1188
CY207734.1	1195	1495	0	1	1	1495
CY207734.1	1220	1510	2	2	4	1220
CY207734.1	1255	1363	1	0	1	1255
CY207734.1	1255	1451	2	6	8	1255
CY207734.1	1280	1672	0	1	1	1672
CY207734.1	1301	1527	1	0	1	1301
CY207734.1	1383	1617	0	1	1	1617
CY207734.1	1388	1684	0	1	1	1684
CY207734.1	1423	1606	1	0	1	1423
CY207734.1	1435	1512	1	0	1	1435
CY207734.1	1442	1566	1	0	1	1442
CY207734.1	1528	1588	1	0	1	1528
CY207734.1	1551	1695	0	1	1	1695
CY207734.1	1569	1723	0	2	2	1723
CY207734.1	244	1167	1	0	1	244
CY207734.1	246	603	1	0	1	246
CY207734.1	247	599	1	0	1	247
CY207734.1	270	1613	6	0	6	270
CY207734.1	275	1352	1	0	1	275
CY207734.1	275	805	1	0	1	275
CY207734.1	278	1702	1	0	1	278
CY207734.1	281	1356	2	0	2	281
CY207734.1	289	556	1	0	1	289
CY207734.1	290	1625	1	0	1	290
CY207734.1	320	748	1	0	1	320
CY207734.1	329	801	0	1	1	801
CY207734.1	330	1208	1	1	2	330
CY207734.1	336	1478	1	2	3	336
CY207734.1	361	1437	1	4	5	361
CY207734.1	378	1441	0	1	1	1441
CY207734.1	380	656	0	1	1	656
CY207734.1	390	1456	0	1	1	1456
CY207734.1	393	1168	0	1	1	1168
CY207734.1	398	1491	2	14	16	398
CY207734.1	409	840	0	1	1	840
CY207734.1	413	548	0	1	1	548
CY207734.1	420	1001	1	0	1	420
CY207734.1	423	1412	0	1	1	1412
CY207734.1	438	1541	1	0	1	438
CY207734.1	440	957	0	1	1	957
CY207734.1	453	1715	0	4	4	1715
CY207734.1	454	1398	8	25	33	454
CY207734.1	465	770	0	1	1	770
CY207734.1	480	734	0	1	1	734
CY207734.1	494	961	1	0	1	494
CY207734.1	520	1031	1	0	1	520
CY207734.1	521	841	1	2	3	521
CY207734.1	522	842	1	0	1	522
CY207734.1	533	1438	2	0	2	533
CY207734.1	563	712	3	1	4	563
CY207734.1	570	731	0	1	1	731
CY207734.1	620	812	1	0	1	620
CY207734.1	634	1455	0	1	1	1455
CY207734.1	643	1376	1	0	1	643
CY207734.1	684	1433	0	1	1	1433
CY207734.1	690	1226	0	1	1	1226
CY207734.1	710	1319	0	1	1	1319
CY207734.1	748	865	0	1	1	865
CY207734.1	749	1639	1	0	1	749
CY207734.1	758	1497	2	1	3	758
CY207734.1	761	900	1	0	1	761
CY207734.1	762	1324	1	3	4	762
CY207734.1	767	1509	3	5	8	767
CY207734.1	781	811	1	0	1	781
CY207734.1	810	1481	1	0	1	810
CY207734.1	815	1087	1	1	2	815
CY207734.1	823	1146	0	1	1	1146
CY207734.1	890	1389	0	1	1	1389
CY207734.1	892	1493	1	0	1	892
CY207734.1	906	955	1	2	3	906
CY207734.1	957	1228	0	2	2	1228
CY207734.1	971	1042	1	0	1	971
CY207734.1	988	1278	0	1	1	1278
CY207734.1	997	1120	1	1	2	997
CY207735.1	299	429	1	0	1	299
CY207735.1	314	357	0	1	1	357
CY207735.1	342	576	0	3	3	576
CY207735.1	351	848	0	1	1	848
CY207735.1	355	853	0	1	1	853
CY207735.1	369	569	1	0	1	369
CY207735.1	427	1035	0	2	2	1035
CY207735.1	440	622	0	1	1	622
CY207735.1	446	589	0	1	1	589
CY207735.1	458	579	0	2	2	579
CY207735.1	460	1036	0	1	1	1036
CY207735.1	511	740	9	28	37	511
CY207735.1	606	680	0	1	1	680
CY207736.1	1004	1300	0	1	1	1300
CY207736.1	1005	1592	2	1	3	1005
CY207736.1	1037	1637	0	1	1	1637
CY207736.1	1080	2362	0	2	2	2362
CY207736.1	1088	2370	0	1	1	2370
CY207736.1	1092	2294	0	3	3	2294
CY207736.1	1097	2121	0	1	1	2121
CY207736.1	1135	2364	0	1	1	2364
CY207736.1	1155	1829	0	1	1	1829
CY207736.1	1257	2207	1	0	1	1257
CY207736.1	1273	1934	1	0	1	1273
CY207736.1	1274	2089	0	1	1	2089
CY207736.1	1305	1412	1	0	1	1305
CY207736.1	1312	1627	0	1	1	1627
CY207736.1	1397	2290	0	1	1	2290
CY207736.1	1400	2294	0	1	1	2294
CY207736.1	1431	1773	1	0	1	1431
CY207736.1	1573	2018	1	0	1	1573
CY207736.1	1697	2048	1	0	1	1697
CY207736.1	1700	1942	1	0	1	1700
CY207736.1	1701	1953	0	1	1	1953
CY207736.1	1763	2279	1	0	1	1763
CY207736.1	1818	1861	1	0	1	1818
CY207736.1	1848	2022	1	0	1	1848
CY207736.1	1922	1950	2	1	3	1922
CY207736.1	2005	2077	1	1	2	2005
CY207736.1	2067	2254	0	1	1	2254
CY207736.1	2072	2190	1	0	1	2072
CY207736.1	2086	2123	0	1	1	2123
CY207736.1	2124	2189	1	0	1	2124
CY207736.1	2132	2188	2	0	2	2132
CY207736.1	2134	2168	1	0	1	2134
CY207736.1	2156	2282	0	1	1	2282
CY207736.1	2201	2346	0	1	1	2346
CY207736.1	254	2089	1	0	1	254
CY207736.1	273	2163	3	0	3	273
CY207736.1	277	1713	1	0	1	277
CY207736.1	335	2224	9	3	12	335
CY207736.1	336	2283	1	13	14	336
CY207736.1	350	2080	0	1	1	2080
CY207736.1	352	1166	0	1	1	1166
CY207736.1	354	2299	1	0	1	354
CY207736.1	354	442	1	0	1	354
CY207736.1	360	2040	1	0	1	360
CY207736.1	367	573	0	1	1	573
CY207736.1	372	663	0	1	1	663
CY207736.1	385	2132	1	7	8	385
CY207736.1	386	2153	0	1	1	2153
CY207736.1	390	2238	1	6	7	390
CY207736.1	392	1018	0	1	1	1018
CY207736.1	393	2070	0	1	1	2070
CY207736.1	394	2045	0	1	1	2045
CY207736.1	394	611	1	0	1	394
CY207736.1	400	489	1	0	1	400
CY207736.1	411	2130	0	2	2	2130
CY207736.1	429	2133	0	1	1	2133
CY207736.1	429	2290	0	1	1	2290
CY207736.1	444	2273	0	1	1	2273
CY207736.1	453	1951	1	0	1	453
CY207736.1	470	976	1	2	3	470
CY207736.1	481	2015	1	0	1	481
CY207736.1	482	2016	2	2	4	482
CY207736.1	483	1465	0	1	1	1465
CY207736.1	492	2041	1	0	1	492
CY207736.1	507	2061	11	7	18	507
CY207736.1	528	2178	1	0	1	528
CY207736.1	531	886	1	0	1	531
CY207736.1	532	2013	1	0	1	532
CY207736.1	536	2020	2	4	6	536
CY207736.1	541	2016	1	1	2	541
CY207736.1	551	1914	2	0	2	551
CY207736.1	554	1958	2	0	2	554
CY207736.1	570	1895	1	0	1	570
CY207736.1	578	1203	1	0	1	578
CY207736.1	585	1794	1	0	1	585
CY207736.1	585	2101	0	2	2	2101
CY207736.1	586	739	0	1	1	739
CY207736.1	590	1923	2	0	2	590
CY207736.1	593	1920	17	0	17	593
CY207736.1	595	1861	1	0	1	595
CY207736.1	595	1871	4	5	9	595
CY207736.1	599	2344	0	1	1	2344
CY207736.1	600	1877	0	1	1	1877
CY207736.1	600	1927	620	579	1199	600
CY207736.1	601	1928	1	0	1	601
CY207736.1	606	1932	0	6	6	1932
CY207736.1	607	1883	0	1	1	1883
CY207736.1	609	1955	3	1	4	609
CY207736.1	609	1960	1	3	4	609
CY207736.1	611	1950	0	2	2	1950
CY207736.1	619	1840	3	5	8	619
CY207736.1	620	1936	1	0	1	620
CY207736.1	620	1949	1	1	2	620
CY207736.1	623	1938	63	8	71	623
CY207736.1	625	1900	1	0	1	625
CY207736.1	627	1889	6	1	7	627
CY207736.1	627	1942	1	3	4	627
CY207736.1	630	1889	0	1	1	1889
CY207736.1	632	1947	0	1	1	1947
CY207736.1	632	2050	1	0	1	632
CY207736.1	633	1954	0	1	1	1954
CY207736.1	636	1949	0	1	1	1949
CY207736.1	636	1956	985	790	1775	636
CY207736.1	638	1950	0	2	2	1950
CY207736.1	642	1985	0	1	1	1985
CY207736.1	643	1939	1	0	1	643
CY207736.1	644	1962	0	2	2	1962
CY207736.1	644	1967	0	1	1	1967
CY207736.1	652	1841	3	3	6	652
CY207736.1	662	1826	1	0	1	662
CY207736.1	667	1981	1	0	1	667
CY207736.1	673	1447	1	0	1	673
CY207736.1	673	1987	3	1	4	673
CY207736.1	674	1843	1	0	1	674
CY207736.1	678	1955	1	0	1	678
CY207736.1	695	1740	1	0	1	695
CY207736.1	696	779	1	0	1	696
CY207736.1	698	1817	54	29	83	698
CY207736.1	699	1995	0	2	2	1995
CY207736.1	704	1825	0	1	1	1825
CY207736.1	707	1984	1	0	1	707
CY207736.1	710	1915	1	2	3	710
CY207736.1	728	1840	0	1	1	1840
CY207736.1	728	1863	1	2	3	728
CY207736.1	728	2279	1	2	3	728
CY207736.1	733	2009	1	0	1	733
CY207736.1	736	2012	1	0	1	736
CY207736.1	739	2015	1	0	1	739
CY207736.1	749	1792	2	0	2	749
CY207736.1	752	1803	2	1	3	752
CY207736.1	754	1840	3	1	4	754
CY207736.1	759	2040	1	0	1	759
CY207736.1	765	1839	0	1	1	1839
CY207736.1	771	2047	1	0	1	771
CY207736.1	810	2233	1	0	1	810
CY207736.1	814	1710	2	0	2	814
CY207736.1	823	1719	2	1	3	823
CY207736.1	824	2186	2	1	3	824
CY207736.1	839	1368	0	1	1	1368
CY207736.1	908	1709	1	1	2	908
CY207736.1	910	1768	2	4	6	910
CY207736.1	916	1631	2	2	4	916
CY207736.1	991	1892	0	1	1	1892
CY207737.1	1012	2363	0	1	1	2363
CY207737.1	1148	1988	0	1	1	1988
CY207737.1	1267	1469	0	1	1	1469
CY207737.1	1533	1640	1	0	1	1533
CY207737.1	1566	1651	2	0	2	1566
CY207737.1	1679	2340	0	1	1	2340
CY207737.1	2129	2337	1	0	1	2129
CY207737.1	2280	2324	3	0	3	2280
CY207737.1	2346	2372	0	1	1	2372
CY207737.1	2381	2444	0	1	1	2444
CY207737.1	238	272	7	0	7	238
CY207737.1	240	263	5	0	5	240
CY207737.1	2426	2454	0	2	2	2454
CY207737.1	246	2449	3	1	4	246
CY207737.1	256	1229	1	0	1	256
CY207737.1	288	2451	4	2	6	288
CY207737.1	301	323	5	0	5	301
CY207737.1	302	325	2	0	2	302
CY207737.1	303	1566	1	0	1	303
CY207737.1	304	326	397	175	572	304
CY207737.1	305	327	0	1	1	327
CY207737.1	316	340	1	0	1	316
CY207737.1	333	359	1	0	1	333
CY207737.1	350	2298	1	1	2	350
CY207737.1	363	2238	1	0	1	363
CY207737.1	363	2379	1	1	2	363
CY207737.1	365	2227	0	1	1	2227
CY207737.1	369	2051	1	0	1	369
CY207737.1	371	2473	0	1	1	2473
CY207737.1	373	919	1	0	1	373
CY207737.1	374	2167	1	0	1	374
CY207737.1	375	2456	0	1	1	2456
CY207737.1	377	1534	1	0	1	377
CY207737.1	380	462	0	2	2	462
CY207737.1	384	2209	1	0	1	384
CY207737.1	399	2340	1	0	1	399
CY207737.1	404	1131	1	0	1	404
CY207737.1	404	2182	2	17	19	404
CY207737.1	423	2144	1	0	1	423
CY207737.1	429	2167	2	0	2	429
CY207737.1	430	2417	1	0	1	430
CY207737.1	436	2229	0	1	1	2229
CY207737.1	440	2148	1	0	1	440
CY207737.1	441	2103	2	0	2	441
CY207737.1	441	2180	0	1	1	2180
CY207737.1	442	2181	5	5	10	442
CY207737.1	443	2182	906	801	1707	443
CY207737.1	443	2183	1	0	1	443
CY207737.1	444	2183	1	0	1	444
CY207737.1	448	2187	0	1	1	2187
CY207737.1	453	2232	0	2	2	2232
CY207737.1	455	2224	0	1	1	2224
CY207737.1	460	2229	1	0	1	460
CY207737.1	467	2210	0	1	1	2210
CY207737.1	468	2209	0	16	16	2209
CY207737.1	469	2250	1	3	4	469
CY207737.1	472	2247	0	1	1	2247
CY207737.1	476	2211	0	1	1	2211
CY207737.1	482	2221	0	1	1	2221
CY207737.1	486	2217	0	7	7	2217
CY207737.1	489	2368	1	0	1	489
CY207737.1	491	2379	1	0	1	491
CY207737.1	494	2373	1	0	1	494
CY207737.1	513	2223	0	1	1	2223
CY207737.1	521	2153	6	4	10	521
CY207737.1	524	2394	3	0	3	524
CY207737.1	539	2195	0	1	1	2195
CY207737.1	559	2198	1	0	1	559
CY207737.1	570	2018	0	2	2	2018
CY207737.1	583	2238	4	1	5	583
CY207737.1	602	2090	1	0	1	602
CY207737.1	603	2051	0	1	1	2051
CY207737.1	640	2204	0	3	3	2204
CY207737.1	656	1715	2	1	3	656
CY207737.1	680	2281	1	0	1	680
CY207737.1	693	2410	0	1	1	2410
CY207737.1	697	1689	0	1	1	1689
CY207737.1	708	1730	0	1	1	1730
CY207737.1	762	2203	0	1	1	2203
CY207737.1	770	1530	1	0	1	770
CY207737.1	791	1809	1	0	1	791
CY207737.1	795	1301	1	0	1	795
CY207737.1	803	1821	1	1	2	803
CY207737.1	820	1827	0	2	2	1827
CY207737.1	827	1710	0	1	1	1710
CY207737.1	831	1738	1	1	2	831
CY207737.1	888	1870	1	2	3	888
CY207737.1	899	1944	4	5	9	899
CY207737.1	909	1953	0	1	1	1953
CY207737.1	989	2192	0	1	1	2192
CY207738.1	1006	2326	1	0	1	1006
CY207738.1	1009	1804	1	0	1	1009
CY207738.1	1101	1405	1	0	1	1101
CY207738.1	1112	1428	0	1	1	1428
CY207738.1	1124	2330	1	3	4	1124
CY207738.1	1125	2016	0	1	1	2016
CY207738.1	1130	1511	1	0	1	1130
CY207738.1	1230	1287	0	1	1	1287
CY207738.1	1255	1653	0	1	1	1653
CY207738.1	1281	2035	0	1	1	2035
CY207738.1	1318	1673	1	1	2	1318
CY207738.1	1318	2447	0	1	1	2447
CY207738.1	1363	1720	1	0	1	1363
CY207738.1	1726	2132	1	0	1	1726
CY207738.1	234	2447	1	0	1	234
CY207738.1	259	2079	3	0	3	259
CY207738.1	282	1901	1	0	1	282
CY207738.1	331	2337	1	0	1	331
CY207738.1	335	2342	9	12	21	335
CY207738.1	339	396	0	1	1	396
CY207738.1	340	1441	0	1	1	1441
CY207738.1	344	1240	0	2	2	1240
CY207738.1	355	1520	1	3	4	355
CY207738.1	356	2163	0	4	4	2163
CY207738.1	374	463	0	1	1	463
CY207738.1	384	2480	0	4	4	2480
CY207738.1	391	1273	0	1	1	1273
CY207738.1	404	817	0	1	1	817
CY207738.1	408	2215	2	0	2	408
CY207738.1	409	868	0	1	1	868
CY207738.1	410	2030	0	3	3	2030
CY207738.1	412	2375	1	4	5	412
CY207738.1	425	2306	0	2	2	2306
CY207738.1	430	2230	7	45	52	430
CY207738.1	465	2240	1	4	5	465
CY207738.1	470	621	1	0	1	470
CY207738.1	477	2113	17	23	40	477
CY207738.1	481	2153	2	0	2	481
CY207738.1	485	1365	0	1	1	1365
CY207738.1	486	2230	0	3	3	2230
CY207738.1	493	605	0	1	1	605
CY207738.1	494	816	1	0	1	494
CY207738.1	495	2210	1	3	4	495
CY207738.1	496	2187	44	82	126	496
CY207738.1	509	1860	0	1	1	1860
CY207738.1	509	2136	0	1	1	2136
CY207738.1	514	2117	4	6	10	514
CY207738.1	517	2070	0	4	4	2070
CY207738.1	520	1738	1	0	1	520
CY207738.1	522	1860	13	10	23	522
CY207738.1	554	2159	1	1	2	554
CY207738.1	558	880	0	1	1	880
CY207738.1	573	2195	0	1	1	2195
CY207738.1	575	2118	4	5	9	575
CY207738.1	623	1988	2	3	5	623
CY207738.1	644	1947	1	1	2	644
CY207738.1	662	2004	1	0	1	662
CY207738.1	714	1955	2	0	2	714
CY207738.1	744	1021	1	0	1	744
CY207738.1	758	1830	0	3	3	1830
CY207738.1	765	939	1	0	1	765
CY207738.1	768	2005	0	50	50	2005
CY207738.1	769	2023	0	1	1	2023
CY207738.1	789	2118	0	1	1	2118
CY207738.1	801	2018	0	1	1	2018
CY207738.1	827	1720	1	0	1	827
CY207738.1	830	1710	1	0	1	830
CY207738.1	830	889	1	0	1	830
CY207738.1	839	1729	40	25	65	839
CY207738.1	848	1928	1	4	5	848
CY207738.1	863	1752	0	2	2	1752
CY207738.1	864	1844	1	1	2	864
CY207738.1	870	1841	2	0	2	870
CY207738.1	884	2109	1	0	1	884
CY207738.1	918	1841	0	1	1	1841
CY207738.1	962	1748	2	0	2	962
CY207738.1	966	1387	0	1	1	1387
