Segment	Start	Stop	Forward_support	Reverse_support	Total_support	Fuzz_factor
CY207731.1	1009	1590	1	0	1	1009
CY207731.1	1024	1212	1	0	1	1024
CY207731.1	1026	1091	1	0	1	1026
CY207731.1	1041	1225	0	1	1	1225
CY207731.1	1069	1497	0	1	1	1497
CY207731.1	1077	1871	0	1	1	1871
CY207731.1	1090	1771	1	0	1	1090
CY207731.1	1097	1844	0	1	1	1844
CY207731.1	1107	1534	0	1	1	1534
CY207731.1	1119	1250	0	1	1	1250
CY207731.1	1120	1370	1	0	1	1120
CY207731.1	1123	1893	0	1	1	1893
CY207731.1	1132	1769	1	0	1	1132
CY207731.1	1149	1762	0	1	1	1762
CY207731.1	1158	1786	0	1	1	1786
CY207731.1	1173	1909	0	1	1	1909
CY207731.1	1176	1716	3	0	3	1176
CY207731.1	1185	1464	1	0	1	1185
CY207731.1	1200	1726	0	1	1	1726
CY207731.1	1221	1277	1	0	1	1221
CY207731.1	1235	1661	1	0	1	1235
CY207731.1	1262	1633	1	0	1	1262
CY207731.1	1265	1473	0	1	1	1473
CY207731.1	1304	1326	4	3	7	1304
CY207731.1	1311	1698	1	0	1	1311
CY207731.1	1324	1673	1	0	1	1324
CY207731.1	1328	1500	0	1	1	1500
CY207731.1	1346	1682	0	1	1	1682
CY207731.1	1356	1438	1	0	1	1356
CY207731.1	1361	1713	1	0	1	1361
CY207731.1	1363	1522	2	3	5	1363
CY207731.1	1370	1395	1	0	1	1370
CY207731.1	1376	1536	0	1	1	1536
CY207731.1	1378	1438	1	0	1	1378
CY207731.1	1379	1476	1	0	1	1379
CY207731.1	1405	1699	0	1	1	1699
CY207731.1	1405	1785	1	0	1	1405
CY207731.1	1410	1800	1	0	1	1410
CY207731.1	1476	1586	1	0	1	1476
CY207731.1	1480	1874	0	1	1	1874
CY207731.1	1489	1743	1	0	1	1489
CY207731.1	1493	1661	0	1	1	1661
CY207731.1	1511	1823	0	1	1	1823
CY207731.1	1535	1644	0	1	1	1644
CY207731.1	1538	1570	0	2	2	1570
CY207731.1	1582	1615	0	3	3	1615
CY207731.1	1592	1700	1	0	1	1592
CY207731.1	1662	1827	0	1	1	1827
CY207731.1	1682	1719	0	1	1	1719
CY207731.1	1805	1863	1	0	1	1805
CY207731.1	238	652	1	0	1	238
CY207731.1	252	629	1	0	1	252
CY207731.1	257	1920	1	0	1	257
CY207731.1	289	337	1	0	1	289
CY207731.1	292	1666	1	0	1	292
CY207731.1	296	1575	1	0	1	296
CY207731.1	328	1408	1	0	1	328
CY207731.1	343	1243	0	1	1	1243
CY207731.1	355	1362	0	1	1	1362
CY207731.1	359	676	0	1	1	676
CY207731.1	380	854	0	1	1	854
CY207731.1	386	1098	0	1	1	1098
CY207731.1	389	636	0	1	1	636
CY207731.1	398	1643	1	0	1	398
CY207731.1	407	1002	1	0	1	407
CY207731.1	416	1120	0	1	1	1120
CY207731.1	416	948	1	0	1	416
CY207731.1	418	1755	1	0	1	418
CY207731.1	421	1399	0	1	1	1399
CY207731.1	424	596	0	1	1	596
CY207731.1	426	728	0	1	1	728
CY207731.1	434	898	0	1	1	898
CY207731.1	453	1337	11	13	24	453
CY207731.1	459	1751	0	1	1	1751
CY207731.1	460	1596	0	1	1	1596
CY207731.1	462	1346	0	1	1	1346
CY207731.1	465	595	1	0	1	465
CY207731.1	467	1046	1	0	1	467
CY207731.1	471	1384	0	1	1	1384
CY207731.1	477	1614	1	0	1	477
CY207731.1	477	1640	1	0	1	477
CY207731.1	496	995	1	0	1	496
CY207731.1	508	610	0	1	1	610
CY207731.1	519	1230	5	2	7	519
CY207731.1	527	1727	1	0	1	527
CY207731.1	528	1389	1	0	1	528
CY207731.1	528	1538	0	1	1	1538
CY207731.1	550	1304	0	1	1	1304
CY207731.1	561	1371	10	6	16	561
CY207731.1	564	1342	0	1	1	1342
CY207731.1	592	1031	0	1	1	1031
CY207731.1	597	1894	0	1	1	1894
CY207731.1	613	1277	1	0	1	613
CY207731.1	676	819	1	0	1	676
CY207731.1	692	1289	1	0	1	692
CY207731.1	695	1634	0	1	1	1634
CY207731.1	703	1085	0	1	1	1085
CY207731.1	703	1122	1	0	1	703
CY207731.1	705	1770	1	0	1	705
CY207731.1	706	958	1	0	1	706
CY207731.1	713	1035	0	1	1	1035
CY207731.1	738	1314	0	1	1	1314
CY207731.1	743	862	1	0	1	743
CY207731.1	759	1755	1	0	1	759
CY207731.1	771	1370	1	0	1	771
CY207731.1	793	1589	0	1	1	1589
CY207731.1	801	902	1	0	1	801
CY207731.1	808	1423	0	1	1	1423
CY207731.1	815	1026	1	0	1	815
CY207731.1	829	1687	1	0	1	829
CY207731.1	831	1265	1	0	1	831
CY207731.1	857	1308	0	1	1	1308
CY207731.1	876	1234	0	1	1	1234
CY207731.1	889	1610	0	1	1	1610
CY207731.1	898	1755	1	0	1	898
CY207731.1	901	1673	0	1	1	1673
CY207731.1	951	1768	0	1	1	1768
CY207731.1	965	1620	1	0	1	965
CY207731.1	975	1251	1	0	1	975
CY207731.1	984	1891	0	1	1	1891
CY207731.1	988	1302	0	1	1	1302
CY207731.1	994	1494	0	1	1	1494
CY207731.1	998	1877	0	1	1	1877
CY207732.1	237	283	1	0	1	237
CY207732.1	256	910	1	0	1	256
CY207732.1	268	483	1	0	1	268
CY207732.1	268	550	18	2	20	268
CY207732.1	272	318	1	0	1	272
CY207732.1	282	328	1	0	1	282
CY207732.1	291	686	0	1	1	686
CY207732.1	339	1040	1	1	2	339
CY207732.1	339	675	0	1	1	675
CY207732.1	350	961	0	1	1	961
CY207732.1	354	687	0	1	1	687
CY207732.1	355	687	0	1	1	687
CY207732.1	357	600	0	1	1	600
CY207732.1	366	506	0	1	1	506
CY207732.1	369	1019	0	1	1	1019
CY207732.1	377	621	0	1	1	621
CY207732.1	381	702	1	0	1	381
CY207732.1	382	480	0	1	1	480
CY207732.1	385	459	0	1	1	459
CY207732.1	394	532	0	1	1	532
CY207732.1	394	828	1	0	1	394
CY207732.1	396	899	1	0	1	396
CY207732.1	398	727	0	1	1	727
CY207732.1	403	857	0	1	1	857
CY207732.1	408	744	1	0	1	408
CY207732.1	411	747	0	1	1	747
CY207732.1	412	489	0	1	1	489
CY207732.1	420	611	0	1	1	611
CY207732.1	426	1039	0	1	1	1039
CY207732.1	434	678	0	7	7	678
CY207732.1	438	626	0	1	1	626
CY207732.1	442	779	0	1	1	779
CY207732.1	450	573	0	1	1	573
CY207732.1	477	568	0	1	1	568
CY207732.1	477	888	0	1	1	888
CY207732.1	483	781	0	1	1	781
CY207732.1	500	1131	0	1	1	1131
CY207732.1	501	877	1	0	1	501
CY207732.1	509	535	0	1	1	535
CY207732.1	510	555	0	1	1	555
CY207732.1	520	888	1	0	1	520
CY207732.1	529	923	2	4	6	529
CY207732.1	536	982	0	1	1	982
CY207732.1	537	936	1	0	1	537
CY207732.1	543	1144	0	1	1	1144
CY207732.1	559	752	0	1	1	752
CY207732.1	571	1065	1	0	1	571
CY207732.1	573	1041	1	0	1	573
CY207732.1	585	1146	0	1	1	1146
CY207732.1	585	692	0	1	1	692
CY207732.1	593	1023	4	0	4	593
CY207732.1	595	820	0	1	1	820
CY207732.1	606	642	1	0	1	606
CY207732.1	609	814	0	1	1	814
CY207732.1	613	708	0	2	2	708
CY207732.1	617	1056	0	1	1	1056
CY207732.1	626	1156	0	1	1	1156
CY207732.1	629	1032	1	0	1	629
CY207732.1	656	767	0	2	2	767
CY207732.1	672	747	3	2	5	672
CY207732.1	679	815	0	4	4	815
CY207732.1	684	1044	1	0	1	684
CY207732.1	685	839	1	0	1	685
CY207732.1	686	801	1	0	1	686
CY207732.1	686	911	0	1	1	911
CY207732.1	700	1161	0	1	1	1161
CY207732.1	700	911	0	1	1	911
CY207732.1	716	739	0	1	1	739
CY207732.1	718	860	1	1	2	718
CY207732.1	753	976	1	0	1	753
CY207732.1	758	1080	1	0	1	758
CY207732.1	767	1021	1	0	1	767
CY207732.1	768	850	1	0	1	768
CY207732.1	783	1065	0	1	1	1065
CY207732.1	784	958	0	1	1	958
CY207732.1	792	862	0	2	2	862
CY207732.1	808	874	0	1	1	874
CY207732.1	811	956	1	0	1	811
CY207732.1	816	985	1	0	1	816
CY207732.1	817	1068	0	1	1	1068
CY207732.1	848	1017	1	1	2	848
CY207732.1	889	920	1	1	2	889
CY207732.1	896	1019	1	0	1	896
CY207732.1	924	1040	2	0	2	924
CY207732.1	933	1019	3	2	5	933
CY207732.1	934	1138	0	1	1	1138
CY207732.1	973	1036	4	1	5	973
CY207732.1	987	1039	1	0	1	987
CY207733.1	1045	1380	0	1	1	1380
CY207733.1	1047	1470	0	1	1	1470
CY207733.1	1057	1139	1	0	1	1057
CY207733.1	1079	1163	4	1	5	1079
CY207733.1	1079	1292	0	1	1	1292
CY207733.1	1104	1434	1	0	1	1104
CY207733.1	1105	1208	0	1	1	1208
CY207733.1	1130	1220	0	1	1	1220
CY207733.1	1138	1288	1	0	1	1138
CY207733.1	1142	1571	0	1	1	1571
CY207733.1	1153	1268	0	1	1	1268
CY207733.1	1174	1252	0	1	1	1252
CY207733.1	1300	1498	1	0	1	1300
CY207733.1	1312	1442	1	0	1	1312
CY207733.1	1312	1461	1	0	1	1312
CY207733.1	1328	1420	4	5	9	1328
CY207733.1	266	1112	1	0	1	266
CY207733.1	274	891	1	0	1	274
CY207733.1	367	1446	1	1	2	367
CY207733.1	376	1368	0	1	1	1368
CY207733.1	377	1050	1	0	1	377
CY207733.1	377	1180	1	0	1	377
CY207733.1	384	806	1	0	1	384
CY207733.1	393	952	0	1	1	952
CY207733.1	408	848	0	1	1	848
CY207733.1	409	855	4	4	8	409
CY207733.1	414	1359	0	1	1	1359
CY207733.1	420	798	0	1	1	798
CY207733.1	426	1187	0	1	1	1187
CY207733.1	434	1309	2	2	4	434
CY207733.1	447	1380	3	4	7	447
CY207733.1	453	1492	9	3	12	453
CY207733.1	463	1467	1	0	1	463
CY207733.1	472	1331	0	1	1	1331
CY207733.1	474	1251	1	5	6	474
CY207733.1	500	1151	1	0	1	500
CY207733.1	509	802	1	0	1	509
CY207733.1	553	1340	1	0	1	553
CY207733.1	555	938	0	1	1	938
CY207733.1	619	1456	1	0	1	619
CY207733.1	621	904	1	0	1	621
CY207733.1	675	1462	1	0	1	675
CY207733.1	696	1312	0	1	1	1312
CY207733.1	720	1447	1	0	1	720
CY207733.1	721	793	1	0	1	721
CY207733.1	778	1363	0	1	1	1363
CY207733.1	779	1176	0	1	1	1176
CY207733.1	821	891	0	1	1	891
CY207733.1	830	1223	0	1	1	1223
CY207733.1	837	1577	0	1	1	1577
CY207733.1	846	923	1	1	2	846
CY207733.1	873	1480	1	0	1	873
CY207733.1	895	953	2	2	4	895
CY207733.1	899	1286	0	1	1	1286
CY207733.1	948	1027	1	0	1	948
CY207733.1	972	1024	0	1	1	1024
CY207733.1	980	1313	0	1	1	1313
CY207734.1	1011	1466	0	1	1	1466
CY207734.1	1012	1084	0	1	1	1084
CY207734.1	1041	1574	1	0	1	1041
CY207734.1	1088	1496	1	0	1	1088
CY207734.1	1090	1246	0	1	1	1246
CY207734.1	1099	1514	1	0	1	1099
CY207734.1	1103	1170	0	1	1	1170
CY207734.1	1103	1378	0	1	1	1378
CY207734.1	1126	1367	1	2	3	1126
CY207734.1	1146	1489	1	0	1	1146
CY207734.1	1194	1238	0	1	1	1238
CY207734.1	1255	1370	1	0	1	1255
CY207734.1	1284	1644	2	2	4	1284
CY207734.1	1331	1370	1	0	1	1331
CY207734.1	1343	1542	0	1	1	1542
CY207734.1	1350	1685	0	1	1	1685
CY207734.1	1385	1432	2	1	3	1385
CY207734.1	1392	1690	0	1	1	1690
CY207734.1	1394	1430	2	3	5	1394
CY207734.1	1401	1444	0	1	1	1444
CY207734.1	1420	1549	0	1	1	1549
CY207734.1	1421	1544	4	1	5	1421
CY207734.1	1435	1512	2	0	2	1435
CY207734.1	1555	1717	0	1	1	1717
CY207734.1	1580	1697	0	2	2	1697
CY207734.1	1604	1725	0	1	1	1725
CY207734.1	245	1039	1	0	1	245
CY207734.1	246	603	1	0	1	246
CY207734.1	252	1372	1	0	1	252
CY207734.1	253	608	1	0	1	253
CY207734.1	256	1237	1	0	1	256
CY207734.1	261	1334	1	0	1	261
CY207734.1	263	705	1	0	1	263
CY207734.1	280	1560	1	0	1	280
CY207734.1	285	470	1	0	1	285
CY207734.1	288	620	1	0	1	288
CY207734.1	296	1369	0	1	1	1369
CY207734.1	304	730	1	0	1	304
CY207734.1	329	1167	0	1	1	1167
CY207734.1	346	817	3	0	3	346
CY207734.1	347	469	1	0	1	347
CY207734.1	349	567	1	0	1	349
CY207734.1	350	830	1	0	1	350
CY207734.1	352	1366	1	0	1	352
CY207734.1	363	633	0	1	1	633
CY207734.1	379	641	0	1	1	641
CY207734.1	387	643	0	1	1	643
CY207734.1	388	1342	0	1	1	1342
CY207734.1	389	1123	0	1	1	1123
CY207734.1	391	1609	0	1	1	1609
CY207734.1	406	551	1	0	1	406
CY207734.1	407	857	0	1	1	857
CY207734.1	409	1708	0	1	1	1708
CY207734.1	414	1495	0	1	1	1495
CY207734.1	417	1244	0	1	1	1244
CY207734.1	418	1339	0	1	1	1339
CY207734.1	418	470	2	9	11	418
CY207734.1	420	1304	0	1	1	1304
CY207734.1	421	940	0	2	2	940
CY207734.1	426	1334	1	0	1	426
CY207734.1	432	1364	0	1	1	1364
CY207734.1	439	1120	0	1	1	1120
CY207734.1	444	1442	0	1	1	1442
CY207734.1	445	588	1	0	1	445
CY207734.1	446	1443	0	1	1	1443
CY207734.1	454	1362	0	1	1	1362
CY207734.1	466	1631	0	1	1	1631
CY207734.1	470	1506	10	3	13	470
CY207734.1	481	1229	0	1	1	1229
CY207734.1	481	558	0	1	1	558
CY207734.1	482	1574	0	1	1	1574
CY207734.1	484	1551	0	1	1	1551
CY207734.1	488	1411	0	1	1	1411
CY207734.1	491	1033	0	1	1	1033
CY207734.1	504	573	1	0	1	504
CY207734.1	521	1422	1	2	3	521
CY207734.1	534	1562	1	0	1	534
CY207734.1	539	1535	1	0	1	539
CY207734.1	540	603	1	0	1	540
CY207734.1	541	1316	0	1	1	1316
CY207734.1	544	1337	0	11	11	1337
CY207734.1	544	1545	1	0	1	544
CY207734.1	546	619	0	1	1	619
CY207734.1	555	1222	1	0	1	555
CY207734.1	556	812	1	0	1	556
CY207734.1	563	819	0	1	1	819
CY207734.1	564	909	1	0	1	564
CY207734.1	589	1409	1	0	1	589
CY207734.1	594	1210	0	1	1	1210
CY207734.1	597	799	0	1	1	799
CY207734.1	597	912	1	0	1	597
CY207734.1	599	1010	1	0	1	599
CY207734.1	608	1438	0	1	1	1438
CY207734.1	620	812	1	0	1	620
CY207734.1	622	1447	1	0	1	622
CY207734.1	623	657	1	0	1	623
CY207734.1	624	798	0	1	1	798
CY207734.1	625	1042	1	0	1	625
CY207734.1	645	1303	0	1	1	1303
CY207734.1	649	1285	0	1	1	1285
CY207734.1	654	1027	1	0	1	654
CY207734.1	657	1167	0	1	1	1167
CY207734.1	718	1167	0	1	1	1167
CY207734.1	718	1407	1	0	1	718
CY207734.1	718	1470	1	0	1	718
CY207734.1	722	829	1	0	1	722
CY207734.1	738	1709	0	1	1	1709
CY207734.1	752	841	1	0	1	752
CY207734.1	774	1449	0	1	1	1449
CY207734.1	809	915	0	1	1	915
CY207734.1	814	1053	0	1	1	1053
CY207734.1	815	1232	2	1	3	815
CY207734.1	816	1174	1	0	1	816
CY207734.1	816	1588	0	1	1	1588
CY207734.1	826	1606	0	1	1	1606
CY207734.1	831	1443	0	1	1	1443
CY207734.1	839	993	1	0	1	839
CY207734.1	841	1622	1	1	2	841
CY207734.1	847	1523	0	1	1	1523
CY207734.1	848	1346	0	1	1	1346
CY207734.1	861	1269	1	0	1	861
CY207734.1	861	1303	1	0	1	861
CY207734.1	868	1453	0	1	1	1453
CY207734.1	868	918	1	0	1	868
CY207734.1	884	1598	1	0	1	884
CY207734.1	890	1368	1	0	1	890
CY207734.1	892	1398	1	0	1	892
CY207734.1	909	1686	0	1	1	1686
CY207734.1	910	1297	0	1	1	1297
CY207734.1	914	1388	1	0	1	914
CY207734.1	917	1195	0	1	1	1195
CY207734.1	923	1362	0	1	1	1362
CY207734.1	923	1683	0	1	1	1683
CY207734.1	938	1021	1	0	1	938
CY207734.1	974	1134	1	0	1	974
CY207734.1	997	1042	1	2	3	997
CY207735.1	255	802	21	0	21	255
CY207735.1	291	593	3	0	3	291
CY207735.1	299	971	1	0	1	299
CY207735.1	353	856	0	1	1	856
CY207735.1	403	695	0	1	1	695
CY207735.1	408	791	1	0	1	408
CY207735.1	442	801	0	1	1	801
CY207735.1	471	708	0	1	1	708
CY207735.1	481	716	0	1	1	716
CY207735.1	495	572	0	1	1	572
CY207735.1	511	740	28	64	92	511
CY207735.1	519	746	0	2	2	746
CY207735.1	565	841	1	0	1	565
CY207735.1	637	913	0	1	1	913
CY207735.1	834	878	1	0	1	834
CY207735.1	847	895	8	3	11	847
CY207735.1	863	897	6	1	7	863
CY207735.1	877	909	1	0	1	877
CY207736.1	1024	2352	0	1	1	2352
CY207736.1	1051	2016	4	4	8	1051
CY207736.1	1066	1184	0	1	1	1184
CY207736.1	1086	1536	1	0	1	1086
CY207736.1	1091	2329	1	0	1	1091
CY207736.1	1092	2040	1	0	1	1092
CY207736.1	1092	2294	1	3	4	1092
CY207736.1	1095	1654	2	8	10	1095
CY207736.1	1097	1326	0	1	1	1326
CY207736.1	1123	1907	1	0	1	1123
CY207736.1	1124	1820	0	1	1	1820
CY207736.1	1135	2172	0	1	1	2172
CY207736.1	1138	2211	1	0	1	1138
CY207736.1	1154	1885	1	0	1	1154
CY207736.1	1160	2009	1	0	1	1160
CY207736.1	1169	1666	1	0	1	1169
CY207736.1	1178	1930	0	1	1	1930
CY207736.1	1187	1383	0	1	1	1383
CY207736.1	1206	1626	0	1	1	1626
CY207736.1	1225	1266	0	1	1	1266
CY207736.1	1234	1600	0	1	1	1600
CY207736.1	1250	1518	1	0	1	1250
CY207736.1	1325	1962	1	0	1	1325
CY207736.1	1352	1383	0	1	1	1383
CY207736.1	1356	1558	1	0	1	1356
CY207736.1	1376	1499	0	1	1	1499
CY207736.1	1376	1549	0	1	1	1549
CY207736.1	1421	1632	0	1	1	1632
CY207736.1	1495	2218	0	1	1	2218
CY207736.1	1511	2120	0	1	1	2120
CY207736.1	1535	1589	1	0	1	1535
CY207736.1	1550	2192	1	0	1	1550
CY207736.1	1566	1995	0	5	5	1995
CY207736.1	1567	2204	3	2	5	1567
CY207736.1	1612	2234	0	1	1	2234
CY207736.1	1635	2332	0	1	1	2332
CY207736.1	1700	1761	0	1	1	1761
CY207736.1	1760	1958	2	3	5	1760
CY207736.1	1770	1970	0	1	1	1970
CY207736.1	1789	2006	1	3	4	1789
CY207736.1	1790	2078	1	4	5	1790
CY207736.1	1857	2153	1	0	1	1857
CY207736.1	1906	2299	0	1	1	2299
CY207736.1	1926	2168	0	1	1	2168
CY207736.1	2086	2292	0	1	1	2292
CY207736.1	2104	2168	0	1	1	2168
CY207736.1	2132	2242	7	11	18	2132
CY207736.1	2234	2378	1	0	1	2234
CY207736.1	2257	2319	0	1	1	2319
CY207736.1	235	1784	1	0	1	235
CY207736.1	236	1645	1	0	1	236
CY207736.1	270	2146	1	0	1	270
CY207736.1	276	311	2	0	2	276
CY207736.1	279	2095	1	0	1	279
CY207736.1	281	1739	1	0	1	281
CY207736.1	288	2188	8	1	9	288
CY207736.1	288	335	1	0	1	288
CY207736.1	348	1819	0	1	1	1819
CY207736.1	359	2133	0	22	22	2133
CY207736.1	363	560	0	1	1	560
CY207736.1	366	1419	1	0	1	366
CY207736.1	377	2179	5	27	32	377
CY207736.1	392	2147	0	1	1	2147
CY207736.1	392	2246	1	0	1	392
CY207736.1	404	2164	0	1	1	2164
CY207736.1	408	1037	0	1	1	1037
CY207736.1	421	1132	1	0	1	421
CY207736.1	423	1810	0	1	1	1810
CY207736.1	453	1089	1	0	1	453
CY207736.1	457	2137	0	1	1	2137
CY207736.1	464	1577	1	0	1	464
CY207736.1	476	2036	5	13	18	476
CY207736.1	482	1260	1	0	1	482
CY207736.1	483	1628	0	1	1	1628
CY207736.1	491	601	1	0	1	491
CY207736.1	492	2019	10	4	14	492
CY207736.1	495	2059	9	4	13	495
CY207736.1	553	2171	4	0	4	553
CY207736.1	560	2005	6	3	9	560
CY207736.1	564	1829	1	0	1	564
CY207736.1	577	2004	4	1	5	577
CY207736.1	579	1830	3	2	5	579
CY207736.1	579	1839	1	0	1	579
CY207736.1	584	1961	1	0	1	584
CY207736.1	590	621	0	4	4	621
CY207736.1	596	2002	10	13	23	596
CY207736.1	597	1854	1	0	1	597
CY207736.1	597	1917	2	0	2	597
CY207736.1	598	1855	2	4	6	598
CY207736.1	606	1957	7	2	9	606
CY207736.1	607	2159	1	0	1	607
CY207736.1	623	1927	7	5	12	623
CY207736.1	625	1900	1	0	1	625
CY207736.1	628	1945	3	3	6	628
CY207736.1	639	1809	1	0	1	639
CY207736.1	644	1739	1	0	1	644
CY207736.1	646	1821	1	0	1	646
CY207736.1	648	1621	1	0	1	648
CY207736.1	651	1825	4	0	4	651
CY207736.1	653	1827	6	6	12	653
CY207736.1	654	1913	5	6	11	654
CY207736.1	655	1535	1	0	1	655
CY207736.1	658	1903	11	5	16	658
CY207736.1	661	1535	1	0	1	661
CY207736.1	665	1538	6	4	10	665
CY207736.1	665	2057	9	7	16	665
CY207736.1	666	1002	2	0	2	666
CY207736.1	667	1981	1	0	1	667
CY207736.1	671	2035	3	0	3	671
CY207736.1	676	1757	6	7	13	676
CY207736.1	678	1955	6	4	10	678
CY207736.1	679	1835	1	0	1	679
CY207736.1	679	1860	1	0	1	679
CY207736.1	682	1664	1	0	1	682
CY207736.1	684	1666	5	2	7	684
CY207736.1	688	1594	1	0	1	688
CY207736.1	689	1542	0	1	1	1542
CY207736.1	691	1562	0	1	1	1562
CY207736.1	692	1883	4	9	13	692
CY207736.1	693	1654	24	17	41	693
CY207736.1	694	1874	3	5	8	694
CY207736.1	695	1578	1	0	1	695
CY207736.1	695	1938	0	2	2	1938
CY207736.1	695	762	1	0	1	695
CY207736.1	696	1886	0	1	1	1886
CY207736.1	699	1895	3	5	8	699
CY207736.1	699	1995	5	1	6	699
CY207736.1	704	1663	5	3	8	704
CY207736.1	709	1749	0	1	1	1749
CY207736.1	710	1760	3	0	3	710
CY207736.1	711	1871	23	24	47	711
CY207736.1	714	1874	0	1	1	1874
CY207736.1	715	2018	0	1	1	2018
CY207736.1	717	1859	8	6	14	717
CY207736.1	717	1920	1	0	1	717
CY207736.1	720	1075	1	0	1	720
CY207736.1	723	1994	8	5	13	723
CY207736.1	725	1946	1	1	2	725
CY207736.1	727	1842	5	9	14	727
CY207736.1	728	1934	6	2	8	728
CY207736.1	730	2290	1	0	1	730
CY207736.1	731	1768	3	7	10	731
CY207736.1	732	1177	1	0	1	732
CY207736.1	736	1890	0	1	1	1890
CY207736.1	740	1716	1	0	1	740
CY207736.1	740	1823	1	0	1	740
CY207736.1	741	1919	11	3	14	741
CY207736.1	744	912	1	0	1	744
CY207736.1	748	1830	3	1	4	748
CY207736.1	753	1917	7	1	8	753
CY207736.1	755	1599	1	2	3	755
CY207736.1	757	1112	0	1	1	1112
CY207736.1	766	968	1	0	1	766
CY207736.1	773	1826	6	2	8	773
CY207736.1	775	1679	20	4	24	775
CY207736.1	787	1722	14	3	17	787
CY207736.1	789	1561	1	0	1	789
CY207736.1	791	1213	1	0	1	791
CY207736.1	792	899	1	0	1	792
CY207736.1	794	2116	0	1	1	2116
CY207736.1	798	1734	0	1	1	1734
CY207736.1	801	1984	1	0	1	801
CY207736.1	804	1788	12	3	15	804
CY207736.1	805	1789	1	0	1	805
CY207736.1	810	1701	1	0	1	810
CY207736.1	811	1285	0	1	1	1285
CY207736.1	812	2347	1	0	1	812
CY207736.1	814	1710	7	1	8	814
CY207736.1	823	1719	2	0	2	823
CY207736.1	835	1804	8	5	13	835
CY207736.1	835	1853	3	5	8	835
CY207736.1	843	1270	1	0	1	843
CY207736.1	844	1825	0	1	1	1825
CY207736.1	845	1806	0	1	1	1806
CY207736.1	846	1746	0	1	1	1746
CY207736.1	852	1638	3	4	7	852
CY207736.1	858	2132	1	0	1	858
CY207736.1	863	1958	0	1	1	1958
CY207736.1	866	1893	4	2	6	866
CY207736.1	901	1756	0	1	1	1756
CY207736.1	908	1745	4	4	8	908
CY207736.1	933	1670	1	0	1	933
CY207736.1	950	1910	0	1	1	1910
CY207736.1	967	1073	1	0	1	967
CY207736.1	998	1146	0	1	1	1146
CY207737.1	1004	1220	0	1	1	1220
CY207737.1	1022	1687	0	1	1	1687
CY207737.1	1027	1640	4	6	10	1027
CY207737.1	1043	1700	0	2	2	1700
CY207737.1	1060	1854	1	0	1	1060
CY207737.1	1065	1726	5	0	5	1065
CY207737.1	1068	1905	6	6	12	1068
CY207737.1	1072	1666	1	0	1	1072
CY207737.1	1075	1735	22	39	61	1075
CY207737.1	1078	1982	2	1	3	1078
CY207737.1	1148	2377	1	0	1	1148
CY207737.1	1183	1530	0	1	1	1530
CY207737.1	1203	1869	0	1	1	1869
CY207737.1	1205	1372	1	0	1	1205
CY207737.1	1206	1369	1	0	1	1206
CY207737.1	1210	1354	2	1	3	1210
CY207737.1	1211	1663	0	1	1	1663
CY207737.1	1265	2299	0	1	1	2299
CY207737.1	1291	2296	6	3	9	1291
CY207737.1	1302	1993	1	0	1	1302
CY207737.1	1306	1949	0	1	1	1949
CY207737.1	1306	2043	0	2	2	2043
CY207737.1	1314	2117	1	0	1	1314
CY207737.1	1431	1747	0	1	1	1747
CY207737.1	1434	1611	1	0	1	1434
CY207737.1	1536	2347	0	1	1	2347
CY207737.1	1550	2091	0	1	1	2091
CY207737.1	1691	2133	3	3	6	1691
CY207737.1	1727	1966	0	1	1	1966
CY207737.1	1734	1929	0	1	1	1929
CY207737.1	1952	2252	0	2	2	2252
CY207737.1	269	2254	1	0	1	269
CY207737.1	271	2259	11	0	11	271
CY207737.1	278	470	1	0	1	278
CY207737.1	286	943	1	0	1	286
CY207737.1	288	2410	1	0	1	288
CY207737.1	315	1263	0	1	1	1263
CY207737.1	341	614	2	0	2	341
CY207737.1	369	1996	1	0	1	369
CY207737.1	377	2003	0	1	1	2003
CY207737.1	385	2359	4	2	6	385
CY207737.1	388	801	1	0	1	388
CY207737.1	445	2273	1	0	1	445
CY207737.1	458	2293	1	0	1	458
CY207737.1	465	2302	15	11	26	465
CY207737.1	466	2303	0	1	1	2303
CY207737.1	484	1326	11	15	26	484
CY207737.1	489	627	1	0	1	489
CY207737.1	494	2373	0	1	1	2373
CY207737.1	497	1351	0	1	1	1351
CY207737.1	510	1519	0	1	1	1519
CY207737.1	521	2424	0	1	1	2424
CY207737.1	528	1944	6	2	8	528
CY207737.1	536	1981	2	1	3	536
CY207737.1	546	1447	1	0	1	546
CY207737.1	559	2198	0	1	1	2198
CY207737.1	573	2015	4	4	8	573
CY207737.1	574	2016	0	1	1	2016
CY207737.1	575	1539	1	0	1	575
CY207737.1	578	1979	0	1	1	1979
CY207737.1	589	1970	0	1	1	1970
CY207737.1	603	1885	0	1	1	1885
CY207737.1	611	1566	0	1	1	1566
CY207737.1	646	1990	4	4	8	646
CY207737.1	660	1718	1	1	2	660
CY207737.1	663	2139	1	0	1	663
CY207737.1	677	2013	8	5	13	677
CY207737.1	697	1789	1	0	1	697
CY207737.1	708	1730	3	1	4	708
CY207737.1	724	2011	0	1	1	2011
CY207737.1	725	2274	1	0	1	725
CY207737.1	734	1908	1	0	1	734
CY207737.1	736	1910	16	4	20	736
CY207737.1	737	2275	14	7	21	737
CY207737.1	738	1887	0	2	2	1887
CY207737.1	742	2281	0	1	1	2281
CY207737.1	743	2012	6	5	11	743
CY207737.1	753	1995	0	1	1	1995
CY207737.1	753	2013	3	6	9	753
CY207737.1	755	1998	1	1	2	755
CY207737.1	763	1882	0	1	1	1882
CY207737.1	776	1926	1	0	1	776
CY207737.1	777	1819	2	2	4	777
CY207737.1	784	1848	1	0	1	784
CY207737.1	787	1389	1	0	1	787
CY207737.1	787	2339	4	0	4	787
CY207737.1	792	1548	0	1	1	1548
CY207737.1	797	1802	1	0	1	797
CY207737.1	824	1920	0	1	1	1920
CY207737.1	824	2142	0	2	2	2142
CY207737.1	829	2039	5	3	8	829
CY207737.1	840	1326	1	0	1	840
CY207737.1	842	1383	0	1	1	1383
CY207737.1	845	1927	4	3	7	845
CY207737.1	861	1598	0	1	1	1598
CY207737.1	865	920	0	1	1	920
CY207737.1	886	1884	3	2	5	886
CY207737.1	893	2278	0	1	1	2278
CY207737.1	902	1867	1	5	6	902
CY207737.1	925	963	0	1	1	963
CY207737.1	933	1661	1	0	1	933
CY207737.1	935	1486	1	0	1	935
CY207737.1	938	1728	1	0	1	938
CY207737.1	955	1739	3	4	7	955
CY207737.1	959	1655	1	0	1	959
CY207737.1	967	1560	0	1	1	1560
CY207737.1	970	1663	5	2	7	970
CY207737.1	978	2090	1	5	6	978
CY207738.1	1001	1416	1	0	1	1001
CY207738.1	1007	2096	1	0	1	1007
CY207738.1	1012	1427	0	1	1	1427
CY207738.1	1066	1794	1	0	1	1066
CY207738.1	1075	1557	1	0	1	1075
CY207738.1	1082	2289	1	0	1	1082
CY207738.1	1101	2222	1	0	1	1101
CY207738.1	1121	1424	1	0	1	1121
CY207738.1	1121	1537	1	0	1	1121
CY207738.1	1121	1680	1	0	1	1121
CY207738.1	1124	1551	1	0	1	1124
CY207738.1	1148	1175	2	0	2	1148
CY207738.1	1159	2239	1	0	1	1159
CY207738.1	1203	1532	1	0	1	1203
CY207738.1	1263	1760	0	1	1	1760
CY207738.1	1280	1861	0	1	1	1861
CY207738.1	1287	2325	1	0	1	1287
CY207738.1	1289	1662	1	0	1	1289
CY207738.1	1323	1760	1	0	1	1323
CY207738.1	1361	1730	1	0	1	1361
CY207738.1	1366	1584	1	0	1	1366
CY207738.1	1368	1682	0	1	1	1682
CY207738.1	1397	1687	0	1	1	1687
CY207738.1	1408	2130	2	3	5	1408
CY207738.1	1454	1725	0	1	1	1725
CY207738.1	1457	1483	1	0	1	1457
CY207738.1	1492	1639	0	1	1	1639
CY207738.1	1523	1568	0	1	1	1568
CY207738.1	1527	1724	1	0	1	1527
CY207738.1	1611	2398	0	1	1	2398
CY207738.1	1618	1759	1	0	1	1618
CY207738.1	1647	2186	0	1	1	2186
CY207738.1	1651	2036	0	1	1	2036
CY207738.1	1681	1894	1	0	1	1681
CY207738.1	1708	2187	0	5	5	2187
CY207738.1	1720	2365	1	0	1	1720
CY207738.1	1889	1981	0	1	1	1981
CY207738.1	1923	1949	0	1	1	1949
CY207738.1	1952	2171	0	1	1	2171
CY207738.1	1993	2472	0	1	1	2472
CY207738.1	2059	2131	0	1	1	2131
CY207738.1	2064	2372	1	0	1	2064
CY207738.1	235	1249	1	0	1	235
CY207738.1	240	1246	1	0	1	240
CY207738.1	241	1221	2	0	2	241
CY207738.1	246	2310	1	0	1	246
CY207738.1	249	1480	1	0	1	249
CY207738.1	256	2125	1	0	1	256
CY207738.1	276	547	1	0	1	276
CY207738.1	281	1977	1	0	1	281
CY207738.1	295	1501	0	1	1	1501
CY207738.1	303	1509	0	4	4	1509
CY207738.1	327	1315	0	1	1	1315
CY207738.1	332	1228	1	1	2	332
CY207738.1	335	743	0	1	1	743
CY207738.1	346	1330	0	2	2	1330
CY207738.1	346	1424	0	1	1	1424
CY207738.1	346	2235	0	1	1	2235
CY207738.1	356	384	1	0	1	356
CY207738.1	362	1207	0	1	1	1207
CY207738.1	375	1642	0	1	1	1642
CY207738.1	378	2236	1	0	1	378
CY207738.1	380	1267	0	1	1	1267
CY207738.1	380	2179	0	1	1	2179
CY207738.1	391	1273	0	1	1	1273
CY207738.1	391	1334	0	1	1	1334
CY207738.1	395	767	0	1	1	767
CY207738.1	400	2086	1	0	1	400
CY207738.1	401	1346	0	1	1	1346
CY207738.1	404	776	0	2	2	776
CY207738.1	407	1352	0	1	1	1352
CY207738.1	411	1515	0	1	1	1515
CY207738.1	414	1657	1	0	1	414
CY207738.1	417	1361	0	2	2	1361
CY207738.1	417	1684	1	0	1	417
CY207738.1	420	2317	11	22	33	420
CY207738.1	424	1370	0	3	3	1370
CY207738.1	436	2295	5	14	19	436
CY207738.1	443	2183	0	1	1	2183
CY207738.1	454	2021	0	1	1	2021
CY207738.1	456	990	0	1	1	990
CY207738.1	467	1262	0	1	1	1262
CY207738.1	467	2390	1	0	1	467
CY207738.1	474	2264	1	3	4	474
CY207738.1	477	2230	1	0	1	477
CY207738.1	482	1440	1	0	1	482
CY207738.1	482	2278	0	2	2	2278
CY207738.1	483	2236	1	1	2	483
CY207738.1	483	2237	7	22	29	483
CY207738.1	491	2041	0	1	1	2041
CY207738.1	494	1710	1	0	1	494
CY207738.1	507	2195	27	67	94	507
CY207738.1	510	2188	1	0	1	510
CY207738.1	513	2201	0	4	4	2201
CY207738.1	513	2221	22	57	79	513
CY207738.1	514	2197	66	165	231	514
CY207738.1	515	2198	0	1	1	2198
CY207738.1	516	1092	1	0	1	516
CY207738.1	517	2123	1	0	1	517
CY207738.1	517	2424	0	1	1	2424
CY207738.1	522	2185	2	1	3	522
CY207738.1	532	1201	0	1	1	1201
CY207738.1	542	2147	4	15	19	542
CY207738.1	542	2203	0	2	2	2203
CY207738.1	544	2071	8	2	10	544
CY207738.1	548	1990	5	10	15	548
CY207738.1	564	1957	0	1	1	1957
CY207738.1	568	2000	1	1	2	568
CY207738.1	572	1185	1	0	1	572
CY207738.1	584	1914	5	5	10	584
CY207738.1	607	2103	7	16	23	607
CY207738.1	616	1408	1	0	1	616
CY207738.1	617	1932	0	1	1	1932
CY207738.1	618	1949	2	1	3	618
CY207738.1	620	2040	0	1	1	2040
CY207738.1	627	1972	0	2	2	1972
CY207738.1	642	1856	4	2	6	642
CY207738.1	645	2020	3	3	6	645
CY207738.1	657	2015	1	6	7	657
CY207738.1	673	1917	2	0	2	673
CY207738.1	693	1938	7	8	15	693
CY207738.1	695	2041	4	8	12	695
CY207738.1	709	1957	1	0	1	709
CY207738.1	717	1951	2	7	9	717
CY207738.1	720	1955	0	1	1	1955
CY207738.1	721	1955	2	10	12	721
CY207738.1	732	1908	1	0	1	732
CY207738.1	734	2055	1	4	5	734
CY207738.1	745	2304	1	0	1	745
CY207738.1	746	1927	5	9	14	746
CY207738.1	747	2066	0	1	1	2066
CY207738.1	749	1927	8	13	21	749
CY207738.1	752	2166	0	1	1	2166
CY207738.1	770	1892	0	1	1	1892
CY207738.1	778	1951	3	4	7	778
CY207738.1	780	1813	1	0	1	780
CY207738.1	791	2188	2	8	10	791
CY207738.1	793	2074	0	1	1	2074
CY207738.1	797	2332	0	1	1	2332
CY207738.1	802	1690	7	0	7	802
CY207738.1	802	2074	0	1	1	2074
CY207738.1	809	1989	0	1	1	1989
CY207738.1	810	1764	1	1	2	810
CY207738.1	812	1876	4	4	8	812
CY207738.1	824	1814	2	1	3	824
CY207738.1	824	1939	7	5	12	824
CY207738.1	831	1270	1	0	1	831
CY207738.1	832	1825	1	0	1	832
CY207738.1	836	2314	1	0	1	836
CY207738.1	838	1696	1	0	1	838
CY207738.1	841	1643	0	1	1	1643
CY207738.1	844	1701	8	3	11	844
CY207738.1	846	1914	2	0	2	846
CY207738.1	847	1838	1	1	2	847
CY207738.1	850	1947	0	1	1	1947
CY207738.1	855	1814	2	3	5	855
CY207738.1	856	2175	2	2	4	856
CY207738.1	857	1846	4	2	6	857
CY207738.1	857	1857	6	6	12	857
CY207738.1	858	1685	6	2	8	858
CY207738.1	869	1795	3	1	4	869
CY207738.1	880	2093	2	0	2	880
CY207738.1	882	1137	1	0	1	882
CY207738.1	892	1658	7	4	11	892
CY207738.1	896	1101	2	0	2	896
CY207738.1	900	1869	1	0	1	900
CY207738.1	900	1877	4	3	7	900
CY207738.1	901	1667	0	1	1	1667
CY207738.1	904	1873	0	1	1	1873
CY207738.1	904	1877	5	6	11	904
CY207738.1	909	1711	1	0	1	909
CY207738.1	912	1783	3	0	3	912
CY207738.1	912	1785	3	1	4	912
CY207738.1	933	1980	1	0	1	933
CY207738.1	938	2416	1	0	1	938
CY207738.1	950	1611	2	1	3	950
CY207738.1	971	1310	1	0	1	971
CY207738.1	979	1318	2	1	3	979
