Segment	Start	Stop	Forward_support	Reverse_support	Total_support	Fuzz_factor
CY207731.1	1012	1135	0	1	1	1135
CY207731.1	1033	1212	0	1	1	1212
CY207731.1	1042	1350	0	1	1	1350
CY207731.1	1042	1898	0	1	1	1898
CY207731.1	1046	1821	1	0	1	1046
CY207731.1	1062	1574	1	0	1	1062
CY207731.1	1078	1213	0	1	1	1213
CY207731.1	1092	1385	0	1	1	1385
CY207731.1	1115	1220	0	1	1	1220
CY207731.1	1117	1189	0	1	1	1189
CY207731.1	1119	1416	1	0	1	1119
CY207731.1	1132	1386	0	1	1	1386
CY207731.1	1141	1178	1	0	1	1141
CY207731.1	1149	1539	0	1	1	1539
CY207731.1	1183	1372	1	0	1	1183
CY207731.1	1189	1892	0	1	1	1892
CY207731.1	1210	1541	1	0	1	1210
CY207731.1	1232	1582	1	0	1	1232
CY207731.1	1236	1820	0	1	1	1820
CY207731.1	1254	1596	0	1	1	1596
CY207731.1	1258	1416	0	1	1	1416
CY207731.1	1264	1543	0	1	1	1543
CY207731.1	1281	1392	1	0	1	1281
CY207731.1	1317	1368	0	1	1	1368
CY207731.1	1324	1673	1	0	1	1324
CY207731.1	1334	1685	0	1	1	1685
CY207731.1	1360	1705	0	1	1	1705
CY207731.1	1370	1395	2	0	2	1370
CY207731.1	1416	1630	0	1	1	1630
CY207731.1	1419	1616	1	0	1	1419
CY207731.1	1498	1665	0	1	1	1665
CY207731.1	1507	1669	1	0	1	1507
CY207731.1	1526	1729	0	1	1	1729
CY207731.1	1534	1592	0	1	1	1592
CY207731.1	1578	1729	1	0	1	1578
CY207731.1	1676	1785	1	0	1	1676
CY207731.1	1718	1820	1	0	1	1718
CY207731.1	1789	1871	0	1	1	1871
CY207731.1	248	1859	1	0	1	248
CY207731.1	266	331	13	0	13	266
CY207731.1	270	1334	1	0	1	270
CY207731.1	286	1575	1	0	1	286
CY207731.1	303	1368	0	1	1	1368
CY207731.1	330	403	3	22	25	330
CY207731.1	333	656	1	0	1	333
CY207731.1	340	1677	0	1	1	1677
CY207731.1	343	1185	1	0	1	343
CY207731.1	346	763	1	0	1	346
CY207731.1	351	1541	0	1	1	1541
CY207731.1	356	427	0	1	1	427
CY207731.1	363	1602	1	0	1	363
CY207731.1	385	570	0	1	1	570
CY207731.1	390	1112	1	0	1	390
CY207731.1	393	1259	1	0	1	393
CY207731.1	395	1204	1	0	1	395
CY207731.1	398	1517	0	1	1	1517
CY207731.1	400	1581	7	23	30	400
CY207731.1	413	1737	0	1	1	1737
CY207731.1	419	803	0	1	1	803
CY207731.1	424	772	0	1	1	772
CY207731.1	453	1702	17	22	39	453
CY207731.1	453	789	0	1	1	789
CY207731.1	458	1023	1	0	1	458
CY207731.1	459	1289	0	1	1	1289
CY207731.1	467	739	0	1	1	739
CY207731.1	475	1089	1	0	1	475
CY207731.1	480	1299	0	1	1	1299
CY207731.1	481	1478	1	0	1	481
CY207731.1	489	1349	0	1	1	1349
CY207731.1	489	1737	0	1	1	1737
CY207731.1	491	1024	1	0	1	491
CY207731.1	496	1439	0	1	1	1439
CY207731.1	502	638	1	0	1	502
CY207731.1	503	793	1	0	1	503
CY207731.1	507	1892	0	1	1	1892
CY207731.1	512	1698	0	1	1	1698
CY207731.1	519	1056	0	1	1	1056
CY207731.1	523	1492	1	0	1	523
CY207731.1	524	1115	0	1	1	1115
CY207731.1	526	1608	0	1	1	1608
CY207731.1	527	1580	1	0	1	527
CY207731.1	527	1727	1	2	3	527
CY207731.1	528	1899	0	1	1	1899
CY207731.1	529	1066	0	1	1	1066
CY207731.1	530	1363	1	0	1	530
CY207731.1	541	1517	9	22	31	541
CY207731.1	542	1548	0	1	1	1548
CY207731.1	549	1761	0	1	1	1761
CY207731.1	554	810	0	1	1	810
CY207731.1	565	1641	0	2	2	1641
CY207731.1	572	1504	0	1	1	1504
CY207731.1	581	1456	0	1	1	1456
CY207731.1	597	1621	0	1	1	1621
CY207731.1	610	1278	0	1	1	1278
CY207731.1	622	1085	1	0	1	622
CY207731.1	629	1583	0	1	1	1583
CY207731.1	636	1093	1	0	1	636
CY207731.1	645	989	1	0	1	645
CY207731.1	655	1689	1	0	1	655
CY207731.1	659	1162	0	1	1	1162
CY207731.1	670	1213	0	1	1	1213
CY207731.1	671	1784	0	1	1	1784
CY207731.1	674	991	1	0	1	674
CY207731.1	681	1723	1	0	1	681
CY207731.1	698	833	1	0	1	698
CY207731.1	699	1717	0	1	1	1717
CY207731.1	704	1376	0	1	1	1376
CY207731.1	724	919	1	0	1	724
CY207731.1	725	1576	0	1	1	1576
CY207731.1	729	1291	1	0	1	729
CY207731.1	758	1791	1	0	1	758
CY207731.1	760	1736	1	0	1	760
CY207731.1	771	1294	0	1	1	1294
CY207731.1	775	1698	0	1	1	1698
CY207731.1	782	1193	1	0	1	782
CY207731.1	785	1131	1	0	1	785
CY207731.1	825	1376	0	1	1	1376
CY207731.1	827	1214	1	0	1	827
CY207731.1	843	1352	1	0	1	843
CY207731.1	874	1124	1	0	1	874
CY207731.1	875	1879	0	1	1	1879
CY207731.1	879	1357	0	1	1	1357
CY207731.1	902	1383	1	0	1	902
CY207731.1	912	1751	1	0	1	912
CY207731.1	938	1820	0	1	1	1820
CY207731.1	944	1214	1	0	1	944
CY207731.1	949	1343	0	1	1	1343
CY207731.1	957	1383	0	1	1	1383
CY207731.1	965	1275	1	0	1	965
CY207731.1	994	1182	0	1	1	1182
CY207732.1	267	800	1	0	1	267
CY207732.1	268	550	1	0	1	268
CY207732.1	270	488	1	0	1	270
CY207732.1	270	743	1	0	1	270
CY207732.1	271	348	1	0	1	271
CY207732.1	272	428	1	0	1	272
CY207732.1	281	961	1	0	1	281
CY207732.1	287	644	1	0	1	287
CY207732.1	290	610	1	0	1	290
CY207732.1	308	628	0	1	1	628
CY207732.1	311	584	0	1	1	584
CY207732.1	332	599	0	1	1	599
CY207732.1	332	829	1	0	1	332
CY207732.1	335	1058	1	0	1	335
CY207732.1	350	672	1	0	1	350
CY207732.1	351	692	0	1	1	692
CY207732.1	358	575	1	0	1	358
CY207732.1	358	776	0	1	1	776
CY207732.1	363	820	0	1	1	820
CY207732.1	365	741	0	1	1	741
CY207732.1	371	726	1	0	1	371
CY207732.1	394	1149	0	1	1	1149
CY207732.1	394	689	1	0	1	394
CY207732.1	396	636	1	0	1	396
CY207732.1	396	740	0	1	1	740
CY207732.1	410	519	0	1	1	519
CY207732.1	412	607	0	1	1	607
CY207732.1	412	669	0	1	1	669
CY207732.1	415	768	0	1	1	768
CY207732.1	417	530	0	1	1	530
CY207732.1	421	817	0	1	1	817
CY207732.1	433	711	0	1	1	711
CY207732.1	433	896	0	1	1	896
CY207732.1	433	990	1	0	1	433
CY207732.1	439	1145	0	1	1	1145
CY207732.1	443	630	0	1	1	630
CY207732.1	444	887	0	1	1	887
CY207732.1	447	821	1	0	1	447
CY207732.1	453	835	0	1	1	835
CY207732.1	465	497	0	1	1	497
CY207732.1	471	922	0	1	1	922
CY207732.1	483	864	0	1	1	864
CY207732.1	484	734	1	0	1	484
CY207732.1	504	1174	0	1	1	1174
CY207732.1	518	1016	1	0	1	518
CY207732.1	523	768	0	1	1	768
CY207732.1	523	821	0	1	1	821
CY207732.1	532	709	0	1	1	709
CY207732.1	538	1142	0	1	1	1142
CY207732.1	545	705	0	1	1	705
CY207732.1	554	1155	0	1	1	1155
CY207732.1	560	709	0	1	1	709
CY207732.1	560	863	0	1	1	863
CY207732.1	566	748	1	0	1	566
CY207732.1	567	1004	1	0	1	567
CY207732.1	573	1124	1	0	1	573
CY207732.1	588	941	1	0	1	588
CY207732.1	601	987	1	0	1	601
CY207732.1	612	1059	1	0	1	612
CY207732.1	622	824	0	1	1	824
CY207732.1	626	1023	1	0	1	626
CY207732.1	629	957	1	1	2	629
CY207732.1	631	779	0	1	1	779
CY207732.1	663	776	0	1	1	776
CY207732.1	665	983	1	0	1	665
CY207732.1	677	874	1	0	1	677
CY207732.1	684	826	0	1	1	826
CY207732.1	706	898	0	1	1	898
CY207732.1	715	965	1	0	1	715
CY207732.1	718	860	5	1	6	718
CY207732.1	720	998	1	0	1	720
CY207732.1	758	958	1	0	1	758
CY207732.1	758	998	1	0	1	758
CY207732.1	790	833	0	2	2	833
CY207732.1	812	977	1	0	1	812
CY207732.1	817	866	4	3	7	817
CY207732.1	902	942	1	0	1	902
CY207732.1	914	1155	0	1	1	1155
CY207732.1	932	1058	1	0	1	932
CY207732.1	950	1052	1	0	1	950
CY207732.1	984	1017	0	1	1	1017
CY207733.1	1090	1184	0	2	2	1184
CY207733.1	1113	1461	1	0	1	1113
CY207733.1	1117	1211	0	1	1	1211
CY207733.1	1179	1235	1	0	1	1179
CY207733.1	1294	1485	3	1	4	1294
CY207733.1	1345	1393	10	6	16	1345
CY207733.1	1358	1528	0	1	1	1528
CY207733.1	1358	1578	0	1	1	1578
CY207733.1	294	416	1	0	1	294
CY207733.1	356	612	1	0	1	356
CY207733.1	365	1475	0	1	1	1475
CY207733.1	389	1266	0	1	1	1266
CY207733.1	390	444	0	1	1	444
CY207733.1	448	525	1	0	1	448
CY207733.1	452	1339	0	1	1	1339
CY207733.1	460	1159	13	13	26	460
CY207733.1	461	1142	0	1	1	1142
CY207733.1	479	570	0	1	1	570
CY207733.1	480	596	0	1	1	596
CY207733.1	489	1355	1	0	1	489
CY207733.1	498	591	1	0	1	498
CY207733.1	501	1155	1	0	1	501
CY207733.1	502	1480	0	1	1	1480
CY207733.1	542	1371	1	0	1	542
CY207733.1	591	847	0	1	1	847
CY207733.1	631	1490	1	0	1	631
CY207733.1	647	1263	1	0	1	647
CY207733.1	655	1317	0	1	1	1317
CY207733.1	720	1460	1	0	1	720
CY207733.1	765	792	1	0	1	765
CY207733.1	793	1085	0	1	1	1085
CY207733.1	800	1120	0	1	1	1120
CY207733.1	801	949	0	1	1	949
CY207733.1	812	1102	1	0	1	812
CY207733.1	849	876	3	4	7	849
CY207733.1	856	1472	0	1	1	1472
CY207733.1	869	1087	1	0	1	869
CY207733.1	869	1255	0	1	1	1255
CY207733.1	870	1378	0	1	1	1378
CY207733.1	901	982	0	1	1	982
CY207733.1	943	1283	2	0	2	943
CY207734.1	1000	1591	0	1	1	1591
CY207734.1	1032	1418	0	1	1	1418
CY207734.1	1045	1067	1	0	1	1045
CY207734.1	1099	1715	0	1	1	1715
CY207734.1	1129	1560	0	1	1	1560
CY207734.1	1159	1421	0	1	1	1421
CY207734.1	1181	1541	0	1	1	1541
CY207734.1	1185	1670	0	1	1	1670
CY207734.1	1226	1256	0	1	1	1256
CY207734.1	1261	1684	0	1	1	1684
CY207734.1	1287	1491	1	0	1	1287
CY207734.1	1299	1574	0	1	1	1574
CY207734.1	1303	1496	0	1	1	1496
CY207734.1	1310	1344	0	1	1	1344
CY207734.1	1312	1426	0	1	1	1426
CY207734.1	1435	1512	1	0	1	1435
CY207734.1	1440	1520	0	1	1	1520
CY207734.1	1444	1575	1	0	1	1444
CY207734.1	1544	1590	6	2	8	1544
CY207734.1	1544	1625	0	3	3	1625
CY207734.1	1564	1687	0	1	1	1687
CY207734.1	244	815	0	1	1	815
CY207734.1	245	1521	1	0	1	245
CY207734.1	246	603	2	0	2	246
CY207734.1	256	335	1	0	1	256
CY207734.1	264	838	1	0	1	264
CY207734.1	272	1347	1	0	1	272
CY207734.1	275	805	2	0	2	275
CY207734.1	280	1226	1	0	1	280
CY207734.1	281	1356	1	0	1	281
CY207734.1	283	1536	1	0	1	283
CY207734.1	284	1508	1	0	1	284
CY207734.1	286	1315	1	0	1	286
CY207734.1	286	713	1	0	1	286
CY207734.1	288	1367	1	0	1	288
CY207734.1	288	822	1	1	2	288
CY207734.1	309	331	0	1	1	331
CY207734.1	313	1387	1	0	1	313
CY207734.1	331	1538	9	14	23	331
CY207734.1	346	817	0	1	1	817
CY207734.1	372	912	1	0	1	372
CY207734.1	380	1383	0	1	1	1383
CY207734.1	391	1420	0	1	1	1420
CY207734.1	391	893	0	1	1	893
CY207734.1	395	645	0	1	1	645
CY207734.1	397	1065	0	1	1	1065
CY207734.1	405	864	0	1	1	864
CY207734.1	421	940	1	0	1	421
CY207734.1	422	1185	0	1	1	1185
CY207734.1	422	1688	0	1	1	1688
CY207734.1	426	1159	0	1	1	1159
CY207734.1	430	524	0	1	1	524
CY207734.1	435	855	0	1	1	855
CY207734.1	437	1176	1	0	1	437
CY207734.1	440	957	1	1	2	440
CY207734.1	464	537	0	1	1	537
CY207734.1	465	1590	1	0	1	465
CY207734.1	465	1717	0	1	1	1717
CY207734.1	470	590	0	1	1	590
CY207734.1	476	760	1	0	1	476
CY207734.1	483	1606	13	11	24	483
CY207734.1	523	1436	0	1	1	1436
CY207734.1	523	942	1	0	1	523
CY207734.1	538	765	0	1	1	765
CY207734.1	559	753	0	1	1	753
CY207734.1	563	896	1	0	1	563
CY207734.1	565	1256	0	1	1	1256
CY207734.1	598	1431	1	0	1	598
CY207734.1	620	812	0	2	2	812
CY207734.1	641	836	2	0	2	641
CY207734.1	668	1400	1	0	1	668
CY207734.1	677	1096	1	0	1	677
CY207734.1	691	1186	1	0	1	691
CY207734.1	712	1384	8	12	20	712
CY207734.1	729	1070	1	0	1	729
CY207734.1	742	999	1	0	1	742
CY207734.1	754	1472	1	0	1	754
CY207734.1	761	1689	0	1	1	1689
CY207734.1	764	1579	0	1	1	1579
CY207734.1	775	1378	1	0	1	775
CY207734.1	784	1368	1	0	1	784
CY207734.1	815	1506	0	1	1	1506
CY207734.1	831	1212	1	0	1	831
CY207734.1	837	1541	0	1	1	1541
CY207734.1	841	1622	0	2	2	1622
CY207734.1	846	1240	1	0	1	846
CY207734.1	863	1543	1	0	1	863
CY207734.1	866	1496	1	0	1	866
CY207734.1	870	1494	0	1	1	1494
CY207734.1	884	1598	1	0	1	884
CY207734.1	891	1681	0	1	1	1681
CY207734.1	893	1127	0	1	1	1127
CY207734.1	898	1390	0	1	1	1390
CY207734.1	900	1392	0	1	1	1392
CY207734.1	911	1595	1	1	2	911
CY207734.1	923	1314	0	1	1	1314
CY207734.1	926	1377	1	0	1	926
CY207734.1	935	1157	0	1	1	1157
CY207734.1	955	1090	0	1	1	1090
CY207735.1	247	913	1	0	1	247
CY207735.1	256	293	39	0	39	256
CY207735.1	268	965	6	0	6	268
CY207735.1	325	930	16	0	16	325
CY207735.1	353	379	1	0	1	353
CY207735.1	431	536	1	10	11	431
CY207735.1	434	761	0	1	1	761
CY207735.1	461	830	0	1	1	830
CY207735.1	462	849	0	1	1	849
CY207735.1	468	692	0	1	1	692
CY207735.1	499	728	0	1	1	728
CY207735.1	499	729	1	0	1	499
CY207735.1	511	740	37	89	126	511
CY207735.1	515	600	0	1	1	600
CY207735.1	519	746	0	1	1	746
CY207735.1	607	644	2	6	8	607
CY207735.1	637	794	1	0	1	637
CY207735.1	782	851	7	0	7	782
CY207735.1	828	899	0	1	1	899
CY207735.1	973	1043	0	1	1	1043
CY207736.1	1007	1657	1	0	1	1007
CY207736.1	1033	2221	1	0	1	1033
CY207736.1	1041	1446	0	1	1	1446
CY207736.1	1046	1979	0	1	1	1979
CY207736.1	1047	1460	1	0	1	1047
CY207736.1	1054	1350	0	1	1	1350
CY207736.1	1059	1145	3	2	5	1059
CY207736.1	1090	1506	0	1	1	1506
CY207736.1	1092	2060	2	3	5	1092
CY207736.1	1093	2359	0	1	1	2359
CY207736.1	1140	1949	1	0	1	1140
CY207736.1	1144	1825	1	0	1	1144
CY207736.1	1160	1300	1	0	1	1160
CY207736.1	1166	1828	0	1	1	1828
CY207736.1	1167	2208	0	1	1	2208
CY207736.1	1191	1316	1	1	2	1191
CY207736.1	1198	1363	0	1	1	1363
CY207736.1	1252	1692	0	1	1	1692
CY207736.1	1332	1832	0	1	1	1832
CY207736.1	1358	1700	1	0	1	1358
CY207736.1	1445	2235	1	0	1	1445
CY207736.1	1478	1662	1	0	1	1478
CY207736.1	1484	2074	0	1	1	2074
CY207736.1	1485	2131	0	1	1	2131
CY207736.1	1503	1950	2	0	2	1503
CY207736.1	1509	1962	5	4	9	1509
CY207736.1	1517	1831	0	1	1	1831
CY207736.1	1540	1723	1	0	1	1540
CY207736.1	1544	2007	0	2	2	2007
CY207736.1	1635	2332	1	0	1	1635
CY207736.1	1645	1759	1	0	1	1645
CY207736.1	1704	2218	0	1	1	2218
CY207736.1	1736	1872	0	1	1	1872
CY207736.1	1755	1813	1	2	3	1755
CY207736.1	1800	2278	1	0	1	1800
CY207736.1	1836	2111	0	1	1	2111
CY207736.1	1879	1977	1	0	1	1879
CY207736.1	1988	2348	0	3	3	2348
CY207736.1	2004	2364	0	2	2	2364
CY207736.1	252	987	1	0	1	252
CY207736.1	272	1259	1	0	1	272
CY207736.1	280	723	1	0	1	280
CY207736.1	284	335	28	1	29	284
CY207736.1	288	335	1	0	1	288
CY207736.1	290	2052	2	0	2	290
CY207736.1	300	682	1	0	1	300
CY207736.1	325	2147	1	5	6	325
CY207736.1	326	2168	0	1	1	2168
CY207736.1	329	699	1	0	1	329
CY207736.1	333	2075	5	15	20	333
CY207736.1	337	1402	1	0	1	337
CY207736.1	354	2105	0	1	1	2105
CY207736.1	355	2164	0	1	1	2164
CY207736.1	366	2219	1	0	1	366
CY207736.1	369	2259	2	0	2	369
CY207736.1	384	872	0	1	1	872
CY207736.1	386	2144	0	9	9	2144
CY207736.1	389	850	0	1	1	850
CY207736.1	392	2147	0	1	1	2147
CY207736.1	394	1462	1	0	1	394
CY207736.1	404	951	1	0	1	404
CY207736.1	416	586	1	0	1	416
CY207736.1	420	859	0	1	1	859
CY207736.1	427	1065	1	0	1	427
CY207736.1	434	2151	0	1	1	2151
CY207736.1	436	2153	2	76	78	436
CY207736.1	437	1075	1	0	1	437
CY207736.1	456	1600	1	2	3	456
CY207736.1	474	1714	1	0	1	474
CY207736.1	477	2162	0	1	1	2162
CY207736.1	483	1465	3	0	3	483
CY207736.1	493	1846	1	0	1	493
CY207736.1	498	775	1	0	1	498
CY207736.1	547	2002	1	0	1	547
CY207736.1	550	1894	6	0	6	550
CY207736.1	554	2009	6	2	8	554
CY207736.1	555	1895	7	3	10	555
CY207736.1	565	1808	0	1	1	1808
CY207736.1	566	652	1	0	1	566
CY207736.1	570	1175	1	0	1	570
CY207736.1	572	658	2	2	4	572
CY207736.1	581	1363	1	0	1	581
CY207736.1	583	2188	1	8	9	583
CY207736.1	587	1785	1	0	1	587
CY207736.1	589	1380	1	0	1	589
CY207736.1	596	2002	19	20	39	596
CY207736.1	596	2204	0	1	1	2204
CY207736.1	599	1116	0	1	1	1116
CY207736.1	612	1362	0	1	1	1362
CY207736.1	662	1395	0	1	1	1395
CY207736.1	666	1002	3	5	8	666
CY207736.1	679	2297	0	6	6	2297
CY207736.1	689	771	2	1	3	689
CY207736.1	696	1707	0	1	1	1707
CY207736.1	696	812	3	4	7	696
CY207736.1	709	1222	1	0	1	709
CY207736.1	726	1987	1	0	1	726
CY207736.1	733	1809	1	0	1	733
CY207736.1	738	1340	1	0	1	738
CY207736.1	740	1716	1	0	1	740
CY207736.1	742	1311	0	1	1	1311
CY207736.1	742	1695	1	0	1	742
CY207736.1	755	1828	23	10	33	755
CY207736.1	756	1681	1	0	1	756
CY207736.1	771	2047	1	0	1	771
CY207736.1	773	1840	2	0	2	773
CY207736.1	776	2051	1	0	1	776
CY207736.1	777	974	0	1	1	974
CY207736.1	785	1322	1	0	1	785
CY207736.1	785	941	1	0	1	785
CY207736.1	794	1193	1	0	1	794
CY207736.1	801	1984	1	0	1	801
CY207736.1	802	1989	1	0	1	802
CY207736.1	810	1045	0	1	1	1045
CY207736.1	810	1728	0	1	1	1728
CY207736.1	814	1710	8	1	9	814
CY207736.1	818	1503	1	0	1	818
CY207736.1	823	1719	1	3	4	823
CY207736.1	826	1529	2	0	2	826
CY207736.1	827	2013	1	0	1	827
CY207736.1	828	2217	1	0	1	828
CY207736.1	838	1303	1	0	1	838
CY207736.1	865	2045	1	0	1	865
CY207736.1	869	2044	0	1	1	2044
CY207736.1	877	1913	0	1	1	1913
CY207736.1	901	950	0	1	1	950
CY207736.1	903	1680	9	6	15	903
CY207736.1	928	1515	0	1	1	1515
CY207736.1	929	1929	0	1	1	1929
CY207736.1	933	997	3	1	4	933
CY207736.1	937	1713	1	0	1	937
CY207736.1	953	2018	0	1	1	2018
CY207736.1	979	1878	1	0	1	979
CY207736.1	982	1898	0	1	1	1898
CY207736.1	995	1530	1	0	1	995
CY207737.1	1125	1966	0	1	1	1966
CY207737.1	1133	2156	0	1	1	2156
CY207737.1	1136	1523	1	0	1	1136
CY207737.1	1163	1662	0	1	1	1662
CY207737.1	1189	1772	0	1	1	1772
CY207737.1	1251	2320	4	0	4	1251
CY207737.1	1266	2397	1	0	1	1266
CY207737.1	1306	2043	9	8	17	1306
CY207737.1	1413	1999	3	6	9	1413
CY207737.1	1413	2332	0	1	1	2332
CY207737.1	1587	1955	0	1	1	1955
CY207737.1	1598	2451	0	1	1	2451
CY207737.1	1711	2347	0	1	1	2347
CY207737.1	1747	2370	1	0	1	1747
CY207737.1	1794	2000	0	1	1	2000
CY207737.1	2063	2103	0	3	3	2103
CY207737.1	2085	2293	1	0	1	2085
CY207737.1	240	271	37	0	37	240
CY207737.1	246	2493	1	1	2	246
CY207737.1	287	2302	25	1	26	287
CY207737.1	294	1529	1	0	1	294
CY207737.1	315	2373	1	0	1	315
CY207737.1	327	865	1	0	1	327
CY207737.1	335	2334	2	2	4	335
CY207737.1	344	396	0	3	3	396
CY207737.1	356	948	0	1	1	948
CY207737.1	361	1516	1	0	1	361
CY207737.1	369	1552	1	0	1	369
CY207737.1	373	919	0	1	1	919
CY207737.1	374	968	1	0	1	374
CY207737.1	383	1609	0	1	1	1609
CY207737.1	384	1315	0	1	1	1315
CY207737.1	399	1223	1	0	1	399
CY207737.1	404	1131	4	5	9	404
CY207737.1	423	832	1	0	1	423
CY207737.1	474	710	1	7	8	474
CY207737.1	477	1229	1	0	1	477
CY207737.1	489	2368	0	2	2	2368
CY207737.1	494	2373	1	0	1	494
CY207737.1	535	2478	0	1	1	2478
CY207737.1	539	2253	1	0	1	539
CY207737.1	559	2198	0	2	2	2198
CY207737.1	565	1590	0	1	1	1590
CY207737.1	582	605	7	10	17	582
CY207737.1	599	2095	3	2	5	599
CY207737.1	615	2220	1	0	1	615
CY207737.1	626	1709	0	1	1	1709
CY207737.1	632	952	0	1	1	952
CY207737.1	640	2204	0	3	3	2204
CY207737.1	651	2255	1	0	1	651
CY207737.1	680	2281	1	0	1	680
CY207737.1	693	1349	1	0	1	693
CY207737.1	734	1768	0	1	1	1768
CY207737.1	768	1106	0	1	1	1106
CY207737.1	768	924	0	1	1	924
CY207737.1	781	1260	1	0	1	781
CY207737.1	784	1428	0	1	1	1428
CY207737.1	796	1249	1	0	1	796
CY207737.1	797	1282	0	1	1	1282
CY207737.1	803	1650	0	1	1	1650
CY207737.1	824	1920	0	2	2	1920
CY207737.1	830	1371	1	0	1	830
CY207737.1	830	1816	1	0	1	830
CY207737.1	835	1772	1	0	1	835
CY207737.1	839	1934	0	1	1	1934
CY207737.1	850	1820	11	11	22	850
CY207737.1	893	2278	0	2	2	2278
CY207737.1	900	1090	1	0	1	900
CY207737.1	902	1802	0	1	1	1802
CY207737.1	924	2314	0	2	2	2314
CY207737.1	954	1740	0	1	1	1740
CY207738.1	1006	1637	1	0	1	1006
CY207738.1	1007	2117	0	1	1	2117
CY207738.1	1009	1654	1	0	1	1009
CY207738.1	1023	1384	1	0	1	1023
CY207738.1	1025	2140	1	0	1	1025
CY207738.1	1090	2252	1	0	1	1090
CY207738.1	1094	1225	0	1	1	1225
CY207738.1	1101	2082	1	0	1	1101
CY207738.1	1108	1424	0	1	1	1424
CY207738.1	1124	2330	14	4	18	1124
CY207738.1	1142	1225	1	0	1	1142
CY207738.1	1142	1502	1	0	1	1142
CY207738.1	1161	2389	1	0	1	1161
CY207738.1	1173	2082	0	1	1	2082
CY207738.1	1197	1526	2	0	2	1197
CY207738.1	1199	1741	0	1	1	1741
CY207738.1	1220	1405	1	0	1	1220
CY207738.1	1253	2418	0	1	1	2418
CY207738.1	1272	1631	0	1	1	1631
CY207738.1	1275	1651	1	0	1	1275
CY207738.1	1313	2404	0	1	1	2404
CY207738.1	1318	1673	1	0	1	1318
CY207738.1	1343	2134	0	1	1	2134
CY207738.1	1420	1722	0	1	1	1722
CY207738.1	1423	1526	1	0	1	1423
CY207738.1	1453	1651	0	1	1	1651
CY207738.1	1571	1610	3	5	8	1571
CY207738.1	1603	1673	0	1	1	1673
CY207738.1	1625	1687	0	1	1	1687
CY207738.1	1761	1841	0	1	1	1841
CY207738.1	1890	2349	0	1	1	2349
CY207738.1	1908	1961	0	1	1	1961
CY207738.1	1908	1968	1	0	1	1908
CY207738.1	2050	2212	0	1	1	2212
CY207738.1	2073	2299	1	0	1	2073
CY207738.1	2218	2391	1	0	1	2218
CY207738.1	2269	2351	2	1	3	2269
CY207738.1	2279	2317	32	13	45	2279
CY207738.1	2345	2371	16	10	26	2345
CY207738.1	2366	2391	14	4	18	2366
CY207738.1	2371	2402	0	7	7	2402
CY207738.1	2399	2427	5	0	5	2399
CY207738.1	2410	2472	0	1	1	2472
CY207738.1	241	1221	2	0	2	241
CY207738.1	278	936	1	0	1	278
CY207738.1	282	1698	1	0	1	282
CY207738.1	294	1315	1	1	2	294
CY207738.1	302	2207	1	0	1	302
CY207738.1	304	2314	2	1	3	304
CY207738.1	307	2357	1	0	1	307
CY207738.1	322	1310	0	1	1	1310
CY207738.1	329	2274	0	1	1	2274
CY207738.1	329	388	0	1	1	388
CY207738.1	332	1228	0	2	2	1228
CY207738.1	339	1235	1	0	1	339
CY207738.1	339	2328	0	1	1	2328
CY207738.1	340	2316	0	1	1	2316
CY207738.1	342	1793	2	0	2	342
CY207738.1	344	1240	1	0	1	344
CY207738.1	346	1330	0	1	1	1330
CY207738.1	346	2235	1	4	5	346
CY207738.1	347	1243	0	1	1	1243
CY207738.1	347	1246	0	1	1	1246
CY207738.1	347	1799	3	15	18	347
CY207738.1	351	1129	0	1	1	1129
CY207738.1	353	2293	0	1	1	2293
CY207738.1	357	2246	3	0	3	357
CY207738.1	361	1308	0	1	1	1308
CY207738.1	367	2313	11	18	29	367
CY207738.1	368	2162	1	0	1	368
CY207738.1	368	2365	23	36	59	368
CY207738.1	368	466	5	37	42	368
CY207738.1	372	2419	0	1	1	2419
CY207738.1	375	1642	1	0	1	375
CY207738.1	375	422	5	46	51	375
CY207738.1	379	2375	1	0	1	379
CY207738.1	380	2313	7	24	31	380
CY207738.1	382	1649	0	1	1	1649
CY207738.1	383	439	0	1	1	439
CY207738.1	384	1651	1	0	1	384
CY207738.1	386	2248	8	49	57	386
CY207738.1	391	1273	0	1	1	1273
CY207738.1	395	767	0	5	5	767
CY207738.1	399	2217	0	1	1	2217
CY207738.1	402	2275	10	131	141	402
CY207738.1	404	776	0	1	1	776
CY207738.1	408	2379	0	1	1	2379
CY207738.1	411	2312	1	13	14	411
CY207738.1	417	2330	0	1	1	2330
CY207738.1	417	796	1	0	1	417
CY207738.1	418	1543	0	1	1	1543
CY207738.1	421	2173	0	2	2	2173
CY207738.1	425	2306	0	2	2	2306
CY207738.1	428	1880	0	1	1	1880
CY207738.1	433	2330	0	1	1	2330
CY207738.1	437	1296	0	1	1	1296
CY207738.1	451	1769	1	0	1	451
CY207738.1	460	1291	0	1	1	1291
CY207738.1	467	2034	0	1	1	2034
CY207738.1	481	2153	0	1	1	2153
CY207738.1	513	1786	0	1	1	1786
CY207738.1	520	1110	1	0	1	520
CY207738.1	523	2164	27	33	60	523
CY207738.1	523	2204	0	1	1	2204
CY207738.1	527	935	1	0	1	527
CY207738.1	563	2187	11	44	55	563
CY207738.1	619	1854	0	1	1	1854
CY207738.1	627	1728	0	1	1	1728
CY207738.1	654	2332	1	1	2	654
CY207738.1	680	1047	0	1	1	1047
CY207738.1	695	1630	1	1	2	695
CY207738.1	746	1811	0	1	1	1811
CY207738.1	786	1916	8	18	26	786
CY207738.1	814	2377	1	0	1	814
CY207738.1	841	2098	0	1	1	2098
CY207738.1	854	2157	1	0	1	854
CY207738.1	879	1363	0	1	1	1363
CY207738.1	896	1101	5	0	5	896
CY207738.1	961	1692	1	0	1	961
CY207738.1	971	1310	1	0	1	971
CY207738.1	979	1318	1	0	1	979
CY207738.1	988	1352	0	1	1	1352
CY207738.1	995	2386	1	0	1	995
CY207738.1	997	2465	1	0	1	997
