Segment	Start	Stop	Forward_support	Reverse_support	Total_support	Fuzz_factor
CY207731.1	1002	1149	1	0	1	1002
CY207731.1	1005	1316	1	0	1	1005
CY207731.1	1033	1175	1	0	1	1033
CY207731.1	1051	1816	1	0	1	1051
CY207731.1	1062	1741	0	1	1	1741
CY207731.1	1096	1621	0	1	1	1621
CY207731.1	1112	1212	1	0	1	1112
CY207731.1	1123	1841	1	0	1	1123
CY207731.1	1138	1441	1	0	1	1138
CY207731.1	1142	1737	1	0	1	1142
CY207731.1	1146	1651	1	0	1	1146
CY207731.1	1153	1676	1	0	1	1153
CY207731.1	1154	1759	0	1	1	1759
CY207731.1	1181	1691	1	0	1	1181
CY207731.1	1182	1243	0	1	1	1243
CY207731.1	1184	1296	1	0	1	1184
CY207731.1	1187	1782	1	0	1	1187
CY207731.1	1203	1503	1	0	1	1203
CY207731.1	1213	1594	0	1	1	1594
CY207731.1	1231	1271	0	1	1	1271
CY207731.1	1302	1333	0	1	1	1333
CY207731.1	1306	1625	1	0	1	1306
CY207731.1	1397	1611	0	1	1	1611
CY207731.1	1430	1511	1	0	1	1430
CY207731.1	1445	1785	1	0	1	1445
CY207731.1	1497	1772	0	1	1	1772
CY207731.1	1512	1885	0	1	1	1885
CY207731.1	1537	1766	1	0	1	1537
CY207731.1	1540	1566	1	0	1	1540
CY207731.1	1554	1841	0	1	1	1841
CY207731.1	1705	1735	1	0	1	1705
CY207731.1	1761	1871	0	1	1	1871
CY207731.1	239	1070	1	0	1	239
CY207731.1	263	1514	1	0	1	263
CY207731.1	289	1132	1	0	1	289
CY207731.1	289	1139	1	0	1	289
CY207731.1	294	427	1	0	1	294
CY207731.1	294	773	1	0	1	294
CY207731.1	337	465	0	1	1	465
CY207731.1	345	1069	1	0	1	345
CY207731.1	346	931	0	1	1	931
CY207731.1	347	1422	1	0	1	347
CY207731.1	348	1764	0	1	1	1764
CY207731.1	351	1162	0	1	1	1162
CY207731.1	372	1282	0	1	1	1282
CY207731.1	372	395	1	0	1	372
CY207731.1	377	582	0	1	1	582
CY207731.1	380	1508	0	1	1	1508
CY207731.1	382	1568	1	0	1	382
CY207731.1	392	1596	0	5	5	1596
CY207731.1	392	1653	1	0	1	392
CY207731.1	394	1872	0	1	1	1872
CY207731.1	404	578	0	1	1	578
CY207731.1	413	1152	0	1	1	1152
CY207731.1	415	1714	0	1	1	1714
CY207731.1	435	1562	1	0	1	435
CY207731.1	437	728	0	1	1	728
CY207731.1	441	1751	1	0	1	441
CY207731.1	449	1375	0	1	1	1375
CY207731.1	450	979	1	0	1	450
CY207731.1	456	564	0	1	1	564
CY207731.1	457	1473	0	1	1	1473
CY207731.1	461	1205	1	0	1	461
CY207731.1	468	1365	0	1	1	1365
CY207731.1	472	1248	1	0	1	472
CY207731.1	472	1549	0	1	1	1549
CY207731.1	478	1024	1	0	1	478
CY207731.1	490	1044	0	1	1	1044
CY207731.1	495	1034	0	1	1	1034
CY207731.1	496	1474	0	1	1	1474
CY207731.1	509	1507	0	1	1	1507
CY207731.1	530	687	0	1	1	687
CY207731.1	547	1479	1	0	1	547
CY207731.1	555	1189	0	2	2	1189
CY207731.1	556	945	0	1	1	945
CY207731.1	558	627	0	1	1	627
CY207731.1	560	1426	1	0	1	560
CY207731.1	561	1371	1	0	1	561
CY207731.1	562	1396	1	1	2	562
CY207731.1	564	1533	1	1	2	564
CY207731.1	565	960	1	0	1	565
CY207731.1	568	1204	2	1	3	568
CY207731.1	568	1577	0	1	1	1577
CY207731.1	569	1047	1	1	2	569
CY207731.1	575	1732	0	1	1	1732
CY207731.1	580	1084	1	0	1	580
CY207731.1	581	1538	0	1	1	1538
CY207731.1	583	1692	1	0	1	583
CY207731.1	593	1192	1	0	1	593
CY207731.1	605	1622	1	0	1	605
CY207731.1	606	777	0	1	1	777
CY207731.1	612	1205	0	1	1	1205
CY207731.1	619	1212	0	1	1	1212
CY207731.1	632	1885	0	1	1	1885
CY207731.1	632	968	0	1	1	968
CY207731.1	633	1265	1	0	1	633
CY207731.1	637	1485	0	1	1	1485
CY207731.1	647	1175	1	0	1	647
CY207731.1	647	1530	0	1	1	1530
CY207731.1	656	1512	1	0	1	656
CY207731.1	656	938	0	1	1	938
CY207731.1	664	1144	0	1	1	1144
CY207731.1	665	1729	1	0	1	665
CY207731.1	670	1195	1	0	1	670
CY207731.1	670	1316	0	1	1	1316
CY207731.1	686	777	1	0	1	686
CY207731.1	691	1471	0	1	1	1471
CY207731.1	698	1090	1	0	1	698
CY207731.1	700	1758	1	0	1	700
CY207731.1	721	1498	0	1	1	1498
CY207731.1	721	1530	0	1	1	1530
CY207731.1	727	1461	0	1	1	1461
CY207731.1	734	1321	0	1	1	1321
CY207731.1	734	1663	1	0	1	734
CY207731.1	737	1304	0	1	1	1304
CY207731.1	741	1683	1	0	1	741
CY207731.1	746	948	0	1	1	948
CY207731.1	762	1231	0	1	1	1231
CY207731.1	776	1275	1	0	1	776
CY207731.1	788	1561	0	1	1	1561
CY207731.1	806	1804	0	1	1	1804
CY207731.1	806	898	0	1	1	898
CY207731.1	815	1713	0	1	1	1713
CY207731.1	816	1306	2	0	2	816
CY207731.1	816	1367	1	0	1	816
CY207731.1	819	993	1	0	1	819
CY207731.1	824	1418	0	1	1	1418
CY207731.1	837	1703	0	1	1	1703
CY207731.1	843	1710	0	1	1	1710
CY207731.1	845	985	1	0	1	845
CY207731.1	857	937	0	1	1	937
CY207731.1	870	1253	0	1	1	1253
CY207731.1	880	997	1	0	1	880
CY207731.1	893	1461	1	0	1	893
CY207731.1	905	995	0	1	1	995
CY207731.1	933	1218	1	0	1	933
CY207731.1	952	1493	1	0	1	952
CY207731.1	977	1890	0	1	1	1890
CY207731.1	983	1893	0	1	1	1893
CY207731.1	996	1607	1	0	1	996
CY207732.1	1071	1142	0	1	1	1142
CY207732.1	275	848	4	0	4	275
CY207732.1	284	709	1	0	1	284
CY207732.1	287	800	1	1	2	287
CY207732.1	305	959	1	0	1	305
CY207732.1	314	351	1	0	1	314
CY207732.1	322	864	1	0	1	322
CY207732.1	338	1138	0	1	1	1138
CY207732.1	344	885	1	0	1	344
CY207732.1	345	389	1	0	1	345
CY207732.1	350	756	1	0	1	350
CY207732.1	369	630	1	0	1	369
CY207732.1	369	943	0	1	1	943
CY207732.1	374	847	1	0	1	374
CY207732.1	389	669	0	1	1	669
CY207732.1	392	960	1	0	1	392
CY207732.1	394	954	0	1	1	954
CY207732.1	398	952	0	1	1	952
CY207732.1	401	1146	0	1	1	1146
CY207732.1	404	754	0	1	1	754
CY207732.1	406	736	0	1	1	736
CY207732.1	414	583	0	1	1	583
CY207732.1	419	788	1	0	1	419
CY207732.1	434	1176	0	1	1	1176
CY207732.1	434	804	1	0	1	434
CY207732.1	441	884	0	2	2	884
CY207732.1	445	863	1	0	1	445
CY207732.1	446	884	0	1	1	884
CY207732.1	452	1168	0	1	1	1168
CY207732.1	458	820	0	1	1	820
CY207732.1	458	825	0	1	1	825
CY207732.1	466	867	0	1	1	867
CY207732.1	467	570	0	1	1	570
CY207732.1	471	699	0	1	1	699
CY207732.1	474	1133	0	1	1	1133
CY207732.1	476	860	0	1	1	860
CY207732.1	478	553	0	1	1	553
CY207732.1	478	972	0	1	1	972
CY207732.1	485	911	1	0	1	485
CY207732.1	500	591	0	1	1	591
CY207732.1	500	606	1	0	1	500
CY207732.1	502	608	0	1	1	608
CY207732.1	508	883	1	0	1	508
CY207732.1	508	971	0	1	1	971
CY207732.1	509	865	0	1	1	865
CY207732.1	512	577	0	1	1	577
CY207732.1	523	1049	1	0	1	523
CY207732.1	537	1145	0	1	1	1145
CY207732.1	540	835	0	1	1	835
CY207732.1	543	791	1	0	1	543
CY207732.1	589	862	2	1	3	589
CY207732.1	593	1023	1	0	1	593
CY207732.1	608	848	0	1	1	848
CY207732.1	612	1015	1	0	1	612
CY207732.1	619	1100	1	0	1	619
CY207732.1	622	710	1	0	1	622
CY207732.1	624	785	1	0	1	624
CY207732.1	625	994	0	1	1	994
CY207732.1	628	1055	0	1	1	1055
CY207732.1	648	732	1	0	1	648
CY207732.1	677	1001	1	0	1	677
CY207732.1	679	815	0	2	2	815
CY207732.1	681	964	1	0	1	681
CY207732.1	685	839	0	1	1	839
CY207732.1	689	1024	1	0	1	689
CY207732.1	693	1043	1	0	1	693
CY207732.1	707	1043	1	0	1	707
CY207732.1	712	819	1	0	1	712
CY207732.1	713	936	1	0	1	713
CY207732.1	715	965	1	0	1	715
CY207732.1	718	860	1	2	3	718
CY207732.1	727	761	1	0	1	727
CY207732.1	753	1167	0	1	1	1167
CY207732.1	765	1080	0	1	1	1080
CY207732.1	788	858	1	0	1	788
CY207732.1	805	1043	1	0	1	805
CY207732.1	862	962	0	1	1	962
CY207732.1	870	1066	1	0	1	870
CY207732.1	880	958	1	0	1	880
CY207732.1	889	997	1	0	1	889
CY207732.1	895	982	1	0	1	895
CY207732.1	973	1036	0	1	1	1036
CY207732.1	991	1030	1	0	1	991
CY207733.1	1014	1252	0	1	1	1252
CY207733.1	1066	1421	1	0	1	1066
CY207733.1	1069	1494	0	1	1	1494
CY207733.1	1095	1421	1	0	1	1095
CY207733.1	1096	1171	0	1	1	1171
CY207733.1	1098	1274	1	0	1	1098
CY207733.1	1100	1299	1	0	1	1100
CY207733.1	1130	1299	0	1	1	1299
CY207733.1	1152	1268	0	1	1	1268
CY207733.1	1163	1570	0	1	1	1570
CY207733.1	1169	1332	1	0	1	1169
CY207733.1	1219	1315	1	0	1	1219
CY207733.1	1220	1526	1	0	1	1220
CY207733.1	1237	1398	0	1	1	1398
CY207733.1	1267	1299	0	1	1	1299
CY207733.1	1315	1436	0	2	2	1436
CY207733.1	1480	1571	0	1	1	1571
CY207733.1	237	1513	1	0	1	237
CY207733.1	269	1523	1	0	1	269
CY207733.1	282	1447	1	0	1	282
CY207733.1	296	1427	1	0	1	296
CY207733.1	313	496	0	1	1	496
CY207733.1	359	1401	0	1	1	1401
CY207733.1	365	1401	0	1	1	1401
CY207733.1	367	1141	0	1	1	1141
CY207733.1	374	723	0	1	1	723
CY207733.1	386	1316	1	0	1	386
CY207733.1	389	819	1	0	1	389
CY207733.1	400	1425	1	0	1	400
CY207733.1	402	1296	0	1	1	1296
CY207733.1	447	1434	0	1	1	1434
CY207733.1	452	1356	0	1	1	1356
CY207733.1	481	1138	1	0	1	481
CY207733.1	489	778	0	1	1	778
CY207733.1	517	796	1	0	1	517
CY207733.1	548	1301	0	1	1	1301
CY207733.1	578	976	0	1	1	976
CY207733.1	602	1431	1	0	1	602
CY207733.1	613	1053	0	1	1	1053
CY207733.1	702	1487	0	1	1	1487
CY207733.1	712	1263	1	0	1	712
CY207733.1	744	1182	0	1	1	1182
CY207733.1	799	939	1	0	1	799
CY207733.1	803	968	1	0	1	803
CY207733.1	853	1021	1	0	1	853
CY207733.1	853	1029	1	0	1	853
CY207733.1	866	1250	0	1	1	1250
CY207733.1	878	1141	0	1	1	1141
CY207733.1	894	995	0	1	1	995
CY207734.1	1012	1084	0	1	1	1084
CY207734.1	1044	1373	0	1	1	1373
CY207734.1	1049	1599	0	1	1	1599
CY207734.1	1103	1327	0	1	1	1327
CY207734.1	1125	1543	1	0	1	1125
CY207734.1	1188	1590	0	1	1	1590
CY207734.1	1220	1510	1	0	1	1220
CY207734.1	1242	1417	1	0	1	1242
CY207734.1	1250	1452	0	1	1	1452
CY207734.1	1309	1514	0	1	1	1514
CY207734.1	1404	1472	0	2	2	1472
CY207734.1	1421	1544	1	1	2	1421
CY207734.1	1435	1512	0	2	2	1512
CY207734.1	1441	1625	0	1	1	1625
CY207734.1	1446	1535	0	1	1	1535
CY207734.1	1464	1617	1	0	1	1464
CY207734.1	245	1521	1	0	1	245
CY207734.1	264	902	1	0	1	264
CY207734.1	268	1560	1	0	1	268
CY207734.1	269	1084	1	0	1	269
CY207734.1	272	900	1	0	1	272
CY207734.1	276	1320	1	0	1	276
CY207734.1	278	316	1	0	1	278
CY207734.1	279	1520	2	1	3	279
CY207734.1	280	1003	1	0	1	280
CY207734.1	282	817	1	0	1	282
CY207734.1	288	822	1	0	1	288
CY207734.1	290	797	1	0	1	290
CY207734.1	316	1264	0	1	1	1264
CY207734.1	333	1560	0	1	1	1560
CY207734.1	343	1062	1	0	1	343
CY207734.1	358	1227	1	0	1	358
CY207734.1	362	423	1	0	1	362
CY207734.1	369	1578	1	1	2	369
CY207734.1	388	474	1	1	2	388
CY207734.1	391	1042	0	1	1	1042
CY207734.1	393	1420	0	1	1	1420
CY207734.1	402	1696	0	1	1	1696
CY207734.1	412	1560	0	1	1	1560
CY207734.1	426	1472	0	1	1	1472
CY207734.1	435	974	0	1	1	974
CY207734.1	438	1379	1	0	1	438
CY207734.1	442	1492	0	1	1	1492
CY207734.1	456	1404	0	1	1	1404
CY207734.1	457	1094	0	1	1	1094
CY207734.1	461	1294	0	1	1	1294
CY207734.1	466	1540	0	1	1	1540
CY207734.1	468	798	1	0	1	468
CY207734.1	469	928	0	1	1	928
CY207734.1	472	1480	0	2	2	1480
CY207734.1	478	1560	0	1	1	1560
CY207734.1	482	504	0	1	1	504
CY207734.1	494	1495	1	0	1	494
CY207734.1	524	1411	0	1	1	1411
CY207734.1	529	878	1	0	1	529
CY207734.1	558	1275	1	0	1	558
CY207734.1	572	1395	0	1	1	1395
CY207734.1	599	1028	0	1	1	1028
CY207734.1	632	1192	1	0	1	632
CY207734.1	643	1697	1	1	2	643
CY207734.1	651	1093	1	0	1	651
CY207734.1	655	1263	0	1	1	1263
CY207734.1	657	1002	1	0	1	657
CY207734.1	657	1022	0	1	1	1022
CY207734.1	657	794	0	1	1	794
CY207734.1	686	1222	1	0	1	686
CY207734.1	720	1233	1	0	1	720
CY207734.1	725	986	1	0	1	725
CY207734.1	729	1622	0	1	1	1622
CY207734.1	773	913	0	1	1	913
CY207734.1	788	1095	1	0	1	788
CY207734.1	803	982	2	0	2	803
CY207734.1	814	1515	0	1	1	1515
CY207734.1	821	1035	0	1	1	1035
CY207734.1	832	1274	0	1	1	1274
CY207734.1	840	1590	1	0	1	840
CY207734.1	842	864	0	1	1	864
CY207734.1	863	1305	0	1	1	1305
CY207734.1	866	954	1	0	1	866
CY207734.1	873	1204	1	0	1	873
CY207734.1	877	913	0	1	1	913
CY207734.1	892	1225	1	0	1	892
CY207734.1	893	1080	0	1	1	1080
CY207734.1	898	958	1	0	1	898
CY207734.1	925	1468	1	0	1	925
CY207734.1	927	1506	1	0	1	927
CY207734.1	952	1693	0	1	1	1693
CY207734.1	955	1141	0	1	1	1141
CY207734.1	955	1230	1	0	1	955
CY207734.1	959	1587	0	1	1	1587
CY207734.1	961	1007	1	0	1	961
CY207734.1	962	1627	0	1	1	1627
CY207734.1	974	1624	0	1	1	1624
CY207735.1	283	443	1	0	1	283
CY207735.1	287	954	1	0	1	287
CY207735.1	321	348	0	1	1	348
CY207735.1	350	892	1	0	1	350
CY207735.1	384	816	0	1	1	816
CY207735.1	453	795	0	1	1	795
CY207735.1	462	705	0	2	2	705
CY207735.1	463	536	6	8	14	463
CY207735.1	499	729	3	0	3	499
CY207735.1	511	740	20	44	64	511
CY207735.1	519	746	0	2	2	746
CY207735.1	548	839	0	2	2	839
CY207735.1	555	622	0	1	1	622
CY207735.1	612	956	6	0	6	612
CY207735.1	615	839	0	1	1	839
CY207735.1	975	1008	0	1	1	1008
CY207736.1	1037	1798	1	0	1	1037
CY207736.1	1046	1979	1	2	3	1046
CY207736.1	1070	1760	1	0	1	1070
CY207736.1	1073	2355	0	1	1	2355
CY207736.1	1085	2266	0	1	1	2266
CY207736.1	1088	2370	0	1	1	2370
CY207736.1	1092	2294	0	1	1	2294
CY207736.1	1094	1649	1	0	1	1094
CY207736.1	1095	2005	0	1	1	2005
CY207736.1	1128	1325	1	0	1	1128
CY207736.1	1150	1644	0	1	1	1644
CY207736.1	1169	1441	0	1	1	1441
CY207736.1	1180	2108	1	0	1	1180
CY207736.1	1244	1713	1	0	1	1244
CY207736.1	1284	1412	0	1	1	1412
CY207736.1	1294	1697	1	0	1	1294
CY207736.1	1375	1995	0	1	1	1995
CY207736.1	1425	1493	1	0	1	1425
CY207736.1	1469	2173	0	1	1	2173
CY207736.1	1566	1995	0	3	3	1995
CY207736.1	1627	2317	0	1	1	2317
CY207736.1	1628	2014	1	0	1	1628
CY207736.1	1662	2198	0	1	1	2198
CY207736.1	1691	2072	0	2	2	2072
CY207736.1	1701	1991	0	1	1	1991
CY207736.1	1789	2006	0	1	1	2006
CY207736.1	1838	1971	1	1	2	1838
CY207736.1	1867	1928	1	0	1	1867
CY207736.1	1906	2078	0	1	1	2078
CY207736.1	1918	1978	0	1	1	1978
CY207736.1	1936	1998	1	1	2	1936
CY207736.1	1951	2006	2	0	2	1951
CY207736.1	2106	2289	0	1	1	2289
CY207736.1	2130	2172	1	1	2	2130
CY207736.1	2168	2270	0	1	1	2270
CY207736.1	2206	2238	1	0	1	2206
CY207736.1	2212	2266	0	1	1	2266
CY207736.1	2212	2284	0	1	1	2284
CY207736.1	2214	2237	0	1	1	2237
CY207736.1	2215	2283	0	1	1	2283
CY207736.1	2221	2350	1	2	3	2221
CY207736.1	235	1514	3	0	3	235
CY207736.1	236	1099	1	0	1	236
CY207736.1	255	291	2	0	2	255
CY207736.1	260	297	2	0	2	260
CY207736.1	272	311	3	0	3	272
CY207736.1	275	304	2	0	2	275
CY207736.1	280	335	1	0	1	280
CY207736.1	282	338	1	0	1	282
CY207736.1	283	2113	0	1	1	2113
CY207736.1	286	1972	1	0	1	286
CY207736.1	290	2215	1	0	1	290
CY207736.1	291	343	1	0	1	291
CY207736.1	303	334	16	6	22	303
CY207736.1	305	2238	8	2	10	305
CY207736.1	342	2156	0	2	2	2156
CY207736.1	351	2140	0	1	1	2140
CY207736.1	360	2157	0	1	1	2157
CY207736.1	360	2162	1	4	5	360
CY207736.1	360	2187	0	1	1	2187
CY207736.1	361	2172	0	1	1	2172
CY207736.1	362	416	0	2	2	416
CY207736.1	363	2133	1	6	7	363
CY207736.1	363	2148	1	0	1	363
CY207736.1	363	2245	0	1	1	2245
CY207736.1	367	2160	2	6	8	367
CY207736.1	367	437	0	1	1	437
CY207736.1	368	2134	0	1	1	2134
CY207736.1	386	2216	1	0	1	386
CY207736.1	395	2215	1	1	2	395
CY207736.1	396	785	1	0	1	396
CY207736.1	402	449	1	1	2	402
CY207736.1	403	2177	0	1	1	2177
CY207736.1	404	2134	0	3	3	2134
CY207736.1	406	2148	0	1	1	2148
CY207736.1	411	2141	1	2	3	411
CY207736.1	416	1972	1	0	1	416
CY207736.1	416	2131	0	2	2	2131
CY207736.1	427	2027	2	0	2	427
CY207736.1	432	2063	6	8	14	432
CY207736.1	438	2066	1	3	4	438
CY207736.1	440	1990	1	0	1	440
CY207736.1	450	2059	0	1	1	2059
CY207736.1	451	2012	81	63	144	451
CY207736.1	454	2062	1	4	5	454
CY207736.1	455	2245	0	2	2	2245
CY207736.1	462	2147	0	1	1	2147
CY207736.1	470	2040	0	1	1	2040
CY207736.1	478	2109	0	1	1	2109
CY207736.1	482	2016	0	1	1	2016
CY207736.1	482	2292	1	0	1	482
CY207736.1	483	1278	1	0	1	483
CY207736.1	483	1628	1	0	1	483
CY207736.1	483	2131	3	1	4	483
CY207736.1	485	2061	2	0	2	485
CY207736.1	487	2244	1	0	1	487
CY207736.1	490	1947	1	0	1	490
CY207736.1	490	2028	0	1	1	2028
CY207736.1	493	1762	0	1	1	1762
CY207736.1	495	2030	1	0	1	495
CY207736.1	495	2066	1	0	1	495
CY207736.1	499	2009	0	1	1	2009
CY207736.1	500	2038	1	0	1	500
CY207736.1	504	2000	0	1	1	2000
CY207736.1	504	2131	0	1	1	2131
CY207736.1	511	1937	1	0	1	511
CY207736.1	512	2029	0	1	1	2029
CY207736.1	512	2034	1	0	1	512
CY207736.1	546	2016	2	2	4	546
CY207736.1	546	2027	1	0	1	546
CY207736.1	555	1941	1	0	1	555
CY207736.1	556	1892	1	0	1	556
CY207736.1	563	1950	2	1	3	563
CY207736.1	582	1953	1	0	1	582
CY207736.1	586	1903	2	0	2	586
CY207736.1	586	2257	1	0	1	586
CY207736.1	596	2002	1	1	2	596
CY207736.1	597	2043	1	0	1	597
CY207736.1	601	885	1	0	1	601
CY207736.1	608	1864	1	0	1	608
CY207736.1	609	2043	1	0	1	609
CY207736.1	611	1950	0	1	1	1950
CY207736.1	616	1919	1	0	1	616
CY207736.1	678	1955	2	2	4	678
CY207736.1	680	1808	1	0	1	680
CY207736.1	681	1920	0	1	1	1920
CY207736.1	686	1952	1	0	1	686
CY207736.1	698	1884	0	1	1	1884
CY207736.1	699	1995	0	1	1	1995
CY207736.1	702	1912	0	1	1	1912
CY207736.1	707	1988	0	1	1	1988
CY207736.1	715	1312	0	1	1	1312
CY207736.1	722	1827	1	0	1	722
CY207736.1	723	1647	1	0	1	723
CY207736.1	723	1994	2	3	5	723
CY207736.1	728	2279	1	0	1	728
CY207736.1	744	1609	1	0	1	744
CY207736.1	746	1844	2	0	2	746
CY207736.1	767	1832	0	1	1	1832
CY207736.1	767	1952	1	0	1	767
CY207736.1	802	2139	0	1	1	2139
CY207736.1	811	1693	1	0	1	811
CY207736.1	814	1710	1	0	1	814
CY207736.1	826	1529	0	1	1	1529
CY207736.1	839	1368	0	1	1	1368
CY207736.1	892	1347	0	1	1	1347
CY207736.1	894	1701	1	0	1	894
CY207736.1	899	2013	0	1	1	2013
CY207736.1	916	1722	0	1	1	1722
CY207736.1	926	1079	2	0	2	926
CY207736.1	933	2254	0	1	1	2254
CY207736.1	951	1629	1	0	1	951
CY207736.1	958	1102	1	0	1	958
CY207736.1	968	1826	0	1	1	1826
CY207736.1	969	1869	1	0	1	969
CY207736.1	996	1351	1	0	1	996
CY207737.1	1027	2417	0	1	1	2417
CY207737.1	1058	1566	0	1	1	1566
CY207737.1	1073	2245	1	0	1	1073
CY207737.1	1092	2096	1	0	1	1092
CY207737.1	1131	1475	0	1	1	1475
CY207737.1	1160	1421	1	0	1	1160
CY207737.1	1208	1970	1	0	1	1208
CY207737.1	1253	2322	1	0	1	1253
CY207737.1	1270	1393	1	0	1	1270
CY207737.1	1284	1816	1	0	1	1284
CY207737.1	1306	2043	1	0	1	1306
CY207737.1	1322	2406	0	1	1	2406
CY207737.1	1346	1577	0	1	1	1577
CY207737.1	1355	2091	0	1	1	2091
CY207737.1	1361	2188	0	1	1	2188
CY207737.1	1413	1999	0	1	1	1999
CY207737.1	1448	2201	0	1	1	2201
CY207737.1	1593	2263	1	0	1	1593
CY207737.1	1599	2252	0	1	1	2252
CY207737.1	1622	1656	1	0	1	1622
CY207737.1	1650	1835	0	1	1	1835
CY207737.1	1681	1898	0	1	1	1898
CY207737.1	1690	1965	1	0	1	1690
CY207737.1	1758	1798	0	1	1	1798
CY207737.1	2162	2302	2	0	2	2162
CY207737.1	2204	2334	2	0	2	2204
CY207737.1	2259	2302	1	0	1	2259
CY207737.1	238	2322	2	0	2	238
CY207737.1	238	262	2	0	2	238
CY207737.1	239	343	1	0	1	239
CY207737.1	240	263	1	0	1	240
CY207737.1	240	271	2	0	2	240
CY207737.1	241	267	3	1	4	241
CY207737.1	2426	2454	0	1	1	2454
CY207737.1	246	2302	5	0	5	246
CY207737.1	247	291	3	0	3	247
CY207737.1	262	289	1	0	1	262
CY207737.1	270	2302	2	0	2	270
CY207737.1	288	2334	2	0	2	288
CY207737.1	288	2355	2	0	2	288
CY207737.1	336	2333	1	0	1	336
CY207737.1	337	2303	2	0	2	337
CY207737.1	357	2094	2	0	2	357
CY207737.1	363	2153	1	0	1	363
CY207737.1	370	2214	0	1	1	2214
CY207737.1	372	2303	2	0	2	372
CY207737.1	380	2242	1	0	1	380
CY207737.1	380	2260	1	0	1	380
CY207737.1	382	1344	1	0	1	382
CY207737.1	388	2339	1	0	1	388
CY207737.1	389	2250	1	0	1	389
CY207737.1	392	2225	0	2	2	2225
CY207737.1	392	2226	5	18	23	392
CY207737.1	398	2452	0	1	1	2452
CY207737.1	404	1131	0	2	2	1131
CY207737.1	416	2205	0	1	1	2205
CY207737.1	431	1315	1	0	1	431
CY207737.1	435	2359	2	0	2	435
CY207737.1	436	2238	0	1	1	2238
CY207737.1	439	2354	0	1	1	2354
CY207737.1	440	2360	2	1	3	440
CY207737.1	445	2165	1	1	2	445
CY207737.1	446	2207	0	1	1	2207
CY207737.1	446	2226	0	4	4	2226
CY207737.1	461	485	0	1	1	485
CY207737.1	462	2334	3	3	6	462
CY207737.1	477	2102	2	1	3	477
CY207737.1	489	2368	1	0	1	489
CY207737.1	492	2093	0	1	1	2093
CY207737.1	503	2112	1	0	1	503
CY207737.1	508	2126	0	1	1	2126
CY207737.1	523	2097	1	0	1	523
CY207737.1	546	582	2	0	2	546
CY207737.1	549	2096	1	0	1	549
CY207737.1	567	2415	1	0	1	567
CY207737.1	571	2093	1	0	1	571
CY207737.1	583	2181	1	0	1	583
CY207737.1	586	2048	1	0	1	586
CY207737.1	603	2094	1	0	1	603
CY207737.1	627	947	0	1	1	947
CY207737.1	636	1371	1	0	1	636
CY207737.1	703	2038	0	1	1	2038
CY207737.1	763	1997	1	0	1	763
CY207737.1	768	2094	0	1	1	2094
CY207737.1	805	1850	0	3	3	1850
CY207737.1	809	1882	1	0	1	809
CY207737.1	810	1828	0	1	1	1828
CY207737.1	817	2219	0	1	1	2219
CY207737.1	824	1766	0	1	1	1766
CY207737.1	879	2242	0	1	1	2242
CY207737.1	901	1738	1	0	1	901
CY207737.1	915	1759	1	0	1	915
CY207737.1	917	1672	0	1	1	1672
CY207737.1	923	1070	0	1	1	1070
CY207737.1	938	1541	0	1	1	1541
CY207737.1	946	1847	1	0	1	946
CY207738.1	1006	1091	0	1	1	1091
CY207738.1	1007	1450	1	0	1	1007
CY207738.1	1021	2061	0	1	1	2061
CY207738.1	1029	2325	1	0	1	1029
CY207738.1	1062	2238	0	1	1	2238
CY207738.1	1062	2248	2	3	5	1062
CY207738.1	1066	2132	1	0	1	1066
CY207738.1	1069	2256	0	1	1	2256
CY207738.1	1071	1577	0	1	1	1577
CY207738.1	1077	1805	0	1	1	1805
CY207738.1	1116	1702	1	0	1	1116
CY207738.1	1124	2330	1	1	2	1124
CY207738.1	1125	1580	1	0	1	1125
CY207738.1	1128	1469	1	0	1	1128
CY207738.1	1144	2304	0	1	1	2304
CY207738.1	1170	1654	0	1	1	1654
CY207738.1	1171	2150	0	1	1	2150
CY207738.1	1215	1529	0	1	1	1529
CY207738.1	1249	1595	1	0	1	1249
CY207738.1	1306	2154	0	1	1	2154
CY207738.1	1332	1369	1	0	1	1332
CY207738.1	1332	1664	1	0	1	1332
CY207738.1	1405	2144	1	0	1	1405
CY207738.1	1414	2107	0	1	1	2107
CY207738.1	1445	2325	1	0	1	1445
CY207738.1	1523	1795	0	1	1	1795
CY207738.1	1703	1884	1	0	1	1703
CY207738.1	1733	2275	0	1	1	2275
CY207738.1	1855	2466	0	1	1	2466
CY207738.1	2067	2164	1	0	1	2067
CY207738.1	2218	2391	0	1	1	2391
CY207738.1	2223	2329	1	0	1	2223
CY207738.1	2240	2278	0	1	1	2278
CY207738.1	2252	2297	1	0	1	2252
CY207738.1	2310	2371	1	2	3	2310
CY207738.1	2311	2334	0	2	2	2334
CY207738.1	2315	2339	1	0	1	2315
CY207738.1	2363	2462	0	1	1	2462
CY207738.1	277	499	1	0	1	277
CY207738.1	282	318	3	1	4	282
CY207738.1	282	388	1	0	1	282
CY207738.1	289	320	1	0	1	289
CY207738.1	319	1288	1	0	1	319
CY207738.1	323	1730	1	0	1	323
CY207738.1	332	1228	0	2	2	1228
CY207738.1	334	425	0	1	1	425
CY207738.1	339	1450	1	0	1	339
CY207738.1	361	1096	0	1	1	1096
CY207738.1	362	2195	0	1	1	2195
CY207738.1	364	2312	2	1	3	364
CY207738.1	368	2357	0	1	1	2357
CY207738.1	369	2241	1	0	1	369
CY207738.1	371	1259	0	1	1	1259
CY207738.1	373	2314	3	3	6	373
CY207738.1	379	2193	0	1	1	2193
CY207738.1	381	620	0	1	1	620
CY207738.1	382	1846	0	1	1	1846
CY207738.1	385	2356	1	1	2	385
CY207738.1	386	2295	1	3	4	386
CY207738.1	387	2313	0	1	1	2313
CY207738.1	388	494	0	1	1	494
CY207738.1	391	2026	0	1	1	2026
CY207738.1	396	1557	1	0	1	396
CY207738.1	398	2061	0	1	1	2061
CY207738.1	408	2379	0	1	1	2379
CY207738.1	408	2387	1	0	1	408
CY207738.1	416	1974	0	1	1	1974
CY207738.1	431	1733	0	1	1	1733
CY207738.1	434	2201	0	2	2	2201
CY207738.1	443	2301	1	1	2	443
CY207738.1	446	2057	1	0	1	446
CY207738.1	449	1941	0	1	1	1941
CY207738.1	453	2196	0	2	2	2196
CY207738.1	459	2167	0	2	2	2167
CY207738.1	467	1789	0	1	1	1789
CY207738.1	493	1194	0	1	1	1194
CY207738.1	514	1731	2	0	2	514
CY207738.1	519	1423	0	1	1	1423
CY207738.1	523	681	0	1	1	681
CY207738.1	524	2209	0	1	1	2209
CY207738.1	532	1691	0	1	1	1691
CY207738.1	536	2209	1	0	1	536
CY207738.1	538	2171	0	1	1	2171
CY207738.1	547	925	0	1	1	925
CY207738.1	553	2007	0	1	1	2007
CY207738.1	575	2144	0	1	1	2144
CY207738.1	605	1424	1	0	1	605
CY207738.1	612	1400	0	1	1	1400
CY207738.1	623	2270	0	1	1	2270
CY207738.1	626	1927	0	1	1	1927
CY207738.1	628	2102	0	1	1	2102
CY207738.1	642	1647	1	0	1	642
CY207738.1	643	1957	0	1	1	1957
CY207738.1	649	902	1	0	1	649
CY207738.1	661	1577	1	1	2	661
CY207738.1	697	1297	0	1	1	1297
CY207738.1	697	1991	1	0	1	697
CY207738.1	745	1406	1	0	1	745
CY207738.1	748	1239	1	0	1	748
CY207738.1	770	1892	0	1	1	1892
CY207738.1	797	2325	0	1	1	2325
CY207738.1	808	1840	1	0	1	808
CY207738.1	810	1847	0	2	2	1847
CY207738.1	811	1451	1	0	1	811
CY207738.1	811	1988	1	0	1	811
CY207738.1	830	1257	1	0	1	830
CY207738.1	836	1388	0	1	1	1388
CY207738.1	877	2184	0	2	2	2184
CY207738.1	883	1162	1	0	1	883
CY207738.1	896	1101	2	0	2	896
CY207738.1	896	2073	1	0	1	896
CY207738.1	906	2090	0	1	1	2090
CY207738.1	923	1580	1	1	2	923
CY207738.1	928	1628	1	0	1	928
CY207738.1	943	1713	1	0	1	943
CY207738.1	962	2171	0	1	1	2171
CY207738.1	972	2281	1	0	1	972
CY207738.1	974	1374	1	0	1	974
CY207738.1	980	2075	0	1	1	2075
CY207738.1	986	1832	0	1	1	1832
CY207738.1	990	1131	1	0	1	990
CY207738.1	993	1856	1	0	1	993
