Segment	Start	Stop	Forward_support	Reverse_support	Total_support	Fuzz_factor
CY207731.1	1002	1192	1	0	1	1002
CY207731.1	1032	1424	0	1	1	1424
CY207731.1	1045	1216	1	0	1	1045
CY207731.1	1049	1121	1	0	1	1049
CY207731.1	1065	1535	1	0	1	1065
CY207731.1	1076	1113	0	1	1	1113
CY207731.1	1079	1231	0	1	1	1231
CY207731.1	1084	1891	0	1	1	1891
CY207731.1	1097	1319	0	1	1	1319
CY207731.1	1107	1157	1	0	1	1107
CY207731.1	1109	1273	0	1	1	1273
CY207731.1	1173	1420	0	1	1	1420
CY207731.1	1174	1755	1	2	3	1174
CY207731.1	1181	1790	1	0	1	1181
CY207731.1	1185	1696	1	0	1	1185
CY207731.1	1185	1745	0	1	1	1745
CY207731.1	1187	1387	0	1	1	1387
CY207731.1	1189	1685	0	1	1	1685
CY207731.1	1194	1221	0	1	1	1221
CY207731.1	1200	1354	1	0	1	1200
CY207731.1	1208	1762	0	1	1	1762
CY207731.1	1210	1606	1	0	1	1210
CY207731.1	1214	1745	1	0	1	1214
CY207731.1	1226	1371	0	2	2	1371
CY207731.1	1234	1591	1	0	1	1234
CY207731.1	1235	1353	1	0	1	1235
CY207731.1	1237	1695	1	0	1	1237
CY207731.1	1242	1499	0	1	1	1499
CY207731.1	1264	1585	1	0	1	1264
CY207731.1	1264	1675	1	0	1	1264
CY207731.1	1317	1739	0	1	1	1739
CY207731.1	1326	1693	0	1	1	1693
CY207731.1	1336	1735	0	1	1	1735
CY207731.1	1368	1687	0	1	1	1687
CY207731.1	1376	1536	0	1	1	1536
CY207731.1	1383	1707	0	1	1	1707
CY207731.1	1387	1540	0	1	1	1540
CY207731.1	1419	1485	0	1	1	1485
CY207731.1	1423	1752	0	1	1	1752
CY207731.1	1446	1742	1	0	1	1446
CY207731.1	1452	1744	1	0	1	1452
CY207731.1	1465	1776	1	0	1	1465
CY207731.1	1474	1606	0	1	1	1606
CY207731.1	1511	1699	0	1	1	1699
CY207731.1	1538	1642	1	0	1	1538
CY207731.1	1573	1894	1	0	1	1573
CY207731.1	1580	1743	0	1	1	1743
CY207731.1	1582	1702	0	1	1	1702
CY207731.1	1605	1778	1	0	1	1605
CY207731.1	1662	1881	0	1	1	1881
CY207731.1	260	1710	4	0	4	260
CY207731.1	266	339	37	2	39	266
CY207731.1	267	423	1	0	1	267
CY207731.1	267	993	1	0	1	267
CY207731.1	274	1070	1	0	1	274
CY207731.1	287	1588	2	0	2	287
CY207731.1	289	1324	1	0	1	289
CY207731.1	290	1571	7	1	8	290
CY207731.1	292	1812	6	2	8	292
CY207731.1	292	918	1	0	1	292
CY207731.1	300	1719	2	1	3	300
CY207731.1	318	725	0	1	1	725
CY207731.1	321	1756	2	1	3	321
CY207731.1	331	910	1	0	1	331
CY207731.1	338	1092	0	1	1	1092
CY207731.1	353	410	0	1	1	410
CY207731.1	355	547	0	1	1	547
CY207731.1	368	1335	0	1	1	1335
CY207731.1	369	1610	0	1	1	1610
CY207731.1	371	1521	1	0	1	371
CY207731.1	371	1628	0	1	1	1628
CY207731.1	372	1370	0	1	1	1370
CY207731.1	372	1738	1	0	1	372
CY207731.1	372	1838	0	1	1	1838
CY207731.1	372	786	1	0	1	372
CY207731.1	373	398	0	1	1	398
CY207731.1	383	1785	3	10	13	383
CY207731.1	384	1803	0	1	1	1803
CY207731.1	385	1035	0	1	1	1035
CY207731.1	387	1511	7	9	16	387
CY207731.1	387	1660	4	13	17	387
CY207731.1	387	475	0	1	1	475
CY207731.1	391	1574	0	1	1	1574
CY207731.1	393	519	0	1	1	519
CY207731.1	394	1121	0	1	1	1121
CY207731.1	396	1733	0	1	1	1733
CY207731.1	397	1092	0	1	1	1092
CY207731.1	409	1758	32	19	51	409
CY207731.1	415	1639	1	0	1	415
CY207731.1	416	898	0	1	1	898
CY207731.1	421	1755	0	1	1	1755
CY207731.1	421	865	1	0	1	421
CY207731.1	423	1913	0	1	1	1913
CY207731.1	428	1445	0	1	1	1445
CY207731.1	436	1496	0	1	1	1496
CY207731.1	446	601	0	1	1	601
CY207731.1	455	1691	1	5	6	455
CY207731.1	474	1526	1	0	1	474
CY207731.1	479	1027	1	0	1	479
CY207731.1	479	1533	4	4	8	479
CY207731.1	494	999	3	5	8	494
CY207731.1	498	1016	1	0	1	498
CY207731.1	508	538	0	1	1	538
CY207731.1	508	621	0	1	1	621
CY207731.1	508	661	0	1	1	661
CY207731.1	514	1496	0	1	1	1496
CY207731.1	514	1710	1	0	1	514
CY207731.1	531	1687	1	0	1	531
CY207731.1	533	1818	1	0	1	533
CY207731.1	537	570	0	1	1	570
CY207731.1	538	1690	1	0	1	538
CY207731.1	539	635	1	0	1	539
CY207731.1	541	1457	0	1	1	1457
CY207731.1	541	1517	1	0	1	541
CY207731.1	548	1104	0	1	1	1104
CY207731.1	549	1368	0	1	1	1368
CY207731.1	561	1018	2	0	2	561
CY207731.1	564	592	0	1	1	592
CY207731.1	565	1641	2	2	4	565
CY207731.1	568	590	0	1	1	590
CY207731.1	591	1662	0	1	1	1662
CY207731.1	591	885	0	1	1	885
CY207731.1	602	1173	1	0	1	602
CY207731.1	602	1678	1	0	1	602
CY207731.1	606	919	0	1	1	919
CY207731.1	622	1079	1	0	1	622
CY207731.1	638	1443	1	1	2	638
CY207731.1	641	1180	1	0	1	641
CY207731.1	644	1515	0	1	1	1515
CY207731.1	656	1547	0	1	1	1547
CY207731.1	674	1434	0	1	1	1434
CY207731.1	681	807	1	0	1	681
CY207731.1	685	902	1	0	1	685
CY207731.1	689	1105	0	1	1	1105
CY207731.1	700	1695	1	0	1	700
CY207731.1	701	1264	0	1	1	1264
CY207731.1	703	892	1	0	1	703
CY207731.1	728	990	1	0	1	728
CY207731.1	731	1015	0	1	1	1015
CY207731.1	732	1802	1	0	1	732
CY207731.1	737	1109	1	0	1	737
CY207731.1	766	1436	1	0	1	766
CY207731.1	773	1877	0	1	1	1877
CY207731.1	781	1430	0	1	1	1430
CY207731.1	782	1528	1	0	1	782
CY207731.1	804	1360	0	1	1	1360
CY207731.1	818	1676	1	0	1	818
CY207731.1	820	1672	0	1	1	1672
CY207731.1	843	1876	0	1	1	1876
CY207731.1	844	1882	0	1	1	1882
CY207731.1	852	896	0	1	1	896
CY207731.1	857	1040	0	1	1	1040
CY207731.1	874	1389	0	1	1	1389
CY207731.1	874	919	1	0	1	874
CY207731.1	921	1700	1	0	1	921
CY207731.1	976	1795	0	1	1	1795
CY207731.1	978	1445	0	1	1	1445
CY207731.1	989	1757	1	0	1	989
CY207731.1	993	1838	0	1	1	1838
CY207731.1	996	1293	0	1	1	1293
CY207732.1	1028	1118	1	0	1	1028
CY207732.1	1131	1155	0	4	4	1155
CY207732.1	242	948	1	0	1	242
CY207732.1	268	1092	4	0	4	268
CY207732.1	268	550	1	0	1	268
CY207732.1	268	684	1	0	1	268
CY207732.1	271	595	1	0	1	271
CY207732.1	271	825	1	0	1	271
CY207732.1	275	848	7	1	8	275
CY207732.1	276	642	1	0	1	276
CY207732.1	282	981	1	0	1	282
CY207732.1	284	435	1	0	1	284
CY207732.1	293	552	1	0	1	293
CY207732.1	306	340	0	1	1	340
CY207732.1	311	716	2	0	2	311
CY207732.1	326	731	1	0	1	326
CY207732.1	327	714	0	1	1	714
CY207732.1	332	477	0	1	1	477
CY207732.1	332	483	1	0	1	332
CY207732.1	336	634	1	0	1	336
CY207732.1	336	680	0	1	1	680
CY207732.1	336	704	1	0	1	336
CY207732.1	343	746	0	1	1	746
CY207732.1	343	794	0	1	1	794
CY207732.1	350	1016	0	1	1	1016
CY207732.1	350	622	0	1	1	622
CY207732.1	355	500	0	1	1	500
CY207732.1	355	854	1	0	1	355
CY207732.1	355	939	0	1	1	939
CY207732.1	356	1149	0	1	1	1149
CY207732.1	356	920	1	0	1	356
CY207732.1	366	1138	0	1	1	1138
CY207732.1	368	1025	0	1	1	1025
CY207732.1	369	461	1	0	1	369
CY207732.1	372	820	1	0	1	372
CY207732.1	374	556	0	1	1	556
CY207732.1	374	968	0	1	1	968
CY207732.1	380	458	0	1	1	458
CY207732.1	381	462	1	0	1	381
CY207732.1	384	555	0	1	1	555
CY207732.1	385	468	1	0	1	385
CY207732.1	387	562	1	0	1	387
CY207732.1	389	1142	0	1	1	1142
CY207732.1	390	794	1	0	1	390
CY207732.1	392	1015	1	0	1	392
CY207732.1	392	640	0	1	1	640
CY207732.1	394	823	1	0	1	394
CY207732.1	394	931	1	0	1	394
CY207732.1	394	954	1	0	1	394
CY207732.1	394	984	0	1	1	984
CY207732.1	394	987	0	1	1	987
CY207732.1	395	606	0	1	1	606
CY207732.1	396	1164	0	1	1	1164
CY207732.1	397	533	0	1	1	533
CY207732.1	401	854	0	1	1	854
CY207732.1	402	742	0	1	1	742
CY207732.1	403	553	0	1	1	553
CY207732.1	406	594	0	1	1	594
CY207732.1	411	481	1	1	2	411
CY207732.1	418	691	0	1	1	691
CY207732.1	419	1001	0	1	1	1001
CY207732.1	426	721	1	0	1	426
CY207732.1	427	983	1	1	2	427
CY207732.1	435	859	0	1	1	859
CY207732.1	438	552	0	1	1	552
CY207732.1	442	679	0	1	1	679
CY207732.1	442	734	1	0	1	442
CY207732.1	442	739	1	0	1	442
CY207732.1	443	583	0	1	1	583
CY207732.1	445	815	1	0	1	445
CY207732.1	451	511	0	1	1	511
CY207732.1	454	731	0	1	1	731
CY207732.1	455	707	0	1	1	707
CY207732.1	458	534	0	1	1	534
CY207732.1	462	803	1	0	1	462
CY207732.1	477	723	0	1	1	723
CY207732.1	480	946	1	0	1	480
CY207732.1	483	545	0	1	1	545
CY207732.1	485	964	1	0	1	485
CY207732.1	499	812	0	1	1	812
CY207732.1	500	807	0	1	1	807
CY207732.1	501	985	0	1	1	985
CY207732.1	509	621	0	1	1	621
CY207732.1	511	920	1	0	1	511
CY207732.1	512	932	0	1	1	932
CY207732.1	516	930	0	1	1	930
CY207732.1	528	1058	1	0	1	528
CY207732.1	535	957	0	1	1	957
CY207732.1	543	725	1	0	1	543
CY207732.1	551	812	0	1	1	812
CY207732.1	554	1021	1	0	1	554
CY207732.1	559	986	0	1	1	986
CY207732.1	566	622	1	0	1	566
CY207732.1	573	1133	0	1	1	1133
CY207732.1	573	934	1	0	1	573
CY207732.1	589	1090	1	0	1	589
CY207732.1	589	862	1	3	4	589
CY207732.1	589	961	2	1	3	589
CY207732.1	595	1036	0	1	1	1036
CY207732.1	595	1045	0	1	1	1045
CY207732.1	603	770	0	1	1	770
CY207732.1	605	1064	0	1	1	1064
CY207732.1	605	726	1	0	1	605
CY207732.1	606	763	1	0	1	606
CY207732.1	608	775	0	1	1	775
CY207732.1	621	933	1	0	1	621
CY207732.1	622	710	0	1	1	710
CY207732.1	622	856	1	0	1	622
CY207732.1	623	818	1	0	1	623
CY207732.1	624	1091	2	0	2	624
CY207732.1	625	769	0	1	1	769
CY207732.1	628	965	0	1	1	965
CY207732.1	631	677	1	0	1	631
CY207732.1	648	772	0	1	1	772
CY207732.1	654	1047	1	0	1	654
CY207732.1	656	767	0	1	1	767
CY207732.1	661	840	0	1	1	840
CY207732.1	669	888	1	0	1	669
CY207732.1	672	727	0	1	1	727
CY207732.1	672	747	1	0	1	672
CY207732.1	679	709	0	1	1	709
CY207732.1	679	815	0	1	1	815
CY207732.1	679	850	0	2	2	850
CY207732.1	681	856	3	1	4	681
CY207732.1	681	964	3	1	4	681
CY207732.1	690	974	4	0	4	690
CY207732.1	691	1086	1	0	1	691
CY207732.1	698	873	1	0	1	698
CY207732.1	709	1131	0	1	1	1131
CY207732.1	710	1137	0	1	1	1137
CY207732.1	712	819	1	2	3	712
CY207732.1	715	965	3	4	7	715
CY207732.1	718	860	4	11	15	718
CY207732.1	719	949	1	0	1	719
CY207732.1	728	768	0	1	1	768
CY207732.1	732	842	0	1	1	842
CY207732.1	736	1068	0	1	1	1068
CY207732.1	744	902	0	1	1	902
CY207732.1	747	1082	0	1	1	1082
CY207732.1	748	1127	0	1	1	1127
CY207732.1	756	1135	0	1	1	1135
CY207732.1	758	826	0	1	1	826
CY207732.1	759	859	1	0	1	759
CY207732.1	765	1059	0	1	1	1059
CY207732.1	768	850	0	2	2	850
CY207732.1	773	1018	1	0	1	773
CY207732.1	790	833	0	2	2	833
CY207732.1	796	827	0	1	1	827
CY207732.1	798	1059	1	0	1	798
CY207732.1	799	1017	1	0	1	799
CY207732.1	804	984	0	1	1	984
CY207732.1	807	868	1	0	1	807
CY207732.1	809	978	1	0	1	809
CY207732.1	814	912	0	1	1	912
CY207732.1	815	1157	0	1	1	1157
CY207732.1	817	866	3	1	4	817
CY207732.1	818	863	1	0	1	818
CY207732.1	842	1017	1	0	1	842
CY207732.1	846	896	1	0	1	846
CY207732.1	850	1105	1	0	1	850
CY207732.1	876	923	1	0	1	876
CY207732.1	876	937	0	1	1	937
CY207732.1	884	1102	0	1	1	1102
CY207732.1	896	1166	0	1	1	1166
CY207732.1	914	1058	1	0	1	914
CY207732.1	928	1158	0	1	1	1158
CY207732.1	955	1159	0	1	1	1159
CY207732.1	958	1066	0	1	1	1066
CY207732.1	966	1043	1	0	1	966
CY207732.1	975	1043	1	0	1	975
CY207733.1	1029	1485	0	1	1	1485
CY207733.1	1036	1511	1	0	1	1036
CY207733.1	1069	1524	1	0	1	1069
CY207733.1	1266	1360	1	0	1	1266
CY207733.1	1300	1498	2	0	2	1300
CY207733.1	1332	1429	7	1	8	1332
CY207733.1	1433	1572	0	3	3	1572
CY207733.1	1523	1546	3	1	4	1523
CY207733.1	1531	1605	0	1	1	1605
CY207733.1	235	1413	1	0	1	235
CY207733.1	237	1415	1	0	1	237
CY207733.1	237	1424	1	0	1	237
CY207733.1	247	1433	87	0	87	247
CY207733.1	254	1444	1	1	2	254
CY207733.1	269	1480	297	0	297	269
CY207733.1	269	1488	27	0	27	269
CY207733.1	270	1391	3	0	3	270
CY207733.1	272	1483	1	0	1	272
CY207733.1	272	297	4	1	5	272
CY207733.1	272	701	1	0	1	272
CY207733.1	273	1394	53	2	55	273
CY207733.1	279	1048	1	0	1	279
CY207733.1	279	740	1	0	1	279
CY207733.1	281	1478	66	0	66	281
CY207733.1	297	1483	0	1	1	1483
CY207733.1	308	1444	7	9	16	308
CY207733.1	320	1169	0	1	1	1169
CY207733.1	321	1444	1	2	3	321
CY207733.1	346	520	0	1	1	520
CY207733.1	348	1184	0	1	1	1184
CY207733.1	355	1480	1	1	2	355
CY207733.1	360	1445	2	2	4	360
CY207733.1	370	1461	3	3	6	370
CY207733.1	376	1371	1	5	6	376
CY207733.1	380	1358	0	4	4	1358
CY207733.1	380	1451	7	5	12	380
CY207733.1	431	601	1	0	1	431
CY207733.1	439	797	0	1	1	797
CY207733.1	442	1195	0	1	1	1195
CY207733.1	460	1293	2	3	5	460
CY207733.1	465	1140	0	1	1	1140
CY207733.1	479	505	0	1	1	505
CY207733.1	491	554	1	0	1	491
CY207733.1	546	1374	1	0	1	546
CY207733.1	565	767	0	1	1	767
CY207733.1	578	1081	1	1	2	578
CY207733.1	588	679	1	0	1	588
CY207733.1	596	1125	1	0	1	596
CY207733.1	605	807	1	0	1	605
CY207733.1	634	1442	0	1	1	1442
CY207733.1	635	679	0	2	2	679
CY207733.1	666	1014	0	3	3	1014
CY207733.1	697	1198	1	0	1	697
CY207733.1	701	1592	0	1	1	1592
CY207733.1	726	1135	0	1	1	1135
CY207733.1	732	1513	1	0	1	732
CY207733.1	751	800	0	1	1	800
CY207733.1	788	1485	0	1	1	1485
CY207733.1	837	1332	0	1	1	1332
CY207733.1	842	877	0	1	1	877
CY207733.1	893	1050	0	1	1	1050
CY207733.1	915	1432	0	1	1	1432
CY207733.1	925	1447	1	0	1	925
CY207733.1	954	1171	3	1	4	954
CY207733.1	955	1022	0	1	1	1022
CY207733.1	992	1499	0	1	1	1499
CY207734.1	1012	1084	3	4	7	1012
CY207734.1	1026	1068	1	0	1	1026
CY207734.1	1030	1560	1	0	1	1030
CY207734.1	1043	1232	1	0	1	1043
CY207734.1	1044	1141	1	0	1	1044
CY207734.1	1100	1208	1	0	1	1100
CY207734.1	1124	1179	0	1	1	1179
CY207734.1	1134	1579	0	1	1	1579
CY207734.1	1137	1228	2	0	2	1137
CY207734.1	1149	1538	1	0	1	1149
CY207734.1	1156	1452	0	1	1	1452
CY207734.1	1156	1582	0	1	1	1582
CY207734.1	1179	1473	0	1	1	1473
CY207734.1	1203	1569	1	0	1	1203
CY207734.1	1219	1512	1	1	2	1219
CY207734.1	1247	1492	1	0	1	1247
CY207734.1	1314	1589	1	0	1	1314
CY207734.1	1354	1399	0	1	1	1399
CY207734.1	1363	1492	0	1	1	1492
CY207734.1	1377	1404	1	0	1	1377
CY207734.1	1388	1600	0	1	1	1600
CY207734.1	1404	1696	0	1	1	1696
CY207734.1	1442	1566	0	1	1	1566
CY207734.1	1459	1672	0	1	1	1672
CY207734.1	1492	1528	1	0	1	1492
CY207734.1	1508	1671	0	1	1	1671
CY207734.1	1545	1627	0	1	1	1627
CY207734.1	1573	1635	0	1	1	1635
CY207734.1	1589	1695	0	2	2	1695
CY207734.1	1640	1697	0	1	1	1697
CY207734.1	243	979	1	0	1	243
CY207734.1	254	1153	1	0	1	254
CY207734.1	256	836	1	0	1	256
CY207734.1	258	1066	1	0	1	258
CY207734.1	275	1352	1	0	1	275
CY207734.1	276	477	1	0	1	276
CY207734.1	277	1439	1	0	1	277
CY207734.1	277	1576	1	0	1	277
CY207734.1	280	1246	1	0	1	280
CY207734.1	290	1656	1	0	1	290
CY207734.1	304	991	0	1	1	991
CY207734.1	311	335	0	2	2	335
CY207734.1	318	913	1	0	1	318
CY207734.1	320	1512	1	0	1	320
CY207734.1	331	1506	1	4	5	331
CY207734.1	331	1580	0	1	1	1580
CY207734.1	335	359	0	1	1	359
CY207734.1	340	1103	0	1	1	1103
CY207734.1	345	730	0	1	1	730
CY207734.1	353	900	0	1	1	900
CY207734.1	354	946	0	1	1	946
CY207734.1	355	1394	1	0	1	355
CY207734.1	361	1413	0	1	1	1413
CY207734.1	369	1305	0	1	1	1305
CY207734.1	385	1487	1	0	1	385
CY207734.1	393	1339	0	1	1	1339
CY207734.1	394	1501	1	14	15	394
CY207734.1	395	807	1	0	1	395
CY207734.1	400	1640	0	1	1	1640
CY207734.1	402	1619	1	0	1	402
CY207734.1	405	1617	0	1	1	1617
CY207734.1	407	916	0	1	1	916
CY207734.1	414	1030	1	0	1	414
CY207734.1	422	1236	1	0	1	422
CY207734.1	424	1504	1	2	3	424
CY207734.1	425	1492	3	11	14	425
CY207734.1	432	758	0	1	1	758
CY207734.1	437	1429	0	9	9	1429
CY207734.1	439	1355	0	1	1	1355
CY207734.1	441	1099	0	1	1	1099
CY207734.1	444	1042	1	0	1	444
CY207734.1	450	648	0	1	1	648
CY207734.1	457	491	0	2	2	491
CY207734.1	458	1529	1	3	4	458
CY207734.1	465	699	0	1	1	699
CY207734.1	468	838	0	1	1	838
CY207734.1	478	1077	0	1	1	1077
CY207734.1	479	555	0	1	1	555
CY207734.1	492	579	0	1	1	579
CY207734.1	497	1118	0	1	1	1118
CY207734.1	502	1385	0	1	1	1385
CY207734.1	504	1037	1	0	1	504
CY207734.1	507	994	0	1	1	994
CY207734.1	518	948	1	0	1	518
CY207734.1	520	1598	0	1	1	1598
CY207734.1	520	1631	1	0	1	520
CY207734.1	521	1049	0	1	1	1049
CY207734.1	521	679	0	1	1	679
CY207734.1	522	769	1	0	1	522
CY207734.1	528	1337	0	1	1	1337
CY207734.1	540	823	1	0	1	540
CY207734.1	541	1014	1	0	1	541
CY207734.1	546	874	1	0	1	546
CY207734.1	555	591	0	1	1	591
CY207734.1	568	1460	0	1	1	1460
CY207734.1	568	1573	1	0	1	568
CY207734.1	569	684	1	0	1	569
CY207734.1	570	843	0	1	1	843
CY207734.1	575	1200	1	0	1	575
CY207734.1	591	996	0	1	1	996
CY207734.1	595	934	1	0	1	595
CY207734.1	600	636	1	0	1	600
CY207734.1	603	670	0	1	1	670
CY207734.1	612	1030	1	0	1	612
CY207734.1	616	776	1	0	1	616
CY207734.1	619	1003	0	1	1	1003
CY207734.1	643	1159	0	1	1	1159
CY207734.1	647	1622	0	1	1	1622
CY207734.1	648	716	0	1	1	716
CY207734.1	655	889	1	0	1	655
CY207734.1	658	1210	1	0	1	658
CY207734.1	660	1058	1	0	1	660
CY207734.1	660	689	1	0	1	660
CY207734.1	678	1192	0	1	1	1192
CY207734.1	681	1522	1	0	1	681
CY207734.1	684	1160	1	1	2	684
CY207734.1	684	1180	1	0	1	684
CY207734.1	685	1006	1	0	1	685
CY207734.1	685	935	1	0	1	685
CY207734.1	718	1208	0	1	1	1208
CY207734.1	724	1226	1	0	1	724
CY207734.1	725	1600	0	1	1	1600
CY207734.1	746	1123	1	0	1	746
CY207734.1	761	1049	1	0	1	761
CY207734.1	804	1562	0	1	1	1562
CY207734.1	807	981	0	1	1	981
CY207734.1	809	1147	1	0	1	809
CY207734.1	817	982	1	0	1	817
CY207734.1	820	1385	2	1	3	820
CY207734.1	830	1032	0	1	1	1032
CY207734.1	830	1253	1	0	1	830
CY207734.1	852	1583	1	0	1	852
CY207734.1	863	1563	0	1	1	1563
CY207734.1	870	1194	0	1	1	1194
CY207734.1	874	1046	1	0	1	874
CY207734.1	884	1492	0	1	1	1492
CY207734.1	898	1085	0	1	1	1085
CY207734.1	906	1225	1	0	1	906
CY207734.1	909	1330	1	0	1	909
CY207734.1	912	1495	0	1	1	1495
CY207734.1	923	1564	1	0	1	923
CY207734.1	925	983	1	0	1	925
CY207734.1	940	1140	2	1	3	940
CY207734.1	942	1093	0	1	1	1093
CY207734.1	960	1584	0	1	1	1584
CY207734.1	974	1407	0	1	1	1407
CY207734.1	978	1368	0	1	1	1368
CY207734.1	979	1557	1	0	1	979
CY207734.1	983	1479	1	0	1	983
CY207734.1	991	1291	0	1	1	1291
CY207734.1	995	1511	0	1	1	1511
CY207735.1	1002	1033	0	2	2	1033
CY207735.1	252	738	1	0	1	252
CY207735.1	261	759	1	0	1	261
CY207735.1	273	901	2	0	2	273
CY207735.1	285	957	10	0	10	285
CY207735.1	287	864	6	0	6	287
CY207735.1	290	955	2	0	2	290
CY207735.1	317	996	0	1	1	996
CY207735.1	339	768	0	4	4	768
CY207735.1	340	1017	0	5	5	1017
CY207735.1	341	826	1	5	6	341
CY207735.1	342	576	0	4	4	576
CY207735.1	350	971	0	1	1	971
CY207735.1	377	513	0	1	1	513
CY207735.1	384	505	0	7	7	505
CY207735.1	427	840	2	5	7	427
CY207735.1	428	897	0	4	4	897
CY207735.1	429	684	1	8	9	429
CY207735.1	443	930	4	76	80	443
CY207735.1	449	588	1	2	3	449
CY207735.1	456	662	0	1	1	662
CY207735.1	499	729	4	0	4	499
CY207735.1	505	627	1	0	1	505
CY207735.1	511	740	36	54	90	511
CY207735.1	519	746	4	15	19	519
CY207735.1	523	552	2	1	3	523
CY207735.1	523	612	1	2	3	523
CY207735.1	533	594	1	1	2	533
CY207735.1	557	709	0	1	1	709
CY207735.1	578	755	0	1	1	755
CY207735.1	587	799	0	1	1	799
CY207735.1	733	993	2	1	3	733
CY207735.1	759	904	0	1	1	904
CY207735.1	787	845	1	0	1	787
CY207735.1	808	842	1	1	2	808
CY207735.1	839	934	4	1	5	839
CY207735.1	841	1006	2	5	7	841
CY207735.1	863	887	1	0	1	863
CY207735.1	901	972	2	0	2	901
CY207735.1	968	1032	0	4	4	1032
CY207735.1	970	1023	0	6	6	1023
CY207736.1	1042	1153	1	0	1	1042
CY207736.1	1054	1877	0	1	1	1877
CY207736.1	1059	1145	0	3	3	1145
CY207736.1	1060	2314	0	2	2	2314
CY207736.1	1071	1978	1	3	4	1071
CY207736.1	1092	2294	1	4	5	1092
CY207736.1	1095	2005	3	8	11	1095
CY207736.1	1100	2013	1	0	1	1100
CY207736.1	1109	2020	0	3	3	2020
CY207736.1	1121	2370	0	1	1	2370
CY207736.1	1141	2002	1	0	1	1141
CY207736.1	1169	1272	1	0	1	1169
CY207736.1	1181	2164	1	0	1	1181
CY207736.1	1208	2189	2	1	3	1208
CY207736.1	1258	1647	1	3	4	1258
CY207736.1	1261	2216	0	1	1	2216
CY207736.1	1340	2232	1	0	1	1340
CY207736.1	1341	1902	1	0	1	1341
CY207736.1	1343	2227	0	1	1	2227
CY207736.1	1354	1413	0	1	1	1413
CY207736.1	1357	1794	1	0	1	1357
CY207736.1	1371	1600	0	1	1	1600
CY207736.1	1506	1596	1	0	1	1506
CY207736.1	1535	1935	1	0	1	1535
CY207736.1	1551	1680	1	0	1	1551
CY207736.1	1585	1622	4	1	5	1585
CY207736.1	1603	2286	1	2	3	1603
CY207736.1	1607	2241	0	1	1	2241
CY207736.1	1609	2283	0	1	1	2283
CY207736.1	1622	2353	0	1	1	2353
CY207736.1	1651	2137	1	0	1	1651
CY207736.1	1653	2056	1	0	1	1653
CY207736.1	1671	2352	0	1	1	2352
CY207736.1	1743	2190	0	1	1	2190
CY207736.1	1772	2257	1	0	1	1772
CY207736.1	1786	1816	0	1	1	1816
CY207736.1	1792	2271	0	1	1	2271
CY207736.1	1821	2220	1	0	1	1821
CY207736.1	1830	1865	1	0	1	1830
CY207736.1	1831	2080	1	0	1	1831
CY207736.1	1858	2152	0	1	1	2152
CY207736.1	1909	1964	2	0	2	1909
CY207736.1	1953	2341	0	1	1	2341
CY207736.1	1956	2088	0	4	4	2088
CY207736.1	1975	2365	0	1	1	2365
CY207736.1	1978	2222	0	1	1	2222
CY207736.1	1990	2090	0	2	2	2090
CY207736.1	2004	2027	5	7	12	2004
CY207736.1	2008	2058	0	2	2	2058
CY207736.1	2026	2167	1	1	2	2026
CY207736.1	2037	2061	2	3	5	2037
CY207736.1	2062	2120	15	7	22	2062
CY207736.1	2078	2146	9	3	12	2078
CY207736.1	2084	2292	1	0	1	2084
CY207736.1	2086	2123	0	1	1	2123
CY207736.1	2087	2171	8	18	26	2087
CY207736.1	2088	2310	2	0	2	2088
CY207736.1	2099	2154	4	5	9	2099
CY207736.1	2103	2147	0	9	9	2147
CY207736.1	2108	2190	0	1	1	2190
CY207736.1	2115	2139	1	0	1	2115
CY207736.1	2121	2145	6	1	7	2121
CY207736.1	2121	2187	3	1	4	2121
CY207736.1	2124	2167	1	4	5	2124
CY207736.1	2126	2164	1	0	1	2126
CY207736.1	2128	2152	3	1	4	2128
CY207736.1	2129	2169	0	2	2	2169
CY207736.1	2130	2186	3	0	3	2130
CY207736.1	2131	2171	1	2	3	2131
CY207736.1	2132	2170	1	2	3	2132
CY207736.1	2132	2174	2	2	4	2132
CY207736.1	2132	2182	3	3	6	2132
CY207736.1	2132	2188	1	0	1	2132
CY207736.1	2133	2164	0	3	3	2164
CY207736.1	2134	2190	3	0	3	2134
CY207736.1	2140	2163	116	149	265	2140
CY207736.1	2140	2177	3	2	5	2140
CY207736.1	2140	2213	3	1	4	2140
CY207736.1	2141	2175	3	1	4	2141
CY207736.1	2148	2183	8	11	19	2148
CY207736.1	2152	2253	1	0	1	2152
CY207736.1	2167	2265	0	16	16	2265
CY207736.1	2171	2283	1	1	2	2171
CY207736.1	2180	2215	3	1	4	2180
CY207736.1	2184	2280	0	1	1	2280
CY207736.1	2186	2272	0	3	3	2272
CY207736.1	2206	2279	0	2	2	2279
CY207736.1	2208	2270	0	2	2	2270
CY207736.1	2210	2281	0	1	1	2281
CY207736.1	2214	2241	4	7	11	2214
CY207736.1	2214	2267	0	1	1	2267
CY207736.1	2215	2265	0	4	4	2265
CY207736.1	2221	2256	8	1	9	2221
CY207736.1	2225	2258	4	0	4	2225
CY207736.1	2233	2278	0	1	1	2278
CY207736.1	2237	2266	0	1	1	2266
CY207736.1	2245	2271	1	1	2	2245
CY207736.1	2245	2283	1	0	1	2245
CY207736.1	2255	2354	0	1	1	2354
CY207736.1	2283	2311	0	1	1	2311
CY207736.1	239	2198	1	0	1	239
CY207736.1	250	2162	1	0	1	250
CY207736.1	254	2050	12	1	13	254
CY207736.1	254	329	20	5	25	254
CY207736.1	255	2181	1	0	1	255
CY207736.1	257	306	1	0	1	257
CY207736.1	261	2227	1	0	1	261
CY207736.1	261	409	1	0	1	261
CY207736.1	264	912	1	0	1	264
CY207736.1	265	323	1	0	1	265
CY207736.1	266	2253	1	0	1	266
CY207736.1	266	390	1	0	1	266
CY207736.1	270	2247	6	0	6	270
CY207736.1	271	2174	1	0	1	271
CY207736.1	271	2211	4	1	5	271
CY207736.1	272	330	1	0	1	272
CY207736.1	273	2190	0	1	1	2190
CY207736.1	275	2192	77	52	129	275
CY207736.1	277	315	1	0	1	277
CY207736.1	278	2037	1	0	1	278
CY207736.1	279	336	66	13	79	279
CY207736.1	280	2201	1	0	1	280
CY207736.1	281	2148	1	1	2	281
CY207736.1	281	2149	4	0	4	281
CY207736.1	281	314	3	2	5	281
CY207736.1	282	317	3	1	4	282
CY207736.1	283	2246	1	0	1	283
CY207736.1	285	2153	8	10	18	285
CY207736.1	285	2189	3	0	3	285
CY207736.1	285	361	1	0	1	285
CY207736.1	285	389	4	0	4	285
CY207736.1	287	311	19	9	28	287
CY207736.1	288	2210	1	0	1	288
CY207736.1	291	407	0	1	1	407
CY207736.1	292	2157	1	0	1	292
CY207736.1	293	327	1	0	1	293
CY207736.1	293	411	1	0	1	293
CY207736.1	295	1582	1	0	1	295
CY207736.1	296	327	1	3	4	296
CY207736.1	299	2226	0	1	1	2226
CY207736.1	304	2057	0	2	2	2057
CY207736.1	308	2213	0	1	1	2213
CY207736.1	310	2176	0	1	1	2176
CY207736.1	311	2257	2	5	7	311
CY207736.1	312	2259	1	0	1	312
CY207736.1	313	2208	1	0	1	313
CY207736.1	321	2245	1	0	1	321
CY207736.1	325	409	27	90	117	325
CY207736.1	326	2144	1	2	3	326
CY207736.1	326	410	0	1	1	410
CY207736.1	327	395	96	122	218	327
CY207736.1	328	2222	0	2	2	2222
CY207736.1	329	2134	0	9	9	2134
CY207736.1	331	2141	0	2	2	2141
CY207736.1	331	368	0	1	1	368
CY207736.1	332	1935	0	1	1	1935
CY207736.1	332	2149	1	5	6	332
CY207736.1	333	1913	2	0	2	333
CY207736.1	333	2121	0	3	3	2121
CY207736.1	333	2215	1	1	2	333
CY207736.1	333	2225	1	0	1	333
CY207736.1	333	2282	47	444	491	333
CY207736.1	334	2038	0	3	3	2038
CY207736.1	334	2064	2	8	10	334
CY207736.1	334	2065	0	1	1	2065
CY207736.1	334	2072	0	5	5	2072
CY207736.1	334	2133	0	5	5	2133
CY207736.1	334	2148	1	15	16	334
CY207736.1	334	2149	1	7	8	334
CY207736.1	334	2153	0	3	3	2153
CY207736.1	334	2163	0	1	1	2163
CY207736.1	334	2177	4	5	9	334
CY207736.1	334	2182	3	0	3	334
CY207736.1	334	2207	2	2	4	334
CY207736.1	334	2211	1	1	2	334
CY207736.1	334	2244	0	1	1	2244
CY207736.1	334	2259	0	1	1	2259
CY207736.1	334	404	1	2	3	334
CY207736.1	335	2142	0	9	9	2142
CY207736.1	335	2224	2	1	3	335
CY207736.1	335	365	1	1	2	335
CY207736.1	336	1914	1	0	1	336
CY207736.1	336	362	31	22	53	336
CY207736.1	338	2075	0	1	1	2075
CY207736.1	338	2174	0	1	1	2174
CY207736.1	342	368	0	1	1	368
CY207736.1	353	2147	0	6	6	2147
CY207736.1	354	2299	3	1	4	354
CY207736.1	356	2115	1	0	1	356
CY207736.1	358	2146	2	17	19	358
CY207736.1	359	2148	1	19	20	359
CY207736.1	359	2198	0	5	5	2198
CY207736.1	359	425	1	11	12	359
CY207736.1	360	2132	3	11	14	360
CY207736.1	360	2142	116	381	497	360
CY207736.1	360	2152	0	3	3	2152
CY207736.1	360	382	0	3	3	382
CY207736.1	361	2058	0	4	4	2058
CY207736.1	361	2144	0	1	1	2144
CY207736.1	361	2172	2	24	26	361
CY207736.1	361	2187	0	7	7	2187
CY207736.1	362	2030	0	11	11	2030
CY207736.1	367	2141	0	12	12	2141
CY207736.1	367	2160	2	10	12	367
CY207736.1	367	391	1	5	6	367
CY207736.1	373	2159	0	1	1	2159
CY207736.1	379	2143	0	3	3	2143
CY207736.1	379	2171	3	33	36	379
CY207736.1	380	1265	1	0	1	380
CY207736.1	380	2198	1	0	1	380
CY207736.1	380	410	2	11	13	380
CY207736.1	380	494	3	0	3	380
CY207736.1	381	2142	1	0	1	381
CY207736.1	383	2153	0	1	1	2153
CY207736.1	383	2156	0	3	3	2156
CY207736.1	383	2177	2	28	30	383
CY207736.1	384	2149	0	4	4	2149
CY207736.1	385	2106	0	1	1	2106
CY207736.1	385	2155	1	2	3	385
CY207736.1	385	2191	0	4	4	2191
CY207736.1	385	2250	33	41	74	385
CY207736.1	385	417	1	3	4	385
CY207736.1	386	2145	2	41	43	386
CY207736.1	386	2271	5	1	6	386
CY207736.1	386	429	0	3	3	429
CY207736.1	388	2141	0	10	10	2141
CY207736.1	390	1719	1	0	1	390
CY207736.1	391	2106	1	1	2	391
CY207736.1	391	421	0	3	3	421
CY207736.1	391	438	0	6	6	438
CY207736.1	392	2209	3	8	11	392
CY207736.1	392	2246	1	0	1	392
CY207736.1	393	2131	1	8	9	393
CY207736.1	393	2186	1	0	1	393
CY207736.1	394	2146	1	0	1	394
CY207736.1	401	2149	0	5	5	2149
CY207736.1	402	1589	0	1	1	1589
CY207736.1	403	2064	2	4	6	403
CY207736.1	403	2141	0	2	2	2141
CY207736.1	403	2223	1	1	2	403
CY207736.1	403	442	3	13	16	403
CY207736.1	404	2164	0	7	7	2164
CY207736.1	405	2167	0	9	9	2167
CY207736.1	405	2270	0	1	1	2270
CY207736.1	405	449	2	1	3	405
CY207736.1	406	2028	0	4	4	2028
CY207736.1	406	2038	2	4	6	406
CY207736.1	406	2107	0	11	11	2107
CY207736.1	406	2156	4	51	55	406
CY207736.1	406	2259	0	5	5	2259
CY207736.1	406	513	0	3	3	513
CY207736.1	408	2298	1	0	1	408
CY207736.1	409	2156	0	32	32	2156
CY207736.1	409	2223	0	1	1	2223
CY207736.1	409	437	1	1	2	409
CY207736.1	409	442	2	4	6	409
CY207736.1	410	2134	2	0	2	410
CY207736.1	410	2144	0	11	11	2144
CY207736.1	411	2192	0	3	3	2192
CY207736.1	411	2259	2	0	2	411
CY207736.1	412	2035	1	4	5	412
CY207736.1	413	2253	9	0	9	413
CY207736.1	415	2132	1	2	3	415
CY207736.1	415	2147	1	9	10	415
CY207736.1	415	2155	0	3	3	2155
CY207736.1	416	2090	1	13	14	416
CY207736.1	416	462	0	1	1	462
CY207736.1	417	2102	1	0	1	417
CY207736.1	417	2148	5	19	24	417
CY207736.1	425	2213	25	2	27	425
CY207736.1	426	2213	8	1	9	426
CY207736.1	427	1911	0	3	3	1911
CY207736.1	429	2217	28	0	28	429
CY207736.1	430	2069	15	9	24	430
CY207736.1	430	2288	0	1	1	2288
CY207736.1	432	2219	1	1	2	432
CY207736.1	433	2199	5	0	5	433
CY207736.1	435	2009	1	0	1	435
CY207736.1	436	1995	0	1	1	1995
CY207736.1	436	2007	0	2	2	2007
CY207736.1	436	2062	0	4	4	2062
CY207736.1	436	2223	418	245	663	436
CY207736.1	437	2149	2	7	9	437
CY207736.1	438	2066	7	11	18	438
CY207736.1	439	2031	2	1	3	439
CY207736.1	439	2049	2	5	7	439
CY207736.1	439	2154	0	1	1	2154
CY207736.1	441	2069	1	0	1	441
CY207736.1	441	2156	40	230	270	441
CY207736.1	442	2157	0	1	1	2157
CY207736.1	444	1372	1	0	1	444
CY207736.1	444	2154	1	0	1	444
CY207736.1	448	2058	12	51	63	448
CY207736.1	448	2147	0	1	1	2147
CY207736.1	449	516	2	2	4	449
CY207736.1	450	2156	31	131	162	450
CY207736.1	450	2266	0	1	1	2266
CY207736.1	454	2133	33	73	106	454
CY207736.1	454	2141	0	10	10	2141
CY207736.1	454	2153	54	177	231	454
CY207736.1	454	2156	0	14	14	2156
CY207736.1	454	2170	0	1	1	2170
CY207736.1	455	2065	4	5	9	455
CY207736.1	455	2149	0	2	2	2149
CY207736.1	456	2155	0	1	1	2155
CY207736.1	456	2162	0	3	3	2162
CY207736.1	457	2068	0	1	1	2068
CY207736.1	460	2000	20	1	21	460
CY207736.1	460	2060	1	4	5	460
CY207736.1	460	2159	0	1	1	2159
CY207736.1	461	485	26	7	33	461
CY207736.1	462	2222	2	0	2	462
CY207736.1	462	2241	1	1	2	462
CY207736.1	463	2274	0	3	3	2274
CY207736.1	466	2028	4	4	8	466
CY207736.1	466	556	1	0	1	466
CY207736.1	467	2002	1	0	1	467
CY207736.1	467	2009	118	47	165	467
CY207736.1	467	2270	4	49	53	467
CY207736.1	469	2137	1	3	4	469
CY207736.1	470	2042	5	5	10	470
CY207736.1	473	2072	1	2	3	473
CY207736.1	474	2130	8	10	18	474
CY207736.1	475	2108	2	0	2	475
CY207736.1	475	2153	1	2	3	475
CY207736.1	477	2049	2	7	9	477
CY207736.1	477	2063	0	1	1	2063
CY207736.1	477	2147	45	145	190	477
CY207736.1	483	2168	0	10	10	2168
CY207736.1	484	2078	1	3	4	484
CY207736.1	485	2089	28	107	135	485
CY207736.1	490	2028	2	0	2	490
CY207736.1	490	2040	142	190	332	490
CY207736.1	490	2156	0	6	6	2156
CY207736.1	492	1963	1	1	2	492
CY207736.1	492	2052	6	23	29	492
CY207736.1	492	2091	1	7	8	492
CY207736.1	493	518	6	4	10	493
CY207736.1	494	2149	0	1	1	2149
CY207736.1	495	1936	4	0	4	495
CY207736.1	495	2030	2	1	3	495
CY207736.1	497	2046	0	1	1	2046
CY207736.1	497	2064	0	1	1	2064
CY207736.1	499	2041	6	8	14	499
CY207736.1	501	1913	13	4	17	501
CY207736.1	503	1572	1	0	1	503
CY207736.1	503	1994	3	1	4	503
CY207736.1	503	2023	0	1	1	2023
CY207736.1	503	2109	0	1	1	2109
CY207736.1	503	2179	3	1	4	503
CY207736.1	504	2140	10	9	19	504
CY207736.1	511	1446	1	0	1	511
CY207736.1	512	2024	5	2	7	512
CY207736.1	532	2049	0	2	2	2049
CY207736.1	537	1971	0	1	1	1971
CY207736.1	538	1965	1	0	1	538
CY207736.1	538	2069	1	4	5	538
CY207736.1	539	1841	2	1	3	539
CY207736.1	539	2027	2	0	2	539
CY207736.1	546	2027	10	1	11	546
CY207736.1	546	2029	8	2	10	546
CY207736.1	546	2042	19	31	50	546
CY207736.1	546	2117	1	2	3	546
CY207736.1	547	1391	0	1	1	1391
CY207736.1	547	2010	0	1	1	2010
CY207736.1	548	2005	1	1	2	548
CY207736.1	549	1449	1	0	1	549
CY207736.1	549	2046	1	5	6	549
CY207736.1	552	1955	2	1	3	552
CY207736.1	553	2135	5	3	8	553
CY207736.1	553	2138	2	2	4	553
CY207736.1	554	2017	3	0	3	554
CY207736.1	555	1922	1	1	2	555
CY207736.1	557	1856	1	0	1	557
CY207736.1	558	1444	0	1	1	1444
CY207736.1	561	2007	2	4	6	561
CY207736.1	562	2051	0	4	4	2051
CY207736.1	564	1965	16	13	29	564
CY207736.1	569	1946	0	1	1	1946
CY207736.1	570	2088	0	1	1	2088
CY207736.1	571	2089	6	11	17	571
CY207736.1	574	1733	3	0	3	574
CY207736.1	580	2006	7	9	16	580
CY207736.1	585	1794	1	0	1	585
CY207736.1	585	1927	0	1	1	1927
CY207736.1	587	2001	5	1	6	587
CY207736.1	590	1929	5	0	5	590
CY207736.1	595	2034	2	2	4	595
CY207736.1	596	2002	4	1	5	596
CY207736.1	598	2035	2	0	2	598
CY207736.1	598	904	1	1	2	598
CY207736.1	602	2021	1	0	1	602
CY207736.1	604	2143	0	1	1	2143
CY207736.1	605	2024	0	1	1	2024
CY207736.1	605	2038	0	1	1	2038
CY207736.1	606	1844	0	3	3	1844
CY207736.1	607	1924	1	1	2	607
CY207736.1	607	636	10	7	17	607
CY207736.1	608	2041	56	33	89	608
CY207736.1	608	2171	8	1	9	608
CY207736.1	611	1950	1	1	2	611
CY207736.1	612	1827	1	1	2	612
CY207736.1	618	1917	48	45	93	618
CY207736.1	620	2115	0	1	1	2115
CY207736.1	627	1942	0	1	1	1942
CY207736.1	628	1968	1	0	1	628
CY207736.1	629	1949	1	0	1	629
CY207736.1	634	1950	1	0	1	634
CY207736.1	639	2068	0	1	1	2068
CY207736.1	641	1939	0	2	2	1939
CY207736.1	646	1915	1	0	1	646
CY207736.1	647	1827	10	6	16	647
CY207736.1	659	2177	1	0	1	659
CY207736.1	674	1916	1	1	2	674
CY207736.1	679	1835	1	0	1	679
CY207736.1	680	1706	2	2	4	680
CY207736.1	686	1952	0	1	1	1952
CY207736.1	689	771	1	0	1	689
CY207736.1	699	1995	0	2	2	1995
CY207736.1	702	1895	20	6	26	702
CY207736.1	712	1763	1	2	3	712
CY207736.1	713	1850	5	8	13	713
CY207736.1	717	1999	0	1	1	1999
CY207736.1	723	1994	4	2	6	723
CY207736.1	730	2285	1	0	1	730
CY207736.1	733	2201	1	0	1	733
CY207736.1	740	1716	1	0	1	740
CY207736.1	740	1736	2	0	2	740
CY207736.1	742	1858	2	1	3	742
CY207736.1	744	1601	4	1	5	744
CY207736.1	750	1841	1	0	1	750
CY207736.1	752	1999	5	2	7	752
CY207736.1	757	1187	1	0	1	757
CY207736.1	761	1904	0	2	2	1904
CY207736.1	762	2043	1	0	1	762
CY207736.1	773	1735	24	8	32	773
CY207736.1	773	1871	5	2	7	773
CY207736.1	775	1742	0	2	2	1742
CY207736.1	775	1827	11	1	12	775
CY207736.1	786	2259	1	0	1	786
CY207736.1	787	2244	1	0	1	787
CY207736.1	792	1979	9	3	12	792
CY207736.1	797	1868	6	0	6	797
CY207736.1	802	1989	0	1	1	1989
CY207736.1	804	1612	96	59	155	804
CY207736.1	810	1341	1	0	1	810
CY207736.1	814	2058	3	1	4	814
CY207736.1	829	1556	1	1	2	829
CY207736.1	850	947	3	2	5	850
CY207736.1	851	1581	4	5	9	851
CY207736.1	851	1736	4	4	8	851
CY207736.1	851	2237	1	0	1	851
CY207736.1	866	979	1	1	2	866
CY207736.1	880	2118	0	2	2	2118
CY207736.1	893	1757	0	7	7	1757
CY207736.1	910	1898	0	1	1	1898
CY207736.1	911	1926	1	0	1	911
CY207736.1	915	988	1	1	2	915
CY207736.1	917	1875	0	1	1	1875
CY207736.1	924	1435	0	1	1	1435
CY207736.1	944	1649	0	1	1	1649
CY207736.1	950	1556	0	1	1	1556
CY207736.1	952	2093	0	1	1	2093
CY207736.1	957	1761	0	1	1	1761
CY207736.1	973	1064	2	2	4	973
CY207736.1	976	1944	0	2	2	1944
CY207736.1	992	1536	5	0	5	992
CY207736.1	998	1182	0	1	1	1182
CY207737.1	1005	1181	3	0	3	1005
CY207737.1	1024	1551	1	0	1	1024
CY207737.1	1030	2067	0	1	1	2067
CY207737.1	1055	1318	1	0	1	1055
CY207737.1	1101	1384	0	1	1	1384
CY207737.1	1163	2221	0	1	1	2221
CY207737.1	1205	1372	1	0	1	1205
CY207737.1	1272	1326	0	1	1	1326
CY207737.1	1281	1593	0	1	1	1593
CY207737.1	1292	1567	1	0	1	1292
CY207737.1	1302	1745	0	1	1	1745
CY207737.1	1334	2483	0	1	1	2483
CY207737.1	1346	2270	1	0	1	1346
CY207737.1	1354	1570	0	1	1	1570
CY207737.1	1410	2149	1	0	1	1410
CY207737.1	1435	2361	1	0	1	1435
CY207737.1	1590	1637	1	0	1	1590
CY207737.1	1618	1816	1	0	1	1618
CY207737.1	1645	1934	0	1	1	1934
CY207737.1	1712	2339	1	0	1	1712
CY207737.1	1717	1757	1	0	1	1717
CY207737.1	1739	2360	1	0	1	1739
CY207737.1	1862	2004	0	1	1	2004
CY207737.1	1961	1997	0	2	2	1997
CY207737.1	2011	2121	1	0	1	2011
CY207737.1	2049	2198	5	2	7	2049
CY207737.1	2062	2112	2	0	2	2062
CY207737.1	2063	2103	0	3	3	2103
CY207737.1	2091	2394	1	0	1	2091
CY207737.1	2100	2260	1	0	1	2100
CY207737.1	2126	2334	1	0	1	2126
CY207737.1	2141	2209	0	3	3	2209
CY207737.1	2144	2166	2	0	2	2144
CY207737.1	2145	2194	1	0	1	2145
CY207737.1	2149	2207	0	1	1	2207
CY207737.1	2157	2195	1	0	1	2157
CY207737.1	2162	2212	1	0	1	2162
CY207737.1	2164	2204	16	6	22	2164
CY207737.1	2173	2205	1	0	1	2173
CY207737.1	2178	2227	1	0	1	2178
CY207737.1	2186	2215	2	2	4	2186
CY207737.1	2203	2295	1	0	1	2203
CY207737.1	2206	2249	64	45	109	2206
CY207737.1	2213	2242	6	1	7	2213
CY207737.1	2222	2287	1	0	1	2222
CY207737.1	2224	2256	1	0	1	2224
CY207737.1	2225	2255	1	0	1	2225
CY207737.1	2229	2349	36	7	43	2229
CY207737.1	2230	2277	1	0	1	2230
CY207737.1	2236	2295	16	0	16	2236
CY207737.1	2237	2284	3	0	3	2237
CY207737.1	2241	2302	4	0	4	2241
CY207737.1	2265	2354	1	0	1	2265
CY207737.1	2288	2337	6	0	6	2288
CY207737.1	2291	2333	10	4	14	2291
CY207737.1	2295	2361	312	84	396	2295
CY207737.1	2320	2359	24	3	27	2320
CY207737.1	2322	2356	7	1	8	2322
CY207737.1	2325	2356	2	0	2	2325
CY207737.1	240	271	4	0	4	240
CY207737.1	240	277	2	0	2	240
CY207737.1	2414	2458	1	4	5	2414
CY207737.1	2415	2449	0	2	2	2449
CY207737.1	242	2292	1	0	1	242
CY207737.1	244	2220	1	0	1	244
CY207737.1	244	2306	4	0	4	244
CY207737.1	244	2318	1	0	1	244
CY207737.1	244	2329	2	0	2	244
CY207737.1	245	2296	4	0	4	245
CY207737.1	246	2302	1	0	1	246
CY207737.1	247	307	2	0	2	247
CY207737.1	247	342	20	0	20	247
CY207737.1	248	2299	99	2	101	248
CY207737.1	248	273	12	0	12	248
CY207737.1	251	2227	1	0	1	251
CY207737.1	254	2306	1	0	1	254
CY207737.1	254	2329	4	0	4	254
CY207737.1	254	2333	1	0	1	254
CY207737.1	257	2288	1	0	1	257
CY207737.1	257	2398	1	0	1	257
CY207737.1	262	2299	1	0	1	262
CY207737.1	262	2408	3	0	3	262
CY207737.1	269	2223	1	0	1	269
CY207737.1	269	2287	1	0	1	269
CY207737.1	270	314	1	0	1	270
CY207737.1	271	2332	8	0	8	271
CY207737.1	272	2122	1	0	1	272
CY207737.1	272	2244	1	0	1	272
CY207737.1	275	2335	3	0	3	275
CY207737.1	277	2337	258	35	293	277
CY207737.1	278	2338	1	0	1	278
CY207737.1	280	358	1	0	1	280
CY207737.1	286	2321	2	0	2	286
CY207737.1	288	2322	2	0	2	288
CY207737.1	306	2243	1	0	1	306
CY207737.1	306	2334	2	0	2	306
CY207737.1	306	336	1	0	1	306
CY207737.1	315	2167	1	0	1	315
CY207737.1	324	773	1	0	1	324
CY207737.1	325	2358	2	2	4	325
CY207737.1	326	2279	2	0	2	326
CY207737.1	329	2302	1	0	1	329
CY207737.1	330	2226	1	3	4	330
CY207737.1	330	2238	1	0	1	330
CY207737.1	330	2322	13	5	18	330
CY207737.1	332	395	0	3	3	395
CY207737.1	333	1513	1	0	1	333
CY207737.1	333	388	0	1	1	388
CY207737.1	335	2287	4	0	4	335
CY207737.1	338	2295	2	1	3	338
CY207737.1	338	2303	1	1	2	338
CY207737.1	341	614	1	0	1	341
CY207737.1	343	2209	1	0	1	343
CY207737.1	347	1063	1	0	1	347
CY207737.1	347	2183	6	10	16	347
CY207737.1	348	2355	0	1	1	2355
CY207737.1	350	2229	4	15	19	350
CY207737.1	350	422	4	17	21	350
CY207737.1	353	398	1	0	1	353
CY207737.1	355	2238	2	1	3	355
CY207737.1	355	2243	8	0	8	355
CY207737.1	360	393	0	5	5	393
CY207737.1	362	2189	0	3	3	2189
CY207737.1	362	2198	0	2	2	2198
CY207737.1	362	2302	4	1	5	362
CY207737.1	363	2298	7	0	7	363
CY207737.1	366	2353	5	2	7	366
CY207737.1	373	2190	1	0	1	373
CY207737.1	377	2188	2	0	2	377
CY207737.1	378	2238	2	0	2	378
CY207737.1	379	2086	10	0	10	379
CY207737.1	380	2283	3	1	4	380
CY207737.1	381	2293	1	0	1	381
CY207737.1	386	2095	2	0	2	386
CY207737.1	386	2243	4	1	5	386
CY207737.1	386	2332	1	0	1	386
CY207737.1	388	2334	3	0	3	388
CY207737.1	389	2095	70	8	78	389
CY207737.1	391	2302	2	0	2	391
CY207737.1	391	477	0	2	2	477
CY207737.1	392	2153	2	0	2	392
CY207737.1	392	2181	8	1	9	392
CY207737.1	392	2325	19	3	22	392
CY207737.1	392	422	3	31	34	392
CY207737.1	399	2231	0	1	1	2231
CY207737.1	401	2233	8	42	50	401
CY207737.1	402	2222	3	21	24	402
CY207737.1	403	2224	1	10	11	403
CY207737.1	403	2225	0	1	1	2225
CY207737.1	404	1131	2	0	2	404
CY207737.1	411	2254	2	0	2	411
CY207737.1	413	2161	1	0	1	413
CY207737.1	421	2334	2	0	2	421
CY207737.1	425	2302	2	0	2	425
CY207737.1	426	2131	1	0	1	426
CY207737.1	428	2282	1	0	1	428
CY207737.1	429	2361	7	6	13	429
CY207737.1	433	2287	1	0	1	433
CY207737.1	435	2165	6	0	6	435
CY207737.1	435	2267	3	0	3	435
CY207737.1	436	2153	23	2	25	436
CY207737.1	436	2181	6	4	10	436
CY207737.1	436	2238	3	11	14	436
CY207737.1	437	2206	1	1	2	437
CY207737.1	440	2148	2	0	2	440
CY207737.1	440	485	1	1	2	440
CY207737.1	441	2041	1	0	1	441
CY207737.1	442	2248	1	0	1	442
CY207737.1	445	2302	5	0	5	445
CY207737.1	446	2188	5	5	10	446
CY207737.1	446	2238	1	0	1	446
CY207737.1	448	2223	1	7	8	448
CY207737.1	449	2156	18	0	18	449
CY207737.1	449	2199	3	1	4	449
CY207737.1	449	2282	1	0	1	449
CY207737.1	451	2132	1	0	1	451
CY207737.1	458	2303	2	1	3	458
CY207737.1	460	2205	0	1	1	2205
CY207737.1	461	2166	205	375	580	461
CY207737.1	462	2121	5	11	16	462
CY207737.1	462	2207	1	1	2	462
CY207737.1	462	2243	3	7	10	462
CY207737.1	463	2239	3	11	14	463
CY207737.1	464	2303	6	6	12	464
CY207737.1	468	2209	0	2	2	2209
CY207737.1	469	2250	1	0	1	469
CY207737.1	470	2177	1	7	8	470
CY207737.1	472	2125	3	1	4	472
CY207737.1	472	2207	0	1	1	2207
CY207737.1	472	2209	0	1	1	2209
CY207737.1	473	2302	2	1	3	473
CY207737.1	476	2211	0	2	2	2211
CY207737.1	484	2092	0	2	2	2092
CY207737.1	486	2217	1	4	5	486
CY207737.1	496	2174	0	2	2	2174
CY207737.1	513	2094	1	3	4	513
CY207737.1	513	2223	0	1	1	2223
CY207737.1	517	2094	2	0	2	517
CY207737.1	517	2207	0	2	2	2207
CY207737.1	520	2335	0	1	1	2335
CY207737.1	521	2094	3	1	4	521
CY207737.1	521	544	1	1	2	521
CY207737.1	541	2093	3	0	3	541
CY207737.1	541	2187	2	5	7	541
CY207737.1	549	1963	0	2	2	1963
CY207737.1	555	1953	2	1	3	555
CY207737.1	560	2161	1	0	1	560
CY207737.1	564	2094	0	2	2	2094
CY207737.1	565	2363	1	0	1	565
CY207737.1	570	2463	0	1	1	2463
CY207737.1	576	2217	2	0	2	576
CY207737.1	577	2004	3	0	3	577
CY207737.1	582	2010	2	0	2	582
CY207737.1	583	2014	15	37	52	583
CY207737.1	583	2019	0	2	2	2019
CY207737.1	583	2238	0	1	1	2238
CY207737.1	584	2250	1	0	1	584
CY207737.1	585	2187	0	1	1	2187
CY207737.1	589	2342	1	0	1	589
CY207737.1	602	2090	3	0	3	602
CY207737.1	602	2129	0	1	1	2129
CY207737.1	602	2135	8	1	9	602
CY207737.1	603	2094	46	34	80	603
CY207737.1	603	2243	1	2	3	603
CY207737.1	605	2281	2	1	3	605
CY207737.1	623	1796	1	0	1	623
CY207737.1	624	2026	0	1	1	2026
CY207737.1	625	2228	1	0	1	625
CY207737.1	636	2117	0	4	4	2117
CY207737.1	645	1999	5	1	6	645
CY207737.1	658	2412	1	0	1	658
CY207737.1	662	1952	1	0	1	662
CY207737.1	667	1698	3	0	3	667
CY207737.1	667	1715	1	1	2	667
CY207737.1	668	2068	2	0	2	668
CY207737.1	668	2138	3	4	7	668
CY207737.1	670	2243	3	2	5	670
CY207737.1	675	2417	1	0	1	675
CY207737.1	681	1819	3	2	5	681
CY207737.1	682	2019	17	10	27	682
CY207737.1	683	2095	2	1	3	683
CY207737.1	697	2121	15	5	20	697
CY207737.1	705	2144	1	1	2	705
CY207737.1	720	1383	0	1	1	1383
CY207737.1	721	2018	0	2	2	2018
CY207737.1	722	1957	0	2	2	1957
CY207737.1	729	2018	0	2	2	2018
CY207737.1	735	2028	0	3	3	2028
CY207737.1	743	2095	0	1	1	2095
CY207737.1	752	1770	1	2	3	752
CY207737.1	760	1894	3	2	5	760
CY207737.1	761	2052	0	2	2	2052
CY207737.1	767	1986	1	0	1	767
CY207737.1	796	2004	0	1	1	2004
CY207737.1	820	1879	4	4	8	820
CY207737.1	824	1320	0	1	1	1320
CY207737.1	826	1774	3	1	4	826
CY207737.1	830	1645	0	1	1	1645
CY207737.1	832	1823	1	0	1	832
CY207737.1	833	1651	0	3	3	1651
CY207737.1	836	2098	0	1	1	2098
CY207737.1	842	1383	0	1	1	1383
CY207737.1	845	1835	0	1	1	1835
CY207737.1	850	1879	3	0	3	850
CY207737.1	852	1906	1	1	2	852
CY207737.1	855	1671	1	1	2	855
CY207737.1	865	920	1	0	1	865
CY207737.1	866	1778	0	1	1	1778
CY207737.1	867	1796	3	1	4	867
CY207737.1	872	1770	1	1	2	872
CY207737.1	877	1838	2	0	2	877
CY207737.1	879	1855	1	2	3	879
CY207737.1	880	909	1	1	2	880
CY207737.1	887	1418	0	1	1	1418
CY207737.1	888	1904	1	0	1	888
CY207737.1	889	1760	2	2	4	889
CY207737.1	902	1882	1	1	2	902
CY207737.1	907	1880	0	1	1	1880
CY207737.1	907	1881	0	2	2	1881
CY207737.1	922	1741	4	1	5	922
CY207737.1	925	1855	0	1	1	1855
CY207737.1	930	1836	1	0	1	930
CY207737.1	934	1930	0	1	1	1930
CY207737.1	936	1256	1	0	1	936
CY207737.1	938	1698	0	3	3	1698
CY207737.1	940	1768	0	1	1	1768
CY207737.1	959	1629	2	0	2	959
CY207737.1	982	1608	1	0	1	982
CY207737.1	990	1786	1	2	3	990
CY207737.1	990	1828	0	1	1	1828
CY207738.1	1005	1761	0	1	1	1761
CY207738.1	1009	1223	1	0	1	1009
CY207738.1	1017	2352	0	1	1	2352
CY207738.1	1047	2236	1	0	1	1047
CY207738.1	1062	2248	4	2	6	1062
CY207738.1	1072	1643	1	0	1	1072
CY207738.1	1078	1668	4	1	5	1078
CY207738.1	1124	2330	2	2	4	1124
CY207738.1	1135	2215	0	1	1	2215
CY207738.1	1157	1974	0	1	1	1974
CY207738.1	1170	2157	0	1	1	2157
CY207738.1	1181	1476	1	0	1	1181
CY207738.1	1187	1241	0	1	1	1241
CY207738.1	1217	2167	1	0	1	1217
CY207738.1	1250	1740	0	1	1	1740
CY207738.1	1299	2148	0	1	1	2148
CY207738.1	1328	1676	0	1	1	1676
CY207738.1	1339	1631	1	0	1	1339
CY207738.1	1356	2081	0	1	1	2081
CY207738.1	1358	1559	1	1	2	1358
CY207738.1	1393	1427	0	1	1	1427
CY207738.1	1414	1989	0	1	1	1989
CY207738.1	1493	1515	1	1	2	1493
CY207738.1	1534	1717	0	1	1	1717
CY207738.1	1546	2030	0	1	1	2030
CY207738.1	1557	1677	0	1	1	1677
CY207738.1	1651	2036	1	0	1	1651
CY207738.1	1656	2059	1	0	1	1656
CY207738.1	1666	2344	2	1	3	1666
CY207738.1	1678	1834	0	1	1	1834
CY207738.1	1681	1831	2	0	2	1681
CY207738.1	1702	2147	1	0	1	1702
CY207738.1	1806	2462	0	1	1	2462
CY207738.1	2177	2407	0	1	1	2407
CY207738.1	2214	2331	0	1	1	2331
CY207738.1	2259	2467	0	1	1	2467
CY207738.1	2333	2358	1	2	3	2333
CY207738.1	235	1658	1	0	1	235
CY207738.1	241	1221	1	0	1	241
CY207738.1	243	1359	1	0	1	243
CY207738.1	243	661	1	0	1	243
CY207738.1	279	2272	8	2	10	279
CY207738.1	304	2314	2	2	4	304
CY207738.1	305	2277	0	1	1	2277
CY207738.1	316	2334	0	1	1	2334
CY207738.1	316	573	0	2	2	573
CY207738.1	321	2324	0	1	1	2324
CY207738.1	323	2347	0	3	3	2347
CY207738.1	325	1115	1	0	1	325
CY207738.1	332	2316	1	0	1	332
CY207738.1	333	1300	0	1	1	1300
CY207738.1	334	2149	0	2	2	2149
CY207738.1	334	2318	22	38	60	334
CY207738.1	339	2328	0	2	2	2328
CY207738.1	340	2316	1	0	1	340
CY207738.1	346	2235	2	1	3	346
CY207738.1	352	2172	1	0	1	352
CY207738.1	362	2298	4	10	14	362
CY207738.1	362	2333	6	5	11	362
CY207738.1	364	2159	0	1	1	2159
CY207738.1	366	2199	0	1	1	2199
CY207738.1	367	2195	0	2	2	2195
CY207738.1	367	2200	41	179	220	367
CY207738.1	367	2317	0	1	1	2317
CY207738.1	367	2337	9	9	18	367
CY207738.1	369	1673	0	1	1	1673
CY207738.1	370	2283	3	17	20	370
CY207738.1	371	2313	5	8	13	371
CY207738.1	372	2168	10	57	67	372
CY207738.1	372	2237	1	0	1	372
CY207738.1	372	2290	2	18	20	372
CY207738.1	372	736	0	1	1	736
CY207738.1	373	2314	2	4	6	373
CY207738.1	373	2318	2	6	8	373
CY207738.1	373	404	0	1	1	404
CY207738.1	374	1999	0	3	3	1999
CY207738.1	374	2210	19	89	108	374
CY207738.1	374	2308	4	4	8	374
CY207738.1	374	2313	1	2	3	374
CY207738.1	374	2333	23	36	59	374
CY207738.1	376	2162	0	1	1	2162
CY207738.1	376	2333	11	10	21	376
CY207738.1	376	823	0	1	1	823
CY207738.1	377	2349	2	0	2	377
CY207738.1	378	2243	2	3	5	378
CY207738.1	378	2327	1	3	4	378
CY207738.1	378	469	0	1	1	469
CY207738.1	380	2179	0	2	2	2179
CY207738.1	380	2271	0	1	1	2271
CY207738.1	380	2311	1	2	3	380
CY207738.1	383	2140	0	1	1	2140
CY207738.1	384	2260	0	1	1	2260
CY207738.1	384	2358	5	7	12	384
CY207738.1	385	1914	1	0	1	385
CY207738.1	385	2142	5	52	57	385
CY207738.1	385	2276	4	34	38	385
CY207738.1	385	2281	0	14	14	2281
CY207738.1	385	420	0	2	2	420
CY207738.1	386	2314	3	12	15	386
CY207738.1	387	2263	18	181	199	387
CY207738.1	387	2313	5	21	26	387
CY207738.1	390	1691	1	0	1	390
CY207738.1	391	2193	0	1	1	2193
CY207738.1	391	2202	1	7	8	391
CY207738.1	397	2131	0	1	1	2131
CY207738.1	399	2261	1	8	9	399
CY207738.1	400	2262	0	1	1	2262
CY207738.1	403	1289	1	0	1	403
CY207738.1	403	2334	5	18	23	403
CY207738.1	404	2235	13	52	65	404
CY207738.1	407	2234	1	0	1	407
CY207738.1	408	2379	0	2	2	2379
CY207738.1	409	2329	6	6	12	409
CY207738.1	411	2334	5	4	9	411
CY207738.1	411	506	1	0	1	411
CY207738.1	412	2211	2	4	6	412
CY207738.1	414	2221	0	18	18	2221
CY207738.1	416	2338	1	2	3	416
CY207738.1	417	2202	2	16	18	417
CY207738.1	417	2330	0	1	1	2330
CY207738.1	417	796	0	1	1	796
CY207738.1	418	2213	0	3	3	2213
CY207738.1	418	2232	1	1	2	418
CY207738.1	419	1891	1	0	1	419
CY207738.1	419	2269	4	48	52	419
CY207738.1	420	2241	1	0	1	420
CY207738.1	421	2317	2	3	5	421
CY207738.1	422	2143	7	61	68	422
CY207738.1	425	2208	0	1	1	2208
CY207738.1	427	2241	0	2	2	2241
CY207738.1	428	2230	0	1	1	2230
CY207738.1	429	2279	0	6	6	2279
CY207738.1	433	2162	0	1	1	2162
CY207738.1	433	2330	0	1	1	2330
CY207738.1	435	2212	0	1	1	2212
CY207738.1	435	2247	2	10	12	435
CY207738.1	436	2175	0	6	6	2175
CY207738.1	436	2213	5	19	24	436
CY207738.1	437	491	0	6	6	491
CY207738.1	439	2360	2	0	2	439
CY207738.1	440	1142	0	1	1	1142
CY207738.1	441	1944	0	1	1	1944
CY207738.1	442	2268	1	0	1	442
CY207738.1	443	1642	0	1	1	1642
CY207738.1	446	1793	0	1	1	1793
CY207738.1	446	2272	0	1	1	2272
CY207738.1	453	1770	1	1	2	453
CY207738.1	453	2170	3	4	7	453
CY207738.1	453	2196	19	55	74	453
CY207738.1	453	2334	8	1	9	453
CY207738.1	453	2366	0	2	2	2366
CY207738.1	454	2261	1	1	2	454
CY207738.1	455	2264	2	0	2	455
CY207738.1	457	2338	1	0	1	457
CY207738.1	459	2263	2	6	8	459
CY207738.1	459	2268	61	105	166	459
CY207738.1	459	2280	0	1	1	2280
CY207738.1	460	1590	0	1	1	1590
CY207738.1	460	2410	7	1	8	460
CY207738.1	460	485	3	9	12	460
CY207738.1	461	2193	2	9	11	461
CY207738.1	464	574	1	3	4	464
CY207738.1	468	2247	2	1	3	468
CY207738.1	469	2281	0	2	2	2281
CY207738.1	470	2055	1	0	1	470
CY207738.1	472	2264	1	0	1	472
CY207738.1	473	2238	11	2	13	473
CY207738.1	477	2338	1	0	1	477
CY207738.1	480	2196	3	7	10	480
CY207738.1	481	2153	0	1	1	2153
CY207738.1	481	2342	0	1	1	2342
CY207738.1	481	2361	44	27	71	481
CY207738.1	483	2327	2	1	3	483
CY207738.1	490	2230	2	2	4	490
CY207738.1	491	2331	8	2	10	491
CY207738.1	492	2237	1	0	1	492
CY207738.1	492	2264	2	0	2	492
CY207738.1	495	2267	0	1	1	2267
CY207738.1	496	808	1	0	1	496
CY207738.1	499	2211	3	10	13	499
CY207738.1	499	2271	1	0	1	499
CY207738.1	502	2424	0	1	1	2424
CY207738.1	505	2278	0	1	1	2278
CY207738.1	508	2276	0	1	1	2276
CY207738.1	508	2281	200	416	616	508
CY207738.1	510	2188	2	6	8	510
CY207738.1	510	2283	0	1	1	2283
CY207738.1	511	2178	0	1	1	2178
CY207738.1	512	2368	1	0	1	512
CY207738.1	514	2189	1	1	2	514
CY207738.1	514	2313	0	1	1	2313
CY207738.1	527	2330	0	3	3	2330
CY207738.1	528	2176	1	6	7	528
CY207738.1	533	2340	1	5	6	533
CY207738.1	536	566	1	1	2	536
CY207738.1	538	1961	4	9	13	538
CY207738.1	540	629	0	1	1	629
CY207738.1	545	2197	3	3	6	545
CY207738.1	547	1576	1	0	1	547
CY207738.1	547	2337	0	1	1	2337
CY207738.1	550	2172	0	3	3	2172
CY207738.1	552	2224	1	0	1	552
CY207738.1	553	1947	1	2	3	553
CY207738.1	559	2118	5	3	8	559
CY207738.1	566	2198	1	0	1	566
CY207738.1	568	2057	1	1	2	568
CY207738.1	574	2115	2	4	6	574
CY207738.1	578	2143	1	1	2	578
CY207738.1	580	2017	0	2	2	2017
CY207738.1	589	871	1	0	1	589
CY207738.1	615	1468	0	1	1	1468
CY207738.1	618	1987	2	1	3	618
CY207738.1	628	2041	1	1	2	628
CY207738.1	629	2185	0	1	1	2185
CY207738.1	641	1403	0	1	1	1403
CY207738.1	641	2070	1	1	2	641
CY207738.1	642	1954	1	3	4	642
CY207738.1	647	2336	1	0	1	647
CY207738.1	650	1779	0	1	1	1779
CY207738.1	653	1030	0	1	1	1030
CY207738.1	653	2092	1	4	5	653
CY207738.1	655	1132	0	1	1	1132
CY207738.1	656	2074	0	1	1	2074
CY207738.1	660	2038	1	0	1	660
CY207738.1	672	2034	0	1	1	2034
CY207738.1	676	2003	0	7	7	2003
CY207738.1	682	809	0	1	1	809
CY207738.1	693	2068	5	2	7	693
CY207738.1	698	1425	1	0	1	698
CY207738.1	699	992	0	1	1	992
CY207738.1	702	1912	1	0	1	702
CY207738.1	713	2324	1	0	1	713
CY207738.1	716	2037	4	2	6	716
CY207738.1	718	1914	3	6	9	718
CY207738.1	720	2019	4	2	6	720
CY207738.1	721	1914	10	10	20	721
CY207738.1	732	1937	0	2	2	1937
CY207738.1	733	1833	1	0	1	733
CY207738.1	738	1933	0	1	1	1933
CY207738.1	738	1937	1	1	2	738
CY207738.1	749	1924	0	1	1	1924
CY207738.1	750	1529	0	1	1	1529
CY207738.1	754	1325	1	0	1	754
CY207738.1	755	2002	0	2	2	2002
CY207738.1	760	1914	2	2	4	760
CY207738.1	766	1575	0	1	1	1575
CY207738.1	786	1771	0	1	1	1771
CY207738.1	795	2069	2	2	4	795
CY207738.1	797	2325	0	1	1	2325
CY207738.1	802	2061	1	0	1	802
CY207738.1	812	2022	1	0	1	812
CY207738.1	827	2313	7	0	7	827
CY207738.1	829	1879	1	1	2	829
CY207738.1	830	2317	0	1	1	2317
CY207738.1	835	1947	1	1	2	835
CY207738.1	840	1893	1	0	1	840
CY207738.1	841	1707	4	1	5	841
CY207738.1	843	1810	0	1	1	1810
CY207738.1	844	1852	1	5	6	844
CY207738.1	848	1400	0	1	1	1400
CY207738.1	852	1388	0	1	1	1388
CY207738.1	854	958	1	0	1	854
CY207738.1	868	1873	0	1	1	1873
CY207738.1	896	1101	1	0	1	896
CY207738.1	930	1049	0	1	1	1049
CY207738.1	939	1909	1	0	1	939
CY207738.1	941	1837	2	2	4	941
CY207738.1	962	1015	1	1	2	962
CY207738.1	973	1762	1	0	1	973
CY207738.1	978	1656	1	0	1	978
CY207738.1	988	1662	0	1	1	1662
CY207738.1	989	1683	3	1	4	989
CY207738.1	992	2388	0	1	1	2388
CY207738.1	996	2449	0	1	1	2449
CY207738.1	998	1753	3	1	4	998
