Segment	Start	Stop	Forward_support	Reverse_support	Total_support	Fuzz_factor
CY207731.1	1015	1041	1	0	1	1015
CY207731.1	1042	1872	0	1	1	1872
CY207731.1	1066	1312	2	2	4	1066
CY207731.1	1079	1467	0	1	1	1467
CY207731.1	1081	1192	1	0	1	1081
CY207731.1	1191	1517	1	0	1	1191
CY207731.1	1196	1303	1	0	1	1196
CY207731.1	1215	1499	0	1	1	1499
CY207731.1	1290	1336	0	1	1	1336
CY207731.1	1297	1514	1	0	1	1297
CY207731.1	1304	1326	1	0	1	1304
CY207731.1	1313	1776	0	1	1	1776
CY207731.1	1318	1464	1	0	1	1318
CY207731.1	1349	1582	0	1	1	1582
CY207731.1	1364	1622	1	0	1	1364
CY207731.1	1430	1574	0	1	1	1574
CY207731.1	1456	1611	1	0	1	1456
CY207731.1	1538	1887	0	1	1	1887
CY207731.1	1557	1729	1	0	1	1557
CY207731.1	1754	1835	1	0	1	1754
CY207731.1	241	476	1	0	1	241
CY207731.1	257	1275	1	0	1	257
CY207731.1	276	1439	1	0	1	276
CY207731.1	286	1252	1	0	1	286
CY207731.1	288	1403	1	0	1	288
CY207731.1	291	329	1	0	1	291
CY207731.1	332	443	0	1	1	443
CY207731.1	333	1605	1	0	1	333
CY207731.1	364	1315	1	0	1	364
CY207731.1	370	819	0	1	1	819
CY207731.1	372	1370	0	1	1	1370
CY207731.1	385	762	1	0	1	385
CY207731.1	394	1160	0	1	1	1160
CY207731.1	395	792	0	1	1	792
CY207731.1	396	860	0	1	1	860
CY207731.1	434	1598	1	0	1	434
CY207731.1	435	1174	1	0	1	435
CY207731.1	439	1452	0	1	1	1452
CY207731.1	444	1540	0	1	1	1540
CY207731.1	455	856	0	1	1	856
CY207731.1	457	877	1	0	1	457
CY207731.1	457	948	0	1	1	948
CY207731.1	459	1305	0	1	1	1305
CY207731.1	462	953	0	1	1	953
CY207731.1	469	492	0	1	1	492
CY207731.1	470	528	1	0	1	470
CY207731.1	476	1238	0	1	1	1238
CY207731.1	476	555	0	1	1	555
CY207731.1	477	697	0	1	1	697
CY207731.1	489	736	0	1	1	736
CY207731.1	497	1259	1	0	1	497
CY207731.1	503	1481	0	1	1	1481
CY207731.1	504	1284	1	0	1	504
CY207731.1	527	1338	0	1	1	1338
CY207731.1	529	1103	0	1	1	1103
CY207731.1	529	1667	1	0	1	529
CY207731.1	591	1669	0	1	1	1669
CY207731.1	611	1162	1	0	1	611
CY207731.1	676	1060	1	0	1	676
CY207731.1	701	873	0	1	1	873
CY207731.1	703	780	0	1	1	780
CY207731.1	706	734	1	0	1	706
CY207731.1	710	733	1	0	1	710
CY207731.1	711	1157	1	0	1	711
CY207731.1	722	809	1	0	1	722
CY207731.1	724	958	0	1	1	958
CY207731.1	727	1369	1	0	1	727
CY207731.1	730	1666	1	0	1	730
CY207731.1	746	1175	0	1	1	1175
CY207731.1	763	952	0	1	1	952
CY207731.1	789	1216	0	2	2	1216
CY207731.1	800	1276	0	1	1	1276
CY207731.1	806	1620	1	0	1	806
CY207731.1	843	1587	1	0	1	843
CY207731.1	873	1129	0	1	1	1129
CY207731.1	874	1282	1	0	1	874
CY207731.1	885	1021	1	1	2	885
CY207731.1	954	1105	1	0	1	954
CY207731.1	976	1801	0	1	1	1801
CY207731.1	994	1276	1	0	1	994
CY207732.1	1024	1092	0	1	1	1092
CY207732.1	260	768	1	0	1	260
CY207732.1	272	905	1	0	1	272
CY207732.1	316	511	0	1	1	511
CY207732.1	317	863	1	0	1	317
CY207732.1	350	888	0	1	1	888
CY207732.1	355	510	0	1	1	510
CY207732.1	361	990	1	0	1	361
CY207732.1	376	648	0	1	1	648
CY207732.1	394	765	0	1	1	765
CY207732.1	394	820	0	1	1	820
CY207732.1	401	726	1	0	1	401
CY207732.1	402	693	1	0	1	402
CY207732.1	421	731	0	1	1	731
CY207732.1	434	468	0	1	1	468
CY207732.1	434	678	2	11	13	434
CY207732.1	434	912	1	0	1	434
CY207732.1	435	859	0	1	1	859
CY207732.1	437	1017	0	1	1	1017
CY207732.1	438	496	0	1	1	496
CY207732.1	454	558	1	0	1	454
CY207732.1	454	595	0	1	1	595
CY207732.1	457	608	0	1	1	608
CY207732.1	466	970	0	1	1	970
CY207732.1	472	629	0	1	1	629
CY207732.1	476	994	0	1	1	994
CY207732.1	485	685	0	1	1	685
CY207732.1	506	708	0	1	1	708
CY207732.1	523	990	1	0	1	523
CY207732.1	549	897	5	6	11	549
CY207732.1	567	743	1	0	1	567
CY207732.1	585	754	1	0	1	585
CY207732.1	611	743	1	0	1	611
CY207732.1	638	753	0	1	1	753
CY207732.1	644	958	1	0	1	644
CY207732.1	685	839	1	3	4	685
CY207732.1	692	895	0	1	1	895
CY207732.1	709	935	0	1	1	935
CY207732.1	713	936	1	1	2	713
CY207732.1	715	915	0	1	1	915
CY207732.1	718	860	5	5	10	718
CY207732.1	719	904	1	0	1	719
CY207732.1	725	907	0	1	1	907
CY207732.1	749	872	1	4	5	749
CY207732.1	749	918	1	0	1	749
CY207732.1	754	981	1	0	1	754
CY207732.1	758	789	1	0	1	758
CY207732.1	792	832	0	1	1	832
CY207732.1	801	841	1	3	4	801
CY207732.1	815	1008	1	0	1	815
CY207732.1	817	866	2	1	3	817
CY207732.1	891	933	1	0	1	891
CY207732.1	906	982	1	0	1	906
CY207732.1	924	1040	0	1	1	1040
CY207732.1	973	1036	1	0	1	973
CY207732.1	992	1100	0	1	1	1100
CY207733.1	1001	1177	1	0	1	1001
CY207733.1	1133	1413	0	1	1	1413
CY207733.1	1225	1366	1	0	1	1225
CY207733.1	1255	1423	1	0	1	1255
CY207733.1	1269	1323	0	1	1	1323
CY207733.1	1279	1404	0	1	1	1404
CY207733.1	1299	1433	0	1	1	1433
CY207733.1	1320	1436	9	6	15	1320
CY207733.1	1332	1437	4	2	6	1332
CY207733.1	1375	1402	1	0	1	1375
CY207733.1	1379	1435	15	2	17	1379
CY207733.1	243	1462	1	0	1	243
CY207733.1	268	1152	1	0	1	268
CY207733.1	269	1237	1	0	1	269
CY207733.1	271	308	2	1	3	271
CY207733.1	276	1017	1	0	1	276
CY207733.1	278	1334	1	0	1	278
CY207733.1	282	1253	6	0	6	282
CY207733.1	295	1432	1	0	1	295
CY207733.1	375	1293	0	1	1	1293
CY207733.1	383	1220	6	22	28	383
CY207733.1	393	628	1	0	1	393
CY207733.1	395	1587	0	1	1	1587
CY207733.1	411	1009	1	0	1	411
CY207733.1	412	1409	1	0	1	412
CY207733.1	414	1359	0	1	1	1359
CY207733.1	417	801	1	0	1	417
CY207733.1	420	1366	0	1	1	1366
CY207733.1	427	1456	0	1	1	1456
CY207733.1	438	499	0	1	1	499
CY207733.1	480	1576	0	1	1	1576
CY207733.1	487	978	1	0	1	487
CY207733.1	553	1352	9	0	9	553
CY207733.1	601	948	1	0	1	601
CY207733.1	612	1326	1	1	2	612
CY207733.1	643	1426	1	0	1	643
CY207733.1	654	791	1	0	1	654
CY207733.1	657	928	1	3	4	657
CY207733.1	666	1412	1	0	1	666
CY207733.1	671	1201	1	0	1	671
CY207733.1	788	1470	0	1	1	1470
CY207733.1	793	1449	0	1	1	1449
CY207733.1	798	886	1	0	1	798
CY207733.1	820	1160	0	1	1	1160
CY207733.1	946	1198	0	1	1	1198
CY207733.1	948	1027	1	0	1	948
CY207733.1	954	1171	1	1	2	954
CY207733.1	958	1315	1	0	1	958
CY207733.1	975	1007	0	1	1	1007
CY207734.1	1034	1606	0	1	1	1606
CY207734.1	1061	1504	0	1	1	1504
CY207734.1	1072	1383	0	1	1	1383
CY207734.1	1090	1134	0	1	1	1134
CY207734.1	1102	1494	0	1	1	1494
CY207734.1	1107	1469	0	1	1	1469
CY207734.1	1207	1441	0	1	1	1441
CY207734.1	1375	1572	1	0	1	1375
CY207734.1	1386	1583	0	1	1	1583
CY207734.1	1435	1512	3	1	4	1435
CY207734.1	1467	1595	3	0	3	1467
CY207734.1	1478	1511	0	1	1	1511
CY207734.1	1493	1544	1	0	1	1493
CY207734.1	1564	1625	1	1	2	1564
CY207734.1	244	519	1	0	1	244
CY207734.1	264	838	1	0	1	264
CY207734.1	273	1413	1	0	1	273
CY207734.1	275	1352	1	0	1	275
CY207734.1	279	1393	1	0	1	279
CY207734.1	281	1356	1	0	1	281
CY207734.1	286	1315	1	0	1	286
CY207734.1	308	681	2	0	2	308
CY207734.1	337	1645	0	1	1	1645
CY207734.1	346	817	1	1	2	346
CY207734.1	352	1427	1	0	1	352
CY207734.1	355	1656	0	1	1	1656
CY207734.1	357	742	1	0	1	357
CY207734.1	358	887	1	0	1	358
CY207734.1	394	1298	1	0	1	394
CY207734.1	396	1011	0	1	1	1011
CY207734.1	406	1263	1	0	1	406
CY207734.1	423	1028	0	1	1	1028
CY207734.1	423	1642	0	1	1	1642
CY207734.1	429	1557	1	0	1	429
CY207734.1	430	1522	0	1	1	1522
CY207734.1	452	572	0	1	1	572
CY207734.1	470	544	1	0	1	470
CY207734.1	473	833	0	1	1	833
CY207734.1	479	955	0	1	1	955
CY207734.1	494	1435	1	0	1	494
CY207734.1	502	545	0	1	1	545
CY207734.1	526	725	1	0	1	526
CY207734.1	534	974	0	1	1	974
CY207734.1	538	694	0	1	1	694
CY207734.1	556	1107	1	0	1	556
CY207734.1	559	1565	0	1	1	1565
CY207734.1	562	1690	0	1	1	1690
CY207734.1	565	608	1	0	1	565
CY207734.1	584	1557	0	1	1	1557
CY207734.1	599	1465	1	0	1	599
CY207734.1	612	1446	0	1	1	1446
CY207734.1	619	1228	1	0	1	619
CY207734.1	620	812	1	0	1	620
CY207734.1	623	689	0	1	1	689
CY207734.1	625	1234	2	3	5	625
CY207734.1	640	1093	0	1	1	1093
CY207734.1	641	742	0	1	1	742
CY207734.1	648	757	1	0	1	648
CY207734.1	666	1558	0	1	1	1558
CY207734.1	693	1294	1	0	1	693
CY207734.1	703	1560	0	1	1	1560
CY207734.1	749	1639	1	1	2	749
CY207734.1	759	1208	1	0	1	759
CY207734.1	768	1066	0	1	1	1066
CY207734.1	777	1252	1	0	1	777
CY207734.1	782	943	0	1	1	943
CY207734.1	797	1677	0	1	1	1677
CY207734.1	799	1369	0	1	1	1369
CY207734.1	803	982	4	2	6	803
CY207734.1	824	1049	0	3	3	1049
CY207734.1	832	1048	1	0	1	832
CY207734.1	873	1188	1	0	1	873
CY207734.1	905	1670	0	1	1	1670
CY207734.1	906	955	2	3	5	906
CY207734.1	928	1584	0	1	1	1584
CY207734.1	935	1019	0	1	1	1019
CY207734.1	954	1639	0	1	1	1639
CY207734.1	966	1051	1	3	4	966
CY207734.1	971	1042	1	0	1	971
CY207735.1	1008	1033	0	25	25	1033
CY207735.1	283	875	1	0	1	283
CY207735.1	284	962	6	0	6	284
CY207735.1	316	350	0	1	1	350
CY207735.1	350	865	0	11	11	865
CY207735.1	364	1034	0	1	1	1034
CY207735.1	470	705	2	0	2	470
CY207735.1	477	559	1	0	1	477
CY207735.1	511	740	16	39	55	511
CY207735.1	650	797	0	1	1	797
CY207735.1	850	1006	0	1	1	1006
CY207735.1	935	1009	0	1	1	1009
CY207736.1	1038	1671	1	0	1	1038
CY207736.1	1053	2062	1	0	1	1053
CY207736.1	1059	1145	0	3	3	1145
CY207736.1	1063	1857	0	1	1	1857
CY207736.1	1092	2294	2	2	4	1092
CY207736.1	1099	1125	1	0	1	1099
CY207736.1	1101	1129	1	0	1	1101
CY207736.1	1149	1945	0	1	1	1945
CY207736.1	1167	1654	0	1	1	1654
CY207736.1	1190	2375	0	10	10	2375
CY207736.1	1205	1670	1	0	1	1205
CY207736.1	1223	1628	1	0	1	1223
CY207736.1	1225	1811	1	0	1	1225
CY207736.1	1277	1504	1	0	1	1277
CY207736.1	1324	2003	0	1	1	2003
CY207736.1	1358	1405	0	1	1	1405
CY207736.1	1372	2217	0	1	1	2217
CY207736.1	1392	1777	0	1	1	1777
CY207736.1	1401	2151	0	1	1	2151
CY207736.1	1409	2190	0	2	2	2190
CY207736.1	1484	2159	0	1	1	2159
CY207736.1	1507	2188	0	5	5	2188
CY207736.1	1643	2263	1	0	1	1643
CY207736.1	1655	1884	1	0	1	1655
CY207736.1	1680	1930	1	0	1	1680
CY207736.1	1705	2056	1	0	1	1705
CY207736.1	1789	2006	0	2	2	2006
CY207736.1	1868	2218	0	1	1	2218
CY207736.1	1910	1971	71	89	160	1910
CY207736.1	1920	2137	1	4	5	1920
CY207736.1	1927	2050	0	1	1	2050
CY207736.1	1953	2274	0	1	1	2274
CY207736.1	2064	2149	0	17	17	2149
CY207736.1	2069	2130	0	1	1	2130
CY207736.1	2088	2156	3	0	3	2088
CY207736.1	2131	2164	0	1	1	2164
CY207736.1	2134	2225	1	0	1	2134
CY207736.1	2185	2260	0	1	1	2260
CY207736.1	2218	2249	1	4	5	2218
CY207736.1	272	1752	1	0	1	272
CY207736.1	282	2027	4	0	4	282
CY207736.1	313	2189	0	1	1	2189
CY207736.1	326	2168	0	1	1	2168
CY207736.1	334	2238	0	1	1	2238
CY207736.1	335	2224	1	3	4	335
CY207736.1	336	1401	0	1	1	1401
CY207736.1	343	1297	0	1	1	1297
CY207736.1	345	2162	0	3	3	2162
CY207736.1	363	2032	0	15	15	2032
CY207736.1	365	2143	1	18	19	365
CY207736.1	387	1404	0	1	1	1404
CY207736.1	390	2177	0	3	3	2177
CY207736.1	392	1018	0	1	1	1018
CY207736.1	417	2011	1	1	2	417
CY207736.1	442	2056	13	17	30	442
CY207736.1	454	1693	1	0	1	454
CY207736.1	462	495	2	1	3	462
CY207736.1	468	2064	3	4	7	468
CY207736.1	475	2048	2	9	11	475
CY207736.1	478	2058	3	3	6	478
CY207736.1	483	2006	4	3	7	483
CY207736.1	490	556	64	19	83	490
CY207736.1	491	2060	1	0	1	491
CY207736.1	501	1416	1	0	1	501
CY207736.1	501	2269	1	0	1	501
CY207736.1	509	2028	1	1	2	509
CY207736.1	512	2064	7	4	11	512
CY207736.1	519	2074	2	0	2	519
CY207736.1	529	1594	1	0	1	529
CY207736.1	532	2073	0	5	5	2073
CY207736.1	538	2102	44	67	111	538
CY207736.1	542	1972	0	2	2	1972
CY207736.1	549	2063	7	11	18	549
CY207736.1	572	1888	2	2	4	572
CY207736.1	577	932	1	0	1	577
CY207736.1	586	807	1	0	1	586
CY207736.1	598	904	2	1	3	598
CY207736.1	599	1059	1	0	1	599
CY207736.1	606	1963	3	1	4	606
CY207736.1	622	1039	1	0	1	622
CY207736.1	624	1804	0	2	2	1804
CY207736.1	627	2034	1	4	5	627
CY207736.1	628	2142	0	1	1	2142
CY207736.1	635	716	1	0	1	635
CY207736.1	640	1813	5	3	8	640
CY207736.1	640	1923	2	4	6	640
CY207736.1	666	1798	2	0	2	666
CY207736.1	672	956	0	1	1	956
CY207736.1	678	1955	1	0	1	678
CY207736.1	679	1835	1	0	1	679
CY207736.1	685	1904	4	3	7	685
CY207736.1	689	771	0	1	1	771
CY207736.1	699	1995	2	1	3	699
CY207736.1	703	1841	0	1	1	1841
CY207736.1	703	1842	65	127	192	703
CY207736.1	704	1843	1	0	1	704
CY207736.1	708	824	1	0	1	708
CY207736.1	709	1131	1	0	1	709
CY207736.1	713	2215	0	1	1	2215
CY207736.1	715	1853	0	2	2	1853
CY207736.1	728	1827	3	1	4	728
CY207736.1	733	1997	0	1	1	1997
CY207736.1	736	1890	0	1	1	1890
CY207736.1	761	1572	1	0	1	761
CY207736.1	762	2038	1	0	1	762
CY207736.1	773	1863	3	1	4	773
CY207736.1	775	1902	5	2	7	775
CY207736.1	782	1726	7	4	11	782
CY207736.1	782	1902	0	1	1	1902
CY207736.1	790	1636	1	0	1	790
CY207736.1	802	1989	0	1	1	1989
CY207736.1	809	2033	1	0	1	809
CY207736.1	835	1720	2	2	4	835
CY207736.1	836	2036	0	1	1	2036
CY207736.1	840	1950	0	1	1	1950
CY207736.1	845	1454	0	1	1	1454
CY207736.1	846	1171	0	1	1	1171
CY207736.1	846	1300	1	0	1	846
CY207736.1	851	1736	13	8	21	851
CY207736.1	852	989	1	0	1	852
CY207736.1	862	1516	1	0	1	862
CY207736.1	863	1818	0	1	1	1818
CY207736.1	888	1754	0	1	1	1754
CY207736.1	892	1473	0	1	1	1473
CY207736.1	908	1667	13	22	35	908
CY207736.1	912	1457	0	1	1	1457
CY207736.1	913	1176	1	0	1	913
CY207736.1	916	1882	0	1	1	1882
CY207736.1	917	1676	0	1	1	1676
CY207736.1	924	2015	0	1	1	2015
CY207736.1	924	2345	0	1	1	2345
CY207736.1	927	964	0	1	1	964
CY207736.1	932	1012	0	1	1	1012
CY207736.1	933	2254	1	3	4	933
CY207736.1	952	2227	0	1	1	2227
CY207737.1	1021	1222	1	0	1	1021
CY207737.1	1022	2254	0	1	1	2254
CY207737.1	1050	2008	1	2	3	1050
CY207737.1	1065	1422	1	0	1	1065
CY207737.1	1110	2305	0	1	1	2305
CY207737.1	1129	2050	1	0	1	1129
CY207737.1	1163	1437	0	1	1	1437
CY207737.1	1168	1298	1	0	1	1168
CY207737.1	1177	1238	0	1	1	1238
CY207737.1	1283	2173	0	1	1	2173
CY207737.1	1337	1434	0	1	1	1434
CY207737.1	1418	1826	1	0	1	1418
CY207737.1	1440	1562	1	0	1	1440
CY207737.1	1462	1758	0	1	1	1758
CY207737.1	1511	1932	0	1	1	1932
CY207737.1	1567	1854	0	1	1	1854
CY207737.1	1576	2459	0	1	1	2459
CY207737.1	1777	2061	1	0	1	1777
CY207737.1	1814	2267	1	0	1	1814
CY207737.1	2090	2120	1	2	3	2090
CY207737.1	247	289	13	0	13	247
CY207737.1	255	356	1	0	1	255
CY207737.1	313	2120	1	0	1	313
CY207737.1	341	614	1	0	1	341
CY207737.1	378	922	1	0	1	378
CY207737.1	384	1315	0	2	2	1315
CY207737.1	388	423	0	1	1	423
CY207737.1	441	2041	1	0	1	441
CY207737.1	448	2187	7	3	10	448
CY207737.1	474	2275	0	1	1	2275
CY207737.1	513	999	1	0	1	513
CY207737.1	526	2093	11	3	14	526
CY207737.1	532	557	0	1	1	557
CY207737.1	556	2021	1	0	1	556
CY207737.1	614	1971	1	2	3	614
CY207737.1	681	1452	0	1	1	1452
CY207737.1	736	1215	1	0	1	736
CY207737.1	738	1933	0	1	1	1933
CY207737.1	800	1137	1	0	1	800
CY207737.1	819	1349	1	0	1	819
CY207737.1	824	1920	0	1	1	1920
CY207737.1	881	1282	1	0	1	881
CY207737.1	908	1868	1	2	3	908
CY207737.1	966	1677	0	1	1	1677
CY207737.1	984	2035	1	0	1	984
CY207737.1	991	2370	1	0	1	991
CY207738.1	1016	1972	0	1	1	1972
CY207738.1	1021	1909	0	1	1	1909
CY207738.1	1049	1773	1	0	1	1049
CY207738.1	1073	1123	0	1	1	1123
CY207738.1	1095	1573	0	1	1	1573
CY207738.1	1158	2196	1	0	1	1158
CY207738.1	1178	1284	1	1	2	1178
CY207738.1	1252	1320	0	1	1	1320
CY207738.1	1306	2076	0	1	1	2076
CY207738.1	1323	1854	1	0	1	1323
CY207738.1	1330	1397	1	0	1	1330
CY207738.1	1366	1992	0	1	1	1992
CY207738.1	1389	2332	0	1	1	2332
CY207738.1	1393	2039	0	3	3	2039
CY207738.1	1461	1495	1	0	1	1461
CY207738.1	1467	2061	0	1	1	2061
CY207738.1	1552	2089	0	1	1	2089
CY207738.1	1604	1645	1	0	1	1604
CY207738.1	1678	1816	0	1	1	1816
CY207738.1	1683	1886	0	1	1	1886
CY207738.1	1687	1849	0	1	1	1849
CY207738.1	1726	1860	3	0	3	1726
CY207738.1	1762	2362	0	1	1	2362
CY207738.1	1770	1852	1	2	3	1770
CY207738.1	2044	2168	1	0	1	2044
CY207738.1	2072	2198	57	121	178	2072
CY207738.1	2100	2448	0	1	1	2448
CY207738.1	2129	2195	0	2	2	2195
CY207738.1	2196	2241	1	0	1	2196
CY207738.1	262	1022	1	0	1	262
CY207738.1	271	727	1	0	1	271
CY207738.1	280	1681	1	0	1	280
CY207738.1	282	1632	1	0	1	282
CY207738.1	282	715	1	0	1	282
CY207738.1	318	1073	0	1	1	1073
CY207738.1	365	736	0	1	1	736
CY207738.1	367	2317	1	3	4	367
CY207738.1	368	2143	0	8	8	2143
CY207738.1	376	2282	0	8	8	2282
CY207738.1	380	2247	0	1	1	2247
CY207738.1	382	1719	0	1	1	1719
CY207738.1	387	2263	0	8	8	2263
CY207738.1	391	1273	0	1	1	1273
CY207738.1	394	1047	0	1	1	1047
CY207738.1	413	537	0	1	1	537
CY207738.1	418	2314	8	0	8	418
CY207738.1	420	2093	1	14	15	420
CY207738.1	420	2277	1	15	16	420
CY207738.1	424	1256	0	1	1	1256
CY207738.1	426	1982	0	1	1	1982
CY207738.1	427	2367	0	1	1	2367
CY207738.1	434	1242	0	1	1	1242
CY207738.1	440	1762	1	0	1	440
CY207738.1	443	2216	0	1	1	2216
CY207738.1	446	921	0	1	1	921
CY207738.1	452	2280	2	5	7	452
CY207738.1	464	2195	4	15	19	464
CY207738.1	465	1569	1	0	1	465
CY207738.1	480	1883	1	0	1	480
CY207738.1	481	2185	3	13	16	481
CY207738.1	483	2002	64	275	339	483
CY207738.1	484	1998	1	0	1	484
CY207738.1	496	2264	1	15	16	496
CY207738.1	509	2341	0	1	1	2341
CY207738.1	522	2053	0	6	6	2053
CY207738.1	523	1657	1	0	1	523
CY207738.1	523	2071	0	6	6	2071
CY207738.1	523	2210	18	34	52	523
CY207738.1	529	2032	0	1	1	2032
CY207738.1	534	1475	0	1	1	1475
CY207738.1	536	1879	1	0	1	536
CY207738.1	545	1744	1	0	1	545
CY207738.1	596	2008	0	1	1	2008
CY207738.1	601	1974	0	1	1	1974
CY207738.1	607	1956	0	1	1	1956
CY207738.1	623	775	0	1	1	775
CY207738.1	656	1187	0	1	1	1187
CY207738.1	657	1802	0	1	1	1802
CY207738.1	659	1746	1	0	1	659
CY207738.1	662	2008	2	5	7	662
CY207738.1	671	2073	0	1	1	2073
CY207738.1	673	954	1	0	1	673
CY207738.1	682	1742	1	0	1	682
CY207738.1	706	1900	1	0	1	706
CY207738.1	717	2069	1	0	1	717
CY207738.1	731	2258	0	1	1	2258
CY207738.1	739	1271	1	0	1	739
CY207738.1	755	1449	1	0	1	755
CY207738.1	758	1075	1	0	1	758
CY207738.1	769	1824	1	0	1	769
CY207738.1	777	1698	0	1	1	1698
CY207738.1	778	1475	0	1	1	1475
CY207738.1	785	1872	2	5	7	785
CY207738.1	802	1866	0	1	1	1866
CY207738.1	808	1814	28	15	43	808
CY207738.1	811	2215	6	6	12	811
CY207738.1	825	1705	1	0	1	825
CY207738.1	828	1682	1	0	1	828
CY207738.1	841	1720	8	8	16	841
CY207738.1	842	2300	1	0	1	842
CY207738.1	846	1831	0	1	1	1831
CY207738.1	856	1336	0	1	1	1336
CY207738.1	873	1877	1	0	1	873
CY207738.1	877	1767	0	1	1	1767
CY207738.1	877	2184	0	4	4	2184
CY207738.1	896	2203	0	1	1	2203
CY207738.1	951	1637	1	0	1	951
CY207738.1	951	2032	0	1	1	2032
CY207738.1	975	2060	0	1	1	2060
