Segment	Start	Stop	Forward_support	Reverse_support	Total_support	Fuzz_factor
CY207731.1	1006	1104	0	1	1	1104
CY207731.1	1044	1877	0	1	1	1877
CY207731.1	1066	1357	1	0	1	1066
CY207731.1	1068	1438	1	1	2	1068
CY207731.1	1131	1452	0	1	1	1452
CY207731.1	1138	1209	1	0	1	1138
CY207731.1	1178	1403	0	1	1	1403
CY207731.1	1218	1373	0	1	1	1373
CY207731.1	1250	1663	0	1	1	1663
CY207731.1	1255	1639	1	0	1	1255
CY207731.1	1304	1326	1	0	1	1304
CY207731.1	1307	1588	1	0	1	1307
CY207731.1	1321	1550	0	1	1	1550
CY207731.1	1325	1535	0	1	1	1535
CY207731.1	1355	1788	0	1	1	1788
CY207731.1	1392	1879	0	1	1	1879
CY207731.1	1393	1566	0	1	1	1566
CY207731.1	1412	1514	1	0	1	1412
CY207731.1	1430	1680	0	1	1	1680
CY207731.1	1443	1616	1	0	1	1443
CY207731.1	1456	1646	0	1	1	1646
CY207731.1	1458	1741	1	0	1	1458
CY207731.1	1517	1794	0	2	2	1794
CY207731.1	1518	1634	0	1	1	1634
CY207731.1	1634	1747	1	0	1	1634
CY207731.1	1649	1690	0	2	2	1690
CY207731.1	1658	1734	1	0	1	1658
CY207731.1	1706	1893	0	1	1	1893
CY207731.1	1717	1898	0	1	1	1898
CY207731.1	263	1327	1	0	1	263
CY207731.1	268	290	1	0	1	268
CY207731.1	287	1334	1	0	1	287
CY207731.1	293	340	1	0	1	293
CY207731.1	363	1223	1	0	1	363
CY207731.1	373	1485	0	1	1	1485
CY207731.1	390	1752	1	0	1	390
CY207731.1	398	537	0	1	1	537
CY207731.1	405	1200	0	1	1	1200
CY207731.1	427	540	0	2	2	540
CY207731.1	428	1593	0	3	3	1593
CY207731.1	430	453	0	1	1	453
CY207731.1	450	1229	0	1	1	1229
CY207731.1	450	971	0	1	1	971
CY207731.1	453	544	0	1	1	544
CY207731.1	462	1135	1	0	1	462
CY207731.1	467	741	1	0	1	467
CY207731.1	477	902	1	0	1	477
CY207731.1	483	824	1	0	1	483
CY207731.1	491	1067	0	1	1	1067
CY207731.1	492	1308	1	0	1	492
CY207731.1	492	1313	2	3	5	492
CY207731.1	494	999	1	2	3	494
CY207731.1	498	1157	0	1	1	1157
CY207731.1	518	1330	1	0	1	518
CY207731.1	527	564	0	1	1	564
CY207731.1	543	1831	0	1	1	1831
CY207731.1	560	916	1	0	1	560
CY207731.1	565	1641	1	1	2	565
CY207731.1	660	1621	1	0	1	660
CY207731.1	667	1736	1	0	1	667
CY207731.1	675	1420	1	0	1	675
CY207731.1	682	1382	0	1	1	1382
CY207731.1	684	1543	0	1	1	1543
CY207731.1	743	1710	0	1	1	1710
CY207731.1	759	1127	1	0	1	759
CY207731.1	837	1539	0	1	1	1539
CY207731.1	843	1158	0	1	1	1158
CY207731.1	869	1117	0	1	1	1117
CY207731.1	937	1130	1	0	1	937
CY207732.1	1004	1066	0	1	1	1066
CY207732.1	1053	1126	0	1	1	1126
CY207732.1	254	548	6	0	6	254
CY207732.1	268	550	5	0	5	268
CY207732.1	274	752	1	0	1	274
CY207732.1	275	848	4	0	4	275
CY207732.1	321	802	2	1	3	321
CY207732.1	330	1041	0	1	1	1041
CY207732.1	338	1038	1	0	1	338
CY207732.1	351	977	1	0	1	351
CY207732.1	355	759	0	1	1	759
CY207732.1	356	766	1	0	1	356
CY207732.1	369	938	1	1	2	369
CY207732.1	378	684	0	1	1	684
CY207732.1	395	505	0	1	1	505
CY207732.1	396	970	1	0	1	396
CY207732.1	404	661	0	1	1	661
CY207732.1	419	706	0	1	1	706
CY207732.1	419	992	0	1	1	992
CY207732.1	440	1146	0	1	1	1146
CY207732.1	445	1043	0	1	1	1043
CY207732.1	445	863	0	1	1	863
CY207732.1	455	1017	1	0	1	455
CY207732.1	466	936	0	1	1	936
CY207732.1	468	988	1	0	1	468
CY207732.1	474	755	0	1	1	755
CY207732.1	485	692	0	1	1	692
CY207732.1	502	608	1	0	1	502
CY207732.1	506	891	1	0	1	506
CY207732.1	511	600	0	1	1	600
CY207732.1	528	641	0	1	1	641
CY207732.1	540	825	1	0	1	540
CY207732.1	540	914	1	0	1	540
CY207732.1	547	776	0	1	1	776
CY207732.1	555	977	1	0	1	555
CY207732.1	561	650	0	1	1	650
CY207732.1	562	586	1	0	1	562
CY207732.1	584	633	0	1	1	633
CY207732.1	589	668	0	1	1	668
CY207732.1	589	862	2	3	5	589
CY207732.1	591	792	1	0	1	591
CY207732.1	593	1023	1	1	2	593
CY207732.1	600	832	1	0	1	600
CY207732.1	634	1008	1	0	1	634
CY207732.1	647	913	1	0	1	647
CY207732.1	674	798	1	0	1	674
CY207732.1	679	815	3	4	7	679
CY207732.1	681	747	0	1	1	747
CY207732.1	681	856	1	0	1	681
CY207732.1	683	856	1	0	1	683
CY207732.1	685	839	0	2	2	839
CY207732.1	686	801	1	0	1	686
CY207732.1	701	754	0	1	1	754
CY207732.1	718	860	2	6	8	718
CY207732.1	748	1111	0	1	1	1111
CY207732.1	760	968	1	0	1	760
CY207732.1	768	850	1	0	1	768
CY207732.1	776	820	1	0	1	776
CY207732.1	800	986	0	1	1	986
CY207732.1	804	1014	1	1	2	804
CY207732.1	830	1017	0	1	1	1017
CY207732.1	848	989	1	0	1	848
CY207732.1	890	951	1	0	1	890
CY207732.1	909	1149	0	1	1	1149
CY207732.1	941	1066	0	1	1	1066
CY207732.1	943	1027	1	0	1	943
CY207732.1	951	1002	0	2	2	1002
CY207733.1	1018	1074	0	2	2	1074
CY207733.1	1020	1171	1	0	1	1020
CY207733.1	1121	1265	0	1	1	1265
CY207733.1	1294	1485	1	0	1	1294
CY207733.1	1377	1455	1	0	1	1377
CY207733.1	322	1312	0	1	1	1312
CY207733.1	371	1036	0	1	1	1036
CY207733.1	388	1429	0	1	1	1429
CY207733.1	389	517	0	1	1	517
CY207733.1	409	855	1	0	1	409
CY207733.1	442	1125	3	4	7	442
CY207733.1	460	1314	0	1	1	1314
CY207733.1	513	1083	0	1	1	1083
CY207733.1	517	666	0	1	1	666
CY207733.1	534	1202	0	1	1	1202
CY207733.1	537	965	0	1	1	965
CY207733.1	580	1030	1	0	1	580
CY207733.1	588	612	0	1	1	612
CY207733.1	627	1255	0	1	1	1255
CY207733.1	642	784	1	0	1	642
CY207733.1	739	1125	0	1	1	1125
CY207733.1	752	1143	1	0	1	752
CY207733.1	774	1331	0	1	1	1331
CY207733.1	825	867	1	0	1	825
CY207733.1	954	1032	0	1	1	1032
CY207734.1	1006	1056	0	1	1	1056
CY207734.1	1018	1540	1	0	1	1018
CY207734.1	1023	1330	0	1	1	1330
CY207734.1	1124	1371	1	0	1	1124
CY207734.1	1357	1401	0	1	1	1401
CY207734.1	1413	1452	1	0	1	1413
CY207734.1	1442	1566	1	0	1	1442
CY207734.1	1459	1533	0	1	1	1533
CY207734.1	1460	1601	0	1	1	1601
CY207734.1	280	650	1	0	1	280
CY207734.1	343	1430	1	0	1	343
CY207734.1	408	669	1	0	1	408
CY207734.1	409	870	0	4	4	870
CY207734.1	411	851	0	3	3	851
CY207734.1	414	838	1	0	1	414
CY207734.1	423	552	0	1	1	552
CY207734.1	430	741	1	0	1	430
CY207734.1	440	1495	0	1	1	1495
CY207734.1	444	1098	1	0	1	444
CY207734.1	446	908	0	1	1	908
CY207734.1	473	558	1	0	1	473
CY207734.1	474	1396	1	2	3	474
CY207734.1	478	600	0	1	1	600
CY207734.1	504	1174	1	0	1	504
CY207734.1	515	1118	0	1	1	1118
CY207734.1	521	1118	0	1	1	1118
CY207734.1	521	841	3	0	3	521
CY207734.1	527	898	1	0	1	527
CY207734.1	538	866	0	1	1	866
CY207734.1	564	1502	1	0	1	564
CY207734.1	588	729	1	0	1	588
CY207734.1	619	1228	1	0	1	619
CY207734.1	622	1027	0	1	1	1027
CY207734.1	625	1234	2	1	3	625
CY207734.1	631	1486	0	1	1	1486
CY207734.1	662	818	0	1	1	818
CY207734.1	677	733	1	0	1	677
CY207734.1	723	907	0	1	1	907
CY207734.1	730	905	0	1	1	905
CY207734.1	735	1377	0	1	1	1377
CY207734.1	757	1302	1	0	1	757
CY207734.1	758	784	1	0	1	758
CY207734.1	760	1297	1	0	1	760
CY207734.1	800	879	1	0	1	800
CY207734.1	808	926	1	0	1	808
CY207734.1	874	1672	0	1	1	1672
CY207734.1	880	1128	1	0	1	880
CY207734.1	882	1381	1	0	1	882
CY207734.1	896	1186	1	1	2	896
CY207734.1	897	927	0	1	1	927
CY207734.1	905	1360	0	1	1	1360
CY207734.1	909	976	1	0	1	909
CY207734.1	927	1397	1	0	1	927
CY207734.1	947	1048	0	1	1	1048
CY207734.1	947	1234	0	1	1	1234
CY207734.1	981	1047	0	1	1	1047
CY207735.1	257	864	1	0	1	257
CY207735.1	340	385	1	0	1	340
CY207735.1	350	771	2	0	2	350
CY207735.1	412	883	0	2	2	883
CY207735.1	459	922	0	2	2	922
CY207735.1	465	595	0	1	1	595
CY207735.1	481	716	1	0	1	481
CY207735.1	499	729	2	0	2	499
CY207735.1	511	740	16	34	50	511
CY207735.1	519	746	0	3	3	746
CY207735.1	579	813	0	1	1	813
CY207735.1	648	684	1	0	1	648
CY207735.1	772	802	1	0	1	772
CY207735.1	787	845	1	0	1	787
CY207736.1	1014	1070	1	0	1	1014
CY207736.1	1027	1716	1	0	1	1027
CY207736.1	1054	1262	1	0	1	1054
CY207736.1	1090	1624	0	1	1	1624
CY207736.1	1242	1686	1	1	2	1242
CY207736.1	1271	1596	0	1	1	1596
CY207736.1	1303	2208	0	1	1	2208
CY207736.1	1343	2374	0	1	1	2374
CY207736.1	1375	1995	0	1	1	1995
CY207736.1	1391	2011	0	1	1	2011
CY207736.1	1395	1450	1	0	1	1395
CY207736.1	1485	1989	1	0	1	1485
CY207736.1	1546	1967	1	1	2	1546
CY207736.1	1565	2048	0	1	1	2048
CY207736.1	1566	1995	2	3	5	1566
CY207736.1	1570	2243	0	1	1	2243
CY207736.1	1573	1848	1	1	2	1573
CY207736.1	1603	1681	1	0	1	1603
CY207736.1	1704	1744	0	1	1	1744
CY207736.1	1725	2040	1	0	1	1725
CY207736.1	1746	1997	1	0	1	1746
CY207736.1	1760	2093	1	0	1	1760
CY207736.1	1779	1827	1	0	1	1779
CY207736.1	1788	2095	0	1	1	2095
CY207736.1	1871	1943	2	0	2	1871
CY207736.1	1906	2239	0	1	1	2239
CY207736.1	1933	2067	1	0	1	1933
CY207736.1	1996	2379	0	1	1	2379
CY207736.1	2008	2033	0	1	1	2033
CY207736.1	2010	2059	1	0	1	2010
CY207736.1	2029	2066	2	1	3	2029
CY207736.1	2030	2172	1	1	2	2030
CY207736.1	2059	2377	0	1	1	2377
CY207736.1	2103	2132	13	13	26	2103
CY207736.1	2121	2145	1	0	1	2121
CY207736.1	2130	2172	6	1	7	2130
CY207736.1	2132	2180	1	0	1	2132
CY207736.1	2201	2381	0	1	1	2381
CY207736.1	2221	2350	0	1	1	2350
CY207736.1	243	681	1	0	1	243
CY207736.1	253	283	2	0	2	253
CY207736.1	266	2253	1	0	1	266
CY207736.1	282	390	1	0	1	282
CY207736.1	282	512	1	0	1	282
CY207736.1	286	315	3	0	3	286
CY207736.1	325	2241	0	1	1	2241
CY207736.1	333	1915	0	1	1	1915
CY207736.1	334	2034	3	4	7	334
CY207736.1	334	2133	0	2	2	2133
CY207736.1	353	2010	0	1	1	2010
CY207736.1	360	2142	2	0	2	360
CY207736.1	360	2181	1	1	2	360
CY207736.1	370	2132	1	1	2	370
CY207736.1	386	1652	1	0	1	386
CY207736.1	389	1655	0	1	1	1655
CY207736.1	404	2134	0	1	1	2134
CY207736.1	415	2147	0	3	3	2147
CY207736.1	415	2162	0	1	1	2162
CY207736.1	417	2148	0	1	1	2148
CY207736.1	446	1007	0	1	1	1007
CY207736.1	448	2169	2	2	4	448
CY207736.1	448	2265	2	0	2	448
CY207736.1	448	512	1	0	1	448
CY207736.1	455	2149	0	2	2	2149
CY207736.1	459	2042	1	1	2	459
CY207736.1	463	2021	1	0	1	463
CY207736.1	470	2040	1	0	1	470
CY207736.1	471	2164	0	1	1	2164
CY207736.1	475	1517	0	1	1	1517
CY207736.1	477	1961	1	1	2	477
CY207736.1	477	2049	9	19	28	477
CY207736.1	478	2010	1	0	1	478
CY207736.1	481	2080	0	1	1	2080
CY207736.1	484	2225	2	0	2	484
CY207736.1	485	2156	4	0	4	485
CY207736.1	486	1823	0	1	1	1823
CY207736.1	490	2064	1	2	3	490
CY207736.1	495	2066	1	0	1	495
CY207736.1	495	638	1	0	1	495
CY207736.1	497	2028	0	1	1	2028
CY207736.1	500	2061	3	4	7	500
CY207736.1	500	2064	1	0	1	500
CY207736.1	505	1223	0	1	1	1223
CY207736.1	511	2009	1	0	1	511
CY207736.1	514	2162	1	0	1	514
CY207736.1	523	2296	1	0	1	523
CY207736.1	537	2015	3	0	3	537
CY207736.1	538	2034	0	1	1	2034
CY207736.1	548	2057	0	1	1	2057
CY207736.1	549	1560	1	1	2	549
CY207736.1	549	2177	1	0	1	549
CY207736.1	551	1549	1	0	1	551
CY207736.1	551	2009	2	0	2	551
CY207736.1	555	2028	0	1	1	2028
CY207736.1	562	1700	1	0	1	562
CY207736.1	563	2005	1	0	1	563
CY207736.1	563	2059	1	0	1	563
CY207736.1	564	904	1	0	1	564
CY207736.1	565	1693	3	0	3	565
CY207736.1	565	1950	1	0	1	565
CY207736.1	571	1378	0	1	1	1378
CY207736.1	572	1019	1	0	1	572
CY207736.1	574	2014	1	0	1	574
CY207736.1	575	2009	0	1	1	2009
CY207736.1	581	1927	1	0	1	581
CY207736.1	581	2010	1	0	1	581
CY207736.1	596	2002	2	0	2	596
CY207736.1	598	904	2	0	2	598
CY207736.1	599	2013	0	1	1	2013
CY207736.1	602	1950	1	0	1	602
CY207736.1	608	1963	1	2	3	608
CY207736.1	615	1437	1	0	1	615
CY207736.1	618	1814	1	1	2	618
CY207736.1	618	1868	2	1	3	618
CY207736.1	622	1946	1	0	1	622
CY207736.1	628	1669	0	1	1	1669
CY207736.1	628	1915	1	0	1	628
CY207736.1	638	1366	1	0	1	638
CY207736.1	645	1837	1	0	1	645
CY207736.1	649	1871	2	0	2	649
CY207736.1	654	1826	0	1	1	1826
CY207736.1	656	1844	0	2	2	1844
CY207736.1	656	1903	1	0	1	656
CY207736.1	666	1002	1	0	1	666
CY207736.1	673	1720	1	0	1	673
CY207736.1	674	1642	1	0	1	674
CY207736.1	678	1955	0	1	1	1955
CY207736.1	683	1102	0	1	1	1102
CY207736.1	688	2080	0	2	2	2080
CY207736.1	691	1877	0	1	1	1877
CY207736.1	692	1657	1	1	2	692
CY207736.1	699	1995	1	0	1	699
CY207736.1	703	1869	0	2	2	1869
CY207736.1	704	1981	1	0	1	704
CY207736.1	704	2330	0	1	1	2330
CY207736.1	713	1950	2	2	4	713
CY207736.1	715	1806	1	1	2	715
CY207736.1	724	1575	1	0	1	724
CY207736.1	724	1972	1	0	1	724
CY207736.1	731	1981	2	0	2	731
CY207736.1	737	1737	0	2	2	1737
CY207736.1	744	1833	0	1	1	1833
CY207736.1	745	1834	1	0	1	745
CY207736.1	749	1792	1	0	1	749
CY207736.1	751	1981	1	0	1	751
CY207736.1	753	1983	0	1	1	1983
CY207736.1	755	1737	1	0	1	755
CY207736.1	757	1837	2	0	2	757
CY207736.1	761	1771	1	0	1	761
CY207736.1	765	1683	3	0	3	765
CY207736.1	768	1447	1	0	1	768
CY207736.1	769	2080	3	1	4	769
CY207736.1	776	1127	0	1	1	1127
CY207736.1	786	1814	0	1	1	1814
CY207736.1	787	1826	1	1	2	787
CY207736.1	793	1145	1	0	1	793
CY207736.1	798	1677	2	0	2	798
CY207736.1	805	1533	1	1	2	805
CY207736.1	829	1807	1	1	2	829
CY207736.1	838	1303	0	1	1	1303
CY207736.1	848	1599	0	1	1	1599
CY207736.1	848	1679	1	0	1	848
CY207736.1	863	1725	2	0	2	863
CY207736.1	879	1600	2	1	3	879
CY207736.1	884	1912	0	1	1	1912
CY207736.1	886	1769	1	2	3	886
CY207736.1	894	993	1	0	1	894
CY207736.1	897	2302	0	1	1	2302
CY207736.1	901	1680	1	0	1	901
CY207736.1	911	950	1	0	1	911
CY207736.1	915	1667	0	1	1	1667
CY207736.1	918	1741	0	1	1	1741
CY207736.1	923	1845	1	0	1	923
CY207736.1	930	1721	1	2	3	930
CY207736.1	934	1643	0	1	1	1643
CY207736.1	947	1652	1	0	1	947
CY207737.1	1017	1788	1	1	2	1017
CY207737.1	1045	1844	0	3	3	1844
CY207737.1	1095	2294	0	1	1	2294
CY207737.1	1100	2111	1	4	5	1100
CY207737.1	1117	2461	0	1	1	2461
CY207737.1	1235	1678	0	1	1	1678
CY207737.1	1446	2470	0	1	1	2470
CY207737.1	1479	1526	0	1	1	1526
CY207737.1	1488	1692	0	1	1	1692
CY207737.1	1495	1623	1	0	1	1495
CY207737.1	1574	1739	0	1	1	1739
CY207737.1	1579	2266	1	0	1	1579
CY207737.1	1603	2348	1	0	1	1603
CY207737.1	1670	2232	0	1	1	2232
CY207737.1	1703	2337	0	1	1	2337
CY207737.1	1832	1859	0	1	1	1859
CY207737.1	1923	2463	0	1	1	2463
CY207737.1	1962	2000	0	1	1	2000
CY207737.1	2054	2094	1	0	1	2054
CY207737.1	2061	2180	1	0	1	2061
CY207737.1	2076	2121	1	0	1	2076
CY207737.1	2128	2225	0	1	1	2225
CY207737.1	2128	2314	1	0	1	2128
CY207737.1	2283	2355	1	1	2	2283
CY207737.1	241	294	4	0	4	241
CY207737.1	261	291	2	0	2	261
CY207737.1	261	298	2	0	2	261
CY207737.1	315	2193	0	1	1	2193
CY207737.1	346	1160	1	0	1	346
CY207737.1	382	2303	1	0	1	382
CY207737.1	398	2229	1	1	2	398
CY207737.1	410	1397	1	0	1	410
CY207737.1	422	2299	2	0	2	422
CY207737.1	425	2303	35	2	37	425
CY207737.1	436	2138	1	0	1	436
CY207737.1	462	2205	0	1	1	2205
CY207737.1	473	1447	1	0	1	473
CY207737.1	515	1576	1	1	2	515
CY207737.1	516	2386	1	0	1	516
CY207737.1	529	2035	1	0	1	529
CY207737.1	542	2047	1	0	1	542
CY207737.1	556	956	0	1	1	956
CY207737.1	571	1510	1	0	1	571
CY207737.1	581	901	0	1	1	901
CY207737.1	582	609	1	0	1	582
CY207737.1	583	1831	0	1	1	1831
CY207737.1	588	2119	1	1	2	588
CY207737.1	615	1759	1	0	1	615
CY207737.1	621	2023	0	1	1	2023
CY207737.1	626	2232	2	1	3	626
CY207737.1	658	1771	2	0	2	658
CY207737.1	664	1067	1	0	1	664
CY207737.1	681	1734	2	0	2	681
CY207737.1	681	2066	0	1	1	2066
CY207737.1	693	2059	2	1	3	693
CY207737.1	736	2019	0	1	1	2019
CY207737.1	745	1965	1	0	1	745
CY207737.1	745	2013	0	1	1	2013
CY207737.1	750	2008	1	1	2	750
CY207737.1	753	2013	1	2	3	753
CY207737.1	759	1908	0	1	1	1908
CY207737.1	759	1997	1	3	4	759
CY207737.1	790	1970	1	0	1	790
CY207737.1	813	1733	1	1	2	813
CY207737.1	827	1828	1	0	1	827
CY207737.1	842	1634	0	1	1	1634
CY207737.1	867	1774	1	1	2	867
CY207737.1	873	1759	0	1	1	1759
CY207737.1	888	1748	1	0	1	888
CY207737.1	888	1768	1	0	1	888
CY207737.1	888	1881	0	2	2	1881
CY207737.1	902	1037	0	1	1	1037
CY207737.1	929	1305	1	0	1	929
CY207737.1	935	1542	1	0	1	935
CY207737.1	961	1723	0	1	1	1723
CY207737.1	994	1739	0	1	1	1739
CY207738.1	1025	1217	1	0	1	1025
CY207738.1	1040	1297	1	0	1	1040
CY207738.1	1055	1868	0	1	1	1868
CY207738.1	1056	1625	1	0	1	1056
CY207738.1	1068	1631	0	1	1	1631
CY207738.1	1112	1768	1	0	1	1112
CY207738.1	1139	1249	0	1	1	1249
CY207738.1	1143	1265	1	0	1	1143
CY207738.1	1191	1868	0	1	1	1868
CY207738.1	1284	2164	0	1	1	2164
CY207738.1	1286	2281	0	1	1	2281
CY207738.1	1291	1372	0	1	1	1372
CY207738.1	1402	1488	0	1	1	1488
CY207738.1	1403	1647	1	0	1	1403
CY207738.1	1431	1778	0	1	1	1778
CY207738.1	1434	1627	1	0	1	1434
CY207738.1	1437	1655	1	0	1	1437
CY207738.1	1603	1683	0	1	1	1683
CY207738.1	1660	2202	1	0	1	1660
CY207738.1	1665	2010	1	0	1	1665
CY207738.1	1684	2458	0	1	1	2458
CY207738.1	1770	1852	0	1	1	1852
CY207738.1	1912	1967	1	0	1	1912
CY207738.1	2019	2071	2	10	12	2019
CY207738.1	2023	2352	0	1	1	2352
CY207738.1	2177	2407	1	0	1	2177
CY207738.1	2386	2455	0	1	1	2455
CY207738.1	2392	2428	2	2	4	2392
CY207738.1	282	2147	1	0	1	282
CY207738.1	286	1957	1	0	1	286
CY207738.1	304	2161	0	1	1	2161
CY207738.1	345	2386	1	0	1	345
CY207738.1	362	2054	0	1	1	2054
CY207738.1	367	2313	1	0	1	367
CY207738.1	371	1218	0	3	3	1218
CY207738.1	374	2131	11	21	32	374
CY207738.1	377	2285	0	4	4	2285
CY207738.1	389	2275	0	2	2	2275
CY207738.1	394	2179	0	2	2	2179
CY207738.1	399	2034	1	0	1	399
CY207738.1	414	2188	1	9	10	414
CY207738.1	420	2241	0	1	1	2241
CY207738.1	425	992	0	1	1	992
CY207738.1	431	2292	0	1	1	2292
CY207738.1	432	1951	2	12	14	432
CY207738.1	435	1453	1	3	4	435
CY207738.1	437	2144	1	0	1	437
CY207738.1	464	2220	1	0	1	464
CY207738.1	466	780	0	1	1	780
CY207738.1	467	1297	0	1	1	1297
CY207738.1	469	1717	0	1	1	1717
CY207738.1	484	2334	0	1	1	2334
CY207738.1	493	1982	0	1	1	1982
CY207738.1	516	1092	1	0	1	516
CY207738.1	522	1704	0	1	1	1704
CY207738.1	552	1562	0	2	2	1562
CY207738.1	555	1882	0	1	1	1882
CY207738.1	586	2077	1	0	1	586
CY207738.1	586	2134	0	1	1	2134
CY207738.1	603	2067	0	1	1	2067
CY207738.1	624	2142	1	0	1	624
CY207738.1	628	2068	1	0	1	628
CY207738.1	641	2101	0	2	2	2101
CY207738.1	644	1821	1	0	1	644
CY207738.1	644	2082	1	1	2	644
CY207738.1	651	2055	0	3	3	2055
CY207738.1	661	1511	0	1	1	1511
CY207738.1	673	2099	0	1	1	2099
CY207738.1	675	1997	0	1	1	1997
CY207738.1	692	1980	1	0	1	692
CY207738.1	700	2073	2	1	3	700
CY207738.1	715	1902	1	0	1	715
CY207738.1	716	1880	1	0	1	716
CY207738.1	717	1882	1	1	2	717
CY207738.1	730	1938	2	0	2	730
CY207738.1	732	1939	1	0	1	732
CY207738.1	732	1942	1	0	1	732
CY207738.1	733	1901	0	1	1	1901
CY207738.1	751	1999	0	1	1	1999
CY207738.1	753	1880	1	0	1	753
CY207738.1	761	1954	1	0	1	761
CY207738.1	771	1880	2	0	2	771
CY207738.1	781	1872	0	1	1	1872
CY207738.1	783	1906	0	1	1	1906
CY207738.1	786	1652	1	0	1	786
CY207738.1	786	1902	1	1	2	786
CY207738.1	809	1914	1	1	2	809
CY207738.1	817	1408	1	0	1	817
CY207738.1	842	1093	1	0	1	842
CY207738.1	848	1774	1	0	1	848
CY207738.1	851	1815	0	1	1	1815
CY207738.1	852	962	1	0	1	852
CY207738.1	863	1552	0	1	1	1552
CY207738.1	894	1815	0	3	3	1815
CY207738.1	895	1871	1	0	1	895
CY207738.1	901	1875	0	1	1	1875
CY207738.1	905	1872	1	1	2	905
CY207738.1	928	1485	1	0	1	928
CY207738.1	933	1141	0	1	1	1141
CY207738.1	941	2054	1	0	1	941
CY207738.1	955	1815	2	1	3	955
CY207738.1	987	1434	1	0	1	987
