Segment	Start	Stop	Forward_support	Reverse_support	Total_support	Fuzz_factor
CY207731.1	1023	1496	0	1	1	1496
CY207731.1	1026	1129	1	0	1	1026
CY207731.1	1031	1266	0	1	1	1266
CY207731.1	1047	1327	0	1	1	1327
CY207731.1	1050	1186	1	0	1	1050
CY207731.1	1065	1326	1	0	1	1065
CY207731.1	1066	1357	3	2	5	1066
CY207731.1	1081	1217	0	1	1	1217
CY207731.1	1089	1707	0	1	1	1707
CY207731.1	1090	1282	0	1	1	1282
CY207731.1	1099	1248	0	1	1	1248
CY207731.1	1111	1408	0	1	1	1408
CY207731.1	1115	1613	1	0	1	1115
CY207731.1	1153	1595	0	1	1	1595
CY207731.1	1169	1544	0	1	1	1544
CY207731.1	1290	1336	0	1	1	1336
CY207731.1	1317	1582	0	1	1	1582
CY207731.1	1361	1489	1	0	1	1361
CY207731.1	1363	1522	2	0	2	1363
CY207731.1	1412	1656	1	0	1	1412
CY207731.1	1444	1608	0	1	1	1608
CY207731.1	1448	1747	1	0	1	1448
CY207731.1	1451	1787	0	1	1	1787
CY207731.1	1473	1786	1	0	1	1473
CY207731.1	1479	1631	1	0	1	1479
CY207731.1	1491	1873	0	1	1	1873
CY207731.1	1512	1548	0	1	1	1548
CY207731.1	1519	1658	2	2	4	1519
CY207731.1	1520	1912	0	1	1	1912
CY207731.1	1620	1786	0	1	1	1786
CY207731.1	1644	1771	0	1	1	1771
CY207731.1	1662	1688	1	0	1	1662
CY207731.1	1690	1742	0	2	2	1742
CY207731.1	1716	1748	0	1	1	1748
CY207731.1	1752	1890	0	1	1	1890
CY207731.1	1755	1800	1	0	1	1755
CY207731.1	1823	1905	0	1	1	1905
CY207731.1	245	957	1	0	1	245
CY207731.1	270	1334	1	0	1	270
CY207731.1	270	1442	1	0	1	270
CY207731.1	275	1710	1	0	1	275
CY207731.1	285	1349	1	0	1	285
CY207731.1	285	1657	1	0	1	285
CY207731.1	287	335	1	0	1	287
CY207731.1	287	415	2	0	2	287
CY207731.1	288	746	1	0	1	288
CY207731.1	324	955	0	1	1	955
CY207731.1	326	476	1	0	1	326
CY207731.1	327	1554	1	0	1	327
CY207731.1	334	611	0	1	1	611
CY207731.1	345	1809	0	1	1	1809
CY207731.1	349	1089	0	1	1	1089
CY207731.1	363	913	0	1	1	913
CY207731.1	370	1609	0	1	1	1609
CY207731.1	372	1576	0	1	1	1576
CY207731.1	372	1730	1	0	1	372
CY207731.1	379	959	0	1	1	959
CY207731.1	380	981	0	1	1	981
CY207731.1	385	495	1	0	1	385
CY207731.1	394	1545	5	13	18	394
CY207731.1	395	1552	0	1	1	1552
CY207731.1	397	1764	0	1	1	1764
CY207731.1	397	595	1	0	1	397
CY207731.1	397	881	2	0	2	397
CY207731.1	401	845	1	0	1	401
CY207731.1	413	1808	0	1	1	1808
CY207731.1	413	620	0	1	1	620
CY207731.1	416	1532	0	1	1	1532
CY207731.1	418	1586	5	0	5	418
CY207731.1	420	1588	34	96	130	420
CY207731.1	422	1191	0	1	1	1191
CY207731.1	422	1590	1	0	1	422
CY207731.1	424	1116	0	1	1	1116
CY207731.1	425	1116	1	0	1	425
CY207731.1	429	1625	1	0	1	429
CY207731.1	458	791	0	1	1	791
CY207731.1	459	1183	1	0	1	459
CY207731.1	459	1631	0	1	1	1631
CY207731.1	467	1131	1	0	1	467
CY207731.1	470	1020	1	0	1	470
CY207731.1	470	1166	0	1	1	1166
CY207731.1	471	708	0	1	1	708
CY207731.1	473	1582	1	2	3	473
CY207731.1	474	1784	0	1	1	1784
CY207731.1	483	1036	2	6	8	483
CY207731.1	484	1607	0	4	4	1607
CY207731.1	485	1758	0	1	1	1758
CY207731.1	485	595	0	1	1	595
CY207731.1	494	1793	0	1	1	1793
CY207731.1	498	1046	1	0	1	498
CY207731.1	507	1878	0	1	1	1878
CY207731.1	509	1893	0	1	1	1893
CY207731.1	510	1891	0	1	1	1891
CY207731.1	531	558	1	0	1	531
CY207731.1	546	1768	2	2	4	546
CY207731.1	548	1225	0	1	1	1225
CY207731.1	553	1746	0	1	1	1746
CY207731.1	555	595	1	0	1	555
CY207731.1	559	1309	0	1	1	1309
CY207731.1	559	1632	0	1	1	1632
CY207731.1	561	1018	2	0	2	561
CY207731.1	569	641	1	0	1	569
CY207731.1	574	601	1	1	2	574
CY207731.1	585	1228	1	0	1	585
CY207731.1	596	742	1	0	1	596
CY207731.1	612	1064	0	1	1	1064
CY207731.1	613	1010	1	0	1	613
CY207731.1	639	1185	0	1	1	1185
CY207731.1	699	1311	0	1	1	1311
CY207731.1	700	1079	0	1	1	1079
CY207731.1	732	1889	0	1	1	1889
CY207731.1	754	1116	0	1	1	1116
CY207731.1	779	1067	0	1	1	1067
CY207731.1	793	1591	0	1	1	1591
CY207731.1	796	1140	0	1	1	1140
CY207731.1	797	1150	1	0	1	797
CY207731.1	805	1877	0	1	1	1877
CY207731.1	807	1245	0	1	1	1245
CY207731.1	812	1213	0	1	1	1213
CY207731.1	817	1893	0	1	1	1893
CY207731.1	842	1366	0	1	1	1366
CY207731.1	865	1733	1	0	1	865
CY207731.1	874	1538	0	1	1	1538
CY207731.1	891	1719	0	1	1	1719
CY207731.1	903	1188	1	0	1	903
CY207731.1	913	1701	1	0	1	913
CY207731.1	950	1210	1	0	1	950
CY207731.1	957	988	1	0	1	957
CY207731.1	958	1682	1	0	1	958
CY207731.1	974	1560	1	0	1	974
CY207732.1	1010	1159	0	1	1	1159
CY207732.1	1066	1142	0	1	1	1142
CY207732.1	271	838	1	0	1	271
CY207732.1	273	1087	1	0	1	273
CY207732.1	273	326	1	0	1	273
CY207732.1	278	607	1	0	1	278
CY207732.1	281	522	1	0	1	281
CY207732.1	289	821	1	0	1	289
CY207732.1	290	1088	5	0	5	290
CY207732.1	292	636	0	1	1	636
CY207732.1	321	802	4	1	5	321
CY207732.1	328	453	1	0	1	328
CY207732.1	341	694	1	0	1	341
CY207732.1	342	1066	1	0	1	342
CY207732.1	347	573	2	11	13	347
CY207732.1	356	469	0	1	1	469
CY207732.1	367	755	0	1	1	755
CY207732.1	387	489	0	1	1	489
CY207732.1	394	422	1	0	1	394
CY207732.1	395	513	1	0	1	395
CY207732.1	396	1067	1	0	1	396
CY207732.1	407	850	0	1	1	850
CY207732.1	410	766	0	1	1	766
CY207732.1	414	620	0	1	1	620
CY207732.1	415	1164	0	1	1	1164
CY207732.1	419	927	0	1	1	927
CY207732.1	420	962	0	1	1	962
CY207732.1	438	568	1	0	1	438
CY207732.1	451	971	0	1	1	971
CY207732.1	456	555	0	1	1	555
CY207732.1	469	950	0	1	1	950
CY207732.1	473	573	1	3	4	473
CY207732.1	477	608	0	1	1	608
CY207732.1	477	639	0	1	1	639
CY207732.1	478	540	0	1	1	540
CY207732.1	478	684	0	1	1	684
CY207732.1	479	795	0	1	1	795
CY207732.1	501	538	1	8	9	501
CY207732.1	501	814	1	0	1	501
CY207732.1	523	1058	0	1	1	1058
CY207732.1	523	591	0	1	1	591
CY207732.1	529	593	0	1	1	593
CY207732.1	535	662	1	0	1	535
CY207732.1	548	882	0	1	1	882
CY207732.1	549	671	1	0	1	549
CY207732.1	554	658	1	0	1	554
CY207732.1	554	817	1	0	1	554
CY207732.1	566	1138	0	1	1	1138
CY207732.1	575	914	8	2	10	575
CY207732.1	581	1016	1	0	1	581
CY207732.1	586	842	0	1	1	842
CY207732.1	589	862	1	1	2	589
CY207732.1	593	1023	13	3	16	593
CY207732.1	593	963	1	0	1	593
CY207732.1	600	879	3	1	4	600
CY207732.1	602	1090	1	0	1	602
CY207732.1	603	808	1	0	1	603
CY207732.1	611	1095	1	0	1	611
CY207732.1	615	712	1	0	1	615
CY207732.1	629	744	1	0	1	629
CY207732.1	631	655	1	0	1	631
CY207732.1	648	982	1	0	1	648
CY207732.1	653	1043	1	0	1	653
CY207732.1	653	999	1	0	1	653
CY207732.1	667	862	0	1	1	862
CY207732.1	670	1103	1	0	1	670
CY207732.1	674	824	1	0	1	674
CY207732.1	676	740	0	1	1	740
CY207732.1	679	815	3	3	6	679
CY207732.1	681	856	1	1	2	681
CY207732.1	686	825	0	1	1	825
CY207732.1	692	982	1	0	1	692
CY207732.1	695	883	1	0	1	695
CY207732.1	705	782	0	1	1	782
CY207732.1	712	776	0	1	1	776
CY207732.1	718	860	6	8	14	718
CY207732.1	719	757	0	1	1	757
CY207732.1	719	883	1	0	1	719
CY207732.1	720	1161	0	1	1	1161
CY207732.1	726	827	0	1	1	827
CY207732.1	749	872	0	1	1	872
CY207732.1	764	861	0	1	1	861
CY207732.1	768	850	1	0	1	768
CY207732.1	782	963	0	1	1	963
CY207732.1	785	983	0	1	1	983
CY207732.1	810	980	3	6	9	810
CY207732.1	817	866	2	0	2	817
CY207732.1	818	854	1	0	1	818
CY207732.1	832	1104	0	1	1	1104
CY207732.1	840	931	1	0	1	840
CY207732.1	858	1086	0	1	1	1086
CY207732.1	869	901	1	0	1	869
CY207732.1	875	961	1	0	1	875
CY207732.1	878	975	1	0	1	878
CY207732.1	895	920	0	1	1	920
CY207732.1	919	1016	0	4	4	1016
CY207732.1	951	979	12	0	12	951
CY207732.1	959	984	0	1	1	984
CY207732.1	973	1036	0	1	1	1036
CY207733.1	1015	1078	0	1	1	1078
CY207733.1	1018	1074	1	0	1	1018
CY207733.1	1022	1312	0	1	1	1312
CY207733.1	1153	1416	1	0	1	1153
CY207733.1	1158	1184	0	1	1	1184
CY207733.1	1163	1373	0	1	1	1373
CY207733.1	1179	1512	0	1	1	1512
CY207733.1	1246	1284	0	1	1	1284
CY207733.1	1332	1437	14	29	43	1332
CY207733.1	1366	1453	0	1	1	1453
CY207733.1	1430	1578	0	1	1	1578
CY207733.1	267	1112	1	0	1	267
CY207733.1	347	1035	0	1	1	1035
CY207733.1	359	1286	4	27	31	359
CY207733.1	407	853	3	4	7	407
CY207733.1	443	553	1	0	1	443
CY207733.1	453	1004	0	1	1	1004
CY207733.1	457	1212	0	1	1	1212
CY207733.1	483	1402	4	1	5	483
CY207733.1	503	697	1	0	1	503
CY207733.1	520	551	0	1	1	551
CY207733.1	523	1582	0	1	1	1582
CY207733.1	565	1143	1	0	1	565
CY207733.1	652	1404	0	1	1	1404
CY207733.1	655	1111	1	0	1	655
CY207733.1	667	1190	0	1	1	1190
CY207733.1	767	1060	0	1	1	1060
CY207733.1	767	1197	0	1	1	1197
CY207733.1	767	1440	1	0	1	767
CY207733.1	773	948	1	0	1	773
CY207733.1	787	1337	0	1	1	1337
CY207733.1	791	909	2	4	6	791
CY207733.1	803	1254	0	1	1	1254
CY207733.1	943	1283	1	3	4	943
CY207734.1	1001	1370	1	2	3	1001
CY207734.1	1009	1697	0	1	1	1697
CY207734.1	1012	1084	0	2	2	1084
CY207734.1	1019	1248	1	0	1	1019
CY207734.1	1051	1307	1	0	1	1051
CY207734.1	1085	1280	0	1	1	1280
CY207734.1	1106	1692	0	1	1	1692
CY207734.1	1136	1375	1	0	1	1136
CY207734.1	1266	1549	1	0	1	1266
CY207734.1	1337	1524	1	0	1	1337
CY207734.1	1349	1388	1	1	2	1349
CY207734.1	1374	1584	1	0	1	1374
CY207734.1	1435	1512	1	0	1	1435
CY207734.1	1459	1514	1	0	1	1459
CY207734.1	1569	1723	0	5	5	1723
CY207734.1	1573	1616	1	0	1	1573
CY207734.1	1589	1695	0	2	2	1695
CY207734.1	1604	1725	0	4	4	1725
CY207734.1	245	1410	1	0	1	245
CY207734.1	245	1521	1	0	1	245
CY207734.1	251	937	1	0	1	251
CY207734.1	254	694	1	0	1	254
CY207734.1	264	1114	1	0	1	264
CY207734.1	264	838	1	0	1	264
CY207734.1	271	1090	1	0	1	271
CY207734.1	278	1052	1	0	1	278
CY207734.1	279	1146	1	0	1	279
CY207734.1	282	400	1	0	1	282
CY207734.1	287	499	1	0	1	287
CY207734.1	289	864	1	0	1	289
CY207734.1	320	839	1	0	1	320
CY207734.1	325	350	1	0	1	325
CY207734.1	329	1579	1	0	1	329
CY207734.1	336	1507	2	10	12	336
CY207734.1	342	1537	10	19	29	342
CY207734.1	346	1547	1	0	1	346
CY207734.1	349	1118	0	1	1	1118
CY207734.1	356	1016	0	1	1	1016
CY207734.1	365	1483	0	1	1	1483
CY207734.1	381	1553	0	1	1	1553
CY207734.1	389	1000	0	1	1	1000
CY207734.1	389	1531	1	0	1	389
CY207734.1	392	870	2	5	7	392
CY207734.1	394	1337	0	1	1	1337
CY207734.1	401	828	0	1	1	828
CY207734.1	401	875	0	1	1	875
CY207734.1	402	1584	0	1	1	1584
CY207734.1	403	1065	1	0	1	403
CY207734.1	404	862	0	1	1	862
CY207734.1	408	1468	0	1	1	1468
CY207734.1	408	718	0	1	1	718
CY207734.1	412	571	1	0	1	412
CY207734.1	423	1491	0	1	1	1491
CY207734.1	423	657	0	1	1	657
CY207734.1	433	809	0	1	1	809
CY207734.1	435	587	0	1	1	587
CY207734.1	439	649	1	0	1	439
CY207734.1	440	957	0	1	1	957
CY207734.1	444	1468	0	1	1	1468
CY207734.1	448	1441	1	0	1	448
CY207734.1	454	592	1	0	1	454
CY207734.1	463	1570	1	0	1	463
CY207734.1	465	1590	1	0	1	465
CY207734.1	467	882	0	1	1	882
CY207734.1	470	1577	18	3	21	470
CY207734.1	476	1527	0	1	1	1527
CY207734.1	478	1418	4	11	15	478
CY207734.1	497	1146	0	1	1	1146
CY207734.1	508	1498	1	0	1	508
CY207734.1	510	1246	0	1	1	1246
CY207734.1	514	1506	7	0	7	514
CY207734.1	521	1050	1	0	1	521
CY207734.1	522	1505	1	0	1	522
CY207734.1	556	1583	0	1	1	1583
CY207734.1	559	1585	0	1	1	1585
CY207734.1	572	1065	0	1	1	1065
CY207734.1	574	1445	0	1	1	1445
CY207734.1	589	654	1	0	1	589
CY207734.1	591	1552	0	1	1	1552
CY207734.1	598	911	1	0	1	598
CY207734.1	620	812	1	0	1	620
CY207734.1	624	1035	0	1	1	1035
CY207734.1	625	1234	0	1	1	1234
CY207734.1	625	1441	1	0	1	625
CY207734.1	639	729	0	1	1	729
CY207734.1	674	1597	1	0	1	674
CY207734.1	680	737	1	0	1	680
CY207734.1	692	758	1	0	1	692
CY207734.1	715	1535	1	4	5	715
CY207734.1	716	880	0	1	1	880
CY207734.1	720	1233	0	2	2	1233
CY207734.1	741	1418	1	0	1	741
CY207734.1	746	1589	1	0	1	746
CY207734.1	756	881	1	0	1	756
CY207734.1	765	1538	0	1	1	1538
CY207734.1	781	811	0	2	2	811
CY207734.1	786	956	0	1	1	956
CY207734.1	795	1312	0	1	1	1312
CY207734.1	804	1352	1	6	7	804
CY207734.1	810	1315	0	1	1	1315
CY207734.1	814	1084	1	0	1	814
CY207734.1	814	1147	1	0	1	814
CY207734.1	820	1385	0	1	1	1385
CY207734.1	829	1579	0	1	1	1579
CY207734.1	833	1511	1	1	2	833
CY207734.1	842	1681	0	1	1	1681
CY207734.1	845	964	2	0	2	845
CY207734.1	866	1368	0	1	1	1368
CY207734.1	873	1073	1	0	1	873
CY207734.1	875	1275	0	1	1	1275
CY207734.1	877	1401	0	1	1	1401
CY207734.1	916	1208	1	0	1	916
CY207734.1	948	1349	1	0	1	948
CY207734.1	949	1277	0	1	1	1277
CY207734.1	958	1450	0	1	1	1450
CY207734.1	959	1587	0	1	1	1587
CY207734.1	971	1042	2	1	3	971
CY207734.1	996	1246	0	1	1	1246
CY207735.1	249	857	1	0	1	249
CY207735.1	253	277	7	0	7	253
CY207735.1	285	935	47	1	48	285
CY207735.1	288	928	11	0	11	288
CY207735.1	288	965	9	0	9	288
CY207735.1	306	516	2	2	4	306
CY207735.1	312	543	0	1	1	543
CY207735.1	314	356	0	1	1	356
CY207735.1	316	354	0	1	1	354
CY207735.1	475	707	1	0	1	475
CY207735.1	511	740	13	35	48	511
CY207735.1	518	1045	0	1	1	1045
CY207735.1	559	771	1	0	1	559
CY207735.1	578	833	4	12	16	578
CY207735.1	681	814	0	1	1	814
CY207735.1	719	756	1	0	1	719
CY207735.1	806	1011	0	7	7	1011
CY207736.1	1005	2093	0	1	1	2093
CY207736.1	1015	1370	1	0	1	1015
CY207736.1	1030	1124	1	0	1	1030
CY207736.1	1054	1207	0	1	1	1207
CY207736.1	1054	2257	1	0	1	1054
CY207736.1	1056	1831	1	0	1	1056
CY207736.1	1058	1415	1	0	1	1058
CY207736.1	1059	1449	0	1	1	1449
CY207736.1	1074	1489	1	0	1	1074
CY207736.1	1080	1141	1	1	2	1080
CY207736.1	1090	1506	6	5	11	1090
CY207736.1	1095	1789	3	3	6	1095
CY207736.1	1100	2286	1	4	5	1100
CY207736.1	1112	1629	1	0	1	1112
CY207736.1	1178	1739	0	1	1	1739
CY207736.1	1202	1949	1	0	1	1202
CY207736.1	1209	1957	5	2	7	1209
CY207736.1	1219	2138	1	0	1	1219
CY207736.1	1221	1866	0	1	1	1866
CY207736.1	1225	2108	0	1	1	2108
CY207736.1	1248	1729	1	0	1	1248
CY207736.1	1257	1862	0	1	1	1862
CY207736.1	1271	1953	1	0	1	1271
CY207736.1	1275	1746	0	1	1	1746
CY207736.1	1275	2219	1	0	1	1275
CY207736.1	1300	2092	1	0	1	1300
CY207736.1	1302	1962	0	1	1	1962
CY207736.1	1347	2219	1	0	1	1347
CY207736.1	1381	1728	0	1	1	1728
CY207736.1	1404	1496	1	0	1	1404
CY207736.1	1405	1452	0	1	1	1452
CY207736.1	1424	1510	1	0	1	1424
CY207736.1	1468	1875	0	1	1	1875
CY207736.1	1512	1727	0	1	1	1727
CY207736.1	1512	2069	1	0	1	1512
CY207736.1	1518	2131	0	1	1	2131
CY207736.1	1544	1734	0	1	1	1734
CY207736.1	1566	1995	2	0	2	1566
CY207736.1	1582	1924	0	1	1	1924
CY207736.1	1584	2003	0	1	1	2003
CY207736.1	1595	1710	0	1	1	1710
CY207736.1	1607	1763	0	1	1	1763
CY207736.1	1724	1865	0	1	1	1865
CY207736.1	1734	1963	0	1	1	1963
CY207736.1	1739	2310	1	0	1	1739
CY207736.1	1826	1920	0	1	1	1920
CY207736.1	1832	2146	0	1	1	2146
CY207736.1	1898	1921	0	1	1	1921
CY207736.1	2004	2031	0	1	1	2031
CY207736.1	2008	2037	2	4	6	2008
CY207736.1	2024	2237	0	1	1	2237
CY207736.1	2040	2063	1	1	2	2040
CY207736.1	2082	2274	1	0	1	2082
CY207736.1	2087	2145	1	0	1	2087
CY207736.1	2120	2168	1	5	6	2120
CY207736.1	2121	2370	0	1	1	2370
CY207736.1	2141	2171	1	1	2	2141
CY207736.1	2180	2282	0	7	7	2282
CY207736.1	2181	2215	5	4	9	2181
CY207736.1	2215	2258	1	1	2	2215
CY207736.1	2221	2350	0	1	1	2350
CY207736.1	252	1800	1	0	1	252
CY207736.1	260	1951	1	0	1	260
CY207736.1	265	308	1	0	1	265
CY207736.1	266	2253	1	0	1	266
CY207736.1	269	312	2	0	2	269
CY207736.1	272	2168	1	0	1	272
CY207736.1	278	1003	1	0	1	278
CY207736.1	280	2245	6	0	6	280
CY207736.1	282	1455	1	0	1	282
CY207736.1	282	2191	1	0	1	282
CY207736.1	282	334	5	0	5	282
CY207736.1	283	2105	4	0	4	283
CY207736.1	288	1823	1	0	1	288
CY207736.1	290	2256	19	4	23	290
CY207736.1	294	1962	1	0	1	294
CY207736.1	308	2034	1	1	2	308
CY207736.1	311	2143	0	1	1	2143
CY207736.1	319	2270	0	1	1	2270
CY207736.1	325	2169	2	7	9	325
CY207736.1	333	2143	0	11	11	2143
CY207736.1	335	371	1	0	1	335
CY207736.1	341	1346	1	0	1	341
CY207736.1	345	2155	0	30	30	2155
CY207736.1	358	2171	1	17	18	358
CY207736.1	359	2182	0	1	1	2182
CY207736.1	361	2172	0	2	2	2172
CY207736.1	363	1368	1	0	1	363
CY207736.1	363	2133	0	1	1	2133
CY207736.1	364	1856	1	0	1	364
CY207736.1	367	2160	0	14	14	2160
CY207736.1	375	422	1	0	1	375
CY207736.1	383	1734	4	14	18	383
CY207736.1	383	2208	1	3	4	383
CY207736.1	386	2145	0	6	6	2145
CY207736.1	388	1303	0	1	1	1303
CY207736.1	393	863	1	0	1	393
CY207736.1	397	2028	1	8	9	397
CY207736.1	399	2171	4	23	27	399
CY207736.1	400	2242	0	1	1	2242
CY207736.1	402	2221	2	5	7	402
CY207736.1	402	2225	5	7	12	402
CY207736.1	403	2148	3	13	16	403
CY207736.1	409	2156	7	37	44	409
CY207736.1	409	456	5	0	5	409
CY207736.1	415	1780	0	1	1	1780
CY207736.1	415	450	1	1	2	415
CY207736.1	416	2150	0	2	2	2150
CY207736.1	419	856	1	0	1	419
CY207736.1	421	1862	1	0	1	421
CY207736.1	423	449	6	0	6	423
CY207736.1	427	2147	0	1	1	2147
CY207736.1	435	2228	1	0	1	435
CY207736.1	438	2066	1	6	7	438
CY207736.1	444	868	1	0	1	444
CY207736.1	445	2064	3	7	10	445
CY207736.1	449	479	3	10	13	449
CY207736.1	453	1950	0	1	1	1950
CY207736.1	455	2029	3	7	10	455
CY207736.1	455	2149	5	33	38	455
CY207736.1	477	502	3	7	10	477
CY207736.1	479	2132	0	3	3	2132
CY207736.1	483	1628	1	0	1	483
CY207736.1	484	2257	11	2	13	484
CY207736.1	486	540	1	1	2	486
CY207736.1	487	2007	1	0	1	487
CY207736.1	489	2009	11	13	24	489
CY207736.1	490	2011	2	0	2	490
CY207736.1	490	2038	115	11	126	490
CY207736.1	500	1895	4	3	7	500
CY207736.1	500	2050	0	1	1	2050
CY207736.1	504	2000	1	1	2	504
CY207736.1	506	1684	3	5	8	506
CY207736.1	507	2141	1	0	1	507
CY207736.1	511	2009	5	2	7	511
CY207736.1	513	1573	1	0	1	513
CY207736.1	513	2069	3	2	5	513
CY207736.1	534	2027	0	1	1	2027
CY207736.1	537	2041	0	7	7	2041
CY207736.1	540	1991	0	1	1	1991
CY207736.1	542	2254	0	1	1	2254
CY207736.1	549	2034	6	7	13	549
CY207736.1	555	1955	11	5	16	555
CY207736.1	563	2007	1	2	3	563
CY207736.1	564	1956	3	2	5	564
CY207736.1	567	2078	0	1	1	2078
CY207736.1	567	836	1	0	1	567
CY207736.1	572	1481	7	1	8	572
CY207736.1	581	1098	1	0	1	581
CY207736.1	581	2010	1	0	1	581
CY207736.1	583	2188	1	4	5	583
CY207736.1	585	1916	1	0	1	585
CY207736.1	586	2105	1	3	4	586
CY207736.1	598	764	1	0	1	598
CY207736.1	607	1960	2	1	3	607
CY207736.1	612	1955	2	0	2	612
CY207736.1	616	2063	78	59	137	616
CY207736.1	618	2043	0	1	1	2043
CY207736.1	626	1095	1	0	1	626
CY207736.1	628	1651	0	1	1	1651
CY207736.1	629	1868	4	6	10	629
CY207736.1	635	1868	2	2	4	635
CY207736.1	642	2071	0	1	1	2071
CY207736.1	647	1881	0	2	2	1881
CY207736.1	647	2142	0	1	1	2142
CY207736.1	651	1577	1	0	1	651
CY207736.1	659	1856	2	3	5	659
CY207736.1	666	1002	1	0	1	666
CY207736.1	678	1890	4	5	9	678
CY207736.1	678	1955	11	15	26	678
CY207736.1	679	1860	2	1	3	679
CY207736.1	679	1956	0	1	1	1956
CY207736.1	681	2238	1	0	1	681
CY207736.1	682	1987	2	3	5	682
CY207736.1	688	1900	0	2	2	1900
CY207736.1	689	729	1	0	1	689
CY207736.1	689	771	1	1	2	689
CY207736.1	696	779	1	0	1	696
CY207736.1	698	1875	44	83	127	698
CY207736.1	699	1876	0	1	1	1876
CY207736.1	699	1995	0	5	5	1995
CY207736.1	704	1374	1	0	1	704
CY207736.1	714	1871	4	2	6	714
CY207736.1	723	1624	0	1	1	1624
CY207736.1	723	1964	4	7	11	723
CY207736.1	723	1994	2	1	3	723
CY207736.1	730	1706	1	0	1	730
CY207736.1	731	1859	3	2	5	731
CY207736.1	736	1936	1	1	2	736
CY207736.1	749	1836	11	1	12	749
CY207736.1	754	1594	8	1	9	754
CY207736.1	755	1737	2	3	5	755
CY207736.1	758	1769	2	0	2	758
CY207736.1	764	1777	11	9	20	764
CY207736.1	764	1792	2	0	2	764
CY207736.1	766	1946	0	1	1	1946
CY207736.1	767	1952	9	5	14	767
CY207736.1	767	2220	1	0	1	767
CY207736.1	769	2080	4	1	5	769
CY207736.1	770	1681	1	0	1	770
CY207736.1	771	1935	0	1	1	1935
CY207736.1	775	1840	3	2	5	775
CY207736.1	784	1720	43	19	62	784
CY207736.1	788	2225	0	1	1	2225
CY207736.1	791	1283	1	0	1	791
CY207736.1	804	1840	9	8	17	804
CY207736.1	810	1437	1	0	1	810
CY207736.1	823	1666	6	2	8	823
CY207736.1	839	1368	1	0	1	839
CY207736.1	842	1734	1	3	4	842
CY207736.1	856	1628	0	1	1	1628
CY207736.1	856	1847	1	2	3	856
CY207736.1	865	1626	1	0	1	865
CY207736.1	878	1977	0	3	3	1977
CY207736.1	890	2349	0	3	3	2349
CY207736.1	894	2354	0	1	1	2354
CY207736.1	907	1724	1	0	1	907
CY207736.1	908	1657	1	4	5	908
CY207736.1	915	1667	2	1	3	915
CY207736.1	920	1831	1	1	2	920
CY207736.1	933	1456	1	0	1	933
CY207736.1	933	997	0	1	1	997
CY207736.1	948	1642	0	1	1	1642
CY207736.1	949	1893	0	1	1	1893
CY207736.1	956	1618	0	1	1	1618
CY207736.1	989	2048	1	0	1	989
CY207736.1	997	2255	7	2	9	997
CY207737.1	1026	1974	1	0	1	1026
CY207737.1	1075	1716	0	1	1	1716
CY207737.1	1148	1855	0	1	1	1855
CY207737.1	1212	1663	1	0	1	1212
CY207737.1	1235	2232	0	1	1	2232
CY207737.1	1257	1516	0	1	1	1516
CY207737.1	1272	1858	0	1	1	1858
CY207737.1	1306	2043	1	4	5	1306
CY207737.1	1352	1861	1	0	1	1352
CY207737.1	1370	1722	1	0	1	1370
CY207737.1	1374	1485	0	1	1	1485
CY207737.1	1388	1944	0	1	1	1944
CY207737.1	1389	2468	0	1	1	2468
CY207737.1	1426	1568	1	0	1	1426
CY207737.1	1440	2317	1	0	1	1440
CY207737.1	1445	1787	0	1	1	1787
CY207737.1	1458	2459	0	1	1	2459
CY207737.1	1628	1729	1	0	1	1628
CY207737.1	1675	1966	1	0	1	1675
CY207737.1	1695	1742	1	0	1	1695
CY207737.1	1788	2267	1	0	1	1788
CY207737.1	1830	2495	0	1	1	2495
CY207737.1	1874	2325	0	1	1	2325
CY207737.1	2180	2243	7	0	7	2180
CY207737.1	2430	2452	1	16	17	2430
CY207737.1	2431	2453	0	1	1	2453
CY207737.1	248	1970	1	0	1	248
CY207737.1	315	2373	1	0	1	315
CY207737.1	316	1512	0	1	1	1512
CY207737.1	328	2382	2	1	3	328
CY207737.1	339	2322	8	2	10	339
CY207737.1	369	1552	1	0	1	369
CY207737.1	376	2415	0	1	1	2415
CY207737.1	400	2254	8	0	8	400
CY207737.1	405	2321	5	0	5	405
CY207737.1	409	1580	0	1	1	1580
CY207737.1	410	1013	1	0	1	410
CY207737.1	423	2486	0	4	4	2486
CY207737.1	448	2096	2	0	2	448
CY207737.1	448	2120	5	0	5	448
CY207737.1	478	2149	0	1	1	2149
CY207737.1	494	2373	1	0	1	494
CY207737.1	541	2120	2	0	2	541
CY207737.1	550	1923	1	2	3	550
CY207737.1	574	1797	1	0	1	574
CY207737.1	605	1057	1	0	1	605
CY207737.1	623	2014	0	1	1	2014
CY207737.1	665	2046	1	0	1	665
CY207737.1	680	2273	2	1	3	680
CY207737.1	688	2066	2	2	4	688
CY207737.1	693	2068	8	2	10	693
CY207737.1	711	1674	1	4	5	711
CY207737.1	747	2014	3	3	6	747
CY207737.1	750	1910	3	1	4	750
CY207737.1	750	2014	0	2	2	2014
CY207737.1	754	1914	0	1	1	1914
CY207737.1	756	1916	35	176	211	756
CY207737.1	760	1882	0	2	2	1882
CY207737.1	773	1759	4	7	11	773
CY207737.1	783	1949	0	2	2	1949
CY207737.1	783	931	1	0	1	783
CY207737.1	785	1185	1	0	1	785
CY207737.1	787	1931	0	2	2	1931
CY207737.1	788	1943	0	1	1	1943
CY207737.1	797	1316	1	0	1	797
CY207737.1	797	1785	0	1	1	1785
CY207737.1	800	1137	0	2	2	1137
CY207737.1	803	1821	1	1	2	803
CY207737.1	808	1975	0	1	1	1975
CY207737.1	827	2397	0	1	1	2397
CY207737.1	833	1811	2	3	5	833
CY207737.1	835	2135	0	1	1	2135
CY207737.1	839	1934	0	1	1	1934
CY207737.1	843	1877	1	2	3	843
CY207737.1	844	1937	1	0	1	844
CY207737.1	864	1805	5	0	5	864
CY207737.1	870	1745	2	1	3	870
CY207737.1	876	1870	1	0	1	876
CY207737.1	902	1867	0	2	2	1867
CY207737.1	907	1876	0	2	2	1876
CY207737.1	920	1040	1	0	1	920
CY207737.1	923	1368	1	0	1	923
CY207737.1	932	1813	0	1	1	1813
CY207737.1	941	1941	0	1	1	1941
CY207737.1	943	1039	1	0	1	943
CY207737.1	961	1819	2	4	6	961
CY207737.1	962	1823	3	1	4	962
CY207737.1	969	1917	0	1	1	1917
CY207737.1	987	1204	0	1	1	1204
CY207738.1	1017	1372	1	0	1	1017
CY207738.1	1019	1671	4	2	6	1019
CY207738.1	1028	1430	0	1	1	1430
CY207738.1	1030	1927	1	0	1	1030
CY207738.1	1040	1702	2	2	4	1040
CY207738.1	1040	1766	4	4	8	1040
CY207738.1	1108	1709	0	1	1	1709
CY207738.1	1124	2330	2	2	4	1124
CY207738.1	1142	1225	0	1	1	1225
CY207738.1	1181	1288	1	0	1	1181
CY207738.1	1194	1955	0	1	1	1955
CY207738.1	1202	1943	0	1	1	1943
CY207738.1	1229	2452	0	1	1	2452
CY207738.1	1247	2332	1	0	1	1247
CY207738.1	1252	1766	0	1	1	1766
CY207738.1	1317	1809	1	0	1	1317
CY207738.1	1328	2386	0	1	1	2386
CY207738.1	1336	1822	1	0	1	1336
CY207738.1	1349	2204	0	1	1	2204
CY207738.1	1367	1796	0	1	1	1796
CY207738.1	1415	1932	2	4	6	1415
CY207738.1	1429	1648	0	1	1	1648
CY207738.1	1441	2167	1	0	1	1441
CY207738.1	1450	2315	1	0	1	1450
CY207738.1	1452	2399	0	1	1	2399
CY207738.1	1469	1681	0	1	1	1681
CY207738.1	1476	2215	0	1	1	2215
CY207738.1	1544	1740	0	1	1	1740
CY207738.1	1548	1698	0	1	1	1698
CY207738.1	1568	1594	1	0	1	1568
CY207738.1	1651	1733	1	0	1	1651
CY207738.1	1659	2420	0	1	1	2420
CY207738.1	1675	1774	1	0	1	1675
CY207738.1	1700	1733	0	1	1	1733
CY207738.1	1702	2147	4	2	6	1702
CY207738.1	1909	2041	0	1	1	2041
CY207738.1	1910	1988	0	1	1	1988
CY207738.1	1921	2295	1	0	1	1921
CY207738.1	2123	2183	1	0	1	2123
CY207738.1	2154	2238	1	0	1	2154
CY207738.1	2214	2315	1	0	1	2214
CY207738.1	2218	2391	1	0	1	2218
CY207738.1	2256	2326	2	0	2	2256
CY207738.1	235	1249	1	0	1	235
CY207738.1	2371	2402	0	1	1	2402
CY207738.1	241	1221	1	0	1	241
CY207738.1	246	1082	1	0	1	246
CY207738.1	247	2338	2	0	2	247
CY207738.1	261	1051	1	0	1	261
CY207738.1	263	1237	1	0	1	263
CY207738.1	283	2363	1	0	1	283
CY207738.1	285	662	1	0	1	285
CY207738.1	286	1808	1	1	2	286
CY207738.1	303	2283	1	2	3	303
CY207738.1	316	2334	0	2	2	2334
CY207738.1	317	2193	0	2	2	2193
CY207738.1	317	2391	1	1	2	317
CY207738.1	319	1269	0	1	1	1269
CY207738.1	325	1293	0	1	1	1293
CY207738.1	339	2328	0	1	1	2328
CY207738.1	344	1240	0	1	1	1240
CY207738.1	357	2003	0	1	1	2003
CY207738.1	362	2313	3	8	11	362
CY207738.1	368	2296	1	14	15	368
CY207738.1	374	2353	3	21	24	374
CY207738.1	375	823	1	0	1	375
CY207738.1	376	605	0	1	1	605
CY207738.1	381	1179	0	1	1	1179
CY207738.1	381	1318	0	1	1	1318
CY207738.1	386	2334	6	8	14	386
CY207738.1	391	2026	0	9	9	2026
CY207738.1	404	776	1	0	1	404
CY207738.1	406	2319	2	0	2	406
CY207738.1	406	2479	0	1	1	2479
CY207738.1	408	2379	0	2	2	2379
CY207738.1	415	2194	2	24	26	415
CY207738.1	417	2330	1	0	1	417
CY207738.1	418	1035	0	1	1	1035
CY207738.1	419	2333	14	29	43	419
CY207738.1	420	2175	13	77	90	420
CY207738.1	421	1384	0	2	2	1384
CY207738.1	422	518	0	1	1	518
CY207738.1	426	804	0	1	1	804
CY207738.1	427	2241	0	1	1	2241
CY207738.1	434	2260	1	18	19	434
CY207738.1	445	2339	0	1	1	2339
CY207738.1	454	2273	2	7	9	454
CY207738.1	459	2280	0	1	1	2280
CY207738.1	460	1291	0	1	1	1291
CY207738.1	465	2301	2	1	3	465
CY207738.1	470	2230	4	12	16	470
CY207738.1	480	984	0	1	1	984
CY207738.1	481	2153	1	0	1	481
CY207738.1	484	1613	0	1	1	1613
CY207738.1	491	2389	3	1	4	491
CY207738.1	498	1093	0	1	1	1093
CY207738.1	509	2086	3	4	7	509
CY207738.1	517	2195	5	3	8	517
CY207738.1	519	1868	1	0	1	519
CY207738.1	520	2196	1	4	5	520
CY207738.1	521	2072	1	4	5	521
CY207738.1	566	2071	3	9	12	566
CY207738.1	584	2086	1	8	9	584
CY207738.1	594	712	0	1	1	712
CY207738.1	599	1836	0	1	1	1836
CY207738.1	618	2065	3	1	4	618
CY207738.1	645	768	1	0	1	645
CY207738.1	656	2092	2	4	6	656
CY207738.1	662	2021	0	5	5	2021
CY207738.1	662	698	0	1	1	698
CY207738.1	669	2065	7	14	21	669
CY207738.1	671	2242	0	1	1	2242
CY207738.1	674	1988	0	7	7	1988
CY207738.1	685	1993	0	1	1	1993
CY207738.1	694	2044	1	0	1	694
CY207738.1	711	2108	3	6	9	711
CY207738.1	717	1951	1	0	1	717
CY207738.1	721	1955	3	4	7	721
CY207738.1	725	2031	0	1	1	2031
CY207738.1	741	1451	0	1	1	1451
CY207738.1	741	1808	0	1	1	1808
CY207738.1	752	2214	0	1	1	2214
CY207738.1	760	1336	0	1	1	1336
CY207738.1	764	1925	1	0	1	764
CY207738.1	767	1949	0	2	2	1949
CY207738.1	770	1954	2	5	7	770
CY207738.1	773	1868	1	0	1	773
CY207738.1	776	2223	0	1	1	2223
CY207738.1	798	1872	0	1	1	1872
CY207738.1	823	1688	0	1	1	1688
CY207738.1	825	1746	0	2	2	1746
CY207738.1	840	1510	0	1	1	1510
CY207738.1	850	1855	3	6	9	850
CY207738.1	851	1849	8	2	10	851
CY207738.1	861	885	1	0	1	861
CY207738.1	874	1924	0	1	1	1924
CY207738.1	896	1101	1	1	2	896
CY207738.1	925	1797	1	1	2	925
CY207738.1	927	1838	0	1	1	1838
CY207738.1	937	1755	1	0	1	937
CY207738.1	938	2143	0	1	1	2143
CY207738.1	944	1838	1	2	3	944
CY207738.1	950	1567	4	2	6	950
CY207738.1	984	1758	1	0	1	984
CY207738.1	993	1379	1	0	1	993
