Segment	Start	Stop	Forward_support	Reverse_support	Total_support	Fuzz_factor
CY207731.1	1018	1214	1	1	2	1018
CY207731.1	1038	1130	0	1	1	1130
CY207731.1	1085	1593	0	1	1	1593
CY207731.1	1088	1116	0	1	1	1116
CY207731.1	1090	1892	0	1	1	1892
CY207731.1	1094	1754	0	1	1	1754
CY207731.1	1104	1613	0	1	1	1613
CY207731.1	1132	1430	0	1	1	1430
CY207731.1	1138	1209	2	0	2	1138
CY207731.1	1154	1441	1	0	1	1154
CY207731.1	1160	1717	1	0	1	1160
CY207731.1	1176	1716	2	0	2	1176
CY207731.1	1184	1703	0	1	1	1703
CY207731.1	1223	1727	1	0	1	1223
CY207731.1	1237	1284	1	0	1	1237
CY207731.1	1264	1354	1	0	1	1264
CY207731.1	1284	1593	1	0	1	1284
CY207731.1	1304	1326	1	0	1	1304
CY207731.1	1338	1600	1	0	1	1338
CY207731.1	1357	1416	0	1	1	1416
CY207731.1	1361	1713	0	1	1	1713
CY207731.1	1370	1395	0	1	1	1395
CY207731.1	1376	1536	0	3	3	1536
CY207731.1	1401	1591	0	1	1	1591
CY207731.1	1419	1655	1	0	1	1419
CY207731.1	1482	1750	1	0	1	1482
CY207731.1	1498	1553	1	0	1	1498
CY207731.1	1519	1658	3	0	3	1519
CY207731.1	1535	1739	1	0	1	1535
CY207731.1	1545	1574	0	1	1	1574
CY207731.1	1677	1761	1	0	1	1677
CY207731.1	1685	1755	0	1	1	1755
CY207731.1	241	1105	1	0	1	241
CY207731.1	252	530	1	0	1	252
CY207731.1	254	1500	1	0	1	254
CY207731.1	259	1587	1	0	1	259
CY207731.1	260	1230	0	1	1	1230
CY207731.1	280	1528	1	0	1	280
CY207731.1	291	1357	1	0	1	291
CY207731.1	303	1371	1	0	1	303
CY207731.1	350	619	0	1	1	619
CY207731.1	353	1550	1	0	1	353
CY207731.1	365	427	0	1	1	427
CY207731.1	370	425	0	1	1	425
CY207731.1	372	1738	1	0	1	372
CY207731.1	380	1623	0	1	1	1623
CY207731.1	383	1651	0	1	1	1651
CY207731.1	385	1049	1	0	1	385
CY207731.1	392	1755	4	3	7	392
CY207731.1	393	1757	2	1	3	393
CY207731.1	394	1374	0	1	1	1374
CY207731.1	400	1289	1	0	1	400
CY207731.1	401	1673	0	1	1	1673
CY207731.1	405	602	0	1	1	602
CY207731.1	419	1469	1	4	5	419
CY207731.1	423	1913	0	1	1	1913
CY207731.1	424	938	0	1	1	938
CY207731.1	429	1414	0	1	1	1414
CY207731.1	435	461	0	1	1	461
CY207731.1	445	1179	0	1	1	1179
CY207731.1	450	855	0	1	1	855
CY207731.1	466	1912	0	1	1	1912
CY207731.1	469	1214	0	1	1	1214
CY207731.1	477	985	0	1	1	985
CY207731.1	478	963	0	1	1	963
CY207731.1	480	1479	0	1	1	1479
CY207731.1	481	1893	0	1	1	1893
CY207731.1	492	996	0	1	1	996
CY207731.1	506	619	0	1	1	619
CY207731.1	508	1270	1	0	1	508
CY207731.1	508	618	0	1	1	618
CY207731.1	517	637	0	1	1	637
CY207731.1	518	1650	1	0	1	518
CY207731.1	521	789	0	1	1	789
CY207731.1	523	1492	1	0	1	523
CY207731.1	525	1084	0	1	1	1084
CY207731.1	526	1608	2	0	2	526
CY207731.1	527	1727	0	1	1	1727
CY207731.1	528	1669	0	1	1	1669
CY207731.1	531	840	1	0	1	531
CY207731.1	539	1203	1	5	6	539
CY207731.1	541	1517	2	4	6	541
CY207731.1	542	1873	0	1	1	1873
CY207731.1	549	1138	1	1	2	549
CY207731.1	565	1641	6	6	12	565
CY207731.1	565	854	1	0	1	565
CY207731.1	566	1726	1	0	1	566
CY207731.1	568	1204	2	1	3	568
CY207731.1	569	1047	1	4	5	569
CY207731.1	570	1351	1	0	1	570
CY207731.1	576	1357	0	1	1	1357
CY207731.1	588	654	0	1	1	654
CY207731.1	604	1582	0	1	1	1582
CY207731.1	605	631	0	1	1	631
CY207731.1	622	717	0	1	1	717
CY207731.1	629	1058	1	0	1	629
CY207731.1	630	1819	1	0	1	630
CY207731.1	644	1634	0	1	1	1634
CY207731.1	656	824	0	1	1	824
CY207731.1	663	1892	0	1	1	1892
CY207731.1	668	1432	1	0	1	668
CY207731.1	671	927	1	0	1	671
CY207731.1	680	1036	1	0	1	680
CY207731.1	690	991	1	0	1	690
CY207731.1	698	959	1	0	1	698
CY207731.1	714	1682	0	1	1	1682
CY207731.1	729	1089	1	0	1	729
CY207731.1	741	1188	1	0	1	741
CY207731.1	780	1746	1	0	1	780
CY207731.1	783	1097	1	0	1	783
CY207731.1	794	1613	0	1	1	1613
CY207731.1	806	1157	0	1	1	1157
CY207731.1	812	1611	0	1	1	1611
CY207731.1	866	965	1	0	1	866
CY207731.1	898	1382	1	0	1	898
CY207731.1	898	1431	0	1	1	1431
CY207731.1	900	1452	0	1	1	1452
CY207731.1	901	988	1	0	1	901
CY207731.1	933	1593	0	3	3	1593
CY207731.1	941	1197	0	3	3	1197
CY207731.1	949	1121	1	0	1	949
CY207731.1	951	1765	0	1	1	1765
CY207731.1	955	1697	1	0	1	955
CY207731.1	955	1821	1	0	1	955
CY207731.1	977	1224	1	0	1	977
CY207731.1	978	1174	0	1	1	1174
CY207732.1	1004	1071	1	0	1	1004
CY207732.1	1072	1153	0	1	1	1153
CY207732.1	247	807	1	0	1	247
CY207732.1	259	948	1	0	1	259
CY207732.1	265	1008	1	0	1	265
CY207732.1	270	692	1	0	1	270
CY207732.1	275	848	3	0	3	275
CY207732.1	276	849	7	0	7	276
CY207732.1	288	327	0	1	1	327
CY207732.1	290	742	1	0	1	290
CY207732.1	311	857	1	0	1	311
CY207732.1	334	1007	1	0	1	334
CY207732.1	341	428	1	0	1	341
CY207732.1	343	785	0	1	1	785
CY207732.1	343	902	1	0	1	343
CY207732.1	348	921	1	0	1	348
CY207732.1	352	491	0	1	1	491
CY207732.1	357	800	0	1	1	800
CY207732.1	359	655	1	0	1	359
CY207732.1	367	1026	0	1	1	1026
CY207732.1	376	443	0	1	1	443
CY207732.1	385	679	0	1	1	679
CY207732.1	386	575	1	0	1	386
CY207732.1	390	882	0	1	1	882
CY207732.1	394	574	0	1	1	574
CY207732.1	394	627	0	1	1	627
CY207732.1	402	673	1	0	1	402
CY207732.1	411	763	1	0	1	411
CY207732.1	415	800	0	1	1	800
CY207732.1	416	851	0	1	1	851
CY207732.1	417	686	2	3	5	417
CY207732.1	424	879	0	1	1	879
CY207732.1	426	640	0	1	1	640
CY207732.1	433	1160	0	1	1	1160
CY207732.1	434	813	0	3	3	813
CY207732.1	436	1082	0	1	1	1082
CY207732.1	438	500	0	1	1	500
CY207732.1	441	738	1	0	1	441
CY207732.1	441	884	1	4	5	441
CY207732.1	445	863	0	1	1	863
CY207732.1	461	527	0	1	1	527
CY207732.1	461	891	1	0	1	461
CY207732.1	477	825	1	0	1	477
CY207732.1	483	955	0	1	1	955
CY207732.1	484	550	1	0	1	484
CY207732.1	485	764	0	1	1	764
CY207732.1	486	834	1	2	3	486
CY207732.1	488	570	1	0	1	488
CY207732.1	499	747	0	4	4	747
CY207732.1	503	555	0	1	1	555
CY207732.1	513	1057	1	0	1	513
CY207732.1	516	609	0	1	1	609
CY207732.1	527	562	0	1	1	562
CY207732.1	529	593	0	3	3	593
CY207732.1	534	912	2	4	6	534
CY207732.1	536	718	0	1	1	718
CY207732.1	537	1007	0	1	1	1007
CY207732.1	537	1130	1	0	1	537
CY207732.1	549	906	1	0	1	549
CY207732.1	553	944	0	1	1	944
CY207732.1	555	661	0	1	1	661
CY207732.1	573	783	1	0	1	573
CY207732.1	589	862	0	1	1	862
CY207732.1	598	840	0	1	1	840
CY207732.1	599	1018	1	0	1	599
CY207732.1	601	685	1	0	1	601
CY207732.1	601	838	0	1	1	838
CY207732.1	613	708	0	1	1	708
CY207732.1	622	710	0	1	1	710
CY207732.1	626	655	0	1	1	655
CY207732.1	627	1023	1	0	1	627
CY207732.1	629	762	1	0	1	629
CY207732.1	656	1000	0	1	1	1000
CY207732.1	665	758	1	0	1	665
CY207732.1	666	771	0	1	1	771
CY207732.1	676	1173	0	1	1	1173
CY207732.1	679	815	1	3	4	679
CY207732.1	684	739	0	1	1	739
CY207732.1	684	791	1	0	1	684
CY207732.1	685	839	1	2	3	685
CY207732.1	686	991	1	0	1	686
CY207732.1	686	997	1	1	2	686
CY207732.1	695	934	1	0	1	695
CY207732.1	700	1142	0	1	1	1142
CY207732.1	702	789	0	1	1	789
CY207732.1	710	784	0	1	1	784
CY207732.1	712	819	0	2	2	819
CY207732.1	715	915	1	0	1	715
CY207732.1	715	965	4	0	4	715
CY207732.1	716	758	0	1	1	758
CY207732.1	718	860	3	1	4	718
CY207732.1	719	762	0	1	1	762
CY207732.1	722	867	1	0	1	722
CY207732.1	733	790	1	0	1	733
CY207732.1	748	878	1	0	1	748
CY207732.1	758	954	1	1	2	758
CY207732.1	772	1021	1	0	1	772
CY207732.1	787	869	1	0	1	787
CY207732.1	788	858	1	0	1	788
CY207732.1	791	874	1	0	1	791
CY207732.1	801	824	0	1	1	824
CY207732.1	801	983	0	1	1	983
CY207732.1	810	913	1	0	1	810
CY207732.1	817	866	3	0	3	817
CY207732.1	874	937	1	0	1	874
CY207732.1	880	964	0	1	1	964
CY207732.1	881	1012	1	1	2	881
CY207732.1	886	935	1	1	2	886
CY207732.1	953	1082	1	0	1	953
CY207732.1	973	1036	2	0	2	973
CY207733.1	1043	1285	0	1	1	1285
CY207733.1	1064	1596	0	1	1	1596
CY207733.1	1090	1184	1	0	1	1090
CY207733.1	1094	1321	1	0	1	1094
CY207733.1	1100	1424	1	0	1	1100
CY207733.1	1105	1208	1	0	1	1105
CY207733.1	1153	1188	0	1	1	1188
CY207733.1	1155	1331	1	0	1	1155
CY207733.1	1264	1427	0	1	1	1427
CY207733.1	1279	1343	0	1	1	1343
CY207733.1	1308	1469	0	1	1	1469
CY207733.1	1337	1404	1	0	1	1337
CY207733.1	235	1266	1	0	1	235
CY207733.1	242	659	1	0	1	242
CY207733.1	247	1410	98	2	100	247
CY207733.1	276	1001	1	0	1	276
CY207733.1	289	1015	2	1	3	289
CY207733.1	307	938	0	3	3	938
CY207733.1	321	1203	1	0	1	321
CY207733.1	322	1402	0	1	1	1402
CY207733.1	337	505	0	1	1	505
CY207733.1	365	1475	0	1	1	1475
CY207733.1	372	1450	0	1	1	1450
CY207733.1	381	749	0	1	1	749
CY207733.1	393	1109	0	1	1	1109
CY207733.1	396	1428	0	1	1	1428
CY207733.1	400	1087	0	1	1	1087
CY207733.1	437	636	1	0	1	437
CY207733.1	457	1212	1	0	1	457
CY207733.1	466	1175	1	0	1	466
CY207733.1	467	514	0	1	1	514
CY207733.1	471	519	1	0	1	471
CY207733.1	500	1277	0	1	1	1277
CY207733.1	512	754	1	0	1	512
CY207733.1	520	1429	1	0	1	520
CY207733.1	549	1365	0	1	1	1365
CY207733.1	552	1139	1	0	1	552
CY207733.1	558	1269	0	1	1	1269
CY207733.1	559	1134	0	1	1	1134
CY207733.1	593	866	0	1	1	866
CY207733.1	611	1141	0	1	1	1141
CY207733.1	612	1331	0	2	2	1331
CY207733.1	638	692	1	0	1	638
CY207733.1	678	1000	0	1	1	1000
CY207733.1	689	778	0	1	1	778
CY207733.1	730	1069	0	1	1	1069
CY207733.1	772	1359	0	1	1	1359
CY207733.1	791	909	1	1	2	791
CY207733.1	836	1179	1	0	1	836
CY207733.1	855	1126	0	1	1	1126
CY207733.1	871	1359	1	0	1	871
CY207733.1	886	1578	0	1	1	1578
CY207733.1	893	1103	1	0	1	893
CY207733.1	946	1286	1	0	1	946
CY207733.1	955	1022	0	3	3	1022
CY207733.1	966	1117	1	0	1	966
CY207734.1	1006	1047	0	1	1	1047
CY207734.1	1022	1137	0	1	1	1137
CY207734.1	1024	1584	0	1	1	1584
CY207734.1	1031	1375	0	1	1	1375
CY207734.1	1039	1505	0	1	1	1505
CY207734.1	1040	1233	0	1	1	1233
CY207734.1	1088	1411	0	1	1	1411
CY207734.1	1125	1546	1	1	2	1125
CY207734.1	1181	1233	1	0	1	1181
CY207734.1	1200	1306	0	1	1	1306
CY207734.1	1205	1301	0	1	1	1301
CY207734.1	1218	1566	1	0	1	1218
CY207734.1	1247	1278	0	1	1	1278
CY207734.1	1261	1417	0	1	1	1417
CY207734.1	1287	1344	1	0	1	1287
CY207734.1	1292	1445	1	0	1	1292
CY207734.1	1435	1469	0	1	1	1469
CY207734.1	1435	1512	1	0	1	1435
CY207734.1	1442	1566	2	0	2	1442
CY207734.1	1452	1524	1	0	1	1452
CY207734.1	1476	1508	1	0	1	1476
CY207734.1	1480	1502	1	0	1	1480
CY207734.1	1519	1545	1	0	1	1519
CY207734.1	1544	1620	1	0	1	1544
CY207734.1	1545	1622	0	1	1	1622
CY207734.1	1547	1628	0	1	1	1628
CY207734.1	1580	1697	0	2	2	1697
CY207734.1	255	1395	1	0	1	255
CY207734.1	261	1334	1	0	1	261
CY207734.1	264	838	1	0	1	264
CY207734.1	271	1169	1	0	1	271
CY207734.1	272	576	1	0	1	272
CY207734.1	275	1146	1	0	1	275
CY207734.1	282	817	2	0	2	282
CY207734.1	288	822	3	0	3	288
CY207734.1	290	824	1	0	1	290
CY207734.1	292	1685	0	1	1	1685
CY207734.1	319	350	1	0	1	319
CY207734.1	325	808	0	1	1	808
CY207734.1	350	1511	1	0	1	350
CY207734.1	368	1176	1	0	1	368
CY207734.1	402	709	1	0	1	402
CY207734.1	408	876	0	1	1	876
CY207734.1	414	1670	0	1	1	1670
CY207734.1	419	1459	0	1	1	1459
CY207734.1	424	1380	0	1	1	1380
CY207734.1	426	1559	0	1	1	1559
CY207734.1	432	857	0	1	1	857
CY207734.1	439	1266	0	1	1	1266
CY207734.1	440	957	0	1	1	957
CY207734.1	442	888	0	1	1	888
CY207734.1	443	1137	1	0	1	443
CY207734.1	446	1509	0	1	1	1509
CY207734.1	469	1538	0	1	1	1538
CY207734.1	470	590	1	0	1	470
CY207734.1	480	716	1	0	1	480
CY207734.1	489	950	0	1	1	950
CY207734.1	508	1056	0	1	1	1056
CY207734.1	521	639	1	1	2	521
CY207734.1	522	930	1	0	1	522
CY207734.1	525	1401	1	0	1	525
CY207734.1	529	1237	0	1	1	1237
CY207734.1	530	1405	0	1	1	1405
CY207734.1	534	1250	0	1	1	1250
CY207734.1	536	773	2	0	2	536
CY207734.1	536	812	1	0	1	536
CY207734.1	538	866	1	0	1	538
CY207734.1	550	1176	1	0	1	550
CY207734.1	550	1429	0	1	1	1429
CY207734.1	584	1192	1	0	1	584
CY207734.1	619	1022	0	1	1	1022
CY207734.1	619	958	1	0	1	619
CY207734.1	620	812	2	1	3	620
CY207734.1	633	777	0	1	1	777
CY207734.1	636	1137	0	1	1	1137
CY207734.1	657	1133	1	0	1	657
CY207734.1	690	1130	0	1	1	1130
CY207734.1	695	1124	0	1	1	1124
CY207734.1	712	1359	0	1	1	1359
CY207734.1	724	1498	2	0	2	724
CY207734.1	738	892	0	1	1	892
CY207734.1	742	1277	0	1	1	1277
CY207734.1	749	1496	1	0	1	749
CY207734.1	779	1598	0	1	1	1598
CY207734.1	804	1494	0	1	1	1494
CY207734.1	810	958	0	1	1	958
CY207734.1	812	1367	1	0	1	812
CY207734.1	815	1529	1	3	4	815
CY207734.1	816	1588	0	1	1	1588
CY207734.1	817	982	1	0	1	817
CY207734.1	821	1035	1	0	1	821
CY207734.1	824	1049	1	0	1	824
CY207734.1	832	1612	0	1	1	1612
CY207734.1	834	1175	0	1	1	1175
CY207734.1	835	1468	0	1	1	1468
CY207734.1	841	1622	0	1	1	1622
CY207734.1	845	890	1	0	1	845
CY207734.1	852	1370	0	1	1	1370
CY207734.1	861	884	0	1	1	884
CY207734.1	866	1044	1	1	2	866
CY207734.1	896	1186	0	1	1	1186
CY207734.1	906	955	1	0	1	906
CY207734.1	907	1020	0	1	1	1020
CY207734.1	951	1373	0	1	1	1373
CY207734.1	955	1283	0	1	1	1283
CY207734.1	961	1089	0	1	1	1089
CY207734.1	974	1144	0	1	1	1144
CY207734.1	974	1397	0	1	1	1397
CY207734.1	997	1042	1	1	2	997
CY207735.1	1014	1036	0	1	1	1036
CY207735.1	250	900	7	0	7	250
CY207735.1	259	345	13	0	13	259
CY207735.1	288	853	1	0	1	288
CY207735.1	290	931	1	1	2	290
CY207735.1	303	497	1	0	1	303
CY207735.1	350	865	0	1	1	865
CY207735.1	432	801	0	1	1	801
CY207735.1	465	556	0	8	8	556
CY207735.1	470	645	0	1	1	645
CY207735.1	472	640	0	1	1	640
CY207735.1	476	639	0	1	1	639
CY207735.1	499	729	4	1	5	499
CY207735.1	511	740	20	83	103	511
CY207735.1	519	746	2	9	11	519
CY207735.1	527	583	0	1	1	583
CY207735.1	540	568	0	1	1	568
CY207735.1	553	611	3	0	3	553
CY207735.1	559	825	0	1	1	825
CY207735.1	661	780	0	1	1	780
CY207735.1	721	868	1	0	1	721
CY207735.1	733	858	1	0	1	733
CY207735.1	817	878	0	1	1	878
CY207735.1	847	895	0	1	1	895
CY207736.1	1015	1349	0	1	1	1349
CY207736.1	1039	1165	0	1	1	1165
CY207736.1	1046	1979	0	1	1	1979
CY207736.1	1047	1919	0	1	1	1919
CY207736.1	1065	1221	0	1	1	1221
CY207736.1	1071	1978	0	1	1	1978
CY207736.1	1080	2362	0	1	1	2362
CY207736.1	1092	2294	0	1	1	2294
CY207736.1	1095	2005	0	1	1	2005
CY207736.1	1099	1306	0	1	1	1306
CY207736.1	1117	1898	1	0	1	1117
CY207736.1	1122	1959	0	1	1	1959
CY207736.1	1168	1679	0	1	1	1679
CY207736.1	1174	1692	0	1	1	1692
CY207736.1	1183	1794	0	1	1	1794
CY207736.1	1215	2203	0	1	1	2203
CY207736.1	1258	1647	0	2	2	1647
CY207736.1	1297	1574	1	0	1	1297
CY207736.1	1303	1505	1	0	1	1303
CY207736.1	1319	2346	0	1	1	2346
CY207736.1	1344	1788	1	0	1	1344
CY207736.1	1349	2249	0	1	1	2249
CY207736.1	1375	1995	0	2	2	1995
CY207736.1	1382	1442	1	0	1	1382
CY207736.1	1407	1468	1	0	1	1407
CY207736.1	1412	1693	0	1	1	1693
CY207736.1	1443	1482	0	1	1	1482
CY207736.1	1446	2203	0	1	1	2203
CY207736.1	1461	2362	0	1	1	2362
CY207736.1	1489	1871	0	2	2	1871
CY207736.1	1511	1756	0	1	1	1756
CY207736.1	1511	1886	1	0	1	1511
CY207736.1	1514	1656	0	1	1	1656
CY207736.1	1533	1597	0	2	2	1597
CY207736.1	1549	1605	0	1	1	1605
CY207736.1	1623	2376	0	1	1	2376
CY207736.1	1658	2257	0	1	1	2257
CY207736.1	1676	2043	1	0	1	1676
CY207736.1	1686	1971	1	0	1	1686
CY207736.1	1702	2242	0	1	1	2242
CY207736.1	1706	2375	0	1	1	2375
CY207736.1	1742	1862	2	1	3	1742
CY207736.1	1748	1800	1	0	1	1748
CY207736.1	1756	1794	0	1	1	1794
CY207736.1	2005	2077	1	1	2	2005
CY207736.1	2086	2123	2	0	2	2086
CY207736.1	2092	2358	0	1	1	2358
CY207736.1	2161	2192	0	1	1	2192
CY207736.1	2221	2350	0	1	1	2350
CY207736.1	236	1645	1	0	1	236
CY207736.1	277	1713	1	0	1	277
CY207736.1	282	1398	4	0	4	282
CY207736.1	282	2288	1	0	1	282
CY207736.1	283	1399	1	0	1	283
CY207736.1	288	335	1	0	1	288
CY207736.1	289	1222	1	0	1	289
CY207736.1	289	1957	1	0	1	289
CY207736.1	290	2128	1	0	1	290
CY207736.1	290	2215	1	0	1	290
CY207736.1	290	2282	1	0	1	290
CY207736.1	291	2198	1	0	1	291
CY207736.1	293	1509	1	0	1	293
CY207736.1	320	2223	1	0	1	320
CY207736.1	333	2225	0	2	2	2225
CY207736.1	336	1401	1	0	1	336
CY207736.1	354	2216	1	0	1	354
CY207736.1	355	1690	2	0	2	355
CY207736.1	356	1867	0	1	1	1867
CY207736.1	356	2019	1	1	2	356
CY207736.1	385	409	0	1	1	409
CY207736.1	386	1482	1	0	1	386
CY207736.1	386	2172	0	3	3	2172
CY207736.1	388	1274	0	1	1	1274
CY207736.1	409	473	6	24	30	409
CY207736.1	410	2134	0	1	1	2134
CY207736.1	415	2155	0	1	1	2155
CY207736.1	428	2226	13	13	26	428
CY207736.1	436	2163	1	1	2	436
CY207736.1	439	2031	2	0	2	439
CY207736.1	449	1914	2	13	15	449
CY207736.1	451	1393	2	0	2	451
CY207736.1	453	1089	0	1	1	1089
CY207736.1	455	2029	11	11	22	455
CY207736.1	456	1600	0	1	1	1600
CY207736.1	460	2033	8	21	29	460
CY207736.1	463	515	1	0	1	463
CY207736.1	465	1897	1	0	1	465
CY207736.1	465	2171	1	0	1	465
CY207736.1	467	2002	1	0	1	467
CY207736.1	477	2031	2	0	2	477
CY207736.1	479	1952	1	0	1	479
CY207736.1	480	1895	1	0	1	480
CY207736.1	483	1628	0	1	1	1628
CY207736.1	491	1871	1	0	1	491
CY207736.1	492	2019	3	2	5	492
CY207736.1	495	2048	1	3	4	495
CY207736.1	498	2058	6	2	8	498
CY207736.1	499	601	1	0	1	499
CY207736.1	501	2142	8	32	40	501
CY207736.1	521	2022	0	1	1	2022
CY207736.1	522	1988	1	0	1	522
CY207736.1	528	870	1	0	1	528
CY207736.1	562	2041	1	0	1	562
CY207736.1	564	2035	1	1	2	564
CY207736.1	565	1693	4	3	7	565
CY207736.1	575	1931	0	1	1	1931
CY207736.1	577	886	1	1	2	577
CY207736.1	583	2188	0	1	1	2188
CY207736.1	584	1509	3	0	3	584
CY207736.1	584	1860	2	0	2	584
CY207736.1	586	1183	1	0	1	586
CY207736.1	587	1458	1	0	1	587
CY207736.1	593	1040	1	0	1	593
CY207736.1	593	1839	0	1	1	1839
CY207736.1	593	2008	1	0	1	593
CY207736.1	595	903	1	0	1	595
CY207736.1	596	2002	1	0	1	596
CY207736.1	598	904	3	0	3	598
CY207736.1	599	1699	0	1	1	1699
CY207736.1	602	946	1	0	1	602
CY207736.1	607	1871	1	1	2	607
CY207736.1	607	1955	1	0	1	607
CY207736.1	608	1913	1	2	3	608
CY207736.1	609	1856	1	0	1	609
CY207736.1	611	2145	1	0	1	611
CY207736.1	612	1955	2	0	2	612
CY207736.1	617	1951	0	1	1	1951
CY207736.1	623	1969	0	1	1	1969
CY207736.1	626	1883	1	1	2	626
CY207736.1	627	1889	0	1	1	1889
CY207736.1	628	1817	1	0	1	628
CY207736.1	629	1768	1	1	2	629
CY207736.1	629	1896	1	0	1	629
CY207736.1	631	1536	29	8	37	631
CY207736.1	635	1872	1	1	2	635
CY207736.1	644	2001	1	0	1	644
CY207736.1	648	1869	1	1	2	648
CY207736.1	655	1892	0	1	1	1892
CY207736.1	659	1562	0	2	2	1562
CY207736.1	660	1666	0	1	1	1666
CY207736.1	660	1913	2	0	2	660
CY207736.1	673	1987	0	1	1	1987
CY207736.1	674	1843	1	0	1	674
CY207736.1	675	1992	0	1	1	1992
CY207736.1	678	1955	1	1	2	678
CY207736.1	686	1952	0	1	1	1952
CY207736.1	689	1739	0	1	1	1739
CY207736.1	691	1385	1	0	1	691
CY207736.1	699	1995	0	2	2	1995
CY207736.1	703	1126	1	0	1	703
CY207736.1	705	1199	0	1	1	1199
CY207736.1	709	1749	1	0	1	709
CY207736.1	718	1759	1	1	2	718
CY207736.1	718	1856	1	2	3	718
CY207736.1	718	1956	0	2	2	1956
CY207736.1	723	1647	2	2	4	723
CY207736.1	723	1994	4	2	6	723
CY207736.1	725	1607	1	0	1	725
CY207736.1	729	1611	1	1	2	729
CY207736.1	729	1793	0	2	2	1793
CY207736.1	734	1856	3	3	6	734
CY207736.1	736	1781	1	1	2	736
CY207736.1	736	966	2	0	2	736
CY207736.1	737	1827	3	2	5	737
CY207736.1	743	1420	0	1	1	1420
CY207736.1	759	1612	0	1	1	1612
CY207736.1	767	1832	6	1	7	767
CY207736.1	767	1952	5	3	8	767
CY207736.1	771	1679	2	0	2	771
CY207736.1	773	1825	1	0	1	773
CY207736.1	773	1826	6	14	20	773
CY207736.1	775	1827	2	3	5	775
CY207736.1	791	2028	1	0	1	791
CY207736.1	795	1784	1	6	7	795
CY207736.1	810	1512	1	0	1	810
CY207736.1	823	1719	2	0	2	823
CY207736.1	827	2013	0	1	1	2013
CY207736.1	828	1721	1	1	2	828
CY207736.1	832	1713	1	0	1	832
CY207736.1	836	1740	1	0	1	836
CY207736.1	839	1971	0	1	1	1971
CY207736.1	846	1724	1	2	3	846
CY207736.1	847	2355	0	1	1	2355
CY207736.1	857	1742	2	1	3	857
CY207736.1	859	1744	0	1	1	1744
CY207736.1	872	1632	1	0	1	872
CY207736.1	877	1974	1	0	1	877
CY207736.1	880	2293	0	1	1	2293
CY207736.1	881	1722	1	0	1	881
CY207736.1	894	1004	1	0	1	894
CY207736.1	904	2063	1	1	2	904
CY207736.1	912	1722	0	1	1	1722
CY207736.1	913	2355	0	1	1	2355
CY207736.1	930	1684	2	0	2	930
CY207736.1	930	1812	1	0	1	930
CY207736.1	945	1663	1	0	1	945
CY207736.1	952	1369	0	1	1	1369
CY207736.1	982	1489	1	1	2	982
CY207736.1	983	1583	0	1	1	1583
CY207737.1	1000	1688	0	1	1	1688
CY207737.1	1006	2096	0	1	1	2096
CY207737.1	1056	1514	1	0	1	1056
CY207737.1	1070	2065	1	0	1	1070
CY207737.1	1095	2096	1	0	1	1095
CY207737.1	1095	2377	1	0	1	1095
CY207737.1	1127	2174	0	1	1	2174
CY207737.1	1151	1222	0	1	1	1222
CY207737.1	1191	1270	1	0	1	1191
CY207737.1	1238	2454	0	5	5	2454
CY207737.1	1250	2061	1	0	1	1250
CY207737.1	1272	2001	0	1	1	2001
CY207737.1	1274	1492	0	1	1	1492
CY207737.1	1279	2042	2	2	4	1279
CY207737.1	1306	2043	6	2	8	1306
CY207737.1	1316	2117	0	1	1	2117
CY207737.1	1344	2035	0	1	1	2035
CY207737.1	1376	2325	1	0	1	1376
CY207737.1	1385	1856	0	1	1	1856
CY207737.1	1385	2476	0	1	1	2476
CY207737.1	1386	2035	0	1	1	2035
CY207737.1	1395	1686	1	0	1	1395
CY207737.1	1437	2025	0	1	1	2025
CY207737.1	1440	1992	0	1	1	1992
CY207737.1	1480	1739	0	1	1	1739
CY207737.1	1589	2469	0	1	1	2469
CY207737.1	1608	2176	0	1	1	2176
CY207737.1	1619	1969	0	1	1	1969
CY207737.1	1621	2293	0	1	1	2293
CY207737.1	1762	1961	0	1	1	1961
CY207737.1	1839	2030	1	0	1	1839
CY207737.1	1991	2350	1	0	1	1991
CY207737.1	1993	2466	0	1	1	2466
CY207737.1	2219	2274	1	0	1	2219
CY207737.1	2224	2280	1	0	1	2224
CY207737.1	2271	2308	0	1	1	2308
CY207737.1	282	2385	3	0	3	282
CY207737.1	287	2110	1	0	1	287
CY207737.1	313	2120	1	0	1	313
CY207737.1	330	2312	1	0	1	330
CY207737.1	393	1323	1	0	1	393
CY207737.1	400	989	1	0	1	400
CY207737.1	425	2183	1	0	1	425
CY207737.1	429	2167	1	0	1	429
CY207737.1	429	2209	0	1	1	2209
CY207737.1	434	945	1	0	1	434
CY207737.1	451	1367	1	0	1	451
CY207737.1	476	2283	2	0	2	476
CY207737.1	477	2387	0	1	1	2387
CY207737.1	485	1998	0	3	3	1998
CY207737.1	489	1562	0	1	1	1562
CY207737.1	491	996	0	2	2	996
CY207737.1	502	2283	1	1	2	502
CY207737.1	509	574	0	1	1	574
CY207737.1	512	2108	1	0	1	512
CY207737.1	528	2077	1	0	1	528
CY207737.1	529	2172	1	0	1	529
CY207737.1	530	1886	1	0	1	530
CY207737.1	531	2052	4	0	4	531
CY207737.1	541	2180	15	1	16	541
CY207737.1	550	2145	1	0	1	550
CY207737.1	553	2186	0	1	1	2186
CY207737.1	563	1538	1	0	1	563
CY207737.1	566	2334	2	1	3	566
CY207737.1	568	789	1	0	1	568
CY207737.1	590	1750	1	0	1	590
CY207737.1	592	2137	3	1	4	592
CY207737.1	595	1200	1	0	1	595
CY207737.1	595	1871	2	1	3	595
CY207737.1	603	1766	0	1	1	1766
CY207737.1	611	1757	2	2	4	611
CY207737.1	615	2221	0	1	1	2221
CY207737.1	615	889	1	0	1	615
CY207737.1	629	2015	0	1	1	2015
CY207737.1	636	2065	0	2	2	2065
CY207737.1	638	1741	3	0	3	638
CY207737.1	640	2204	1	0	1	640
CY207737.1	640	2301	1	0	1	640
CY207737.1	657	1997	1	1	2	657
CY207737.1	660	2077	1	0	1	660
CY207737.1	668	1402	1	0	1	668
CY207737.1	671	1486	0	1	1	1486
CY207737.1	679	947	0	1	1	947
CY207737.1	686	1957	0	2	2	1957
CY207737.1	688	2069	1	0	1	688
CY207737.1	689	2059	1	0	1	689
CY207737.1	694	1965	0	1	1	1965
CY207737.1	701	2016	1	2	3	701
CY207737.1	706	939	1	0	1	706
CY207737.1	723	1197	0	1	1	1197
CY207737.1	724	2094	1	1	2	724
CY207737.1	743	1905	1	0	1	743
CY207737.1	743	2014	1	5	6	743
CY207737.1	746	863	0	1	1	863
CY207737.1	759	1998	0	3	3	1998
CY207737.1	760	1888	0	4	4	1888
CY207737.1	780	1956	1	2	3	780
CY207737.1	781	1979	6	3	9	781
CY207737.1	791	1809	1	0	1	791
CY207737.1	794	993	1	0	1	794
CY207737.1	796	1586	1	0	1	796
CY207737.1	797	1316	0	1	1	1316
CY207737.1	800	1969	0	1	1	1969
CY207737.1	803	1650	0	1	1	1650
CY207737.1	805	1845	1	1	2	805
CY207737.1	805	969	0	1	1	969
CY207737.1	824	1920	0	1	1	1920
CY207737.1	827	1947	0	1	1	1947
CY207737.1	828	2117	0	1	1	2117
CY207737.1	830	1371	1	0	1	830
CY207737.1	830	1816	0	1	1	1816
CY207737.1	842	1383	1	0	1	842
CY207737.1	852	1981	1	0	1	852
CY207737.1	867	1854	0	1	1	1854
CY207737.1	893	2278	1	0	1	893
CY207737.1	895	1759	1	0	1	895
CY207737.1	900	1887	0	1	1	1887
CY207737.1	902	1409	1	0	1	902
CY207737.1	945	2300	1	0	1	945
CY207737.1	966	1619	2	0	2	966
CY207737.1	967	1984	0	1	1	1984
CY207737.1	973	2307	1	0	1	973
CY207737.1	976	1620	0	1	1	1620
CY207737.1	995	1032	1	0	1	995
CY207738.1	1004	1820	2	0	2	1004
CY207738.1	1010	2242	1	0	1	1010
CY207738.1	1012	1427	0	1	1	1427
CY207738.1	1025	2172	1	0	1	1025
CY207738.1	1038	1705	1	1	2	1038
CY207738.1	1062	2248	1	1	2	1062
CY207738.1	1077	1824	1	0	1	1077
CY207738.1	1092	1269	1	0	1	1092
CY207738.1	1096	2231	1	0	1	1096
CY207738.1	1099	1406	1	0	1	1099
CY207738.1	1129	1242	0	1	1	1242
CY207738.1	1137	1216	0	1	1	1216
CY207738.1	1141	2481	0	1	1	2481
CY207738.1	1142	1225	1	1	2	1142
CY207738.1	1173	1698	0	1	1	1698
CY207738.1	1191	2338	1	0	1	1191
CY207738.1	1195	2023	1	0	1	1195
CY207738.1	1226	2229	1	0	1	1226
CY207738.1	1260	2074	0	1	1	2074
CY207738.1	1270	1767	1	0	1	1270
CY207738.1	1270	2184	2	1	3	1270
CY207738.1	1271	1983	0	1	1	1983
CY207738.1	1284	2164	0	1	1	2164
CY207738.1	1292	1830	0	1	1	1830
CY207738.1	1296	1650	1	0	1	1296
CY207738.1	1322	1659	1	0	1	1322
CY207738.1	1333	1373	1	0	1	1333
CY207738.1	1357	2126	0	1	1	2126
CY207738.1	1393	2039	0	2	2	2039
CY207738.1	1404	1868	0	1	1	1868
CY207738.1	1516	2349	1	0	1	1516
CY207738.1	1547	2238	1	0	1	1547
CY207738.1	1599	1634	1	0	1	1599
CY207738.1	1603	1948	0	1	1	1948
CY207738.1	1702	2147	0	2	2	2147
CY207738.1	1707	1847	0	1	1	1847
CY207738.1	1774	1918	1	0	1	1774
CY207738.1	1789	2464	0	1	1	2464
CY207738.1	1912	1967	0	1	1	1967
CY207738.1	1923	1947	0	1	1	1947
CY207738.1	1923	1952	0	1	1	1952
CY207738.1	2006	2126	0	1	1	2126
CY207738.1	2030	2389	0	1	1	2389
CY207738.1	2191	2262	1	0	1	2191
CY207738.1	2256	2326	2	0	2	2256
CY207738.1	2300	2324	0	3	3	2324
CY207738.1	2310	2371	0	1	1	2371
CY207738.1	2382	2483	0	1	1	2483
CY207738.1	247	2283	1	0	1	247
CY207738.1	251	1749	1	0	1	251
CY207738.1	262	2120	1	0	1	262
CY207738.1	263	1237	0	1	1	1237
CY207738.1	279	1988	1	1	2	279
CY207738.1	280	2335	1	0	1	280
CY207738.1	284	2133	2	0	2	284
CY207738.1	285	2341	12	0	12	285
CY207738.1	294	2057	1	0	1	294
CY207738.1	295	2145	1	0	1	295
CY207738.1	298	2256	1	0	1	298
CY207738.1	299	2149	2	0	2	299
CY207738.1	300	964	1	0	1	300
CY207738.1	303	2153	12	9	21	303
CY207738.1	308	790	1	0	1	308
CY207738.1	335	743	0	1	1	743
CY207738.1	338	1474	0	1	1	1474
CY207738.1	346	2235	1	0	1	346
CY207738.1	347	1246	0	1	1	1246
CY207738.1	352	1595	1	0	1	352
CY207738.1	353	2060	0	1	1	2060
CY207738.1	354	2177	1	1	2	354
CY207738.1	354	2275	2	1	3	354
CY207738.1	357	2246	0	1	1	2246
CY207738.1	376	1738	1	1	2	376
CY207738.1	380	2179	0	1	1	2179
CY207738.1	386	2314	0	2	2	2314
CY207738.1	389	2275	0	1	1	2275
CY207738.1	390	1691	0	1	1	1691
CY207738.1	395	767	0	1	1	767
CY207738.1	399	771	0	1	1	771
CY207738.1	402	1626	0	1	1	1626
CY207738.1	406	2193	1	4	5	406
CY207738.1	415	1712	1	0	1	415
CY207738.1	419	2195	0	1	1	2195
CY207738.1	422	1320	0	2	2	1320
CY207738.1	437	1296	0	1	1	1296
CY207738.1	440	1398	1	0	1	440
CY207738.1	452	2281	1	1	2	452
CY207738.1	460	856	1	0	1	460
CY207738.1	465	1672	1	0	1	465
CY207738.1	469	2246	2	4	6	469
CY207738.1	469	638	1	0	1	469
CY207738.1	472	1831	1	0	1	472
CY207738.1	472	614	0	1	1	614
CY207738.1	475	2143	1	0	1	475
CY207738.1	476	888	1	0	1	476
CY207738.1	477	2106	2	6	8	477
CY207738.1	485	939	1	0	1	485
CY207738.1	494	2115	0	1	1	2115
CY207738.1	494	2213	0	3	3	2213
CY207738.1	495	1943	0	3	3	1943
CY207738.1	514	2389	0	1	1	2389
CY207738.1	516	1092	1	0	1	516
CY207738.1	518	1432	1	0	1	518
CY207738.1	519	2126	1	3	4	519
CY207738.1	521	2044	0	3	3	2044
CY207738.1	526	2178	0	3	3	2178
CY207738.1	530	1158	0	1	1	1158
CY207738.1	533	2340	1	0	1	533
CY207738.1	538	1715	2	3	5	538
CY207738.1	545	1695	0	1	1	1695
CY207738.1	566	2103	1	0	1	566
CY207738.1	567	2133	8	11	19	567
CY207738.1	569	1808	2	0	2	569
CY207738.1	571	2139	2	5	7	571
CY207738.1	581	1841	21	40	61	581
CY207738.1	584	2026	1	2	3	584
CY207738.1	584	2059	1	1	2	584
CY207738.1	586	2116	2	0	2	586
CY207738.1	589	2154	1	1	2	589
CY207738.1	594	1821	0	1	1	1821
CY207738.1	596	1858	0	2	2	1858
CY207738.1	603	2067	0	3	3	2067
CY207738.1	604	1713	1	0	1	604
CY207738.1	614	2423	1	0	1	614
CY207738.1	617	1420	0	1	1	1420
CY207738.1	622	2119	1	2	3	622
CY207738.1	641	1866	1	0	1	641
CY207738.1	646	1695	2	2	4	646
CY207738.1	646	2133	0	1	1	2133
CY207738.1	655	1914	2	1	3	655
CY207738.1	664	1615	1	0	1	664
CY207738.1	675	1997	0	1	1	1997
CY207738.1	676	1515	0	1	1	1515
CY207738.1	684	2129	1	1	2	684
CY207738.1	687	1987	0	1	1	1987
CY207738.1	693	1979	1	0	1	693
CY207738.1	695	1927	1	0	1	695
CY207738.1	696	1923	2	0	2	696
CY207738.1	698	1993	0	1	1	1993
CY207738.1	699	2351	0	1	1	2351
CY207738.1	701	1636	1	0	1	701
CY207738.1	709	1957	1	7	8	709
CY207738.1	712	1943	1	0	1	712
CY207738.1	714	1955	0	2	2	1955
CY207738.1	715	1651	0	1	1	1651
CY207738.1	720	2013	0	3	3	2013
CY207738.1	724	751	1	0	1	724
CY207738.1	738	1063	1	0	1	738
CY207738.1	740	2005	0	1	1	2005
CY207738.1	742	1731	0	1	1	1731
CY207738.1	745	1995	0	1	1	1995
CY207738.1	751	1999	0	1	1	1999
CY207738.1	752	1688	0	1	1	1688
CY207738.1	764	1925	1	5	6	764
CY207738.1	775	1261	1	0	1	775
CY207738.1	782	1842	0	1	1	1842
CY207738.1	784	1780	0	2	2	1780
CY207738.1	800	855	1	0	1	800
CY207738.1	816	1840	0	2	2	1840
CY207738.1	820	2227	1	0	1	820
CY207738.1	824	1889	7	5	12	824
CY207738.1	825	2100	1	0	1	825
CY207738.1	835	1745	1	1	2	835
CY207738.1	835	2125	0	1	1	2125
CY207738.1	844	1830	0	2	2	1830
CY207738.1	848	1169	1	0	1	848
CY207738.1	848	1861	2	3	5	848
CY207738.1	849	1782	1	3	4	849
CY207738.1	856	1295	0	1	1	1295
CY207738.1	857	1857	4	0	4	857
CY207738.1	861	2087	2	0	2	861
CY207738.1	863	1846	0	1	1	1846
CY207738.1	870	2204	2	5	7	870
CY207738.1	871	2092	0	1	1	2092
CY207738.1	877	2184	0	2	2	2184
CY207738.1	896	1101	1	1	2	896
CY207738.1	902	1717	2	1	3	902
CY207738.1	905	2113	1	4	5	905
CY207738.1	927	1132	1	0	1	927
CY207738.1	935	1493	1	0	1	935
CY207738.1	943	1789	2	0	2	943
CY207738.1	950	1711	1	0	1	950
CY207738.1	952	1881	1	0	1	952
CY207738.1	954	2042	0	2	2	2042
CY207738.1	965	1618	0	1	1	1618
CY207738.1	968	1748	4	0	4	968
CY207738.1	971	1310	0	2	2	1310
CY207738.1	985	1548	0	1	1	1548
