Segment	Start	Stop	Forward_support	Reverse_support	Total_support	Fuzz_factor
CY207731.1	1023	1858	1	0	1	1023
CY207731.1	1038	1808	12	25	37	1038
CY207731.1	1046	1610	1	0	1	1046
CY207731.1	1090	1703	0	1	1	1703
CY207731.1	1101	1155	1	0	1	1101
CY207731.1	1133	1631	1	0	1	1133
CY207731.1	1135	1304	0	1	1	1304
CY207731.1	1170	1487	0	1	1	1487
CY207731.1	1190	1303	0	1	1	1303
CY207731.1	1196	1647	0	1	1	1647
CY207731.1	1280	1416	1	0	1	1280
CY207731.1	1307	1506	1	0	1	1307
CY207731.1	1308	1881	0	1	1	1881
CY207731.1	1319	1732	1	0	1	1319
CY207731.1	1354	1911	0	1	1	1911
CY207731.1	1661	1908	0	1	1	1908
CY207731.1	1663	1888	0	1	1	1888
CY207731.1	243	1715	1	0	1	243
CY207731.1	339	1075	0	1	1	1075
CY207731.1	369	1694	0	1	1	1694
CY207731.1	382	1801	2	1	3	382
CY207731.1	384	1803	12	29	41	384
CY207731.1	386	1004	9	42	51	386
CY207731.1	386	1146	0	1	1	1146
CY207731.1	421	1864	0	1	1	1864
CY207731.1	447	1245	20	24	44	447
CY207731.1	455	1430	1	0	1	455
CY207731.1	462	1254	0	1	1	1254
CY207731.1	473	1482	3	18	21	473
CY207731.1	478	1069	0	1	1	1069
CY207731.1	481	1002	1	0	1	481
CY207731.1	486	1007	0	1	1	1007
CY207731.1	497	1259	0	1	1	1259
CY207731.1	507	964	1	0	1	507
CY207731.1	509	1170	0	1	1	1170
CY207731.1	509	1266	0	1	1	1266
CY207731.1	527	1187	1	0	1	527
CY207731.1	527	1727	1	2	3	527
CY207731.1	565	1641	0	1	1	1641
CY207731.1	567	1619	16	21	37	567
CY207731.1	621	780	0	1	1	780
CY207731.1	650	1702	0	1	1	1702
CY207731.1	653	1410	1	0	1	653
CY207731.1	667	973	0	1	1	973
CY207731.1	683	1816	1	0	1	683
CY207731.1	712	1033	1	0	1	712
CY207731.1	718	1045	1	0	1	718
CY207731.1	743	1038	0	1	1	1038
CY207731.1	759	1433	1	0	1	759
CY207731.1	781	1704	1	0	1	781
CY207731.1	816	1168	0	1	1	1168
CY207731.1	820	1441	0	1	1	1441
CY207732.1	1020	1068	1	0	1	1020
CY207732.1	1062	1158	0	1	1	1158
CY207732.1	260	469	1	0	1	260
CY207732.1	270	489	1	0	1	270
CY207732.1	272	603	1	0	1	272
CY207732.1	278	733	1	0	1	278
CY207732.1	294	677	0	1	1	677
CY207732.1	300	1151	0	1	1	1151
CY207732.1	355	870	0	1	1	870
CY207732.1	358	466	0	1	1	466
CY207732.1	362	562	0	1	1	562
CY207732.1	372	899	0	1	1	899
CY207732.1	379	706	0	1	1	706
CY207732.1	394	662	0	1	1	662
CY207732.1	394	858	0	1	1	858
CY207732.1	395	1148	0	1	1	1148
CY207732.1	400	905	1	0	1	400
CY207732.1	409	1057	0	1	1	1057
CY207732.1	412	777	0	1	1	777
CY207732.1	414	905	1	0	1	414
CY207732.1	425	539	1	0	1	425
CY207732.1	428	558	0	1	1	558
CY207732.1	429	854	0	1	1	854
CY207732.1	445	863	7	43	50	445
CY207732.1	447	846	1	0	1	447
CY207732.1	453	818	0	1	1	818
CY207732.1	453	831	1	0	1	453
CY207732.1	478	819	0	1	1	819
CY207732.1	478	872	1	0	1	478
CY207732.1	483	517	1	0	1	483
CY207732.1	483	621	0	1	1	621
CY207732.1	484	913	1	0	1	484
CY207732.1	485	976	1	0	1	485
CY207732.1	487	859	0	1	1	859
CY207732.1	501	1134	0	1	1	1134
CY207732.1	503	1111	0	1	1	1111
CY207732.1	509	553	0	1	1	553
CY207732.1	509	687	1	0	1	509
CY207732.1	547	1018	0	1	1	1018
CY207732.1	580	675	1	0	1	580
CY207732.1	584	687	12	9	21	584
CY207732.1	589	862	2	1	3	589
CY207732.1	596	837	0	1	1	837
CY207732.1	634	1038	0	1	1	1038
CY207732.1	667	1021	1	0	1	667
CY207732.1	709	1043	1	0	1	709
CY207732.1	716	984	0	1	1	984
CY207732.1	718	860	1	0	1	718
CY207732.1	731	952	0	1	1	952
CY207732.1	735	998	0	1	1	998
CY207732.1	748	888	0	1	1	888
CY207732.1	783	831	1	0	1	783
CY207732.1	828	877	1	0	1	828
CY207732.1	846	1063	1	0	1	846
CY207732.1	914	978	1	0	1	914
CY207732.1	965	998	1	0	1	965
CY207733.1	1255	1418	1	0	1	1255
CY207733.1	1293	1444	0	1	1	1444
CY207733.1	1390	1436	13	17	30	1390
CY207733.1	276	519	1	0	1	276
CY207733.1	297	1433	1	0	1	297
CY207733.1	300	1436	3	6	9	300
CY207733.1	315	1451	0	5	5	1451
CY207733.1	317	821	0	1	1	821
CY207733.1	336	780	0	1	1	780
CY207733.1	346	949	1	0	1	346
CY207733.1	349	1307	1	0	1	349
CY207733.1	353	1307	1	0	1	353
CY207733.1	381	1327	1	7	8	381
CY207733.1	432	796	1	0	1	432
CY207733.1	457	517	1	0	1	457
CY207733.1	463	527	0	1	1	527
CY207733.1	468	518	0	1	1	518
CY207733.1	555	909	1	0	1	555
CY207733.1	588	1361	0	1	1	1361
CY207733.1	602	789	0	1	1	789
CY207733.1	613	1187	0	1	1	1187
CY207733.1	621	946	0	1	1	946
CY207733.1	700	1374	0	1	1	1374
CY207733.1	774	1211	1	0	1	774
CY207733.1	774	864	0	1	1	864
CY207733.1	788	1225	12	15	27	788
CY207733.1	843	1012	1	0	1	843
CY207733.1	875	1550	0	1	1	1550
CY207733.1	929	1340	1	0	1	929
CY207734.1	1005	1255	1	0	1	1005
CY207734.1	1108	1539	1	0	1	1108
CY207734.1	1182	1582	0	1	1	1582
CY207734.1	1211	1485	1	0	1	1211
CY207734.1	1258	1585	0	1	1	1585
CY207734.1	1307	1496	1	0	1	1307
CY207734.1	1427	1689	0	1	1	1689
CY207734.1	1480	1502	0	1	1	1502
CY207734.1	1510	1677	0	1	1	1677
CY207734.1	1518	1592	4	1	5	1518
CY207734.1	244	682	1	0	1	244
CY207734.1	246	603	1	0	1	246
CY207734.1	257	811	1	0	1	257
CY207734.1	280	546	1	0	1	280
CY207734.1	318	560	0	1	1	560
CY207734.1	397	465	1	0	1	397
CY207734.1	401	766	0	1	1	766
CY207734.1	412	723	0	1	1	723
CY207734.1	412	893	0	1	1	893
CY207734.1	446	1333	1	0	1	446
CY207734.1	446	1553	1	0	1	446
CY207734.1	457	1669	1	2	3	457
CY207734.1	466	1696	0	1	1	1696
CY207734.1	481	1407	2	4	6	481
CY207734.1	484	1551	1	0	1	484
CY207734.1	498	757	0	1	1	757
CY207734.1	510	1207	1	0	1	510
CY207734.1	520	655	0	1	1	655
CY207734.1	545	1232	0	1	1	1232
CY207734.1	553	900	0	1	1	900
CY207734.1	570	839	1	0	1	570
CY207734.1	592	1541	1	0	1	592
CY207734.1	625	1256	0	1	1	1256
CY207734.1	666	1524	0	1	1	1524
CY207734.1	711	795	1	0	1	711
CY207734.1	720	1233	0	1	1	1233
CY207734.1	766	1620	1	0	1	766
CY207734.1	777	1344	1	0	1	777
CY207734.1	794	1519	0	1	1	1519
CY207734.1	796	926	1	0	1	796
CY207734.1	811	1635	0	1	1	1635
CY207734.1	814	1268	1	0	1	814
CY207734.1	824	1049	5	11	16	824
CY207734.1	868	1588	1	0	1	868
CY207734.1	885	1469	1	0	1	885
CY207734.1	922	1496	1	0	1	922
CY207734.1	929	1394	1	0	1	929
CY207735.1	264	672	1	0	1	264
CY207735.1	286	379	1	0	1	286
CY207735.1	314	357	0	1	1	357
CY207735.1	399	435	0	1	1	435
CY207735.1	458	850	1	54	55	458
CY207735.1	459	645	5	55	60	459
CY207735.1	460	787	0	1	1	787
CY207735.1	463	653	0	3	3	653
CY207735.1	466	656	0	1	1	656
CY207735.1	479	629	0	1	1	629
CY207735.1	511	740	0	1	1	740
CY207735.1	564	730	0	1	1	730
CY207735.1	750	850	19	15	34	750
CY207736.1	1024	2157	1	0	1	1024
CY207736.1	1091	1742	1	0	1	1091
CY207736.1	1139	1715	0	1	1	1715
CY207736.1	1160	1300	0	1	1	1300
CY207736.1	1209	1957	0	1	1	1957
CY207736.1	1266	1635	0	1	1	1635
CY207736.1	1304	2352	0	1	1	2352
CY207736.1	1321	1394	6	2	8	1321
CY207736.1	1452	2101	0	1	1	2101
CY207736.1	1568	1653	1	0	1	1568
CY207736.1	1733	1833	0	1	1	1833
CY207736.1	1751	1803	0	1	1	1803
CY207736.1	1892	1914	0	1	1	1914
CY207736.1	1939	2190	6	1	7	1939
CY207736.1	1960	2090	0	1	1	2090
CY207736.1	2108	2190	4	2	6	2108
CY207736.1	2175	2271	1	1	2	2175
CY207736.1	2205	2245	38	12	50	2205
CY207736.1	268	897	1	0	1	268
CY207736.1	282	363	10	1	11	282
CY207736.1	282	390	1	0	1	282
CY207736.1	283	347	11	0	11	283
CY207736.1	292	334	13	1	14	292
CY207736.1	303	334	4	2	6	303
CY207736.1	317	1196	1	0	1	317
CY207736.1	331	2153	2	7	9	331
CY207736.1	331	370	0	2	2	370
CY207736.1	333	2185	0	2	2	2185
CY207736.1	334	2017	0	1	1	2017
CY207736.1	334	2207	5	1	6	334
CY207736.1	335	2157	0	1	1	2157
CY207736.1	335	2224	26	27	53	335
CY207736.1	346	2172	3	1	4	346
CY207736.1	360	2152	2	11	13	360
CY207736.1	360	2227	0	1	1	2227
CY207736.1	362	2227	13	25	38	362
CY207736.1	368	2231	0	1	1	2231
CY207736.1	377	2120	1	1	2	377
CY207736.1	380	1560	0	1	1	1560
CY207736.1	385	2147	8	48	56	385
CY207736.1	390	2133	7	50	57	390
CY207736.1	402	2143	3	49	52	402
CY207736.1	413	1413	1	0	1	413
CY207736.1	425	2144	3	9	12	425
CY207736.1	427	2140	6	43	49	427
CY207736.1	431	878	0	1	1	878
CY207736.1	435	2225	8	13	21	435
CY207736.1	440	2111	16	19	35	440
CY207736.1	441	2112	1	0	1	441
CY207736.1	449	2186	0	1	1	2186
CY207736.1	454	501	2	1	3	454
CY207736.1	455	2149	6	23	29	455
CY207736.1	464	1920	1	0	1	464
CY207736.1	467	2002	1	0	1	467
CY207736.1	471	2164	0	1	1	2164
CY207736.1	483	2168	0	2	2	2168
CY207736.1	485	2064	15	22	37	485
CY207736.1	485	2227	1	0	1	485
CY207736.1	489	1950	17	7	24	489
CY207736.1	489	2151	16	24	40	489
CY207736.1	492	2019	1	0	1	492
CY207736.1	493	2163	31	43	74	493
CY207736.1	495	2012	23	11	34	495
CY207736.1	500	2028	21	26	47	500
CY207736.1	500	2212	32	6	38	500
CY207736.1	511	2009	14	18	32	511
CY207736.1	514	1862	3	1	4	514
CY207736.1	514	2063	2	8	10	514
CY207736.1	518	1961	1	0	1	518
CY207736.1	521	1584	1	0	1	521
CY207736.1	538	1965	75	38	113	538
CY207736.1	546	2140	4	34	38	546
CY207736.1	547	1958	7	4	11	547
CY207736.1	556	1869	2	0	2	556
CY207736.1	563	2001	40	28	68	563
CY207736.1	564	2012	30	19	49	564
CY207736.1	566	2004	0	1	1	2004
CY207736.1	577	2005	5	4	9	577
CY207736.1	584	1509	1	1	2	584
CY207736.1	585	1882	3	7	10	585
CY207736.1	598	646	1	0	1	598
CY207736.1	613	653	28	18	46	613
CY207736.1	625	1463	3	0	3	625
CY207736.1	628	1470	14	3	17	628
CY207736.1	638	1945	0	1	1	1945
CY207736.1	642	2259	0	1	1	2259
CY207736.1	645	1863	4	1	5	645
CY207736.1	666	1798	1	0	1	666
CY207736.1	672	1129	1	0	1	672
CY207736.1	686	1818	3	1	4	686
CY207736.1	689	771	1	1	2	689
CY207736.1	696	779	0	1	1	779
CY207736.1	701	1993	3	4	7	701
CY207736.1	715	2000	0	1	1	2000
CY207736.1	720	1873	0	1	1	1873
CY207736.1	725	788	1	0	1	725
CY207736.1	751	1913	63	24	87	751
CY207736.1	761	1514	0	1	1	1514
CY207736.1	767	1952	21	9	30	767
CY207736.1	776	1749	17	14	31	776
CY207736.1	780	1753	0	1	1	1753
CY207736.1	786	1758	0	1	1	1758
CY207736.1	790	1672	1	0	1	790
CY207736.1	823	1719	1	1	2	823
CY207736.1	851	1695	3	0	3	851
CY207736.1	859	1702	12	14	26	859
CY207736.1	861	1704	0	1	1	1704
CY207736.1	864	1707	47	40	87	864
CY207736.1	946	2365	0	1	1	2365
CY207736.1	949	1620	0	1	1	1620
CY207737.1	1023	1155	1	0	1	1023
CY207737.1	1026	1706	0	2	2	1706
CY207737.1	1045	1730	0	1	1	1730
CY207737.1	1073	1816	1	0	1	1073
CY207737.1	1097	1696	1	0	1	1097
CY207737.1	1137	1480	0	1	1	1480
CY207737.1	1236	2316	1	0	1	1236
CY207737.1	1278	2335	0	1	1	2335
CY207737.1	1281	1638	0	1	1	1638
CY207737.1	1356	2003	1	0	1	1356
CY207737.1	1531	2148	0	1	1	2148
CY207737.1	1592	1852	1	0	1	1592
CY207737.1	1669	2203	0	1	1	2203
CY207737.1	1683	2173	1	0	1	1683
CY207737.1	1772	1832	0	1	1	1832
CY207737.1	2301	2333	14	1	15	2301
CY207737.1	2418	2450	6	36	42	2418
CY207737.1	245	2242	1	0	1	245
CY207737.1	312	2254	1	0	1	312
CY207737.1	320	2279	1	0	1	320
CY207737.1	329	2302	49	3	52	329
CY207737.1	330	2322	6	3	9	330
CY207737.1	358	770	1	0	1	358
CY207737.1	361	1516	1	0	1	361
CY207737.1	368	2356	6	11	17	368
CY207737.1	391	425	5	21	26	391
CY207737.1	404	1958	0	1	1	1958
CY207737.1	419	2232	1	0	1	419
CY207737.1	424	2237	17	1	18	424
CY207737.1	453	2232	1	1	2	453
CY207737.1	461	1961	0	1	1	1961
CY207737.1	463	2107	2	5	7	463
CY207737.1	515	1995	1	0	1	515
CY207737.1	519	2024	1	0	1	519
CY207737.1	525	2030	2	0	2	525
CY207737.1	534	2212	3	0	3	534
CY207737.1	536	2040	32	22	54	536
CY207737.1	539	2237	25	4	29	539
CY207737.1	540	1870	1	0	1	540
CY207737.1	550	2282	1	0	1	550
CY207737.1	552	2284	33	11	44	552
CY207737.1	553	2132	8	3	11	553
CY207737.1	604	2018	10	16	26	604
CY207737.1	623	1982	2	0	2	623
CY207737.1	658	1991	33	41	74	658
CY207737.1	690	1876	8	10	18	690
CY207737.1	711	1907	0	1	1	1907
CY207737.1	754	885	0	1	1	885
CY207737.1	781	1974	23	22	45	781
CY207737.1	818	1774	1	0	1	818
CY207737.1	834	1961	1	0	1	834
CY207737.1	882	1113	1	0	1	882
CY207737.1	910	1875	4	12	16	910
CY207737.1	914	1879	0	1	1	1879
CY207737.1	962	1511	0	1	1	1511
CY207737.1	966	1811	3	0	3	966
CY207738.1	1003	2055	1	0	1	1003
CY207738.1	1042	2267	0	1	1	2267
CY207738.1	1139	2146	0	1	1	2146
CY207738.1	1149	1970	0	1	1	1970
CY207738.1	1155	1208	0	1	1	1208
CY207738.1	1272	1631	0	1	1	1631
CY207738.1	1323	1681	1	0	1	1323
CY207738.1	1363	2324	1	0	1	1363
CY207738.1	1386	2149	5	10	15	1386
CY207738.1	1457	1480	1	0	1	1457
CY207738.1	1748	1848	0	1	1	1848
CY207738.1	1867	1904	14	7	21	1867
CY207738.1	1915	1952	0	1	1	1952
CY207738.1	1994	2288	0	1	1	2288
CY207738.1	2094	2369	1	0	1	2094
CY207738.1	2161	2266	0	1	1	2266
CY207738.1	2163	2210	2	7	9	2163
CY207738.1	2218	2391	2	1	3	2218
CY207738.1	2279	2313	6	17	23	2279
CY207738.1	2317	2348	106	129	235	2317
CY207738.1	2366	2399	1	0	1	2366
CY207738.1	2371	2395	2	18	20	2371
CY207738.1	247	2338	1	0	1	247
CY207738.1	294	2207	1	0	1	294
CY207738.1	296	2209	3	1	4	296
CY207738.1	302	2207	1	0	1	302
CY207738.1	326	957	0	1	1	957
CY207738.1	329	2274	0	1	1	2274
CY207738.1	332	1228	0	1	1	1228
CY207738.1	337	2413	0	2	2	2413
CY207738.1	339	1235	0	2	2	1235
CY207738.1	346	2235	9	1	10	346
CY207738.1	347	1246	0	1	1	1246
CY207738.1	347	2330	1	3	4	347
CY207738.1	357	2246	1	2	3	357
CY207738.1	362	2247	25	69	94	362
CY207738.1	362	2333	5	7	12	362
CY207738.1	363	2159	0	1	1	2159
CY207738.1	366	2267	1	1	2	366
CY207738.1	367	2163	27	193	220	367
CY207738.1	367	2313	10	30	40	367
CY207738.1	367	2317	23	55	78	367
CY207738.1	367	2333	13	14	27	367
CY207738.1	368	2164	0	1	1	2164
CY207738.1	372	2237	1	1	2	372
CY207738.1	372	2315	0	1	1	2315
CY207738.1	373	2297	12	33	45	373
CY207738.1	374	2317	14	30	44	374
CY207738.1	378	2270	0	2	2	2270
CY207738.1	379	405	0	1	1	405
CY207738.1	384	2431	0	1	1	2431
CY207738.1	386	2270	4	41	45	386
CY207738.1	393	1132	0	1	1	1132
CY207738.1	393	1925	1	0	1	393
CY207738.1	397	2131	1	0	1	397
CY207738.1	397	2174	15	86	101	397
CY207738.1	399	2034	5	7	12	399
CY207738.1	399	2217	1	0	1	399
CY207738.1	400	2012	0	1	1	2012
CY207738.1	403	2327	1	0	1	403
CY207738.1	406	2271	2	238	240	406
CY207738.1	407	2234	1	0	1	407
CY207738.1	407	2331	0	1	1	2331
CY207738.1	408	2215	6	0	6	408
CY207738.1	414	2221	0	1	1	2221
CY207738.1	417	2330	0	1	1	2330
CY207738.1	419	2255	2	46	48	419
CY207738.1	420	2241	147	338	485	420
CY207738.1	421	2242	0	1	1	2242
CY207738.1	421	2403	1	3	4	421
CY207738.1	425	2306	0	2	2	2306
CY207738.1	429	2279	0	11	11	2279
CY207738.1	431	2281	0	8	8	2281
CY207738.1	434	2267	1	1	2	434
CY207738.1	439	2360	0	1	1	2360
CY207738.1	440	1581	2	0	2	440
CY207738.1	440	543	1	0	1	440
CY207738.1	441	2186	1	0	1	441
CY207738.1	442	2203	1	0	1	442
CY207738.1	456	1570	1	0	1	456
CY207738.1	457	1099	0	1	1	1099
CY207738.1	464	1595	1	0	1	464
CY207738.1	466	2265	29	47	76	466
CY207738.1	471	2346	22	10	32	471
CY207738.1	474	1814	3	11	14	474
CY207738.1	474	2019	4	10	14	474
CY207738.1	480	2354	0	1	1	2354
CY207738.1	486	1716	0	1	1	1716
CY207738.1	487	2241	1	0	1	487
CY207738.1	488	1301	0	1	1	1301
CY207738.1	492	1187	0	1	1	1187
CY207738.1	498	2354	0	1	1	2354
CY207738.1	509	2215	11	8	19	509
CY207738.1	511	1361	0	1	1	1361
CY207738.1	511	2072	7	9	16	511
CY207738.1	517	1846	0	1	1	1846
CY207738.1	524	2074	1	10	11	524
CY207738.1	531	1201	0	1	1	1201
CY207738.1	551	2140	12	10	22	551
CY207738.1	560	1555	6	8	14	560
CY207738.1	566	2159	12	21	33	566
CY207738.1	568	1421	1	0	1	568
CY207738.1	610	1424	0	1	1	1424
CY207738.1	618	2072	46	55	101	618
CY207738.1	632	2210	94	64	158	632
CY207738.1	660	2038	0	1	1	2038
CY207738.1	676	2054	37	84	121	676
CY207738.1	676	734	7	8	15	676
CY207738.1	698	1983	1	0	1	698
CY207738.1	701	1938	4	4	8	701
CY207738.1	711	799	0	1	1	799
CY207738.1	717	1951	1	1	2	717
CY207738.1	722	2002	1	0	1	722
CY207738.1	729	2082	0	1	1	2082
CY207738.1	739	2005	7	10	17	739
CY207738.1	763	2115	1	0	1	763
CY207738.1	773	802	1	0	1	773
CY207738.1	774	1762	11	13	24	774
CY207738.1	777	1868	2	0	2	777
CY207738.1	794	1876	47	58	105	794
CY207738.1	796	840	1	0	1	796
CY207738.1	806	1732	14	8	22	806
CY207738.1	809	1893	0	1	1	1893
CY207738.1	816	1909	0	1	1	1909
CY207738.1	818	2456	0	1	1	2456
CY207738.1	831	1864	1	0	1	831
CY207738.1	836	2071	8	7	15	836
CY207738.1	847	1838	0	1	1	1838
CY207738.1	847	1868	10	15	25	847
CY207738.1	847	1872	9	5	14	847
CY207738.1	855	1850	11	11	22	855
CY207738.1	857	1937	5	9	14	857
CY207738.1	878	1859	1	0	1	878
CY207738.1	896	1101	0	1	1	1101
CY207738.1	899	1887	0	1	1	1887
CY207738.1	918	1756	3	7	10	918
CY207738.1	951	1405	1	0	1	951
