Segment	Start	Stop	Forward_support	Reverse_support	Total_support	Fuzz_factor
CY207731.1	1018	1250	0	1	1	1250
CY207731.1	1021	1519	0	1	1	1519
CY207731.1	1050	1460	1	0	1	1050
CY207731.1	1057	1362	0	1	1	1362
CY207731.1	1060	1794	1	0	1	1060
CY207731.1	1063	1704	1	0	1	1063
CY207731.1	1063	1773	0	1	1	1773
CY207731.1	1083	1281	0	1	1	1281
CY207731.1	1092	1710	0	1	1	1710
CY207731.1	1102	1228	1	0	1	1102
CY207731.1	1121	1703	0	1	1	1703
CY207731.1	1178	1891	0	1	1	1891
CY207731.1	1211	1706	0	1	1	1706
CY207731.1	1227	1453	0	1	1	1453
CY207731.1	1236	1557	0	1	1	1557
CY207731.1	1245	1329	1	0	1	1245
CY207731.1	1264	1795	1	0	1	1264
CY207731.1	1267	1341	0	2	2	1341
CY207731.1	1280	1438	0	1	1	1438
CY207731.1	1311	1357	1	0	1	1311
CY207731.1	1354	1455	1	0	1	1354
CY207731.1	1357	1635	0	1	1	1635
CY207731.1	1406	1816	0	1	1	1816
CY207731.1	1457	1784	0	1	1	1784
CY207731.1	1474	1876	0	1	1	1876
CY207731.1	1482	1920	0	1	1	1920
CY207731.1	1496	1549	0	1	1	1549
CY207731.1	1498	1602	0	1	1	1602
CY207731.1	1563	1683	1	0	1	1563
CY207731.1	1704	1807	0	1	1	1807
CY207731.1	1794	1821	0	1	1	1821
CY207731.1	254	471	1	0	1	254
CY207731.1	256	983	1	0	1	256
CY207731.1	259	330	1	0	1	259
CY207731.1	266	1763	1	0	1	266
CY207731.1	269	1672	2	0	2	269
CY207731.1	280	1681	2	0	2	280
CY207731.1	287	1684	30	2	32	287
CY207731.1	287	1732	11	0	11	287
CY207731.1	289	1743	3	0	3	289
CY207731.1	289	330	2	0	2	289
CY207731.1	292	1648	1	0	1	292
CY207731.1	307	1755	0	1	1	1755
CY207731.1	332	358	0	1	1	358
CY207731.1	343	958	0	1	1	958
CY207731.1	389	1682	1	0	1	389
CY207731.1	397	1598	0	1	1	1598
CY207731.1	404	941	0	1	1	941
CY207731.1	413	1053	1	0	1	413
CY207731.1	419	613	1	0	1	419
CY207731.1	423	481	1	0	1	423
CY207731.1	439	1522	0	1	1	1522
CY207731.1	440	1508	0	1	1	1508
CY207731.1	453	1662	1	1	2	453
CY207731.1	454	1598	1	0	1	454
CY207731.1	457	494	1	0	1	457
CY207731.1	459	1590	0	1	1	1590
CY207731.1	460	508	0	1	1	508
CY207731.1	472	1457	0	1	1	1457
CY207731.1	490	610	1	0	1	490
CY207731.1	499	745	0	1	1	745
CY207731.1	504	1513	1	0	1	504
CY207731.1	508	612	0	1	1	612
CY207731.1	528	1815	0	1	1	1815
CY207731.1	529	1605	1	0	1	529
CY207731.1	533	1503	1	0	1	533
CY207731.1	541	1517	1	0	1	541
CY207731.1	549	1761	0	1	1	1761
CY207731.1	561	1018	0	2	2	1018
CY207731.1	562	1396	0	1	1	1396
CY207731.1	565	1641	2	0	2	565
CY207731.1	569	1047	1	0	1	569
CY207731.1	571	902	0	1	1	902
CY207731.1	574	601	0	1	1	601
CY207731.1	596	1671	0	1	1	1671
CY207731.1	636	1261	0	1	1	1261
CY207731.1	660	1338	0	1	1	1338
CY207731.1	675	1724	0	1	1	1724
CY207731.1	679	1186	1	0	1	679
CY207731.1	680	1323	0	1	1	1323
CY207731.1	695	1097	0	1	1	1097
CY207731.1	745	1293	1	0	1	745
CY207731.1	804	1353	1	0	1	804
CY207731.1	817	968	0	1	1	968
CY207731.1	829	1719	1	0	1	829
CY207731.1	871	1655	1	0	1	871
CY207731.1	884	1646	1	0	1	884
CY207731.1	903	1554	1	0	1	903
CY207731.1	959	1544	1	0	1	959
CY207731.1	992	1694	0	1	1	1694
CY207732.1	256	860	1	0	1	256
CY207732.1	257	558	1	0	1	257
CY207732.1	275	657	4	0	4	275
CY207732.1	275	848	4	0	4	275
CY207732.1	278	582	1	0	1	278
CY207732.1	280	447	1	0	1	280
CY207732.1	286	631	1	0	1	286
CY207732.1	287	1090	1	0	1	287
CY207732.1	293	827	1	0	1	293
CY207732.1	311	524	1	0	1	311
CY207732.1	318	555	1	0	1	318
CY207732.1	322	803	0	1	1	803
CY207732.1	347	573	0	1	1	573
CY207732.1	355	928	1	0	1	355
CY207732.1	358	1004	1	0	1	358
CY207732.1	366	447	1	0	1	366
CY207732.1	392	617	1	0	1	392
CY207732.1	393	1003	0	1	1	1003
CY207732.1	393	946	0	1	1	946
CY207732.1	395	538	0	1	1	538
CY207732.1	402	749	1	0	1	402
CY207732.1	426	744	0	1	1	744
CY207732.1	450	709	0	1	1	709
CY207732.1	454	1068	1	0	1	454
CY207732.1	462	679	0	1	1	679
CY207732.1	467	914	1	0	1	467
CY207732.1	470	884	0	1	1	884
CY207732.1	472	1041	0	1	1	1041
CY207732.1	476	938	1	0	1	476
CY207732.1	477	988	0	1	1	988
CY207732.1	482	765	0	1	1	765
CY207732.1	486	540	1	0	1	486
CY207732.1	488	1018	0	1	1	1018
CY207732.1	507	732	1	0	1	507
CY207732.1	509	879	0	1	1	879
CY207732.1	517	1091	1	0	1	517
CY207732.1	521	940	0	1	1	940
CY207732.1	543	887	1	0	1	543
CY207732.1	548	726	1	0	1	548
CY207732.1	549	897	1	2	3	549
CY207732.1	550	666	1	0	1	550
CY207732.1	555	721	0	1	1	721
CY207732.1	589	862	1	2	3	589
CY207732.1	590	781	1	0	1	590
CY207732.1	595	671	0	1	1	671
CY207732.1	598	899	2	0	2	598
CY207732.1	602	646	0	1	1	646
CY207732.1	605	984	0	1	1	984
CY207732.1	613	849	0	1	1	849
CY207732.1	626	1040	1	0	1	626
CY207732.1	629	749	1	0	1	629
CY207732.1	629	957	1	0	1	629
CY207732.1	630	847	1	0	1	630
CY207732.1	644	791	0	1	1	791
CY207732.1	679	815	0	3	3	815
CY207732.1	685	839	0	1	1	839
CY207732.1	703	859	0	1	1	859
CY207732.1	718	860	0	1	1	860
CY207732.1	726	1000	1	0	1	726
CY207732.1	747	1000	0	1	1	1000
CY207732.1	766	1151	0	1	1	1151
CY207732.1	795	972	1	0	1	795
CY207732.1	817	866	0	1	1	866
CY207732.1	818	854	2	1	3	818
CY207732.1	836	934	0	1	1	934
CY207732.1	870	956	0	1	1	956
CY207732.1	923	1104	1	0	1	923
CY207732.1	934	1033	1	0	1	934
CY207732.1	955	1012	0	1	1	1012
CY207733.1	1053	1329	0	1	1	1329
CY207733.1	1100	1196	1	0	1	1100
CY207733.1	1203	1399	0	1	1	1399
CY207733.1	1291	1315	1	1	2	1291
CY207733.1	1355	1499	1	0	1	1355
CY207733.1	1359	1457	0	1	1	1457
CY207733.1	1392	1420	1	0	1	1392
CY207733.1	1520	1572	0	1	1	1572
CY207733.1	1550	1572	0	1	1	1572
CY207733.1	1553	1592	0	1	1	1592
CY207733.1	1563	1592	0	1	1	1592
CY207733.1	236	1037	1	0	1	236
CY207733.1	242	1119	1	0	1	242
CY207733.1	242	1226	2	0	2	242
CY207733.1	256	1168	2	0	2	256
CY207733.1	265	293	2	0	2	265
CY207733.1	269	1355	1	0	1	269
CY207733.1	269	1358	4	0	4	269
CY207733.1	270	1376	2	0	2	270
CY207733.1	271	300	1	0	1	271
CY207733.1	274	1386	2	0	2	274
CY207733.1	282	1253	2	0	2	282
CY207733.1	283	623	1	0	1	283
CY207733.1	308	1247	1	1	2	308
CY207733.1	314	1435	1	0	1	314
CY207733.1	360	1447	0	1	1	1447
CY207733.1	360	1477	1	0	1	360
CY207733.1	380	1187	0	1	1	1187
CY207733.1	380	1480	1	0	1	380
CY207733.1	383	1444	0	1	1	1444
CY207733.1	387	1450	1	0	1	387
CY207733.1	410	1387	1	0	1	410
CY207733.1	428	1429	1	0	1	428
CY207733.1	430	1392	1	2	3	430
CY207733.1	460	1444	15	5	20	460
CY207733.1	461	1227	1	6	7	461
CY207733.1	578	1081	1	0	1	578
CY207733.1	587	1129	1	0	1	587
CY207733.1	599	1232	0	1	1	1232
CY207733.1	608	993	1	0	1	608
CY207733.1	680	848	1	0	1	680
CY207733.1	802	1365	1	0	1	802
CY207733.1	852	1234	0	1	1	1234
CY207733.1	942	973	1	0	1	942
CY207733.1	946	1286	0	1	1	1286
CY207733.1	955	1022	1	0	1	955
CY207734.1	1006	1337	0	1	1	1337
CY207734.1	1052	1394	0	1	1	1394
CY207734.1	1052	1636	0	1	1	1636
CY207734.1	1071	1300	0	1	1	1300
CY207734.1	1192	1695	0	1	1	1695
CY207734.1	1365	1485	1	0	1	1365
CY207734.1	1376	1510	0	1	1	1510
CY207734.1	1564	1589	1	0	1	1564
CY207734.1	1580	1697	0	2	2	1697
CY207734.1	1589	1695	0	3	3	1695
CY207734.1	1604	1725	0	2	2	1725
CY207734.1	277	1099	1	0	1	277
CY207734.1	290	1354	1	0	1	290
CY207734.1	349	1565	4	0	4	349
CY207734.1	392	505	0	1	1	505
CY207734.1	392	725	0	1	1	725
CY207734.1	419	628	1	0	1	419
CY207734.1	422	1185	0	1	1	1185
CY207734.1	423	1519	0	1	1	1519
CY207734.1	428	1501	0	1	1	1501
CY207734.1	429	474	0	1	1	474
CY207734.1	432	1522	0	1	1	1522
CY207734.1	435	974	0	1	1	974
CY207734.1	441	574	0	1	1	574
CY207734.1	456	1681	0	2	2	1681
CY207734.1	475	577	0	1	1	577
CY207734.1	489	1160	1	0	1	489
CY207734.1	498	1543	0	1	1	1543
CY207734.1	520	1183	1	0	1	520
CY207734.1	520	626	0	1	1	626
CY207734.1	521	1147	0	1	1	1147
CY207734.1	521	841	2	0	2	521
CY207734.1	546	1378	1	0	1	546
CY207734.1	551	983	1	0	1	551
CY207734.1	552	1287	1	0	1	552
CY207734.1	555	1441	1	0	1	555
CY207734.1	592	1453	1	0	1	592
CY207734.1	611	779	0	1	1	779
CY207734.1	613	1181	1	0	1	613
CY207734.1	630	1363	0	1	1	1363
CY207734.1	658	1461	0	1	1	1461
CY207734.1	665	1172	1	0	1	665
CY207734.1	685	1149	1	0	1	685
CY207734.1	690	1475	0	1	1	1475
CY207734.1	698	1146	1	0	1	698
CY207734.1	734	973	1	0	1	734
CY207734.1	751	978	1	0	1	751
CY207734.1	760	1357	1	0	1	760
CY207734.1	764	1433	0	1	1	1433
CY207734.1	768	1263	0	1	1	1263
CY207734.1	771	1088	0	1	1	1088
CY207734.1	777	943	0	1	1	943
CY207734.1	778	1228	0	1	1	1228
CY207734.1	786	846	1	0	1	786
CY207734.1	804	1081	0	1	1	1081
CY207734.1	810	1228	1	0	1	810
CY207734.1	857	1121	0	1	1	1121
CY207734.1	866	971	0	1	1	971
CY207734.1	879	1016	1	0	1	879
CY207734.1	892	1418	1	0	1	892
CY207734.1	942	1252	0	1	1	1252
CY207734.1	951	1373	0	1	1	1373
CY207734.1	960	1233	0	1	1	1233
CY207734.1	967	1195	0	1	1	1195
CY207734.1	968	1019	1	0	1	968
CY207734.1	997	1440	0	1	1	1440
CY207735.1	1002	1045	0	5	5	1045
CY207735.1	237	787	1	0	1	237
CY207735.1	253	505	1	0	1	253
CY207735.1	253	904	1	0	1	253
CY207735.1	254	385	1	0	1	254
CY207735.1	256	908	1	0	1	256
CY207735.1	259	736	1	0	1	259
CY207735.1	268	739	3	0	3	268
CY207735.1	272	934	1	0	1	272
CY207735.1	273	296	5	0	5	273
CY207735.1	284	962	1	0	1	284
CY207735.1	287	900	3	0	3	287
CY207735.1	290	931	21	0	21	290
CY207735.1	340	931	0	1	1	931
CY207735.1	371	793	0	1	1	793
CY207735.1	434	895	0	1	1	895
CY207735.1	440	789	2	0	2	440
CY207735.1	452	849	0	1	1	849
CY207735.1	453	723	0	1	1	723
CY207735.1	463	653	0	1	1	653
CY207735.1	472	494	0	1	1	494
CY207735.1	499	729	1	0	1	499
CY207735.1	511	740	7	25	32	511
CY207735.1	519	746	1	2	3	519
CY207735.1	789	875	1	1	2	789
CY207735.1	840	865	1	0	1	840
CY207735.1	933	1008	0	1	1	1008
CY207735.1	934	994	0	3	3	994
CY207736.1	1009	1699	1	0	1	1009
CY207736.1	1010	2245	0	1	1	2245
CY207736.1	1018	1455	3	1	4	1018
CY207736.1	1022	2036	0	1	1	2036
CY207736.1	1039	2107	0	1	1	2107
CY207736.1	1044	1613	0	1	1	1613
CY207736.1	1052	2087	1	0	1	1052
CY207736.1	1055	1934	1	0	1	1055
CY207736.1	1059	1145	0	1	1	1145
CY207736.1	1068	2349	0	2	2	2349
CY207736.1	1071	1978	0	1	1	1978
CY207736.1	1072	1913	1	0	1	1072
CY207736.1	1088	2370	0	1	1	2370
CY207736.1	1092	2294	0	1	1	2294
CY207736.1	1093	1470	0	1	1	1470
CY207736.1	1095	1789	1	1	2	1095
CY207736.1	1095	2005	0	1	1	2005
CY207736.1	1108	1149	1	0	1	1108
CY207736.1	1109	2020	0	1	1	2020
CY207736.1	1120	2035	0	1	1	2035
CY207736.1	1123	1747	0	1	1	1747
CY207736.1	1127	1810	1	1	2	1127
CY207736.1	1140	1628	0	1	1	1628
CY207736.1	1187	2115	1	0	1	1187
CY207736.1	1208	1704	1	1	2	1208
CY207736.1	1209	2014	1	0	1	1209
CY207736.1	1252	2072	1	0	1	1252
CY207736.1	1307	1562	0	1	1	1562
CY207736.1	1330	1732	0	1	1	1732
CY207736.1	1330	2237	0	1	1	2237
CY207736.1	1370	2280	0	1	1	2280
CY207736.1	1394	2178	0	1	1	2178
CY207736.1	1400	1618	0	1	1	1618
CY207736.1	1401	1832	0	1	1	1832
CY207736.1	1447	1692	1	0	1	1447
CY207736.1	1473	2162	0	1	1	2162
CY207736.1	1509	1962	0	1	1	1962
CY207736.1	1546	1878	0	1	1	1878
CY207736.1	1678	1820	1	0	1	1678
CY207736.1	1687	2252	1	0	1	1687
CY207736.1	1699	1741	0	2	2	1741
CY207736.1	1703	1956	1	0	1	1703
CY207736.1	1846	1891	1	0	1	1846
CY207736.1	1853	2205	0	1	1	2205
CY207736.1	1866	2270	1	0	1	1866
CY207736.1	1908	1959	3	5	8	1908
CY207736.1	1940	1967	1	2	3	1940
CY207736.1	2006	2034	1	0	1	2006
CY207736.1	2006	2043	3	4	7	2006
CY207736.1	2008	2033	0	2	2	2033
CY207736.1	2015	2041	4	0	4	2015
CY207736.1	2037	2064	2	1	3	2037
CY207736.1	2040	2070	1	0	1	2040
CY207736.1	2040	2151	0	1	1	2151
CY207736.1	2052	2218	0	1	1	2218
CY207736.1	2063	2149	0	1	1	2149
CY207736.1	2076	2150	1	8	9	2076
CY207736.1	2088	2162	0	1	1	2162
CY207736.1	2089	2172	2	0	2	2089
CY207736.1	2109	2170	1	0	1	2109
CY207736.1	2111	2135	1	0	1	2111
CY207736.1	2131	2291	0	1	1	2291
CY207736.1	2132	2170	0	1	1	2170
CY207736.1	2146	2171	1	0	1	2146
CY207736.1	2202	2237	16	0	16	2202
CY207736.1	2222	2259	0	1	1	2259
CY207736.1	248	346	0	1	1	346
CY207736.1	252	1626	1	0	1	252
CY207736.1	268	363	1	0	1	268
CY207736.1	280	329	3	0	3	280
CY207736.1	282	1398	3	0	3	282
CY207736.1	282	2241	1	0	1	282
CY207736.1	282	305	1	0	1	282
CY207736.1	282	334	7	0	7	282
CY207736.1	283	327	1	0	1	283
CY207736.1	288	2054	1	0	1	288
CY207736.1	288	370	3	0	3	288
CY207736.1	293	327	1	0	1	293
CY207736.1	296	2232	0	1	1	2232
CY207736.1	311	355	0	1	1	355
CY207736.1	324	2225	1	0	1	324
CY207736.1	327	2217	0	1	1	2217
CY207736.1	333	2215	2	0	2	333
CY207736.1	333	2264	0	4	4	2264
CY207736.1	333	2270	0	2	2	2270
CY207736.1	334	2210	1	0	1	334
CY207736.1	339	2044	0	1	1	2044
CY207736.1	351	2140	1	2	3	351
CY207736.1	351	375	0	1	1	375
CY207736.1	353	2064	0	1	1	2064
CY207736.1	354	2191	0	2	2	2191
CY207736.1	354	566	1	0	1	354
CY207736.1	359	2148	0	1	1	2148
CY207736.1	360	2147	0	2	2	2147
CY207736.1	360	436	0	1	1	436
CY207736.1	362	2171	1	4	5	362
CY207736.1	363	2153	0	4	4	2153
CY207736.1	367	2177	1	1	2	367
CY207736.1	369	2163	0	4	4	2163
CY207736.1	374	2005	1	0	1	374
CY207736.1	380	1620	0	1	1	1620
CY207736.1	380	2097	0	2	2	2097
CY207736.1	382	2120	0	1	1	2120
CY207736.1	384	1017	0	1	1	1017
CY207736.1	385	2147	0	1	1	2147
CY207736.1	385	2155	1	0	1	385
CY207736.1	387	2136	0	4	4	2136
CY207736.1	390	491	0	1	1	491
CY207736.1	392	2147	1	3	4	392
CY207736.1	392	2154	0	2	2	2154
CY207736.1	392	2162	0	1	1	2162
CY207736.1	404	2164	1	0	1	404
CY207736.1	406	1871	1	0	1	406
CY207736.1	406	2136	0	2	2	2136
CY207736.1	406	2148	0	1	1	2148
CY207736.1	406	442	0	1	1	442
CY207736.1	406	469	0	1	1	469
CY207736.1	406	494	1	1	2	406
CY207736.1	409	2156	0	2	2	2156
CY207736.1	415	2033	1	0	1	415
CY207736.1	415	2169	1	0	1	415
CY207736.1	420	2028	1	7	8	420
CY207736.1	427	2193	1	0	1	427
CY207736.1	432	1987	1	0	1	432
CY207736.1	434	2009	0	1	1	2009
CY207736.1	436	2153	0	14	14	2153
CY207736.1	437	2012	1	0	1	437
CY207736.1	437	2149	0	3	3	2149
CY207736.1	438	2066	0	1	1	2066
CY207736.1	438	496	0	1	1	496
CY207736.1	444	2131	4	0	4	444
CY207736.1	445	2163	0	1	1	2163
CY207736.1	448	2162	0	1	1	2162
CY207736.1	450	2043	0	2	2	2043
CY207736.1	454	2099	1	0	1	454
CY207736.1	455	2065	5	8	13	455
CY207736.1	459	1944	3	0	3	459
CY207736.1	459	2148	0	1	1	2148
CY207736.1	460	2000	3	0	3	460
CY207736.1	460	492	0	1	1	492
CY207736.1	461	2073	1	0	1	461
CY207736.1	467	2002	2	0	2	467
CY207736.1	468	2034	1	0	1	468
CY207736.1	472	2141	0	1	1	2141
CY207736.1	477	2027	1	0	1	477
CY207736.1	477	2042	1	4	5	477
CY207736.1	477	2140	0	1	1	2140
CY207736.1	477	2147	1	16	17	477
CY207736.1	482	2045	1	3	4	482
CY207736.1	482	2152	1	0	1	482
CY207736.1	484	2078	1	0	1	484
CY207736.1	489	2009	89	47	136	489
CY207736.1	489	2120	1	0	1	489
CY207736.1	491	2134	0	2	2	2134
CY207736.1	492	2019	3	0	3	492
CY207736.1	492	2041	0	1	1	2041
CY207736.1	495	2066	4	4	8	495
CY207736.1	499	2052	0	1	1	2052
CY207736.1	499	2120	1	0	1	499
CY207736.1	499	2167	0	2	2	2167
CY207736.1	500	2028	1	2	3	500
CY207736.1	500	2071	1	0	1	500
CY207736.1	503	2045	0	1	1	2045
CY207736.1	503	2068	3	4	7	503
CY207736.1	504	2058	0	1	1	2058
CY207736.1	507	1896	2	0	2	507
CY207736.1	508	1821	0	1	1	1821
CY207736.1	512	2011	1	1	2	512
CY207736.1	512	2028	1	0	1	512
CY207736.1	512	2035	0	1	1	2035
CY207736.1	514	2041	0	1	1	2041
CY207736.1	515	2064	0	1	1	2064
CY207736.1	515	556	5	0	5	515
CY207736.1	517	744	1	0	1	517
CY207736.1	530	2050	1	0	1	530
CY207736.1	532	2240	1	0	1	532
CY207736.1	532	2246	1	0	1	532
CY207736.1	534	2027	0	2	2	2027
CY207736.1	535	2033	0	1	1	2033
CY207736.1	537	2041	5	5	10	537
CY207736.1	537	560	4	3	7	537
CY207736.1	538	2064	5	5	10	538
CY207736.1	542	1969	1	0	1	542
CY207736.1	546	2027	1	0	1	546
CY207736.1	546	2033	1	0	1	546
CY207736.1	546	2047	1	0	1	546
CY207736.1	551	1972	1	0	1	551
CY207736.1	554	1957	1	0	1	554
CY207736.1	554	2009	1	0	1	554
CY207736.1	555	1949	0	1	1	1949
CY207736.1	557	1877	0	1	1	1877
CY207736.1	561	1827	1	0	1	561
CY207736.1	562	2009	1	0	1	562
CY207736.1	566	2028	1	0	1	566
CY207736.1	568	2017	1	0	1	568
CY207736.1	572	1754	0	1	1	1754
CY207736.1	572	2028	1	1	2	572
CY207736.1	578	2238	1	0	1	578
CY207736.1	580	2027	0	1	1	2027
CY207736.1	584	1509	1	0	1	584
CY207736.1	584	1961	0	1	1	1961
CY207736.1	589	1977	0	1	1	1977
CY207736.1	594	1485	1	0	1	594
CY207736.1	596	2002	1	1	2	596
CY207736.1	603	1970	0	1	1	1970
CY207736.1	603	2064	0	1	1	2064
CY207736.1	606	1950	0	1	1	1950
CY207736.1	607	637	2	1	3	607
CY207736.1	608	1904	4	0	4	608
CY207736.1	608	2137	1	0	1	608
CY207736.1	611	1915	5	5	10	611
CY207736.1	616	1722	0	1	1	1722
CY207736.1	616	1774	1	1	2	616
CY207736.1	616	1919	0	1	1	1919
CY207736.1	617	1885	2	0	2	617
CY207736.1	620	1896	0	1	1	1896
CY207736.1	621	1927	5	2	7	621
CY207736.1	622	1888	1	0	1	622
CY207736.1	627	1889	1	0	1	627
CY207736.1	628	1844	0	1	1	1844
CY207736.1	628	1945	0	1	1	1945
CY207736.1	630	2029	0	1	1	2029
CY207736.1	632	2034	1	0	1	632
CY207736.1	634	1913	1	2	3	634
CY207736.1	634	1971	12	6	18	634
CY207736.1	635	1920	1	0	1	635
CY207736.1	636	1872	1	0	1	636
CY207736.1	637	1943	0	1	1	1943
CY207736.1	644	1861	1	0	1	644
CY207736.1	647	1922	1	0	1	647
CY207736.1	649	1622	1	0	1	649
CY207736.1	649	1721	1	0	1	649
CY207736.1	651	1863	1	1	2	651
CY207736.1	651	1912	0	1	1	1912
CY207736.1	655	1862	2	0	2	655
CY207736.1	657	1912	1	0	1	657
CY207736.1	666	1909	1	0	1	666
CY207736.1	667	1663	0	1	1	1663
CY207736.1	668	1913	5	3	8	668
CY207736.1	670	1903	1	0	1	670
CY207736.1	671	1995	0	2	2	1995
CY207736.1	673	1791	1	0	1	673
CY207736.1	673	1911	1	0	1	673
CY207736.1	679	1888	3	3	6	679
CY207736.1	681	1920	0	1	1	1920
CY207736.1	684	1826	1	0	1	684
CY207736.1	695	1938	0	2	2	1938
CY207736.1	696	1651	1	0	1	696
CY207736.1	699	1995	4	3	7	699
CY207736.1	704	1827	1	0	1	704
CY207736.1	709	773	1	0	1	709
CY207736.1	711	1856	1	0	1	711
CY207736.1	711	1871	0	1	1	1871
CY207736.1	715	1855	1	1	2	715
CY207736.1	717	1762	1	0	1	717
CY207736.1	717	1859	0	1	1	1859
CY207736.1	719	1761	1	1	2	719
CY207736.1	723	1566	1	0	1	723
CY207736.1	723	1994	2	1	3	723
CY207736.1	723	879	0	1	1	879
CY207736.1	724	1870	0	1	1	1870
CY207736.1	725	1725	0	1	1	1725
CY207736.1	727	1781	0	1	1	1781
CY207736.1	728	1667	0	1	1	1667
CY207736.1	728	1871	1	0	1	728
CY207736.1	731	1859	1	1	2	731
CY207736.1	733	1809	1	0	1	733
CY207736.1	740	1868	1	0	1	740
CY207736.1	742	1601	1	0	1	742
CY207736.1	744	1888	10	2	12	744
CY207736.1	745	1687	1	0	1	745
CY207736.1	745	1951	1	0	1	745
CY207736.1	746	1134	0	1	1	1134
CY207736.1	748	2057	1	0	1	748
CY207736.1	749	1807	1	0	1	749
CY207736.1	750	1541	1	0	1	750
CY207736.1	753	1783	0	1	1	1783
CY207736.1	754	1852	1	1	2	754
CY207736.1	755	1912	1	0	1	755
CY207736.1	756	1705	1	0	1	756
CY207736.1	757	1874	1	0	1	757
CY207736.1	760	2042	2	0	2	760
CY207736.1	761	783	1	0	1	761
CY207736.1	765	1839	1	0	1	765
CY207736.1	767	1832	2	0	2	767
CY207736.1	767	1952	2	1	3	767
CY207736.1	773	1587	0	1	1	1587
CY207736.1	774	1740	1	0	1	774
CY207736.1	775	1679	1	0	1	775
CY207736.1	775	1827	1	0	1	775
CY207736.1	775	1854	5	3	8	775
CY207736.1	776	1493	1	0	1	776
CY207736.1	783	1735	0	1	1	1735
CY207736.1	794	1813	1	0	1	794
CY207736.1	794	1853	1	0	1	794
CY207736.1	798	1720	2	1	3	798
CY207736.1	803	1789	1	0	1	803
CY207736.1	810	1676	0	1	1	1676
CY207736.1	823	1726	1	0	1	823
CY207736.1	825	1372	1	0	1	825
CY207736.1	825	1677	1	0	1	825
CY207736.1	826	1653	2	0	2	826
CY207736.1	827	1628	0	1	1	1628
CY207736.1	827	1681	1	1	2	827
CY207736.1	830	1103	0	1	1	1103
CY207736.1	835	1735	1	0	1	835
CY207736.1	835	1811	0	1	1	1811
CY207736.1	837	1834	1	1	2	837
CY207736.1	840	1950	0	1	1	1950
CY207736.1	842	1807	1	0	1	842
CY207736.1	848	1367	1	0	1	848
CY207736.1	850	1739	0	1	1	1739
CY207736.1	851	1594	0	1	1	1594
CY207736.1	852	1708	0	1	1	1708
CY207736.1	854	1729	0	1	1	1729
CY207736.1	854	1730	1	0	1	854
CY207736.1	867	1727	1	0	1	867
CY207736.1	870	1745	0	1	1	1745
CY207736.1	887	1120	0	1	1	1120
CY207736.1	907	1634	0	1	1	1634
CY207736.1	914	1675	0	1	1	1675
CY207736.1	915	1667	1	0	1	915
CY207736.1	919	1644	1	0	1	919
CY207736.1	922	1696	1	0	1	922
CY207736.1	924	1651	1	0	1	924
CY207736.1	946	1855	0	1	1	1855
CY207736.1	963	1188	1	0	1	963
CY207736.1	970	1339	0	1	1	1339
CY207736.1	974	1937	0	1	1	1937
CY207736.1	978	1666	0	1	1	1666
CY207737.1	1018	2132	0	1	1	2132
CY207737.1	1040	1984	0	1	1	1984
CY207737.1	1043	1623	1	0	1	1043
CY207737.1	1084	1884	1	0	1	1084
CY207737.1	1185	2132	0	1	1	2132
CY207737.1	1306	2043	1	0	1	1306
CY207737.1	1323	1915	1	0	1	1323
CY207737.1	1356	1575	0	1	1	1575
CY207737.1	1360	2075	1	0	1	1360
CY207737.1	1413	2308	1	0	1	1413
CY207737.1	1424	1835	1	0	1	1424
CY207737.1	1449	2035	0	1	1	2035
CY207737.1	1564	1695	1	0	1	1564
CY207737.1	1718	1835	1	0	1	1718
CY207737.1	1812	1975	0	1	1	1975
CY207737.1	1897	2460	0	1	1	2460
CY207737.1	1927	2374	1	0	1	1927
CY207737.1	1990	2284	1	0	1	1990
CY207737.1	2049	2446	0	1	1	2446
CY207737.1	2064	2120	1	0	1	2064
CY207737.1	2149	2238	1	0	1	2149
CY207737.1	2164	2288	1	0	1	2164
CY207737.1	2170	2225	2	1	3	2170
CY207737.1	2183	2230	0	1	1	2230
CY207737.1	2206	2238	1	0	1	2206
CY207737.1	2223	2256	2	0	2	2223
CY207737.1	2237	2269	0	1	1	2269
CY207737.1	2272	2336	1	0	1	2272
CY207737.1	2301	2333	1	0	1	2301
CY207737.1	2322	2356	2	0	2	2322
CY207737.1	2332	2355	78	7	85	2332
CY207737.1	2355	2380	0	1	1	2380
CY207737.1	2387	2451	0	1	1	2451
CY207737.1	240	271	3	0	3	240
CY207737.1	2413	2451	0	1	1	2451
CY207737.1	2426	2454	0	2	2	2454
CY207737.1	2428	2450	0	3	3	2450
CY207737.1	247	273	1	0	1	247
CY207737.1	248	273	2	0	2	248
CY207737.1	269	364	1	0	1	269
CY207737.1	281	642	1	0	1	281
CY207737.1	287	2110	1	0	1	287
CY207737.1	288	2334	1	0	1	288
CY207737.1	298	1830	1	0	1	298
CY207737.1	325	614	1	0	1	325
CY207737.1	328	1064	1	0	1	328
CY207737.1	329	2302	1	0	1	329
CY207737.1	329	2359	1	4	5	329
CY207737.1	331	359	0	1	1	359
CY207737.1	333	1238	0	1	1	1238
CY207737.1	349	2203	1	0	1	349
CY207737.1	350	2348	0	1	1	2348
CY207737.1	351	401	0	1	1	401
CY207737.1	352	2322	0	1	1	2322
CY207737.1	356	1558	1	0	1	356
CY207737.1	357	2325	0	1	1	2325
CY207737.1	362	2334	0	1	1	2334
CY207737.1	363	2138	0	1	1	2138
CY207737.1	363	2238	0	1	1	2238
CY207737.1	363	2269	1	4	5	363
CY207737.1	364	2293	1	0	1	364
CY207737.1	367	2238	0	1	1	2238
CY207737.1	372	2323	1	0	1	372
CY207737.1	374	1366	1	0	1	374
CY207737.1	382	2302	1	1	2	382
CY207737.1	384	1484	0	1	1	1484
CY207737.1	391	2295	1	0	1	391
CY207737.1	392	2138	1	2	3	392
CY207737.1	392	2243	0	1	1	2243
CY207737.1	393	2210	0	2	2	2210
CY207737.1	394	2284	26	74	100	394
CY207737.1	395	2296	0	1	1	2296
CY207737.1	397	2276	0	1	1	2276
CY207737.1	400	2204	0	2	2	2204
CY207737.1	400	2301	0	1	1	2301
CY207737.1	401	2199	0	1	1	2199
CY207737.1	404	1131	0	1	1	1131
CY207737.1	404	444	0	1	1	444
CY207737.1	413	2161	1	0	1	413
CY207737.1	416	2205	0	1	1	2205
CY207737.1	422	2202	5	1	6	422
CY207737.1	424	2190	0	1	1	2190
CY207737.1	424	2204	40	120	160	424
CY207737.1	427	2344	1	0	1	427
CY207737.1	428	791	0	1	1	791
CY207737.1	438	807	1	0	1	438
CY207737.1	439	2204	0	1	1	2204
CY207737.1	440	2156	1	4	5	440
CY207737.1	440	2205	0	1	1	2205
CY207737.1	440	2215	0	1	1	2215
CY207737.1	448	2096	0	1	1	2096
CY207737.1	448	2237	2	0	2	448
CY207737.1	450	2191	1	0	1	450
CY207737.1	461	2096	1	0	1	461
CY207737.1	464	2083	0	1	1	2083
CY207737.1	476	2018	1	2	3	476
CY207737.1	476	2089	1	0	1	476
CY207737.1	477	2193	0	1	1	2193
CY207737.1	479	2130	0	1	1	2130
CY207737.1	484	2011	0	2	2	2011
CY207737.1	491	2094	0	2	2	2094
CY207737.1	496	1252	1	0	1	496
CY207737.1	496	2174	0	1	1	2174
CY207737.1	516	1999	0	1	1	1999
CY207737.1	518	1990	0	2	2	1990
CY207737.1	518	2063	0	1	1	2063
CY207737.1	519	2259	0	1	1	2259
CY207737.1	530	2198	1	0	1	530
CY207737.1	541	1919	2	0	2	541
CY207737.1	544	2095	1	0	1	544
CY207737.1	547	1865	0	2	2	1865
CY207737.1	549	2018	1	0	1	549
CY207737.1	549	2096	1	3	4	549
CY207737.1	552	2071	2	4	6	552
CY207737.1	554	1475	1	0	1	554
CY207737.1	567	2135	1	0	1	567
CY207737.1	568	1867	0	2	2	1867
CY207737.1	573	2187	1	0	1	573
CY207737.1	578	1929	0	3	3	1929
CY207737.1	590	1984	0	1	1	1984
CY207737.1	592	1274	0	1	1	1274
CY207737.1	602	2062	1	0	1	602
CY207737.1	605	2166	1	0	1	605
CY207737.1	608	1768	1	0	1	608
CY207737.1	611	1757	0	1	1	1757
CY207737.1	611	690	0	1	1	690
CY207737.1	617	2143	0	1	1	2143
CY207737.1	622	1755	6	0	6	622
CY207737.1	622	1759	1	0	1	622
CY207737.1	623	1966	0	1	1	1966
CY207737.1	624	2051	1	0	1	624
CY207737.1	628	2143	1	0	1	628
CY207737.1	631	1153	0	1	1	1153
CY207737.1	634	1985	1	0	1	634
CY207737.1	638	2065	1	0	1	638
CY207737.1	652	1721	1	2	3	652
CY207737.1	653	2052	0	2	2	2052
CY207737.1	657	2039	0	2	2	2039
CY207737.1	658	1964	1	0	1	658
CY207737.1	658	1985	1	0	1	658
CY207737.1	659	2012	0	1	1	2012
CY207737.1	659	2193	1	0	1	659
CY207737.1	660	2034	3	0	3	660
CY207737.1	668	1708	1	0	1	668
CY207737.1	668	2243	1	0	1	668
CY207737.1	669	915	0	1	1	915
CY207737.1	674	765	1	0	1	674
CY207737.1	676	1966	0	1	1	1966
CY207737.1	682	1698	1	0	1	682
CY207737.1	682	2367	0	1	1	2367
CY207737.1	683	1824	1	0	1	683
CY207737.1	688	2062	1	1	2	688
CY207737.1	689	1914	0	1	1	1914
CY207737.1	691	2096	1	0	1	691
CY207737.1	692	2056	1	0	1	692
CY207737.1	692	2066	1	1	2	692
CY207737.1	696	1758	1	0	1	696
CY207737.1	719	1861	1	0	1	719
CY207737.1	722	895	1	0	1	722
CY207737.1	724	1807	0	1	1	1807
CY207737.1	725	748	1	0	1	725
CY207737.1	726	1893	0	1	1	1893
CY207737.1	733	1926	1	0	1	733
CY207737.1	739	1955	1	0	1	739
CY207737.1	741	1823	0	2	2	1823
CY207737.1	753	1881	1	1	2	753
CY207737.1	755	1835	0	1	1	1835
CY207737.1	756	1916	1	0	1	756
CY207737.1	757	1997	0	1	1	1997
CY207737.1	760	1985	1	0	1	760
CY207737.1	760	2003	0	1	1	2003
CY207737.1	768	1884	0	1	1	1884
CY207737.1	776	1518	1	0	1	776
CY207737.1	780	1877	1	0	1	780
CY207737.1	786	1129	0	1	1	1129
CY207737.1	802	1039	1	0	1	802
CY207737.1	812	1089	1	0	1	812
CY207737.1	812	1831	0	1	1	1831
CY207737.1	825	1842	0	1	1	1842
CY207737.1	834	2477	0	1	1	2477
CY207737.1	840	1297	1	0	1	840
CY207737.1	846	1802	1	0	1	846
CY207737.1	849	1559	0	1	1	1559
CY207737.1	854	2087	2	0	2	854
CY207737.1	874	1882	1	1	2	874
CY207737.1	882	1594	1	0	1	882
CY207737.1	896	1604	1	0	1	896
CY207737.1	907	1880	0	1	1	1880
CY207737.1	911	1215	1	0	1	911
CY207737.1	921	2452	0	1	1	2452
CY207737.1	934	1388	1	0	1	934
CY207737.1	935	2259	0	1	1	2259
CY207737.1	938	1862	0	1	1	1862
CY207737.1	962	1808	0	1	1	1808
CY207737.1	967	1379	1	0	1	967
CY207737.1	970	2020	0	1	1	2020
CY207737.1	975	2094	3	0	3	975
CY207737.1	993	1736	0	1	1	1736
CY207737.1	995	1691	0	1	1	1691
CY207738.1	1007	1889	1	0	1	1007
CY207738.1	1025	1704	1	0	1	1025
CY207738.1	1054	2166	0	1	1	2166
CY207738.1	1057	1681	0	1	1	1681
CY207738.1	1064	1600	1	0	1	1064
CY207738.1	1124	2330	1	2	3	1124
CY207738.1	1142	1225	1	0	1	1142
CY207738.1	1154	1607	0	1	1	1607
CY207738.1	1240	1590	0	1	1	1590
CY207738.1	1250	1339	1	0	1	1250
CY207738.1	1276	1554	0	1	1	1554
CY207738.1	1346	1398	0	1	1	1398
CY207738.1	1351	1543	1	0	1	1351
CY207738.1	1358	1459	1	0	1	1358
CY207738.1	1375	1776	0	1	1	1776
CY207738.1	1393	2039	0	1	1	2039
CY207738.1	1516	1581	1	0	1	1516
CY207738.1	1599	2474	0	1	1	2474
CY207738.1	1647	1727	0	1	1	1727
CY207738.1	1651	2036	0	1	1	2036
CY207738.1	1700	1733	0	1	1	1733
CY207738.1	1713	1881	1	0	1	1713
CY207738.1	1752	1859	1	0	1	1752
CY207738.1	1894	2085	1	0	1	1894
CY207738.1	1948	2463	0	1	1	2463
CY207738.1	1991	2213	0	1	1	2213
CY207738.1	1997	2071	0	1	1	2071
CY207738.1	2081	2372	1	0	1	2081
CY207738.1	2084	2304	0	1	1	2304
CY207738.1	2185	2220	1	0	1	2185
CY207738.1	2247	2283	0	2	2	2283
CY207738.1	2256	2326	1	0	1	2256
CY207738.1	2345	2371	1	0	1	2345
CY207738.1	256	2394	1	0	1	256
CY207738.1	259	1084	1	0	1	259
CY207738.1	280	1842	1	0	1	280
CY207738.1	280	325	1	0	1	280
CY207738.1	285	603	1	0	1	285
CY207738.1	287	2162	1	0	1	287
CY207738.1	289	2033	1	0	1	289
CY207738.1	298	882	1	0	1	298
CY207738.1	337	1802	1	0	1	337
CY207738.1	344	2333	1	0	1	344
CY207738.1	367	2313	0	1	1	2313
CY207738.1	373	2210	0	2	2	2210
CY207738.1	373	2253	0	1	1	2253
CY207738.1	374	2333	0	1	1	2333
CY207738.1	384	2486	0	1	1	2486
CY207738.1	387	2313	0	1	1	2313
CY207738.1	388	2139	0	1	1	2139
CY207738.1	389	1342	0	1	1	1342
CY207738.1	397	2014	0	1	1	2014
CY207738.1	399	1922	0	1	1	1922
CY207738.1	399	453	0	1	1	453
CY207738.1	404	1969	0	1	1	1969
CY207738.1	409	2210	0	3	3	2210
CY207738.1	410	2304	0	2	2	2304
CY207738.1	411	2323	0	2	2	2323
CY207738.1	413	2251	0	1	1	2251
CY207738.1	415	2185	0	1	1	2185
CY207738.1	415	2251	0	1	1	2251
CY207738.1	416	467	1	0	1	416
CY207738.1	419	2209	1	1	2	419
CY207738.1	419	2333	0	1	1	2333
CY207738.1	422	518	1	0	1	422
CY207738.1	432	832	0	1	1	832
CY207738.1	434	2313	0	1	1	2313
CY207738.1	446	1960	0	1	1	1960
CY207738.1	452	2167	3	1	4	452
CY207738.1	452	2280	1	0	1	452
CY207738.1	453	2230	1	2	3	453
CY207738.1	463	2220	0	1	1	2220
CY207738.1	466	2138	3	0	3	466
CY207738.1	468	2346	0	1	1	2346
CY207738.1	469	2089	1	0	1	469
CY207738.1	469	2141	10	13	23	469
CY207738.1	469	2263	1	0	1	469
CY207738.1	470	2230	1	2	3	470
CY207738.1	471	2313	1	1	2	471
CY207738.1	473	2176	0	2	2	2176
CY207738.1	476	2059	0	1	1	2059
CY207738.1	481	2153	0	1	1	2153
CY207738.1	482	2164	0	1	1	2164
CY207738.1	483	2118	0	1	1	2118
CY207738.1	484	2113	1	0	1	484
CY207738.1	486	2218	0	1	1	2218
CY207738.1	488	2195	0	3	3	2195
CY207738.1	489	2115	0	2	2	2115
CY207738.1	494	2115	0	2	2	2115
CY207738.1	503	1718	2	0	2	503
CY207738.1	503	2112	3	7	10	503
CY207738.1	503	2187	1	2	3	503
CY207738.1	503	2209	0	1	1	2209
CY207738.1	503	2217	2	0	2	503
CY207738.1	504	2316	0	1	1	2316
CY207738.1	507	2203	0	1	1	2203
CY207738.1	509	1935	1	0	1	509
CY207738.1	510	2196	0	2	2	2196
CY207738.1	511	2107	0	1	1	2107
CY207738.1	513	2210	0	1	1	2210
CY207738.1	514	2163	0	1	1	2163
CY207738.1	514	2217	1	0	1	514
CY207738.1	515	2090	0	1	1	2090
CY207738.1	517	1971	1	0	1	517
CY207738.1	522	2092	0	1	1	2092
CY207738.1	522	2140	0	1	1	2140
CY207738.1	523	2196	1	1	2	523
CY207738.1	524	2013	0	1	1	2013
CY207738.1	527	2231	0	1	1	2231
CY207738.1	528	2176	0	2	2	2176
CY207738.1	528	2177	0	2	2	2177
CY207738.1	529	2054	0	1	1	2054
CY207738.1	529	2169	0	1	1	2169
CY207738.1	529	2186	0	1	1	2186
CY207738.1	531	1880	1	0	1	531
CY207738.1	531	2071	0	1	1	2071
CY207738.1	537	1849	0	1	1	1849
CY207738.1	538	2314	1	0	1	538
CY207738.1	539	2133	1	1	2	539
CY207738.1	540	2057	0	1	1	2057
CY207738.1	544	2068	1	0	1	544
CY207738.1	544	2162	0	1	1	2162
CY207738.1	550	2035	1	0	1	550
CY207738.1	553	2031	0	1	1	2031
CY207738.1	555	845	0	1	1	845
CY207738.1	558	2144	0	1	1	2144
CY207738.1	574	2115	0	1	1	2115
CY207738.1	575	2055	2	1	3	575
CY207738.1	580	2118	0	1	1	2118
CY207738.1	584	2086	0	1	1	2086
CY207738.1	590	1571	1	0	1	590
CY207738.1	596	2073	0	1	1	2073
CY207738.1	603	1987	0	1	1	1987
CY207738.1	604	2132	1	0	1	604
CY207738.1	608	2429	0	1	1	2429
CY207738.1	612	2151	0	1	1	2151
CY207738.1	614	1894	1	0	1	614
CY207738.1	618	1987	0	1	1	1987
CY207738.1	623	1972	1	0	1	623
CY207738.1	626	2053	1	0	1	626
CY207738.1	627	2136	1	0	1	627
CY207738.1	628	2196	2	0	2	628
CY207738.1	631	2139	1	1	2	631
CY207738.1	635	1947	0	1	1	1947
CY207738.1	635	2044	0	1	1	2044
CY207738.1	644	1830	1	0	1	644
CY207738.1	644	2474	0	1	1	2474
CY207738.1	645	1815	0	1	1	1815
CY207738.1	645	2020	1	1	2	645
CY207738.1	645	2033	1	0	1	645
CY207738.1	646	2025	0	1	1	2025
CY207738.1	649	2067	1	0	1	649
CY207738.1	653	1981	0	1	1	1981
CY207738.1	653	2045	1	2	3	653
CY207738.1	659	2014	0	1	1	2014
CY207738.1	664	2103	0	1	1	2103
CY207738.1	670	1796	1	0	1	670
CY207738.1	672	1955	1	0	1	672
CY207738.1	677	1993	0	1	1	1993
CY207738.1	679	1924	1	0	1	679
CY207738.1	688	1530	0	1	1	1530
CY207738.1	690	2021	2	5	7	690
CY207738.1	697	2034	1	0	1	697
CY207738.1	699	2106	0	1	1	2106
CY207738.1	702	2232	1	0	1	702
CY207738.1	704	1972	1	0	1	704
CY207738.1	704	2071	0	1	1	2071
CY207738.1	706	1867	1	0	1	706
CY207738.1	707	2010	1	0	1	707
CY207738.1	707	2074	0	1	1	2074
CY207738.1	708	1960	0	2	2	1960
CY207738.1	720	2019	2	7	9	720
CY207738.1	721	1878	0	1	1	1878
CY207738.1	733	1948	0	1	1	1948
CY207738.1	734	1786	1	0	1	734
CY207738.1	737	1937	1	0	1	737
CY207738.1	738	1937	1	0	1	738
CY207738.1	747	1912	0	1	1	1912
CY207738.1	750	1815	0	1	1	1815
CY207738.1	766	1848	0	1	1	1848
CY207738.1	770	2078	1	0	1	770
CY207738.1	771	1198	1	0	1	771
CY207738.1	771	1868	1	0	1	771
CY207738.1	776	1913	0	1	1	1913
CY207738.1	776	1947	0	1	1	1947
CY207738.1	776	1954	0	2	2	1954
CY207738.1	777	1868	0	1	1	1868
CY207738.1	777	1872	1	0	1	777
CY207738.1	777	2410	1	0	1	777
CY207738.1	780	1813	2	0	2	780
CY207738.1	781	1872	0	1	1	1872
CY207738.1	783	1883	1	0	1	783
CY207738.1	784	1927	2	1	3	784
CY207738.1	786	1913	0	1	1	1913
CY207738.1	787	1773	1	1	2	787
CY207738.1	787	1815	1	0	1	787
CY207738.1	787	1851	0	1	1	1851
CY207738.1	789	2073	0	1	1	2073
CY207738.1	793	1849	1	0	1	793
CY207738.1	794	2235	0	1	1	2235
CY207738.1	800	2119	1	0	1	800
CY207738.1	809	1769	0	1	1	1769
CY207738.1	809	1849	0	1	1	1849
CY207738.1	825	1976	0	1	1	1976
CY207738.1	835	1881	11	2	13	835
CY207738.1	836	1658	0	1	1	1658
CY207738.1	836	1880	1	0	1	836
CY207738.1	839	1814	1	0	1	839
CY207738.1	839	1922	0	1	1	1922
CY207738.1	840	1718	2	0	2	840
CY207738.1	840	1781	1	0	1	840
CY207738.1	841	1853	1	0	1	841
CY207738.1	842	1860	1	0	1	842
CY207738.1	843	1815	1	1	2	843
CY207738.1	845	1810	1	0	1	845
CY207738.1	845	1868	0	1	1	1868
CY207738.1	851	1773	1	0	1	851
CY207738.1	851	1972	0	1	1	1972
CY207738.1	857	1840	0	1	1	1840
CY207738.1	857	1850	1	0	1	857
CY207738.1	858	1861	1	0	1	858
CY207738.1	864	1900	1	0	1	864
CY207738.1	873	1718	0	1	1	1718
CY207738.1	885	1669	1	0	1	885
CY207738.1	888	2464	0	1	1	2464
CY207738.1	893	1812	1	0	1	893
CY207738.1	899	2090	1	0	1	899
CY207738.1	900	1857	1	0	1	900
CY207738.1	901	1810	1	2	3	901
CY207738.1	902	1873	1	1	2	902
CY207738.1	903	2072	0	1	1	2072
CY207738.1	911	1770	1	0	1	911
CY207738.1	918	1872	0	1	1	1872
CY207738.1	920	1788	1	0	1	920
CY207738.1	926	1557	1	0	1	926
CY207738.1	936	1471	1	0	1	936
CY207738.1	936	1878	0	1	1	1878
CY207738.1	998	1753	1	0	1	998
