Segment	Start	Stop	Forward_support	Reverse_support	Total_support	Fuzz_factor
CY207731.1	1040	1614	0	1	1	1614
CY207731.1	1041	1120	1	0	1	1041
CY207731.1	1061	1654	0	1	1	1654
CY207731.1	1114	1549	0	1	1	1549
CY207731.1	1117	1387	1	0	1	1117
CY207731.1	1163	1682	1	0	1	1163
CY207731.1	1170	1591	0	1	1	1591
CY207731.1	1173	1371	0	1	1	1371
CY207731.1	1180	1710	0	1	1	1710
CY207731.1	1181	1737	1	0	1	1181
CY207731.1	1185	1427	0	1	1	1427
CY207731.1	1194	1664	1	0	1	1194
CY207731.1	1224	1711	0	1	1	1711
CY207731.1	1269	1710	1	0	1	1269
CY207731.1	1279	1472	1	0	1	1279
CY207731.1	1314	1630	0	1	1	1630
CY207731.1	1338	1729	0	1	1	1729
CY207731.1	1371	1725	0	1	1	1725
CY207731.1	1381	1486	1	0	1	1381
CY207731.1	1395	1892	0	1	1	1892
CY207731.1	1401	1907	0	1	1	1907
CY207731.1	1423	1692	0	1	1	1692
CY207731.1	1491	1916	0	1	1	1916
CY207731.1	1534	1753	1	0	1	1534
CY207731.1	1608	1826	1	0	1	1608
CY207731.1	1663	1755	1	0	1	1663
CY207731.1	248	1859	1	1	2	248
CY207731.1	251	1431	1	0	1	251
CY207731.1	384	1605	0	1	1	1605
CY207731.1	396	1501	0	1	1	1501
CY207731.1	397	1388	0	1	1	1388
CY207731.1	407	437	0	4	4	437
CY207731.1	419	1544	0	1	1	1544
CY207731.1	435	1141	1	0	1	435
CY207731.1	457	1086	0	1	1	1086
CY207731.1	465	1757	1	0	1	465
CY207731.1	471	1092	0	1	1	1092
CY207731.1	473	917	0	1	1	917
CY207731.1	480	1663	1	0	1	480
CY207731.1	485	917	0	1	1	917
CY207731.1	486	1743	1	0	1	486
CY207731.1	493	1468	0	1	1	1468
CY207731.1	503	840	0	1	1	840
CY207731.1	504	968	0	1	1	968
CY207731.1	509	1656	1	0	1	509
CY207731.1	513	1274	1	0	1	513
CY207731.1	514	1681	0	1	1	1681
CY207731.1	527	1082	0	1	1	1082
CY207731.1	527	1727	0	1	1	1727
CY207731.1	548	1409	0	1	1	1409
CY207731.1	550	1638	1	0	1	550
CY207731.1	556	1835	0	1	1	1835
CY207731.1	561	1018	18	8	26	561
CY207731.1	571	1229	1	0	1	571
CY207731.1	598	936	1	0	1	598
CY207731.1	606	1736	1	0	1	606
CY207731.1	622	1022	1	0	1	622
CY207731.1	640	1753	1	0	1	640
CY207731.1	654	1775	0	2	2	1775
CY207731.1	659	1260	0	1	1	1260
CY207731.1	666	1642	1	0	1	666
CY207731.1	682	824	1	0	1	682
CY207731.1	713	937	0	1	1	937
CY207731.1	733	997	1	0	1	733
CY207731.1	740	1212	1	0	1	740
CY207731.1	751	886	0	1	1	886
CY207731.1	779	895	0	1	1	895
CY207731.1	780	1671	1	0	1	780
CY207731.1	792	1142	1	0	1	792
CY207731.1	793	1750	1	0	1	793
CY207731.1	818	1116	0	1	1	1116
CY207731.1	818	1222	1	0	1	818
CY207731.1	819	1647	1	0	1	819
CY207731.1	832	1669	1	0	1	832
CY207731.1	835	1092	0	1	1	1092
CY207731.1	877	1423	0	1	1	1423
CY207731.1	926	1762	1	0	1	926
CY207731.1	949	1081	1	0	1	949
CY207732.1	1019	1065	1	0	1	1019
CY207732.1	247	949	1	0	1	247
CY207732.1	328	532	1	0	1	328
CY207732.1	342	1137	0	1	1	1137
CY207732.1	350	868	0	1	1	868
CY207732.1	373	652	0	1	1	652
CY207732.1	374	1131	0	1	1	1131
CY207732.1	381	751	1	0	1	381
CY207732.1	395	1145	0	1	1	1145
CY207732.1	398	615	0	1	1	615
CY207732.1	404	1016	0	1	1	1016
CY207732.1	414	1165	0	1	1	1165
CY207732.1	427	1052	1	0	1	427
CY207732.1	427	1156	0	1	1	1156
CY207732.1	427	984	1	0	1	427
CY207732.1	455	890	0	1	1	890
CY207732.1	458	902	0	1	1	902
CY207732.1	478	938	1	0	1	478
CY207732.1	490	644	0	1	1	644
CY207732.1	496	640	1	0	1	496
CY207732.1	497	1057	0	1	1	1057
CY207732.1	500	748	0	1	1	748
CY207732.1	504	669	0	1	1	669
CY207732.1	510	672	1	0	1	510
CY207732.1	535	1150	0	1	1	1150
CY207732.1	548	1058	0	1	1	1058
CY207732.1	549	1116	0	1	1	1116
CY207732.1	568	744	0	1	1	744
CY207732.1	579	845	1	0	1	579
CY207732.1	580	791	1	0	1	580
CY207732.1	593	1023	17	7	24	593
CY207732.1	607	1170	0	1	1	1170
CY207732.1	621	972	1	0	1	621
CY207732.1	622	715	0	1	1	715
CY207732.1	622	743	1	0	1	622
CY207732.1	626	1046	1	0	1	626
CY207732.1	629	1007	0	1	1	1007
CY207732.1	647	1135	0	1	1	1135
CY207732.1	648	1042	0	1	1	1042
CY207732.1	679	815	3	5	8	679
CY207732.1	690	886	0	1	1	886
CY207732.1	691	1080	0	1	1	1080
CY207732.1	704	826	0	1	1	826
CY207732.1	712	819	3	3	6	712
CY207732.1	713	936	9	3	12	713
CY207732.1	714	1133	0	1	1	1133
CY207732.1	716	961	0	1	1	961
CY207732.1	718	860	0	2	2	860
CY207732.1	723	917	1	0	1	723
CY207732.1	727	997	1	0	1	727
CY207732.1	738	902	1	0	1	738
CY207732.1	763	979	0	1	1	979
CY207732.1	777	831	0	1	1	831
CY207732.1	810	980	1	0	1	810
CY207732.1	840	932	1	0	1	840
CY207732.1	879	1074	0	1	1	1074
CY207732.1	885	909	0	1	1	909
CY207732.1	914	996	0	1	1	996
CY207733.1	1086	1182	1	0	1	1086
CY207733.1	1101	1189	0	1	1	1189
CY207733.1	1105	1208	0	3	3	1208
CY207733.1	1164	1268	0	1	1	1268
CY207733.1	1278	1430	1	0	1	1278
CY207733.1	1312	1458	1	0	1	1312
CY207733.1	242	1102	1	0	1	242
CY207733.1	247	1433	2	0	2	247
CY207733.1	281	1236	1	0	1	281
CY207733.1	303	1348	3	2	5	303
CY207733.1	314	1435	0	2	2	1435
CY207733.1	352	1480	1	0	1	352
CY207733.1	417	1214	0	1	1	1214
CY207733.1	430	965	0	1	1	965
CY207733.1	432	905	1	0	1	432
CY207733.1	447	1064	0	1	1	1064
CY207733.1	448	821	1	0	1	448
CY207733.1	517	1392	1	0	1	517
CY207733.1	521	1396	1	0	1	521
CY207733.1	581	1160	0	1	1	1160
CY207733.1	584	1082	2	4	6	584
CY207733.1	666	1420	0	1	1	1420
CY207733.1	707	1347	1	0	1	707
CY207733.1	732	1076	1	0	1	732
CY207733.1	740	1113	1	0	1	740
CY207733.1	781	1111	0	1	1	1111
CY207733.1	797	1143	0	1	1	1143
CY207733.1	822	1180	0	1	1	1180
CY207733.1	843	1111	0	1	1	1111
CY207733.1	861	1510	0	1	1	1510
CY207733.1	882	1361	0	1	1	1361
CY207733.1	899	1491	1	0	1	899
CY207733.1	920	990	0	1	1	990
CY207733.1	989	1431	1	0	1	989
CY207733.1	997	1033	1	0	1	997
CY207734.1	1084	1367	0	1	1	1367
CY207734.1	1114	1269	0	1	1	1269
CY207734.1	1125	1289	1	3	4	1125
CY207734.1	1164	1577	1	0	1	1164
CY207734.1	1225	1453	1	0	1	1225
CY207734.1	1313	1400	0	1	1	1400
CY207734.1	1435	1512	1	2	3	1435
CY207734.1	1578	1629	1	0	1	1578
CY207734.1	1652	1708	0	1	1	1708
CY207734.1	245	1443	1	0	1	245
CY207734.1	246	603	1	0	1	246
CY207734.1	258	1442	1	0	1	258
CY207734.1	262	1458	1	0	1	262
CY207734.1	284	983	1	0	1	284
CY207734.1	286	954	1	0	1	286
CY207734.1	333	1413	1	0	1	333
CY207734.1	334	1144	1	0	1	334
CY207734.1	346	817	0	1	1	817
CY207734.1	364	1152	1	0	1	364
CY207734.1	367	947	1	0	1	367
CY207734.1	405	1429	0	1	1	1429
CY207734.1	411	1500	0	1	1	1500
CY207734.1	412	878	0	1	1	878
CY207734.1	421	940	0	1	1	940
CY207734.1	425	699	1	0	1	425
CY207734.1	443	611	0	1	1	611
CY207734.1	455	680	1	0	1	455
CY207734.1	474	1417	0	1	1	1417
CY207734.1	484	1551	1	0	1	484
CY207734.1	489	1373	0	1	1	1373
CY207734.1	490	567	0	1	1	567
CY207734.1	507	1104	0	1	1	1104
CY207734.1	507	552	1	0	1	507
CY207734.1	525	1248	0	1	1	1248
CY207734.1	555	1007	0	1	1	1007
CY207734.1	569	892	1	0	1	569
CY207734.1	590	1648	0	1	1	1648
CY207734.1	591	689	0	1	1	689
CY207734.1	620	812	1	1	2	620
CY207734.1	625	1234	0	5	5	1234
CY207734.1	625	1582	1	0	1	625
CY207734.1	629	658	1	0	1	629
CY207734.1	641	836	0	1	1	836
CY207734.1	661	918	0	1	1	918
CY207734.1	678	879	1	0	1	678
CY207734.1	694	972	1	0	1	694
CY207734.1	703	1379	6	3	9	703
CY207734.1	715	817	1	0	1	715
CY207734.1	738	761	0	1	1	761
CY207734.1	744	1352	0	1	1	1352
CY207734.1	767	1279	1	0	1	767
CY207734.1	787	1108	1	0	1	787
CY207734.1	801	1425	0	1	1	1425
CY207734.1	801	1532	0	1	1	1532
CY207734.1	804	849	0	1	1	849
CY207734.1	808	1462	0	1	1	1462
CY207734.1	810	941	0	1	1	941
CY207734.1	811	1445	1	0	1	811
CY207734.1	814	1560	0	1	1	1560
CY207734.1	815	1711	0	1	1	1711
CY207734.1	821	966	1	0	1	821
CY207734.1	822	1320	0	1	1	1320
CY207734.1	824	1320	1	0	1	824
CY207734.1	866	950	1	0	1	866
CY207734.1	937	1114	1	0	1	937
CY207734.1	938	1066	0	3	3	1066
CY207734.1	947	1054	2	3	5	947
CY207734.1	991	1539	1	0	1	991
CY207735.1	264	606	1	0	1	264
CY207735.1	384	584	1	0	1	384
CY207735.1	424	477	0	1	1	477
CY207735.1	466	1020	0	1	1	1020
CY207735.1	470	705	1	0	1	470
CY207735.1	499	729	1	0	1	499
CY207735.1	511	740	28	57	85	511
CY207735.1	519	746	0	3	3	746
CY207735.1	610	1027	0	1	1	1027
CY207735.1	710	782	0	1	1	782
CY207735.1	757	1003	0	1	1	1003
CY207735.1	759	853	3	7	10	759
CY207735.1	787	845	1	3	4	787
CY207736.1	1039	1218	0	1	1	1218
CY207736.1	1046	1979	1	0	1	1046
CY207736.1	1095	2005	7	10	17	1095
CY207736.1	1100	2013	0	1	1	2013
CY207736.1	1102	2015	0	1	1	2015
CY207736.1	1109	2020	0	2	2	2020
CY207736.1	1121	2031	0	1	1	2031
CY207736.1	1128	1222	0	1	1	1222
CY207736.1	1206	1983	0	1	1	1983
CY207736.1	1208	1237	0	1	1	1237
CY207736.1	1248	1903	1	0	1	1248
CY207736.1	1250	1545	0	1	1	1545
CY207736.1	1255	1940	1	0	1	1255
CY207736.1	1258	1647	1	1	2	1258
CY207736.1	1261	1573	1	0	1	1261
CY207736.1	1291	1995	0	1	1	1995
CY207736.1	1391	1941	0	1	1	1941
CY207736.1	1401	1885	0	1	1	1885
CY207736.1	1405	1519	1	0	1	1405
CY207736.1	1426	1510	0	1	1	1510
CY207736.1	1511	1738	0	1	1	1738
CY207736.1	1557	1690	0	1	1	1690
CY207736.1	1566	1995	12	9	21	1566
CY207736.1	1584	2003	0	2	2	2003
CY207736.1	1586	2137	1	0	1	1586
CY207736.1	1743	2163	0	1	1	2163
CY207736.1	1897	2157	0	1	1	2157
CY207736.1	1994	2203	3	2	5	1994
CY207736.1	2060	2277	1	0	1	2060
CY207736.1	2086	2123	1	3	4	2086
CY207736.1	286	308	10	3	13	286
CY207736.1	360	2155	0	2	2	2155
CY207736.1	371	1839	1	0	1	371
CY207736.1	386	2144	0	1	1	2144
CY207736.1	397	1710	0	1	1	1710
CY207736.1	400	617	0	1	1	617
CY207736.1	411	2198	1	0	1	411
CY207736.1	415	2155	1	29	30	415
CY207736.1	421	2224	1	0	1	421
CY207736.1	427	1065	2	0	2	427
CY207736.1	427	2140	0	1	1	2140
CY207736.1	432	988	0	1	1	988
CY207736.1	437	2149	0	13	13	2149
CY207736.1	463	1814	0	1	1	1814
CY207736.1	484	803	0	1	1	803
CY207736.1	492	2041	0	1	1	2041
CY207736.1	515	2019	0	1	1	2019
CY207736.1	562	2002	34	15	49	562
CY207736.1	563	2017	5	5	10	563
CY207736.1	564	2004	0	1	1	2004
CY207736.1	564	904	10	1	11	564
CY207736.1	577	886	5	0	5	577
CY207736.1	584	1509	1	0	1	584
CY207736.1	585	1055	1	0	1	585
CY207736.1	594	2051	0	1	1	2051
CY207736.1	596	2002	9	4	13	596
CY207736.1	599	1972	1	8	9	599
CY207736.1	612	883	1	0	1	612
CY207736.1	636	1956	1	0	1	636
CY207736.1	663	768	0	1	1	768
CY207736.1	671	965	0	1	1	965
CY207736.1	674	1887	27	21	48	674
CY207736.1	677	2274	0	1	1	2274
CY207736.1	679	1956	2	1	3	679
CY207736.1	685	1964	0	1	1	1964
CY207736.1	688	1900	0	1	1	1900
CY207736.1	695	1938	0	1	1	1938
CY207736.1	707	1988	6	17	23	707
CY207736.1	722	2004	0	1	1	2004
CY207736.1	751	1693	1	0	1	751
CY207736.1	757	1874	15	5	20	757
CY207736.1	765	841	7	2	9	765
CY207736.1	767	862	1	0	1	767
CY207736.1	779	1900	0	1	1	1900
CY207736.1	783	1840	0	1	1	1840
CY207736.1	810	1512	1	0	1	810
CY207736.1	814	1710	1	1	2	814
CY207736.1	851	2344	0	1	1	2344
CY207736.1	853	2203	1	0	1	853
CY207736.1	853	2231	0	1	1	2231
CY207736.1	864	1324	1	0	1	864
CY207736.1	879	1354	0	1	1	1354
CY207736.1	894	1381	7	7	14	894
CY207736.1	912	1494	1	0	1	912
CY207736.1	920	1689	1	0	1	920
CY207736.1	927	2194	3	9	12	927
CY207736.1	930	1517	3	2	5	930
CY207736.1	955	2209	0	1	1	2209
CY207736.1	999	1924	1	0	1	999
CY207737.1	1077	2129	0	1	1	2129
CY207737.1	1125	1293	1	0	1	1125
CY207737.1	1221	1332	0	1	1	1332
CY207737.1	1259	1802	0	1	1	1802
CY207737.1	1657	2100	0	1	1	2100
CY207737.1	1662	2045	1	0	1	1662
CY207737.1	1670	2026	0	1	1	2026
CY207737.1	1745	1819	0	1	1	1819
CY207737.1	1840	1872	0	1	1	1872
CY207737.1	2213	2242	1	0	1	2213
CY207737.1	2296	2359	1	0	1	2296
CY207737.1	284	786	1	0	1	284
CY207737.1	290	2322	1	0	1	290
CY207737.1	367	2188	32	41	73	367
CY207737.1	372	1300	1	0	1	372
CY207737.1	374	1591	1	0	1	374
CY207737.1	394	2207	0	2	2	2207
CY207737.1	402	2216	0	1	1	2216
CY207737.1	415	1419	1	0	1	415
CY207737.1	428	1313	0	1	1	1313
CY207737.1	441	2041	1	0	1	441
CY207737.1	477	2130	0	1	1	2130
CY207737.1	497	2321	0	1	1	2321
CY207737.1	507	2061	13	9	22	507
CY207737.1	559	2198	0	1	1	2198
CY207737.1	590	1460	1	0	1	590
CY207737.1	626	2232	1	0	1	626
CY207737.1	640	1029	1	0	1	640
CY207737.1	824	1920	0	1	1	1920
CY207737.1	834	1876	0	1	1	1876
CY207737.1	835	1040	1	0	1	835
CY207737.1	898	1722	0	3	3	1722
CY207737.1	930	1908	1	0	1	930
CY207737.1	934	1056	1	0	1	934
CY207737.1	967	1337	1	0	1	967
CY207738.1	1012	1427	0	1	1	1427
CY207738.1	1020	1841	2	1	3	1020
CY207738.1	1020	1876	1	0	1	1020
CY207738.1	1074	1121	0	1	1	1121
CY207738.1	1092	1605	1	0	1	1092
CY207738.1	1124	2330	13	5	18	1124
CY207738.1	1138	2368	0	1	1	2368
CY207738.1	1141	1330	1	0	1	1141
CY207738.1	1147	2268	0	1	1	2268
CY207738.1	1147	2342	1	0	1	1147
CY207738.1	1208	1579	1	0	1	1208
CY207738.1	1236	1868	1	0	1	1236
CY207738.1	1259	2183	0	1	1	2183
CY207738.1	1265	2159	0	1	1	2159
CY207738.1	1346	1981	1	0	1	1346
CY207738.1	1353	1946	1	0	1	1353
CY207738.1	1423	1569	1	0	1	1423
CY207738.1	1518	1959	0	1	1	1959
CY207738.1	1681	2069	0	1	1	2069
CY207738.1	1687	2166	2	6	8	1687
CY207738.1	1709	1755	2	1	3	1709
CY207738.1	1719	2462	0	1	1	2462
CY207738.1	1749	2301	0	1	1	2301
CY207738.1	1830	2236	0	1	1	2236
CY207738.1	1887	2154	0	1	1	2154
CY207738.1	2004	2175	0	1	1	2175
CY207738.1	2256	2326	2	0	2	2256
CY207738.1	2269	2351	1	0	1	2269
CY207738.1	2311	2374	1	0	1	2311
CY207738.1	241	349	1	0	1	241
CY207738.1	261	1941	1	0	1	261
CY207738.1	332	1228	1	0	1	332
CY207738.1	340	1317	1	0	1	340
CY207738.1	341	2304	0	1	1	2304
CY207738.1	386	2170	0	1	1	2170
CY207738.1	386	2334	1	0	1	386
CY207738.1	402	780	1	0	1	402
CY207738.1	407	1389	0	1	1	1389
CY207738.1	408	2215	0	1	1	2215
CY207738.1	421	2238	0	1	1	2238
CY207738.1	436	2132	0	1	1	2132
CY207738.1	443	1154	0	1	1	1154
CY207738.1	452	714	0	1	1	714
CY207738.1	474	1513	1	0	1	474
CY207738.1	477	911	1	0	1	477
CY207738.1	532	2091	0	1	1	2091
CY207738.1	538	2163	7	15	22	538
CY207738.1	546	2049	19	32	51	546
CY207738.1	558	1319	0	1	1	1319
CY207738.1	568	869	0	1	1	869
CY207738.1	576	1736	0	1	1	1736
CY207738.1	577	1817	0	1	1	1817
CY207738.1	609	639	0	1	1	639
CY207738.1	622	1977	0	1	1	1977
CY207738.1	636	1666	1	0	1	636
CY207738.1	637	1750	1	0	1	637
CY207738.1	657	807	0	1	1	807
CY207738.1	663	917	0	1	1	917
CY207738.1	668	1184	1	0	1	668
CY207738.1	671	1563	0	1	1	1563
CY207738.1	672	1433	9	8	17	672
CY207738.1	683	1013	1	0	1	683
CY207738.1	720	2190	0	1	1	2190
CY207738.1	733	887	0	1	1	887
CY207738.1	740	860	1	0	1	740
CY207738.1	741	1634	1	0	1	741
CY207738.1	786	1249	0	1	1	1249
CY207738.1	797	2332	1	0	1	797
CY207738.1	827	1881	1	0	1	827
CY207738.1	830	889	1	0	1	830
CY207738.1	832	1888	7	11	18	832
CY207738.1	833	2360	0	1	1	2360
CY207738.1	848	1515	1	0	1	848
CY207738.1	878	2082	0	1	1	2082
CY207738.1	894	1019	1	0	1	894
CY207738.1	896	1101	1	0	1	896
CY207738.1	968	1561	1	0	1	968
CY207738.1	972	1768	0	1	1	1768
CY207738.1	979	1833	0	1	1	1833
