Segment	Start	Stop	Forward_support	Reverse_support	Total_support	Fuzz_factor
CY207731.1	1003	1387	0	1	1	1387
CY207731.1	1018	1214	0	1	1	1214
CY207731.1	1059	1191	1	0	1	1059
CY207731.1	1060	1672	1	0	1	1060
CY207731.1	1068	1649	1	0	1	1068
CY207731.1	1070	1714	1	0	1	1070
CY207731.1	1084	1123	0	1	1	1123
CY207731.1	1086	1175	0	1	1	1175
CY207731.1	1090	1821	0	1	1	1821
CY207731.1	1108	1130	0	1	1	1130
CY207731.1	1113	1289	1	0	1	1113
CY207731.1	1120	1329	0	1	1	1329
CY207731.1	1143	1171	0	1	1	1171
CY207731.1	1180	1222	1	0	1	1180
CY207731.1	1266	1778	0	1	1	1778
CY207731.1	1299	1892	0	1	1	1892
CY207731.1	1311	1357	0	1	1	1357
CY207731.1	1314	1458	0	1	1	1458
CY207731.1	1317	1499	1	0	1	1317
CY207731.1	1317	1883	0	1	1	1883
CY207731.1	1340	1762	1	0	1	1340
CY207731.1	1355	1816	1	0	1	1355
CY207731.1	1361	1403	0	1	1	1403
CY207731.1	1369	1438	1	0	1	1369
CY207731.1	1416	1638	1	0	1	1416
CY207731.1	1444	1769	1	0	1	1444
CY207731.1	1476	1708	1	0	1	1476
CY207731.1	1495	1600	1	0	1	1495
CY207731.1	1496	1736	0	1	1	1736
CY207731.1	1509	1607	0	1	1	1607
CY207731.1	1518	1662	0	1	1	1662
CY207731.1	1595	1892	0	1	1	1892
CY207731.1	1625	1836	1	0	1	1625
CY207731.1	1635	1842	0	1	1	1842
CY207731.1	1656	1704	1	0	1	1656
CY207731.1	1669	1781	1	0	1	1669
CY207731.1	1690	1742	1	0	1	1690
CY207731.1	1706	1893	0	1	1	1893
CY207731.1	247	1763	1	0	1	247
CY207731.1	304	506	1	0	1	304
CY207731.1	342	824	0	1	1	824
CY207731.1	351	1486	1	0	1	351
CY207731.1	358	968	0	1	1	968
CY207731.1	362	1606	0	2	2	1606
CY207731.1	366	1585	1	0	1	366
CY207731.1	369	1486	0	1	1	1486
CY207731.1	387	1027	0	1	1	1027
CY207731.1	390	1217	1	0	1	390
CY207731.1	390	1448	0	1	1	1448
CY207731.1	391	1035	0	1	1	1035
CY207731.1	392	1237	0	1	1	1237
CY207731.1	397	1694	0	1	1	1694
CY207731.1	407	629	1	0	1	407
CY207731.1	408	1140	1	0	1	408
CY207731.1	422	478	0	1	1	478
CY207731.1	427	1427	1	0	1	427
CY207731.1	428	1582	1	10	11	428
CY207731.1	429	985	0	1	1	985
CY207731.1	430	559	0	1	1	559
CY207731.1	431	1245	1	0	1	431
CY207731.1	443	589	0	1	1	589
CY207731.1	458	1134	1	0	1	458
CY207731.1	459	809	1	0	1	459
CY207731.1	463	1663	0	1	1	1663
CY207731.1	496	939	1	0	1	496
CY207731.1	519	1683	1	0	1	519
CY207731.1	523	1492	1	0	1	523
CY207731.1	526	1225	0	1	1	1225
CY207731.1	528	698	1	0	1	528
CY207731.1	533	1503	3	2	5	533
CY207731.1	543	1406	0	1	1	1406
CY207731.1	563	825	0	1	1	825
CY207731.1	565	1641	0	1	1	1641
CY207731.1	567	1619	1	0	1	567
CY207731.1	568	1204	2	1	3	568
CY207731.1	590	868	1	0	1	590
CY207731.1	596	1182	1	0	1	596
CY207731.1	603	1242	0	1	1	1242
CY207731.1	619	1641	1	0	1	619
CY207731.1	627	742	0	1	1	742
CY207731.1	630	814	0	1	1	814
CY207731.1	633	1644	0	1	1	1644
CY207731.1	647	1092	0	1	1	1092
CY207731.1	653	1794	0	1	1	1794
CY207731.1	656	1225	0	2	2	1225
CY207731.1	663	798	1	0	1	663
CY207731.1	676	1274	1	0	1	676
CY207731.1	679	749	1	0	1	679
CY207731.1	680	818	0	1	1	818
CY207731.1	684	1545	1	0	1	684
CY207731.1	704	1376	0	1	1	1376
CY207731.1	706	1309	1	0	1	706
CY207731.1	728	1820	1	0	1	728
CY207731.1	779	1314	1	0	1	779
CY207731.1	794	1159	0	1	1	1159
CY207731.1	799	1929	0	1	1	1929
CY207731.1	800	990	0	1	1	990
CY207731.1	807	953	0	1	1	953
CY207731.1	811	1242	0	1	1	1242
CY207731.1	817	1219	1	0	1	817
CY207731.1	819	1771	1	0	1	819
CY207731.1	826	1710	0	1	1	1710
CY207731.1	872	1869	0	1	1	1869
CY207731.1	874	1350	1	0	1	874
CY207731.1	905	962	0	1	1	962
CY207731.1	907	1744	1	0	1	907
CY207731.1	925	1705	1	0	1	925
CY207731.1	948	1156	0	1	1	1156
CY207731.1	985	1042	0	1	1	1042
CY207731.1	985	1097	0	1	1	1097
CY207732.1	1040	1081	1	0	1	1040
CY207732.1	247	949	1	0	1	247
CY207732.1	268	491	1	0	1	268
CY207732.1	268	550	1	0	1	268
CY207732.1	270	346	1	0	1	270
CY207732.1	275	848	2	0	2	275
CY207732.1	299	936	0	1	1	936
CY207732.1	301	1136	0	1	1	1136
CY207732.1	332	811	0	1	1	811
CY207732.1	341	793	1	0	1	341
CY207732.1	349	1034	1	0	1	349
CY207732.1	365	1134	0	1	1	1134
CY207732.1	378	867	0	1	1	867
CY207732.1	380	802	1	0	1	380
CY207732.1	381	607	1	0	1	381
CY207732.1	393	784	1	0	1	393
CY207732.1	394	583	0	1	1	583
CY207732.1	396	917	1	0	1	396
CY207732.1	407	948	0	1	1	948
CY207732.1	416	611	0	1	1	611
CY207732.1	419	706	0	1	1	706
CY207732.1	419	835	0	1	1	835
CY207732.1	433	480	0	1	1	480
CY207732.1	434	473	0	1	1	473
CY207732.1	434	678	0	1	1	678
CY207732.1	436	469	0	1	1	469
CY207732.1	441	731	0	1	1	731
CY207732.1	443	745	1	2	3	443
CY207732.1	444	981	0	1	1	981
CY207732.1	445	863	0	4	4	863
CY207732.1	475	561	0	1	1	561
CY207732.1	478	892	1	0	1	478
CY207732.1	479	538	0	1	1	538
CY207732.1	483	846	0	1	1	846
CY207732.1	493	651	1	0	1	493
CY207732.1	520	956	1	0	1	520
CY207732.1	528	981	1	0	1	528
CY207732.1	593	1023	1	1	2	593
CY207732.1	598	634	1	0	1	598
CY207732.1	598	899	0	1	1	899
CY207732.1	607	711	1	0	1	607
CY207732.1	622	738	0	1	1	738
CY207732.1	625	1058	0	1	1	1058
CY207732.1	634	800	1	0	1	634
CY207732.1	639	1053	1	0	1	639
CY207732.1	663	1139	0	1	1	1139
CY207732.1	679	815	2	2	4	679
CY207732.1	681	856	1	1	2	681
CY207732.1	683	859	1	0	1	683
CY207732.1	693	1091	0	1	1	1091
CY207732.1	694	910	1	0	1	694
CY207732.1	703	907	1	0	1	703
CY207732.1	712	819	0	1	1	819
CY207732.1	718	860	0	2	2	860
CY207732.1	768	850	0	1	1	850
CY207732.1	779	840	1	0	1	779
CY207732.1	788	886	0	1	1	886
CY207732.1	811	1057	0	1	1	1057
CY207732.1	817	866	1	2	3	817
CY207732.1	828	877	0	1	1	877
CY207732.1	831	1062	0	1	1	1062
CY207732.1	837	1018	1	0	1	837
CY207732.1	851	1037	0	1	1	1037
CY207732.1	919	1016	0	1	1	1016
CY207732.1	973	1036	0	1	1	1036
CY207732.1	978	1058	1	1	2	978
CY207733.1	1130	1156	1	0	1	1130
CY207733.1	1299	1595	0	1	1	1595
CY207733.1	1308	1469	1	0	1	1308
CY207733.1	270	1466	1	1	2	270
CY207733.1	271	1401	3	0	3	271
CY207733.1	282	390	1	0	1	282
CY207733.1	284	1218	1	0	1	284
CY207733.1	326	1041	0	1	1	1041
CY207733.1	331	1112	0	1	1	1112
CY207733.1	370	1050	0	1	1	1050
CY207733.1	424	618	1	0	1	424
CY207733.1	461	1068	1	0	1	461
CY207733.1	507	1384	1	0	1	507
CY207733.1	583	866	1	0	1	583
CY207733.1	599	1366	1	0	1	599
CY207733.1	616	1083	1	0	1	616
CY207733.1	622	755	1	0	1	622
CY207733.1	652	719	1	0	1	652
CY207733.1	666	1420	1	0	1	666
CY207733.1	717	1249	1	0	1	717
CY207733.1	728	1279	0	1	1	1279
CY207733.1	767	1288	0	1	1	1288
CY207733.1	772	1199	0	1	1	1199
CY207733.1	851	1348	0	1	1	1348
CY207733.1	885	1105	0	1	1	1105
CY207733.1	905	972	0	1	1	972
CY207733.1	967	1007	1	0	1	967
CY207734.1	1012	1084	0	2	2	1084
CY207734.1	1047	1568	0	1	1	1568
CY207734.1	1053	1362	0	1	1	1362
CY207734.1	1079	1312	0	1	1	1312
CY207734.1	1080	1467	0	1	1	1467
CY207734.1	1090	1547	1	0	1	1090
CY207734.1	1193	1513	0	1	1	1513
CY207734.1	1234	1504	1	0	1	1234
CY207734.1	1286	1411	1	0	1	1286
CY207734.1	1312	1426	1	0	1	1312
CY207734.1	1440	1640	1	0	1	1440
CY207734.1	1445	1562	1	0	1	1445
CY207734.1	1492	1690	0	1	1	1690
CY207734.1	1493	1560	1	0	1	1493
CY207734.1	1537	1576	1	0	1	1537
CY207734.1	1580	1697	0	1	1	1697
CY207734.1	254	1078	1	0	1	254
CY207734.1	264	1421	1	0	1	264
CY207734.1	264	838	1	0	1	264
CY207734.1	275	805	1	0	1	275
CY207734.1	281	1356	1	0	1	281
CY207734.1	283	1000	1	0	1	283
CY207734.1	286	1315	1	0	1	286
CY207734.1	290	908	1	0	1	290
CY207734.1	293	500	0	1	1	500
CY207734.1	309	832	1	0	1	309
CY207734.1	332	1430	0	1	1	1430
CY207734.1	332	1570	2	1	3	332
CY207734.1	344	1278	1	0	1	344
CY207734.1	344	518	1	0	1	344
CY207734.1	365	1368	1	0	1	365
CY207734.1	379	418	0	1	1	418
CY207734.1	397	1606	1	0	1	397
CY207734.1	399	1239	0	1	1	1239
CY207734.1	402	1040	1	0	1	402
CY207734.1	412	1281	1	0	1	412
CY207734.1	429	1485	0	1	1	1485
CY207734.1	440	957	1	0	1	440
CY207734.1	441	1343	1	0	1	441
CY207734.1	443	648	0	1	1	648
CY207734.1	443	819	0	1	1	819
CY207734.1	454	545	1	0	1	454
CY207734.1	457	1032	0	1	1	1032
CY207734.1	467	981	0	1	1	981
CY207734.1	468	1495	0	1	1	1495
CY207734.1	469	1437	0	1	1	1437
CY207734.1	473	1569	0	1	1	1569
CY207734.1	475	1213	0	1	1	1213
CY207734.1	480	989	0	1	1	989
CY207734.1	484	1551	1	0	1	484
CY207734.1	498	1567	0	1	1	1567
CY207734.1	498	840	1	1	2	498
CY207734.1	509	688	0	1	1	688
CY207734.1	521	1422	1	1	2	521
CY207734.1	521	841	1	0	1	521
CY207734.1	531	1469	1	0	1	531
CY207734.1	543	609	1	0	1	543
CY207734.1	555	1451	0	1	1	1451
CY207734.1	571	1246	0	1	1	1246
CY207734.1	619	1294	1	0	1	619
CY207734.1	620	812	0	1	1	812
CY207734.1	625	753	1	0	1	625
CY207734.1	654	1413	0	1	1	1413
CY207734.1	673	1327	0	1	1	1327
CY207734.1	675	1097	0	1	1	1097
CY207734.1	692	1088	1	0	1	692
CY207734.1	697	765	0	1	1	765
CY207734.1	712	1384	0	1	1	1384
CY207734.1	718	1024	0	1	1	1024
CY207734.1	753	1112	1	0	1	753
CY207734.1	760	1128	1	0	1	760
CY207734.1	762	1324	0	1	1	1324
CY207734.1	763	1550	0	1	1	1550
CY207734.1	781	811	1	0	1	781
CY207734.1	787	1308	1	0	1	787
CY207734.1	813	1443	0	1	1	1443
CY207734.1	815	1574	1	0	1	815
CY207734.1	816	1588	0	1	1	1588
CY207734.1	816	847	1	0	1	816
CY207734.1	833	1511	1	0	1	833
CY207734.1	840	1246	1	0	1	840
CY207734.1	840	1493	1	0	1	840
CY207734.1	841	1622	0	1	1	1622
CY207734.1	906	1033	1	0	1	906
CY207734.1	906	1400	0	1	1	1400
CY207734.1	906	955	0	1	1	955
CY207734.1	910	1081	1	0	1	910
CY207734.1	942	1258	0	1	1	1258
CY207734.1	997	1042	1	0	1	997
CY207735.1	251	898	1	0	1	251
CY207735.1	255	902	4	1	5	255
CY207735.1	263	976	1	0	1	263
CY207735.1	285	943	1	0	1	285
CY207735.1	311	358	0	1	1	358
CY207735.1	427	487	0	1	1	487
CY207735.1	470	705	1	0	1	470
CY207735.1	511	740	10	36	46	511
CY207735.1	519	746	1	5	6	519
CY207735.1	573	626	0	1	1	626
CY207735.1	596	890	0	1	1	890
CY207735.1	651	687	0	1	1	687
CY207735.1	715	873	1	0	1	715
CY207735.1	882	1011	0	1	1	1011
CY207735.1	916	1019	0	1	1	1019
CY207736.1	1000	1039	0	1	1	1039
CY207736.1	1001	1178	1	0	1	1001
CY207736.1	1006	2286	0	1	1	2286
CY207736.1	1010	2245	0	1	1	2245
CY207736.1	1032	2100	0	1	1	2100
CY207736.1	1046	1979	0	1	1	1979
CY207736.1	1049	2228	1	0	1	1049
CY207736.1	1070	1285	0	1	1	1285
CY207736.1	1071	1978	1	0	1	1071
CY207736.1	1072	1642	0	1	1	1642
CY207736.1	1080	2362	0	1	1	2362
CY207736.1	1085	2266	0	2	2	2266
CY207736.1	1090	1506	0	1	1	1506
CY207736.1	1095	1789	1	0	1	1095
CY207736.1	1095	2005	3	3	6	1095
CY207736.1	1100	2013	0	1	1	2013
CY207736.1	1110	1602	0	1	1	1602
CY207736.1	1110	2153	0	1	1	2153
CY207736.1	1121	1280	1	0	1	1121
CY207736.1	1123	2227	1	0	1	1123
CY207736.1	1126	1997	1	0	1	1126
CY207736.1	1154	1383	1	0	1	1154
CY207736.1	1241	1309	1	0	1	1241
CY207736.1	1258	1647	1	2	3	1258
CY207736.1	1290	1885	0	1	1	1885
CY207736.1	1294	1697	0	1	1	1697
CY207736.1	1349	1473	1	0	1	1349
CY207736.1	1375	1995	0	1	1	1995
CY207736.1	1406	1972	0	1	1	1972
CY207736.1	1428	1987	0	1	1	1987
CY207736.1	1462	1900	1	0	1	1462
CY207736.1	1485	1615	1	0	1	1485
CY207736.1	1510	2002	0	1	1	2002
CY207736.1	1511	1973	0	1	1	1973
CY207736.1	1535	2101	0	1	1	2101
CY207736.1	1544	1776	0	1	1	1776
CY207736.1	1544	1947	1	0	1	1544
CY207736.1	1544	2007	1	0	1	1544
CY207736.1	1551	2029	1	0	1	1551
CY207736.1	1566	1995	0	1	1	1995
CY207736.1	1567	2204	0	1	1	2204
CY207736.1	1575	1606	1	0	1	1575
CY207736.1	1584	2003	0	1	1	2003
CY207736.1	1639	2014	1	0	1	1639
CY207736.1	1693	1724	2	0	2	1693
CY207736.1	1695	2301	0	1	1	2301
CY207736.1	1789	2006	0	1	1	2006
CY207736.1	1813	2001	0	1	1	2001
CY207736.1	1838	2019	0	1	1	2019
CY207736.1	1852	2377	0	1	1	2377
CY207736.1	1854	1999	1	0	1	1854
CY207736.1	1925	2074	0	1	1	2074
CY207736.1	2023	2061	0	1	1	2061
CY207736.1	2054	2102	0	1	1	2102
CY207736.1	2129	2241	67	42	109	2129
CY207736.1	2130	2242	0	1	1	2242
CY207736.1	2185	2216	0	1	1	2216
CY207736.1	287	2127	1	0	1	287
CY207736.1	287	2215	1	0	1	287
CY207736.1	300	2213	0	1	1	2213
CY207736.1	306	474	1	0	1	306
CY207736.1	308	1464	1	0	1	308
CY207736.1	331	2153	0	1	1	2153
CY207736.1	333	2215	1	0	1	333
CY207736.1	335	2157	0	59	59	2157
CY207736.1	354	1927	3	17	20	354
CY207736.1	380	1976	1	0	1	380
CY207736.1	385	436	1	1	2	385
CY207736.1	386	462	0	1	1	462
CY207736.1	390	2153	0	6	6	2153
CY207736.1	400	2141	0	4	4	2141
CY207736.1	403	2160	0	2	2	2160
CY207736.1	432	2109	0	1	1	2109
CY207736.1	441	1649	1	0	1	441
CY207736.1	441	1881	1	0	1	441
CY207736.1	449	730	1	0	1	449
CY207736.1	455	2072	4	0	4	455
CY207736.1	461	2140	0	1	1	2140
CY207736.1	466	1745	0	1	1	1745
CY207736.1	466	1836	1	0	1	466
CY207736.1	477	2028	1	0	1	477
CY207736.1	479	2240	1	1	2	479
CY207736.1	490	2141	1	3	4	490
CY207736.1	490	513	0	1	1	513
CY207736.1	492	2005	1	0	1	492
CY207736.1	493	1856	2	0	2	493
CY207736.1	499	2041	0	1	1	2041
CY207736.1	500	2177	1	0	1	500
CY207736.1	503	2031	0	1	1	2031
CY207736.1	505	2083	1	0	1	505
CY207736.1	512	2050	0	1	1	2050
CY207736.1	520	1722	1	0	1	520
CY207736.1	524	912	1	0	1	524
CY207736.1	538	2057	0	1	1	2057
CY207736.1	543	1019	1	0	1	543
CY207736.1	546	2058	2	1	3	546
CY207736.1	555	1895	2	1	3	555
CY207736.1	555	2050	1	1	2	555
CY207736.1	560	1652	0	1	1	1652
CY207736.1	568	1771	0	1	1	1771
CY207736.1	581	1091	1	0	1	581
CY207736.1	586	1971	1	2	3	586
CY207736.1	591	1982	1	0	1	591
CY207736.1	596	2002	3	2	5	596
CY207736.1	602	2021	1	0	1	602
CY207736.1	606	1913	0	1	1	1913
CY207736.1	606	1950	1	1	2	606
CY207736.1	612	636	0	1	1	636
CY207736.1	616	1889	0	1	1	1889
CY207736.1	617	1910	1	0	1	617
CY207736.1	619	1929	2	0	2	619
CY207736.1	630	1948	0	1	1	1948
CY207736.1	632	1868	1	0	1	632
CY207736.1	634	1926	1	0	1	634
CY207736.1	663	1157	1	0	1	663
CY207736.1	666	1002	0	1	1	1002
CY207736.1	673	1987	1	0	1	673
CY207736.1	674	1843	1	0	1	674
CY207736.1	675	1333	0	1	1	1333
CY207736.1	675	750	0	1	1	750
CY207736.1	677	1846	1	3	4	677
CY207736.1	678	1762	1	0	1	678
CY207736.1	679	1956	0	1	1	1956
CY207736.1	684	1853	0	1	1	1853
CY207736.1	684	1855	0	1	1	1855
CY207736.1	686	1385	0	1	1	1385
CY207736.1	687	1721	1	0	1	687
CY207736.1	689	771	1	0	1	689
CY207736.1	695	1938	0	1	1	1938
CY207736.1	696	779	1	0	1	696
CY207736.1	699	1995	2	1	3	699
CY207736.1	701	1362	0	1	1	1362
CY207736.1	702	1895	10	7	17	702
CY207736.1	703	991	1	0	1	703
CY207736.1	714	1995	0	1	1	1995
CY207736.1	715	1911	0	2	2	1911
CY207736.1	723	1994	8	10	18	723
CY207736.1	723	2202	0	2	2	2202
CY207736.1	734	758	0	1	1	758
CY207736.1	739	1753	1	3	4	739
CY207736.1	740	1716	1	0	1	740
CY207736.1	752	1929	1	0	1	752
CY207736.1	754	1766	0	1	1	1766
CY207736.1	755	1737	1	0	1	755
CY207736.1	755	1923	1	0	1	755
CY207736.1	756	1897	0	1	1	1897
CY207736.1	757	1874	1	0	1	757
CY207736.1	761	1589	1	0	1	761
CY207736.1	761	1991	2	0	2	761
CY207736.1	767	1952	10	1	11	767
CY207736.1	773	1580	1	0	1	773
CY207736.1	773	808	0	1	1	808
CY207736.1	808	1007	1	0	1	808
CY207736.1	811	1732	1	0	1	811
CY207736.1	814	1710	0	1	1	1710
CY207736.1	815	1705	0	1	1	1705
CY207736.1	826	1529	1	0	1	826
CY207736.1	847	889	0	1	1	889
CY207736.1	851	1517	1	0	1	851
CY207736.1	853	1865	0	1	1	1865
CY207736.1	853	1927	0	1	1	1927
CY207736.1	858	1040	0	1	1	1040
CY207736.1	873	1937	0	1	1	1937
CY207736.1	878	1977	0	7	7	1977
CY207736.1	890	2349	0	3	3	2349
CY207736.1	893	1978	0	1	1	1978
CY207736.1	897	1975	1	0	1	897
CY207736.1	912	2003	0	1	1	2003
CY207736.1	914	2167	0	2	2	2167
CY207736.1	915	2012	0	1	1	2012
CY207736.1	918	1735	0	3	3	1735
CY207736.1	927	2194	0	3	3	2194
CY207736.1	930	1592	0	2	2	1592
CY207736.1	933	1077	0	1	1	1077
CY207736.1	936	2301	0	1	1	2301
CY207736.1	953	2004	0	1	1	2004
CY207736.1	983	1537	0	1	1	1537
CY207736.1	993	1092	1	0	1	993
CY207736.1	993	2293	0	1	1	2293
CY207737.1	1003	1346	1	0	1	1003
CY207737.1	1023	1124	0	1	1	1124
CY207737.1	1025	1666	0	1	1	1666
CY207737.1	1030	2201	1	0	1	1030
CY207737.1	1041	1267	1	0	1	1041
CY207737.1	1046	2230	0	1	1	2230
CY207737.1	1085	1965	0	1	1	1965
CY207737.1	1091	2220	0	1	1	2220
CY207737.1	1092	1132	1	0	1	1092
CY207737.1	1099	1197	1	0	1	1099
CY207737.1	1153	2135	1	0	1	1153
CY207737.1	1158	1714	1	0	1	1158
CY207737.1	1230	2270	1	0	1	1230
CY207737.1	1262	1352	1	0	1	1262
CY207737.1	1308	1954	1	1	2	1308
CY207737.1	1445	2351	0	1	1	2351
CY207737.1	1464	2079	1	0	1	1464
CY207737.1	1508	2049	0	1	1	2049
CY207737.1	1510	2393	0	1	1	2393
CY207737.1	1516	2322	0	1	1	2322
CY207737.1	1516	2385	0	1	1	2385
CY207737.1	1533	1561	0	1	1	1561
CY207737.1	1533	1640	0	1	1	1640
CY207737.1	1558	2316	1	0	1	1558
CY207737.1	1574	1969	0	1	1	1969
CY207737.1	1607	2023	0	1	1	2023
CY207737.1	1631	1653	2	0	2	1631
CY207737.1	1698	2215	1	0	1	1698
CY207737.1	1714	2444	0	1	1	2444
CY207737.1	1717	1757	1	0	1	1717
CY207737.1	2052	2245	3	2	5	2052
CY207737.1	2098	2232	0	1	1	2232
CY207737.1	2213	2249	1	0	1	2213
CY207737.1	2270	2292	1	1	2	2270
CY207737.1	239	325	2	0	2	239
CY207737.1	2427	2450	1	1	2	2427
CY207737.1	2428	2450	0	3	3	2450
CY207737.1	2432	2493	0	1	1	2493
CY207737.1	246	2414	1	0	1	246
CY207737.1	248	2452	1	1	2	248
CY207737.1	340	385	1	0	1	340
CY207737.1	349	2231	1	0	1	349
CY207737.1	355	830	1	0	1	355
CY207737.1	360	1191	1	0	1	360
CY207737.1	361	1516	1	0	1	361
CY207737.1	380	2310	1	0	1	380
CY207737.1	392	2188	1	1	2	392
CY207737.1	396	1552	1	0	1	396
CY207737.1	397	1951	1	0	1	397
CY207737.1	425	2183	0	1	1	2183
CY207737.1	445	2273	1	0	1	445
CY207737.1	447	2244	2	0	2	447
CY207737.1	452	893	1	0	1	452
CY207737.1	485	2155	1	3	4	485
CY207737.1	494	2373	0	1	1	2373
CY207737.1	506	879	0	1	1	879
CY207737.1	515	2234	1	0	1	515
CY207737.1	517	1004	1	0	1	517
CY207737.1	538	2146	1	0	1	538
CY207737.1	542	2169	1	0	1	542
CY207737.1	584	2058	1	0	1	584
CY207737.1	584	2095	2	2	4	584
CY207737.1	584	2178	1	0	1	584
CY207737.1	599	1991	1	0	1	599
CY207737.1	599	2139	0	1	1	2139
CY207737.1	604	1976	2	2	4	604
CY207737.1	606	2094	2	0	2	606
CY207737.1	610	1115	1	0	1	610
CY207737.1	617	2425	0	1	1	2425
CY207737.1	640	2204	1	0	1	640
CY207737.1	649	2362	1	0	1	649
CY207737.1	650	2119	1	0	1	650
CY207737.1	658	2138	0	1	1	2138
CY207737.1	663	1606	1	0	1	663
CY207737.1	670	1914	1	0	1	670
CY207737.1	678	1842	1	0	1	678
CY207737.1	681	2359	1	0	1	681
CY207737.1	686	1636	1	0	1	686
CY207737.1	691	2096	0	1	1	2096
CY207737.1	702	1178	0	1	1	1178
CY207737.1	703	2262	0	1	1	2262
CY207737.1	704	1057	0	1	1	1057
CY207737.1	707	1824	1	0	1	707
CY207737.1	722	1086	1	0	1	722
CY207737.1	735	1560	0	1	1	1560
CY207737.1	739	2406	0	1	1	2406
CY207737.1	755	2000	1	0	1	755
CY207737.1	760	1997	0	1	1	1997
CY207737.1	783	1949	1	0	1	783
CY207737.1	785	1982	0	1	1	1982
CY207737.1	789	1739	1	1	2	789
CY207737.1	803	1821	0	1	1	1821
CY207737.1	823	2250	0	1	1	2250
CY207737.1	830	1816	0	1	1	1816
CY207737.1	834	948	1	0	1	834
CY207737.1	849	2082	0	1	1	2082
CY207737.1	858	1770	1	0	1	858
CY207737.1	869	1246	1	0	1	869
CY207737.1	872	1064	0	1	1	1064
CY207737.1	876	2250	0	1	1	2250
CY207737.1	882	1826	0	1	1	1826
CY207737.1	916	2097	0	1	1	2097
CY207737.1	935	2259	0	2	2	2259
CY207737.1	966	1909	0	1	1	1909
CY207737.1	966	2241	1	0	1	966
CY207738.1	1006	1701	0	1	1	1701
CY207738.1	1031	1892	0	1	1	1892
CY207738.1	1037	1718	0	1	1	1718
CY207738.1	1053	2210	0	1	1	2210
CY207738.1	1062	2248	0	2	2	2248
CY207738.1	1066	2095	0	1	1	2095
CY207738.1	1108	1646	1	0	1	1108
CY207738.1	1141	2115	0	1	1	2115
CY207738.1	1159	1602	1	0	1	1159
CY207738.1	1161	1802	1	0	1	1161
CY207738.1	1214	2239	1	0	1	1214
CY207738.1	1250	2367	0	1	1	2367
CY207738.1	1264	1533	0	1	1	1533
CY207738.1	1298	1453	0	1	1	1453
CY207738.1	1331	1537	1	0	1	1331
CY207738.1	1346	2348	0	1	1	2348
CY207738.1	1354	1668	0	1	1	1668
CY207738.1	1414	2107	0	2	2	2107
CY207738.1	1429	2059	0	1	1	2059
CY207738.1	1673	2381	0	1	1	2381
CY207738.1	1681	2141	1	1	2	1681
CY207738.1	1682	1829	0	1	1	1829
CY207738.1	1709	2424	0	1	1	2424
CY207738.1	1821	2278	0	1	1	2278
CY207738.1	1834	2431	0	1	1	2431
CY207738.1	1844	2074	0	1	1	2074
CY207738.1	1913	2357	0	1	1	2357
CY207738.1	2013	2154	0	1	1	2154
CY207738.1	2129	2161	2	0	2	2129
CY207738.1	2265	2325	2	1	3	2265
CY207738.1	2269	2351	2	0	2	2269
CY207738.1	2402	2474	0	1	1	2474
CY207738.1	242	1947	2	0	2	242
CY207738.1	246	2258	1	0	1	246
CY207738.1	258	1231	1	0	1	258
CY207738.1	276	615	1	0	1	276
CY207738.1	281	312	1	0	1	281
CY207738.1	282	1642	0	1	1	1642
CY207738.1	282	1736	1	0	1	282
CY207738.1	282	2351	1	0	1	282
CY207738.1	288	2251	1	0	1	288
CY207738.1	289	1832	1	0	1	289
CY207738.1	310	1985	1	0	1	310
CY207738.1	324	880	1	0	1	324
CY207738.1	337	1393	1	0	1	337
CY207738.1	339	2328	1	0	1	339
CY207738.1	346	1330	0	1	1	1330
CY207738.1	346	2235	1	0	1	346
CY207738.1	347	1771	1	0	1	347
CY207738.1	357	2246	1	0	1	357
CY207738.1	363	2280	3	40	43	363
CY207738.1	364	2281	0	1	1	2281
CY207738.1	367	2337	1	0	1	367
CY207738.1	380	1997	1	0	1	380
CY207738.1	382	2297	0	1	1	2297
CY207738.1	382	2310	0	1	1	2310
CY207738.1	386	2314	0	1	1	2314
CY207738.1	393	1101	0	1	1	1101
CY207738.1	395	2155	2	14	16	395
CY207738.1	395	767	1	0	1	395
CY207738.1	399	437	1	4	5	399
CY207738.1	404	1890	1	0	1	404
CY207738.1	407	2203	0	1	1	2203
CY207738.1	407	2481	0	1	1	2481
CY207738.1	410	2237	1	1	2	410
CY207738.1	418	2252	0	1	1	2252
CY207738.1	419	2269	0	1	1	2269
CY207738.1	422	1437	0	1	1	1437
CY207738.1	422	2304	2	4	6	422
CY207738.1	427	2263	0	1	1	2263
CY207738.1	439	2360	0	1	1	2360
CY207738.1	442	897	1	0	1	442
CY207738.1	443	2008	1	0	1	443
CY207738.1	452	2267	1	1	2	452
CY207738.1	454	1142	0	1	1	1142
CY207738.1	454	2313	2	2	4	454
CY207738.1	465	2115	0	1	1	2115
CY207738.1	469	2263	1	0	1	469
CY207738.1	472	2168	0	1	1	2168
CY207738.1	481	1182	1	0	1	481
CY207738.1	493	1598	1	0	1	493
CY207738.1	494	627	1	0	1	494
CY207738.1	506	1846	1	0	1	506
CY207738.1	511	2211	2	2	4	511
CY207738.1	518	2419	0	1	1	2419
CY207738.1	530	1795	0	1	1	1795
CY207738.1	536	2070	0	3	3	2070
CY207738.1	549	1385	0	1	1	1385
CY207738.1	552	1963	1	0	1	552
CY207738.1	553	2134	1	0	1	553
CY207738.1	564	2054	1	1	2	564
CY207738.1	565	2031	0	3	3	2031
CY207738.1	566	1009	0	1	1	1009
CY207738.1	589	2087	1	0	1	589
CY207738.1	607	2231	1	0	1	607
CY207738.1	609	2287	0	1	1	2287
CY207738.1	629	2094	2	1	3	629
CY207738.1	630	2015	1	0	1	630
CY207738.1	654	2332	1	0	1	654
CY207738.1	657	1794	0	1	1	1794
CY207738.1	657	2020	1	0	1	657
CY207738.1	661	1807	0	1	1	1807
CY207738.1	694	1932	1	0	1	694
CY207738.1	697	2112	1	0	1	697
CY207738.1	701	1954	0	2	2	1954
CY207738.1	701	2367	1	0	1	701
CY207738.1	705	2333	1	0	1	705
CY207738.1	708	1960	0	1	1	1960
CY207738.1	713	2021	1	0	1	713
CY207738.1	720	2011	0	1	1	2011
CY207738.1	733	2109	1	1	2	733
CY207738.1	742	1921	0	1	1	1921
CY207738.1	744	1130	0	1	1	1130
CY207738.1	778	1783	0	1	1	1783
CY207738.1	789	2175	0	1	1	2175
CY207738.1	808	1825	1	2	3	808
CY207738.1	808	1871	3	6	9	808
CY207738.1	811	1463	1	0	1	811
CY207738.1	812	935	1	0	1	812
CY207738.1	828	1120	0	1	1	1120
CY207738.1	830	1734	0	1	1	1734
CY207738.1	833	928	1	0	1	833
CY207738.1	841	2077	1	0	1	841
CY207738.1	849	1439	1	0	1	849
CY207738.1	856	1974	0	1	1	1974
CY207738.1	859	2388	1	0	1	859
CY207738.1	869	1795	1	0	1	869
CY207738.1	877	2184	0	1	1	2184
CY207738.1	895	1682	1	0	1	895
CY207738.1	904	1795	0	1	1	1795
CY207738.1	911	1805	1	0	1	911
CY207738.1	918	1852	0	1	1	1852
CY207738.1	935	1387	0	1	1	1387
CY207738.1	965	1623	0	1	1	1623
CY207738.1	971	2285	3	2	5	971
CY207738.1	975	1601	1	0	1	975
CY207738.1	975	2146	0	1	1	2146
CY207738.1	982	2002	0	1	1	2002
CY207738.1	990	2016	0	1	1	2016
