Segment	Start	Stop	Forward_support	Reverse_support	Total_support	Fuzz_factor
CY207731.1	1036	1461	0	1	1	1461
CY207731.1	1043	1705	0	1	1	1705
CY207731.1	1044	1649	1	0	1	1044
CY207731.1	1049	1329	1	0	1	1049
CY207731.1	1050	1208	0	1	1	1208
CY207731.1	1056	1258	0	1	1	1258
CY207731.1	1064	1772	1	0	1	1064
CY207731.1	1082	1758	0	1	1	1758
CY207731.1	1084	1336	0	1	1	1336
CY207731.1	1086	1392	1	0	1	1086
CY207731.1	1112	1144	0	1	1	1144
CY207731.1	1183	1756	0	1	1	1756
CY207731.1	1191	1755	1	0	1	1191
CY207731.1	1196	1403	1	0	1	1196
CY207731.1	1233	1499	1	0	1	1233
CY207731.1	1267	1341	0	1	1	1341
CY207731.1	1303	1685	0	1	1	1685
CY207731.1	1304	1326	1	0	1	1304
CY207731.1	1367	1421	1	0	1	1367
CY207731.1	1376	1635	0	1	1	1635
CY207731.1	1417	1708	1	0	1	1417
CY207731.1	1427	1775	0	1	1	1775
CY207731.1	1452	1563	1	0	1	1452
CY207731.1	1454	1734	0	1	1	1734
CY207731.1	1472	1495	1	0	1	1472
CY207731.1	1488	1916	0	1	1	1916
CY207731.1	1586	1913	0	1	1	1913
CY207731.1	1589	1789	1	0	1	1589
CY207731.1	1607	1725	0	1	1	1725
CY207731.1	1621	1837	0	1	1	1837
CY207731.1	1636	1761	0	1	1	1761
CY207731.1	1717	1775	0	1	1	1775
CY207731.1	1757	1820	0	1	1	1820
CY207731.1	237	1121	1	0	1	237
CY207731.1	244	1142	1	0	1	244
CY207731.1	247	335	1	0	1	247
CY207731.1	258	1438	1	0	1	258
CY207731.1	277	1138	1	0	1	277
CY207731.1	277	1737	1	0	1	277
CY207731.1	288	354	1	0	1	288
CY207731.1	289	1539	1	0	1	289
CY207731.1	293	397	1	0	1	293
CY207731.1	321	1706	0	1	1	1706
CY207731.1	335	1710	0	1	1	1710
CY207731.1	336	1809	1	0	1	336
CY207731.1	350	1396	0	1	1	1396
CY207731.1	355	1594	0	1	1	1594
CY207731.1	359	1748	1	0	1	359
CY207731.1	368	1192	0	1	1	1192
CY207731.1	372	1241	1	0	1	372
CY207731.1	377	447	1	1	2	377
CY207731.1	383	1734	0	1	1	1734
CY207731.1	384	1646	0	1	1	1646
CY207731.1	388	1594	0	1	1	1594
CY207731.1	390	1603	0	1	1	1603
CY207731.1	398	1353	0	1	1	1353
CY207731.1	398	1643	0	1	1	1643
CY207731.1	405	1685	0	1	1	1685
CY207731.1	413	514	1	0	1	413
CY207731.1	422	604	1	0	1	422
CY207731.1	423	480	1	0	1	423
CY207731.1	430	656	1	0	1	430
CY207731.1	439	1047	1	0	1	439
CY207731.1	441	1177	1	0	1	441
CY207731.1	450	1760	0	1	1	1760
CY207731.1	466	508	0	1	1	508
CY207731.1	473	1909	0	1	1	1909
CY207731.1	475	1432	0	1	1	1432
CY207731.1	476	1683	0	1	1	1683
CY207731.1	476	1702	0	1	1	1702
CY207731.1	477	873	0	1	1	873
CY207731.1	477	985	1	0	1	477
CY207731.1	489	778	0	1	1	778
CY207731.1	489	978	0	1	1	978
CY207731.1	511	1023	1	0	1	511
CY207731.1	516	1585	0	1	1	1585
CY207731.1	521	1381	1	0	1	521
CY207731.1	521	862	0	1	1	862
CY207731.1	528	1197	1	0	1	528
CY207731.1	553	810	1	0	1	553
CY207731.1	561	1018	1	0	1	561
CY207731.1	565	1641	2	1	3	565
CY207731.1	568	1204	1	0	1	568
CY207731.1	569	1047	0	1	1	1047
CY207731.1	574	958	1	0	1	574
CY207731.1	576	772	1	0	1	576
CY207731.1	578	1659	0	1	1	1659
CY207731.1	615	891	1	0	1	615
CY207731.1	656	1514	1	0	1	656
CY207731.1	676	1675	0	1	1	1675
CY207731.1	695	1750	1	0	1	695
CY207731.1	743	1206	1	0	1	743
CY207731.1	747	909	0	1	1	909
CY207731.1	792	1013	1	0	1	792
CY207731.1	797	1153	0	1	1	1153
CY207731.1	802	1104	0	1	1	1104
CY207731.1	805	1379	0	1	1	1379
CY207731.1	819	1394	0	1	1	1394
CY207731.1	835	1795	1	0	1	835
CY207731.1	847	1000	1	0	1	847
CY207731.1	871	1653	0	1	1	1653
CY207731.1	887	1151	1	0	1	887
CY207731.1	887	1297	1	0	1	887
CY207731.1	917	999	0	1	1	999
CY207731.1	918	1715	1	0	1	918
CY207731.1	938	1838	1	0	1	938
CY207731.1	948	1804	1	0	1	948
CY207731.1	970	1023	0	1	1	1023
CY207731.1	984	1164	1	0	1	984
CY207731.1	984	1350	0	1	1	1350
CY207731.1	997	1402	0	1	1	1402
CY207732.1	1010	1159	0	1	1	1159
CY207732.1	251	694	1	0	1	251
CY207732.1	268	550	1	0	1	268
CY207732.1	268	897	1	0	1	268
CY207732.1	275	848	4	0	4	275
CY207732.1	275	850	1	0	1	275
CY207732.1	286	980	1	0	1	286
CY207732.1	287	997	1	0	1	287
CY207732.1	290	424	1	0	1	290
CY207732.1	299	936	0	1	1	936
CY207732.1	308	555	1	0	1	308
CY207732.1	310	765	1	0	1	310
CY207732.1	311	857	1	0	1	311
CY207732.1	311	965	1	0	1	311
CY207732.1	316	1048	0	1	1	1048
CY207732.1	317	964	0	1	1	964
CY207732.1	347	573	1	1	2	347
CY207732.1	350	846	0	1	1	846
CY207732.1	355	850	0	1	1	850
CY207732.1	357	761	0	2	2	761
CY207732.1	366	859	0	1	1	859
CY207732.1	368	685	0	1	1	685
CY207732.1	369	938	1	0	1	369
CY207732.1	370	498	0	1	1	498
CY207732.1	370	612	1	0	1	370
CY207732.1	382	890	0	1	1	890
CY207732.1	392	1144	0	1	1	1144
CY207732.1	396	1013	0	1	1	1013
CY207732.1	396	709	0	1	1	709
CY207732.1	397	978	0	1	1	978
CY207732.1	402	899	1	0	1	402
CY207732.1	415	799	0	1	1	799
CY207732.1	418	938	0	1	1	938
CY207732.1	419	706	1	0	1	419
CY207732.1	430	899	1	0	1	430
CY207732.1	434	769	0	1	1	769
CY207732.1	435	679	0	1	1	679
CY207732.1	438	814	0	1	1	814
CY207732.1	440	804	0	1	1	804
CY207732.1	442	903	0	1	1	903
CY207732.1	444	705	0	1	1	705
CY207732.1	444	867	1	0	1	444
CY207732.1	445	815	0	1	1	815
CY207732.1	445	863	1	1	2	445
CY207732.1	447	821	0	1	1	821
CY207732.1	447	894	0	1	1	894
CY207732.1	452	799	1	0	1	452
CY207732.1	455	934	0	1	1	934
CY207732.1	461	820	0	1	1	820
CY207732.1	476	869	1	0	1	476
CY207732.1	477	921	0	1	1	921
CY207732.1	479	538	1	0	1	479
CY207732.1	481	968	0	1	1	968
CY207732.1	482	555	1	0	1	482
CY207732.1	483	554	1	0	1	483
CY207732.1	490	738	0	1	1	738
CY207732.1	499	747	1	0	1	499
CY207732.1	509	680	0	1	1	680
CY207732.1	511	600	0	1	1	600
CY207732.1	523	1031	0	1	1	1031
CY207732.1	524	624	1	0	1	524
CY207732.1	529	593	1	0	1	529
CY207732.1	536	879	1	0	1	536
CY207732.1	540	835	3	3	6	540
CY207732.1	548	981	1	0	1	548
CY207732.1	556	918	1	0	1	556
CY207732.1	557	849	0	1	1	849
CY207732.1	561	936	0	1	1	936
CY207732.1	566	824	0	1	1	824
CY207732.1	573	836	1	0	1	573
CY207732.1	584	687	0	1	1	687
CY207732.1	589	668	0	1	1	668
CY207732.1	589	862	0	2	2	862
CY207732.1	593	1023	1	0	1	593
CY207732.1	595	996	1	0	1	595
CY207732.1	604	949	1	0	1	604
CY207732.1	607	1062	1	0	1	607
CY207732.1	607	711	0	1	1	711
CY207732.1	622	710	1	0	1	622
CY207732.1	628	999	1	0	1	628
CY207732.1	632	946	1	0	1	632
CY207732.1	679	815	1	0	1	679
CY207732.1	681	964	1	0	1	681
CY207732.1	690	974	0	1	1	974
CY207732.1	700	846	0	1	1	846
CY207732.1	704	726	0	1	1	726
CY207732.1	715	965	1	0	1	715
CY207732.1	718	860	1	0	1	718
CY207732.1	718	959	0	1	1	959
CY207732.1	720	937	0	1	1	937
CY207732.1	753	983	1	0	1	753
CY207732.1	772	1021	1	0	1	772
CY207732.1	783	839	1	0	1	783
CY207732.1	788	1038	1	0	1	788
CY207732.1	790	833	1	1	2	790
CY207732.1	790	863	1	0	1	790
CY207732.1	817	866	1	0	1	817
CY207732.1	819	1004	0	1	1	1004
CY207732.1	854	936	0	1	1	936
CY207732.1	860	941	1	0	1	860
CY207732.1	880	1062	1	0	1	880
CY207732.1	881	1012	2	2	4	881
CY207732.1	882	1041	1	0	1	882
CY207732.1	886	1059	0	1	1	1059
CY207732.1	911	973	1	0	1	911
CY207732.1	933	1019	1	0	1	933
CY207732.1	943	1175	0	1	1	1175
CY207732.1	951	1002	1	1	2	951
CY207732.1	958	1032	0	1	1	1032
CY207733.1	1055	1338	1	0	1	1055
CY207733.1	1120	1571	0	1	1	1571
CY207733.1	1238	1493	1	0	1	1238
CY207733.1	1240	1355	1	0	1	1240
CY207733.1	1247	1298	0	1	1	1298
CY207733.1	1258	1398	1	0	1	1258
CY207733.1	1267	1299	1	0	1	1267
CY207733.1	1330	1472	1	0	1	1330
CY207733.1	1399	1430	0	1	1	1430
CY207733.1	1426	1594	0	1	1	1594
CY207733.1	1507	1563	0	1	1	1563
CY207733.1	240	1537	1	0	1	240
CY207733.1	242	1435	1	0	1	242
CY207733.1	245	1229	1	0	1	245
CY207733.1	254	701	1	0	1	254
CY207733.1	256	1402	1	0	1	256
CY207733.1	271	1376	5	0	5	271
CY207733.1	273	1311	1	0	1	273
CY207733.1	285	1365	1	0	1	285
CY207733.1	326	1295	0	1	1	1295
CY207733.1	329	1418	0	2	2	1418
CY207733.1	333	1240	1	0	1	333
CY207733.1	355	1458	1	0	1	355
CY207733.1	380	1433	1	0	1	380
CY207733.1	384	973	0	1	1	973
CY207733.1	401	638	0	1	1	638
CY207733.1	402	443	0	1	1	443
CY207733.1	449	1295	1	0	1	449
CY207733.1	462	1522	0	1	1	1522
CY207733.1	484	1204	0	1	1	1204
CY207733.1	555	764	1	0	1	555
CY207733.1	655	1082	1	0	1	655
CY207733.1	678	749	1	0	1	678
CY207733.1	698	1302	1	0	1	698
CY207733.1	732	1049	1	0	1	732
CY207733.1	738	1463	1	0	1	738
CY207733.1	777	1157	1	0	1	777
CY207733.1	809	1240	1	0	1	809
CY207733.1	882	1166	0	1	1	1166
CY207733.1	941	1595	0	1	1	1595
CY207733.1	958	1198	0	1	1	1198
CY207733.1	988	1173	0	1	1	1173
CY207734.1	1012	1084	0	1	1	1084
CY207734.1	1044	1647	0	1	1	1647
CY207734.1	1061	1235	0	1	1	1235
CY207734.1	1108	1269	1	0	1	1108
CY207734.1	1192	1558	0	1	1	1558
CY207734.1	1205	1520	0	1	1	1520
CY207734.1	1209	1283	1	0	1	1209
CY207734.1	1249	1419	1	0	1	1249
CY207734.1	1435	1512	0	1	1	1512
CY207734.1	1442	1566	0	1	1	1566
CY207734.1	1446	1496	1	0	1	1446
CY207734.1	1453	1606	0	1	1	1606
CY207734.1	1476	1560	1	0	1	1476
CY207734.1	1543	1592	1	0	1	1543
CY207734.1	1562	1686	0	1	1	1686
CY207734.1	243	594	0	1	1	594
CY207734.1	251	733	1	0	1	251
CY207734.1	258	363	1	0	1	258
CY207734.1	274	1492	1	0	1	274
CY207734.1	277	1587	1	0	1	277
CY207734.1	282	817	1	0	1	282
CY207734.1	305	756	1	0	1	305
CY207734.1	310	1565	1	0	1	310
CY207734.1	324	1241	1	0	1	324
CY207734.1	353	1627	0	1	1	1627
CY207734.1	360	1539	0	1	1	1539
CY207734.1	365	1126	0	1	1	1126
CY207734.1	366	778	0	1	1	778
CY207734.1	381	1519	0	1	1	1519
CY207734.1	397	799	1	0	1	397
CY207734.1	401	822	0	1	1	822
CY207734.1	418	1405	1	2	3	418
CY207734.1	425	1223	0	1	1	1223
CY207734.1	442	1120	0	1	1	1120
CY207734.1	442	1469	0	1	1	1469
CY207734.1	442	644	1	0	1	442
CY207734.1	447	1468	1	0	1	447
CY207734.1	448	1379	0	1	1	1379
CY207734.1	453	1404	0	1	1	1404
CY207734.1	463	1393	1	0	1	463
CY207734.1	464	1394	1	0	1	464
CY207734.1	470	1431	1	0	1	470
CY207734.1	474	1473	0	1	1	1473
CY207734.1	477	884	0	1	1	884
CY207734.1	498	958	1	0	1	498
CY207734.1	507	1673	0	1	1	1673
CY207734.1	510	533	0	1	1	533
CY207734.1	513	1491	1	0	1	513
CY207734.1	521	841	2	1	3	521
CY207734.1	522	1695	0	1	1	1695
CY207734.1	533	1182	1	0	1	533
CY207734.1	534	1421	1	0	1	534
CY207734.1	536	617	1	0	1	536
CY207734.1	540	916	0	1	1	916
CY207734.1	550	1049	1	0	1	550
CY207734.1	552	1147	0	1	1	1147
CY207734.1	561	1388	1	0	1	561
CY207734.1	562	1561	1	0	1	562
CY207734.1	574	906	0	1	1	906
CY207734.1	589	1334	0	1	1	1334
CY207734.1	600	1450	0	1	1	1450
CY207734.1	625	874	0	1	1	874
CY207734.1	626	1497	1	0	1	626
CY207734.1	637	832	1	0	1	637
CY207734.1	654	1147	1	0	1	654
CY207734.1	657	839	0	1	1	839
CY207734.1	663	1019	1	0	1	663
CY207734.1	664	725	0	1	1	725
CY207734.1	669	807	0	1	1	807
CY207734.1	678	744	0	1	1	744
CY207734.1	703	1379	1	0	1	703
CY207734.1	732	1466	0	1	1	1466
CY207734.1	733	1249	1	0	1	733
CY207734.1	738	1481	1	0	1	738
CY207734.1	741	878	0	1	1	878
CY207734.1	744	1523	1	0	1	744
CY207734.1	768	931	0	1	1	931
CY207734.1	795	1146	0	1	1	1146
CY207734.1	798	835	0	1	1	835
CY207734.1	808	1088	1	0	1	808
CY207734.1	810	958	1	0	1	810
CY207734.1	814	1275	0	1	1	1275
CY207734.1	819	1536	1	0	1	819
CY207734.1	826	1504	1	0	1	826
CY207734.1	841	1310	0	1	1	1310
CY207734.1	868	1228	1	0	1	868
CY207734.1	879	940	1	0	1	879
CY207734.1	893	1193	0	1	1	1193
CY207734.1	894	1147	0	1	1	1147
CY207734.1	906	955	1	0	1	906
CY207734.1	913	1618	1	0	1	913
CY207734.1	932	1149	1	0	1	932
CY207734.1	983	1111	0	1	1	1111
CY207735.1	1008	1036	0	1	1	1036
CY207735.1	272	964	1	0	1	272
CY207735.1	283	948	1	0	1	283
CY207735.1	284	979	1	0	1	284
CY207735.1	285	957	1	0	1	285
CY207735.1	289	1013	1	0	1	289
CY207735.1	342	576	1	1	2	342
CY207735.1	350	845	0	1	1	845
CY207735.1	367	1004	0	1	1	1004
CY207735.1	384	865	0	1	1	865
CY207735.1	452	818	0	1	1	818
CY207735.1	488	912	0	1	1	912
CY207735.1	499	729	1	0	1	499
CY207735.1	511	740	16	25	41	511
CY207735.1	519	746	0	1	1	746
CY207735.1	564	859	0	1	1	859
CY207735.1	594	856	1	0	1	594
CY207735.1	598	835	1	0	1	598
CY207735.1	628	815	1	0	1	628
CY207735.1	875	897	0	1	1	897
CY207735.1	930	1003	0	1	1	1003
CY207736.1	1010	2245	0	1	1	2245
CY207736.1	1033	2353	0	2	2	2353
CY207736.1	1067	2043	0	1	1	2043
CY207736.1	1073	1860	0	1	1	1860
CY207736.1	1085	2059	1	0	1	1085
CY207736.1	1092	2060	0	1	1	2060
CY207736.1	1092	2294	1	0	1	1092
CY207736.1	1122	1621	0	1	1	1621
CY207736.1	1123	1555	1	0	1	1123
CY207736.1	1134	2099	1	0	1	1134
CY207736.1	1146	1520	1	0	1	1146
CY207736.1	1234	1290	0	1	1	1290
CY207736.1	1234	2021	0	1	1	2021
CY207736.1	1258	1647	1	2	3	1258
CY207736.1	1261	2137	0	1	1	2137
CY207736.1	1264	1712	1	0	1	1264
CY207736.1	1279	2282	1	0	1	1279
CY207736.1	1308	1962	0	1	1	1962
CY207736.1	1357	1801	1	0	1	1357
CY207736.1	1370	1784	0	1	1	1784
CY207736.1	1485	2131	0	1	1	2131
CY207736.1	1497	2251	0	1	1	2251
CY207736.1	1503	1950	0	1	1	1950
CY207736.1	1544	2007	0	1	1	2007
CY207736.1	1545	1756	1	0	1	1545
CY207736.1	1549	1692	1	0	1	1549
CY207736.1	1566	1995	1	1	2	1566
CY207736.1	1594	2259	0	1	1	2259
CY207736.1	1612	2263	0	1	1	2263
CY207736.1	1653	1960	0	1	1	1960
CY207736.1	1666	1975	1	0	1	1666
CY207736.1	1690	2203	0	1	1	2203
CY207736.1	1913	2130	0	1	1	2130
CY207736.1	1957	2034	1	0	1	1957
CY207736.1	1994	2032	1	0	1	1994
CY207736.1	2059	2133	1	0	1	2059
CY207736.1	2108	2190	0	1	1	2190
CY207736.1	2129	2155	1	0	1	2129
CY207736.1	2221	2350	0	1	1	2350
CY207736.1	253	2215	1	0	1	253
CY207736.1	269	2144	1	0	1	269
CY207736.1	282	1398	4	0	4	282
CY207736.1	289	2239	3	0	3	289
CY207736.1	293	362	1	1	2	293
CY207736.1	308	1369	1	0	1	308
CY207736.1	321	2149	0	1	1	2149
CY207736.1	327	2247	0	1	1	2247
CY207736.1	333	2122	0	1	1	2122
CY207736.1	334	2153	1	0	1	334
CY207736.1	334	2238	0	1	1	2238
CY207736.1	358	2151	1	2	3	358
CY207736.1	361	2144	0	1	1	2144
CY207736.1	367	2207	0	1	1	2207
CY207736.1	368	2134	0	1	1	2134
CY207736.1	370	1471	1	0	1	370
CY207736.1	370	1704	1	0	1	370
CY207736.1	382	1639	1	0	1	382
CY207736.1	383	1734	0	1	1	1734
CY207736.1	385	2184	0	1	1	2184
CY207736.1	388	2089	0	1	1	2089
CY207736.1	392	2241	1	0	1	392
CY207736.1	400	1785	0	1	1	1785
CY207736.1	402	428	0	1	1	428
CY207736.1	403	426	1	0	1	403
CY207736.1	403	455	0	1	1	455
CY207736.1	405	2144	0	3	3	2144
CY207736.1	405	2282	0	4	4	2282
CY207736.1	406	2148	0	1	1	2148
CY207736.1	406	2156	1	4	5	406
CY207736.1	407	468	1	0	1	407
CY207736.1	408	2282	1	0	1	408
CY207736.1	409	2141	0	1	1	2141
CY207736.1	415	2132	0	1	1	2132
CY207736.1	415	2135	0	1	1	2135
CY207736.1	428	2042	0	1	1	2042
CY207736.1	432	1672	0	1	1	1672
CY207736.1	433	2216	1	0	1	433
CY207736.1	452	589	0	1	1	589
CY207736.1	467	2041	0	1	1	2041
CY207736.1	470	1203	1	0	1	470
CY207736.1	481	944	0	1	1	944
CY207736.1	483	2051	1	3	4	483
CY207736.1	492	2041	0	3	3	2041
CY207736.1	494	1896	1	0	1	494
CY207736.1	502	1360	0	1	1	1360
CY207736.1	504	2006	0	1	1	2006
CY207736.1	505	2146	1	0	1	505
CY207736.1	508	2136	1	0	1	508
CY207736.1	511	2172	1	0	1	511
CY207736.1	512	1941	0	1	1	1941
CY207736.1	512	2028	0	1	1	2028
CY207736.1	512	2030	1	0	1	512
CY207736.1	512	2141	1	0	1	512
CY207736.1	538	1888	1	0	1	538
CY207736.1	553	1957	1	0	1	553
CY207736.1	554	2057	1	0	1	554
CY207736.1	555	1895	1	0	1	555
CY207736.1	561	2028	0	2	2	2028
CY207736.1	564	2035	0	2	2	2035
CY207736.1	564	596	1	1	2	564
CY207736.1	584	1961	1	0	1	584
CY207736.1	587	1928	1	0	1	587
CY207736.1	590	1345	0	1	1	1345
CY207736.1	590	1895	1	0	1	590
CY207736.1	592	785	0	1	1	785
CY207736.1	596	2002	1	0	1	596
CY207736.1	598	904	0	1	1	904
CY207736.1	600	1166	0	1	1	1166
CY207736.1	610	2006	1	0	1	610
CY207736.1	612	1935	0	1	1	1935
CY207736.1	613	1009	0	1	1	1009
CY207736.1	617	1904	1	0	1	617
CY207736.1	632	1055	0	1	1	1055
CY207736.1	634	710	0	1	1	710
CY207736.1	636	1872	1	0	1	636
CY207736.1	640	1887	2	0	2	640
CY207736.1	641	1013	1	0	1	641
CY207736.1	648	985	0	1	1	985
CY207736.1	650	1869	1	0	1	650
CY207736.1	666	1002	1	1	2	666
CY207736.1	667	700	1	0	1	667
CY207736.1	673	1870	0	1	1	1870
CY207736.1	673	1987	1	0	1	673
CY207736.1	677	1614	0	1	1	1614
CY207736.1	678	1955	2	1	3	678
CY207736.1	680	1753	1	0	1	680
CY207736.1	684	1839	0	1	1	1839
CY207736.1	686	1952	1	0	1	686
CY207736.1	692	1832	0	1	1	1832
CY207736.1	699	1995	2	0	2	699
CY207736.1	723	1994	1	1	2	723
CY207736.1	724	1995	1	0	1	724
CY207736.1	727	2105	1	0	1	727
CY207736.1	767	1952	0	2	2	1952
CY207736.1	769	869	1	0	1	769
CY207736.1	771	872	0	1	1	872
CY207736.1	773	1663	1	0	1	773
CY207736.1	777	1569	1	0	1	777
CY207736.1	777	1919	0	1	1	1919
CY207736.1	783	1839	1	0	1	783
CY207736.1	807	2203	0	1	1	2203
CY207736.1	844	1862	1	0	1	844
CY207736.1	873	983	0	1	1	983
CY207736.1	876	2130	1	0	1	876
CY207736.1	890	2349	0	1	1	2349
CY207736.1	914	1166	1	0	1	914
CY207736.1	921	1468	1	0	1	921
CY207736.1	949	2000	1	0	1	949
CY207736.1	985	2217	1	0	1	985
CY207736.1	995	1141	0	1	1	1141
CY207737.1	1029	1448	0	1	1	1448
CY207737.1	1043	1443	0	1	1	1443
CY207737.1	1095	2008	0	1	1	2008
CY207737.1	1262	2272	1	0	1	1262
CY207737.1	1280	1441	1	0	1	1280
CY207737.1	1306	2043	1	0	1	1306
CY207737.1	1333	1896	1	0	1	1333
CY207737.1	1360	1926	1	0	1	1360
CY207737.1	1391	2195	1	0	1	1391
CY207737.1	1446	2196	1	0	1	1446
CY207737.1	1476	2302	1	0	1	1476
CY207737.1	1530	1683	0	1	1	1683
CY207737.1	1593	2263	0	1	1	2263
CY207737.1	1685	1916	0	1	1	1916
CY207737.1	1724	2313	0	1	1	2313
CY207737.1	1882	2233	0	1	1	2233
CY207737.1	1929	2323	1	0	1	1929
CY207737.1	1984	2150	0	1	1	2150
CY207737.1	2061	2242	1	0	1	2061
CY207737.1	2081	2391	0	1	1	2391
CY207737.1	2180	2223	1	0	1	2180
CY207737.1	2322	2380	0	1	1	2380
CY207737.1	238	2094	2	0	2	238
CY207737.1	238	262	2	0	2	238
CY207737.1	238	263	1	0	1	238
CY207737.1	2413	2450	1	2	3	2413
CY207737.1	241	294	2	0	2	241
CY207737.1	2428	2450	1	0	1	2428
CY207737.1	246	2345	1	0	1	246
CY207737.1	247	2287	1	0	1	247
CY207737.1	247	289	1	0	1	247
CY207737.1	248	273	1	0	1	248
CY207737.1	289	2449	1	2	3	289
CY207737.1	306	2424	1	0	1	306
CY207737.1	327	2303	1	0	1	327
CY207737.1	332	2249	2	0	2	332
CY207737.1	351	2291	1	0	1	351
CY207737.1	352	2312	0	1	1	2312
CY207737.1	362	2281	1	0	1	362
CY207737.1	371	2243	2	0	2	371
CY207737.1	390	2256	1	0	1	390
CY207737.1	392	2287	1	0	1	392
CY207737.1	392	2451	0	1	1	2451
CY207737.1	404	2092	1	0	1	404
CY207737.1	446	2191	1	0	1	446
CY207737.1	446	2226	2	0	2	446
CY207737.1	457	2204	0	2	2	2204
CY207737.1	472	514	0	2	2	514
CY207737.1	475	568	0	1	1	568
CY207737.1	490	2165	3	0	3	490
CY207737.1	492	2208	0	1	1	2208
CY207737.1	493	2303	0	1	1	2303
CY207737.1	499	1805	1	0	1	499
CY207737.1	514	1062	0	1	1	1062
CY207737.1	517	2094	0	1	1	2094
CY207737.1	549	1023	1	0	1	549
CY207737.1	549	2324	1	0	1	549
CY207737.1	551	1645	0	1	1	1645
CY207737.1	566	2094	0	1	1	2094
CY207737.1	603	2094	0	1	1	2094
CY207737.1	622	1678	1	0	1	622
CY207737.1	626	2232	1	1	2	626
CY207737.1	630	1207	0	1	1	1207
CY207737.1	686	951	1	0	1	686
CY207737.1	699	2305	1	0	1	699
CY207737.1	738	1889	0	1	1	1889
CY207737.1	769	2376	1	0	1	769
CY207737.1	807	1852	0	1	1	1852
CY207737.1	808	963	0	1	1	963
CY207737.1	865	1817	1	0	1	865
CY207737.1	867	1728	1	0	1	867
CY207737.1	956	2172	0	1	1	2172
CY207738.1	1046	2161	0	1	1	2161
CY207738.1	1054	1243	1	0	1	1054
CY207738.1	1062	2248	3	0	3	1062
CY207738.1	1076	1960	0	1	1	1960
CY207738.1	1082	2271	0	1	1	2271
CY207738.1	1105	1136	1	0	1	1105
CY207738.1	1125	2016	0	1	1	2016
CY207738.1	1151	1749	1	0	1	1151
CY207738.1	1159	2470	0	1	1	2470
CY207738.1	1185	1975	0	1	1	1975
CY207738.1	1192	2456	0	1	1	2456
CY207738.1	1200	2006	0	1	1	2006
CY207738.1	1201	2433	0	1	1	2433
CY207738.1	1207	1700	1	0	1	1207
CY207738.1	1221	2152	1	0	1	1221
CY207738.1	1323	1880	1	0	1	1323
CY207738.1	1323	1977	0	1	1	1977
CY207738.1	1333	1496	1	0	1	1333
CY207738.1	1341	2000	0	1	1	2000
CY207738.1	1342	2315	1	0	1	1342
CY207738.1	1492	2136	0	1	1	2136
CY207738.1	1503	1644	1	0	1	1503
CY207738.1	1531	2020	0	1	1	2020
CY207738.1	1546	1597	0	1	1	1597
CY207738.1	1546	1980	0	1	1	1980
CY207738.1	1602	1754	0	1	1	1754
CY207738.1	1749	2154	1	0	1	1749
CY207738.1	1842	2359	0	1	1	2359
CY207738.1	1920	2263	0	1	1	2263
CY207738.1	1974	2018	0	1	1	2018
CY207738.1	2081	2176	0	1	1	2176
CY207738.1	2371	2402	0	1	1	2402
CY207738.1	263	1237	1	0	1	263
CY207738.1	265	1977	1	0	1	265
CY207738.1	277	801	1	0	1	277
CY207738.1	280	1407	1	0	1	280
CY207738.1	281	1341	1	0	1	281
CY207738.1	284	1996	1	0	1	284
CY207738.1	286	2359	1	0	1	286
CY207738.1	287	2030	1	0	1	287
CY207738.1	288	407	1	0	1	288
CY207738.1	341	2450	0	1	1	2450
CY207738.1	353	1032	0	1	1	1032
CY207738.1	356	1058	0	1	1	1058
CY207738.1	366	2299	1	2	3	366
CY207738.1	367	2333	0	1	1	2333
CY207738.1	372	2379	0	1	1	2379
CY207738.1	378	2312	0	1	1	2312
CY207738.1	393	528	0	1	1	528
CY207738.1	412	2323	3	1	4	412
CY207738.1	414	454	1	4	5	414
CY207738.1	419	2247	1	1	2	419
CY207738.1	422	498	1	0	1	422
CY207738.1	425	1752	0	1	1	1752
CY207738.1	426	1807	0	1	1	1807
CY207738.1	435	2169	1	5	6	435
CY207738.1	456	2236	0	1	1	2236
CY207738.1	456	943	0	1	1	943
CY207738.1	471	1706	0	1	1	1706
CY207738.1	471	2148	1	1	2	471
CY207738.1	487	2118	0	1	1	2118
CY207738.1	490	735	0	1	1	735
CY207738.1	495	2170	1	2	3	495
CY207738.1	511	2178	0	5	5	2178
CY207738.1	516	1466	0	1	1	1466
CY207738.1	525	2215	0	1	1	2215
CY207738.1	539	1512	0	1	1	1512
CY207738.1	546	1610	1	0	1	546
CY207738.1	612	2110	1	0	1	612
CY207738.1	615	1930	1	0	1	615
CY207738.1	615	2181	1	0	1	615
CY207738.1	616	2186	0	1	1	2186
CY207738.1	640	902	0	1	1	902
CY207738.1	671	2046	0	1	1	2046
CY207738.1	686	1818	0	1	1	1818
CY207738.1	723	1519	1	0	1	723
CY207738.1	729	1662	1	0	1	729
CY207738.1	735	1871	0	1	1	1871
CY207738.1	764	1878	0	1	1	1878
CY207738.1	771	1322	1	0	1	771
CY207738.1	805	1460	0	1	1	1460
CY207738.1	843	1762	1	0	1	843
CY207738.1	848	1846	1	0	1	848
CY207738.1	856	1066	0	1	1	1066
CY207738.1	896	1101	0	1	1	1101
CY207738.1	906	1125	1	0	1	906
CY207738.1	920	2490	0	1	1	2490
CY207738.1	924	2060	1	0	1	924
CY207738.1	986	1832	1	0	1	986
