Segment	Start	Stop	Forward_support	Reverse_support	Total_support	Fuzz_factor
CY207731.1	1024	1647	1	0	1	1024
CY207731.1	1053	1594	0	1	1	1594
CY207731.1	1067	1259	0	1	1	1259
CY207731.1	1086	1784	0	1	1	1784
CY207731.1	1130	1815	1	0	1	1130
CY207731.1	1140	1719	1	0	1	1140
CY207731.1	1148	1820	0	1	1	1820
CY207731.1	1166	1564	0	1	1	1564
CY207731.1	1169	1385	0	1	1	1385
CY207731.1	1183	1635	0	1	1	1635
CY207731.1	1185	1648	1	0	1	1185
CY207731.1	1247	1408	0	1	1	1408
CY207731.1	1261	1485	1	0	1	1261
CY207731.1	1263	1514	1	0	1	1263
CY207731.1	1299	1802	0	1	1	1802
CY207731.1	1324	1428	1	0	1	1324
CY207731.1	1354	1535	1	0	1	1354
CY207731.1	1361	1806	0	1	1	1806
CY207731.1	1416	1540	1	0	1	1416
CY207731.1	1551	1774	0	1	1	1774
CY207731.1	1574	1762	0	1	1	1762
CY207731.1	1644	1711	1	0	1	1644
CY207731.1	1701	1802	0	1	1	1802
CY207731.1	1712	1766	1	0	1	1712
CY207731.1	245	1308	1	0	1	245
CY207731.1	253	1347	1	0	1	253
CY207731.1	268	1223	1	0	1	268
CY207731.1	280	1346	1	0	1	280
CY207731.1	289	1064	1	0	1	289
CY207731.1	289	364	1	0	1	289
CY207731.1	289	527	1	0	1	289
CY207731.1	290	1291	1	0	1	290
CY207731.1	298	1365	0	1	1	1365
CY207731.1	322	530	0	1	1	530
CY207731.1	329	1278	0	1	1	1278
CY207731.1	330	1250	1	0	1	330
CY207731.1	351	1752	1	0	1	351
CY207731.1	355	974	1	0	1	355
CY207731.1	369	1835	1	0	1	369
CY207731.1	381	565	1	0	1	381
CY207731.1	385	1258	1	0	1	385
CY207731.1	394	658	0	1	1	658
CY207731.1	396	1617	0	1	1	1617
CY207731.1	401	1673	0	1	1	1673
CY207731.1	402	1448	0	1	1	1448
CY207731.1	404	1020	1	0	1	404
CY207731.1	405	1683	1	0	1	405
CY207731.1	406	1373	0	1	1	1373
CY207731.1	421	1712	0	1	1	1712
CY207731.1	421	655	0	1	1	655
CY207731.1	431	1893	0	1	1	1893
CY207731.1	432	1455	0	1	1	1455
CY207731.1	435	1523	0	1	1	1523
CY207731.1	439	1040	0	1	1	1040
CY207731.1	448	1460	0	1	1	1460
CY207731.1	454	1219	0	1	1	1219
CY207731.1	454	546	0	1	1	546
CY207731.1	460	1397	1	0	1	460
CY207731.1	464	647	1	0	1	464
CY207731.1	477	1155	1	0	1	477
CY207731.1	489	1166	0	1	1	1166
CY207731.1	489	978	0	1	1	978
CY207731.1	490	1411	0	1	1	1411
CY207731.1	492	1308	0	1	1	1308
CY207731.1	492	1642	1	0	1	492
CY207731.1	506	824	0	1	1	824
CY207731.1	509	1749	0	1	1	1749
CY207731.1	509	571	0	1	1	571
CY207731.1	509	665	1	0	1	509
CY207731.1	514	756	1	0	1	514
CY207731.1	527	1511	0	1	1	1511
CY207731.1	527	1727	1	0	1	527
CY207731.1	541	1192	0	1	1	1192
CY207731.1	541	1892	0	1	1	1892
CY207731.1	549	1761	0	1	1	1761
CY207731.1	562	1403	0	1	1	1403
CY207731.1	571	1380	1	0	1	571
CY207731.1	576	642	1	0	1	576
CY207731.1	589	712	0	1	1	712
CY207731.1	593	627	0	1	1	627
CY207731.1	602	1118	1	0	1	602
CY207731.1	608	1574	0	1	1	1574
CY207731.1	630	767	0	1	1	767
CY207731.1	633	1094	1	0	1	633
CY207731.1	642	1794	1	0	1	642
CY207731.1	646	1359	1	0	1	646
CY207731.1	656	1392	1	0	1	656
CY207731.1	685	1261	1	0	1	685
CY207731.1	693	1265	1	0	1	693
CY207731.1	698	1668	1	0	1	698
CY207731.1	738	1365	0	1	1	1365
CY207731.1	755	1067	1	0	1	755
CY207731.1	776	1412	1	0	1	776
CY207731.1	810	1750	1	0	1	810
CY207731.1	822	1148	0	1	1	1148
CY207731.1	825	1704	1	0	1	825
CY207731.1	835	1554	0	1	1	1554
CY207731.1	835	1735	1	0	1	835
CY207731.1	867	1620	0	1	1	1620
CY207731.1	872	918	1	0	1	872
CY207731.1	874	1197	0	1	1	1197
CY207731.1	885	1069	0	1	1	1069
CY207731.1	896	1152	1	0	1	896
CY207731.1	901	1711	0	1	1	1711
CY207731.1	904	1658	1	0	1	904
CY207731.1	915	1186	1	0	1	915
CY207731.1	918	1057	1	0	1	918
CY207731.1	934	1550	0	1	1	1550
CY207731.1	947	1044	0	1	1	1044
CY207731.1	950	1785	1	0	1	950
CY207731.1	960	1748	1	0	1	960
CY207731.1	969	1637	1	0	1	969
CY207731.1	974	1912	0	1	1	1912
CY207732.1	1053	1156	0	1	1	1156
CY207732.1	262	720	1	0	1	262
CY207732.1	266	541	0	1	1	541
CY207732.1	272	1073	1	0	1	272
CY207732.1	273	972	1	0	1	273
CY207732.1	321	493	0	1	1	493
CY207732.1	322	892	1	0	1	322
CY207732.1	356	1008	0	1	1	1008
CY207732.1	357	415	0	1	1	415
CY207732.1	358	914	1	0	1	358
CY207732.1	374	672	1	0	1	374
CY207732.1	392	843	0	1	1	843
CY207732.1	392	905	0	1	1	905
CY207732.1	402	938	0	1	1	938
CY207732.1	403	628	0	1	1	628
CY207732.1	404	1133	0	1	1	1133
CY207732.1	407	824	0	1	1	824
CY207732.1	428	916	1	0	1	428
CY207732.1	429	719	1	0	1	429
CY207732.1	429	726	0	1	1	726
CY207732.1	434	889	1	0	1	434
CY207732.1	435	1057	1	0	1	435
CY207732.1	435	782	0	1	1	782
CY207732.1	440	488	0	1	1	488
CY207732.1	442	554	0	1	1	554
CY207732.1	443	918	0	1	1	918
CY207732.1	444	671	0	1	1	671
CY207732.1	445	991	0	1	1	991
CY207732.1	449	959	0	1	1	959
CY207732.1	455	902	0	1	1	902
CY207732.1	457	497	0	1	1	497
CY207732.1	457	912	1	0	1	457
CY207732.1	458	718	1	0	1	458
CY207732.1	459	519	0	1	1	519
CY207732.1	460	729	0	1	1	729
CY207732.1	461	727	0	1	1	727
CY207732.1	462	897	1	0	1	462
CY207732.1	462	936	0	1	1	936
CY207732.1	473	1064	1	0	1	473
CY207732.1	478	502	1	0	1	478
CY207732.1	478	522	0	1	1	522
CY207732.1	479	790	0	1	1	790
CY207732.1	483	532	1	0	1	483
CY207732.1	483	665	0	1	1	665
CY207732.1	487	1036	0	1	1	1036
CY207732.1	487	1141	0	1	1	1141
CY207732.1	523	838	0	1	1	838
CY207732.1	532	587	0	1	1	587
CY207732.1	535	778	1	0	1	535
CY207732.1	536	988	0	1	1	988
CY207732.1	538	726	1	0	1	538
CY207732.1	538	872	1	0	1	538
CY207732.1	541	644	0	1	1	644
CY207732.1	543	860	0	1	1	860
CY207732.1	550	826	1	0	1	550
CY207732.1	556	1014	0	1	1	1014
CY207732.1	558	751	1	0	1	558
CY207732.1	600	679	0	1	1	679
CY207732.1	608	1039	1	0	1	608
CY207732.1	608	1095	1	0	1	608
CY207732.1	610	900	0	1	1	900
CY207732.1	610	965	1	0	1	610
CY207732.1	622	821	0	1	1	821
CY207732.1	629	962	0	1	1	962
CY207732.1	629	989	0	1	1	989
CY207732.1	641	1083	1	0	1	641
CY207732.1	646	950	0	1	1	950
CY207732.1	656	1150	0	1	1	1150
CY207732.1	660	979	1	0	1	660
CY207732.1	671	936	1	0	1	671
CY207732.1	672	863	0	1	1	863
CY207732.1	674	709	0	2	2	709
CY207732.1	688	866	1	0	1	688
CY207732.1	716	849	1	0	1	716
CY207732.1	716	931	1	0	1	716
CY207732.1	718	860	1	2	3	718
CY207732.1	748	815	0	1	1	815
CY207732.1	758	1079	0	1	1	1079
CY207732.1	768	923	1	0	1	768
CY207732.1	817	866	33	23	56	817
CY207732.1	830	952	1	0	1	830
CY207732.1	842	883	1	0	1	842
CY207732.1	860	998	1	0	1	860
CY207732.1	863	1008	1	0	1	863
CY207732.1	879	1002	1	0	1	879
CY207732.1	903	1061	1	0	1	903
CY207732.1	916	1016	0	1	1	1016
CY207732.1	941	1065	0	1	1	1065
CY207732.1	948	1148	0	1	1	1148
CY207732.1	973	1176	0	1	1	1176
CY207732.1	990	1028	0	1	1	1028
CY207733.1	1020	1171	14	15	29	1020
CY207733.1	1054	1329	1	0	1	1054
CY207733.1	1070	1165	1	0	1	1070
CY207733.1	1090	1184	14	19	33	1090
CY207733.1	1121	1451	1	0	1	1121
CY207733.1	1127	1261	1	0	1	1127
CY207733.1	1148	1253	1	0	1	1148
CY207733.1	1202	1294	1	0	1	1202
CY207733.1	1267	1351	1	0	1	1267
CY207733.1	1316	1367	1	0	1	1316
CY207733.1	364	978	0	1	1	978
CY207733.1	379	1217	0	1	1	1217
CY207733.1	384	1582	0	1	1	1582
CY207733.1	389	1409	1	0	1	389
CY207733.1	391	1145	0	1	1	1145
CY207733.1	396	1053	0	1	1	1053
CY207733.1	396	944	0	1	1	944
CY207733.1	404	1078	0	1	1	1078
CY207733.1	425	498	1	0	1	425
CY207733.1	454	870	0	1	1	870
CY207733.1	465	1036	0	1	1	1036
CY207733.1	547	836	0	1	1	836
CY207733.1	552	1117	1	0	1	552
CY207733.1	561	1134	1	0	1	561
CY207733.1	587	924	1	0	1	587
CY207733.1	589	722	1	0	1	589
CY207733.1	609	751	1	0	1	609
CY207733.1	646	685	0	1	1	685
CY207733.1	652	685	1	0	1	652
CY207733.1	653	791	0	1	1	791
CY207733.1	685	844	0	1	1	844
CY207733.1	738	1278	0	1	1	1278
CY207733.1	745	1165	1	0	1	745
CY207733.1	766	1048	1	0	1	766
CY207733.1	788	861	0	1	1	861
CY207733.1	796	1274	0	1	1	1274
CY207733.1	808	1458	1	0	1	808
CY207733.1	810	1203	1	0	1	810
CY207733.1	825	866	1	0	1	825
CY207733.1	832	866	1	0	1	832
CY207733.1	840	1019	1	0	1	840
CY207733.1	842	893	1	0	1	842
CY207733.1	909	1416	0	1	1	1416
CY207733.1	958	1292	0	1	1	1292
CY207733.1	988	1427	0	1	1	1427
CY207734.1	1000	1073	1	0	1	1000
CY207734.1	1011	1078	0	1	1	1078
CY207734.1	1029	1067	0	1	1	1067
CY207734.1	1046	1368	0	1	1	1368
CY207734.1	1048	1215	0	1	1	1215
CY207734.1	1116	1269	0	1	1	1269
CY207734.1	1159	1496	1	0	1	1159
CY207734.1	1262	1356	1	0	1	1262
CY207734.1	1299	1687	0	1	1	1687
CY207734.1	1340	1597	1	0	1	1340
CY207734.1	1368	1557	1	0	1	1368
CY207734.1	1391	1502	1	0	1	1391
CY207734.1	1412	1491	1	0	1	1412
CY207734.1	1439	1526	0	1	1	1526
CY207734.1	1447	1693	0	1	1	1693
CY207734.1	1469	1516	1	0	1	1469
CY207734.1	1569	1723	0	6	6	1723
CY207734.1	246	533	1	0	1	246
CY207734.1	279	691	1	0	1	279
CY207734.1	281	1356	2	0	2	281
CY207734.1	288	1367	1	0	1	288
CY207734.1	288	822	1	0	1	288
CY207734.1	374	752	1	0	1	374
CY207734.1	385	1515	0	1	1	1515
CY207734.1	387	1381	1	0	1	387
CY207734.1	390	1438	1	0	1	390
CY207734.1	394	1031	0	1	1	1031
CY207734.1	397	1087	1	0	1	397
CY207734.1	397	1200	0	1	1	1200
CY207734.1	398	1265	0	1	1	1265
CY207734.1	405	1695	0	1	1	1695
CY207734.1	406	1249	0	1	1	1249
CY207734.1	407	795	0	1	1	795
CY207734.1	420	1189	0	1	1	1189
CY207734.1	422	1185	0	1	1	1185
CY207734.1	422	1192	0	1	1	1192
CY207734.1	425	753	0	1	1	753
CY207734.1	426	1559	1	0	1	426
CY207734.1	432	950	0	1	1	950
CY207734.1	439	1066	1	0	1	439
CY207734.1	439	734	1	0	1	439
CY207734.1	442	786	0	1	1	786
CY207734.1	458	1239	1	0	1	458
CY207734.1	458	1441	0	1	1	1441
CY207734.1	460	1296	0	1	1	1296
CY207734.1	464	1389	0	1	1	1389
CY207734.1	465	544	1	0	1	465
CY207734.1	489	602	0	1	1	602
CY207734.1	507	1193	0	1	1	1193
CY207734.1	512	1083	0	1	1	1083
CY207734.1	519	864	0	1	1	864
CY207734.1	521	1167	1	0	1	521
CY207734.1	523	1167	0	1	1	1167
CY207734.1	534	1370	1	0	1	534
CY207734.1	534	1552	1	0	1	534
CY207734.1	537	1074	1	0	1	537
CY207734.1	537	1468	0	1	1	1468
CY207734.1	554	734	1	0	1	554
CY207734.1	576	828	0	1	1	828
CY207734.1	582	1570	0	1	1	1570
CY207734.1	588	1299	1	0	1	588
CY207734.1	593	1100	1	0	1	593
CY207734.1	600	1500	1	0	1	600
CY207734.1	600	781	1	0	1	600
CY207734.1	617	1427	1	0	1	617
CY207734.1	620	812	1	1	2	620
CY207734.1	625	1248	0	1	1	1248
CY207734.1	626	1030	1	0	1	626
CY207734.1	646	1153	0	1	1	1153
CY207734.1	677	1243	0	1	1	1243
CY207734.1	685	1217	0	1	1	1217
CY207734.1	685	733	1	0	1	685
CY207734.1	698	1491	0	1	1	1491
CY207734.1	725	1325	1	0	1	725
CY207734.1	732	1401	0	1	1	1401
CY207734.1	746	1112	1	0	1	746
CY207734.1	765	1084	0	1	1	1084
CY207734.1	765	1415	1	0	1	765
CY207734.1	787	1618	0	1	1	1618
CY207734.1	796	1511	1	0	1	796
CY207734.1	800	1640	0	1	1	1640
CY207734.1	810	981	1	0	1	810
CY207734.1	820	1641	0	1	1	1641
CY207734.1	822	1147	0	1	1	1147
CY207734.1	825	863	1	0	1	825
CY207734.1	830	1124	0	1	1	1124
CY207734.1	837	1107	0	1	1	1107
CY207734.1	848	1547	0	1	1	1547
CY207734.1	865	888	0	1	1	888
CY207734.1	868	1544	1	0	1	868
CY207734.1	878	1154	1	0	1	878
CY207734.1	893	1171	0	1	1	1171
CY207734.1	919	1304	0	1	1	1304
CY207734.1	928	1117	1	0	1	928
CY207734.1	984	1148	1	0	1	984
CY207734.1	989	1342	0	1	1	1342
CY207735.1	363	450	0	1	1	450
CY207735.1	418	586	0	1	1	586
CY207735.1	449	698	0	1	1	698
CY207735.1	499	729	1	0	1	499
CY207735.1	511	740	13	36	49	511
CY207735.1	535	867	0	1	1	867
CY207735.1	541	570	1	0	1	541
CY207735.1	552	677	1	0	1	552
CY207735.1	681	802	1	0	1	681
CY207735.1	724	940	0	1	1	940
CY207735.1	739	774	0	1	1	774
CY207736.1	1022	2189	1	0	1	1022
CY207736.1	1039	1086	1	0	1	1039
CY207736.1	1058	1207	1	0	1	1058
CY207736.1	1060	1490	1	0	1	1060
CY207736.1	1068	1323	0	1	1	1323
CY207736.1	1077	1438	1	0	1	1077
CY207736.1	1082	1439	0	1	1	1439
CY207736.1	1167	2185	0	1	1	2185
CY207736.1	1168	1354	0	1	1	1354
CY207736.1	1179	1343	1	0	1	1179
CY207736.1	1182	1819	1	0	1	1182
CY207736.1	1194	1456	0	1	1	1456
CY207736.1	1206	1623	0	1	1	1623
CY207736.1	1212	1712	1	0	1	1212
CY207736.1	1220	2144	0	1	1	2144
CY207736.1	1271	1782	1	0	1	1271
CY207736.1	1276	2086	0	1	1	2086
CY207736.1	1377	2146	0	1	1	2146
CY207736.1	1468	2134	0	1	1	2134
CY207736.1	1490	1760	1	0	1	1490
CY207736.1	1593	2230	1	0	1	1593
CY207736.1	1704	2013	0	1	1	2013
CY207736.1	1936	2083	1	0	1	1936
CY207736.1	1974	2285	0	1	1	2285
CY207736.1	277	1713	1	0	1	277
CY207736.1	290	1331	1	0	1	290
CY207736.1	343	1561	0	1	1	1561
CY207736.1	394	1462	1	0	1	394
CY207736.1	399	1752	0	1	1	1752
CY207736.1	427	1065	2	0	2	427
CY207736.1	438	1841	1	0	1	438
CY207736.1	450	2059	0	1	1	2059
CY207736.1	453	1089	0	1	1	1089
CY207736.1	463	1494	0	1	1	1494
CY207736.1	465	1405	1	0	1	465
CY207736.1	469	1361	1	0	1	469
CY207736.1	470	2040	0	1	1	2040
CY207736.1	475	528	1	0	1	475
CY207736.1	478	878	0	1	1	878
CY207736.1	521	2013	1	0	1	521
CY207736.1	522	2218	1	0	1	522
CY207736.1	528	1715	0	1	1	1715
CY207736.1	544	920	1	0	1	544
CY207736.1	551	2285	1	0	1	551
CY207736.1	562	1883	0	1	1	1883
CY207736.1	585	2013	0	1	1	2013
CY207736.1	623	1206	1	0	1	623
CY207736.1	623	2297	0	1	1	2297
CY207736.1	683	801	1	0	1	683
CY207736.1	736	2057	0	1	1	2057
CY207736.1	740	1716	1	0	1	740
CY207736.1	779	1514	1	0	1	779
CY207736.1	779	2271	0	1	1	2271
CY207736.1	793	1465	0	1	1	1465
CY207736.1	794	1014	0	1	1	1014
CY207736.1	814	1710	2	2	4	814
CY207736.1	816	2146	1	0	1	816
CY207736.1	823	1719	2	0	2	823
CY207736.1	824	2239	1	0	1	824
CY207736.1	831	1308	1	0	1	831
CY207736.1	856	2259	1	0	1	856
CY207736.1	902	1854	1	0	1	902
CY207736.1	929	2231	0	1	1	2231
CY207736.1	940	1859	1	0	1	940
CY207736.1	944	1933	1	0	1	944
CY207736.1	954	981	0	1	1	981
CY207736.1	956	1406	0	1	1	1406
CY207736.1	973	1064	16	17	33	973
CY207736.1	995	2195	0	1	1	2195
CY207737.1	1006	2099	0	1	1	2099
CY207737.1	1080	2312	1	0	1	1080
CY207737.1	1120	1512	0	1	1	1512
CY207737.1	1191	1648	0	1	1	1648
CY207737.1	1266	1855	0	1	1	1855
CY207737.1	1345	1477	0	1	1	1477
CY207737.1	1349	1936	0	1	1	1936
CY207737.1	1379	1411	0	1	1	1411
CY207737.1	1427	2216	0	1	1	2216
CY207737.1	1441	1899	1	0	1	1441
CY207737.1	1466	2358	0	1	1	2358
CY207737.1	1506	1528	0	1	1	1528
CY207737.1	1523	2346	0	1	1	2346
CY207737.1	1638	2042	0	1	1	2042
CY207737.1	1638	2066	0	1	1	2066
CY207737.1	1643	2236	0	1	1	2236
CY207737.1	1698	2401	0	1	1	2401
CY207737.1	1709	2487	0	1	1	2487
CY207737.1	1725	1850	1	0	1	1725
CY207737.1	1776	2116	0	1	1	2116
CY207737.1	1857	1931	1	0	1	1857
CY207737.1	1877	2285	1	0	1	1877
CY207737.1	2215	2281	1	0	1	2215
CY207737.1	348	1502	1	0	1	348
CY207737.1	352	863	1	0	1	352
CY207737.1	355	830	1	0	1	355
CY207737.1	361	1516	1	0	1	361
CY207737.1	363	1244	1	0	1	363
CY207737.1	399	626	0	1	1	626
CY207737.1	402	2347	0	1	1	2347
CY207737.1	470	825	1	0	1	470
CY207737.1	479	1131	0	1	1	1131
CY207737.1	495	1811	0	1	1	1811
CY207737.1	542	1829	1	0	1	542
CY207737.1	544	1623	1	0	1	544
CY207737.1	588	2164	0	1	1	2164
CY207737.1	621	1880	1	0	1	621
CY207737.1	626	2232	1	0	1	626
CY207737.1	633	2251	1	0	1	633
CY207737.1	640	2204	0	1	1	2204
CY207737.1	648	966	0	1	1	966
CY207737.1	680	2281	2	0	2	680
CY207737.1	706	2318	1	0	1	706
CY207737.1	733	2299	0	1	1	2299
CY207737.1	741	1766	0	1	1	1766
CY207737.1	745	1771	0	1	1	1771
CY207737.1	773	1206	0	1	1	1206
CY207737.1	793	1115	0	1	1	1115
CY207737.1	794	1720	0	1	1	1720
CY207737.1	815	1366	1	0	1	815
CY207737.1	824	1920	1	0	1	824
CY207737.1	841	2116	0	1	1	2116
CY207737.1	855	1387	1	0	1	855
CY207737.1	865	1917	1	0	1	865
CY207737.1	910	1019	1	0	1	910
CY207737.1	918	1022	0	1	1	1022
CY207737.1	919	2476	0	1	1	2476
CY207737.1	935	1175	1	0	1	935
CY207737.1	937	2302	1	0	1	937
CY207737.1	938	996	1	0	1	938
CY207737.1	993	1587	0	1	1	1587
CY207738.1	1009	1253	0	1	1	1253
CY207738.1	1110	1844	1	0	1	1110
CY207738.1	1123	1661	0	1	1	1661
CY207738.1	1202	1661	0	1	1	1661
CY207738.1	1219	1246	1	0	1	1219
CY207738.1	1223	1505	1	0	1	1223
CY207738.1	1262	1676	1	0	1	1262
CY207738.1	1284	1647	0	1	1	1647
CY207738.1	1344	1961	1	0	1	1344
CY207738.1	1346	1883	0	1	1	1883
CY207738.1	1400	1707	1	0	1	1400
CY207738.1	1418	2130	0	1	1	2130
CY207738.1	1489	1715	1	0	1	1489
CY207738.1	1490	2145	0	1	1	2145
CY207738.1	1497	1804	0	1	1	1804
CY207738.1	1650	1817	1	0	1	1650
CY207738.1	1792	2294	0	1	1	2294
CY207738.1	1833	2339	1	0	1	1833
CY207738.1	1837	2204	0	1	1	2204
CY207738.1	1912	1967	10	17	27	1912
CY207738.1	1913	1996	0	1	1	1996
CY207738.1	1913	2181	1	0	1	1913
CY207738.1	1922	1991	0	1	1	1991
CY207738.1	2123	2183	2	0	2	2123
CY207738.1	236	648	1	0	1	236
CY207738.1	240	2483	1	0	1	240
CY207738.1	241	1221	1	0	1	241
CY207738.1	247	2338	1	0	1	247
CY207738.1	263	1237	1	0	1	263
CY207738.1	263	1663	1	0	1	263
CY207738.1	280	996	1	0	1	280
CY207738.1	286	1808	1	0	1	286
CY207738.1	334	2149	1	0	1	334
CY207738.1	347	2323	1	0	1	347
CY207738.1	355	2215	0	1	1	2215
CY207738.1	361	2380	1	0	1	361
CY207738.1	363	2256	1	0	1	363
CY207738.1	365	2254	0	1	1	2254
CY207738.1	401	1346	0	1	1	1346
CY207738.1	408	1031	1	0	1	408
CY207738.1	409	2380	0	1	1	2380
CY207738.1	414	2221	0	1	1	2221
CY207738.1	415	1223	0	1	1	1223
CY207738.1	417	1361	0	1	1	1361
CY207738.1	427	952	1	0	1	427
CY207738.1	440	1398	1	1	2	440
CY207738.1	458	2381	0	1	1	2381
CY207738.1	480	776	0	1	1	776
CY207738.1	487	794	0	1	1	794
CY207738.1	494	535	1	0	1	494
CY207738.1	498	2253	0	1	1	2253
CY207738.1	506	1584	0	1	1	1584
CY207738.1	515	1881	1	0	1	515
CY207738.1	526	642	1	0	1	526
CY207738.1	567	1811	0	1	1	1811
CY207738.1	614	2383	0	1	1	2383
CY207738.1	637	1632	1	0	1	637
CY207738.1	694	2086	1	0	1	694
CY207738.1	706	1928	1	0	1	706
CY207738.1	715	1938	32	48	80	715
CY207738.1	749	2249	0	1	1	2249
CY207738.1	780	1813	1	0	1	780
CY207738.1	781	1153	0	1	1	1153
CY207738.1	784	1420	1	0	1	784
CY207738.1	784	1488	1	0	1	784
CY207738.1	784	2378	0	1	1	2378
CY207738.1	797	2325	0	1	1	2325
CY207738.1	798	1249	0	1	1	1249
CY207738.1	799	878	1	0	1	799
CY207738.1	837	1801	0	1	1	1801
CY207738.1	839	920	1	0	1	839
CY207738.1	848	1855	44	30	74	848
CY207738.1	857	1018	1	0	1	857
CY207738.1	896	1101	1	1	2	896
CY207738.1	942	1063	0	1	1	1063
CY207738.1	959	1794	1	0	1	959
CY207738.1	961	1692	1	0	1	961
