Segment	Start	Stop	Forward_support	Reverse_support	Total_support	Fuzz_factor
CY207731.1	1009	1590	1	0	1	1009
CY207731.1	1015	1195	0	1	1	1195
CY207731.1	1021	1123	0	1	1	1123
CY207731.1	1032	1337	0	1	1	1337
CY207731.1	1050	1084	1	0	1	1050
CY207731.1	1060	1538	1	0	1	1060
CY207731.1	1063	1639	1	0	1	1063
CY207731.1	1067	1667	4	2	6	1067
CY207731.1	1073	1141	1	0	1	1073
CY207731.1	1083	1541	1	0	1	1083
CY207731.1	1089	1132	1	0	1	1089
CY207731.1	1166	1245	1	2	3	1166
CY207731.1	1166	1595	1	0	1	1166
CY207731.1	1177	1820	0	1	1	1820
CY207731.1	1186	1319	1	0	1	1186
CY207731.1	1193	1281	1	0	1	1193
CY207731.1	1194	1606	0	1	1	1606
CY207731.1	1218	1499	0	1	1	1499
CY207731.1	1229	1580	0	1	1	1580
CY207731.1	1257	1876	0	1	1	1876
CY207731.1	1266	1643	0	1	1	1643
CY207731.1	1275	1399	1	0	1	1275
CY207731.1	1304	1326	1	1	2	1304
CY207731.1	1304	1922	0	1	1	1922
CY207731.1	1346	1682	0	1	1	1682
CY207731.1	1370	1395	1	0	1	1370
CY207731.1	1392	1601	0	1	1	1601
CY207731.1	1406	1913	0	1	1	1913
CY207731.1	1413	1554	0	1	1	1554
CY207731.1	1419	1499	0	1	1	1499
CY207731.1	1423	1634	1	0	1	1423
CY207731.1	1530	1634	1	0	1	1530
CY207731.1	1538	1745	0	1	1	1745
CY207731.1	1556	1873	0	1	1	1873
CY207731.1	1633	1809	0	1	1	1809
CY207731.1	1690	1742	1	0	1	1690
CY207731.1	1695	1746	1	0	1	1695
CY207731.1	1704	1736	0	1	1	1736
CY207731.1	255	739	1	0	1	255
CY207731.1	260	492	7	0	7	260
CY207731.1	270	1334	1	1	2	270
CY207731.1	272	1335	1	0	1	272
CY207731.1	288	1627	1	0	1	288
CY207731.1	289	663	1	0	1	289
CY207731.1	298	1365	1	0	1	298
CY207731.1	320	1684	2	0	2	320
CY207731.1	321	1821	1	0	1	321
CY207731.1	333	1372	1	0	1	333
CY207731.1	346	1480	0	2	2	1480
CY207731.1	363	1602	0	1	1	1602
CY207731.1	369	1300	1	0	1	369
CY207731.1	369	814	1	0	1	369
CY207731.1	373	1869	0	1	1	1869
CY207731.1	384	1247	1	0	1	384
CY207731.1	386	1640	1	0	1	386
CY207731.1	390	1603	8	10	18	390
CY207731.1	394	1686	0	1	1	1686
CY207731.1	398	1643	0	1	1	1643
CY207731.1	401	620	0	1	1	620
CY207731.1	406	1879	0	1	1	1879
CY207731.1	407	658	1	0	1	407
CY207731.1	421	1195	0	1	1	1195
CY207731.1	439	1008	0	1	1	1008
CY207731.1	439	1715	0	1	1	1715
CY207731.1	450	1371	0	1	1	1371
CY207731.1	457	1891	0	1	1	1891
CY207731.1	471	1149	1	0	1	471
CY207731.1	473	609	2	0	2	473
CY207731.1	476	1593	3	7	10	476
CY207731.1	487	1592	0	2	2	1592
CY207731.1	489	1854	0	1	1	1854
CY207731.1	494	1637	0	1	1	1637
CY207731.1	505	1846	1	0	1	505
CY207731.1	510	777	1	0	1	510
CY207731.1	514	932	0	1	1	932
CY207731.1	518	1876	0	1	1	1876
CY207731.1	519	1298	1	0	1	519
CY207731.1	519	1683	0	1	1	1683
CY207731.1	525	1645	0	1	1	1645
CY207731.1	526	1608	2	1	3	526
CY207731.1	527	1727	1	1	2	527
CY207731.1	530	1698	0	1	1	1698
CY207731.1	535	1258	0	1	1	1258
CY207731.1	542	1623	2	0	2	542
CY207731.1	548	1092	0	1	1	1092
CY207731.1	554	904	0	1	1	904
CY207731.1	557	615	0	1	1	615
CY207731.1	565	1641	6	4	10	565
CY207731.1	568	1204	0	1	1	1204
CY207731.1	568	1482	1	1	2	568
CY207731.1	568	603	0	1	1	603
CY207731.1	579	971	0	1	1	971
CY207731.1	581	1063	2	0	2	581
CY207731.1	587	1659	0	1	1	1659
CY207731.1	593	781	0	1	1	781
CY207731.1	598	1146	1	0	1	598
CY207731.1	641	1746	0	1	1	1746
CY207731.1	643	1261	0	2	2	1261
CY207731.1	646	1264	0	1	1	1264
CY207731.1	676	1099	1	0	1	676
CY207731.1	676	993	1	0	1	676
CY207731.1	698	1457	1	0	1	698
CY207731.1	698	1875	0	1	1	1875
CY207731.1	700	877	0	1	1	877
CY207731.1	702	1311	0	1	1	1311
CY207731.1	704	1660	1	0	1	704
CY207731.1	719	1638	1	0	1	719
CY207731.1	736	1333	1	1	2	736
CY207731.1	742	1218	0	1	1	1218
CY207731.1	775	1500	0	1	1	1500
CY207731.1	775	1698	2	0	2	775
CY207731.1	779	1559	0	1	1	1559
CY207731.1	782	1580	0	1	1	1580
CY207731.1	784	1454	0	1	1	1454
CY207731.1	790	1820	0	1	1	1820
CY207731.1	812	1062	0	1	1	1062
CY207731.1	816	1232	0	1	1	1232
CY207731.1	817	1456	0	1	1	1456
CY207731.1	820	1045	1	0	1	820
CY207731.1	823	1879	0	2	2	1879
CY207731.1	825	1893	0	1	1	1893
CY207731.1	838	1144	0	1	1	1144
CY207731.1	840	932	1	0	1	840
CY207731.1	869	1887	0	1	1	1887
CY207731.1	872	1409	0	1	1	1409
CY207731.1	898	1382	1	0	1	898
CY207731.1	911	1130	0	1	1	1130
CY207731.1	917	1398	0	1	1	1398
CY207731.1	936	1010	0	1	1	1010
CY207731.1	948	1826	0	1	1	1826
CY207731.1	964	1305	1	0	1	964
CY207731.1	983	1349	1	0	1	983
CY207731.1	984	1412	0	1	1	1412
CY207732.1	1010	1175	0	1	1	1175
CY207732.1	247	340	1	0	1	247
CY207732.1	278	450	1	0	1	278
CY207732.1	279	824	1	0	1	279
CY207732.1	281	757	1	0	1	281
CY207732.1	341	625	0	1	1	625
CY207732.1	343	1135	0	1	1	1135
CY207732.1	347	573	2	1	3	347
CY207732.1	350	879	1	0	1	350
CY207732.1	361	485	0	1	1	485
CY207732.1	370	603	0	1	1	603
CY207732.1	387	978	1	0	1	387
CY207732.1	392	1054	0	1	1	1054
CY207732.1	394	1146	0	1	1	1146
CY207732.1	401	547	1	0	1	401
CY207732.1	403	560	0	1	1	560
CY207732.1	406	496	0	1	1	496
CY207732.1	409	873	0	1	1	873
CY207732.1	414	1173	0	1	1	1173
CY207732.1	414	441	0	1	1	441
CY207732.1	415	534	0	1	1	534
CY207732.1	430	599	0	1	1	599
CY207732.1	434	678	1	0	1	434
CY207732.1	438	536	0	2	2	536
CY207732.1	441	737	0	1	1	737
CY207732.1	441	898	0	1	1	898
CY207732.1	442	954	0	1	1	954
CY207732.1	444	938	1	0	1	444
CY207732.1	453	633	0	1	1	633
CY207732.1	460	1185	0	1	1	1185
CY207732.1	462	496	0	1	1	496
CY207732.1	477	580	0	1	1	580
CY207732.1	480	914	0	1	1	914
CY207732.1	483	715	0	1	1	715
CY207732.1	502	608	0	2	2	608
CY207732.1	510	718	1	0	1	510
CY207732.1	511	600	0	2	2	600
CY207732.1	513	560	0	1	1	560
CY207732.1	514	689	0	1	1	689
CY207732.1	514	761	0	1	1	761
CY207732.1	536	829	1	0	1	536
CY207732.1	538	983	0	1	1	983
CY207732.1	553	1166	0	1	1	1166
CY207732.1	557	828	0	1	1	828
CY207732.1	585	802	1	0	1	585
CY207732.1	589	862	1	3	4	589
CY207732.1	590	982	1	0	1	590
CY207732.1	591	1057	0	1	1	1057
CY207732.1	607	752	1	0	1	607
CY207732.1	609	890	1	0	1	609
CY207732.1	641	726	1	0	1	641
CY207732.1	646	860	0	1	1	860
CY207732.1	647	679	1	0	1	647
CY207732.1	648	1083	0	1	1	1083
CY207732.1	668	914	1	0	1	668
CY207732.1	672	747	0	1	1	747
CY207732.1	679	815	3	1	4	679
CY207732.1	685	839	0	3	3	839
CY207732.1	690	974	0	1	1	974
CY207732.1	692	883	0	1	1	883
CY207732.1	693	916	0	1	1	916
CY207732.1	712	1060	0	1	1	1060
CY207732.1	712	819	0	1	1	819
CY207732.1	715	899	1	0	1	715
CY207732.1	716	846	1	0	1	716
CY207732.1	718	860	4	1	5	718
CY207732.1	722	867	1	0	1	722
CY207732.1	753	956	1	0	1	753
CY207732.1	758	815	0	1	1	815
CY207732.1	772	928	1	0	1	772
CY207732.1	783	865	1	0	1	783
CY207732.1	801	1158	0	2	2	1158
CY207732.1	803	1034	1	0	1	803
CY207732.1	814	1144	0	1	1	1144
CY207732.1	819	1150	0	1	1	1150
CY207732.1	843	876	0	1	1	876
CY207732.1	859	964	1	0	1	859
CY207732.1	862	962	0	1	1	962
CY207732.1	933	1019	1	0	1	933
CY207732.1	944	971	3	1	4	944
CY207732.1	956	1061	1	0	1	956
CY207732.1	959	1095	1	0	1	959
CY207732.1	961	1170	0	1	1	1170
CY207733.1	1018	1074	1	1	2	1018
CY207733.1	1020	1171	0	4	4	1171
CY207733.1	1118	1570	0	1	1	1570
CY207733.1	1137	1480	1	0	1	1137
CY207733.1	1299	1595	0	1	1	1595
CY207733.1	1300	1498	1	0	1	1300
CY207733.1	1316	1458	1	0	1	1316
CY207733.1	1333	1359	1	0	1	1333
CY207733.1	1389	1432	1	0	1	1389
CY207733.1	1542	1568	0	1	1	1568
CY207733.1	270	1526	8	0	8	270
CY207733.1	271	1437	5	0	5	271
CY207733.1	271	849	1	0	1	271
CY207733.1	284	1463	1	0	1	284
CY207733.1	296	1435	1	0	1	296
CY207733.1	300	1436	0	1	1	1436
CY207733.1	300	1479	6	5	11	300
CY207733.1	309	1436	1	0	1	309
CY207733.1	315	1584	0	1	1	1584
CY207733.1	339	1366	1	0	1	339
CY207733.1	352	1402	2	9	11	352
CY207733.1	359	1258	58	121	179	359
CY207733.1	365	1326	0	4	4	1326
CY207733.1	365	1478	0	1	1	1478
CY207733.1	365	415	1	0	1	365
CY207733.1	366	1266	0	2	2	1266
CY207733.1	380	1308	0	2	2	1308
CY207733.1	385	1392	0	1	1	1392
CY207733.1	394	1014	0	1	1	1014
CY207733.1	395	607	1	0	1	395
CY207733.1	398	1325	0	1	1	1325
CY207733.1	408	1391	0	4	4	1391
CY207733.1	462	524	0	1	1	524
CY207733.1	463	1175	0	1	1	1175
CY207733.1	470	892	1	0	1	470
CY207733.1	487	577	0	1	1	577
CY207733.1	496	1143	0	1	1	1143
CY207733.1	520	849	0	1	1	849
CY207733.1	530	640	0	1	1	640
CY207733.1	531	1515	1	0	1	531
CY207733.1	552	1117	1	0	1	552
CY207733.1	565	614	0	1	1	614
CY207733.1	583	1556	0	1	1	1556
CY207733.1	622	1137	0	1	1	1137
CY207733.1	626	1268	0	1	1	1268
CY207733.1	645	1276	1	2	3	645
CY207733.1	647	1084	0	1	1	1084
CY207733.1	651	681	1	1	2	651
CY207733.1	683	1366	1	0	1	683
CY207733.1	803	1186	0	1	1	1186
CY207733.1	826	952	0	1	1	952
CY207733.1	855	1455	1	0	1	855
CY207733.1	865	927	0	1	1	927
CY207733.1	906	978	1	0	1	906
CY207733.1	910	1421	1	0	1	910
CY207733.1	914	1327	0	1	1	1327
CY207733.1	948	1027	1	1	2	948
CY207733.1	958	1417	0	1	1	1417
CY207733.1	981	1440	0	1	1	1440
CY207733.1	988	1130	0	1	1	1130
CY207733.1	990	1447	0	1	1	1447
CY207734.1	1007	1702	0	1	1	1702
CY207734.1	1008	1252	0	1	1	1252
CY207734.1	1011	1542	1	0	1	1011
CY207734.1	1018	1190	1	0	1	1018
CY207734.1	1029	1093	0	1	1	1093
CY207734.1	1047	1096	0	1	1	1096
CY207734.1	1053	1429	0	1	1	1429
CY207734.1	1095	1541	0	1	1	1541
CY207734.1	1125	1546	0	1	1	1546
CY207734.1	1135	1679	0	1	1	1679
CY207734.1	1140	1366	0	1	1	1366
CY207734.1	1171	1495	1	0	1	1171
CY207734.1	1268	1518	1	0	1	1268
CY207734.1	1279	1342	1	0	1	1279
CY207734.1	1319	1512	2	0	2	1319
CY207734.1	1326	1502	0	1	1	1502
CY207734.1	1356	1584	1	0	1	1356
CY207734.1	1442	1566	1	2	3	1442
CY207734.1	1446	1640	0	1	1	1640
CY207734.1	1471	1567	0	2	2	1567
CY207734.1	1476	1508	1	0	1	1476
CY207734.1	1494	1554	2	0	2	1494
CY207734.1	1510	1606	1	0	1	1510
CY207734.1	1530	1558	3	1	4	1530
CY207734.1	1544	1625	2	0	2	1544
CY207734.1	1545	1583	1	0	1	1545
CY207734.1	1589	1695	0	3	3	1695
CY207734.1	1602	1692	0	1	1	1692
CY207734.1	240	1512	1	0	1	240
CY207734.1	245	1236	1	0	1	245
CY207734.1	246	603	1	0	1	246
CY207734.1	253	1065	1	0	1	253
CY207734.1	262	1458	1	0	1	262
CY207734.1	267	639	1	0	1	267
CY207734.1	271	1170	1	0	1	271
CY207734.1	272	1204	1	0	1	272
CY207734.1	275	1352	1	0	1	275
CY207734.1	275	805	1	0	1	275
CY207734.1	279	1182	1	0	1	279
CY207734.1	280	1077	1	0	1	280
CY207734.1	280	636	1	0	1	280
CY207734.1	281	1356	1	0	1	281
CY207734.1	282	1588	1	0	1	282
CY207734.1	282	817	1	0	1	282
CY207734.1	284	1188	1	0	1	284
CY207734.1	284	798	1	0	1	284
CY207734.1	286	1508	1	0	1	286
CY207734.1	288	822	4	0	4	288
CY207734.1	290	1492	1	0	1	290
CY207734.1	290	1609	1	0	1	290
CY207734.1	291	1587	1	0	1	291
CY207734.1	304	829	0	1	1	829
CY207734.1	325	1448	1	0	1	325
CY207734.1	337	557	0	1	1	557
CY207734.1	338	850	0	1	1	850
CY207734.1	342	1068	0	1	1	1068
CY207734.1	345	1680	0	1	1	1680
CY207734.1	346	817	0	2	2	817
CY207734.1	357	1486	0	1	1	1486
CY207734.1	360	407	0	1	1	407
CY207734.1	362	1560	1	1	2	362
CY207734.1	364	1443	0	1	1	1443
CY207734.1	365	721	1	0	1	365
CY207734.1	369	1346	0	1	1	1346
CY207734.1	371	1084	1	0	1	371
CY207734.1	372	523	1	0	1	372
CY207734.1	372	733	0	1	1	733
CY207734.1	373	870	0	1	1	870
CY207734.1	377	1562	1	6	7	377
CY207734.1	395	1137	0	1	1	1137
CY207734.1	398	1583	0	2	2	1583
CY207734.1	401	1499	0	1	1	1499
CY207734.1	416	1723	0	1	1	1723
CY207734.1	419	1482	1	0	1	419
CY207734.1	420	1282	1	0	1	420
CY207734.1	421	940	0	2	2	940
CY207734.1	425	1492	1	0	1	425
CY207734.1	428	1539	0	1	1	1539
CY207734.1	439	1363	3	1	4	439
CY207734.1	439	838	0	1	1	838
CY207734.1	440	957	1	0	1	440
CY207734.1	442	475	1	3	4	442
CY207734.1	443	1397	0	1	1	1397
CY207734.1	446	565	0	1	1	565
CY207734.1	449	1465	0	1	1	1465
CY207734.1	451	896	1	0	1	451
CY207734.1	453	1379	0	5	5	1379
CY207734.1	454	546	1	0	1	454
CY207734.1	463	1570	0	1	1	1570
CY207734.1	463	817	0	1	1	817
CY207734.1	464	584	0	1	1	584
CY207734.1	466	522	0	1	1	522
CY207734.1	470	590	0	1	1	590
CY207734.1	483	1606	0	1	1	1606
CY207734.1	487	1341	0	1	1	1341
CY207734.1	519	1315	0	1	1	1315
CY207734.1	521	841	2	2	4	521
CY207734.1	522	838	0	1	1	838
CY207734.1	533	1182	1	0	1	533
CY207734.1	552	876	1	0	1	552
CY207734.1	555	1234	1	0	1	555
CY207734.1	559	592	0	1	1	592
CY207734.1	563	819	1	1	2	563
CY207734.1	571	1340	0	1	1	1340
CY207734.1	574	912	1	0	1	574
CY207734.1	581	949	1	0	1	581
CY207734.1	601	942	0	1	1	942
CY207734.1	616	736	0	1	1	736
CY207734.1	617	869	1	0	1	617
CY207734.1	619	1364	1	0	1	619
CY207734.1	620	812	5	3	8	620
CY207734.1	644	670	1	0	1	644
CY207734.1	657	870	1	0	1	657
CY207734.1	664	725	1	1	2	664
CY207734.1	682	915	0	1	1	915
CY207734.1	683	1582	1	0	1	683
CY207734.1	703	1379	1	1	2	703
CY207734.1	718	1217	1	0	1	718
CY207734.1	721	962	1	0	1	721
CY207734.1	733	784	0	1	1	784
CY207734.1	748	929	1	0	1	748
CY207734.1	759	1134	2	1	3	759
CY207734.1	759	918	1	0	1	759
CY207734.1	772	1201	1	0	1	772
CY207734.1	773	1006	1	0	1	773
CY207734.1	781	811	1	1	2	781
CY207734.1	802	1683	0	1	1	1683
CY207734.1	811	1457	1	0	1	811
CY207734.1	816	1588	2	0	2	816
CY207734.1	830	957	0	1	1	957
CY207734.1	840	898	1	0	1	840
CY207734.1	841	1622	0	2	2	1622
CY207734.1	843	1368	1	0	1	843
CY207734.1	861	1083	0	1	1	1083
CY207734.1	866	1022	0	1	1	1022
CY207734.1	876	1081	1	0	1	876
CY207734.1	885	1574	0	1	1	1574
CY207734.1	896	1130	1	0	1	896
CY207734.1	909	1159	0	1	1	1159
CY207734.1	911	953	0	1	1	953
CY207734.1	936	1303	1	0	1	936
CY207734.1	956	1707	0	1	1	1707
CY207734.1	958	1040	1	0	1	958
CY207734.1	958	1562	0	1	1	1562
CY207734.1	962	1048	1	0	1	962
CY207734.1	988	1491	1	0	1	988
CY207734.1	992	1446	1	0	1	992
CY207734.1	997	1042	3	1	4	997
CY207735.1	1002	1033	0	6	6	1033
CY207735.1	288	945	12	1	13	288
CY207735.1	289	946	1	0	1	289
CY207735.1	308	977	0	1	1	977
CY207735.1	351	848	0	1	1	848
CY207735.1	357	848	0	5	5	848
CY207735.1	376	940	0	2	2	940
CY207735.1	383	786	1	2	3	383
CY207735.1	385	848	0	6	6	848
CY207735.1	398	800	0	23	23	800
CY207735.1	405	709	0	1	1	709
CY207735.1	413	984	0	2	2	984
CY207735.1	446	945	0	1	1	945
CY207735.1	453	865	1	0	1	453
CY207735.1	453	873	0	4	4	873
CY207735.1	454	493	0	1	1	493
CY207735.1	465	769	1	6	7	465
CY207735.1	484	802	0	1	1	802
CY207735.1	499	729	1	0	1	499
CY207735.1	511	740	21	68	89	511
CY207735.1	515	600	0	1	1	600
CY207735.1	519	746	0	3	3	746
CY207735.1	539	757	1	0	1	539
CY207735.1	540	565	0	1	1	565
CY207735.1	556	631	0	2	2	631
CY207735.1	594	889	10	5	15	594
CY207735.1	597	892	0	1	1	892
CY207735.1	606	663	1	0	1	606
CY207735.1	645	688	0	1	1	688
CY207735.1	648	847	1	1	2	648
CY207735.1	681	787	0	1	1	787
CY207735.1	684	939	1	0	1	684
CY207735.1	803	873	0	1	1	873
CY207735.1	841	1034	0	2	2	1034
CY207735.1	843	1012	0	1	1	1012
CY207735.1	954	1003	0	3	3	1003
CY207736.1	1006	1355	1	0	1	1006
CY207736.1	1010	2040	1	0	1	1010
CY207736.1	1011	1686	1	0	1	1011
CY207736.1	1033	2353	0	3	3	2353
CY207736.1	1059	1145	1	0	1	1059
CY207736.1	1074	1678	0	1	1	1678
CY207736.1	1076	2275	0	1	1	2275
CY207736.1	1095	2005	1	1	2	1095
CY207736.1	1100	2013	1	1	2	1100
CY207736.1	1122	2180	1	0	1	1122
CY207736.1	1124	1376	1	0	1	1124
CY207736.1	1149	1324	1	0	1	1149
CY207736.1	1160	1300	1	0	1	1160
CY207736.1	1171	1521	0	1	1	1521
CY207736.1	1172	1756	0	1	1	1756
CY207736.1	1179	1382	0	1	1	1382
CY207736.1	1206	1604	0	1	1	1604
CY207736.1	1220	1448	0	1	1	1448
CY207736.1	1235	1792	0	1	1	1792
CY207736.1	1250	1647	1	0	1	1250
CY207736.1	1252	1692	1	0	1	1252
CY207736.1	1258	1647	5	4	9	1258
CY207736.1	1274	1705	1	0	1	1274
CY207736.1	1274	2090	0	1	1	2090
CY207736.1	1276	2297	0	1	1	2297
CY207736.1	1301	1995	0	1	1	1995
CY207736.1	1308	2067	0	1	1	2067
CY207736.1	1313	2020	0	2	2	2020
CY207736.1	1325	1952	0	1	1	1952
CY207736.1	1325	2056	0	1	1	2056
CY207736.1	1332	1917	0	1	1	1917
CY207736.1	1344	2079	1	0	1	1344
CY207736.1	1352	1861	0	1	1	1861
CY207736.1	1383	2202	0	1	1	2202
CY207736.1	1397	2290	0	1	1	2290
CY207736.1	1408	1779	1	0	1	1408
CY207736.1	1420	2099	0	1	1	2099
CY207736.1	1450	1786	0	1	1	1786
CY207736.1	1462	1612	0	1	1	1612
CY207736.1	1506	1953	1	0	1	1506
CY207736.1	1513	1621	0	1	1	1621
CY207736.1	1527	2293	0	1	1	2293
CY207736.1	1567	2204	1	3	4	1567
CY207736.1	1573	1848	0	1	1	1848
CY207736.1	1576	1875	1	0	1	1576
CY207736.1	1581	1850	1	0	1	1581
CY207736.1	1619	1834	0	1	1	1834
CY207736.1	1663	2185	1	0	1	1663
CY207736.1	1741	2062	1	0	1	1741
CY207736.1	1744	2108	0	1	1	2108
CY207736.1	1784	2043	0	1	1	2043
CY207736.1	1825	1864	0	1	1	1864
CY207736.1	1826	1893	1	1	2	1826
CY207736.1	1827	1872	1	0	1	1827
CY207736.1	1831	1983	0	1	1	1983
CY207736.1	1938	2034	1	0	1	1938
CY207736.1	2006	2043	0	4	4	2043
CY207736.1	2062	2215	4	1	5	2062
CY207736.1	2064	2149	0	3	3	2149
CY207736.1	2067	2228	1	0	1	2067
CY207736.1	2108	2190	0	3	3	2190
CY207736.1	2111	2140	1	0	1	2111
CY207736.1	2121	2145	1	0	1	2121
CY207736.1	2132	2156	1	2	3	2132
CY207736.1	2132	2170	3	1	4	2132
CY207736.1	2143	2172	13	10	23	2143
CY207736.1	2167	2216	4	2	6	2167
CY207736.1	241	761	1	0	1	241
CY207736.1	266	2253	1	0	1	266
CY207736.1	272	1084	1	0	1	272
CY207736.1	277	1713	1	0	1	277
CY207736.1	277	2101	2	0	2	277
CY207736.1	280	2141	1	0	1	280
CY207736.1	283	1988	1	0	1	283
CY207736.1	286	1503	1	0	1	286
CY207736.1	289	810	1	0	1	289
CY207736.1	290	336	1	0	1	290
CY207736.1	298	1277	0	1	1	1277
CY207736.1	311	2172	2	1	3	311
CY207736.1	320	2156	0	1	1	2156
CY207736.1	326	2168	0	2	2	2168
CY207736.1	326	2271	0	1	1	2271
CY207736.1	327	2217	1	0	1	327
CY207736.1	330	2270	0	1	1	2270
CY207736.1	334	2071	0	2	2	2071
CY207736.1	334	2153	0	10	10	2153
CY207736.1	334	391	0	1	1	391
CY207736.1	335	2224	56	65	121	335
CY207736.1	335	365	1	3	4	335
CY207736.1	348	2079	1	0	1	348
CY207736.1	351	875	1	0	1	351
CY207736.1	353	1572	0	1	1	1572
CY207736.1	359	391	0	2	2	391
CY207736.1	360	2173	1	3	4	360
CY207736.1	360	406	0	3	3	406
CY207736.1	362	386	0	2	2	386
CY207736.1	383	2153	0	1	1	2153
CY207736.1	385	2157	5	24	29	385
CY207736.1	385	466	1	2	3	385
CY207736.1	386	2144	2	3	5	386
CY207736.1	386	2172	1	1	2	386
CY207736.1	391	2152	0	2	2	2152
CY207736.1	392	2169	0	3	3	2169
CY207736.1	393	468	0	3	3	468
CY207736.1	394	854	0	1	1	854
CY207736.1	402	2041	1	2	3	402
CY207736.1	403	1728	0	1	1	1728
CY207736.1	405	2151	0	4	4	2151
CY207736.1	406	2064	0	3	3	2064
CY207736.1	407	1699	0	1	1	1699
CY207736.1	410	2134	1	4	5	410
CY207736.1	415	2123	2	0	2	415
CY207736.1	415	2197	0	1	1	2197
CY207736.1	417	838	1	0	1	417
CY207736.1	419	695	1	0	1	419
CY207736.1	425	2270	0	1	1	2270
CY207736.1	426	873	0	1	1	873
CY207736.1	433	2121	1	1	2	433
CY207736.1	434	2169	0	1	1	2169
CY207736.1	436	2133	0	1	1	2133
CY207736.1	438	2066	0	3	3	2066
CY207736.1	442	1347	0	1	1	1347
CY207736.1	455	1708	1	0	1	455
CY207736.1	461	808	1	0	1	461
CY207736.1	462	2064	1	0	1	462
CY207736.1	462	882	1	0	1	462
CY207736.1	467	2002	1	0	1	467
CY207736.1	468	2028	1	2	3	468
CY207736.1	468	2034	2	4	6	468
CY207736.1	471	2282	0	1	1	2282
CY207736.1	473	2072	0	2	2	2072
CY207736.1	475	2082	0	1	1	2082
CY207736.1	477	2063	3	2	5	477
CY207736.1	479	816	1	0	1	479
CY207736.1	480	697	0	1	1	697
CY207736.1	483	1465	2	0	2	483
CY207736.1	483	1628	1	0	1	483
CY207736.1	483	2010	1	2	3	483
CY207736.1	483	2042	0	2	2	2042
CY207736.1	485	1468	0	1	1	1468
CY207736.1	487	2040	0	1	1	2040
CY207736.1	490	2071	1	5	6	490
CY207736.1	490	513	1	1	2	490
CY207736.1	490	550	1	0	1	490
CY207736.1	494	2149	1	4	5	494
CY207736.1	495	2030	1	1	2	495
CY207736.1	507	1942	5	1	6	507
CY207736.1	511	2041	42	49	91	511
CY207736.1	512	2046	0	1	1	2046
CY207736.1	512	2061	13	22	35	512
CY207736.1	513	2044	2	3	5	513
CY207736.1	517	2188	1	0	1	517
CY207736.1	522	2018	1	0	1	522
CY207736.1	529	1265	1	0	1	529
CY207736.1	531	1863	1	0	1	531
CY207736.1	531	2065	1	0	1	531
CY207736.1	536	743	1	0	1	536
CY207736.1	537	2167	1	1	2	537
CY207736.1	538	1990	28	4	32	538
CY207736.1	538	2017	0	1	1	2017
CY207736.1	538	2032	2	1	3	538
CY207736.1	540	2344	0	1	1	2344
CY207736.1	546	2016	0	1	1	2016
CY207736.1	548	1963	0	3	3	1963
CY207736.1	555	1792	1	0	1	555
CY207736.1	555	2028	3	0	3	555
CY207736.1	555	2163	1	1	2	555
CY207736.1	562	2051	0	1	1	2051
CY207736.1	564	1934	1	1	2	564
CY207736.1	566	1947	0	1	1	1947
CY207736.1	571	1770	0	1	1	1770
CY207736.1	576	1999	1	0	1	576
CY207736.1	579	1996	1	1	2	579
CY207736.1	583	2091	0	1	1	2091
CY207736.1	584	1509	0	1	1	1509
CY207736.1	585	1927	3	0	3	585
CY207736.1	590	620	1	0	1	590
CY207736.1	591	1873	3	0	3	591
CY207736.1	591	1994	0	1	1	1994
CY207736.1	591	2010	2	0	2	591
CY207736.1	596	2002	0	1	1	2002
CY207736.1	597	1912	1	0	1	597
CY207736.1	597	1920	1	0	1	597
CY207736.1	606	1950	5	1	6	606
CY207736.1	607	1955	2	1	3	607
CY207736.1	607	2030	4	0	4	607
CY207736.1	610	2111	1	0	1	610
CY207736.1	611	1957	2	2	4	611
CY207736.1	614	1372	1	0	1	614
CY207736.1	616	1746	0	1	1	1746
CY207736.1	616	1954	1	1	2	616
CY207736.1	616	2027	33	22	55	616
CY207736.1	617	1952	2	0	2	617
CY207736.1	617	1958	3	1	4	617
CY207736.1	620	1872	1	0	1	620
CY207736.1	620	1949	2	0	2	620
CY207736.1	621	1902	1	0	1	621
CY207736.1	623	1904	2	1	3	623
CY207736.1	624	1629	7	3	10	624
CY207736.1	626	1950	2	1	3	626
CY207736.1	627	1896	1	0	1	627
CY207736.1	629	1863	5	0	5	629
CY207736.1	630	1776	2	0	2	630
CY207736.1	635	2030	3	0	3	635
CY207736.1	637	965	1	1	2	637
CY207736.1	642	1762	1	2	3	642
CY207736.1	643	1950	2	1	3	643
CY207736.1	646	1291	1	0	1	646
CY207736.1	649	1871	0	1	1	1871
CY207736.1	653	1883	1	0	1	653
CY207736.1	653	1922	0	2	2	1922
CY207736.1	657	1912	3	2	5	657
CY207736.1	658	1909	0	1	1	1909
CY207736.1	664	1846	0	3	3	1846
CY207736.1	665	1761	1	1	2	665
CY207736.1	669	2237	0	1	1	2237
CY207736.1	670	1903	1	0	1	670
CY207736.1	671	1856	5	0	5	671
CY207736.1	673	1889	1	0	1	673
CY207736.1	673	2031	3	0	3	673
CY207736.1	674	1946	2	0	2	674
CY207736.1	674	2033	0	1	1	2033
CY207736.1	675	1333	1	0	1	675
CY207736.1	678	1840	1	2	3	678
CY207736.1	678	1955	0	1	1	1955
CY207736.1	679	1956	1	4	5	679
CY207736.1	684	1666	2	0	2	684
CY207736.1	684	1853	0	1	1	1853
CY207736.1	689	771	0	1	1	771
CY207736.1	694	1873	2	1	3	694
CY207736.1	697	1178	1	0	1	697
CY207736.1	699	1691	0	1	1	1691
CY207736.1	699	1827	9	3	12	699
CY207736.1	702	1750	0	1	1	1750
CY207736.1	703	1869	1	2	3	703
CY207736.1	704	2040	0	2	2	2040
CY207736.1	709	1802	2	1	3	709
CY207736.1	710	1817	1	1	2	710
CY207736.1	712	1853	2	3	5	712
CY207736.1	716	1951	1	5	6	716
CY207736.1	717	1792	3	1	4	717
CY207736.1	718	2189	0	1	1	2189
CY207736.1	720	1790	1	1	2	720
CY207736.1	723	1647	1	0	1	723
CY207736.1	723	1994	0	1	1	1994
CY207736.1	726	2079	0	1	1	2079
CY207736.1	741	1720	1	0	1	741
CY207736.1	741	1824	1	1	2	741
CY207736.1	741	1934	4	1	5	741
CY207736.1	742	2294	0	1	1	2294
CY207736.1	746	1230	0	1	1	1230
CY207736.1	749	1827	4	1	5	749
CY207736.1	750	844	1	0	1	750
CY207736.1	753	1789	1	2	3	753
CY207736.1	753	1850	0	1	1	1850
CY207736.1	754	1859	1	1	2	754
CY207736.1	761	889	0	1	1	889
CY207736.1	766	1687	2	1	3	766
CY207736.1	767	1242	0	1	1	1242
CY207736.1	767	1826	5	2	7	767
CY207736.1	767	1952	5	4	9	767
CY207736.1	771	1836	2	2	4	771
CY207736.1	772	1753	2	1	3	772
CY207736.1	773	1838	0	1	1	1838
CY207736.1	773	1902	1	1	2	773
CY207736.1	774	1115	1	0	1	774
CY207736.1	775	1679	3	0	3	775
CY207736.1	775	1723	9	3	12	775
CY207736.1	776	2051	1	1	2	776
CY207736.1	780	1464	1	0	1	780
CY207736.1	780	1849	3	1	4	780
CY207736.1	781	2023	1	0	1	781
CY207736.1	785	1577	0	1	1	1577
CY207736.1	787	1505	2	1	3	787
CY207736.1	802	1848	1	0	1	802
CY207736.1	804	1861	1	2	3	804
CY207736.1	806	1711	1	0	1	806
CY207736.1	806	1735	1	0	1	806
CY207736.1	807	1753	1	0	1	807
CY207736.1	807	2157	0	1	1	2157
CY207736.1	809	1855	1	0	1	809
CY207736.1	810	1701	0	1	1	1701
CY207736.1	814	1710	4	1	5	814
CY207736.1	815	1705	1	0	1	815
CY207736.1	819	1844	0	1	1	1844
CY207736.1	820	1299	1	0	1	820
CY207736.1	820	1697	1	0	1	820
CY207736.1	823	1666	0	1	1	1666
CY207736.1	823	1719	1	1	2	823
CY207736.1	830	1820	1	0	1	830
CY207736.1	833	1760	1	2	3	833
CY207736.1	835	1855	2	3	5	835
CY207736.1	838	1646	0	1	1	1646
CY207736.1	840	1950	1	0	1	840
CY207736.1	843	2178	1	2	3	843
CY207736.1	844	1840	1	2	3	844
CY207736.1	848	1759	1	0	1	848
CY207736.1	848	1912	1	0	1	848
CY207736.1	851	1695	1	0	1	851
CY207736.1	851	1736	0	1	1	1736
CY207736.1	851	1827	1	1	2	851
CY207736.1	852	1887	3	0	3	852
CY207736.1	858	1761	0	3	3	1761
CY207736.1	863	1784	1	3	4	863
CY207736.1	867	1812	1	3	4	867
CY207736.1	878	1977	1	0	1	878
CY207736.1	885	1602	2	2	4	885
CY207736.1	887	2215	1	0	1	887
CY207736.1	887	2346	0	1	1	2346
CY207736.1	887	938	1	0	1	887
CY207736.1	889	2218	0	1	1	2218
CY207736.1	896	1040	0	1	1	1040
CY207736.1	902	1854	1	0	1	902
CY207736.1	903	1607	0	1	1	1607
CY207736.1	903	2238	5	8	13	903
CY207736.1	908	1703	0	1	1	1703
CY207736.1	908	1736	0	1	1	1736
CY207736.1	915	1667	0	1	1	1667
CY207736.1	924	1878	0	4	4	1878
CY207736.1	924	2198	0	1	1	2198
CY207736.1	928	1730	0	1	1	1730
CY207736.1	930	1654	1	2	3	930
CY207736.1	933	2254	1	0	1	933
CY207736.1	939	1507	0	1	1	1507
CY207736.1	946	2365	0	1	1	2365
CY207736.1	947	983	0	1	1	983
CY207736.1	957	1166	1	0	1	957
CY207736.1	960	1894	0	1	1	1894
CY207736.1	967	1652	1	0	1	967
CY207736.1	973	1064	0	1	1	1064
CY207736.1	990	1558	1	0	1	990
CY207737.1	1027	2261	0	1	1	2261
CY207737.1	1054	1081	1	0	1	1054
CY207737.1	1059	2312	2	0	2	1059
CY207737.1	1100	2189	0	1	1	2189
CY207737.1	1104	1615	0	1	1	1615
CY207737.1	1107	1440	2	3	5	1107
CY207737.1	1163	1207	0	1	1	1207
CY207737.1	1168	1304	1	0	1	1168
CY207737.1	1178	2116	1	0	1	1178
CY207737.1	1273	2183	1	0	1	1273
CY207737.1	1299	1663	0	1	1	1663
CY207737.1	1306	2043	1	0	1	1306
CY207737.1	1317	1722	1	0	1	1317
CY207737.1	1320	1921	0	1	1	1921
CY207737.1	1372	1647	1	0	1	1372
CY207737.1	1375	1558	0	1	1	1558
CY207737.1	1402	1732	0	1	1	1732
CY207737.1	1434	1746	1	0	1	1434
CY207737.1	1605	2055	0	2	2	2055
CY207737.1	1639	2059	0	1	1	2059
CY207737.1	1657	2389	0	1	1	2389
CY207737.1	1665	2182	1	0	1	1665
CY207737.1	1715	1815	1	0	1	1715
CY207737.1	1765	2181	0	1	1	2181
CY207737.1	1941	1985	2	6	8	1941
CY207737.1	2049	2135	1	2	3	2049
CY207737.1	2065	2172	3	2	5	2065
CY207737.1	2115	2214	0	1	1	2214
CY207737.1	2199	2233	0	1	1	2233
CY207737.1	2205	2461	0	1	1	2461
CY207737.1	2236	2292	2	0	2	2236
CY207737.1	2301	2333	2	3	5	2301
CY207737.1	2306	2414	1	0	1	2306
CY207737.1	240	271	1	0	1	240
CY207737.1	241	2415	2	0	2	241
CY207737.1	248	273	9	1	10	248
CY207737.1	268	2195	1	0	1	268
CY207737.1	272	2122	1	0	1	272
CY207737.1	276	1192	1	0	1	276
CY207737.1	281	1648	1	0	1	281
CY207737.1	286	2321	1	0	1	286
CY207737.1	311	2162	1	0	1	311
CY207737.1	313	2338	1	1	2	313
CY207737.1	334	2302	3	0	3	334
CY207737.1	334	2320	2	0	2	334
CY207737.1	335	2205	0	1	1	2205
CY207737.1	340	2340	0	1	1	2340
CY207737.1	355	2243	1	0	1	355
CY207737.1	358	2210	1	0	1	358
CY207737.1	361	1516	1	0	1	361
CY207737.1	363	1244	1	0	1	363
CY207737.1	363	2243	1	0	1	363
CY207737.1	367	437	3	3	6	367
CY207737.1	371	1301	0	1	1	1301
CY207737.1	371	779	1	0	1	371
CY207737.1	380	2237	5	0	5	380
CY207737.1	383	2312	2	1	3	383
CY207737.1	386	1555	0	1	1	1555
CY207737.1	390	2192	0	2	2	2192
CY207737.1	390	843	0	1	1	843
CY207737.1	400	2212	0	1	1	2212
CY207737.1	407	2336	14	4	18	407
CY207737.1	415	2302	6	1	7	415
CY207737.1	417	2244	0	1	1	2244
CY207737.1	425	2166	0	1	1	2166
CY207737.1	435	2341	1	0	1	435
CY207737.1	446	2334	2	0	2	446
CY207737.1	448	1768	1	0	1	448
CY207737.1	448	2268	2	0	2	448
CY207737.1	455	2317	1	0	1	455
CY207737.1	488	1795	1	3	4	488
CY207737.1	489	2368	0	1	1	2368
CY207737.1	493	2093	1	0	1	493
CY207737.1	497	938	1	0	1	497
CY207737.1	505	581	0	1	1	581
CY207737.1	506	749	0	1	1	749
CY207737.1	520	2159	4	0	4	520
CY207737.1	521	1994	1	0	1	521
CY207737.1	521	2121	2	0	2	521
CY207737.1	544	2452	0	1	1	2452
CY207737.1	549	2093	2	1	3	549
CY207737.1	563	2203	1	0	1	563
CY207737.1	564	1458	1	0	1	564
CY207737.1	573	2011	1	0	1	573
CY207737.1	578	2003	1	1	2	578
CY207737.1	582	1997	0	1	1	1997
CY207737.1	584	1947	0	2	2	1947
CY207737.1	589	1970	1	0	1	589
CY207737.1	590	1798	0	1	1	1798
CY207737.1	592	2316	0	1	1	2316
CY207737.1	597	1903	0	1	1	1903
CY207737.1	600	2015	1	0	1	600
CY207737.1	607	2192	2	1	3	607
CY207737.1	609	2092	2	2	4	609
CY207737.1	615	2039	1	1	2	615
CY207737.1	615	889	1	0	1	615
CY207737.1	618	1810	0	1	1	1810
CY207737.1	621	1848	1	0	1	621
CY207737.1	625	2374	1	0	1	625
CY207737.1	628	2007	1	0	1	628
CY207737.1	630	2018	4	1	5	630
CY207737.1	631	1990	1	0	1	631
CY207737.1	634	2201	3	0	3	634
CY207737.1	640	2204	0	3	3	2204
CY207737.1	651	1805	0	1	1	1805
CY207737.1	652	1397	1	0	1	652
CY207737.1	653	1523	0	1	1	1523
CY207737.1	658	1695	1	0	1	658
CY207737.1	658	1894	3	5	8	658
CY207737.1	661	2262	0	1	1	2262
CY207737.1	661	2311	0	1	1	2311
CY207737.1	667	2171	1	1	2	667
CY207737.1	681	2081	3	0	3	681
CY207737.1	683	2095	2	0	2	683
CY207737.1	692	1873	0	2	2	1873
CY207737.1	698	1904	1	2	3	698
CY207737.1	699	1590	1	0	1	699
CY207737.1	701	2058	1	1	2	701
CY207737.1	707	1671	0	2	2	1671
CY207737.1	708	1730	1	2	3	708
CY207737.1	725	1900	0	1	1	1900
CY207737.1	728	1912	0	1	1	1912
CY207737.1	737	1645	0	1	1	1645
CY207737.1	743	1872	0	1	1	1872
CY207737.1	747	2014	0	1	1	2014
CY207737.1	757	1742	0	1	1	1742
CY207737.1	759	2000	1	1	2	759
CY207737.1	760	2003	2	1	3	760
CY207737.1	763	2001	0	2	2	2001
CY207737.1	765	1999	0	1	1	1999
CY207737.1	768	1685	0	1	1	1685
CY207737.1	775	1974	1	0	1	775
CY207737.1	782	1083	0	1	1	1083
CY207737.1	789	1626	0	1	1	1626
CY207737.1	791	1809	1	0	1	791
CY207737.1	792	1298	0	1	1	1298
CY207737.1	795	1040	0	1	1	1040
CY207737.1	796	1855	0	2	2	1855
CY207737.1	801	1188	1	0	1	801
CY207737.1	803	1650	0	3	3	1650
CY207737.1	803	1821	0	3	3	1821
CY207737.1	804	1876	1	0	1	804
CY207737.1	809	1838	0	6	6	1838
CY207737.1	812	1838	0	2	2	1838
CY207737.1	814	1779	3	2	5	814
CY207737.1	832	1595	3	1	4	832
CY207737.1	839	1934	1	0	1	839
CY207737.1	842	1383	2	0	2	842
CY207737.1	846	1929	2	0	2	846
CY207737.1	850	1964	2	1	3	850
CY207737.1	864	1201	0	1	1	1201
CY207737.1	864	2389	1	0	1	864
CY207737.1	870	1688	0	1	1	1688
CY207737.1	870	1763	0	1	1	1763
CY207737.1	873	1730	1	0	1	873
CY207737.1	873	1739	1	1	2	873
CY207737.1	876	2381	0	1	1	2381
CY207737.1	889	1779	3	1	4	889
CY207737.1	890	1960	1	1	2	890
CY207737.1	892	1721	2	2	4	892
CY207737.1	893	1812	0	1	1	1812
CY207737.1	896	1769	0	1	1	1769
CY207737.1	899	1879	1	0	1	899
CY207737.1	909	1762	0	1	1	1762
CY207737.1	910	2298	1	0	1	910
CY207737.1	917	2309	1	0	1	917
CY207737.1	924	2111	0	4	4	2111
CY207737.1	934	1981	1	0	1	934
CY207737.1	938	1161	0	1	1	1161
CY207737.1	954	1633	0	2	2	1633
CY207737.1	954	2180	0	1	1	2180
CY207737.1	956	1735	1	0	1	956
CY207737.1	961	1819	1	2	3	961
CY207737.1	962	1728	0	1	1	1728
CY207737.1	968	2371	1	0	1	968
CY207737.1	975	1808	0	1	1	1808
CY207738.1	1032	1356	0	1	1	1356
CY207738.1	1040	1746	0	1	1	1746
CY207738.1	1042	1371	1	0	1	1042
CY207738.1	1051	2099	1	2	3	1051
CY207738.1	1062	2248	1	2	3	1062
CY207738.1	1063	1483	1	0	1	1063
CY207738.1	1101	2387	2	0	2	1101
CY207738.1	1104	1279	1	0	1	1104
CY207738.1	1107	1781	1	0	1	1107
CY207738.1	1108	2004	2	0	2	1108
CY207738.1	1117	2180	1	0	1	1117
CY207738.1	1120	1812	1	0	1	1120
CY207738.1	1124	2330	1	0	1	1124
CY207738.1	1127	1512	1	0	1	1127
CY207738.1	1202	1709	1	0	1	1202
CY207738.1	1229	1256	1	0	1	1229
CY207738.1	1234	1749	0	1	1	1749
CY207738.1	1272	1631	1	1	2	1272
CY207738.1	1289	1662	1	4	5	1289
CY207738.1	1296	1650	0	1	1	1650
CY207738.1	1300	1675	1	0	1	1300
CY207738.1	1304	1442	1	0	1	1304
CY207738.1	1309	1331	0	2	2	1331
CY207738.1	1324	1680	0	1	1	1680
CY207738.1	1339	2398	0	1	1	2398
CY207738.1	1354	1668	1	0	1	1354
CY207738.1	1393	1815	0	1	1	1815
CY207738.1	1393	2336	1	0	1	1393
CY207738.1	1396	1745	0	1	1	1745
CY207738.1	1414	2107	0	1	1	2107
CY207738.1	1415	1877	0	1	1	1877
CY207738.1	1415	1925	0	1	1	1925
CY207738.1	1416	1553	0	1	1	1553
CY207738.1	1420	2121	1	0	1	1420
CY207738.1	1546	1569	0	1	1	1569
CY207738.1	1547	2125	0	1	1	2125
CY207738.1	1556	1864	1	0	1	1556
CY207738.1	1567	2150	1	0	1	1567
CY207738.1	1570	1879	1	0	1	1570
CY207738.1	1571	1610	1	2	3	1571
CY207738.1	1665	1876	1	0	1	1665
CY207738.1	1672	2175	0	1	1	2175
CY207738.1	1771	2145	0	1	1	2145
CY207738.1	1771	2146	0	1	1	2146
CY207738.1	1789	2009	0	1	1	2009
CY207738.1	1912	1967	2	1	3	1912
CY207738.1	2086	2168	1	4	5	2086
CY207738.1	2160	2267	0	1	1	2267
CY207738.1	2218	2391	1	0	1	2218
CY207738.1	2256	2326	4	0	4	2256
CY207738.1	2311	2338	0	1	1	2338
CY207738.1	2336	2423	1	0	1	2336
CY207738.1	234	305	2	0	2	234
CY207738.1	244	474	1	0	1	244
CY207738.1	248	2231	1	0	1	248
CY207738.1	250	1537	1	0	1	250
CY207738.1	263	1237	1	0	1	263
CY207738.1	279	2221	1	0	1	279
CY207738.1	281	521	1	0	1	281
CY207738.1	283	1186	1	0	1	283
CY207738.1	283	856	1	0	1	283
CY207738.1	287	1579	1	0	1	287
CY207738.1	288	2377	1	0	1	288
CY207738.1	288	407	1	0	1	288
CY207738.1	290	1812	1	0	1	290
CY207738.1	319	2140	0	1	1	2140
CY207738.1	323	2312	2	2	4	323
CY207738.1	331	1723	0	1	1	1723
CY207738.1	331	2246	3	8	11	331
CY207738.1	332	1228	0	3	3	1228
CY207738.1	334	1325	0	1	1	1325
CY207738.1	335	743	1	0	1	335
CY207738.1	339	2328	0	1	1	2328
CY207738.1	342	1890	0	1	1	1890
CY207738.1	344	1240	1	1	2	344
CY207738.1	346	1330	0	1	1	1330
CY207738.1	346	2235	1	1	2	346
CY207738.1	346	2312	2	1	3	346
CY207738.1	347	1243	0	1	1	1243
CY207738.1	347	1246	0	1	1	1246
CY207738.1	347	796	0	1	1	796
CY207738.1	351	1652	0	1	1	1652
CY207738.1	357	2246	3	0	3	357
CY207738.1	363	1998	0	3	3	1998
CY207738.1	363	2301	3	4	7	363
CY207738.1	363	574	0	1	1	574
CY207738.1	364	2159	1	0	1	364
CY207738.1	365	1684	0	1	1	1684
CY207738.1	365	1890	2	1	3	365
CY207738.1	367	2311	0	3	3	2311
CY207738.1	367	2313	4	4	8	367
CY207738.1	367	2389	0	2	2	2389
CY207738.1	369	1673	0	2	2	1673
CY207738.1	370	1950	1	1	2	370
CY207738.1	372	2237	1	1	2	372
CY207738.1	373	2318	7	12	19	373
CY207738.1	375	1642	0	3	3	1642
CY207738.1	375	473	1	0	1	375
CY207738.1	376	2423	0	2	2	2423
CY207738.1	378	2243	0	1	1	2243
CY207738.1	378	2270	0	1	1	2270
CY207738.1	379	813	0	1	1	813
CY207738.1	380	1267	0	1	1	1267
CY207738.1	381	1655	1	0	1	381
CY207738.1	382	1649	0	3	3	1649
CY207738.1	383	2114	0	2	2	2114
CY207738.1	384	2314	4	9	13	384
CY207738.1	385	2254	0	2	2	2254
CY207738.1	386	2334	1	2	3	386
CY207738.1	390	1691	0	1	1	1691
CY207738.1	391	1273	1	1	2	391
CY207738.1	391	1980	0	1	1	1980
CY207738.1	393	1968	1	0	1	393
CY207738.1	395	767	0	5	5	767
CY207738.1	396	1440	0	1	1	1440
CY207738.1	396	1987	120	816	936	396
CY207738.1	397	1988	0	7	7	1988
CY207738.1	401	1346	0	3	3	1346
CY207738.1	403	1998	0	1	1	1998
CY207738.1	404	1996	0	2	2	1996
CY207738.1	404	776	1	1	2	404
CY207738.1	405	2377	1	0	1	405
CY207738.1	407	1352	0	4	4	1352
CY207738.1	407	2252	0	2	2	2252
CY207738.1	408	2215	1	2	3	408
CY207738.1	408	666	0	1	1	666
CY207738.1	410	1846	0	1	1	1846
CY207738.1	411	2314	2	3	5	411
CY207738.1	414	2028	0	3	3	2028
CY207738.1	414	2221	0	1	1	2221
CY207738.1	417	1361	0	2	2	1361
CY207738.1	417	2407	0	1	1	2407
CY207738.1	418	790	1	0	1	418
CY207738.1	420	2032	0	1	1	2032
CY207738.1	420	2362	0	3	3	2362
CY207738.1	421	1673	0	2	2	1673
CY207738.1	423	2007	0	4	4	2007
CY207738.1	424	1370	0	3	3	1370
CY207738.1	425	1084	0	1	1	1084
CY207738.1	428	1457	1	0	1	428
CY207738.1	429	492	0	5	5	492
CY207738.1	432	2037	0	6	6	2037
CY207738.1	434	790	0	1	1	790
CY207738.1	440	1398	0	2	2	1398
CY207738.1	445	2016	0	3	3	2016
CY207738.1	445	2142	1	1	2	445
CY207738.1	446	2207	0	1	1	2207
CY207738.1	447	1686	1	3	4	447
CY207738.1	453	2210	0	4	4	2210
CY207738.1	453	782	0	1	1	782
CY207738.1	456	1780	0	1	1	1780
CY207738.1	456	1827	0	1	1	1827
CY207738.1	460	2474	0	1	1	2474
CY207738.1	465	1672	0	1	1	1672
CY207738.1	467	2034	0	2	2	2034
CY207738.1	468	1310	0	1	1	1310
CY207738.1	470	2033	1	2	3	470
CY207738.1	470	2037	0	4	4	2037
CY207738.1	470	2055	1	0	1	470
CY207738.1	475	1986	0	1	1	1986
CY207738.1	476	711	0	1	1	711
CY207738.1	479	2238	4	9	13	479
CY207738.1	483	2134	2	5	7	483
CY207738.1	483	2233	3	7	10	483
CY207738.1	484	2132	1	6	7	484
CY207738.1	485	542	0	1	1	542
CY207738.1	492	1955	5	7	12	492
CY207738.1	495	2111	0	2	2	2111
CY207738.1	498	2152	0	1	1	2152
CY207738.1	503	2070	0	1	1	2070
CY207738.1	503	2131	2	1	3	503
CY207738.1	507	1196	0	1	1	1196
CY207738.1	510	2207	1	3	4	510
CY207738.1	513	1786	1	0	1	513
CY207738.1	516	1092	0	1	1	1092
CY207738.1	516	888	0	1	1	888
CY207738.1	517	2143	2	0	2	517
CY207738.1	521	2211	1	1	2	521
CY207738.1	521	2266	1	0	1	521
CY207738.1	522	1952	1	0	1	522
CY207738.1	522	2092	1	0	1	522
CY207738.1	523	1657	1	0	1	523
CY207738.1	523	1686	1	0	1	523
CY207738.1	523	2196	2	3	5	523
CY207738.1	523	2256	0	2	2	2256
CY207738.1	528	2176	0	1	1	2176
CY207738.1	528	2274	1	5	6	528
CY207738.1	529	1754	1	0	1	529
CY207738.1	529	2074	2	4	6	529
CY207738.1	532	2016	1	0	1	532
CY207738.1	535	1697	3	4	7	535
CY207738.1	536	1965	3	2	5	536
CY207738.1	536	2036	0	1	1	2036
CY207738.1	539	1425	1	0	1	539
CY207738.1	539	2042	1	5	6	539
CY207738.1	541	1811	2	1	3	541
CY207738.1	544	2072	0	4	4	2072
CY207738.1	545	2056	0	2	2	2056
CY207738.1	545	2197	1	6	7	545
CY207738.1	564	2101	2	2	4	564
CY207738.1	565	2115	2	2	4	565
CY207738.1	568	2033	4	15	19	568
CY207738.1	568	2057	0	2	2	2057
CY207738.1	573	2134	5	3	8	573
CY207738.1	575	635	1	0	1	575
CY207738.1	579	1817	0	1	1	1817
CY207738.1	580	2115	0	1	1	2115
CY207738.1	581	2111	1	5	6	581
CY207738.1	585	2220	0	1	1	2220
CY207738.1	596	2157	1	1	2	596
CY207738.1	600	1990	0	2	2	1990
CY207738.1	603	2067	0	1	1	2067
CY207738.1	605	2104	0	2	2	2104
CY207738.1	605	996	0	1	1	996
CY207738.1	607	2028	0	1	1	2028
CY207738.1	613	2093	1	1	2	613
CY207738.1	618	2056	1	1	2	618
CY207738.1	619	1804	0	1	1	1804
CY207738.1	619	2060	1	0	1	619
CY207738.1	623	2196	3	1	4	623
CY207738.1	628	2068	1	2	3	628
CY207738.1	630	2041	0	1	1	2041
CY207738.1	631	1957	2	2	4	631
CY207738.1	636	2072	6	0	6	636
CY207738.1	640	1815	1	2	3	640
CY207738.1	641	2028	1	0	1	641
CY207738.1	645	1988	1	2	3	645
CY207738.1	646	1802	1	0	1	646
CY207738.1	647	1914	2	1	3	647
CY207738.1	647	2119	0	1	1	2119
CY207738.1	647	2336	0	1	1	2336
CY207738.1	656	2077	1	1	2	656
CY207738.1	658	2008	2	3	5	658
CY207738.1	659	2071	1	2	3	659
CY207738.1	665	1990	0	1	1	1990
CY207738.1	670	716	0	1	1	716
CY207738.1	672	1895	2	2	4	672
CY207738.1	673	1993	1	2	3	673
CY207738.1	688	1771	2	0	2	688
CY207738.1	695	1630	1	0	1	695
CY207738.1	695	1841	8	8	16	695
CY207738.1	695	2032	1	2	3	695
CY207738.1	704	2029	3	0	3	704
CY207738.1	711	1954	2	0	2	711
CY207738.1	712	1956	1	1	2	712
CY207738.1	712	2015	0	1	1	2015
CY207738.1	719	1287	0	1	1	1287
CY207738.1	720	1955	1	0	1	720
CY207738.1	732	1945	0	1	1	1945
CY207738.1	733	1877	0	5	5	1877
CY207738.1	733	841	0	1	1	841
CY207738.1	742	1730	1	0	1	742
CY207738.1	749	1720	1	0	1	749
CY207738.1	749	1892	7	5	12	749
CY207738.1	749	2008	0	6	6	2008
CY207738.1	762	1957	3	1	4	762
CY207738.1	767	1938	0	1	1	1938
CY207738.1	776	1708	1	2	3	776
CY207738.1	790	1932	1	1	2	790
CY207738.1	790	2233	0	1	1	2233
CY207738.1	793	1573	0	1	1	1573
CY207738.1	793	1877	1	1	2	793
CY207738.1	796	1854	0	1	1	1854
CY207738.1	797	1923	0	1	1	1923
CY207738.1	797	2325	2	1	3	797
CY207738.1	807	2333	0	1	1	2333
CY207738.1	810	1665	1	0	1	810
CY207738.1	822	879	1	0	1	822
CY207738.1	823	1614	1	0	1	823
CY207738.1	827	1820	1	0	1	827
CY207738.1	827	1997	0	1	1	1997
CY207738.1	827	2040	1	2	3	827
CY207738.1	829	1895	3	2	5	829
CY207738.1	831	1864	2	0	2	831
CY207738.1	835	1768	3	0	3	835
CY207738.1	835	1780	2	1	3	835
CY207738.1	835	1863	1	0	1	835
CY207738.1	836	1875	1	2	3	836
CY207738.1	836	2035	0	2	2	2035
CY207738.1	837	1869	3	1	4	837
CY207738.1	839	1840	0	2	2	1840
CY207738.1	841	1040	1	0	1	841
CY207738.1	842	1768	1	1	2	842
CY207738.1	843	1872	0	2	2	1872
CY207738.1	850	1860	0	1	1	1860
CY207738.1	856	1850	1	1	2	856
CY207738.1	857	1857	1	2	3	857
CY207738.1	858	1850	1	2	3	858
CY207738.1	858	1852	0	1	1	1852
CY207738.1	861	1762	1	1	2	861
CY207738.1	861	1846	1	1	2	861
CY207738.1	863	2069	1	1	2	863
CY207738.1	865	1798	1	3	4	865
CY207738.1	868	1694	0	3	3	1694
CY207738.1	870	1402	1	0	1	870
CY207738.1	870	2482	0	1	1	2482
CY207738.1	874	1407	1	0	1	874
CY207738.1	883	942	1	0	1	883
CY207738.1	892	2383	0	1	1	2383
CY207738.1	895	1762	0	1	1	1762
CY207738.1	895	1814	1	1	2	895
CY207738.1	896	1101	0	2	2	1101
CY207738.1	898	1809	3	0	3	898
CY207738.1	899	1661	1	0	1	899
CY207738.1	905	1872	1	0	1	905
CY207738.1	913	1136	0	1	1	1136
CY207738.1	913	2331	0	1	1	2331
CY207738.1	926	2205	0	1	1	2205
CY207738.1	933	1704	1	1	2	933
CY207738.1	939	1218	0	1	1	1218
CY207738.1	952	1593	1	0	1	952
CY207738.1	952	1662	1	1	2	952
CY207738.1	953	1594	2	1	3	953
CY207738.1	953	1880	0	1	1	1880
CY207738.1	961	1692	0	1	1	1692
CY207738.1	963	1656	1	0	1	963
CY207738.1	968	1701	1	0	1	968
CY207738.1	971	1310	0	1	1	1310
CY207738.1	985	1299	0	1	1	1299
CY207738.1	996	1633	0	1	1	1633
