Segment	Start	Stop	Forward_support	Reverse_support	Total_support	Fuzz_factor
CY207731.1	1000	1191	1	0	1	1000
CY207731.1	1001	1151	1	0	1	1001
CY207731.1	1040	1495	1	0	1	1040
CY207731.1	1046	1479	1	0	1	1046
CY207731.1	1064	1769	1	0	1	1064
CY207731.1	1085	1820	0	1	1	1820
CY207731.1	1098	1407	1	0	1	1098
CY207731.1	1129	1685	0	1	1	1685
CY207731.1	1223	1876	1	1	2	1223
CY207731.1	1285	1672	1	0	1	1285
CY207731.1	1302	1333	0	1	1	1333
CY207731.1	1328	1564	0	1	1	1564
CY207731.1	1344	1731	0	1	1	1731
CY207731.1	1362	1439	1	0	1	1362
CY207731.1	1376	1536	0	1	1	1536
CY207731.1	1395	1659	0	1	1	1659
CY207731.1	1400	1787	0	1	1	1787
CY207731.1	1413	1769	0	1	1	1769
CY207731.1	1456	1759	0	1	1	1759
CY207731.1	1457	1758	1	0	1	1457
CY207731.1	1471	1666	0	1	1	1666
CY207731.1	1487	1511	0	1	1	1511
CY207731.1	1544	1838	0	1	1	1838
CY207731.1	1564	1865	0	1	1	1865
CY207731.1	1568	1617	0	1	1	1617
CY207731.1	1579	1629	1	0	1	1579
CY207731.1	1595	1724	0	1	1	1724
CY207731.1	1616	1641	1	0	1	1616
CY207731.1	1627	1686	0	2	2	1686
CY207731.1	1852	1908	0	1	1	1908
CY207731.1	236	266	1	0	1	236
CY207731.1	266	1687	1	0	1	266
CY207731.1	272	438	0	1	1	438
CY207731.1	277	1228	1	0	1	277
CY207731.1	279	1745	1	0	1	279
CY207731.1	287	1763	1	0	1	287
CY207731.1	288	1735	1	0	1	288
CY207731.1	290	1571	1	0	1	290
CY207731.1	306	1569	0	1	1	1569
CY207731.1	321	1756	1	0	1	321
CY207731.1	328	1909	0	1	1	1909
CY207731.1	332	1675	1	0	1	332
CY207731.1	344	394	0	1	1	394
CY207731.1	350	1690	1	0	1	350
CY207731.1	352	1107	0	1	1	1107
CY207731.1	363	1602	0	1	1	1602
CY207731.1	366	1585	1	0	1	366
CY207731.1	369	1512	0	1	1	1512
CY207731.1	369	806	0	1	1	806
CY207731.1	371	1277	6	8	14	371
CY207731.1	377	1684	0	1	1	1684
CY207731.1	379	1429	0	1	1	1429
CY207731.1	379	1589	2	0	2	379
CY207731.1	379	439	0	1	1	439
CY207731.1	383	1596	0	1	1	1596
CY207731.1	384	911	0	1	1	911
CY207731.1	385	1186	0	1	1	1186
CY207731.1	390	1735	0	1	1	1735
CY207731.1	390	505	0	1	1	505
CY207731.1	394	1354	0	1	1	1354
CY207731.1	394	1628	0	1	1	1628
CY207731.1	397	1757	1	0	1	397
CY207731.1	398	1756	0	1	1	1756
CY207731.1	405	1537	0	1	1	1537
CY207731.1	419	1488	1	0	1	419
CY207731.1	421	998	0	1	1	998
CY207731.1	422	1244	1	0	1	422
CY207731.1	427	1725	0	1	1	1725
CY207731.1	428	563	0	1	1	563
CY207731.1	432	1673	0	1	1	1673
CY207731.1	434	946	0	1	1	946
CY207731.1	443	1280	1	0	1	443
CY207731.1	458	1219	0	1	1	1219
CY207731.1	462	1457	0	1	1	1457
CY207731.1	466	1588	0	1	1	1588
CY207731.1	470	1584	0	1	1	1584
CY207731.1	472	1596	0	1	1	1596
CY207731.1	474	1415	0	1	1	1415
CY207731.1	483	1533	0	1	1	1533
CY207731.1	500	1367	0	1	1	1367
CY207731.1	509	893	0	1	1	893
CY207731.1	518	1587	0	1	1	1587
CY207731.1	519	1482	0	1	1	1482
CY207731.1	525	1462	1	1	2	525
CY207731.1	529	1307	1	0	1	529
CY207731.1	537	1477	0	1	1	1477
CY207731.1	555	1324	0	1	1	1324
CY207731.1	565	1641	1	0	1	565
CY207731.1	568	1204	2	0	2	568
CY207731.1	569	1047	0	1	1	1047
CY207731.1	589	1629	1	0	1	589
CY207731.1	605	848	1	0	1	605
CY207731.1	611	1573	1	0	1	611
CY207731.1	656	1261	1	0	1	656
CY207731.1	656	1720	1	0	1	656
CY207731.1	656	1804	0	1	1	1804
CY207731.1	678	1716	1	0	1	678
CY207731.1	698	1140	0	1	1	1140
CY207731.1	711	1029	1	0	1	711
CY207731.1	711	1150	1	0	1	711
CY207731.1	725	1195	0	1	1	1195
CY207731.1	728	1269	0	1	1	1269
CY207731.1	735	1249	2	0	2	735
CY207731.1	737	1371	1	0	1	737
CY207731.1	738	1009	0	1	1	1009
CY207731.1	762	1689	0	1	1	1689
CY207731.1	766	1125	1	0	1	766
CY207731.1	770	1676	1	0	1	770
CY207731.1	793	1305	0	1	1	1305
CY207731.1	806	1758	0	1	1	1758
CY207731.1	814	1545	0	1	1	1545
CY207731.1	829	939	1	0	1	829
CY207731.1	843	1282	1	0	1	843
CY207731.1	870	1446	0	1	1	1446
CY207731.1	928	1610	0	1	1	1610
CY207731.1	934	1816	1	0	1	934
CY207731.1	941	1197	0	2	2	1197
CY207731.1	949	1810	0	1	1	1810
CY207731.1	967	1077	1	0	1	967
CY207731.1	970	1209	1	0	1	970
CY207731.1	991	1820	0	1	1	1820
CY207732.1	1138	1163	0	1	1	1163
CY207732.1	256	488	1	0	1	256
CY207732.1	262	864	1	0	1	262
CY207732.1	270	496	1	0	1	270
CY207732.1	275	657	1	0	1	275
CY207732.1	275	848	3	0	3	275
CY207732.1	283	328	1	0	1	283
CY207732.1	288	365	1	0	1	288
CY207732.1	294	1086	1	0	1	294
CY207732.1	341	983	0	1	1	983
CY207732.1	357	1028	1	0	1	357
CY207732.1	385	1031	0	2	2	1031
CY207732.1	399	1038	0	1	1	1038
CY207732.1	400	913	1	0	1	400
CY207732.1	402	575	1	0	1	402
CY207732.1	406	704	0	1	1	704
CY207732.1	408	850	0	1	1	850
CY207732.1	414	1056	1	0	1	414
CY207732.1	419	706	0	2	2	706
CY207732.1	427	567	0	1	1	567
CY207732.1	441	884	0	1	1	884
CY207732.1	445	863	1	0	1	445
CY207732.1	447	821	0	1	1	821
CY207732.1	449	1136	0	1	1	1136
CY207732.1	462	553	0	1	1	553
CY207732.1	467	500	0	2	2	500
CY207732.1	468	1157	0	2	2	1157
CY207732.1	477	813	0	1	1	813
CY207732.1	481	1139	0	1	1	1139
CY207732.1	486	834	0	1	1	834
CY207732.1	490	811	0	1	1	811
CY207732.1	495	551	0	1	1	551
CY207732.1	499	673	0	1	1	673
CY207732.1	500	606	0	1	1	606
CY207732.1	505	905	0	1	1	905
CY207732.1	514	1116	0	1	1	1116
CY207732.1	543	1007	0	1	1	1007
CY207732.1	556	969	1	0	1	556
CY207732.1	557	849	0	1	1	849
CY207732.1	560	626	0	1	1	626
CY207732.1	565	825	0	1	1	825
CY207732.1	609	939	1	0	1	609
CY207732.1	629	820	0	1	1	820
CY207732.1	634	1009	1	0	1	634
CY207732.1	679	815	0	1	1	815
CY207732.1	681	964	0	1	1	964
CY207732.1	682	825	1	0	1	682
CY207732.1	685	839	2	0	2	685
CY207732.1	703	907	1	0	1	703
CY207732.1	705	824	1	0	1	705
CY207732.1	715	965	0	1	1	965
CY207732.1	749	872	0	1	1	872
CY207732.1	759	794	1	0	1	759
CY207732.1	790	956	1	0	1	790
CY207732.1	792	844	1	0	1	792
CY207732.1	803	1034	1	0	1	803
CY207732.1	817	866	0	1	1	866
CY207732.1	818	863	1	0	1	818
CY207732.1	863	1124	1	0	1	863
CY207732.1	876	1067	1	0	1	876
CY207732.1	923	1017	1	0	1	923
CY207732.1	955	1020	1	0	1	955
CY207732.1	989	1147	0	1	1	1147
CY207733.1	1144	1211	1	0	1	1144
CY207733.1	1386	1428	0	1	1	1428
CY207733.1	1415	1509	0	1	1	1509
CY207733.1	1426	1513	0	1	1	1513
CY207733.1	1540	1592	0	2	2	1592
CY207733.1	1567	1591	0	1	1	1591
CY207733.1	242	1434	1	0	1	242
CY207733.1	256	1428	1	0	1	256
CY207733.1	265	1395	1	0	1	265
CY207733.1	267	366	1	0	1	267
CY207733.1	270	357	2	0	2	270
CY207733.1	271	1437	2	0	2	271
CY207733.1	272	1546	1	0	1	272
CY207733.1	273	1382	1	0	1	273
CY207733.1	277	326	1	0	1	277
CY207733.1	287	1427	1	0	1	287
CY207733.1	288	1478	1	0	1	288
CY207733.1	296	1435	1	0	1	296
CY207733.1	298	1449	0	1	1	1449
CY207733.1	299	1491	1	0	1	299
CY207733.1	299	1496	0	1	1	1496
CY207733.1	300	1436	0	1	1	1436
CY207733.1	328	1333	0	1	1	1333
CY207733.1	330	1375	0	1	1	1375
CY207733.1	337	1223	0	1	1	1223
CY207733.1	349	1337	1	1	2	349
CY207733.1	360	1481	0	1	1	1481
CY207733.1	366	1415	1	0	1	366
CY207733.1	371	1220	0	1	1	1220
CY207733.1	402	556	0	1	1	556
CY207733.1	413	1401	1	0	1	413
CY207733.1	446	513	1	0	1	446
CY207733.1	460	1014	0	1	1	1014
CY207733.1	463	1235	1	0	1	463
CY207733.1	464	1361	0	1	1	1361
CY207733.1	511	869	0	1	1	869
CY207733.1	514	1418	1	0	1	514
CY207733.1	560	1143	1	0	1	560
CY207733.1	628	1185	1	0	1	628
CY207733.1	672	917	0	1	1	917
CY207733.1	721	969	0	1	1	969
CY207733.1	776	1050	0	1	1	1050
CY207733.1	788	1483	1	0	1	788
CY207733.1	789	1366	0	1	1	1366
CY207733.1	798	1425	1	0	1	798
CY207733.1	804	840	0	1	1	840
CY207733.1	892	934	0	1	1	934
CY207734.1	1064	1103	0	1	1	1103
CY207734.1	1107	1523	0	1	1	1523
CY207734.1	1149	1624	0	1	1	1624
CY207734.1	1308	1391	0	1	1	1391
CY207734.1	1501	1540	1	0	1	1501
CY207734.1	1580	1697	0	2	2	1697
CY207734.1	250	733	1	0	1	250
CY207734.1	269	1594	2	0	2	269
CY207734.1	270	1613	1	0	1	270
CY207734.1	270	295	1	0	1	270
CY207734.1	271	305	1	0	1	271
CY207734.1	279	305	1	0	1	279
CY207734.1	290	974	1	0	1	290
CY207734.1	321	1567	0	1	1	1567
CY207734.1	335	1537	0	1	1	1537
CY207734.1	335	359	0	1	1	359
CY207734.1	339	1537	1	0	1	339
CY207734.1	346	1422	1	0	1	346
CY207734.1	359	1576	0	1	1	1576
CY207734.1	369	1532	0	1	1	1532
CY207734.1	369	800	0	1	1	800
CY207734.1	382	1538	0	1	1	1538
CY207734.1	389	1370	1	0	1	389
CY207734.1	396	1429	0	1	1	1429
CY207734.1	401	1042	1	0	1	401
CY207734.1	406	454	0	1	1	454
CY207734.1	411	1539	1	0	1	411
CY207734.1	415	731	0	1	1	731
CY207734.1	416	533	1	0	1	416
CY207734.1	423	1337	0	1	1	1337
CY207734.1	428	1501	0	2	2	1501
CY207734.1	429	1405	0	2	2	1405
CY207734.1	430	1567	1	0	1	430
CY207734.1	431	1142	0	1	1	1142
CY207734.1	439	923	0	1	1	923
CY207734.1	441	1405	0	1	1	1405
CY207734.1	456	1471	0	1	1	1471
CY207734.1	456	1681	0	1	1	1681
CY207734.1	467	1292	1	0	1	467
CY207734.1	467	703	0	1	1	703
CY207734.1	468	1501	1	0	1	468
CY207734.1	468	798	1	0	1	468
CY207734.1	469	1495	0	1	1	1495
CY207734.1	498	573	1	0	1	498
CY207734.1	519	1400	0	1	1	1400
CY207734.1	521	841	2	0	2	521
CY207734.1	524	1444	0	1	1	1444
CY207734.1	525	1492	0	1	1	1492
CY207734.1	527	1378	0	1	1	1378
CY207734.1	538	847	1	0	1	538
CY207734.1	544	1508	1	0	1	544
CY207734.1	545	603	0	1	1	603
CY207734.1	550	747	1	0	1	550
CY207734.1	551	1379	1	0	1	551
CY207734.1	559	890	0	1	1	890
CY207734.1	561	1588	0	1	1	1588
CY207734.1	562	1426	0	1	1	1426
CY207734.1	568	625	1	0	1	568
CY207734.1	591	847	0	1	1	847
CY207734.1	591	921	0	1	1	921
CY207734.1	601	721	1	0	1	601
CY207734.1	605	1170	1	0	1	605
CY207734.1	613	1295	0	1	1	1295
CY207734.1	622	1544	0	1	1	1544
CY207734.1	636	678	0	1	1	678
CY207734.1	653	1068	0	1	1	1068
CY207734.1	677	1443	0	1	1	1443
CY207734.1	680	1437	0	1	1	1437
CY207734.1	686	1252	1	0	1	686
CY207734.1	686	1572	0	1	1	1572
CY207734.1	712	1513	1	0	1	712
CY207734.1	718	914	0	1	1	914
CY207734.1	746	1575	1	0	1	746
CY207734.1	749	1442	0	1	1	1442
CY207734.1	824	1049	0	1	1	1049
CY207734.1	835	1147	0	1	1	1147
CY207734.1	840	875	1	0	1	840
CY207734.1	866	1044	0	1	1	1044
CY207734.1	876	1176	1	0	1	876
CY207734.1	898	1085	0	1	1	1085
CY207734.1	907	1191	0	1	1	1191
CY207734.1	920	1227	0	1	1	1227
CY207734.1	929	1417	0	1	1	1417
CY207734.1	937	1693	0	1	1	1693
CY207734.1	942	1093	1	0	1	942
CY207734.1	956	1702	0	1	1	1702
CY207734.1	961	1089	0	1	1	1089
CY207734.1	971	1042	0	1	1	1042
CY207735.1	1008	1033	0	1	1	1033
CY207735.1	250	948	2	0	2	250
CY207735.1	253	1013	2	0	2	253
CY207735.1	253	911	1	0	1	253
CY207735.1	256	901	1	0	1	256
CY207735.1	258	900	1	0	1	258
CY207735.1	258	921	1	0	1	258
CY207735.1	267	322	1	0	1	267
CY207735.1	268	943	1	0	1	268
CY207735.1	273	944	2	0	2	273
CY207735.1	278	888	1	0	1	278
CY207735.1	279	901	2	0	2	279
CY207735.1	284	970	1	0	1	284
CY207735.1	287	789	1	0	1	287
CY207735.1	287	876	1	0	1	287
CY207735.1	288	927	1	0	1	288
CY207735.1	288	935	1	0	1	288
CY207735.1	288	977	1	0	1	288
CY207735.1	289	934	5	0	5	289
CY207735.1	302	1012	0	2	2	1012
CY207735.1	349	843	0	3	3	843
CY207735.1	349	849	0	2	2	849
CY207735.1	350	901	1	0	1	350
CY207735.1	376	768	0	1	1	768
CY207735.1	398	1004	0	1	1	1004
CY207735.1	409	730	0	1	1	730
CY207735.1	411	660	0	2	2	660
CY207735.1	427	930	1	1	2	427
CY207735.1	429	771	0	2	2	771
CY207735.1	432	768	0	1	1	768
CY207735.1	464	540	0	1	1	540
CY207735.1	489	865	0	1	1	865
CY207735.1	511	740	7	20	27	511
CY207735.1	519	746	1	0	1	519
CY207735.1	527	1022	0	2	2	1022
CY207735.1	606	816	1	0	1	606
CY207735.1	690	888	0	1	1	888
CY207735.1	830	903	0	1	1	903
CY207735.1	847	895	1	0	1	847
CY207735.1	925	970	1	0	1	925
CY207735.1	985	1034	0	1	1	1034
CY207736.1	1056	1535	1	0	1	1056
CY207736.1	1057	2110	1	0	1	1057
CY207736.1	1078	1728	1	0	1	1078
CY207736.1	1095	2005	1	1	2	1095
CY207736.1	1109	2020	0	1	1	2020
CY207736.1	1122	1706	1	0	1	1122
CY207736.1	1130	1475	0	1	1	1475
CY207736.1	1200	1354	0	1	1	1354
CY207736.1	1206	1415	1	0	1	1206
CY207736.1	1213	2024	1	0	1	1213
CY207736.1	1258	1647	0	1	1	1647
CY207736.1	1259	1857	0	1	1	1857
CY207736.1	1264	1722	1	0	1	1264
CY207736.1	1321	1394	1	0	1	1321
CY207736.1	1325	1470	0	1	1	1470
CY207736.1	1345	2369	0	1	1	2369
CY207736.1	1372	2217	1	0	1	1372
CY207736.1	1462	1900	1	0	1	1462
CY207736.1	1473	2206	0	1	1	2206
CY207736.1	1493	2003	0	1	1	2003
CY207736.1	1498	2095	0	1	1	2095
CY207736.1	1566	1995	1	0	1	1566
CY207736.1	1607	1851	1	0	1	1607
CY207736.1	1626	2262	0	1	1	2262
CY207736.1	1649	2366	0	1	1	2366
CY207736.1	1709	1967	0	1	1	1967
CY207736.1	1770	1839	1	1	2	1770
CY207736.1	1785	1830	1	0	1	1785
CY207736.1	1826	1868	1	0	1	1826
CY207736.1	1898	2157	0	1	1	2157
CY207736.1	1908	1934	1	1	2	1908
CY207736.1	1940	1995	1	0	1	1940
CY207736.1	1960	1997	1	0	1	1960
CY207736.1	2005	2271	1	0	1	2005
CY207736.1	2041	2077	1	0	1	2041
CY207736.1	2056	2169	0	1	1	2169
CY207736.1	2073	2165	0	1	1	2165
CY207736.1	2078	2146	0	1	1	2146
CY207736.1	2086	2123	1	0	1	2086
CY207736.1	2103	2265	0	1	1	2265
CY207736.1	2129	2169	5	5	10	2129
CY207736.1	2130	2172	2	2	4	2130
CY207736.1	2131	2167	1	0	1	2131
CY207736.1	2131	2215	0	1	1	2215
CY207736.1	2139	2171	0	2	2	2171
CY207736.1	2143	2216	1	4	5	2143
CY207736.1	2146	2285	1	0	1	2146
CY207736.1	2167	2216	1	0	1	2167
CY207736.1	2180	2240	1	1	2	2180
CY207736.1	2185	2216	1	0	1	2185
CY207736.1	2209	2293	0	1	1	2293
CY207736.1	2215	2250	10	19	29	2215
CY207736.1	2215	2271	0	2	2	2271
CY207736.1	2225	2257	1	0	1	2225
CY207736.1	2236	2264	0	1	1	2264
CY207736.1	2238	2286	0	5	5	2286
CY207736.1	235	1947	1	0	1	235
CY207736.1	243	284	1	0	1	243
CY207736.1	248	1481	1	0	1	248
CY207736.1	249	2245	2	0	2	249
CY207736.1	249	335	1	0	1	249
CY207736.1	256	294	1	0	1	256
CY207736.1	259	2140	1	0	1	259
CY207736.1	260	2010	1	0	1	260
CY207736.1	264	2291	1	0	1	264
CY207736.1	268	2063	1	0	1	268
CY207736.1	268	2140	1	0	1	268
CY207736.1	268	2169	1	0	1	268
CY207736.1	269	305	3	0	3	269
CY207736.1	269	312	1	0	1	269
CY207736.1	269	362	2	0	2	269
CY207736.1	271	339	1	0	1	271
CY207736.1	272	311	1	1	2	272
CY207736.1	272	326	1	0	1	272
CY207736.1	273	2203	1	0	1	273
CY207736.1	275	2255	2	0	2	275
CY207736.1	279	304	3	0	3	279
CY207736.1	280	1308	3	0	3	280
CY207736.1	280	2075	2	0	2	280
CY207736.1	280	326	1	0	1	280
CY207736.1	280	376	1	0	1	280
CY207736.1	281	322	2	0	2	281
CY207736.1	282	1862	3	0	3	282
CY207736.1	282	2132	1	0	1	282
CY207736.1	282	363	1	0	1	282
CY207736.1	284	1844	1	0	1	284
CY207736.1	290	2052	2	0	2	290
CY207736.1	290	336	9	1	10	290
CY207736.1	292	2155	2	0	2	292
CY207736.1	293	327	1	0	1	293
CY207736.1	301	336	0	1	1	336
CY207736.1	304	2240	0	1	1	2240
CY207736.1	308	1712	1	0	1	308
CY207736.1	310	334	0	1	1	334
CY207736.1	313	389	0	1	1	389
CY207736.1	320	2223	1	2	3	320
CY207736.1	325	2147	0	1	1	2147
CY207736.1	327	2217	5	3	8	327
CY207736.1	327	2247	1	0	1	327
CY207736.1	328	2207	1	0	1	328
CY207736.1	329	1725	0	1	1	1725
CY207736.1	329	2134	0	2	2	2134
CY207736.1	329	2202	1	0	1	329
CY207736.1	332	2149	2	4	6	332
CY207736.1	333	2130	0	1	1	2130
CY207736.1	333	2215	6	2	8	333
CY207736.1	333	2245	0	1	1	2245
CY207736.1	333	361	0	2	2	361
CY207736.1	334	2028	1	0	1	334
CY207736.1	334	2133	0	1	1	2133
CY207736.1	334	2180	1	0	1	334
CY207736.1	334	2212	1	0	1	334
CY207736.1	334	2259	0	1	1	2259
CY207736.1	335	2224	0	4	4	2224
CY207736.1	338	2174	1	0	1	338
CY207736.1	339	2136	0	1	1	2136
CY207736.1	342	2110	0	1	1	2110
CY207736.1	345	2063	0	10	10	2063
CY207736.1	345	2140	0	1	1	2140
CY207736.1	345	2147	0	6	6	2147
CY207736.1	345	2155	1	16	17	345
CY207736.1	346	2058	1	1	2	346
CY207736.1	346	2172	1	0	1	346
CY207736.1	347	449	1	0	1	347
CY207736.1	348	2141	0	1	1	2141
CY207736.1	352	2172	0	1	1	2172
CY207736.1	353	2212	0	2	2	2212
CY207736.1	357	2168	0	1	1	2168
CY207736.1	359	2133	0	1	1	2133
CY207736.1	359	2163	0	1	1	2163
CY207736.1	360	2132	0	3	3	2132
CY207736.1	360	2155	0	1	1	2155
CY207736.1	360	2209	1	0	1	360
CY207736.1	360	2237	0	1	1	2237
CY207736.1	360	436	0	1	1	436
CY207736.1	361	2109	0	1	1	2109
CY207736.1	361	2172	23	85	108	361
CY207736.1	361	2216	2	3	5	361
CY207736.1	363	2148	0	2	2	2148
CY207736.1	363	2203	5	8	13	363
CY207736.1	363	2259	1	0	1	363
CY207736.1	363	410	0	1	1	410
CY207736.1	364	2175	0	1	1	2175
CY207736.1	365	2143	0	2	2	2143
CY207736.1	367	2156	1	1	2	367
CY207736.1	367	2160	1	1	2	367
CY207736.1	367	2170	0	1	1	2170
CY207736.1	367	605	0	1	1	605
CY207736.1	368	2171	1	0	1	368
CY207736.1	369	2201	0	1	1	2201
CY207736.1	374	2215	0	1	1	2215
CY207736.1	375	2153	0	1	1	2153
CY207736.1	375	2163	0	1	1	2163
CY207736.1	375	2238	1	0	1	375
CY207736.1	376	2171	0	1	1	2171
CY207736.1	379	2104	0	5	5	2104
CY207736.1	380	2259	0	3	3	2259
CY207736.1	383	2141	0	5	5	2141
CY207736.1	383	2163	0	4	4	2163
CY207736.1	384	2028	0	4	4	2028
CY207736.1	384	2065	0	1	1	2065
CY207736.1	385	2064	0	1	1	2064
CY207736.1	385	2132	1	11	12	385
CY207736.1	385	2140	1	2	3	385
CY207736.1	385	2162	1	5	6	385
CY207736.1	385	436	0	1	1	436
CY207736.1	385	437	0	2	2	437
CY207736.1	386	2077	0	4	4	2077
CY207736.1	386	2154	0	1	1	2154
CY207736.1	386	2172	0	2	2	2172
CY207736.1	386	434	0	1	1	434
CY207736.1	387	2266	1	0	1	387
CY207736.1	388	2141	0	1	1	2141
CY207736.1	388	2223	0	1	1	2223
CY207736.1	388	2285	0	1	1	2285
CY207736.1	388	452	1	0	1	388
CY207736.1	390	2153	0	1	1	2153
CY207736.1	391	2140	1	2	3	391
CY207736.1	391	2183	0	2	2	2183
CY207736.1	394	2146	0	1	1	2146
CY207736.1	396	2141	0	4	4	2141
CY207736.1	397	2180	1	2	3	397
CY207736.1	400	2213	1	0	1	400
CY207736.1	401	2270	1	0	1	401
CY207736.1	402	1915	0	1	1	1915
CY207736.1	403	2141	1	1	2	403
CY207736.1	403	2148	0	1	1	2148
CY207736.1	403	2156	1	9	10	403
CY207736.1	403	2223	2	0	2	403
CY207736.1	405	2009	0	1	1	2009
CY207736.1	405	2041	0	3	3	2041
CY207736.1	405	2142	0	1	1	2142
CY207736.1	405	2143	0	1	1	2143
CY207736.1	405	2175	1	0	1	405
CY207736.1	405	2215	1	1	2	405
CY207736.1	406	2148	0	1	1	2148
CY207736.1	407	2134	0	2	2	2134
CY207736.1	408	2163	0	1	1	2163
CY207736.1	409	2064	0	1	1	2064
CY207736.1	410	2134	1	1	2	410
CY207736.1	410	2164	1	4	5	410
CY207736.1	411	2040	1	1	2	411
CY207736.1	412	2149	0	1	1	2149
CY207736.1	415	2140	4	23	27	415
CY207736.1	416	2131	0	1	1	2131
CY207736.1	416	2145	1	0	1	416
CY207736.1	416	2216	2	0	2	416
CY207736.1	428	2191	2	0	2	428
CY207736.1	434	1746	0	1	1	1746
CY207736.1	435	1971	1	0	1	435
CY207736.1	435	2215	2	2	4	435
CY207736.1	436	2133	0	2	2	2133
CY207736.1	436	2163	0	2	2	2163
CY207736.1	436	2259	0	1	1	2259
CY207736.1	436	460	1	0	1	436
CY207736.1	437	2149	0	1	1	2149
CY207736.1	439	2031	1	1	2	439
CY207736.1	442	1968	1	0	1	442
CY207736.1	444	2255	0	1	1	2255
CY207736.1	444	2264	0	1	1	2264
CY207736.1	447	2158	0	1	1	2158
CY207736.1	448	2070	0	2	2	2070
CY207736.1	448	2132	0	1	1	2132
CY207736.1	448	2135	0	2	2	2135
CY207736.1	448	2140	0	1	1	2140
CY207736.1	448	2147	0	1	1	2147
CY207736.1	448	472	1	0	1	448
CY207736.1	448	500	0	2	2	500
CY207736.1	449	2077	4	17	21	449
CY207736.1	451	2149	0	1	1	2149
CY207736.1	452	2030	0	1	1	2030
CY207736.1	453	2041	1	1	2	453
CY207736.1	454	2038	0	2	2	2038
CY207736.1	454	2040	1	0	1	454
CY207736.1	454	2133	0	1	1	2133
CY207736.1	454	2136	0	2	2	2136
CY207736.1	457	2068	0	1	1	2068
CY207736.1	458	2041	0	2	2	2041
CY207736.1	458	504	0	1	1	504
CY207736.1	466	2038	1	0	1	466
CY207736.1	469	2084	0	1	1	2084
CY207736.1	471	2078	0	1	1	2078
CY207736.1	471	2171	2	0	2	471
CY207736.1	472	2001	1	0	1	472
CY207736.1	472	2032	1	0	1	472
CY207736.1	472	2072	0	1	1	2072
CY207736.1	473	2062	1	0	1	473
CY207736.1	473	2211	1	0	1	473
CY207736.1	474	2089	0	1	1	2089
CY207736.1	476	2064	3	5	8	476
CY207736.1	477	2147	0	5	5	2147
CY207736.1	477	500	0	1	1	500
CY207736.1	478	2010	15	7	22	478
CY207736.1	478	2042	1	1	2	478
CY207736.1	478	2073	0	1	1	2073
CY207736.1	482	2063	5	3	8	482
CY207736.1	482	2155	0	1	1	2155
CY207736.1	483	2010	0	1	1	2010
CY207736.1	483	2063	0	1	1	2063
CY207736.1	485	2061	1	1	2	485
CY207736.1	485	567	1	0	1	485
CY207736.1	488	2070	0	1	1	2070
CY207736.1	489	2009	2	2	4	489
CY207736.1	489	515	7	3	10	489
CY207736.1	490	2011	4	0	4	490
CY207736.1	490	2038	1	2	3	490
CY207736.1	490	2064	0	1	1	2064
CY207736.1	490	513	2	0	2	490
CY207736.1	491	2134	1	0	1	491
CY207736.1	492	2019	16	9	25	492
CY207736.1	492	515	0	1	1	515
CY207736.1	495	2028	3	1	4	495
CY207736.1	495	2066	7	0	7	495
CY207736.1	497	2028	0	1	1	2028
CY207736.1	497	2064	1	0	1	497
CY207736.1	499	2009	1	1	2	499
CY207736.1	499	2026	0	1	1	2026
CY207736.1	499	2057	1	0	1	499
CY207736.1	503	2063	4	1	5	503
CY207736.1	504	2010	1	0	1	504
CY207736.1	504	2265	0	1	1	2265
CY207736.1	505	1997	1	0	1	505
CY207736.1	505	581	1	0	1	505
CY207736.1	508	2171	0	1	1	2171
CY207736.1	511	2120	5	1	6	511
CY207736.1	512	1871	2	0	2	512
CY207736.1	512	1941	1	0	1	512
CY207736.1	512	2032	1	0	1	512
CY207736.1	512	2034	4	4	8	512
CY207736.1	512	2064	0	1	1	2064
CY207736.1	512	2133	1	0	1	512
CY207736.1	513	2044	1	0	1	513
CY207736.1	514	566	1	0	1	514
CY207736.1	515	2010	4	0	4	515
CY207736.1	528	870	1	0	1	528
CY207736.1	532	2073	6	4	10	532
CY207736.1	535	2060	0	1	1	2060
CY207736.1	537	1971	1	0	1	537
CY207736.1	537	2012	1	0	1	537
CY207736.1	537	581	0	1	1	581
CY207736.1	538	1807	0	1	1	1807
CY207736.1	538	2017	0	1	1	2017
CY207736.1	538	2028	1	1	2	538
CY207736.1	538	2064	0	2	2	2064
CY207736.1	538	560	0	1	1	560
CY207736.1	542	1953	0	2	2	1953
CY207736.1	546	2147	0	1	1	2147
CY207736.1	547	2010	0	1	1	2010
CY207736.1	547	2058	0	1	1	2058
CY207736.1	549	1792	1	0	1	549
CY207736.1	549	2242	3	3	6	549
CY207736.1	550	2016	1	0	1	550
CY207736.1	554	2005	1	0	1	554
CY207736.1	554	2017	2	0	2	554
CY207736.1	555	2064	1	5	6	555
CY207736.1	555	2133	0	1	1	2133
CY207736.1	561	2141	1	0	1	561
CY207736.1	563	2001	1	0	1	563
CY207736.1	563	2017	0	1	1	2017
CY207736.1	564	1871	1	0	1	564
CY207736.1	564	1944	1	0	1	564
CY207736.1	564	2035	1	1	2	564
CY207736.1	564	2064	0	1	1	2064
CY207736.1	565	614	1	2	3	565
CY207736.1	567	1950	2	0	2	567
CY207736.1	570	2009	1	0	1	570
CY207736.1	570	2010	1	0	1	570
CY207736.1	571	969	1	0	1	571
CY207736.1	575	2021	2	0	2	575
CY207736.1	576	1999	1	0	1	576
CY207736.1	576	2062	12	7	19	576
CY207736.1	580	2162	0	3	3	2162
CY207736.1	581	1954	0	1	1	1954
CY207736.1	582	1952	2	1	3	582
CY207736.1	585	1870	1	0	1	585
CY207736.1	585	1919	1	0	1	585
CY207736.1	585	1930	0	1	1	1930
CY207736.1	587	2011	0	1	1	2011
CY207736.1	590	2008	1	0	1	590
CY207736.1	595	1813	2	0	2	595
CY207736.1	595	1924	1	0	1	595
CY207736.1	596	2002	1	0	1	596
CY207736.1	605	2182	0	1	1	2182
CY207736.1	606	1903	0	1	1	1903
CY207736.1	607	1888	4	1	5	607
CY207736.1	607	2153	1	0	1	607
CY207736.1	608	1789	0	2	2	1789
CY207736.1	608	1950	1	4	5	608
CY207736.1	608	2041	1	1	2	608
CY207736.1	608	2157	0	1	1	2157
CY207736.1	609	1941	1	1	2	609
CY207736.1	612	1856	4	0	4	612
CY207736.1	612	1922	1	0	1	612
CY207736.1	616	1870	1	0	1	616
CY207736.1	616	657	1	0	1	616
CY207736.1	617	1904	0	1	1	1904
CY207736.1	617	1914	0	1	1	1914
CY207736.1	617	1950	3	0	3	617
CY207736.1	617	1951	2	1	3	617
CY207736.1	619	2012	1	0	1	619
CY207736.1	623	1946	1	0	1	623
CY207736.1	628	1950	2	0	2	628
CY207736.1	629	2009	1	0	1	629
CY207736.1	629	2163	1	0	1	629
CY207736.1	630	1935	0	1	1	1935
CY207736.1	631	1183	0	1	1	1183
CY207736.1	632	1934	1	0	1	632
CY207736.1	632	1955	1	0	1	632
CY207736.1	636	1872	1	0	1	636
CY207736.1	637	1922	1	0	1	637
CY207736.1	638	1830	1	0	1	638
CY207736.1	640	1919	0	1	1	1919
CY207736.1	644	1902	0	1	1	1902
CY207736.1	647	1895	2	0	2	647
CY207736.1	648	1915	0	1	1	1915
CY207736.1	650	1913	1	0	1	650
CY207736.1	651	799	0	1	1	799
CY207736.1	653	1840	1	1	2	653
CY207736.1	655	1735	2	1	3	655
CY207736.1	659	1915	1	0	1	659
CY207736.1	665	1905	1	0	1	665
CY207736.1	666	1897	1	0	1	666
CY207736.1	666	1907	1	0	1	666
CY207736.1	676	1630	0	1	1	1630
CY207736.1	678	1758	0	1	1	1758
CY207736.1	680	1885	1	1	2	680
CY207736.1	683	1826	1	0	1	683
CY207736.1	684	1870	5	0	5	684
CY207736.1	685	1073	1	0	1	685
CY207736.1	699	1995	0	2	2	1995
CY207736.1	702	1888	3	0	3	702
CY207736.1	704	1890	0	1	1	1890
CY207736.1	719	819	1	0	1	719
CY207736.1	723	1994	2	1	3	723
CY207736.1	724	1425	1	0	1	724
CY207736.1	727	1844	1	0	1	727
CY207736.1	728	1871	2	0	2	728
CY207736.1	730	1318	0	1	1	1318
CY207736.1	735	1570	1	0	1	735
CY207736.1	736	1834	1	0	1	736
CY207736.1	736	1865	1	1	2	736
CY207736.1	738	1655	0	1	1	1655
CY207736.1	744	1507	1	0	1	744
CY207736.1	744	1720	3	1	4	744
CY207736.1	744	1802	1	0	1	744
CY207736.1	749	1679	4	1	5	749
CY207736.1	749	1827	1	0	1	749
CY207736.1	750	1824	1	0	1	750
CY207736.1	753	1939	1	0	1	753
CY207736.1	754	1768	0	1	1	1768
CY207736.1	754	1820	20	5	25	754
CY207736.1	754	1834	0	1	1	1834
CY207736.1	754	1917	1	0	1	754
CY207736.1	756	1950	0	1	1	1950
CY207736.1	757	1785	1	0	1	757
CY207736.1	757	1912	1	0	1	757
CY207736.1	759	1840	1	0	1	759
CY207736.1	763	1777	1	0	1	763
CY207736.1	764	1697	1	0	1	764
CY207736.1	764	1917	1	0	1	764
CY207736.1	767	1678	1	0	1	767
CY207736.1	767	1952	1	0	1	767
CY207736.1	771	1912	0	1	1	1912
CY207736.1	773	1890	0	1	1	1890
CY207736.1	782	1862	0	1	1	1862
CY207736.1	785	1664	1	0	1	785
CY207736.1	810	1550	1	0	1	810
CY207736.1	810	1739	0	1	1	1739
CY207736.1	812	1985	0	1	1	1985
CY207736.1	813	1762	3	0	3	813
CY207736.1	814	1710	3	0	3	814
CY207736.1	821	1680	1	0	1	821
CY207736.1	823	1722	2	0	2	823
CY207736.1	830	1829	0	1	1	1829
CY207736.1	835	1735	16	14	30	835
CY207736.1	838	1738	0	1	1	1738
CY207736.1	841	1484	1	0	1	841
CY207736.1	849	1930	0	1	1	1930
CY207736.1	850	1817	2	0	2	850
CY207736.1	852	1119	1	0	1	852
CY207736.1	858	1791	1	0	1	858
CY207736.1	863	1818	0	1	1	1818
CY207736.1	875	2080	1	0	1	875
CY207736.1	878	1977	1	0	1	878
CY207736.1	881	1804	0	1	1	1804
CY207736.1	899	1685	2	0	2	899
CY207736.1	901	1290	0	1	1	1290
CY207736.1	903	1250	0	1	1	1250
CY207736.1	903	1680	0	1	1	1680
CY207736.1	907	1675	2	0	2	907
CY207736.1	908	1667	0	1	1	1667
CY207736.1	910	2071	0	1	1	2071
CY207736.1	910	959	1	0	1	910
CY207736.1	915	1695	1	0	1	915
CY207736.1	916	1656	0	1	1	1656
CY207736.1	922	1735	0	1	1	1735
CY207736.1	923	1080	0	1	1	1080
CY207736.1	923	1878	1	0	1	923
CY207736.1	925	1654	1	1	2	925
CY207736.1	929	2120	0	1	1	2120
CY207736.1	942	1569	1	1	2	942
CY207736.1	968	1472	0	1	1	1472
CY207736.1	971	1899	0	1	1	1899
CY207736.1	973	1040	0	1	1	1040
CY207736.1	977	1604	0	1	1	1604
CY207736.1	987	1549	1	0	1	987
CY207736.1	991	1892	0	1	1	1892
CY207736.1	993	1807	0	1	1	1807
CY207736.1	998	1182	1	1	2	998
CY207736.1	998	1641	1	0	1	998
CY207737.1	1002	1738	0	1	1	1738
CY207737.1	1034	1662	0	1	1	1662
CY207737.1	1056	1264	0	1	1	1264
CY207737.1	1073	1587	1	0	1	1073
CY207737.1	1077	2166	1	0	1	1077
CY207737.1	1120	2454	0	1	1	2454
CY207737.1	1130	1306	0	1	1	1306
CY207737.1	1138	1574	1	0	1	1138
CY207737.1	1183	1971	1	0	1	1183
CY207737.1	1278	1558	0	1	1	1558
CY207737.1	1348	1370	0	1	1	1370
CY207737.1	1389	1660	0	1	1	1660
CY207737.1	1416	1718	1	0	1	1416
CY207737.1	1466	1986	0	1	1	1986
CY207737.1	1540	1860	1	0	1	1540
CY207737.1	1589	1713	0	1	1	1713
CY207737.1	1590	1691	0	1	1	1691
CY207737.1	1599	2252	1	0	1	1599
CY207737.1	1604	1871	0	1	1	1871
CY207737.1	1617	2205	1	0	1	1617
CY207737.1	1634	1699	1	0	1	1634
CY207737.1	1670	1848	1	0	1	1670
CY207737.1	1749	2418	1	0	1	1749
CY207737.1	1767	2101	1	0	1	1767
CY207737.1	1829	1986	0	1	1	1986
CY207737.1	1991	2350	1	0	1	1991
CY207737.1	2076	2153	1	0	1	2076
CY207737.1	2156	2195	1	0	1	2156
CY207737.1	2164	2206	1	0	1	2164
CY207737.1	2181	2237	0	1	1	2237
CY207737.1	2204	2238	19	0	19	2204
CY207737.1	2241	2302	1	0	1	2241
CY207737.1	2272	2336	1	0	1	2272
CY207737.1	2272	2354	1	0	1	2272
CY207737.1	2273	2303	57	0	57	2273
CY207737.1	2291	2331	0	1	1	2331
CY207737.1	2322	2356	2	0	2	2322
CY207737.1	2358	2450	0	1	1	2450
CY207737.1	238	272	1	0	1	238
CY207737.1	2393	2448	0	1	1	2448
CY207737.1	2413	2450	0	1	1	2450
CY207737.1	2413	2451	0	1	1	2451
CY207737.1	2418	2453	0	1	1	2453
CY207737.1	241	267	2	0	2	241
CY207737.1	2428	2450	0	2	2	2450
CY207737.1	247	2186	1	0	1	247
CY207737.1	247	281	2	0	2	247
CY207737.1	247	307	2	0	2	247
CY207737.1	250	281	2	0	2	250
CY207737.1	256	437	1	0	1	256
CY207737.1	260	2186	1	0	1	260
CY207737.1	262	2095	1	0	1	262
CY207737.1	263	2452	1	0	1	263
CY207737.1	270	2252	1	0	1	270
CY207737.1	272	2244	1	0	1	272
CY207737.1	272	2299	1	0	1	272
CY207737.1	277	2284	1	0	1	277
CY207737.1	278	2153	2	0	2	278
CY207737.1	285	1127	1	0	1	285
CY207737.1	286	2321	2	0	2	286
CY207737.1	287	2110	1	0	1	287
CY207737.1	288	2322	1	0	1	288
CY207737.1	290	2355	1	0	1	290
CY207737.1	306	2322	5	0	5	306
CY207737.1	317	2349	1	0	1	317
CY207737.1	320	2279	1	0	1	320
CY207737.1	329	2302	0	1	1	2302
CY207737.1	330	2121	0	1	1	2121
CY207737.1	334	2302	1	0	1	334
CY207737.1	352	1604	1	0	1	352
CY207737.1	352	2334	1	1	2	352
CY207737.1	353	2244	2	0	2	353
CY207737.1	361	1100	1	0	1	361
CY207737.1	364	2285	1	0	1	364
CY207737.1	371	2223	0	1	1	2223
CY207737.1	378	2209	0	2	2	2209
CY207737.1	380	2242	3	2	5	380
CY207737.1	380	2333	3	0	3	380
CY207737.1	381	2199	0	1	1	2199
CY207737.1	381	2293	1	0	1	381
CY207737.1	389	2205	0	1	1	2205
CY207737.1	389	2238	1	0	1	389
CY207737.1	389	2276	5	0	5	389
CY207737.1	393	2210	2	0	2	393
CY207737.1	394	2225	1	0	1	394
CY207737.1	396	2302	5	0	5	396
CY207737.1	404	1131	0	1	1	1131
CY207737.1	405	2294	1	0	1	405
CY207737.1	417	2321	1	0	1	417
CY207737.1	425	2199	2	2	4	425
CY207737.1	430	1946	1	0	1	430
CY207737.1	433	2243	2	0	2	433
CY207737.1	436	2238	2	1	3	436
CY207737.1	439	2242	1	0	1	439
CY207737.1	445	2267	1	0	1	445
CY207737.1	446	2188	0	2	2	2188
CY207737.1	447	2122	2	0	2	447
CY207737.1	448	2096	1	0	1	448
CY207737.1	455	2007	1	0	1	455
CY207737.1	455	2244	3	0	3	455
CY207737.1	460	2209	0	1	1	2209
CY207737.1	461	2165	0	1	1	2165
CY207737.1	463	2093	0	1	1	2093
CY207737.1	463	2149	1	1	2	463
CY207737.1	463	2237	1	2	3	463
CY207737.1	464	2083	0	5	5	2083
CY207737.1	468	2111	1	2	3	468
CY207737.1	471	2285	0	1	1	2285
CY207737.1	472	2142	1	0	1	472
CY207737.1	476	2124	1	0	1	476
CY207737.1	480	2249	1	0	1	480
CY207737.1	484	2145	85	110	195	484
CY207737.1	485	2251	1	4	5	485
CY207737.1	486	2181	0	1	1	2181
CY207737.1	490	2281	1	0	1	490
CY207737.1	490	2295	1	0	1	490
CY207737.1	492	2450	0	2	2	2450
CY207737.1	517	2164	1	1	2	517
CY207737.1	519	1981	1	0	1	519
CY207737.1	520	2055	3	5	8	520
CY207737.1	520	2165	2	1	3	520
CY207737.1	521	2205	1	0	1	521
CY207737.1	521	2451	0	1	1	2451
CY207737.1	522	2065	8	2	10	522
CY207737.1	526	2011	1	0	1	526
CY207737.1	527	2193	0	1	1	2193
CY207737.1	528	2138	8	0	8	528
CY207737.1	529	1620	1	0	1	529
CY207737.1	529	2199	2	0	2	529
CY207737.1	531	2052	1	0	1	531
CY207737.1	532	1231	1	0	1	532
CY207737.1	535	2207	1	0	1	535
CY207737.1	537	2196	1	0	1	537
CY207737.1	538	2200	0	1	1	2200
CY207737.1	539	2195	2	0	2	539
CY207737.1	540	1356	1	0	1	540
CY207737.1	542	1961	1	0	1	542
CY207737.1	542	2227	2	1	3	542
CY207737.1	548	2226	1	0	1	548
CY207737.1	549	2093	1	0	1	549
CY207737.1	550	2092	1	0	1	550
CY207737.1	565	2160	1	0	1	565
CY207737.1	573	2013	0	1	1	2013
CY207737.1	574	2199	1	0	1	574
CY207737.1	576	2153	0	1	1	2153
CY207737.1	577	2004	2	0	2	577
CY207737.1	578	2014	1	0	1	578
CY207737.1	581	1656	1	0	1	581
CY207737.1	583	2014	1	0	1	583
CY207737.1	583	2019	8	11	19	583
CY207737.1	583	669	0	1	1	669
CY207737.1	584	2052	1	0	1	584
CY207737.1	586	2022	0	1	1	2022
CY207737.1	588	2188	1	0	1	588
CY207737.1	594	860	0	1	1	860
CY207737.1	602	2101	0	1	1	2101
CY207737.1	603	2091	1	0	1	603
CY207737.1	603	2094	1	0	1	603
CY207737.1	604	2020	0	1	1	2020
CY207737.1	604	2093	1	0	1	604
CY207737.1	609	2067	2	0	2	609
CY207737.1	620	2016	1	0	1	620
CY207737.1	623	2019	0	1	1	2019
CY207737.1	627	669	0	1	1	669
CY207737.1	629	2015	1	0	1	629
CY207737.1	631	2139	1	0	1	631
CY207737.1	632	1990	0	1	1	1990
CY207737.1	639	2341	1	0	1	639
CY207737.1	640	2067	1	0	1	640
CY207737.1	640	2204	0	1	1	2204
CY207737.1	640	2208	0	1	1	2208
CY207737.1	640	2301	1	0	1	640
CY207737.1	641	1976	1	0	1	641
CY207737.1	642	2048	1	0	1	642
CY207737.1	645	2055	0	1	1	2055
CY207737.1	657	2091	0	1	1	2091
CY207737.1	661	2350	1	0	1	661
CY207737.1	668	690	0	1	1	690
CY207737.1	670	1499	1	0	1	670
CY207737.1	671	2331	0	1	1	2331
CY207737.1	672	2018	0	1	1	2018
CY207737.1	675	2095	0	1	1	2095
CY207737.1	675	2244	1	0	1	675
CY207737.1	678	725	1	0	1	678
CY207737.1	679	1982	1	0	1	679
CY207737.1	681	2147	0	1	1	2147
CY207737.1	683	1947	1	0	1	683
CY207737.1	688	1841	0	1	1	1841
CY207737.1	689	2087	1	0	1	689
CY207737.1	692	2069	1	0	1	692
CY207737.1	696	2065	0	1	1	2065
CY207737.1	697	1934	1	0	1	697
CY207737.1	699	1618	0	1	1	1618
CY207737.1	704	1922	0	1	1	1922
CY207737.1	708	1730	0	1	1	1730
CY207737.1	708	2055	1	0	1	708
CY207737.1	729	1904	0	1	1	1904
CY207737.1	732	757	0	1	1	757
CY207737.1	738	1887	1	0	1	738
CY207737.1	743	1894	0	1	1	1894
CY207737.1	781	2251	1	0	1	781
CY207737.1	783	1911	0	1	1	1911
CY207737.1	793	2076	0	1	1	2076
CY207737.1	803	1991	0	1	1	1991
CY207737.1	804	1596	0	1	1	1596
CY207737.1	808	1867	2	0	2	808
CY207737.1	809	1793	1	0	1	809
CY207737.1	812	1559	0	1	1	1559
CY207737.1	812	1824	1	0	1	812
CY207737.1	820	2103	1	0	1	820
CY207737.1	827	852	1	0	1	827
CY207737.1	841	1222	0	1	1	1222
CY207737.1	849	2429	1	0	1	849
CY207737.1	864	1897	1	0	1	864
CY207737.1	866	2101	1	0	1	866
CY207737.1	873	1721	0	1	1	1721
CY207737.1	873	1730	1	0	1	873
CY207737.1	896	1769	1	0	1	896
CY207737.1	907	1880	0	1	1	1880
CY207737.1	911	1867	0	1	1	1867
CY207737.1	918	1511	1	0	1	918
CY207737.1	931	1034	1	0	1	931
CY207737.1	935	2292	1	0	1	935
CY207737.1	938	1799	1	0	1	938
CY207737.1	941	1787	1	0	1	941
CY207737.1	962	1002	0	1	1	1002
CY207737.1	965	1822	1	0	1	965
CY207737.1	968	1527	0	1	1	1527
CY207737.1	972	1649	0	1	1	1649
CY207737.1	975	2447	0	1	1	2447
CY207737.1	991	1714	0	1	1	1714
CY207737.1	992	1559	0	1	1	1559
CY207738.1	1010	1802	0	1	1	1802
CY207738.1	1018	1841	1	0	1	1018
CY207738.1	1047	1608	0	1	1	1608
CY207738.1	1054	1136	1	0	1	1054
CY207738.1	1106	1863	1	0	1	1106
CY207738.1	1108	1203	0	1	1	1203
CY207738.1	1124	2330	2	0	2	1124
CY207738.1	1178	2247	0	1	1	2247
CY207738.1	1199	2251	0	1	1	2251
CY207738.1	1213	1612	0	1	1	1612
CY207738.1	1246	1459	0	1	1	1459
CY207738.1	1249	1622	1	0	1	1249
CY207738.1	1249	2380	0	1	1	2380
CY207738.1	1272	2026	1	0	1	1272
CY207738.1	1278	1558	0	1	1	1558
CY207738.1	1334	1632	1	0	1	1334
CY207738.1	1351	2038	1	0	1	1351
CY207738.1	1361	2307	1	0	1	1361
CY207738.1	1386	2283	0	1	1	2283
CY207738.1	1426	1875	1	0	1	1426
CY207738.1	1461	2266	1	0	1	1461
CY207738.1	1466	2075	0	1	1	2075
CY207738.1	1535	2478	0	1	1	2478
CY207738.1	1539	1618	0	1	1	1618
CY207738.1	1623	1677	1	0	1	1623
CY207738.1	1652	1702	1	0	1	1652
CY207738.1	1694	1868	0	1	1	1868
CY207738.1	1709	2217	1	0	1	1709
CY207738.1	1710	1735	1	0	1	1710
CY207738.1	1736	2096	1	0	1	1736
CY207738.1	1746	2313	0	1	1	2313
CY207738.1	1780	1817	2	0	2	1780
CY207738.1	1799	2214	1	0	1	1799
CY207738.1	2123	2183	1	0	1	2123
CY207738.1	2178	2273	0	1	1	2273
CY207738.1	2215	2313	0	1	1	2313
CY207738.1	2218	2348	0	1	1	2348
CY207738.1	2247	2314	0	1	1	2314
CY207738.1	2255	2332	0	1	1	2332
CY207738.1	2310	2371	1	0	1	2310
CY207738.1	2333	2398	0	2	2	2398
CY207738.1	2345	2401	0	1	1	2401
CY207738.1	2370	2397	0	1	1	2397
CY207738.1	243	328	1	0	1	243
CY207738.1	265	2029	1	0	1	265
CY207738.1	280	1957	1	0	1	280
CY207738.1	280	2060	1	0	1	280
CY207738.1	281	2195	2	0	2	281
CY207738.1	286	1808	1	0	1	286
CY207738.1	294	326	1	1	2	294
CY207738.1	303	2295	0	3	3	2295
CY207738.1	310	2354	0	1	1	2354
CY207738.1	315	2371	0	1	1	2371
CY207738.1	318	2349	0	1	1	2349
CY207738.1	329	2274	2	3	5	329
CY207738.1	357	2246	1	0	1	357
CY207738.1	357	2290	0	1	1	2290
CY207738.1	361	2247	0	1	1	2247
CY207738.1	361	703	0	1	1	703
CY207738.1	362	2331	0	1	1	2331
CY207738.1	363	2295	1	0	1	363
CY207738.1	364	1719	0	1	1	1719
CY207738.1	364	2312	0	1	1	2312
CY207738.1	365	2291	2	1	3	365
CY207738.1	366	1650	0	1	1	1650
CY207738.1	367	2209	0	1	1	2209
CY207738.1	367	2311	2	3	5	367
CY207738.1	367	2313	1	0	1	367
CY207738.1	367	2317	4	8	12	367
CY207738.1	368	2264	1	2	3	368
CY207738.1	368	2296	0	1	1	2296
CY207738.1	369	422	1	0	1	369
CY207738.1	371	2397	0	1	1	2397
CY207738.1	374	2195	0	1	1	2195
CY207738.1	375	2264	0	2	2	2264
CY207738.1	380	2252	0	5	5	2252
CY207738.1	380	2313	0	1	1	2313
CY207738.1	380	2346	0	1	1	2346
CY207738.1	382	2283	0	2	2	2283
CY207738.1	385	2136	0	1	1	2136
CY207738.1	386	2196	0	1	1	2196
CY207738.1	386	2207	0	1	1	2207
CY207738.1	386	2256	0	1	1	2256
CY207738.1	386	2314	1	6	7	386
CY207738.1	386	2334	1	0	1	386
CY207738.1	386	2390	0	2	2	2390
CY207738.1	388	2105	0	2	2	2105
CY207738.1	389	2216	0	5	5	2216
CY207738.1	396	2282	0	1	1	2282
CY207738.1	397	2131	1	1	2	397
CY207738.1	401	2265	0	1	1	2265
CY207738.1	402	2133	1	0	1	402
CY207738.1	402	2142	0	3	3	2142
CY207738.1	405	2457	0	1	1	2457
CY207738.1	410	1318	0	1	1	1318
CY207738.1	411	1966	0	1	1	1966
CY207738.1	411	2314	1	0	1	411
CY207738.1	411	2399	0	1	1	2399
CY207738.1	413	2325	0	1	1	2325
CY207738.1	414	2221	0	1	1	2221
CY207738.1	416	2367	0	1	1	2367
CY207738.1	419	2032	1	0	1	419
CY207738.1	419	2195	0	1	1	2195
CY207738.1	419	2206	0	1	1	2206
CY207738.1	419	2250	0	2	2	2250
CY207738.1	419	2311	0	2	2	2311
CY207738.1	419	2317	1	0	1	419
CY207738.1	419	2397	0	2	2	2397
CY207738.1	420	2054	0	5	5	2054
CY207738.1	420	2264	0	1	1	2264
CY207738.1	425	1513	0	1	1	1513
CY207738.1	427	2304	0	3	3	2304
CY207738.1	432	896	0	1	1	896
CY207738.1	434	2356	0	1	1	2356
CY207738.1	435	2209	1	0	1	435
CY207738.1	436	1877	0	1	1	1877
CY207738.1	439	2360	0	1	1	2360
CY207738.1	441	2162	0	1	1	2162
CY207738.1	443	1703	0	1	1	1703
CY207738.1	447	1938	1	0	1	447
CY207738.1	448	2108	1	0	1	448
CY207738.1	451	1516	1	0	1	451
CY207738.1	452	2092	0	2	2	2092
CY207738.1	452	2134	1	1	2	452
CY207738.1	453	2164	0	1	1	2164
CY207738.1	453	2170	0	1	1	2170
CY207738.1	453	2210	0	1	1	2210
CY207738.1	454	2129	1	2	3	454
CY207738.1	455	2116	7	1	8	455
CY207738.1	455	2141	1	0	1	455
CY207738.1	455	2186	1	0	1	455
CY207738.1	463	2144	0	1	1	2144
CY207738.1	463	2304	0	1	1	2304
CY207738.1	464	2217	0	1	1	2217
CY207738.1	464	2264	1	0	1	464
CY207738.1	465	2146	668	1603	2271	465
CY207738.1	465	2147	0	2	2	2147
CY207738.1	465	2153	0	1	1	2153
CY207738.1	467	2148	2	4	6	467
CY207738.1	468	2198	1	3	4	468
CY207738.1	470	2035	0	1	1	2035
CY207738.1	470	2037	1	0	1	470
CY207738.1	470	2265	0	1	1	2265
CY207738.1	471	1621	0	1	1	1621
CY207738.1	472	2158	0	1	1	2158
CY207738.1	472	2264	0	2	2	2264
CY207738.1	474	1977	1	0	1	474
CY207738.1	474	2195	0	3	3	2195
CY207738.1	476	2154	0	1	1	2154
CY207738.1	478	2157	0	17	17	2157
CY207738.1	480	1143	0	1	1	1143
CY207738.1	480	2193	0	1	1	2193
CY207738.1	480	2338	1	2	3	480
CY207738.1	481	2153	4	85	89	481
CY207738.1	481	2270	1	0	1	481
CY207738.1	482	2161	0	1	1	2161
CY207738.1	483	2136	0	1	1	2136
CY207738.1	488	2217	0	1	1	2217
CY207738.1	492	2137	0	1	1	2137
CY207738.1	494	2118	0	1	1	2118
CY207738.1	495	2170	0	1	1	2170
CY207738.1	495	2218	0	2	2	2218
CY207738.1	498	2071	0	1	1	2071
CY207738.1	498	2210	0	1	1	2210
CY207738.1	504	1125	1	0	1	504
CY207738.1	504	2116	0	1	1	2116
CY207738.1	505	1603	1	0	1	505
CY207738.1	505	2112	0	1	1	2112
CY207738.1	507	2209	0	1	1	2209
CY207738.1	507	2229	0	1	1	2229
CY207738.1	510	2103	0	1	1	2103
CY207738.1	510	2188	1	0	1	510
CY207738.1	510	2199	1	1	2	510
CY207738.1	512	2145	1	3	4	512
CY207738.1	513	1988	1	0	1	513
CY207738.1	514	2187	1	0	1	514
CY207738.1	517	2212	0	1	1	2212
CY207738.1	519	1366	1	0	1	519
CY207738.1	520	2204	67	83	150	520
CY207738.1	522	2092	2	4	6	522
CY207738.1	522	2185	2	0	2	522
CY207738.1	523	2164	1	1	2	523
CY207738.1	523	2188	1	1	2	523
CY207738.1	527	2177	1	0	1	527
CY207738.1	527	2191	3	2	5	527
CY207738.1	528	2067	2	9	11	528
CY207738.1	529	2054	0	2	2	2054
CY207738.1	529	2158	0	1	1	2158
CY207738.1	529	2175	0	1	1	2175
CY207738.1	530	2224	0	1	1	2224
CY207738.1	531	1344	0	1	1	1344
CY207738.1	543	2185	1	0	1	543
CY207738.1	544	2068	1	0	1	544
CY207738.1	544	2103	2	0	2	544
CY207738.1	547	2163	0	1	1	2163
CY207738.1	553	2157	1	0	1	553
CY207738.1	557	1208	1	0	1	557
CY207738.1	562	2214	0	1	1	2214
CY207738.1	563	1889	1	0	1	563
CY207738.1	565	1278	1	0	1	565
CY207738.1	565	2104	0	1	1	2104
CY207738.1	565	2109	0	1	1	2109
CY207738.1	566	2138	2	2	4	566
CY207738.1	566	2144	1	0	1	566
CY207738.1	567	2339	2	0	2	567
CY207738.1	574	2167	0	1	1	2167
CY207738.1	578	2034	0	1	1	2034
CY207738.1	580	2115	0	1	1	2115
CY207738.1	585	2235	1	0	1	585
CY207738.1	612	1971	1	0	1	612
CY207738.1	613	1996	0	1	1	1996
CY207738.1	617	1977	1	0	1	617
CY207738.1	618	1978	17	16	33	618
CY207738.1	628	1763	3	0	3	628
CY207738.1	628	2164	1	0	1	628
CY207738.1	635	2092	1	1	2	635
CY207738.1	636	1996	0	1	1	1996
CY207738.1	636	2036	0	1	1	2036
CY207738.1	642	2022	1	0	1	642
CY207738.1	643	2037	1	0	1	643
CY207738.1	645	2118	1	0	1	645
CY207738.1	655	2118	0	1	1	2118
CY207738.1	656	2086	1	0	1	656
CY207738.1	664	2073	0	1	1	2073
CY207738.1	671	1473	1	0	1	671
CY207738.1	675	1737	1	0	1	675
CY207738.1	681	1717	0	1	1	1717
CY207738.1	681	1986	0	1	1	1986
CY207738.1	689	2161	1	0	1	689
CY207738.1	691	1738	2	0	2	691
CY207738.1	694	1860	0	1	1	1860
CY207738.1	702	1808	1	0	1	702
CY207738.1	705	2460	0	1	1	2460
CY207738.1	706	1678	1	0	1	706
CY207738.1	714	2060	1	0	1	714
CY207738.1	719	2086	1	0	1	719
CY207738.1	721	2288	1	0	1	721
CY207738.1	725	2313	7	3	10	725
CY207738.1	728	1351	0	1	1	1351
CY207738.1	732	1919	1	0	1	732
CY207738.1	732	1945	1	0	1	732
CY207738.1	733	1642	1	0	1	733
CY207738.1	735	1957	1	0	1	735
CY207738.1	746	2342	1	0	1	746
CY207738.1	750	2366	0	1	1	2366
CY207738.1	751	1806	1	0	1	751
CY207738.1	752	2166	0	1	1	2166
CY207738.1	756	1947	1	0	1	756
CY207738.1	764	1925	1	0	1	764
CY207738.1	766	1424	1	0	1	766
CY207738.1	771	1998	0	1	1	1998
CY207738.1	773	1732	0	1	1	1732
CY207738.1	776	1892	0	1	1	1892
CY207738.1	776	1913	1	0	1	776
CY207738.1	780	1913	1	2	3	780
CY207738.1	783	1784	0	1	1	1784
CY207738.1	784	1753	1	0	1	784
CY207738.1	789	1923	1	0	1	789
CY207738.1	793	2118	1	0	1	793
CY207738.1	801	1037	1	0	1	801
CY207738.1	808	1840	1	0	1	808
CY207738.1	812	1848	5	6	11	812
CY207738.1	817	1844	1	0	1	817
CY207738.1	822	879	1	0	1	822
CY207738.1	833	2157	1	0	1	833
CY207738.1	834	1904	1	0	1	834
CY207738.1	835	2031	0	1	1	2031
CY207738.1	838	1785	0	1	1	1785
CY207738.1	842	1878	0	1	1	1878
CY207738.1	843	1694	1	0	1	843
CY207738.1	843	1815	1	0	1	843
CY207738.1	844	1553	0	1	1	1553
CY207738.1	845	1811	1	0	1	845
CY207738.1	846	1860	1	0	1	846
CY207738.1	848	1855	0	1	1	1855
CY207738.1	849	2161	1	0	1	849
CY207738.1	850	2240	0	1	1	2240
CY207738.1	851	1860	1	0	1	851
CY207738.1	857	1711	2	0	2	857
CY207738.1	858	2047	0	1	1	2047
CY207738.1	863	1684	1	0	1	863
CY207738.1	867	2367	0	1	1	2367
CY207738.1	880	956	0	1	1	956
CY207738.1	889	1819	1	0	1	889
CY207738.1	891	1686	1	0	1	891
CY207738.1	896	1101	2	0	2	896
CY207738.1	898	2344	0	1	1	2344
CY207738.1	903	1841	0	1	1	1841
CY207738.1	905	1770	1	0	1	905
CY207738.1	910	1073	0	1	1	1073
CY207738.1	923	1783	1	0	1	923
CY207738.1	925	1960	0	1	1	1960
CY207738.1	932	2001	1	0	1	932
CY207738.1	961	1865	0	1	1	1865
CY207738.1	965	1255	1	0	1	965
CY207738.1	970	1869	0	1	1	1869
CY207738.1	989	1730	1	0	1	989
CY207738.1	989	2366	0	1	1	2366
CY207738.1	990	1574	1	0	1	990
