Segment	Start	Stop	Forward_support	Reverse_support	Total_support	Fuzz_factor
CY207731.1	1003	1776	0	1	1	1776
CY207731.1	1024	1357	4	1	5	1024
CY207731.1	1069	1538	0	1	1	1538
CY207731.1	1085	1452	0	1	1	1452
CY207731.1	1095	1290	0	1	1	1290
CY207731.1	1110	1133	2	1	3	1110
CY207731.1	1120	1502	0	1	1	1502
CY207731.1	1146	1309	1	0	1	1146
CY207731.1	1146	1663	0	1	1	1663
CY207731.1	1147	1798	1	0	1	1147
CY207731.1	1162	1293	1	0	1	1162
CY207731.1	1163	1201	1	0	1	1163
CY207731.1	1171	1697	1	0	1	1171
CY207731.1	1174	1604	0	1	1	1604
CY207731.1	1186	1802	1	0	1	1186
CY207731.1	1206	1736	1	0	1	1206
CY207731.1	1209	1269	0	1	1	1269
CY207731.1	1213	1893	0	1	1	1893
CY207731.1	1229	1918	0	1	1	1918
CY207731.1	1235	1790	1	0	1	1235
CY207731.1	1236	1447	1	0	1	1236
CY207731.1	1250	1274	1	0	1	1250
CY207731.1	1278	1638	0	1	1	1638
CY207731.1	1295	1634	0	1	1	1634
CY207731.1	1299	1651	1	0	1	1299
CY207731.1	1304	1651	1	0	1	1304
CY207731.1	1307	1821	0	1	1	1821
CY207731.1	1317	1820	0	1	1	1820
CY207731.1	1330	1476	0	1	1	1476
CY207731.1	1344	1670	1	0	1	1344
CY207731.1	1346	1682	1	0	1	1346
CY207731.1	1348	1820	1	0	1	1348
CY207731.1	1353	1542	1	0	1	1353
CY207731.1	1357	1392	1	0	1	1357
CY207731.1	1360	1887	0	1	1	1887
CY207731.1	1367	1422	1	0	1	1367
CY207731.1	1380	1438	1	0	1	1380
CY207731.1	1427	1785	1	0	1	1427
CY207731.1	1461	1568	0	1	1	1568
CY207731.1	1466	1626	0	1	1	1626
CY207731.1	1474	1639	0	1	1	1639
CY207731.1	1497	1725	1	0	1	1497
CY207731.1	1523	1720	1	0	1	1523
CY207731.1	1534	1745	0	1	1	1745
CY207731.1	1640	1669	2	1	3	1640
CY207731.1	1686	1744	0	1	1	1744
CY207731.1	1693	1793	0	1	1	1793
CY207731.1	1791	1900	0	1	1	1900
CY207731.1	236	1313	1	0	1	236
CY207731.1	258	1141	1	0	1	258
CY207731.1	261	1212	1	0	1	261
CY207731.1	262	1148	3	2	5	262
CY207731.1	263	1709	1	0	1	263
CY207731.1	267	1711	1	0	1	267
CY207731.1	274	505	1	0	1	274
CY207731.1	278	351	9	0	9	278
CY207731.1	280	1346	1	0	1	280
CY207731.1	283	548	1	0	1	283
CY207731.1	288	1218	1	0	1	288
CY207731.1	300	1087	1	0	1	300
CY207731.1	314	1261	1	0	1	314
CY207731.1	326	1385	0	1	1	1385
CY207731.1	333	1393	0	1	1	1393
CY207731.1	345	396	0	1	1	396
CY207731.1	346	680	1	1	2	346
CY207731.1	347	934	0	1	1	934
CY207731.1	351	1063	0	1	1	1063
CY207731.1	355	1900	0	1	1	1900
CY207731.1	356	1042	0	1	1	1042
CY207731.1	358	465	0	1	1	465
CY207731.1	358	758	1	0	1	358
CY207731.1	361	1586	0	1	1	1586
CY207731.1	364	1192	1	0	1	364
CY207731.1	366	427	0	1	1	427
CY207731.1	372	1536	0	1	1	1536
CY207731.1	373	1258	1	0	1	373
CY207731.1	379	1589	1	0	1	379
CY207731.1	386	1157	0	1	1	1157
CY207731.1	390	1711	1	0	1	390
CY207731.1	390	928	0	1	1	928
CY207731.1	391	1090	0	1	1	1090
CY207731.1	391	1094	1	0	1	391
CY207731.1	397	1598	3	14	17	397
CY207731.1	405	1693	1	0	1	405
CY207731.1	407	1140	1	0	1	407
CY207731.1	408	1780	0	1	1	1780
CY207731.1	415	1837	0	1	1	1837
CY207731.1	417	1063	1	0	1	417
CY207731.1	421	1324	1	0	1	421
CY207731.1	422	600	0	1	1	600
CY207731.1	423	1751	1	0	1	423
CY207731.1	423	1913	0	1	1	1913
CY207731.1	426	1499	0	1	1	1499
CY207731.1	428	474	0	1	1	474
CY207731.1	430	1303	0	1	1	1303
CY207731.1	430	1395	1	0	1	430
CY207731.1	430	568	0	1	1	568
CY207731.1	431	1703	0	1	1	1703
CY207731.1	433	1088	0	1	1	1088
CY207731.1	440	1658	0	1	1	1658
CY207731.1	446	1347	0	1	1	1347
CY207731.1	446	874	0	1	1	874
CY207731.1	449	500	0	1	1	500
CY207731.1	450	764	0	1	1	764
CY207731.1	455	1010	0	1	1	1010
CY207731.1	457	1060	1	0	1	457
CY207731.1	457	1145	0	1	1	1145
CY207731.1	457	1230	1	0	1	457
CY207731.1	459	1486	0	1	1	1486
CY207731.1	459	536	0	1	1	536
CY207731.1	467	1382	0	1	1	1382
CY207731.1	472	501	1	0	1	472
CY207731.1	473	500	1	0	1	473
CY207731.1	478	1159	0	1	1	1159
CY207731.1	518	1347	1	0	1	518
CY207731.1	519	1056	1	0	1	519
CY207731.1	519	1319	1	0	1	519
CY207731.1	522	1157	1	0	1	522
CY207731.1	525	1598	0	1	1	1598
CY207731.1	527	1727	0	1	1	1727
CY207731.1	527	1813	0	1	1	1813
CY207731.1	527	1901	0	1	1	1901
CY207731.1	528	901	0	1	1	901
CY207731.1	529	1530	0	1	1	1530
CY207731.1	531	1128	1	1	2	531
CY207731.1	533	1503	3	15	18	533
CY207731.1	541	1517	5	5	10	541
CY207731.1	541	629	0	1	1	629
CY207731.1	561	1018	2	2	4	561
CY207731.1	564	995	0	1	1	995
CY207731.1	565	1641	1	1	2	565
CY207731.1	568	1204	2	7	9	568
CY207731.1	571	604	1	0	1	571
CY207731.1	573	1835	1	0	1	573
CY207731.1	577	1759	0	1	1	1759
CY207731.1	585	1837	1	0	1	585
CY207731.1	591	1027	1	0	1	591
CY207731.1	591	1205	1	0	1	591
CY207731.1	597	1439	1	0	1	597
CY207731.1	603	1655	1	0	1	603
CY207731.1	606	1770	1	3	4	606
CY207731.1	617	660	0	1	1	660
CY207731.1	631	1810	0	1	1	1810
CY207731.1	667	1688	1	0	1	667
CY207731.1	673	1681	0	1	1	1681
CY207731.1	676	707	0	1	1	707
CY207731.1	681	1613	0	1	1	1613
CY207731.1	684	807	0	1	1	807
CY207731.1	686	1129	1	0	1	686
CY207731.1	688	1217	0	1	1	1217
CY207731.1	702	1584	1	0	1	702
CY207731.1	707	771	0	1	1	771
CY207731.1	710	1392	1	0	1	710
CY207731.1	732	936	0	1	1	936
CY207731.1	737	1337	1	3	4	737
CY207731.1	741	1037	0	1	1	1037
CY207731.1	757	1496	1	0	1	757
CY207731.1	765	1268	1	0	1	765
CY207731.1	767	1499	0	1	1	1499
CY207731.1	775	1344	0	1	1	1344
CY207731.1	781	1704	2	0	2	781
CY207731.1	786	1113	0	1	1	1113
CY207731.1	787	1364	1	0	1	787
CY207731.1	787	1630	0	1	1	1630
CY207731.1	811	1921	0	1	1	1921
CY207731.1	812	1535	1	0	1	812
CY207731.1	817	1043	0	6	6	1043
CY207731.1	818	920	0	1	1	920
CY207731.1	819	1184	0	1	1	1184
CY207731.1	838	1293	3	5	8	838
CY207731.1	839	1365	0	1	1	1365
CY207731.1	839	1559	0	1	1	1559
CY207731.1	844	1059	1	0	1	844
CY207731.1	853	946	0	1	1	946
CY207731.1	857	1320	1	0	1	857
CY207731.1	862	1917	0	1	1	1917
CY207731.1	864	1056	1	0	1	864
CY207731.1	876	1234	2	2	4	876
CY207731.1	877	1771	0	1	1	1771
CY207731.1	882	1000	0	1	1	1000
CY207731.1	936	1672	1	0	1	936
CY207731.1	941	1197	1	0	1	941
CY207731.1	951	1631	1	0	1	951
CY207731.1	969	1734	0	1	1	1734
CY207731.1	971	1122	5	1	6	971
CY207731.1	983	1046	2	2	4	983
CY207732.1	1003	1064	0	1	1	1064
CY207732.1	236	402	1	0	1	236
CY207732.1	258	771	1	0	1	258
CY207732.1	283	685	1	0	1	283
CY207732.1	284	1090	1	0	1	284
CY207732.1	288	751	1	0	1	288
CY207732.1	289	983	1	0	1	289
CY207732.1	307	1146	0	1	1	1146
CY207732.1	332	415	1	0	1	332
CY207732.1	333	639	1	0	1	333
CY207732.1	341	401	1	0	1	341
CY207732.1	346	601	0	1	1	601
CY207732.1	355	484	0	1	1	484
CY207732.1	355	629	0	1	1	629
CY207732.1	378	403	1	0	1	378
CY207732.1	381	936	0	1	1	936
CY207732.1	384	895	0	1	1	895
CY207732.1	392	448	0	1	1	448
CY207732.1	393	432	0	1	1	432
CY207732.1	400	462	0	1	1	462
CY207732.1	401	596	0	1	1	596
CY207732.1	401	775	1	0	1	401
CY207732.1	404	1025	0	1	1	1025
CY207732.1	405	1016	0	1	1	1016
CY207732.1	410	1008	0	1	1	1008
CY207732.1	411	763	0	4	4	763
CY207732.1	412	1071	0	1	1	1071
CY207732.1	419	612	1	0	1	419
CY207732.1	420	1132	0	1	1	1132
CY207732.1	420	580	0	1	1	580
CY207732.1	424	477	0	1	1	477
CY207732.1	427	771	0	1	1	771
CY207732.1	433	462	0	1	1	462
CY207732.1	435	468	0	1	1	468
CY207732.1	435	632	0	1	1	632
CY207732.1	442	633	0	1	1	633
CY207732.1	445	1152	0	1	1	1152
CY207732.1	445	807	0	1	1	807
CY207732.1	446	611	0	1	1	611
CY207732.1	446	984	1	0	1	446
CY207732.1	447	1009	0	1	1	1009
CY207732.1	447	821	1	0	1	447
CY207732.1	457	610	1	0	1	457
CY207732.1	459	498	0	1	1	498
CY207732.1	459	912	0	1	1	912
CY207732.1	465	496	0	1	1	496
CY207732.1	470	1000	1	0	1	470
CY207732.1	475	618	1	0	1	475
CY207732.1	484	669	1	0	1	484
CY207732.1	484	960	0	1	1	960
CY207732.1	485	763	0	1	1	763
CY207732.1	487	744	0	1	1	744
CY207732.1	488	649	0	1	1	649
CY207732.1	493	727	0	1	1	727
CY207732.1	498	671	0	1	1	671
CY207732.1	506	1148	0	1	1	1148
CY207732.1	513	1068	1	0	1	513
CY207732.1	515	1019	0	1	1	1019
CY207732.1	521	754	0	1	1	754
CY207732.1	530	1017	1	0	1	530
CY207732.1	545	842	1	0	1	545
CY207732.1	547	953	1	0	1	547
CY207732.1	548	872	1	0	1	548
CY207732.1	549	897	1	3	4	549
CY207732.1	557	653	0	1	1	653
CY207732.1	562	1030	0	1	1	1030
CY207732.1	571	847	1	0	1	571
CY207732.1	572	706	1	1	2	572
CY207732.1	581	716	1	0	1	581
CY207732.1	581	858	0	1	1	858
CY207732.1	585	924	0	1	1	924
CY207732.1	590	840	0	1	1	840
CY207732.1	596	698	1	0	1	596
CY207732.1	600	878	1	0	1	600
CY207732.1	605	851	0	1	1	851
CY207732.1	606	922	1	0	1	606
CY207732.1	611	635	0	1	1	635
CY207732.1	613	708	2	0	2	613
CY207732.1	622	851	1	6	7	622
CY207732.1	624	804	3	1	4	624
CY207732.1	626	981	0	1	1	981
CY207732.1	628	784	0	1	1	784
CY207732.1	647	1145	0	1	1	1145
CY207732.1	647	815	0	1	1	815
CY207732.1	649	814	0	1	1	814
CY207732.1	649	853	2	2	4	649
CY207732.1	655	1167	0	1	1	1167
CY207732.1	661	860	0	1	1	860
CY207732.1	663	1080	1	0	1	663
CY207732.1	669	969	0	1	1	969
CY207732.1	677	1006	0	1	1	1006
CY207732.1	679	815	5	4	9	679
CY207732.1	681	931	4	5	9	681
CY207732.1	685	839	5	5	10	685
CY207732.1	703	1022	1	0	1	703
CY207732.1	709	1076	0	1	1	1076
CY207732.1	709	740	1	0	1	709
CY207732.1	712	819	0	1	1	819
CY207732.1	713	769	0	1	1	769
CY207732.1	718	860	5	10	15	718
CY207732.1	718	991	0	1	1	991
CY207732.1	719	749	0	1	1	749
CY207732.1	720	1082	0	1	1	1082
CY207732.1	738	1016	0	1	1	1016
CY207732.1	751	1036	1	0	1	751
CY207732.1	758	954	0	2	2	954
CY207732.1	758	979	1	0	1	758
CY207732.1	776	805	1	0	1	776
CY207732.1	778	879	1	0	1	778
CY207732.1	790	815	0	1	1	815
CY207732.1	790	845	1	2	3	790
CY207732.1	801	973	1	0	1	801
CY207732.1	804	1014	1	3	4	804
CY207732.1	810	913	0	1	1	913
CY207732.1	810	980	0	1	1	980
CY207732.1	818	854	0	1	1	854
CY207732.1	821	961	1	0	1	821
CY207732.1	824	1131	0	1	1	1131
CY207732.1	826	921	1	0	1	826
CY207732.1	880	1080	0	1	1	1080
CY207732.1	880	953	0	1	1	953
CY207732.1	881	1012	7	2	9	881
CY207732.1	895	1012	1	0	1	895
CY207732.1	914	973	1	0	1	914
CY207732.1	919	1016	6	1	7	919
CY207732.1	924	1040	0	2	2	1040
CY207732.1	957	1152	0	1	1	1152
CY207733.1	1018	1074	0	1	1	1074
CY207733.1	1049	1328	1	0	1	1049
CY207733.1	1086	1385	1	1	2	1086
CY207733.1	1090	1184	2	1	3	1090
CY207733.1	1095	1149	1	1	2	1095
CY207733.1	1106	1187	1	0	1	1106
CY207733.1	1142	1535	0	1	1	1535
CY207733.1	1203	1458	1	0	1	1203
CY207733.1	1229	1575	0	1	1	1575
CY207733.1	1293	1554	1	0	1	1293
CY207733.1	1294	1485	3	0	3	1294
CY207733.1	1297	1502	1	0	1	1297
CY207733.1	1320	1466	2	0	2	1320
CY207733.1	1392	1590	0	1	1	1590
CY207733.1	1412	1521	1	0	1	1412
CY207733.1	242	544	1	0	1	242
CY207733.1	243	1361	3	1	4	243
CY207733.1	243	490	1	0	1	243
CY207733.1	245	1094	1	0	1	245
CY207733.1	254	1482	1	0	1	254
CY207733.1	265	940	1	0	1	265
CY207733.1	315	914	0	1	1	914
CY207733.1	349	726	0	1	1	726
CY207733.1	350	958	0	1	1	958
CY207733.1	351	452	1	0	1	351
CY207733.1	365	1061	0	1	1	1061
CY207733.1	365	1475	0	5	5	1475
CY207733.1	368	883	0	1	1	883
CY207733.1	381	875	0	2	2	875
CY207733.1	403	544	0	1	1	544
CY207733.1	408	901	0	1	1	901
CY207733.1	433	1089	1	0	1	433
CY207733.1	439	1099	3	7	10	439
CY207733.1	440	946	1	1	2	440
CY207733.1	448	1582	0	1	1	1582
CY207733.1	461	1370	2	7	9	461
CY207733.1	468	1468	1	0	1	468
CY207733.1	470	1381	0	1	1	1381
CY207733.1	477	562	1	0	1	477
CY207733.1	493	688	0	1	1	688
CY207733.1	502	1175	0	1	1	1175
CY207733.1	503	1083	1	0	1	503
CY207733.1	531	1495	6	3	9	531
CY207733.1	531	914	0	1	1	914
CY207733.1	544	1083	0	1	1	1083
CY207733.1	547	1018	0	1	1	1018
CY207733.1	547	1068	0	1	1	1068
CY207733.1	547	581	1	0	1	547
CY207733.1	568	1041	0	1	1	1041
CY207733.1	585	1024	0	1	1	1024
CY207733.1	586	1018	1	0	1	586
CY207733.1	614	888	1	0	1	614
CY207733.1	622	659	0	1	1	659
CY207733.1	633	1526	0	1	1	1526
CY207733.1	636	967	1	0	1	636
CY207733.1	656	1299	1	0	1	656
CY207733.1	656	735	0	1	1	735
CY207733.1	657	1132	0	1	1	1132
CY207733.1	662	1054	0	1	1	1054
CY207733.1	684	965	0	1	1	965
CY207733.1	696	901	1	0	1	696
CY207733.1	724	816	0	1	1	816
CY207733.1	745	961	0	1	1	961
CY207733.1	758	1103	0	1	1	1103
CY207733.1	769	1053	0	1	1	1053
CY207733.1	798	1079	1	0	1	798
CY207733.1	817	1172	0	1	1	1172
CY207733.1	840	1262	0	1	1	1262
CY207733.1	867	1459	1	0	1	867
CY207733.1	868	1371	1	0	1	868
CY207733.1	882	937	0	1	1	937
CY207733.1	897	956	1	1	2	897
CY207733.1	946	1286	0	1	1	1286
CY207733.1	954	1171	0	1	1	1171
CY207733.1	959	1113	1	0	1	959
CY207733.1	976	1283	0	1	1	1283
CY207733.1	979	1322	1	0	1	979
CY207733.1	992	1499	1	0	1	992
CY207734.1	1003	1275	1	0	1	1003
CY207734.1	1019	1049	1	0	1	1019
CY207734.1	1046	1420	1	0	1	1046
CY207734.1	1073	1246	1	0	1	1073
CY207734.1	1095	1207	0	1	1	1207
CY207734.1	1117	1583	1	0	1	1117
CY207734.1	1124	1460	0	1	1	1460
CY207734.1	1125	1289	0	3	3	1289
CY207734.1	1156	1193	1	0	1	1156
CY207734.1	1171	1448	1	0	1	1171
CY207734.1	1177	1315	1	0	1	1177
CY207734.1	1181	1229	0	1	1	1229
CY207734.1	1191	1715	0	1	1	1715
CY207734.1	1202	1350	1	0	1	1202
CY207734.1	1206	1538	1	0	1	1206
CY207734.1	1235	1443	1	0	1	1235
CY207734.1	1240	1446	1	0	1	1240
CY207734.1	1259	1523	1	0	1	1259
CY207734.1	1303	1524	1	0	1	1303
CY207734.1	1308	1370	1	0	1	1308
CY207734.1	1413	1590	0	1	1	1590
CY207734.1	1417	1582	0	1	1	1582
CY207734.1	1433	1577	0	1	1	1577
CY207734.1	1442	1566	1	1	2	1442
CY207734.1	1482	1708	0	1	1	1708
CY207734.1	1498	1581	1	0	1	1498
CY207734.1	1544	1620	0	1	1	1620
CY207734.1	242	1575	1	0	1	242
CY207734.1	244	828	1	0	1	244
CY207734.1	245	604	1	0	1	245
CY207734.1	246	603	1	0	1	246
CY207734.1	248	679	1	0	1	248
CY207734.1	259	609	1	0	1	259
CY207734.1	262	1142	1	0	1	262
CY207734.1	262	1400	1	0	1	262
CY207734.1	272	1146	1	0	1	272
CY207734.1	275	1196	1	0	1	275
CY207734.1	275	805	1	0	1	275
CY207734.1	276	1227	1	0	1	276
CY207734.1	276	1642	1	0	1	276
CY207734.1	279	1247	1	0	1	279
CY207734.1	280	627	1	0	1	280
CY207734.1	284	1426	1	0	1	284
CY207734.1	288	822	1	0	1	288
CY207734.1	290	629	1	0	1	290
CY207734.1	290	956	1	0	1	290
CY207734.1	310	1224	0	1	1	1224
CY207734.1	336	759	1	0	1	336
CY207734.1	343	1089	0	1	1	1089
CY207734.1	344	603	0	1	1	603
CY207734.1	347	469	1	0	1	347
CY207734.1	350	1495	0	1	1	1495
CY207734.1	351	863	1	0	1	351
CY207734.1	354	865	0	1	1	865
CY207734.1	365	432	0	1	1	432
CY207734.1	375	1375	0	1	1	1375
CY207734.1	394	1520	0	1	1	1520
CY207734.1	403	1497	0	1	1	1497
CY207734.1	405	1538	1	0	1	405
CY207734.1	408	1144	0	1	1	1144
CY207734.1	408	557	0	1	1	557
CY207734.1	411	1368	0	1	1	1368
CY207734.1	412	1447	0	1	1	1447
CY207734.1	420	645	0	1	1	645
CY207734.1	421	940	0	2	2	940
CY207734.1	424	1380	0	1	1	1380
CY207734.1	427	946	1	0	1	427
CY207734.1	429	1715	0	1	1	1715
CY207734.1	430	1368	0	1	1	1368
CY207734.1	432	519	0	1	1	519
CY207734.1	433	1382	0	1	1	1382
CY207734.1	434	1350	1	0	1	434
CY207734.1	439	602	0	1	1	602
CY207734.1	439	674	0	1	1	674
CY207734.1	439	745	0	1	1	745
CY207734.1	440	1038	0	1	1	1038
CY207734.1	440	957	2	0	2	440
CY207734.1	442	1389	0	1	1	1389
CY207734.1	442	1689	0	1	1	1689
CY207734.1	445	634	1	0	1	445
CY207734.1	446	1074	1	0	1	446
CY207734.1	447	1272	1	0	1	447
CY207734.1	447	1537	3	16	19	447
CY207734.1	448	672	0	1	1	672
CY207734.1	449	1468	1	0	1	449
CY207734.1	449	662	0	1	1	662
CY207734.1	452	749	0	1	1	749
CY207734.1	457	555	1	0	1	457
CY207734.1	461	729	0	1	1	729
CY207734.1	464	562	0	1	1	562
CY207734.1	464	584	0	1	1	584
CY207734.1	465	1051	0	1	1	1051
CY207734.1	465	779	0	1	1	779
CY207734.1	466	1356	0	1	1	1356
CY207734.1	470	1406	0	1	1	1406
CY207734.1	470	590	0	1	1	590
CY207734.1	474	1539	0	1	1	1539
CY207734.1	478	758	1	0	1	478
CY207734.1	481	1447	0	1	1	1447
CY207734.1	484	1551	0	1	1	1551
CY207734.1	491	568	1	0	1	491
CY207734.1	493	1225	0	1	1	1225
CY207734.1	493	1379	1	2	3	493
CY207734.1	495	1235	0	1	1	1235
CY207734.1	496	1092	0	1	1	1092
CY207734.1	497	1449	0	1	1	1449
CY207734.1	500	1142	0	1	1	1142
CY207734.1	507	1374	0	1	1	1374
CY207734.1	520	867	0	1	1	867
CY207734.1	521	841	1	1	2	521
CY207734.1	522	1256	0	1	1	1256
CY207734.1	522	1683	0	1	1	1683
CY207734.1	524	1055	1	0	1	524
CY207734.1	525	1468	1	0	1	525
CY207734.1	536	773	0	1	1	773
CY207734.1	555	761	1	0	1	555
CY207734.1	559	1565	1	0	1	559
CY207734.1	559	668	0	1	1	668
CY207734.1	591	708	1	0	1	591
CY207734.1	594	1635	0	1	1	1635
CY207734.1	597	799	1	0	1	597
CY207734.1	599	1047	0	1	1	1047
CY207734.1	605	1468	0	1	1	1468
CY207734.1	619	1169	1	0	1	619
CY207734.1	620	812	0	1	1	812
CY207734.1	626	1626	1	0	1	626
CY207734.1	629	1518	0	1	1	1518
CY207734.1	632	817	0	1	1	817
CY207734.1	635	1093	1	0	1	635
CY207734.1	635	1540	0	1	1	1540
CY207734.1	636	868	1	0	1	636
CY207734.1	643	843	1	0	1	643
CY207734.1	651	1519	1	0	1	651
CY207734.1	661	1307	1	0	1	661
CY207734.1	663	1616	2	1	3	663
CY207734.1	664	1493	1	0	1	664
CY207734.1	664	725	1	1	2	664
CY207734.1	679	1164	1	0	1	679
CY207734.1	692	1460	0	1	1	1460
CY207734.1	703	838	0	1	1	838
CY207734.1	733	895	2	0	2	733
CY207734.1	736	1719	0	1	1	1719
CY207734.1	742	1465	0	1	1	1465
CY207734.1	746	1261	1	0	1	746
CY207734.1	747	822	0	1	1	822
CY207734.1	755	808	0	1	1	808
CY207734.1	763	803	0	1	1	803
CY207734.1	770	1507	0	1	1	1507
CY207734.1	782	910	1	0	1	782
CY207734.1	786	1525	1	0	1	786
CY207734.1	790	818	1	0	1	790
CY207734.1	800	1578	0	1	1	1578
CY207734.1	807	1256	0	1	1	1256
CY207734.1	807	999	0	1	1	999
CY207734.1	811	981	1	0	1	811
CY207734.1	814	900	1	0	1	814
CY207734.1	816	1588	0	1	1	1588
CY207734.1	817	1127	1	0	1	817
CY207734.1	824	1138	1	0	1	824
CY207734.1	831	1557	0	1	1	1557
CY207734.1	832	1612	1	1	2	832
CY207734.1	836	1691	0	1	1	1691
CY207734.1	840	1054	1	0	1	840
CY207734.1	845	964	1	0	1	845
CY207734.1	877	1483	0	1	1	1483
CY207734.1	885	1308	1	0	1	885
CY207734.1	890	1389	2	3	5	890
CY207734.1	890	994	0	1	1	994
CY207734.1	892	1555	1	0	1	892
CY207734.1	898	1245	0	1	1	1245
CY207734.1	898	1322	1	0	1	898
CY207734.1	960	1233	0	3	3	1233
CY207734.1	966	1051	4	1	5	966
CY207734.1	971	1042	1	1	2	971
CY207734.1	973	1118	0	1	1	1118
CY207734.1	974	1078	1	0	1	974
CY207734.1	978	1208	0	1	1	1208
CY207734.1	984	1192	0	1	1	1192
CY207734.1	990	1469	1	0	1	990
CY207734.1	992	1401	1	0	1	992
CY207734.1	999	1351	1	2	3	999
CY207735.1	270	785	1	0	1	270
CY207735.1	282	448	1	0	1	282
CY207735.1	287	921	10	0	10	287
CY207735.1	361	838	0	1	1	838
CY207735.1	427	536	2	6	8	427
CY207735.1	430	780	6	24	30	430
CY207735.1	457	813	0	3	3	813
CY207735.1	484	628	0	1	1	628
CY207735.1	499	729	0	1	1	729
CY207735.1	511	740	27	76	103	511
CY207735.1	519	746	0	4	4	746
CY207735.1	531	574	0	1	1	574
CY207735.1	539	568	0	1	1	568
CY207735.1	539	657	0	1	1	657
CY207735.1	540	566	0	1	1	566
CY207735.1	646	689	1	0	1	646
CY207735.1	648	688	0	1	1	688
CY207735.1	653	885	0	1	1	885
CY207735.1	663	809	0	1	1	809
CY207735.1	668	705	1	0	1	668
CY207735.1	843	1041	0	1	1	1041
CY207735.1	843	888	0	1	1	888
CY207735.1	862	1023	0	1	1	1023
CY207735.1	878	968	1	0	1	878
CY207736.1	1012	1753	0	1	1	1753
CY207736.1	1015	2180	4	6	10	1015
CY207736.1	1016	1878	0	1	1	1878
CY207736.1	1023	1718	1	0	1	1023
CY207736.1	1026	1520	1	0	1	1026
CY207736.1	1040	1655	5	2	7	1040
CY207736.1	1046	1979	0	1	1	1979
CY207736.1	1073	1755	0	1	1	1755
CY207736.1	1077	1654	1	0	1	1077
CY207736.1	1122	1384	0	1	1	1384
CY207736.1	1134	1736	0	1	1	1736
CY207736.1	1136	2341	0	1	1	2341
CY207736.1	1145	1734	1	0	1	1145
CY207736.1	1153	1714	1	0	1	1153
CY207736.1	1168	1948	0	1	1	1948
CY207736.1	1168	1960	6	3	9	1168
CY207736.1	1168	2093	1	0	1	1168
CY207736.1	1171	1486	1	0	1	1171
CY207736.1	1177	1393	1	1	2	1177
CY207736.1	1180	2255	0	1	1	2255
CY207736.1	1185	1376	1	1	2	1185
CY207736.1	1202	1981	1	0	1	1202
CY207736.1	1208	1680	2	3	5	1208
CY207736.1	1209	1740	0	1	1	1740
CY207736.1	1230	1442	0	1	1	1442
CY207736.1	1233	1820	0	1	1	1820
CY207736.1	1256	2234	0	1	1	2234
CY207736.1	1275	1307	1	0	1	1275
CY207736.1	1279	2108	0	1	1	2108
CY207736.1	1303	1389	1	0	1	1303
CY207736.1	1305	2012	1	0	1	1305
CY207736.1	1313	2020	0	2	2	2020
CY207736.1	1323	1765	1	0	1	1323
CY207736.1	1326	1855	1	0	1	1326
CY207736.1	1349	1899	1	0	1	1349
CY207736.1	1358	1565	0	1	1	1565
CY207736.1	1406	1565	0	1	1	1565
CY207736.1	1447	1483	0	1	1	1483
CY207736.1	1507	2188	0	1	1	2188
CY207736.1	1511	1883	1	0	1	1511
CY207736.1	1517	1933	1	0	1	1517
CY207736.1	1518	1650	1	0	1	1518
CY207736.1	1526	2186	1	0	1	1526
CY207736.1	1543	2077	2	2	4	1543
CY207736.1	1566	1995	0	3	3	1995
CY207736.1	1576	2201	1	0	1	1576
CY207736.1	1606	1975	1	0	1	1606
CY207736.1	1675	2014	0	1	1	2014
CY207736.1	1700	1959	1	0	1	1700
CY207736.1	1739	2142	0	1	1	2142
CY207736.1	1750	2249	0	1	1	2249
CY207736.1	1765	2307	1	0	1	1765
CY207736.1	1827	1872	2	10	12	1827
CY207736.1	1947	2030	6	4	10	1947
CY207736.1	1953	2149	1	0	1	1953
CY207736.1	1955	2030	0	1	1	2030
CY207736.1	1980	2064	0	1	1	2064
CY207736.1	1991	2067	0	1	1	2067
CY207736.1	1994	2203	0	1	1	2203
CY207736.1	2020	2093	0	2	2	2093
CY207736.1	2140	2238	3	2	5	2140
CY207736.1	2222	2296	0	3	3	2296
CY207736.1	258	1678	1	0	1	258
CY207736.1	262	1249	1	0	1	262
CY207736.1	263	898	1	0	1	263
CY207736.1	269	305	3	0	3	269
CY207736.1	273	1376	1	0	1	273
CY207736.1	277	1713	1	0	1	277
CY207736.1	278	974	1	0	1	278
CY207736.1	279	2020	1	0	1	279
CY207736.1	283	1652	1	0	1	283
CY207736.1	283	1904	1	0	1	283
CY207736.1	285	2223	2	0	2	285
CY207736.1	286	2213	6	0	6	286
CY207736.1	289	1786	1	0	1	289
CY207736.1	290	2185	1	0	1	290
CY207736.1	291	2244	2	0	2	291
CY207736.1	293	2216	3	0	3	293
CY207736.1	296	1209	1	0	1	296
CY207736.1	296	995	0	1	1	995
CY207736.1	310	363	0	1	1	363
CY207736.1	321	2149	0	1	1	2149
CY207736.1	322	1924	1	0	1	322
CY207736.1	329	1927	3	0	3	329
CY207736.1	333	361	1	0	1	333
CY207736.1	334	2153	2	20	22	334
CY207736.1	335	2224	2	3	5	335
CY207736.1	335	365	0	1	1	365
CY207736.1	337	2217	0	2	2	2217
CY207736.1	338	2174	1	0	1	338
CY207736.1	349	2054	0	1	1	2054
CY207736.1	352	2089	0	1	1	2089
CY207736.1	360	2176	1	8	9	360
CY207736.1	362	2105	0	1	1	2105
CY207736.1	363	1820	1	0	1	363
CY207736.1	366	2361	0	1	1	2361
CY207736.1	369	836	1	0	1	369
CY207736.1	383	2177	0	1	1	2177
CY207736.1	386	1589	0	1	1	1589
CY207736.1	388	1303	0	1	1	1303
CY207736.1	391	2183	7	44	51	391
CY207736.1	392	1018	0	1	1	1018
CY207736.1	394	625	0	1	1	625
CY207736.1	397	1393	0	1	1	1393
CY207736.1	397	1710	0	2	2	1710
CY207736.1	397	2189	0	2	2	2189
CY207736.1	400	881	0	1	1	881
CY207736.1	401	1316	0	1	1	1316
CY207736.1	405	2218	2	5	7	405
CY207736.1	411	2115	0	1	1	2115
CY207736.1	414	1694	0	1	1	1694
CY207736.1	423	801	0	1	1	801
CY207736.1	427	1065	1	0	1	427
CY207736.1	436	2156	2	14	16	436
CY207736.1	437	2149	0	1	1	2149
CY207736.1	444	1299	0	1	1	1299
CY207736.1	449	1259	0	1	1	1259
CY207736.1	451	1393	0	1	1	1393
CY207736.1	456	1542	1	0	1	456
CY207736.1	457	1504	0	1	1	1504
CY207736.1	459	1722	1	0	1	459
CY207736.1	462	1702	1	0	1	462
CY207736.1	468	2034	0	1	1	2034
CY207736.1	474	850	0	1	1	850
CY207736.1	483	2168	0	1	1	2168
CY207736.1	490	2156	10	7	17	490
CY207736.1	493	1868	3	0	3	493
CY207736.1	494	2012	2	1	3	494
CY207736.1	495	2212	18	0	18	495
CY207736.1	505	1879	1	0	1	505
CY207736.1	520	1471	0	1	1	1471
CY207736.1	522	1584	0	1	1	1584
CY207736.1	525	601	0	1	1	601
CY207736.1	528	870	1	0	1	528
CY207736.1	541	701	0	1	1	701
CY207736.1	548	1804	0	1	1	1804
CY207736.1	554	1950	4	4	8	554
CY207736.1	566	1412	1	0	1	566
CY207736.1	567	2092	1	0	1	567
CY207736.1	572	1481	0	1	1	1481
CY207736.1	574	1733	2	1	3	574
CY207736.1	582	2122	0	1	1	2122
CY207736.1	584	1509	0	2	2	1509
CY207736.1	584	1961	2	0	2	584
CY207736.1	589	1764	0	1	1	1764
CY207736.1	606	1915	12	8	20	606
CY207736.1	607	1736	8	5	13	607
CY207736.1	609	1868	1	0	1	609
CY207736.1	609	1990	28	15	43	609
CY207736.1	611	1864	1	0	1	611
CY207736.1	625	1900	1	0	1	625
CY207736.1	626	1903	3	2	5	626
CY207736.1	628	1957	0	1	1	1957
CY207736.1	629	679	0	1	1	679
CY207736.1	634	1926	3	3	6	634
CY207736.1	635	2299	1	0	1	635
CY207736.1	638	1950	0	1	1	1950
CY207736.1	643	2018	0	1	1	2018
CY207736.1	644	2302	1	0	1	644
CY207736.1	647	1871	3	1	4	647
CY207736.1	647	1888	9	8	17	647
CY207736.1	649	1010	1	0	1	649
CY207736.1	649	1766	1	0	1	649
CY207736.1	658	1692	0	1	1	1692
CY207736.1	666	869	0	1	1	869
CY207736.1	667	1981	1	0	1	667
CY207736.1	670	1988	1	7	8	670
CY207736.1	675	1333	0	1	1	1333
CY207736.1	677	2066	1	0	1	677
CY207736.1	678	1955	3	0	3	678
CY207736.1	688	2080	6	4	10	688
CY207736.1	689	771	1	0	1	689
CY207736.1	695	2101	0	1	1	2101
CY207736.1	705	2045	0	1	1	2045
CY207736.1	709	1802	2	3	5	709
CY207736.1	716	811	1	0	1	716
CY207736.1	723	1994	16	18	34	723
CY207736.1	726	2079	0	1	1	2079
CY207736.1	727	1753	1	3	4	727
CY207736.1	727	1850	0	2	2	1850
CY207736.1	737	874	0	1	1	874
CY207736.1	743	779	1	0	1	743
CY207736.1	756	1681	1	0	1	756
CY207736.1	763	1290	1	0	1	763
CY207736.1	767	1952	12	5	17	767
CY207736.1	773	1458	1	0	1	773
CY207736.1	789	1944	1	0	1	789
CY207736.1	799	1690	1	0	1	799
CY207736.1	802	2021	1	0	1	802
CY207736.1	810	1512	2	0	2	810
CY207736.1	810	1591	1	0	1	810
CY207736.1	810	1701	1	0	1	810
CY207736.1	810	1919	0	1	1	1919
CY207736.1	814	1566	1	0	1	814
CY207736.1	814	1710	1	2	3	814
CY207736.1	823	1719	0	1	1	1719
CY207736.1	826	1820	1	0	1	826
CY207736.1	832	2038	1	0	1	832
CY207736.1	846	1615	1	0	1	846
CY207736.1	846	1706	1	1	2	846
CY207736.1	846	983	1	0	1	846
CY207736.1	851	1836	5	8	13	851
CY207736.1	852	1678	6	4	10	852
CY207736.1	858	2259	1	0	1	858
CY207736.1	859	958	1	0	1	859
CY207736.1	873	2049	4	0	4	873
CY207736.1	879	1762	1	0	1	879
CY207736.1	902	1854	0	1	1	1854
CY207736.1	904	1269	1	0	1	904
CY207736.1	905	1255	0	1	1	1255
CY207736.1	910	1881	0	1	1	1881
CY207736.1	922	1858	0	1	1	1858
CY207736.1	947	1437	1	0	1	947
CY207736.1	950	2224	1	0	1	950
CY207736.1	951	1896	1	0	1	951
CY207736.1	961	1548	0	1	1	1548
CY207736.1	979	1321	0	1	1	1321
CY207736.1	983	1673	1	0	1	983
CY207736.1	986	1521	0	1	1	1521
CY207736.1	993	1092	1	0	1	993
CY207736.1	997	2255	1	0	1	997
CY207737.1	1002	1234	3	2	5	1002
CY207737.1	1004	1689	1	2	3	1004
CY207737.1	1029	1786	0	1	1	1786
CY207737.1	1041	1439	0	1	1	1439
CY207737.1	1054	1661	1	0	1	1054
CY207737.1	1058	2115	0	1	1	2115
CY207737.1	1063	1091	1	1	2	1063
CY207737.1	1063	1689	18	44	62	1063
CY207737.1	1064	2422	0	1	1	2422
CY207737.1	1067	1266	0	1	1	1266
CY207737.1	1086	2394	1	0	1	1086
CY207737.1	1110	1744	0	1	1	1744
CY207737.1	1112	1703	0	1	1	1703
CY207737.1	1131	2261	1	0	1	1131
CY207737.1	1135	1354	0	1	1	1354
CY207737.1	1144	2057	1	0	1	1144
CY207737.1	1153	2088	1	0	1	1153
CY207737.1	1162	1625	1	0	1	1162
CY207737.1	1163	2100	0	1	1	2100
CY207737.1	1174	2112	1	0	1	1174
CY207737.1	1201	2443	0	1	1	2443
CY207737.1	1218	1446	0	1	1	1446
CY207737.1	1235	1590	1	0	1	1235
CY207737.1	1285	1426	0	1	1	1426
CY207737.1	1286	1368	1	0	1	1286
CY207737.1	1302	1336	2	6	8	1302
CY207737.1	1306	2043	4	5	9	1306
CY207737.1	1308	1954	0	2	2	1954
CY207737.1	1376	1409	7	4	11	1376
CY207737.1	1410	1882	0	1	1	1882
CY207737.1	1413	1466	1	0	1	1413
CY207737.1	1447	1996	1	0	1	1447
CY207737.1	1476	1836	0	1	1	1836
CY207737.1	1493	2106	0	1	1	2106
CY207737.1	1499	1839	0	1	1	1839
CY207737.1	1528	2472	0	1	1	2472
CY207737.1	1533	1856	1	0	1	1533
CY207737.1	1568	1648	0	1	1	1648
CY207737.1	1588	1789	1	0	1	1588
CY207737.1	1590	2156	0	1	1	2156
CY207737.1	1613	2281	1	0	1	1613
CY207737.1	1666	1802	1	0	1	1666
CY207737.1	1733	2097	0	1	1	2097
CY207737.1	1782	1891	0	1	1	1891
CY207737.1	1807	2402	0	1	1	2402
CY207737.1	1830	2495	0	1	1	2495
CY207737.1	1889	2159	1	0	1	1889
CY207737.1	1945	2019	2	4	6	1945
CY207737.1	2032	2088	0	1	1	2088
CY207737.1	2070	2103	0	4	4	2103
CY207737.1	2181	2246	2	0	2	2181
CY207737.1	2241	2267	3	0	3	2241
CY207737.1	2310	2334	9	6	15	2310
CY207737.1	2321	2358	4	0	4	2321
CY207737.1	2322	2356	17	1	18	2322
CY207737.1	237	266	8	0	8	237
CY207737.1	247	291	1	0	1	247
CY207737.1	256	291	15	0	15	256
CY207737.1	266	2355	1	0	1	266
CY207737.1	268	2195	1	0	1	268
CY207737.1	297	2339	1	0	1	297
CY207737.1	306	2355	3	4	7	306
CY207737.1	313	2120	1	0	1	313
CY207737.1	319	2247	2	0	2	319
CY207737.1	319	356	9	1	10	319
CY207737.1	339	461	1	0	1	339
CY207737.1	340	2302	4	0	4	340
CY207737.1	341	614	2	0	2	341
CY207737.1	349	2203	1	0	1	349
CY207737.1	355	2243	7	1	8	355
CY207737.1	356	2210	5	12	17	356
CY207737.1	356	895	0	1	1	895
CY207737.1	361	945	0	1	1	945
CY207737.1	362	1545	0	1	1	1545
CY207737.1	362	2144	1	0	1	362
CY207737.1	369	2480	0	1	1	2480
CY207737.1	372	1294	0	1	1	1294
CY207737.1	378	2262	1	0	1	378
CY207737.1	379	2355	0	1	1	2355
CY207737.1	387	2267	0	1	1	2267
CY207737.1	387	2345	10	11	21	387
CY207737.1	404	1131	1	2	3	404
CY207737.1	427	2187	4	6	10	427
CY207737.1	428	2274	1	0	1	428
CY207737.1	439	2280	2	0	2	439
CY207737.1	439	2333	30	9	39	439
CY207737.1	444	2337	0	1	1	2337
CY207737.1	455	2025	2	0	2	455
CY207737.1	462	1611	0	1	1	1611
CY207737.1	476	2089	2	0	2	476
CY207737.1	476	822	0	1	1	822
CY207737.1	478	2137	0	1	1	2137
CY207737.1	480	1840	1	0	1	480
CY207737.1	483	709	1	0	1	483
CY207737.1	489	1188	1	0	1	489
CY207737.1	491	2094	6	26	32	491
CY207737.1	491	868	1	0	1	491
CY207737.1	492	615	1	0	1	492
CY207737.1	494	2373	1	0	1	494
CY207737.1	512	2108	0	2	2	2108
CY207737.1	518	1711	0	1	1	1711
CY207737.1	518	885	1	0	1	518
CY207737.1	531	558	1	0	1	531
CY207737.1	536	2093	5	2	7	536
CY207737.1	541	1990	2	4	6	541
CY207737.1	569	2017	2	3	5	569
CY207737.1	576	686	0	1	1	686
CY207737.1	579	1965	1	3	4	579
CY207737.1	591	1976	0	1	1	1976
CY207737.1	598	2160	1	0	1	598
CY207737.1	620	894	0	1	1	894
CY207737.1	638	2095	1	3	4	638
CY207737.1	639	2096	1	0	1	639
CY207737.1	675	2095	8	5	13	675
CY207737.1	682	1991	1	5	6	682
CY207737.1	685	847	0	1	1	847
CY207737.1	686	1995	0	1	1	1995
CY207737.1	688	2062	0	1	1	2062
CY207737.1	695	857	0	1	1	857
CY207737.1	712	2216	2	7	9	712
CY207737.1	723	1377	1	0	1	723
CY207737.1	731	1958	0	1	1	1958
CY207737.1	736	1994	0	1	1	1994
CY207737.1	739	854	0	1	1	854
CY207737.1	742	1942	0	1	1	1942
CY207737.1	750	1695	0	1	1	1695
CY207737.1	753	1594	0	1	1	1594
CY207737.1	767	1601	0	1	1	1601
CY207737.1	789	1819	2	2	4	789
CY207737.1	792	1298	0	2	2	1298
CY207737.1	792	1949	3	3	6	792
CY207737.1	803	1650	1	1	2	803
CY207737.1	803	1821	0	1	1	1821
CY207737.1	829	1905	1	3	4	829
CY207737.1	830	1371	1	0	1	830
CY207737.1	834	1452	0	1	1	1452
CY207737.1	836	1683	0	1	1	1683
CY207737.1	842	1383	1	0	1	842
CY207737.1	850	907	0	1	1	907
CY207737.1	859	1396	1	0	1	859
CY207737.1	865	920	1	0	1	865
CY207737.1	897	1822	0	6	6	1822
CY207737.1	911	1602	0	1	1	1602
CY207737.1	918	1944	0	1	1	1944
CY207737.1	924	2335	2	0	2	924
CY207737.1	933	1661	1	0	1	933
CY207737.1	944	1630	0	1	1	1630
CY207737.1	948	1860	0	1	1	1860
CY207737.1	960	1204	0	1	1	1204
CY207737.1	972	1184	0	1	1	1184
CY207737.1	974	2368	1	0	1	974
CY207737.1	992	1621	2	1	3	992
CY207738.1	1006	1819	1	0	1	1006
CY207738.1	1029	1446	1	0	1	1029
CY207738.1	1030	1252	1	2	3	1030
CY207738.1	1037	1659	0	2	2	1659
CY207738.1	1038	2202	0	1	1	2202
CY207738.1	1075	2204	1	0	1	1075
CY207738.1	1091	1305	1	0	1	1091
CY207738.1	1128	1855	1	0	1	1128
CY207738.1	1136	2214	0	1	1	2214
CY207738.1	1147	2146	0	1	1	2146
CY207738.1	1151	1485	2	1	3	1151
CY207738.1	1158	2321	1	0	1	1158
CY207738.1	1181	1469	0	1	1	1469
CY207738.1	1210	1736	1	0	1	1210
CY207738.1	1240	1670	1	0	1	1240
CY207738.1	1246	1579	1	0	1	1246
CY207738.1	1261	1464	0	1	1	1464
CY207738.1	1279	1719	1	0	1	1279
CY207738.1	1287	1342	0	3	3	1342
CY207738.1	1297	1772	0	2	2	1772
CY207738.1	1299	1653	1	0	1	1299
CY207738.1	1302	1387	0	1	1	1387
CY207738.1	1302	1656	1	0	1	1302
CY207738.1	1318	2131	0	1	1	2131
CY207738.1	1323	2241	0	1	1	2241
CY207738.1	1325	1793	0	1	1	1793
CY207738.1	1385	1424	4	0	4	1385
CY207738.1	1385	2002	1	0	1	1385
CY207738.1	1386	1778	1	0	1	1386
CY207738.1	1393	1860	0	1	1	1860
CY207738.1	1424	1794	0	1	1	1794
CY207738.1	1435	1920	0	1	1	1920
CY207738.1	1446	2236	1	0	1	1446
CY207738.1	1451	1601	0	1	1	1601
CY207738.1	1462	1582	1	0	1	1462
CY207738.1	1501	2285	0	1	1	2285
CY207738.1	1521	2047	1	0	1	1521
CY207738.1	1530	2300	1	1	2	1530
CY207738.1	1547	1765	0	1	1	1765
CY207738.1	1597	1812	0	1	1	1812
CY207738.1	1603	1825	1	0	1	1603
CY207738.1	1626	2361	0	1	1	2361
CY207738.1	1651	2359	1	0	1	1651
CY207738.1	1656	2132	1	0	1	1656
CY207738.1	1660	1886	1	0	1	1660
CY207738.1	1673	2280	1	0	1	1673
CY207738.1	1673	2346	0	1	1	2346
CY207738.1	1675	1821	1	0	1	1675
CY207738.1	1681	1913	1	0	1	1681
CY207738.1	1702	2297	0	1	1	2297
CY207738.1	1703	1978	1	0	1	1703
CY207738.1	1717	1893	3	1	4	1717
CY207738.1	1747	1846	0	1	1	1846
CY207738.1	1759	1805	0	1	1	1805
CY207738.1	1771	1827	0	1	1	1827
CY207738.1	1786	2017	0	1	1	2017
CY207738.1	1793	1928	1	0	1	1793
CY207738.1	1837	2101	0	1	1	2101
CY207738.1	1878	1915	2	2	4	1878
CY207738.1	1893	2217	1	0	1	1893
CY207738.1	1893	2252	0	1	1	2252
CY207738.1	1935	2079	0	1	1	2079
CY207738.1	1977	2061	1	0	1	1977
CY207738.1	2033	2144	1	0	1	2033
CY207738.1	2115	2402	0	1	1	2402
CY207738.1	2132	2343	0	1	1	2343
CY207738.1	2148	2382	3	0	3	2148
CY207738.1	2246	2280	1	16	17	2246
CY207738.1	2256	2326	2	0	2	2256
CY207738.1	241	1221	1	0	1	241
CY207738.1	242	2361	1	0	1	242
CY207738.1	252	1622	1	0	1	252
CY207738.1	261	651	1	0	1	261
CY207738.1	263	1237	1	0	1	263
CY207738.1	266	330	1	0	1	266
CY207738.1	272	2416	1	0	1	272
CY207738.1	275	2098	1	0	1	275
CY207738.1	278	1502	1	0	1	278
CY207738.1	285	662	2	0	2	285
CY207738.1	290	780	1	0	1	290
CY207738.1	303	2256	3	5	8	303
CY207738.1	314	2313	1	0	1	314
CY207738.1	318	1306	0	1	1	1306
CY207738.1	322	1310	0	1	1	1310
CY207738.1	325	1293	0	1	1	1293
CY207738.1	329	2207	1	0	1	329
CY207738.1	332	1228	1	0	1	332
CY207738.1	334	2149	0	1	1	2149
CY207738.1	335	1010	0	1	1	1010
CY207738.1	335	1661	0	1	1	1661
CY207738.1	338	662	1	0	1	338
CY207738.1	339	1235	0	1	1	1235
CY207738.1	341	2103	1	0	1	341
CY207738.1	346	1330	0	2	2	1330
CY207738.1	346	2235	0	1	1	2235
CY207738.1	357	2246	1	1	2	357
CY207738.1	368	2186	1	24	25	368
CY207738.1	369	1673	0	1	1	1673
CY207738.1	369	796	1	0	1	369
CY207738.1	372	2006	0	1	1	2006
CY207738.1	374	2311	5	14	19	374
CY207738.1	376	1101	0	1	1	1101
CY207738.1	376	2179	0	1	1	2179
CY207738.1	377	622	0	1	1	622
CY207738.1	380	2333	9	9	18	380
CY207738.1	382	1649	0	1	1	1649
CY207738.1	383	2323	0	1	1	2323
CY207738.1	387	613	0	1	1	613
CY207738.1	391	1273	0	4	4	1273
CY207738.1	391	2474	0	1	1	2474
CY207738.1	393	1372	1	0	1	393
CY207738.1	395	1078	0	1	1	1078
CY207738.1	395	1555	1	0	1	395
CY207738.1	395	1793	1	0	1	395
CY207738.1	395	767	0	1	1	767
CY207738.1	396	2209	0	1	1	2209
CY207738.1	404	1808	0	1	1	1808
CY207738.1	404	776	0	1	1	776
CY207738.1	406	1682	0	1	1	1682
CY207738.1	407	1352	0	1	1	1352
CY207738.1	407	996	1	0	1	407
CY207738.1	408	1537	0	1	1	1537
CY207738.1	408	2215	3	0	3	408
CY207738.1	408	2379	1	1	2	408
CY207738.1	414	2221	0	4	4	2221
CY207738.1	417	1361	0	1	1	1361
CY207738.1	417	2330	0	1	1	2330
CY207738.1	421	1450	0	1	1	1450
CY207738.1	421	1949	0	1	1	1949
CY207738.1	425	2306	1	3	4	425
CY207738.1	429	2237	2	11	13	429
CY207738.1	440	1581	0	1	1	1581
CY207738.1	441	2065	1	2	3	441
CY207738.1	443	2204	0	1	1	2204
CY207738.1	448	1698	0	1	1	1698
CY207738.1	454	2021	0	2	2	2021
CY207738.1	456	736	1	0	1	456
CY207738.1	465	1672	1	2	3	465
CY207738.1	467	1988	1	0	1	467
CY207738.1	467	2034	0	1	1	2034
CY207738.1	472	2491	0	1	1	2491
CY207738.1	477	1155	0	1	1	1155
CY207738.1	478	1681	1	0	1	478
CY207738.1	481	1182	0	1	1	1182
CY207738.1	482	1698	0	1	1	1698
CY207738.1	485	1590	1	0	1	485
CY207738.1	485	553	0	1	1	553
CY207738.1	485	886	0	1	1	886
CY207738.1	494	1107	1	0	1	494
CY207738.1	494	1710	2	0	2	494
CY207738.1	496	2236	9	19	28	496
CY207738.1	500	1538	0	1	1	1538
CY207738.1	514	1884	0	1	1	1884
CY207738.1	518	2209	1	3	4	518
CY207738.1	519	1322	0	1	1	1322
CY207738.1	520	1110	1	0	1	520
CY207738.1	523	751	0	1	1	751
CY207738.1	524	2001	3	29	32	524
CY207738.1	525	2130	0	1	1	2130
CY207738.1	530	1604	0	1	1	1604
CY207738.1	532	985	1	0	1	532
CY207738.1	533	2082	2	1	3	533
CY207738.1	539	1823	1	0	1	539
CY207738.1	545	1695	1	0	1	545
CY207738.1	552	1114	1	0	1	552
CY207738.1	567	2133	0	1	1	2133
CY207738.1	574	961	0	1	1	961
CY207738.1	590	1826	0	1	1	1826
CY207738.1	594	796	1	0	1	594
CY207738.1	605	1638	1	0	1	605
CY207738.1	662	2059	3	0	3	662
CY207738.1	671	2185	1	0	1	671
CY207738.1	679	1308	0	1	1	1308
CY207738.1	715	2309	1	0	1	715
CY207738.1	721	753	1	0	1	721
CY207738.1	738	2362	1	0	1	738
CY207738.1	745	1047	0	1	1	1047
CY207738.1	762	1361	1	0	1	762
CY207738.1	764	1925	1	0	1	764
CY207738.1	770	1144	1	0	1	770
CY207738.1	774	896	1	0	1	774
CY207738.1	786	1065	0	1	1	1065
CY207738.1	808	1895	1	0	1	808
CY207738.1	822	1295	1	0	1	822
CY207738.1	825	1795	1	0	1	825
CY207738.1	842	1727	1	0	1	842
CY207738.1	844	1512	1	0	1	844
CY207738.1	845	1801	1	0	1	845
CY207738.1	849	1805	3	1	4	849
CY207738.1	871	1104	1	0	1	871
CY207738.1	876	1971	0	1	1	1971
CY207738.1	877	1556	0	1	1	1556
CY207738.1	877	2184	1	2	3	877
CY207738.1	896	1101	2	0	2	896
CY207738.1	896	1753	1	0	1	896
CY207738.1	896	2203	0	1	1	2203
CY207738.1	906	938	0	1	1	938
CY207738.1	911	1280	1	0	1	911
CY207738.1	918	1848	0	1	1	1848
CY207738.1	926	1924	1	0	1	926
CY207738.1	927	2296	0	1	1	2296
CY207738.1	930	1680	0	1	1	1680
CY207738.1	942	2020	1	0	1	942
CY207738.1	946	1784	0	1	1	1784
CY207738.1	953	1660	0	1	1	1660
CY207738.1	957	1761	0	1	1	1761
CY207738.1	975	2146	3	5	8	975
CY207738.1	990	2443	0	1	1	2443
