Segment	Start	Stop	Forward_support	Reverse_support	Total_support	Fuzz_factor
CY207731.1	1001	1269	0	1	1	1269
CY207731.1	1019	1681	0	1	1	1681
CY207731.1	1053	1734	0	1	1	1734
CY207731.1	1136	1315	0	1	1	1315
CY207731.1	1151	1897	0	1	1	1897
CY207731.1	1166	1205	0	1	1	1205
CY207731.1	1213	1540	1	0	1	1213
CY207731.1	1265	1393	1	0	1	1265
CY207731.1	1293	1743	1	0	1	1293
CY207731.1	1353	1667	0	1	1	1667
CY207731.1	1442	1723	0	1	1	1723
CY207731.1	1514	1654	0	1	1	1654
CY207731.1	1519	1658	32	28	60	1519
CY207731.1	1547	1777	1	0	1	1547
CY207731.1	285	1349	1	0	1	285
CY207731.1	289	902	1	0	1	289
CY207731.1	343	771	0	1	1	771
CY207731.1	354	1021	0	1	1	1021
CY207731.1	372	1341	1	0	1	372
CY207731.1	385	491	0	1	1	491
CY207731.1	398	1643	1	0	1	398
CY207731.1	423	1913	0	1	1	1913
CY207731.1	441	1094	1	0	1	441
CY207731.1	466	1910	0	1	1	1910
CY207731.1	475	1235	0	1	1	1235
CY207731.1	481	969	0	1	1	969
CY207731.1	485	1894	0	1	1	1894
CY207731.1	488	688	0	1	1	688
CY207731.1	490	1202	0	1	1	1202
CY207731.1	509	741	0	1	1	741
CY207731.1	526	1608	0	1	1	1608
CY207731.1	526	606	0	1	1	606
CY207731.1	533	1885	0	1	1	1885
CY207731.1	563	1917	0	1	1	1917
CY207731.1	599	788	1	0	1	599
CY207731.1	698	1242	0	1	1	1242
CY207731.1	728	912	0	1	1	912
CY207731.1	736	1186	0	1	1	1186
CY207731.1	910	960	0	1	1	960
CY207732.1	1012	1147	0	1	1	1147
CY207732.1	242	879	1	0	1	242
CY207732.1	247	949	1	0	1	247
CY207732.1	251	505	1	0	1	251
CY207732.1	256	731	1	0	1	256
CY207732.1	267	502	1	0	1	267
CY207732.1	272	440	1	0	1	272
CY207732.1	273	300	1	0	1	273
CY207732.1	282	1102	1	0	1	282
CY207732.1	308	699	0	1	1	699
CY207732.1	317	820	1	0	1	317
CY207732.1	344	672	0	1	1	672
CY207732.1	367	902	0	1	1	902
CY207732.1	369	655	1	0	1	369
CY207732.1	370	511	0	1	1	511
CY207732.1	394	467	0	1	1	467
CY207732.1	403	458	0	1	1	458
CY207732.1	453	974	1	0	1	453
CY207732.1	502	666	1	0	1	502
CY207732.1	535	575	1	0	1	535
CY207732.1	552	1140	0	1	1	1140
CY207732.1	552	822	0	1	1	822
CY207732.1	577	739	0	1	1	739
CY207732.1	577	742	0	1	1	742
CY207732.1	581	734	0	1	1	734
CY207732.1	582	611	0	1	1	611
CY207732.1	586	1044	1	0	1	586
CY207732.1	603	649	0	1	1	649
CY207732.1	605	789	0	1	1	789
CY207732.1	644	694	1	0	1	644
CY207732.1	698	731	0	1	1	731
CY207732.1	718	860	11	10	21	718
CY207732.1	720	948	0	1	1	948
CY207732.1	727	828	1	0	1	727
CY207732.1	866	1158	0	1	1	1158
CY207732.1	892	1038	1	0	1	892
CY207732.1	923	996	0	1	1	996
CY207732.1	924	1040	22	4	26	924
CY207732.1	943	969	1	0	1	943
CY207733.1	1121	1194	0	1	1	1194
CY207733.1	1510	1569	3	3	6	1510
CY207733.1	244	1336	1	0	1	244
CY207733.1	246	1336	94	1	95	246
CY207733.1	249	1258	1	0	1	249
CY207733.1	251	1117	1	0	1	251
CY207733.1	270	1391	1	0	1	270
CY207733.1	276	1003	1	0	1	276
CY207733.1	300	1407	2	3	5	300
CY207733.1	322	1538	1	2	3	322
CY207733.1	334	381	0	1	1	381
CY207733.1	347	818	0	1	1	818
CY207733.1	365	1475	0	3	3	1475
CY207733.1	386	571	1	0	1	386
CY207733.1	404	1137	0	1	1	1137
CY207733.1	436	1057	0	1	1	1057
CY207733.1	441	1376	0	1	1	1376
CY207733.1	441	558	0	1	1	558
CY207733.1	455	513	0	1	1	513
CY207733.1	462	1442	1	0	1	462
CY207733.1	501	1366	0	1	1	1366
CY207733.1	527	1061	15	35	50	527
CY207733.1	528	982	5	9	14	528
CY207733.1	544	1070	0	1	1	1070
CY207733.1	555	1096	0	1	1	1096
CY207733.1	557	866	1	0	1	557
CY207733.1	579	1031	0	1	1	1031
CY207733.1	589	1221	1	0	1	589
CY207733.1	590	839	3	7	10	590
CY207733.1	605	1008	0	1	1	1008
CY207733.1	642	1071	1	0	1	642
CY207733.1	677	1209	0	1	1	1209
CY207733.1	756	1072	1	0	1	756
CY207733.1	802	828	1	0	1	802
CY207733.1	837	1007	1	0	1	837
CY207733.1	853	1583	0	1	1	1583
CY207734.1	1012	1321	0	1	1	1321
CY207734.1	1020	1114	0	1	1	1114
CY207734.1	1028	1156	0	1	1	1156
CY207734.1	1200	1563	1	0	1	1200
CY207734.1	1384	1478	1	0	1	1384
CY207734.1	1406	1465	0	1	1	1465
CY207734.1	246	603	1	0	1	246
CY207734.1	255	1453	1	0	1	255
CY207734.1	263	1312	1	0	1	263
CY207734.1	281	1356	1	0	1	281
CY207734.1	282	1588	1	0	1	282
CY207734.1	282	533	1	0	1	282
CY207734.1	304	533	0	1	1	533
CY207734.1	346	817	1	0	1	346
CY207734.1	421	940	0	1	1	940
CY207734.1	427	674	0	1	1	674
CY207734.1	429	523	1	0	1	429
CY207734.1	448	1353	1	0	1	448
CY207734.1	468	1345	0	1	1	1345
CY207734.1	488	518	0	1	1	518
CY207734.1	499	1622	0	1	1	1622
CY207734.1	509	1037	0	1	1	1037
CY207734.1	533	1101	1	0	1	533
CY207734.1	558	877	1	0	1	558
CY207734.1	563	819	0	1	1	819
CY207734.1	568	1440	0	1	1	1440
CY207734.1	584	1677	0	1	1	1677
CY207734.1	591	1584	0	1	1	1584
CY207734.1	594	1255	0	1	1	1255
CY207734.1	680	1322	1	0	1	680
CY207734.1	729	829	10	16	26	729
CY207734.1	765	798	0	1	1	798
CY207734.1	772	810	0	1	1	810
CY207734.1	785	916	1	0	1	785
CY207734.1	797	1459	0	1	1	1459
CY207734.1	841	1622	1	0	1	841
CY207734.1	892	1609	0	1	1	1609
CY207734.1	893	942	1	0	1	893
CY207734.1	906	955	13	11	24	906
CY207735.1	267	931	1	0	1	267
CY207735.1	344	428	0	1	1	428
CY207735.1	355	903	0	1	1	903
CY207735.1	375	422	1	0	1	375
CY207735.1	378	642	0	1	1	642
CY207735.1	394	631	0	1	1	631
CY207735.1	470	705	1	0	1	470
CY207735.1	480	631	0	1	1	631
CY207735.1	486	829	0	1	1	829
CY207735.1	511	740	40	115	155	511
CY207735.1	603	793	0	1	1	793
CY207735.1	638	731	0	1	1	731
CY207735.1	709	755	1	0	1	709
CY207735.1	759	997	0	1	1	997
CY207736.1	1041	1179	1	0	1	1041
CY207736.1	1073	2355	0	1	1	2355
CY207736.1	1100	2013	1	0	1	1100
CY207736.1	1297	1436	1	0	1	1297
CY207736.1	1299	2206	1	0	1	1299
CY207736.1	1332	2272	25	16	41	1332
CY207736.1	1334	2274	1	0	1	1334
CY207736.1	1342	2361	0	1	1	2361
CY207736.1	1343	1510	0	1	1	1510
CY207736.1	1456	2345	0	1	1	2345
CY207736.1	1543	1914	1	0	1	1543
CY207736.1	1557	1720	0	1	1	1720
CY207736.1	1571	1609	5	18	23	1571
CY207736.1	1605	2029	0	1	1	2029
CY207736.1	1653	1842	1	0	1	1653
CY207736.1	1670	2033	0	1	1	2033
CY207736.1	1691	1715	0	1	1	1715
CY207736.1	1761	2007	0	1	1	2007
CY207736.1	2015	2134	1	0	1	2015
CY207736.1	2106	2133	20	11	31	2106
CY207736.1	2146	2171	37	112	149	2146
CY207736.1	2168	2270	10	2	12	2168
CY207736.1	2185	2226	1	0	1	2185
CY207736.1	255	2310	1	0	1	255
CY207736.1	259	971	1	0	1	259
CY207736.1	260	2010	1	0	1	260
CY207736.1	273	2032	1	0	1	273
CY207736.1	274	1692	2	0	2	274
CY207736.1	274	2062	2	0	2	274
CY207736.1	278	1204	1	0	1	278
CY207736.1	278	2037	1	0	1	278
CY207736.1	280	2075	2	0	2	280
CY207736.1	286	1503	1	0	1	286
CY207736.1	286	1949	1	0	1	286
CY207736.1	286	765	1	0	1	286
CY207736.1	289	2002	1	0	1	289
CY207736.1	311	2216	3	0	3	311
CY207736.1	323	2067	1	0	1	323
CY207736.1	327	2217	5	5	10	327
CY207736.1	330	2185	1	1	2	330
CY207736.1	331	2118	1	0	1	331
CY207736.1	331	2180	5	2	7	331
CY207736.1	331	2192	7	2	9	331
CY207736.1	333	2120	55	171	226	333
CY207736.1	334	2029	13	41	54	334
CY207736.1	334	2133	1	15	16	334
CY207736.1	359	2198	0	2	2	2198
CY207736.1	360	2063	16	86	102	360
CY207736.1	360	2132	10	74	84	360
CY207736.1	365	2365	0	2	2	2365
CY207736.1	367	2160	1	3	4	367
CY207736.1	368	2144	8	76	84	368
CY207736.1	369	2071	0	1	1	2071
CY207736.1	374	2171	5	16	21	374
CY207736.1	377	2120	1	0	1	377
CY207736.1	380	2177	1	0	1	380
CY207736.1	382	2165	0	1	1	2165
CY207736.1	383	1734	0	1	1	1734
CY207736.1	385	1870	10	31	41	385
CY207736.1	400	2130	1	1	2	400
CY207736.1	404	2134	13	119	132	404
CY207736.1	404	2164	0	2	2	2164
CY207736.1	411	2153	20	208	228	411
CY207736.1	412	531	0	1	1	531
CY207736.1	413	1413	1	0	1	413
CY207736.1	415	2033	1	0	1	415
CY207736.1	426	2048	0	1	1	2048
CY207736.1	429	2215	28	11	39	429
CY207736.1	434	2169	0	2	2	2169
CY207736.1	436	2032	14	18	32	436
CY207736.1	445	2133	14	24	38	445
CY207736.1	470	2040	0	2	2	2040
CY207736.1	479	887	1	0	1	479
CY207736.1	481	2080	1	0	1	481
CY207736.1	483	2168	0	1	1	2168
CY207736.1	488	2100	38	7	45	488
CY207736.1	490	1151	0	1	1	1151
CY207736.1	490	2034	36	71	107	490
CY207736.1	490	559	0	1	1	559
CY207736.1	493	1112	1	0	1	493
CY207736.1	493	2030	30	44	74	493
CY207736.1	497	1956	6	6	12	497
CY207736.1	532	2049	0	1	1	2049
CY207736.1	546	1720	1	0	1	546
CY207736.1	556	1326	0	1	1	1326
CY207736.1	572	1871	68	38	106	572
CY207736.1	586	1055	1	0	1	586
CY207736.1	598	2062	0	1	1	2062
CY207736.1	638	1830	1	0	1	638
CY207736.1	642	1005	0	1	1	1005
CY207736.1	658	1909	9	7	16	658
CY207736.1	691	772	0	1	1	772
CY207736.1	701	1781	16	23	39	701
CY207736.1	731	1955	1	0	1	731
CY207736.1	733	1957	36	42	78	733
CY207736.1	764	2212	1	0	1	764
CY207736.1	776	2051	0	1	1	2051
CY207736.1	779	1787	0	1	1	1787
CY207736.1	785	1740	1	0	1	785
CY207736.1	806	1203	0	1	1	1203
CY207736.1	829	2177	1	0	1	829
CY207736.1	838	2360	0	1	1	2360
CY207736.1	841	1817	95	103	198	841
CY207736.1	862	1782	1	0	1	862
CY207736.1	875	1005	0	1	1	1005
CY207736.1	877	1802	1	0	1	877
CY207736.1	902	1854	0	2	2	1854
CY207736.1	908	2365	0	1	1	2365
CY207736.1	941	1855	18	53	71	941
CY207736.1	942	1856	0	1	1	1856
CY207736.1	946	1420	1	0	1	946
CY207736.1	946	2365	0	2	2	2365
CY207736.1	948	1736	3	13	16	948
CY207736.1	955	1744	0	1	1	1744
CY207736.1	960	1749	0	1	1	1749
CY207736.1	973	1036	0	1	1	1036
CY207736.1	994	2012	1	0	1	994
CY207737.1	1175	2125	1	0	1	1175
CY207737.1	1308	1954	4	4	8	1308
CY207737.1	1774	1930	0	1	1	1930
CY207737.1	1795	1882	0	1	1	1882
CY207737.1	1803	1878	0	1	1	1878
CY207737.1	1812	2115	0	1	1	2115
CY207737.1	1818	2017	0	1	1	2017
CY207737.1	1822	1857	0	1	1	1857
CY207737.1	1904	2106	0	1	1	2106
CY207737.1	1998	2218	0	1	1	2218
CY207737.1	2217	2281	1	0	1	2217
CY207737.1	238	289	105	0	105	238
CY207737.1	239	290	1	0	1	239
CY207737.1	244	906	1	0	1	244
CY207737.1	308	2332	0	2	2	2332
CY207737.1	318	2231	2	0	2	318
CY207737.1	378	2262	1	0	1	378
CY207737.1	381	2274	19	4	23	381
CY207737.1	439	2093	24	0	24	439
CY207737.1	626	2232	1	0	1	626
CY207737.1	800	1137	5	5	10	800
CY207737.1	838	1626	0	1	1	1626
CY207737.1	970	2127	1	0	1	970
CY207738.1	1032	1151	0	1	1	1151
CY207738.1	1168	1767	1	0	1	1168
CY207738.1	1252	2228	1	0	1	1252
CY207738.1	1478	1905	0	1	1	1905
CY207738.1	1688	2427	1	1	2	1688
CY207738.1	2031	2108	0	1	1	2108
CY207738.1	257	874	1	0	1	257
CY207738.1	372	2207	1	0	1	372
CY207738.1	372	2237	1	0	1	372
CY207738.1	372	2419	0	1	1	2419
CY207738.1	378	2270	0	1	1	2270
CY207738.1	390	1684	0	1	1	1684
CY207738.1	404	1808	0	1	1	1808
CY207738.1	408	2379	0	1	1	2379
CY207738.1	414	2221	1	0	1	414
CY207738.1	418	2314	62	159	221	418
CY207738.1	421	2173	0	1	1	2173
CY207738.1	422	2317	0	1	1	2317
CY207738.1	431	1132	0	1	1	1132
CY207738.1	445	2339	0	2	2	2339
CY207738.1	458	1036	1	0	1	458
CY207738.1	481	2342	1	0	1	481
CY207738.1	483	2142	10	20	30	483
CY207738.1	530	1236	1	0	1	530
CY207738.1	530	906	1	0	1	530
CY207738.1	653	2074	63	89	152	653
CY207738.1	729	2082	0	1	1	2082
CY207738.1	809	1014	1	0	1	809
CY207738.1	835	1900	0	1	1	1900
CY207738.1	845	1120	0	1	1	1120
CY207738.1	850	1860	39	39	78	850
CY207738.1	863	1684	3	3	6	863
CY207738.1	881	1832	30	35	65	881
CY207738.1	965	1322	1	0	1	965
CY207738.1	995	2386	0	1	1	2386
