Segment	Start	Stop	Forward_support	Reverse_support	Total_support	Fuzz_factor
CY207731.1	1002	1583	1	0	1	1002
CY207731.1	1013	1729	1	0	1	1013
CY207731.1	1022	1265	1	0	1	1022
CY207731.1	1023	1754	1	0	1	1023
CY207731.1	1029	1594	1	0	1	1029
CY207731.1	1034	1653	0	1	1	1653
CY207731.1	1054	1347	1	1	2	1054
CY207731.1	1062	1658	1	0	1	1062
CY207731.1	1063	1318	0	1	1	1318
CY207731.1	1077	1152	1	0	1	1077
CY207731.1	1082	1515	0	1	1	1515
CY207731.1	1088	1115	1	0	1	1088
CY207731.1	1092	1385	0	1	1	1385
CY207731.1	1094	1431	0	1	1	1431
CY207731.1	1097	1157	1	0	1	1097
CY207731.1	1102	1228	0	1	1	1228
CY207731.1	1127	1815	1	0	1	1127
CY207731.1	1137	1314	0	1	1	1314
CY207731.1	1145	1723	1	0	1	1145
CY207731.1	1172	1433	0	1	1	1433
CY207731.1	1175	1390	1	0	1	1175
CY207731.1	1195	1751	0	1	1	1751
CY207731.1	1215	1387	1	0	1	1215
CY207731.1	1220	1380	1	0	1	1220
CY207731.1	1235	1314	1	0	1	1235
CY207731.1	1258	1386	1	0	1	1258
CY207731.1	1259	1863	0	1	1	1863
CY207731.1	1264	1805	0	1	1	1805
CY207731.1	1282	1717	1	0	1	1282
CY207731.1	1299	1651	1	0	1	1299
CY207731.1	1300	1412	0	2	2	1412
CY207731.1	1302	1333	1	0	1	1302
CY207731.1	1320	1843	1	0	1	1320
CY207731.1	1322	1823	1	0	1	1322
CY207731.1	1324	1673	2	0	2	1324
CY207731.1	1333	1903	0	1	1	1903
CY207731.1	1346	1682	1	0	1	1346
CY207731.1	1356	1647	0	1	1	1647
CY207731.1	1380	1681	1	0	1	1380
CY207731.1	1389	1508	0	1	1	1508
CY207731.1	1436	1667	0	1	1	1667
CY207731.1	1469	1634	0	2	2	1634
CY207731.1	1472	1495	1	0	1	1472
CY207731.1	1503	1619	1	0	1	1503
CY207731.1	1519	1658	3	1	4	1519
CY207731.1	1597	1642	0	1	1	1642
CY207731.1	1645	1788	3	3	6	1645
CY207731.1	1656	1885	0	1	1	1885
CY207731.1	1687	1764	0	1	1	1764
CY207731.1	1690	1742	1	0	1	1690
CY207731.1	1693	1752	0	1	1	1752
CY207731.1	1695	1746	4	0	4	1695
CY207731.1	1703	1747	1	0	1	1703
CY207731.1	1706	1893	0	1	1	1893
CY207731.1	1721	1780	0	1	1	1780
CY207731.1	255	351	1	0	1	255
CY207731.1	257	1920	1	0	1	257
CY207731.1	269	1672	1	0	1	269
CY207731.1	269	1775	1	0	1	269
CY207731.1	270	1334	2	1	3	270
CY207731.1	278	1784	1	0	1	278
CY207731.1	278	418	1	0	1	278
CY207731.1	279	1784	10	0	10	279
CY207731.1	285	1349	1	0	1	285
CY207731.1	286	763	1	0	1	286
CY207731.1	287	415	1	0	1	287
CY207731.1	289	697	1	0	1	289
CY207731.1	290	1571	1	0	1	290
CY207731.1	317	448	0	1	1	448
CY207731.1	339	391	0	1	1	391
CY207731.1	340	1380	0	1	1	1380
CY207731.1	341	1286	0	1	1	1286
CY207731.1	346	1730	0	1	1	1730
CY207731.1	347	1113	0	1	1	1113
CY207731.1	361	1743	0	1	1	1743
CY207731.1	363	1655	0	1	1	1655
CY207731.1	364	423	0	1	1	423
CY207731.1	364	513	0	1	1	513
CY207731.1	372	1904	0	1	1	1904
CY207731.1	374	1655	0	1	1	1655
CY207731.1	375	543	1	0	1	375
CY207731.1	380	1610	0	1	1	1610
CY207731.1	381	1427	0	1	1	1427
CY207731.1	398	1656	0	1	1	1656
CY207731.1	398	452	1	0	1	398
CY207731.1	401	1419	1	0	1	401
CY207731.1	401	1673	0	1	1	1673
CY207731.1	405	494	1	0	1	405
CY207731.1	409	1435	11	25	36	409
CY207731.1	416	1302	0	1	1	1302
CY207731.1	423	1913	0	1	1	1913
CY207731.1	448	1324	0	1	1	1324
CY207731.1	448	1460	0	1	1	1460
CY207731.1	450	1353	1	0	1	450
CY207731.1	456	854	1	0	1	456
CY207731.1	457	804	1	0	1	457
CY207731.1	459	1480	1	0	1	459
CY207731.1	466	1069	1	0	1	466
CY207731.1	480	857	1	0	1	480
CY207731.1	492	1517	0	1	1	1517
CY207731.1	500	1101	0	1	1	1101
CY207731.1	508	1751	0	1	1	1751
CY207731.1	519	1056	0	1	1	1056
CY207731.1	519	1683	1	0	1	519
CY207731.1	526	1694	0	1	1	1694
CY207731.1	527	1727	1	5	6	527
CY207731.1	529	1138	0	1	1	1138
CY207731.1	529	1307	4	1	5	529
CY207731.1	548	785	0	1	1	785
CY207731.1	557	1063	1	0	1	557
CY207731.1	565	1641	2	2	4	565
CY207731.1	572	1261	0	1	1	1261
CY207731.1	574	601	5	2	7	574
CY207731.1	579	874	1	0	1	579
CY207731.1	597	662	1	0	1	597
CY207731.1	639	779	1	0	1	639
CY207731.1	655	1588	1	0	1	655
CY207731.1	685	862	0	1	1	862
CY207731.1	712	1898	0	1	1	1898
CY207731.1	733	1605	0	1	1	1605
CY207731.1	737	910	1	0	1	737
CY207731.1	741	953	1	0	1	741
CY207731.1	771	1309	0	1	1	1309
CY207731.1	775	1698	1	0	1	775
CY207731.1	794	1613	1	0	1	794
CY207731.1	801	1692	0	1	1	1692
CY207731.1	803	1152	0	1	1	1152
CY207731.1	817	1875	0	1	1	1875
CY207731.1	818	1363	0	1	1	1363
CY207731.1	823	1678	1	0	1	823
CY207731.1	823	1879	0	2	2	1879
CY207731.1	857	1041	1	0	1	857
CY207731.1	874	1822	1	0	1	874
CY207731.1	902	1178	1	0	1	902
CY207731.1	910	1289	0	1	1	1289
CY207731.1	910	1391	2	0	2	910
CY207731.1	917	1398	1	0	1	917
CY207731.1	920	946	0	1	1	946
CY207731.1	923	1774	0	1	1	1774
CY207731.1	928	1883	0	1	1	1883
CY207731.1	934	1064	1	0	1	934
CY207731.1	941	1197	0	1	1	1197
CY207731.1	950	1900	0	1	1	1900
CY207731.1	970	1762	1	0	1	970
CY207731.1	971	1342	0	3	3	1342
CY207731.1	977	1274	1	0	1	977
CY207731.1	977	1635	0	1	1	1635
CY207731.1	984	1282	0	1	1	1282
CY207731.1	990	1805	0	1	1	1805
CY207731.1	996	1210	0	1	1	1210
CY207732.1	241	885	1	0	1	241
CY207732.1	242	294	1	0	1	242
CY207732.1	261	589	1	0	1	261
CY207732.1	263	1067	9	0	9	263
CY207732.1	268	550	1	0	1	268
CY207732.1	273	399	1	0	1	273
CY207732.1	273	909	1	0	1	273
CY207732.1	275	557	1	0	1	275
CY207732.1	275	848	5	0	5	275
CY207732.1	277	458	1	0	1	277
CY207732.1	278	1061	1	0	1	278
CY207732.1	283	465	1	0	1	283
CY207732.1	288	1140	2	4	6	288
CY207732.1	293	1043	1	0	1	293
CY207732.1	308	968	1	0	1	308
CY207732.1	311	857	1	0	1	311
CY207732.1	341	1016	1	0	1	341
CY207732.1	341	541	0	1	1	541
CY207732.1	342	692	0	1	1	692
CY207732.1	343	800	3	6	9	343
CY207732.1	346	743	1	0	1	346
CY207732.1	347	573	1	7	8	347
CY207732.1	348	707	0	1	1	707
CY207732.1	350	766	0	1	1	766
CY207732.1	350	832	0	1	1	832
CY207732.1	355	631	0	1	1	631
CY207732.1	358	840	0	1	1	840
CY207732.1	359	911	0	1	1	911
CY207732.1	366	468	0	1	1	468
CY207732.1	366	499	0	1	1	499
CY207732.1	377	424	0	1	1	424
CY207732.1	384	547	0	1	1	547
CY207732.1	393	755	1	0	1	393
CY207732.1	394	476	0	1	1	476
CY207732.1	395	686	1	0	1	395
CY207732.1	401	726	0	1	1	726
CY207732.1	405	693	0	1	1	693
CY207732.1	407	628	1	0	1	407
CY207732.1	408	590	0	1	1	590
CY207732.1	415	823	1	0	1	415
CY207732.1	416	783	0	1	1	783
CY207732.1	416	905	0	1	1	905
CY207732.1	429	476	0	1	1	476
CY207732.1	429	850	1	4	5	429
CY207732.1	433	663	1	0	1	433
CY207732.1	434	813	0	8	8	813
CY207732.1	436	463	0	1	1	463
CY207732.1	439	855	0	1	1	855
CY207732.1	445	585	0	4	4	585
CY207732.1	473	971	0	1	1	971
CY207732.1	478	1022	0	1	1	1022
CY207732.1	478	1084	1	0	1	478
CY207732.1	482	1021	1	0	1	482
CY207732.1	483	1077	1	0	1	483
CY207732.1	483	637	1	0	1	483
CY207732.1	484	603	0	1	1	603
CY207732.1	489	567	1	0	1	489
CY207732.1	500	1066	0	1	1	1066
CY207732.1	500	917	0	1	1	917
CY207732.1	523	788	1	0	1	523
CY207732.1	523	948	0	1	1	948
CY207732.1	524	624	1	0	1	524
CY207732.1	539	873	1	0	1	539
CY207732.1	540	837	0	1	1	837
CY207732.1	542	631	0	1	1	631
CY207732.1	554	986	1	0	1	554
CY207732.1	567	773	0	1	1	773
CY207732.1	587	662	1	0	1	587
CY207732.1	587	719	1	3	4	587
CY207732.1	589	862	1	1	2	589
CY207732.1	593	1023	0	1	1	1023
CY207732.1	594	747	1	0	1	594
CY207732.1	595	777	0	1	1	777
CY207732.1	596	828	1	0	1	596
CY207732.1	598	899	0	1	1	899
CY207732.1	601	726	1	0	1	601
CY207732.1	606	753	0	1	1	753
CY207732.1	612	987	1	0	1	612
CY207732.1	613	708	2	0	2	613
CY207732.1	614	1030	1	0	1	614
CY207732.1	621	1115	1	0	1	621
CY207732.1	626	717	1	0	1	626
CY207732.1	626	968	1	0	1	626
CY207732.1	628	766	0	1	1	766
CY207732.1	630	958	0	1	1	958
CY207732.1	648	692	1	0	1	648
CY207732.1	649	1116	0	1	1	1116
CY207732.1	661	959	1	0	1	661
CY207732.1	671	971	1	0	1	671
CY207732.1	672	1010	0	1	1	1010
CY207732.1	679	815	3	3	6	679
CY207732.1	681	856	1	0	1	681
CY207732.1	685	839	1	0	1	685
CY207732.1	701	1009	1	0	1	701
CY207732.1	703	907	0	1	1	907
CY207732.1	713	936	0	1	1	936
CY207732.1	715	965	1	5	6	715
CY207732.1	716	798	1	0	1	716
CY207732.1	718	860	4	10	14	718
CY207732.1	718	959	1	0	1	718
CY207732.1	733	809	1	0	1	733
CY207732.1	737	1022	1	0	1	737
CY207732.1	776	1092	0	1	1	1092
CY207732.1	777	820	3	0	3	777
CY207732.1	787	1074	1	0	1	787
CY207732.1	789	1133	0	1	1	1133
CY207732.1	790	833	1	2	3	790
CY207732.1	792	853	0	2	2	853
CY207732.1	797	956	0	1	1	956
CY207732.1	798	1096	0	1	1	1096
CY207732.1	803	1034	1	0	1	803
CY207732.1	804	1014	0	2	2	1014
CY207732.1	816	847	2	0	2	816
CY207732.1	817	866	1	1	2	817
CY207732.1	818	854	0	1	1	854
CY207732.1	832	981	0	1	1	981
CY207732.1	843	1089	0	1	1	1089
CY207732.1	862	962	0	1	1	962
CY207732.1	919	1016	1	1	2	919
CY207732.1	924	1040	1	2	3	924
CY207732.1	980	1039	1	0	1	980
CY207733.1	1009	1071	1	0	1	1009
CY207733.1	1021	1373	0	1	1	1373
CY207733.1	1039	1267	1	0	1	1039
CY207733.1	1060	1526	0	1	1	1526
CY207733.1	1079	1165	1	0	1	1079
CY207733.1	1090	1184	1	1	2	1090
CY207733.1	1135	1412	0	1	1	1412
CY207733.1	1138	1229	0	2	2	1229
CY207733.1	1146	1443	1	1	2	1146
CY207733.1	1246	1473	1	0	1	1246
CY207733.1	1249	1446	1	0	1	1249
CY207733.1	1300	1449	1	0	1	1300
CY207733.1	1333	1360	0	1	1	1360
CY207733.1	276	1209	1	0	1	276
CY207733.1	277	408	1	0	1	277
CY207733.1	281	1003	1	0	1	281
CY207733.1	363	1144	1	0	1	363
CY207733.1	364	1462	0	1	1	1462
CY207733.1	365	1475	0	1	1	1475
CY207733.1	373	1172	1	0	1	373
CY207733.1	377	1297	0	1	1	1297
CY207733.1	380	1296	0	4	4	1296
CY207733.1	386	1122	0	1	1	1122
CY207733.1	391	1409	1	0	1	391
CY207733.1	400	984	0	1	1	984
CY207733.1	417	1005	0	1	1	1005
CY207733.1	420	1391	2	11	13	420
CY207733.1	452	947	1	0	1	452
CY207733.1	470	505	0	1	1	505
CY207733.1	479	511	1	0	1	479
CY207733.1	504	563	0	1	1	563
CY207733.1	516	1372	1	0	1	516
CY207733.1	520	618	0	1	1	618
CY207733.1	541	1231	0	2	2	1231
CY207733.1	578	1081	1	0	1	578
CY207733.1	589	751	1	0	1	589
CY207733.1	593	1092	1	0	1	593
CY207733.1	607	990	0	1	1	990
CY207733.1	608	1226	1	0	1	608
CY207733.1	649	888	0	1	1	888
CY207733.1	690	778	0	1	1	778
CY207733.1	721	839	0	1	1	839
CY207733.1	753	1029	0	2	2	1029
CY207733.1	778	1031	0	1	1	1031
CY207733.1	826	952	0	1	1	952
CY207733.1	834	1108	1	0	1	834
CY207733.1	881	1030	1	0	1	881
CY207733.1	906	940	1	0	1	906
CY207733.1	917	1139	1	0	1	917
CY207733.1	927	1425	0	1	1	1425
CY207733.1	946	1286	2	0	2	946
CY207733.1	954	1171	2	1	3	954
CY207733.1	955	1022	2	0	2	955
CY207733.1	996	1309	0	1	1	1309
CY207734.1	1027	1397	0	1	1	1397
CY207734.1	1028	1182	1	0	1	1028
CY207734.1	1053	1339	1	0	1	1053
CY207734.1	1063	1146	0	1	1	1146
CY207734.1	1078	1462	1	0	1	1078
CY207734.1	1100	1601	1	0	1	1100
CY207734.1	1217	1562	1	0	1	1217
CY207734.1	1247	1321	1	0	1	1247
CY207734.1	1319	1512	1	0	1	1319
CY207734.1	1360	1538	1	0	1	1360
CY207734.1	1399	1619	0	1	1	1619
CY207734.1	1401	1465	1	0	1	1401
CY207734.1	1412	1461	1	0	1	1412
CY207734.1	1423	1547	1	1	2	1423
CY207734.1	1441	1625	1	0	1	1441
CY207734.1	1442	1566	1	0	1	1442
CY207734.1	1472	1515	0	1	1	1515
CY207734.1	1475	1506	0	1	1	1506
CY207734.1	1534	1557	1	0	1	1534
CY207734.1	1547	1589	0	1	1	1589
CY207734.1	1580	1697	0	1	1	1697
CY207734.1	1609	1643	1	0	1	1609
CY207734.1	244	794	1	0	1	244
CY207734.1	245	1443	1	0	1	245
CY207734.1	245	1521	1	0	1	245
CY207734.1	246	603	2	0	2	246
CY207734.1	248	443	1	0	1	248
CY207734.1	264	940	1	0	1	264
CY207734.1	265	619	1	0	1	265
CY207734.1	281	1356	1	0	1	281
CY207734.1	282	1588	1	0	1	282
CY207734.1	282	817	2	0	2	282
CY207734.1	284	961	1	0	1	284
CY207734.1	288	822	1	0	1	288
CY207734.1	289	1470	1	0	1	289
CY207734.1	289	742	1	0	1	289
CY207734.1	290	1230	1	0	1	290
CY207734.1	304	829	1	0	1	304
CY207734.1	319	600	0	1	1	600
CY207734.1	320	1443	0	1	1	1443
CY207734.1	321	1567	1	0	1	321
CY207734.1	325	1448	1	0	1	325
CY207734.1	338	1584	0	1	1	1584
CY207734.1	355	724	0	1	1	724
CY207734.1	364	1156	0	1	1	1156
CY207734.1	364	1680	0	1	1	1680
CY207734.1	374	609	0	1	1	609
CY207734.1	376	457	1	0	1	376
CY207734.1	378	1603	1	0	1	378
CY207734.1	389	1225	0	1	1	1225
CY207734.1	392	1073	0	1	1	1073
CY207734.1	396	1452	0	1	1	1452
CY207734.1	396	575	1	0	1	396
CY207734.1	401	1487	1	0	1	401
CY207734.1	405	1179	0	1	1	1179
CY207734.1	411	1368	0	1	1	1368
CY207734.1	411	823	0	1	1	823
CY207734.1	412	732	0	1	1	732
CY207734.1	414	1584	0	1	1	1584
CY207734.1	421	940	1	2	3	421
CY207734.1	427	579	1	0	1	427
CY207734.1	429	474	0	2	2	474
CY207734.1	434	1350	0	1	1	1350
CY207734.1	435	587	0	1	1	587
CY207734.1	440	957	3	0	3	440
CY207734.1	452	572	1	0	1	452
CY207734.1	464	1724	0	7	7	1724
CY207734.1	464	584	1	1	2	464
CY207734.1	467	926	0	1	1	926
CY207734.1	470	590	1	1	2	470
CY207734.1	473	1390	1	0	1	473
CY207734.1	474	1539	0	1	1	1539
CY207734.1	478	1443	0	1	1	1443
CY207734.1	513	1378	0	2	2	1378
CY207734.1	521	1422	0	6	6	1422
CY207734.1	522	1422	1	0	1	522
CY207734.1	522	1423	0	1	1	1423
CY207734.1	541	902	1	0	1	541
CY207734.1	546	877	1	0	1	546
CY207734.1	558	1270	1	0	1	558
CY207734.1	560	621	0	1	1	621
CY207734.1	562	1426	0	1	1	1426
CY207734.1	563	819	1	0	1	563
CY207734.1	579	927	1	0	1	579
CY207734.1	615	1272	1	1	2	615
CY207734.1	620	812	3	1	4	620
CY207734.1	621	1371	1	0	1	621
CY207734.1	628	840	1	0	1	628
CY207734.1	657	1225	0	1	1	1225
CY207734.1	662	944	1	0	1	662
CY207734.1	676	814	2	2	4	676
CY207734.1	698	841	0	1	1	841
CY207734.1	710	819	1	0	1	710
CY207734.1	713	821	2	2	4	713
CY207734.1	718	1400	1	0	1	718
CY207734.1	748	775	1	0	1	748
CY207734.1	766	1578	0	1	1	1578
CY207734.1	768	1254	1	0	1	768
CY207734.1	815	1495	1	0	1	815
CY207734.1	816	1588	2	0	2	816
CY207734.1	822	1007	2	1	3	822
CY207734.1	827	891	1	0	1	827
CY207734.1	841	1310	1	0	1	841
CY207734.1	841	1342	0	1	1	1342
CY207734.1	841	1622	1	3	4	841
CY207734.1	843	1368	2	3	5	843
CY207734.1	845	964	1	0	1	845
CY207734.1	851	1212	0	1	1	1212
CY207734.1	851	1451	1	0	1	851
CY207734.1	852	1184	0	1	1	1184
CY207734.1	852	1370	1	0	1	852
CY207734.1	864	1713	0	1	1	1713
CY207734.1	867	1445	0	1	1	1445
CY207734.1	872	1388	1	1	2	872
CY207734.1	874	1175	1	0	1	874
CY207734.1	877	1566	0	1	1	1566
CY207734.1	914	1353	1	0	1	914
CY207734.1	945	1215	1	0	1	945
CY207734.1	954	1303	1	0	1	954
CY207734.1	971	1042	0	1	1	1042
CY207735.1	288	928	1	0	1	288
CY207735.1	353	844	0	1	1	844
CY207735.1	400	743	0	1	1	743
CY207735.1	401	921	0	6	6	921
CY207735.1	424	750	0	1	1	750
CY207735.1	444	702	1	0	1	444
CY207735.1	448	664	0	1	1	664
CY207735.1	470	705	1	0	1	470
CY207735.1	501	585	0	1	1	585
CY207735.1	511	740	7	20	27	511
CY207735.1	519	746	0	2	2	746
CY207735.1	573	762	0	1	1	762
CY207735.1	604	630	2	2	4	604
CY207735.1	683	884	0	1	1	884
CY207735.1	695	990	0	1	1	990
CY207735.1	724	950	1	0	1	724
CY207735.1	780	935	1	0	1	780
CY207735.1	925	1008	0	1	1	1008
CY207736.1	1000	1816	1	0	1	1000
CY207736.1	1009	1160	1	1	2	1009
CY207736.1	1023	1982	0	1	1	1982
CY207736.1	1026	1680	0	2	2	1680
CY207736.1	1046	1979	1	2	3	1046
CY207736.1	1087	1269	1	0	1	1087
CY207736.1	1090	2144	0	1	1	2144
CY207736.1	1095	2005	0	2	2	2005
CY207736.1	1095	2076	2	2	4	1095
CY207736.1	1101	1281	0	1	1	1281
CY207736.1	1124	1208	1	0	1	1124
CY207736.1	1151	1689	1	0	1	1151
CY207736.1	1176	1785	0	1	1	1785
CY207736.1	1193	1557	0	1	1	1557
CY207736.1	1206	1324	0	1	1	1324
CY207736.1	1209	1957	1	3	4	1209
CY207736.1	1213	1839	1	0	1	1213
CY207736.1	1233	1676	1	0	1	1233
CY207736.1	1234	1344	1	0	1	1234
CY207736.1	1237	2190	1	2	3	1237
CY207736.1	1252	1692	1	0	1	1252
CY207736.1	1258	1647	1	2	3	1258
CY207736.1	1275	1513	1	0	1	1275
CY207736.1	1277	1378	0	1	1	1378
CY207736.1	1301	2007	0	1	1	2007
CY207736.1	1325	1702	1	0	1	1325
CY207736.1	1325	2037	1	0	1	1325
CY207736.1	1337	2030	0	1	1	2030
CY207736.1	1343	1743	0	1	1	1743
CY207736.1	1357	1775	0	1	1	1775
CY207736.1	1364	1506	0	1	1	1506
CY207736.1	1372	2217	1	0	1	1372
CY207736.1	1376	2002	0	1	1	2002
CY207736.1	1399	1765	0	1	1	1765
CY207736.1	1510	1584	0	1	1	1584
CY207736.1	1510	2002	1	0	1	1510
CY207736.1	1511	1701	2	1	3	1511
CY207736.1	1540	1996	1	0	1	1540
CY207736.1	1543	1790	0	2	2	1790
CY207736.1	1554	1663	0	1	1	1663
CY207736.1	1555	1710	0	1	1	1710
CY207736.1	1558	1661	1	0	1	1558
CY207736.1	1563	2014	0	1	1	2014
CY207736.1	1566	1995	0	3	3	1995
CY207736.1	1573	1648	0	1	1	1648
CY207736.1	1584	1787	0	1	1	1787
CY207736.1	1638	2176	0	1	1	2176
CY207736.1	1639	1877	1	0	1	1639
CY207736.1	1640	1678	1	1	2	1640
CY207736.1	1693	2043	0	1	1	2043
CY207736.1	1743	1997	1	0	1	1743
CY207736.1	1778	2215	1	0	1	1778
CY207736.1	1789	2006	1	0	1	1789
CY207736.1	1790	1990	0	1	1	1990
CY207736.1	1818	2043	0	1	1	2043
CY207736.1	1832	1953	0	1	1	1953
CY207736.1	1911	1975	1	0	1	1911
CY207736.1	1949	2000	1	4	5	1949
CY207736.1	1952	2202	0	1	1	2202
CY207736.1	2060	2336	1	0	1	2060
CY207736.1	2113	2251	1	0	1	2113
CY207736.1	2132	2170	0	2	2	2170
CY207736.1	2214	2280	0	1	1	2280
CY207736.1	2221	2350	0	1	1	2350
CY207736.1	2236	2270	1	0	1	2236
CY207736.1	2272	2319	0	1	1	2319
CY207736.1	247	537	1	0	1	247
CY207736.1	266	2253	1	0	1	266
CY207736.1	271	1013	1	0	1	271
CY207736.1	274	1692	1	0	1	274
CY207736.1	277	1713	1	0	1	277
CY207736.1	280	1993	1	0	1	280
CY207736.1	282	1398	2	0	2	282
CY207736.1	285	2285	1	0	1	285
CY207736.1	289	1786	1	0	1	289
CY207736.1	290	1448	1	0	1	290
CY207736.1	290	1505	1	0	1	290
CY207736.1	306	1418	1	0	1	306
CY207736.1	321	2215	1	0	1	321
CY207736.1	325	412	1	0	1	325
CY207736.1	333	2215	1	0	1	333
CY207736.1	336	1401	0	1	1	1401
CY207736.1	338	2174	0	1	1	2174
CY207736.1	360	2155	0	1	1	2155
CY207736.1	361	2144	1	4	5	361
CY207736.1	365	2125	0	1	1	2125
CY207736.1	384	2208	19	51	70	384
CY207736.1	386	2331	0	1	1	2331
CY207736.1	388	2211	0	1	1	2211
CY207736.1	389	850	1	0	1	389
CY207736.1	390	1341	0	1	1	1341
CY207736.1	394	1462	1	0	1	394
CY207736.1	397	1710	0	1	1	1710
CY207736.1	397	815	0	1	1	815
CY207736.1	399	1752	1	0	1	399
CY207736.1	401	1316	1	0	1	401
CY207736.1	409	1560	0	8	8	1560
CY207736.1	411	1962	0	1	1	1962
CY207736.1	413	1413	1	0	1	413
CY207736.1	416	864	0	2	2	864
CY207736.1	425	1147	1	0	1	425
CY207736.1	434	1643	1	0	1	434
CY207736.1	436	2129	1	0	1	436
CY207736.1	438	2206	1	1	2	438
CY207736.1	439	2031	1	1	2	439
CY207736.1	445	1768	1	0	1	445
CY207736.1	448	2096	1	0	1	448
CY207736.1	448	2140	6	15	21	448
CY207736.1	451	1393	2	0	2	451
CY207736.1	452	1358	4	1	5	452
CY207736.1	453	841	1	0	1	453
CY207736.1	454	491	2	0	2	454
CY207736.1	460	2000	2	0	2	460
CY207736.1	461	1275	1	0	1	461
CY207736.1	461	1898	9	0	9	461
CY207736.1	462	1702	0	1	1	1702
CY207736.1	466	1412	1	0	1	466
CY207736.1	467	2104	2	1	3	467
CY207736.1	470	1998	2	1	3	470
CY207736.1	471	2018	1	1	2	471
CY207736.1	477	2033	2	5	7	477
CY207736.1	477	2162	1	0	1	477
CY207736.1	478	2018	1	1	2	478
CY207736.1	479	2018	4	3	7	479
CY207736.1	481	2080	0	1	1	2080
CY207736.1	483	1972	3	2	5	483
CY207736.1	483	2010	2	4	6	483
CY207736.1	483	2168	0	3	3	2168
CY207736.1	485	544	7	1	8	485
CY207736.1	489	2041	0	1	1	2041
CY207736.1	490	2038	1	0	1	490
CY207736.1	490	2064	1	0	1	490
CY207736.1	495	1192	0	1	1	1192
CY207736.1	506	1719	1	0	1	506
CY207736.1	506	2050	96	116	212	506
CY207736.1	508	1626	0	1	1	1626
CY207736.1	509	1458	1	0	1	509
CY207736.1	510	1014	0	1	1	1014
CY207736.1	511	1987	14	1	15	511
CY207736.1	511	2005	1	4	5	511
CY207736.1	514	576	0	1	1	576
CY207736.1	517	2188	1	0	1	517
CY207736.1	519	2074	1	0	1	519
CY207736.1	520	2011	3	2	5	520
CY207736.1	526	1995	40	18	58	526
CY207736.1	528	1588	1	0	1	528
CY207736.1	528	1715	1	0	1	528
CY207736.1	532	2073	0	1	1	2073
CY207736.1	534	2027	0	1	1	2027
CY207736.1	534	559	1	0	1	534
CY207736.1	538	1725	0	1	1	1725
CY207736.1	548	1957	9	9	18	548
CY207736.1	549	2011	3	1	4	549
CY207736.1	551	1958	5	4	9	551
CY207736.1	555	2011	0	1	1	2011
CY207736.1	555	2034	7	2	9	555
CY207736.1	556	1841	6	2	8	556
CY207736.1	556	1869	1	0	1	556
CY207736.1	564	904	0	1	1	904
CY207736.1	566	1931	1	0	1	566
CY207736.1	566	2007	3	1	4	566
CY207736.1	567	1686	27	7	34	567
CY207736.1	567	2005	1	1	2	567
CY207736.1	572	1481	1	0	1	572
CY207736.1	574	1733	4	1	5	574
CY207736.1	576	1999	0	1	1	1999
CY207736.1	579	1950	0	1	1	1950
CY207736.1	579	841	0	2	2	841
CY207736.1	580	1933	1	1	2	580
CY207736.1	581	1091	0	1	1	1091
CY207736.1	581	1938	1	0	1	581
CY207736.1	584	1509	6	0	6	584
CY207736.1	584	1700	1	0	1	584
CY207736.1	586	1878	1	0	1	586
CY207736.1	587	1917	1	0	1	587
CY207736.1	587	1928	3	2	5	587
CY207736.1	594	1906	5	6	11	594
CY207736.1	596	2002	5	6	11	596
CY207736.1	596	2009	1	2	3	596
CY207736.1	597	2019	0	1	1	2019
CY207736.1	598	904	1	0	1	598
CY207736.1	603	2001	2	5	7	603
CY207736.1	609	1193	1	0	1	609
CY207736.1	616	1767	3	2	5	616
CY207736.1	616	1882	9	5	14	616
CY207736.1	621	1890	18	12	30	621
CY207736.1	621	1944	4	2	6	621
CY207736.1	623	1946	40	44	84	623
CY207736.1	627	1889	1	1	2	627
CY207736.1	627	772	1	0	1	627
CY207736.1	628	1937	1	1	2	628
CY207736.1	629	1768	2	1	3	629
CY207736.1	630	1935	3	0	3	630
CY207736.1	633	1746	1	0	1	633
CY207736.1	635	1929	1	5	6	635
CY207736.1	637	1929	3	2	5	637
CY207736.1	639	1933	0	2	2	1933
CY207736.1	640	1855	2	0	2	640
CY207736.1	643	1756	1	2	3	643
CY207736.1	643	1864	2	4	6	643
CY207736.1	644	1863	0	2	2	1863
CY207736.1	645	1742	0	2	2	1742
CY207736.1	645	2035	1	0	1	645
CY207736.1	647	2011	0	1	1	2011
CY207736.1	649	1912	6	2	8	649
CY207736.1	649	845	1	0	1	649
CY207736.1	651	1785	0	1	1	1785
CY207736.1	653	1922	6	6	12	653
CY207736.1	656	1903	2	1	3	656
CY207736.1	657	1856	0	1	1	1856
CY207736.1	657	1912	1	0	1	657
CY207736.1	658	1841	33	24	57	658
CY207736.1	660	1394	1	0	1	660
CY207736.1	666	1909	0	1	1	1909
CY207736.1	670	1805	8	4	12	670
CY207736.1	673	1839	4	5	9	673
CY207736.1	673	1889	1	1	2	673
CY207736.1	677	1844	8	10	18	677
CY207736.1	678	1955	4	2	6	678
CY207736.1	679	1835	2	0	2	679
CY207736.1	682	1759	1	0	1	682
CY207736.1	684	1835	1	1	2	684
CY207736.1	685	1656	4	1	5	685
CY207736.1	685	2283	0	1	1	2283
CY207736.1	691	1825	0	1	1	1825
CY207736.1	695	1653	2	1	3	695
CY207736.1	695	1938	0	1	1	1938
CY207736.1	695	2010	2	7	9	695
CY207736.1	696	1899	2	0	2	696
CY207736.1	696	1939	1	0	1	696
CY207736.1	697	1201	0	1	1	1201
CY207736.1	698	2231	0	1	1	2231
CY207736.1	699	1917	0	3	3	1917
CY207736.1	699	1995	1	3	4	699
CY207736.1	710	1805	4	4	8	710
CY207736.1	711	1827	0	3	3	1827
CY207736.1	713	1770	12	0	12	713
CY207736.1	714	1775	7	6	13	714
CY207736.1	714	1863	3	10	13	714
CY207736.1	715	1853	4	6	10	715
CY207736.1	717	1745	0	1	1	1745
CY207736.1	717	1856	0	2	2	1856
CY207736.1	717	1917	1	0	1	717
CY207736.1	719	1839	1	1	2	719
CY207736.1	722	1947	2	4	6	722
CY207736.1	723	1994	1	5	6	723
CY207736.1	727	1783	32	29	61	727
CY207736.1	727	1789	3	1	4	727
CY207736.1	728	1935	3	3	6	728
CY207736.1	728	2043	1	0	1	728
CY207736.1	734	1937	1	0	1	734
CY207736.1	736	1777	26	12	38	736
CY207736.1	737	1923	3	3	6	737
CY207736.1	737	1944	0	1	1	1944
CY207736.1	738	1340	1	0	1	738
CY207736.1	740	1716	1	0	1	740
CY207736.1	745	1813	3	1	4	745
CY207736.1	748	1842	5	1	6	748
CY207736.1	749	1912	0	2	2	1912
CY207736.1	750	1984	5	4	9	750
CY207736.1	752	1827	31	13	44	752
CY207736.1	752	2180	1	0	1	752
CY207736.1	753	1492	4	1	5	753
CY207736.1	753	1850	4	5	9	753
CY207736.1	753	1915	3	7	10	753
CY207736.1	754	1912	1	0	1	754
CY207736.1	756	1681	2	0	2	756
CY207736.1	757	1812	10	2	12	757
CY207736.1	757	1819	0	1	1	1819
CY207736.1	760	1011	2	0	2	760
CY207736.1	762	2038	1	0	1	762
CY207736.1	765	1694	5	3	8	765
CY207736.1	767	1791	0	1	1	1791
CY207736.1	767	1952	0	1	1	1952
CY207736.1	769	1071	0	1	1	1071
CY207736.1	769	2142	1	0	1	769
CY207736.1	772	1317	1	0	1	772
CY207736.1	773	1458	1	0	1	773
CY207736.1	773	1679	6	0	6	773
CY207736.1	773	2016	5	4	9	773
CY207736.1	774	1193	1	0	1	774
CY207736.1	775	1825	3	0	3	775
CY207736.1	776	2051	1	0	1	776
CY207736.1	780	1464	1	0	1	780
CY207736.1	782	1826	6	3	9	782
CY207736.1	785	2319	1	0	1	785
CY207736.1	792	1850	0	1	1	1850
CY207736.1	792	1979	2	0	2	792
CY207736.1	800	2155	1	0	1	800
CY207736.1	801	1484	0	1	1	1484
CY207736.1	804	1517	5	1	6	804
CY207736.1	807	1526	5	3	8	807
CY207736.1	808	1736	6	8	14	808
CY207736.1	810	1512	2	0	2	810
CY207736.1	810	1701	1	0	1	810
CY207736.1	810	1919	1	0	1	810
CY207736.1	811	1984	1	0	1	811
CY207736.1	814	1710	3	1	4	814
CY207736.1	816	1281	0	1	1	1281
CY207736.1	817	1668	3	2	5	817
CY207736.1	819	869	0	1	1	869
CY207736.1	822	1830	1	0	1	822
CY207736.1	823	1719	0	1	1	1719
CY207736.1	823	1735	6	6	12	823
CY207736.1	825	1677	0	1	1	1677
CY207736.1	826	995	0	1	1	995
CY207736.1	827	1739	0	1	1	1739
CY207736.1	828	1777	6	2	8	828
CY207736.1	830	1838	2	0	2	830
CY207736.1	830	2036	0	1	1	2036
CY207736.1	832	1777	0	1	1	1777
CY207736.1	836	1845	21	23	44	836
CY207736.1	837	1545	2	0	2	837
CY207736.1	837	2279	3	2	5	837
CY207736.1	838	1303	0	1	1	1303
CY207736.1	838	2072	1	0	1	838
CY207736.1	840	1806	12	9	21	840
CY207736.1	842	2069	0	1	1	2069
CY207736.1	851	1517	4	7	11	851
CY207736.1	853	1725	4	3	7	853
CY207736.1	854	970	1	1	2	854
CY207736.1	858	1919	12	21	33	858
CY207736.1	859	1938	1	2	3	859
CY207736.1	862	1726	3	1	4	862
CY207736.1	862	1927	2	0	2	862
CY207736.1	863	1818	0	1	1	1818
CY207736.1	865	897	0	1	1	897
CY207736.1	867	1617	2	0	2	867
CY207736.1	867	2071	3	4	7	867
CY207736.1	876	991	0	1	1	991
CY207736.1	889	1032	0	1	1	1032
CY207736.1	890	1767	0	3	3	1767
CY207736.1	892	1989	1	0	1	892
CY207736.1	893	1513	1	0	1	893
CY207736.1	901	1781	2	0	2	901
CY207736.1	902	1854	1	1	2	902
CY207736.1	904	2063	1	0	1	904
CY207736.1	907	1675	0	1	1	1675
CY207736.1	909	2218	1	0	1	909
CY207736.1	911	1877	0	1	1	1877
CY207736.1	912	1296	1	0	1	912
CY207736.1	914	1792	1	9	10	914
CY207736.1	916	1656	2	2	4	916
CY207736.1	919	1656	2	3	5	919
CY207736.1	930	1812	0	2	2	1812
CY207736.1	933	1509	1	0	1	933
CY207736.1	938	995	0	1	1	995
CY207736.1	942	2107	1	0	1	942
CY207736.1	953	2004	0	1	1	2004
CY207736.1	955	1071	1	0	1	955
CY207736.1	966	1013	0	1	1	1013
CY207736.1	966	1418	1	0	1	966
CY207736.1	968	1694	0	1	1	1694
CY207736.1	975	2050	1	0	1	975
CY207736.1	979	1878	2	0	2	979
CY207736.1	995	1530	1	0	1	995
CY207737.1	1025	2142	0	1	1	2142
CY207737.1	1034	1261	1	0	1	1034
CY207737.1	1048	2489	0	1	1	2489
CY207737.1	1056	1350	0	1	1	1350
CY207737.1	1103	1520	1	0	1	1103
CY207737.1	1106	2057	0	1	1	2057
CY207737.1	1108	2435	1	0	1	1108
CY207737.1	1120	2034	1	0	1	1120
CY207737.1	1131	2261	0	1	1	2261
CY207737.1	1147	1594	0	1	1	1594
CY207737.1	1198	2233	1	0	1	1198
CY207737.1	1228	1529	0	1	1	1529
CY207737.1	1256	2247	0	1	1	2247
CY207737.1	1292	2310	0	1	1	2310
CY207737.1	1305	1492	1	0	1	1305
CY207737.1	1306	2043	2	2	4	1306
CY207737.1	1308	1954	0	1	1	1954
CY207737.1	1313	2025	0	1	1	2025
CY207737.1	1322	1511	0	1	1	1511
CY207737.1	1372	1458	0	1	1	1458
CY207737.1	1465	2160	1	0	1	1465
CY207737.1	1493	2106	1	0	1	1493
CY207737.1	1558	2316	1	0	1	1558
CY207737.1	1624	1840	2	0	2	1624
CY207737.1	1651	2117	1	0	1	1651
CY207737.1	1660	1911	0	1	1	1911
CY207737.1	1695	1855	0	1	1	1855
CY207737.1	1716	2425	1	0	1	1716
CY207737.1	1741	2089	0	1	1	2089
CY207737.1	1744	2063	0	1	1	2063
CY207737.1	1763	2047	1	1	2	1763
CY207737.1	1884	2362	1	0	1	1884
CY207737.1	1912	2340	0	1	1	2340
CY207737.1	2004	2341	1	0	1	2004
CY207737.1	2213	2242	0	1	1	2242
CY207737.1	2307	2405	0	1	1	2405
CY207737.1	245	1251	1	0	1	245
CY207737.1	248	2452	2	0	2	248
CY207737.1	249	2448	1	2	3	249
CY207737.1	294	1529	1	0	1	294
CY207737.1	297	799	1	0	1	297
CY207737.1	312	2254	1	0	1	312
CY207737.1	315	2373	1	0	1	315
CY207737.1	325	1134	1	0	1	325
CY207737.1	346	2371	3	3	6	346
CY207737.1	352	2238	6	0	6	352
CY207737.1	355	2243	1	0	1	355
CY207737.1	357	2249	1	0	1	357
CY207737.1	358	1917	0	1	1	1917
CY207737.1	360	2098	1	0	1	360
CY207737.1	362	456	1	0	1	362
CY207737.1	364	1596	0	1	1	1596
CY207737.1	364	431	1	0	1	364
CY207737.1	369	2289	1	0	1	369
CY207737.1	372	1300	0	2	2	1300
CY207737.1	372	916	1	0	1	372
CY207737.1	378	752	1	0	1	378
CY207737.1	380	924	0	1	1	924
CY207737.1	381	2293	1	0	1	381
CY207737.1	381	2303	19	0	19	381
CY207737.1	393	1323	1	0	1	393
CY207737.1	394	2207	3	7	10	394
CY207737.1	397	1951	0	1	1	1951
CY207737.1	404	1131	2	4	6	404
CY207737.1	429	1182	1	0	1	429
CY207737.1	429	2192	4	10	14	429
CY207737.1	431	1519	1	0	1	431
CY207737.1	450	1831	0	1	1	1831
CY207737.1	455	2224	0	1	1	2224
CY207737.1	455	629	1	0	1	455
CY207737.1	464	2190	6	9	15	464
CY207737.1	466	1844	1	2	3	466
CY207737.1	468	1418	1	0	1	468
CY207737.1	471	1238	1	0	1	471
CY207737.1	477	1128	2	1	3	477
CY207737.1	477	1528	0	1	1	1528
CY207737.1	479	1531	0	1	1	1531
CY207737.1	480	2013	4	6	10	480
CY207737.1	480	2093	3	2	5	480
CY207737.1	485	1272	1	0	1	485
CY207737.1	489	2368	0	1	1	2368
CY207737.1	494	2373	2	0	2	494
CY207737.1	501	1077	0	1	1	1077
CY207737.1	502	1662	0	1	1	1662
CY207737.1	505	696	1	0	1	505
CY207737.1	506	2043	0	1	1	2043
CY207737.1	511	1923	0	1	1	1923
CY207737.1	511	2022	0	1	1	2022
CY207737.1	522	2065	0	1	1	2065
CY207737.1	526	2086	1	4	5	526
CY207737.1	536	2239	4	0	4	536
CY207737.1	544	2039	2	2	4	544
CY207737.1	565	1855	0	2	2	1855
CY207737.1	569	2026	4	4	8	569
CY207737.1	579	1135	0	1	1	1135
CY207737.1	583	1888	0	1	1	1888
CY207737.1	597	1903	1	0	1	597
CY207737.1	603	1769	0	1	1	1769
CY207737.1	604	1768	3	5	8	604
CY207737.1	609	1868	0	1	1	1868
CY207737.1	614	1768	0	1	1	1768
CY207737.1	615	1998	2	4	6	615
CY207737.1	615	2039	0	2	2	2039
CY207737.1	615	889	1	0	1	615
CY207737.1	622	1681	0	1	1	1681
CY207737.1	626	2232	0	1	1	2232
CY207737.1	628	1516	0	1	1	1516
CY207737.1	636	2194	1	2	3	636
CY207737.1	637	1847	0	1	1	1847
CY207737.1	641	1998	5	2	7	641
CY207737.1	647	2184	6	4	10	647
CY207737.1	650	1284	0	1	1	1284
CY207737.1	657	1715	3	1	4	657
CY207737.1	658	2094	2	1	3	658
CY207737.1	662	2472	0	1	1	2472
CY207737.1	664	1192	1	0	1	664
CY207737.1	665	2046	1	0	1	665
CY207737.1	676	2277	2	0	2	676
CY207737.1	680	2281	1	0	1	680
CY207737.1	681	2066	3	2	5	681
CY207737.1	681	2390	1	0	1	681
CY207737.1	682	1698	3	5	8	682
CY207737.1	682	1708	0	3	3	1708
CY207737.1	688	2066	5	9	14	688
CY207737.1	688	2173	1	0	1	688
CY207737.1	690	1947	0	1	1	1947
CY207737.1	696	987	1	0	1	696
CY207737.1	702	1411	1	0	1	702
CY207737.1	702	2291	1	0	1	702
CY207737.1	713	1615	0	1	1	1615
CY207737.1	714	2013	0	1	1	2013
CY207737.1	721	1267	0	1	1	1267
CY207737.1	721	1631	0	1	1	1631
CY207737.1	724	2013	0	2	2	2013
CY207737.1	726	1918	0	1	1	1918
CY207737.1	726	2031	1	4	5	726
CY207737.1	737	1645	2	0	2	737
CY207737.1	744	2017	1	4	5	744
CY207737.1	746	2054	0	1	1	2054
CY207737.1	747	1888	0	4	4	1888
CY207737.1	747	1950	0	1	1	1950
CY207737.1	750	1882	0	1	1	1882
CY207737.1	750	2059	0	3	3	2059
CY207737.1	757	1797	0	1	1	1797
CY207737.1	760	1977	0	9	9	1977
CY207737.1	766	1679	0	1	1	1679
CY207737.1	766	1818	0	1	1	1818
CY207737.1	766	847	0	1	1	847
CY207737.1	776	1914	3	1	4	776
CY207737.1	782	1969	0	1	1	1969
CY207737.1	783	931	1	0	1	783
CY207737.1	787	1389	1	0	1	787
CY207737.1	787	1965	3	1	4	787
CY207737.1	791	1809	1	0	1	791
CY207737.1	794	1994	0	1	1	1994
CY207737.1	800	1137	1	1	2	800
CY207737.1	802	1957	5	12	17	802
CY207737.1	803	1821	1	1	2	803
CY207737.1	807	904	1	0	1	807
CY207737.1	808	1754	6	6	12	808
CY207737.1	808	1891	2	1	3	808
CY207737.1	811	1332	0	1	1	1332
CY207737.1	815	1263	1	0	1	815
CY207737.1	815	1717	1	0	1	815
CY207737.1	820	1827	3	1	4	820
CY207737.1	824	1828	0	6	6	1828
CY207737.1	824	1920	0	1	1	1920
CY207737.1	830	1371	1	0	1	830
CY207737.1	832	1806	1	0	1	832
CY207737.1	839	1934	0	1	1	1934
CY207737.1	842	1383	0	1	1	1383
CY207737.1	843	1888	0	1	1	1888
CY207737.1	849	2418	0	1	1	2418
CY207737.1	851	1054	1	0	1	851
CY207737.1	858	1813	2	4	6	858
CY207737.1	861	1788	3	3	6	861
CY207737.1	865	920	2	0	2	865
CY207737.1	871	1774	2	2	4	871
CY207737.1	871	1783	1	2	3	871
CY207737.1	874	1409	0	1	1	1409
CY207737.1	877	932	0	1	1	932
CY207737.1	881	1835	0	1	1	1835
CY207737.1	884	1668	0	1	1	1668
CY207737.1	889	1868	3	8	11	889
CY207737.1	893	1872	3	3	6	893
CY207737.1	893	2278	1	1	2	893
CY207737.1	906	1882	0	2	2	1882
CY207737.1	907	1768	1	0	1	907
CY207737.1	907	1880	0	3	3	1880
CY207737.1	916	1613	0	3	3	1613
CY207737.1	917	2309	0	1	1	2309
CY207737.1	921	1660	1	0	1	921
CY207737.1	921	1739	1	0	1	921
CY207737.1	922	1771	2	0	2	922
CY207737.1	924	2314	1	0	1	924
CY207737.1	929	2017	0	3	3	2017
CY207737.1	933	1599	2	1	3	933
CY207737.1	933	1952	0	1	1	1952
CY207737.1	933	2050	0	1	1	2050
CY207737.1	934	1056	0	1	1	1056
CY207737.1	934	1397	0	1	1	1397
CY207737.1	945	2300	2	0	2	945
CY207737.1	954	2218	1	0	1	954
CY207737.1	960	1861	0	1	1	1861
CY207737.1	963	1699	0	1	1	1699
CY207737.1	972	1697	0	1	1	1697
CY207737.1	990	2386	3	2	5	990
CY207737.1	994	1954	0	3	3	1954
CY207737.1	996	1999	2	0	2	996
CY207738.1	1012	1427	1	1	2	1012
CY207738.1	1012	2495	0	1	1	2495
CY207738.1	1017	2360	1	0	1	1017
CY207738.1	1024	1496	0	1	1	1496
CY207738.1	1029	1446	0	1	1	1446
CY207738.1	1029	2325	0	1	1	2325
CY207738.1	1041	1464	0	1	1	1464
CY207738.1	1043	2091	1	0	1	1043
CY207738.1	1044	2194	1	0	1	1044
CY207738.1	1049	2431	1	0	1	1049
CY207738.1	1062	2248	0	2	2	2248
CY207738.1	1087	1669	1	0	1	1087
CY207738.1	1096	2383	1	0	1	1096
CY207738.1	1109	1325	0	1	1	1325
CY207738.1	1112	1428	1	0	1	1112
CY207738.1	1122	1590	1	0	1	1122
CY207738.1	1125	2016	0	2	2	2016
CY207738.1	1137	1249	1	0	1	1137
CY207738.1	1142	1225	1	0	1	1142
CY207738.1	1159	2280	1	0	1	1159
CY207738.1	1159	2458	0	1	1	2458
CY207738.1	1204	2217	1	0	1	1204
CY207738.1	1214	1947	1	0	1	1214
CY207738.1	1234	1665	0	1	1	1665
CY207738.1	1245	1918	0	1	1	1918
CY207738.1	1247	2325	0	1	1	2325
CY207738.1	1252	1702	1	0	1	1252
CY207738.1	1285	2178	2	5	7	1285
CY207738.1	1299	2148	2	0	2	1299
CY207738.1	1300	1675	0	1	1	1675
CY207738.1	1300	1704	0	1	1	1704
CY207738.1	1312	1664	1	0	1	1312
CY207738.1	1329	2235	1	0	1	1329
CY207738.1	1330	2171	0	1	1	2171
CY207738.1	1336	1399	1	0	1	1336
CY207738.1	1343	1957	0	1	1	1957
CY207738.1	1386	1680	1	0	1	1386
CY207738.1	1387	1842	1	0	1	1387
CY207738.1	1424	2071	0	1	1	2071
CY207738.1	1450	1543	0	1	1	1543
CY207738.1	1450	1967	0	1	1	1967
CY207738.1	1547	2238	2	1	3	1547
CY207738.1	1598	1632	0	1	1	1632
CY207738.1	1603	1673	1	0	1	1603
CY207738.1	1639	1700	0	1	1	1700
CY207738.1	1647	1878	1	2	3	1647
CY207738.1	1651	2036	0	2	2	2036
CY207738.1	1652	2146	1	0	1	1652
CY207738.1	1661	1734	1	0	1	1661
CY207738.1	1666	2243	1	0	1	1666
CY207738.1	1666	2344	2	0	2	1666
CY207738.1	1675	1705	1	0	1	1675
CY207738.1	1702	2174	0	1	1	2174
CY207738.1	1703	2303	1	0	1	1703
CY207738.1	1726	1860	2	0	2	1726
CY207738.1	1775	1857	1	0	1	1775
CY207738.1	1821	1844	0	1	1	1844
CY207738.1	1847	2127	1	0	1	1847
CY207738.1	1887	2154	1	0	1	1887
CY207738.1	1894	2404	1	0	1	1894
CY207738.1	1900	2060	1	0	1	1900
CY207738.1	1904	1957	0	1	1	1957
CY207738.1	1926	2247	0	1	1	2247
CY207738.1	2008	2330	0	1	1	2330
CY207738.1	2040	2073	0	1	1	2073
CY207738.1	2164	2200	0	1	1	2200
CY207738.1	2218	2391	2	0	2	2218
CY207738.1	2256	2326	1	0	1	2256
CY207738.1	241	1221	2	0	2	241
CY207738.1	242	629	1	0	1	242
CY207738.1	247	2338	1	0	1	247
CY207738.1	261	651	1	0	1	261
CY207738.1	267	2133	1	0	1	267
CY207738.1	280	545	1	0	1	280
CY207738.1	283	2159	1	0	1	283
CY207738.1	285	662	1	0	1	285
CY207738.1	289	1242	1	0	1	289
CY207738.1	290	1812	1	0	1	290
CY207738.1	311	1428	0	1	1	1428
CY207738.1	318	2349	1	0	1	318
CY207738.1	321	1412	1	0	1	321
CY207738.1	321	1632	1	0	1	321
CY207738.1	322	1310	0	1	1	1310
CY207738.1	325	702	0	1	1	702
CY207738.1	328	613	1	0	1	328
CY207738.1	330	1074	1	0	1	330
CY207738.1	332	1228	1	3	4	332
CY207738.1	333	1300	2	0	2	333
CY207738.1	339	2328	1	0	1	339
CY207738.1	339	747	0	1	1	747
CY207738.1	340	2154	0	1	1	2154
CY207738.1	342	978	1	0	1	342
CY207738.1	345	1352	0	1	1	1352
CY207738.1	346	2235	1	3	4	346
CY207738.1	351	1129	0	2	2	1129
CY207738.1	351	2231	0	1	1	2231
CY207738.1	357	2246	3	0	3	357
CY207738.1	366	2384	2	0	2	366
CY207738.1	367	391	0	5	5	391
CY207738.1	367	634	0	1	1	634
CY207738.1	369	1604	0	1	1	1604
CY207738.1	369	1673	0	4	4	1673
CY207738.1	369	2314	1	0	1	369
CY207738.1	374	2351	1	0	1	374
CY207738.1	375	1642	1	2	3	375
CY207738.1	375	2098	0	1	1	2098
CY207738.1	375	547	0	1	1	547
CY207738.1	376	2423	0	1	1	2423
CY207738.1	378	2270	0	2	2	2270
CY207738.1	379	879	0	1	1	879
CY207738.1	380	2484	0	6	6	2484
CY207738.1	382	1649	0	1	1	1649
CY207738.1	383	2359	2	3	5	383
CY207738.1	384	2431	1	0	1	384
CY207738.1	386	2314	4	2	6	386
CY207738.1	387	2315	1	0	1	387
CY207738.1	390	1691	1	0	1	390
CY207738.1	391	1783	0	1	1	1783
CY207738.1	393	2183	0	1	1	2183
CY207738.1	394	2498	0	1	1	2498
CY207738.1	395	767	1	3	4	395
CY207738.1	398	2061	1	0	1	398
CY207738.1	398	2238	0	1	1	2238
CY207738.1	400	2241	2	10	12	400
CY207738.1	403	1560	0	1	1	1560
CY207738.1	403	997	0	1	1	997
CY207738.1	405	694	0	1	1	694
CY207738.1	407	1352	0	3	3	1352
CY207738.1	408	2215	0	2	2	2215
CY207738.1	408	2379	0	1	1	2379
CY207738.1	408	2387	1	0	1	408
CY207738.1	408	465	0	1	1	465
CY207738.1	411	2083	0	1	1	2083
CY207738.1	414	2221	1	2	3	414
CY207738.1	415	1154	0	1	1	1154
CY207738.1	415	2342	1	0	1	415
CY207738.1	417	1361	0	1	1	1361
CY207738.1	419	2346	6	7	13	419
CY207738.1	421	1742	0	1	1	1742
CY207738.1	425	1963	0	1	1	1963
CY207738.1	425	2306	0	1	1	2306
CY207738.1	429	2279	0	1	1	2279
CY207738.1	431	2285	6	40	46	431
CY207738.1	431	525	0	1	1	525
CY207738.1	434	790	1	0	1	434
CY207738.1	434	792	1	0	1	434
CY207738.1	439	2360	0	2	2	2360
CY207738.1	439	2378	1	0	1	439
CY207738.1	442	2203	1	0	1	442
CY207738.1	444	1103	0	1	1	1103
CY207738.1	444	929	0	1	1	929
CY207738.1	448	2218	0	4	4	2218
CY207738.1	453	2221	22	75	97	453
CY207738.1	454	2021	0	1	1	2021
CY207738.1	455	2264	1	0	1	455
CY207738.1	456	1380	0	1	1	1380
CY207738.1	463	2233	0	2	2	2233
CY207738.1	465	1672	1	1	2	465
CY207738.1	467	2034	0	1	1	2034
CY207738.1	469	1676	1	0	1	469
CY207738.1	471	2255	14	16	30	471
CY207738.1	471	2333	0	1	1	2333
CY207738.1	472	1597	1	0	1	472
CY207738.1	472	2298	1	0	1	472
CY207738.1	473	2238	19	20	39	473
CY207738.1	474	2397	1	0	1	474
CY207738.1	478	2263	0	1	1	2263
CY207738.1	483	2250	2	2	4	483
CY207738.1	489	1705	0	1	1	1705
CY207738.1	490	1649	5	3	8	490
CY207738.1	491	584	0	1	1	584
CY207738.1	493	1598	3	0	3	493
CY207738.1	494	1710	1	0	1	494
CY207738.1	495	2071	3	0	3	495
CY207738.1	503	1871	2	2	4	503
CY207738.1	503	2203	2	5	7	503
CY207738.1	505	890	0	1	1	890
CY207738.1	506	616	0	1	1	616
CY207738.1	510	2256	0	5	5	2256
CY207738.1	511	2072	4	0	4	511
CY207738.1	514	1277	0	1	1	1277
CY207738.1	516	1092	1	0	1	516
CY207738.1	516	966	1	0	1	516
CY207738.1	518	2129	0	2	2	2129
CY207738.1	522	1891	1	0	1	522
CY207738.1	522	1892	0	1	1	1892
CY207738.1	522	2079	2	5	7	522
CY207738.1	523	1099	1	0	1	523
CY207738.1	523	1657	0	1	1	1657
CY207738.1	526	1684	1	0	1	526
CY207738.1	527	718	0	1	1	718
CY207738.1	528	1891	0	1	1	1891
CY207738.1	529	1363	1	0	1	529
CY207738.1	529	980	1	0	1	529
CY207738.1	530	1604	0	1	1	1604
CY207738.1	530	2174	5	4	9	530
CY207738.1	541	1808	0	1	1	1808
CY207738.1	543	1877	0	1	1	1877
CY207738.1	549	2127	1	7	8	549
CY207738.1	559	2120	4	1	5	559
CY207738.1	563	797	1	0	1	563
CY207738.1	565	2126	9	22	31	565
CY207738.1	566	2163	4	9	13	566
CY207738.1	566	2201	0	4	4	2201
CY207738.1	569	1808	0	1	1	1808
CY207738.1	570	2030	0	3	3	2030
CY207738.1	570	2149	8	14	22	570
CY207738.1	584	2002	0	3	3	2002
CY207738.1	584	2086	0	1	1	2086
CY207738.1	586	637	0	1	1	637
CY207738.1	594	2074	1	2	3	594
CY207738.1	606	2092	1	5	6	606
CY207738.1	607	1388	0	1	1	1388
CY207738.1	612	2085	0	1	1	2085
CY207738.1	619	2093	0	1	1	2093
CY207738.1	625	2311	0	1	1	2311
CY207738.1	627	2100	1	1	2	627
CY207738.1	628	1815	0	3	3	1815
CY207738.1	628	2037	1	0	1	628
CY207738.1	631	2103	5	2	7	631
CY207738.1	639	1854	1	0	1	639
CY207738.1	639	1917	0	1	1	1917
CY207738.1	640	1855	1	5	6	640
CY207738.1	642	2074	3	3	6	642
CY207738.1	643	1956	1	1	2	643
CY207738.1	644	1952	4	3	7	644
CY207738.1	645	2035	4	4	8	645
CY207738.1	645	2071	1	2	3	645
CY207738.1	645	2178	0	1	1	2178
CY207738.1	646	2027	1	6	7	646
CY207738.1	646	2324	1	0	1	646
CY207738.1	647	2143	1	0	1	647
CY207738.1	647	2336	0	1	1	2336
CY207738.1	647	2337	3	5	8	647
CY207738.1	654	2332	2	0	2	654
CY207738.1	655	2036	0	1	1	2036
CY207738.1	658	1936	12	16	28	658
CY207738.1	662	2008	1	8	9	662
CY207738.1	664	2103	0	3	3	2103
CY207738.1	669	1997	0	8	8	1997
CY207738.1	670	1970	1	0	1	670
CY207738.1	672	1971	13	33	46	672
CY207738.1	673	2372	0	1	1	2372
CY207738.1	676	1682	1	0	1	676
CY207738.1	676	2001	0	1	1	2001
CY207738.1	680	2113	0	1	1	2113
CY207738.1	685	1984	0	2	2	1984
CY207738.1	691	1077	0	1	1	1077
CY207738.1	695	1330	0	1	1	1330
CY207738.1	697	1697	1	0	1	697
CY207738.1	697	2324	0	1	1	2324
CY207738.1	698	1993	0	1	1	1993
CY207738.1	699	1414	0	1	1	1414
CY207738.1	699	2111	0	1	1	2111
CY207738.1	701	1636	2	1	3	701
CY207738.1	702	2072	1	1	2	702
CY207738.1	705	1971	1	0	1	705
CY207738.1	707	1643	4	0	4	707
CY207738.1	708	1972	8	4	12	708
CY207738.1	711	2142	1	0	1	711
CY207738.1	717	1655	0	1	1	1655
CY207738.1	720	1697	6	2	8	720
CY207738.1	724	818	0	1	1	818
CY207738.1	730	1892	1	2	3	730
CY207738.1	732	2083	1	0	1	732
CY207738.1	735	2359	0	1	1	2359
CY207738.1	736	1898	0	1	1	1898
CY207738.1	737	1937	0	5	5	1937
CY207738.1	738	2362	1	0	1	738
CY207738.1	739	821	0	1	1	821
CY207738.1	740	1924	22	45	67	740
CY207738.1	746	1235	0	1	1	1235
CY207738.1	749	1924	0	1	1	1924
CY207738.1	750	1920	1	0	1	750
CY207738.1	771	1880	1	0	1	771
CY207738.1	771	1988	1	1	2	771
CY207738.1	774	1883	1	0	1	774
CY207738.1	776	2223	1	0	1	776
CY207738.1	777	1868	6	9	15	777
CY207738.1	780	1913	1	3	4	780
CY207738.1	781	1819	1	1	2	781
CY207738.1	784	1774	1	2	3	784
CY207738.1	784	1854	0	1	1	1854
CY207738.1	784	974	1	0	1	784
CY207738.1	788	1872	1	7	8	788
CY207738.1	790	2385	0	1	1	2385
CY207738.1	797	1793	2	2	4	797
CY207738.1	797	1855	2	0	2	797
CY207738.1	798	1249	1	1	2	798
CY207738.1	798	2069	0	1	1	2069
CY207738.1	799	1869	2	2	4	799
CY207738.1	800	1795	0	1	1	1795
CY207738.1	814	1842	1	0	1	814
CY207738.1	826	1998	0	2	2	1998
CY207738.1	826	2041	3	3	6	826
CY207738.1	829	888	1	1	2	829
CY207738.1	831	1777	1	0	1	831
CY207738.1	832	1825	1	0	1	832
CY207738.1	836	1782	3	2	5	836
CY207738.1	839	1867	3	5	8	839
CY207738.1	842	1773	36	32	68	842
CY207738.1	844	1860	0	1	1	1860
CY207738.1	850	1852	2	3	5	850
CY207738.1	850	1860	2	4	6	850
CY207738.1	851	1728	1	0	1	851
CY207738.1	851	1730	0	1	1	1730
CY207738.1	852	1851	0	4	4	1851
CY207738.1	855	1814	0	1	1	1814
CY207738.1	855	1850	3	2	5	855
CY207738.1	856	1850	1	2	3	856
CY207738.1	856	1861	3	7	10	856
CY207738.1	857	1850	0	3	3	1850
CY207738.1	857	940	0	1	1	940
CY207738.1	858	1850	4	2	6	858
CY207738.1	858	1856	3	1	4	858
CY207738.1	862	1851	2	2	4	862
CY207738.1	863	1793	0	2	2	1793
CY207738.1	864	1799	0	1	1	1799
CY207738.1	891	2338	1	0	1	891
CY207738.1	895	1815	1	2	3	895
CY207738.1	896	1101	5	2	7	896
CY207738.1	897	1502	1	0	1	897
CY207738.1	900	1877	0	1	1	1877
CY207738.1	901	2015	0	1	1	2015
CY207738.1	902	1816	17	7	24	902
CY207738.1	909	1668	1	3	4	909
CY207738.1	909	1950	1	0	1	909
CY207738.1	917	1708	2	0	2	917
CY207738.1	918	1712	0	2	2	1712
CY207738.1	918	1788	1	1	2	918
CY207738.1	920	2000	1	1	2	920
CY207738.1	923	1213	0	1	1	1213
CY207738.1	928	1689	6	5	11	928
CY207738.1	937	1693	0	3	3	1693
CY207738.1	940	1711	1	1	2	940
CY207738.1	943	2115	1	0	1	943
CY207738.1	945	1752	0	1	1	1752
CY207738.1	951	1682	0	1	1	1682
CY207738.1	952	1710	1	3	4	952
CY207738.1	954	2081	0	1	1	2081
CY207738.1	961	1814	1	2	3	961
CY207738.1	964	1888	7	6	13	964
CY207738.1	971	1751	8	11	19	971
CY207738.1	978	1656	2	0	2	978
CY207738.1	983	1395	1	0	1	983
CY207738.1	994	2066	0	1	1	2066
