Segment	Start	Stop	Forward_support	Reverse_support	Total_support	Fuzz_factor
CY207731.1	1019	1824	0	1	1	1824
CY207731.1	1043	1560	1	0	1	1043
CY207731.1	1044	1877	0	1	1	1877
CY207731.1	1064	1422	0	1	1	1422
CY207731.1	1094	1708	1	0	1	1094
CY207731.1	1105	1324	0	1	1	1324
CY207731.1	1181	1776	1	0	1	1181
CY207731.1	1198	1685	1	0	1	1198
CY207731.1	1207	1379	1	0	1	1207
CY207731.1	1236	1635	1	0	1	1236
CY207731.1	1260	1344	0	1	1	1344
CY207731.1	1308	1681	1	0	1	1308
CY207731.1	1359	1480	0	1	1	1480
CY207731.1	1382	1439	0	1	1	1439
CY207731.1	1413	1489	0	1	1	1489
CY207731.1	1419	1655	0	1	1	1655
CY207731.1	1442	1579	1	0	1	1442
CY207731.1	1459	1781	0	1	1	1781
CY207731.1	1468	1538	0	1	1	1538
CY207731.1	1574	1749	0	1	1	1749
CY207731.1	1701	1765	1	0	1	1701
CY207731.1	1706	1893	0	4	4	1893
CY207731.1	255	1002	1	0	1	255
CY207731.1	269	1672	1	0	1	269
CY207731.1	345	1437	2	0	2	345
CY207731.1	350	1690	3	1	4	350
CY207731.1	379	1373	1	0	1	379
CY207731.1	394	1686	0	2	2	1686
CY207731.1	399	810	0	1	1	810
CY207731.1	424	506	1	0	1	424
CY207731.1	457	1781	0	1	1	1781
CY207731.1	472	936	1	0	1	472
CY207731.1	477	1892	0	1	1	1892
CY207731.1	485	1544	0	1	1	1544
CY207731.1	493	524	0	1	1	524
CY207731.1	499	1688	1	0	1	499
CY207731.1	507	804	0	1	1	804
CY207731.1	509	1447	0	1	1	1447
CY207731.1	520	1691	1	0	1	520
CY207731.1	534	1289	1	0	1	534
CY207731.1	540	1706	1	4	5	540
CY207731.1	544	1496	1	0	1	544
CY207731.1	553	1212	0	2	2	1212
CY207731.1	554	1676	0	1	1	1676
CY207731.1	556	958	0	1	1	958
CY207731.1	561	1018	2	0	2	561
CY207731.1	576	1264	0	1	1	1264
CY207731.1	594	1350	0	1	1	1350
CY207731.1	606	716	1	0	1	606
CY207731.1	610	1045	1	0	1	610
CY207731.1	616	1574	0	1	1	1574
CY207731.1	698	927	0	1	1	927
CY207731.1	808	961	0	1	1	961
CY207731.1	812	1230	1	0	1	812
CY207731.1	831	866	0	1	1	866
CY207731.1	882	956	1	0	1	882
CY207731.1	906	1141	0	1	1	1141
CY207731.1	941	1197	1	0	1	941
CY207731.1	973	1837	0	1	1	1837
CY207731.1	992	1677	1	0	1	992
CY207732.1	1010	1165	0	1	1	1165
CY207732.1	262	731	1	0	1	262
CY207732.1	275	848	22	0	22	275
CY207732.1	289	442	1	0	1	289
CY207732.1	315	887	0	1	1	887
CY207732.1	347	573	1	1	2	347
CY207732.1	366	969	0	1	1	969
CY207732.1	393	717	1	0	1	393
CY207732.1	395	1169	0	1	1	1169
CY207732.1	396	742	0	1	1	742
CY207732.1	418	766	1	0	1	418
CY207732.1	430	599	0	2	2	599
CY207732.1	445	757	0	1	1	757
CY207732.1	449	1003	0	1	1	1003
CY207732.1	452	745	1	0	1	452
CY207732.1	462	828	0	1	1	828
CY207732.1	479	538	0	2	2	538
CY207732.1	490	830	0	1	1	830
CY207732.1	490	934	0	1	1	934
CY207732.1	500	606	0	3	3	606
CY207732.1	501	926	1	0	1	501
CY207732.1	503	957	0	1	1	957
CY207732.1	511	981	0	1	1	981
CY207732.1	523	895	0	1	1	895
CY207732.1	535	810	1	0	1	535
CY207732.1	538	585	0	1	1	585
CY207732.1	542	620	0	1	1	620
CY207732.1	542	737	0	1	1	737
CY207732.1	547	737	0	1	1	737
CY207732.1	556	632	0	1	1	632
CY207732.1	566	622	1	1	2	566
CY207732.1	578	755	0	1	1	755
CY207732.1	607	711	0	1	1	711
CY207732.1	626	935	1	0	1	626
CY207732.1	627	994	0	1	1	994
CY207732.1	679	815	3	1	4	679
CY207732.1	683	916	0	1	1	916
CY207732.1	685	839	2	2	4	685
CY207732.1	686	801	0	1	1	801
CY207732.1	703	907	1	0	1	703
CY207732.1	718	860	0	1	1	860
CY207732.1	718	932	0	1	1	932
CY207732.1	732	987	1	0	1	732
CY207732.1	801	904	1	0	1	801
CY207732.1	889	922	0	1	1	922
CY207732.1	919	1016	1	0	1	919
CY207733.1	1001	1168	1	0	1	1001
CY207733.1	1298	1352	1	0	1	1298
CY207733.1	1310	1467	1	0	1	1310
CY207733.1	1318	1340	0	1	1	1340
CY207733.1	1389	1460	1	0	1	1389
CY207733.1	1436	1570	0	3	3	1570
CY207733.1	1531	1605	0	1	1	1605
CY207733.1	282	1253	1	0	1	282
CY207733.1	333	1240	1	0	1	333
CY207733.1	353	1428	1	0	1	353
CY207733.1	384	1502	1	0	1	384
CY207733.1	387	766	1	0	1	387
CY207733.1	396	1445	1	0	1	396
CY207733.1	407	905	1	1	2	407
CY207733.1	441	1310	1	4	5	441
CY207733.1	474	1069	0	2	2	1069
CY207733.1	488	1329	0	1	1	1329
CY207733.1	502	1175	0	1	1	1175
CY207733.1	504	1273	1	0	1	504
CY207733.1	508	1286	0	1	1	1286
CY207733.1	537	1116	1	0	1	537
CY207733.1	569	1398	0	1	1	1398
CY207733.1	577	890	1	0	1	577
CY207733.1	614	1431	1	0	1	614
CY207733.1	614	643	1	0	1	614
CY207733.1	655	1553	1	0	1	655
CY207733.1	670	799	0	1	1	799
CY207733.1	687	879	1	0	1	687
CY207733.1	688	713	1	0	1	688
CY207733.1	767	1112	1	0	1	767
CY207733.1	864	1329	1	0	1	864
CY207733.1	866	1250	0	1	1	1250
CY207733.1	887	1158	1	0	1	887
CY207734.1	1152	1427	1	0	1	1152
CY207734.1	1244	1351	0	1	1	1351
CY207734.1	1321	1514	1	0	1	1321
CY207734.1	1357	1395	0	2	2	1395
CY207734.1	1370	1417	0	1	1	1417
CY207734.1	1442	1566	0	3	3	1566
CY207734.1	266	1198	1	0	1	266
CY207734.1	279	748	1	0	1	279
CY207734.1	280	1364	1	0	1	280
CY207734.1	354	833	0	1	1	833
CY207734.1	380	1178	0	1	1	1178
CY207734.1	401	982	0	1	1	982
CY207734.1	487	1396	0	1	1	1396
CY207734.1	507	677	1	0	1	507
CY207734.1	510	775	0	1	1	775
CY207734.1	532	1187	1	0	1	532
CY207734.1	559	650	0	1	1	650
CY207734.1	592	733	1	0	1	592
CY207734.1	593	1307	0	1	1	1307
CY207734.1	631	691	1	0	1	631
CY207734.1	642	1296	1	0	1	642
CY207734.1	690	1138	0	1	1	1138
CY207734.1	699	807	0	1	1	807
CY207734.1	731	1463	1	0	1	731
CY207734.1	762	1353	2	2	4	762
CY207734.1	765	1201	0	1	1	1201
CY207734.1	770	1146	1	0	1	770
CY207734.1	791	1319	1	1	2	791
CY207734.1	792	1146	1	0	1	792
CY207734.1	833	1511	1	2	3	833
CY207734.1	835	1513	1	0	1	835
CY207734.1	851	1463	0	1	1	1463
CY207734.1	890	1389	0	1	1	1389
CY207734.1	902	1043	1	0	1	902
CY207734.1	906	955	0	1	1	955
CY207734.1	931	1340	0	1	1	1340
CY207734.1	941	1053	1	0	1	941
CY207734.1	951	1495	0	1	1	1495
CY207734.1	955	1337	0	1	1	1337
CY207734.1	963	1467	0	1	1	1467
CY207734.1	965	1038	0	1	1	1038
CY207734.1	965	1508	2	4	6	965
CY207734.1	985	1007	1	0	1	985
CY207734.1	997	1042	2	0	2	997
CY207735.1	253	533	1	0	1	253
CY207735.1	288	928	4	0	4	288
CY207735.1	319	863	0	1	1	863
CY207735.1	379	847	0	2	2	847
CY207735.1	389	996	0	1	1	996
CY207735.1	397	791	0	1	1	791
CY207735.1	436	918	1	1	2	436
CY207735.1	470	705	1	0	1	470
CY207735.1	490	830	1	0	1	490
CY207735.1	492	613	0	3	3	613
CY207735.1	499	729	1	0	1	499
CY207735.1	511	740	49	29	78	511
CY207735.1	519	746	0	5	5	746
CY207735.1	523	545	0	2	2	545
CY207735.1	523	552	1	1	2	523
CY207735.1	579	605	0	4	4	605
CY207735.1	580	784	0	2	2	784
CY207735.1	632	756	2	1	3	632
CY207735.1	917	955	1	1	2	917
CY207735.1	921	971	0	1	1	971
CY207736.1	1003	2168	2	0	2	1003
CY207736.1	1009	1863	2	0	2	1009
CY207736.1	1015	2180	9	1	10	1015
CY207736.1	1083	1611	1	1	2	1083
CY207736.1	1255	1509	1	0	1	1255
CY207736.1	1384	1630	1	0	1	1384
CY207736.1	1441	1845	1	0	1	1441
CY207736.1	1508	1820	1	0	1	1508
CY207736.1	1519	1974	0	1	1	1974
CY207736.1	1560	2149	1	0	1	1560
CY207736.1	1566	1995	0	1	1	1995
CY207736.1	1789	2006	1	0	1	1789
CY207736.1	1854	1963	1	0	1	1854
CY207736.1	1860	2038	1	1	2	1860
CY207736.1	1884	2133	1	0	1	1884
CY207736.1	1928	2181	1	0	1	1928
CY207736.1	1984	2032	5	11	16	1984
CY207736.1	2001	2272	0	1	1	2272
CY207736.1	2005	2077	0	1	1	2077
CY207736.1	2039	2064	1	0	1	2039
CY207736.1	2075	2147	94	26	120	2075
CY207736.1	2088	2284	0	2	2	2284
CY207736.1	2129	2155	0	3	3	2155
CY207736.1	2132	2177	1	1	2	2132
CY207736.1	2160	2344	0	1	1	2344
CY207736.1	2221	2350	0	2	2	2350
CY207736.1	2275	2304	0	1	1	2304
CY207736.1	2278	2307	0	1	1	2307
CY207736.1	244	2173	1	0	1	244
CY207736.1	248	444	6	0	6	248
CY207736.1	269	305	26	0	26	269
CY207736.1	275	2167	8	0	8	275
CY207736.1	276	622	1	0	1	276
CY207736.1	279	326	4	1	5	279
CY207736.1	282	334	1	0	1	282
CY207736.1	286	308	21	0	21	286
CY207736.1	288	2156	6	0	6	288
CY207736.1	290	2111	1	0	1	290
CY207736.1	303	334	0	1	1	334
CY207736.1	306	2308	2	0	2	306
CY207736.1	310	334	0	1	1	334
CY207736.1	325	367	0	2	2	367
CY207736.1	326	417	0	20	20	417
CY207736.1	328	2183	1	1	2	328
CY207736.1	330	2167	3	1	4	330
CY207736.1	331	2180	2	2	4	331
CY207736.1	331	442	2	8	10	331
CY207736.1	333	2171	2	2	4	333
CY207736.1	333	2186	1	0	1	333
CY207736.1	333	361	2	1	3	333
CY207736.1	334	2102	1	0	1	334
CY207736.1	334	2153	3	1	4	334
CY207736.1	334	2177	1	0	1	334
CY207736.1	334	2180	6	10	16	334
CY207736.1	335	2142	1	0	1	335
CY207736.1	335	365	0	1	1	365
CY207736.1	338	2174	4	0	4	338
CY207736.1	338	645	1	0	1	338
CY207736.1	343	2178	10	4	14	343
CY207736.1	353	2010	3	6	9	353
CY207736.1	353	2132	0	2	2	2132
CY207736.1	359	2064	1	0	1	359
CY207736.1	359	2153	1	2	3	359
CY207736.1	359	2180	1	0	1	359
CY207736.1	360	2135	3	0	3	360
CY207736.1	360	2181	63	40	103	360
CY207736.1	361	2035	9	10	19	361
CY207736.1	363	2059	0	2	2	2059
CY207736.1	368	2134	1	3	4	368
CY207736.1	368	2185	0	1	1	2185
CY207736.1	371	2140	1	3	4	371
CY207736.1	377	2120	3	0	3	377
CY207736.1	383	2120	0	1	1	2120
CY207736.1	384	1935	1	0	1	384
CY207736.1	385	1891	1	0	1	385
CY207736.1	385	2140	5	11	16	385
CY207736.1	385	2155	19	34	53	385
CY207736.1	385	2169	5	8	13	385
CY207736.1	386	2144	0	2	2	2144
CY207736.1	386	2271	0	1	1	2271
CY207736.1	387	2266	0	2	2	2266
CY207736.1	388	2125	1	0	1	388
CY207736.1	393	2121	28	51	79	393
CY207736.1	393	2223	6	1	7	393
CY207736.1	394	2233	90	26	116	394
CY207736.1	396	2017	0	1	1	2017
CY207736.1	396	2133	2	1	3	396
CY207736.1	398	428	0	1	1	428
CY207736.1	402	2215	0	24	24	2215
CY207736.1	403	2148	2	0	2	403
CY207736.1	405	2104	4	0	4	405
CY207736.1	415	2049	4	10	14	415
CY207736.1	417	2192	0	1	1	2192
CY207736.1	418	2119	148	229	377	418
CY207736.1	421	2193	0	1	1	2193
CY207736.1	422	1997	1	0	1	422
CY207736.1	422	2268	0	1	1	2268
CY207736.1	432	2037	3	0	3	432
CY207736.1	433	2172	2	0	2	433
CY207736.1	434	2169	2	0	2	434
CY207736.1	435	2104	0	2	2	2104
CY207736.1	436	1868	1	0	1	436
CY207736.1	436	2082	1	9	10	436
CY207736.1	436	2133	0	2	2	2133
CY207736.1	437	2149	2	10	12	437
CY207736.1	437	2161	44	200	244	437
CY207736.1	441	2148	1	2	3	441
CY207736.1	443	2182	0	1	1	2182
CY207736.1	448	1934	15	186	201	448
CY207736.1	449	2186	1	0	1	449
CY207736.1	450	1150	0	1	1	1150
CY207736.1	450	1936	0	2	2	1936
CY207736.1	450	2059	1	0	1	450
CY207736.1	451	2189	1	0	1	451
CY207736.1	453	2167	2	2	4	453
CY207736.1	453	2175	3	4	7	453
CY207736.1	453	2190	2	1	3	453
CY207736.1	455	2124	2	2	4	455
CY207736.1	455	2149	2	6	8	455
CY207736.1	456	1945	0	2	2	1945
CY207736.1	456	2162	64	52	116	456
CY207736.1	458	1897	0	6	6	1897
CY207736.1	458	2009	0	3	3	2009
CY207736.1	459	1602	0	2	2	1602
CY207736.1	459	2011	1	0	1	459
CY207736.1	459	2046	17	33	50	459
CY207736.1	459	2177	33	24	57	459
CY207736.1	460	2000	1	0	1	460
CY207736.1	470	2028	0	2	2	2028
CY207736.1	470	2068	0	7	7	2068
CY207736.1	472	2038	1	5	6	472
CY207736.1	473	2026	1	0	1	473
CY207736.1	473	2072	2	0	2	473
CY207736.1	474	2253	0	1	1	2253
CY207736.1	476	2029	87	263	350	476
CY207736.1	477	2027	1	1	2	477
CY207736.1	478	1382	1	0	1	478
CY207736.1	478	2027	0	8	8	2027
CY207736.1	478	2058	0	2	2	2058
CY207736.1	481	2179	2	2	4	481
CY207736.1	482	2063	0	7	7	2063
CY207736.1	482	538	0	1	1	538
CY207736.1	483	2168	0	1	1	2168
CY207736.1	484	2012	1	2	3	484
CY207736.1	487	2040	14	36	50	487
CY207736.1	487	2118	57	57	114	487
CY207736.1	488	2070	1	0	1	488
CY207736.1	489	1877	1	12	13	489
CY207736.1	489	2009	3	5	8	489
CY207736.1	489	2041	9	46	55	489
CY207736.1	490	2011	1	3	4	490
CY207736.1	490	2064	1	1	2	490
CY207736.1	491	543	0	3	3	543
CY207736.1	492	1876	24	97	121	492
CY207736.1	492	2009	0	2	2	2009
CY207736.1	493	1999	1	1	2	493
CY207736.1	493	2069	0	6	6	2069
CY207736.1	493	2075	5	9	14	493
CY207736.1	495	2036	2	5	7	495
CY207736.1	495	2048	0	2	2	2048
CY207736.1	495	2066	1	1	2	495
CY207736.1	495	560	15	31	46	495
CY207736.1	496	1925	0	1	1	1925
CY207736.1	496	581	1	5	6	496
CY207736.1	497	2028	20	66	86	497
CY207736.1	497	2064	1	5	6	497
CY207736.1	498	2073	1	0	1	498
CY207736.1	498	568	0	3	3	568
CY207736.1	499	2005	0	1	1	2005
CY207736.1	499	2057	5	5	10	499
CY207736.1	500	2061	2	5	7	500
CY207736.1	501	1611	1	0	1	501
CY207736.1	501	2076	6	9	15	501
CY207736.1	503	2000	1	4	5	503
CY207736.1	504	2058	2	7	9	504
CY207736.1	504	2060	1	0	1	504
CY207736.1	505	2076	2	1	3	505
CY207736.1	506	2174	1	0	1	506
CY207736.1	511	1915	1	4	5	511
CY207736.1	512	1871	6	13	19	512
CY207736.1	512	2075	1	7	8	512
CY207736.1	512	2207	5	5	10	512
CY207736.1	514	1839	1	5	6	514
CY207736.1	514	2042	6	11	17	514
CY207736.1	515	1623	1	1	2	515
CY207736.1	521	1628	4	19	23	521
CY207736.1	524	1978	2	4	6	524
CY207736.1	530	2059	1	8	9	530
CY207736.1	531	1828	4	8	12	531
CY207736.1	532	2049	1	2	3	532
CY207736.1	537	1963	1	1	2	537
CY207736.1	538	2036	0	8	8	2036
CY207736.1	540	1992	4	0	4	540
CY207736.1	551	2024	1	3	4	551
CY207736.1	552	2038	2	8	10	552
CY207736.1	554	1945	1	2	3	554
CY207736.1	554	2009	12	0	12	554
CY207736.1	555	1922	0	3	3	1922
CY207736.1	555	1941	0	1	1	1941
CY207736.1	555	2001	0	2	2	2001
CY207736.1	555	2012	2	3	5	555
CY207736.1	555	2028	0	2	2	2028
CY207736.1	555	2046	0	4	4	2046
CY207736.1	556	2044	5	16	21	556
CY207736.1	558	2009	52	94	146	558
CY207736.1	560	1950	3	3	6	560
CY207736.1	561	1949	7	17	24	561
CY207736.1	561	2007	0	1	1	2007
CY207736.1	562	1700	0	1	1	1700
CY207736.1	562	2051	0	6	6	2051
CY207736.1	564	1931	0	3	3	1931
CY207736.1	564	2035	1	10	11	564
CY207736.1	564	599	0	1	1	599
CY207736.1	565	1915	0	1	1	1915
CY207736.1	566	1593	0	1	1	1593
CY207736.1	566	2011	1	4	5	566
CY207736.1	566	2062	0	1	1	2062
CY207736.1	568	2038	0	3	3	2038
CY207736.1	573	2008	0	1	1	2008
CY207736.1	574	1847	0	3	3	1847
CY207736.1	575	1990	2	6	8	575
CY207736.1	575	2024	0	2	2	2024
CY207736.1	580	2027	4	1	5	580
CY207736.1	580	612	1	0	1	580
CY207736.1	581	2147	283	271	554	581
CY207736.1	583	2188	2	0	2	583
CY207736.1	584	1820	1	0	1	584
CY207736.1	584	1961	0	1	1	1961
CY207736.1	585	2052	0	1	1	2052
CY207736.1	585	2151	1	24	25	585
CY207736.1	585	2205	2	1	3	585
CY207736.1	586	2057	2	2	4	586
CY207736.1	590	1762	1	1	2	590
CY207736.1	590	1942	1	4	5	590
CY207736.1	591	1916	1	3	4	591
CY207736.1	592	1219	0	1	1	1219
CY207736.1	592	1898	1	1	2	592
CY207736.1	593	1983	1	0	1	593
CY207736.1	594	1830	1	1	2	594
CY207736.1	595	1920	6	13	19	595
CY207736.1	596	1832	0	1	1	1832
CY207736.1	597	1958	0	1	1	1958
CY207736.1	597	1976	0	1	1	1976
CY207736.1	600	1954	1	1	2	600
CY207736.1	603	2153	29	32	61	603
CY207736.1	605	2182	0	1	1	2182
CY207736.1	606	1945	6	16	22	606
CY207736.1	607	1981	4	11	15	607
CY207736.1	608	1877	3	7	10	608
CY207736.1	611	1945	2	0	2	611
CY207736.1	611	1957	0	1	1	1957
CY207736.1	614	2179	0	2	2	2179
CY207736.1	616	1954	3	4	7	616
CY207736.1	617	1951	0	3	3	1951
CY207736.1	619	1945	2	7	9	619
CY207736.1	620	1936	0	1	1	1936
CY207736.1	620	1944	13	0	13	620
CY207736.1	620	1949	50	117	167	620
CY207736.1	621	1944	1	0	1	621
CY207736.1	622	1940	1	4	5	622
CY207736.1	622	1946	139	233	372	622
CY207736.1	623	1938	3	1	4	623
CY207736.1	623	1946	1	0	1	623
CY207736.1	623	1947	0	1	1	1947
CY207736.1	623	1952	1	6	7	623
CY207736.1	627	1942	0	1	1	1942
CY207736.1	628	1937	0	1	1	1937
CY207736.1	628	1950	1	3	4	628
CY207736.1	628	1963	0	1	1	1963
CY207736.1	630	1948	50	83	133	630
CY207736.1	632	1967	0	1	1	1967
CY207736.1	635	1883	3	5	8	635
CY207736.1	635	2136	28	12	40	635
CY207736.1	636	1929	0	1	1	1929
CY207736.1	639	2068	0	1	1	2068
CY207736.1	644	2001	0	1	1	2001
CY207736.1	646	1925	3	4	7	646
CY207736.1	649	1941	0	1	1	1941
CY207736.1	653	1680	1	2	3	653
CY207736.1	653	1920	1	1	2	653
CY207736.1	655	1958	1	0	1	655
CY207736.1	657	2118	13	4	17	657
CY207736.1	673	2138	4	0	4	673
CY207736.1	674	2103	1	0	1	674
CY207736.1	674	2131	1	0	1	674
CY207736.1	676	1994	5	14	19	676
CY207736.1	676	2101	1	0	1	676
CY207736.1	676	2123	7	0	7	676
CY207736.1	679	1894	0	1	1	1894
CY207736.1	679	2103	2	0	2	679
CY207736.1	680	2145	2	0	2	680
CY207736.1	680	2150	0	1	1	2150
CY207736.1	681	2146	1	1	2	681
CY207736.1	683	2148	883	939	1822	683
CY207736.1	683	2149	2	0	2	683
CY207736.1	684	1891	1	3	4	684
CY207736.1	685	1845	2	3	5	685
CY207736.1	685	2150	1	1	2	685
CY207736.1	687	2152	0	2	2	2152
CY207736.1	690	1830	0	1	1	1830
CY207736.1	690	1952	0	1	1	1952
CY207736.1	691	1883	1	3	4	691
CY207736.1	692	2183	3	10	13	692
CY207736.1	694	2037	2	2	4	694
CY207736.1	695	1938	0	1	1	1938
CY207736.1	698	2154	0	2	2	2154
CY207736.1	699	1995	0	1	1	1995
CY207736.1	702	1883	0	1	1	1883
CY207736.1	704	2182	1	2	3	704
CY207736.1	706	1870	1	0	1	706
CY207736.1	710	1627	2	1	3	710
CY207736.1	711	1995	1	2	3	711
CY207736.1	711	2251	0	1	1	2251
CY207736.1	713	1770	0	1	1	1770
CY207736.1	728	1617	0	1	1	1617
CY207736.1	729	2013	0	1	1	2013
CY207736.1	731	1768	0	2	2	1768
CY207736.1	732	1829	1	1	2	732
CY207736.1	745	1832	3	2	5	745
CY207736.1	746	1927	0	1	1	1927
CY207736.1	746	2169	0	1	1	2169
CY207736.1	748	1884	4	3	7	748
CY207736.1	749	2011	3	0	3	749
CY207736.1	750	1763	8	4	12	750
CY207736.1	753	1830	1	0	1	753
CY207736.1	754	1912	4	0	4	754
CY207736.1	755	1599	2	2	4	755
CY207736.1	759	1830	1	0	1	759
CY207736.1	762	1852	0	1	1	1852
CY207736.1	765	1778	4	1	5	765
CY207736.1	772	1680	2	1	3	772
CY207736.1	774	2009	1	1	2	774
CY207736.1	793	1000	1	0	1	793
CY207736.1	796	1200	1	0	1	796
CY207736.1	799	1690	1	0	1	799
CY207736.1	814	1710	4	0	4	814
CY207736.1	814	1924	1	0	1	814
CY207736.1	828	1102	0	1	1	1102
CY207736.1	831	1890	0	2	2	1890
CY207736.1	835	1722	1	0	1	835
CY207736.1	836	2122	1	0	1	836
CY207736.1	843	2178	2	0	2	843
CY207736.1	846	2167	1	0	1	846
CY207736.1	885	1602	1	3	4	885
CY207736.1	885	1696	3	2	5	885
CY207736.1	887	974	1	0	1	887
CY207736.1	894	1491	2	3	5	894
CY207736.1	895	1897	0	1	1	1897
CY207736.1	896	2036	1	0	1	896
CY207736.1	897	2116	1	0	1	897
CY207736.1	898	1954	3	2	5	898
CY207736.1	898	2117	4	4	8	898
CY207736.1	907	1909	1	0	1	907
CY207736.1	908	1679	0	2	2	1679
CY207736.1	908	1840	1	0	1	908
CY207736.1	913	1920	1	0	1	913
CY207736.1	915	1667	34	20	54	915
CY207736.1	915	1922	2	1	3	915
CY207736.1	921	1703	1	0	1	921
CY207736.1	931	1298	0	1	1	1298
CY207736.1	933	2064	2	3	5	933
CY207736.1	947	1615	1	0	1	947
CY207736.1	966	1516	0	2	2	1516
CY207736.1	968	1609	0	1	1	1609
CY207736.1	976	1712	7	1	8	976
CY207736.1	996	1513	0	1	1	1513
CY207737.1	1005	2258	1	0	1	1005
CY207737.1	1017	2269	0	1	1	2269
CY207737.1	1021	1671	2	0	2	1021
CY207737.1	1036	1584	2	3	5	1036
CY207737.1	1081	1677	0	3	3	1677
CY207737.1	1089	1684	0	1	1	1684
CY207737.1	1156	1205	0	2	2	1205
CY207737.1	1445	2289	0	1	1	2289
CY207737.1	1536	2113	1	0	1	1536
CY207737.1	1693	1816	0	1	1	1816
CY207737.1	1840	1893	1	0	1	1840
CY207737.1	1985	2013	3	0	3	1985
CY207737.1	2011	2059	0	1	1	2059
CY207737.1	2011	2102	0	1	1	2102
CY207737.1	2062	2148	1	1	2	2062
CY207737.1	2065	2112	5	1	6	2065
CY207737.1	2111	2355	1	0	1	2111
CY207737.1	2203	2301	0	1	1	2301
CY207737.1	2204	2241	1	0	1	2204
CY207737.1	2204	2322	0	2	2	2322
CY207737.1	2280	2309	4	4	8	2280
CY207737.1	237	374	5	0	5	237
CY207737.1	238	289	6	0	6	238
CY207737.1	240	271	3	0	3	240
CY207737.1	2414	2450	0	2	2	2450
CY207737.1	241	294	6	0	6	241
CY207737.1	2428	2453	0	4	4	2453
CY207737.1	247	2287	8	0	8	247
CY207737.1	247	289	1	0	1	247
CY207737.1	248	273	5	0	5	248
CY207737.1	271	463	1	0	1	271
CY207737.1	286	2321	1	0	1	286
CY207737.1	287	2192	3	0	3	287
CY207737.1	288	2334	7	0	7	288
CY207737.1	289	365	1	0	1	289
CY207737.1	324	2359	0	1	1	2359
CY207737.1	328	2293	1	0	1	328
CY207737.1	330	2238	1	0	1	330
CY207737.1	330	2243	1	0	1	330
CY207737.1	330	2334	1	1	2	330
CY207737.1	341	2332	1	0	1	341
CY207737.1	358	2203	1	0	1	358
CY207737.1	361	2207	2	0	2	361
CY207737.1	364	388	2	2	4	364
CY207737.1	366	2212	147	136	283	366
CY207737.1	374	2361	1	0	1	374
CY207737.1	378	2186	1	0	1	378
CY207737.1	378	2262	2	0	2	378
CY207737.1	378	2312	1	0	1	378
CY207737.1	380	2242	1	0	1	380
CY207737.1	380	2311	5	1	6	380
CY207737.1	383	1146	1	0	1	383
CY207737.1	388	2205	3	0	3	388
CY207737.1	388	2238	1	0	1	388
CY207737.1	388	427	1	4	5	388
CY207737.1	390	2245	1	0	1	390
CY207737.1	392	2243	10	0	10	392
CY207737.1	393	2210	12	3	15	393
CY207737.1	401	2199	1	0	1	401
CY207737.1	405	2246	3	0	3	405
CY207737.1	406	2282	2	0	2	406
CY207737.1	411	2191	2	3	5	411
CY207737.1	422	2202	1	0	1	422
CY207737.1	426	2207	1	0	1	426
CY207737.1	427	2208	37	24	61	427
CY207737.1	427	2242	3	0	3	427
CY207737.1	435	2192	3	0	3	435
CY207737.1	436	2094	0	1	1	2094
CY207737.1	438	2162	7	1	8	438
CY207737.1	441	2238	1	0	1	441
CY207737.1	442	2336	4	1	5	442
CY207737.1	457	2242	8	0	8	457
CY207737.1	458	2148	3	0	3	458
CY207737.1	460	2185	0	1	1	2185
CY207737.1	461	2165	1	4	5	461
CY207737.1	462	2209	1	0	1	462
CY207737.1	463	1904	6	6	12	463
CY207737.1	463	2180	3	1	4	463
CY207737.1	469	1841	0	2	2	1841
CY207737.1	470	2143	0	2	2	2143
CY207737.1	473	2160	1	1	2	473
CY207737.1	474	2249	0	1	1	2249
CY207737.1	475	595	1	0	1	475
CY207737.1	477	1999	1	4	5	477
CY207737.1	478	2149	0	1	1	2149
CY207737.1	480	2283	1	6	7	480
CY207737.1	482	2175	1	2	3	482
CY207737.1	490	2022	3	2	5	490
CY207737.1	491	2140	1	2	3	491
CY207737.1	502	2206	0	2	2	2206
CY207737.1	505	2095	0	7	7	2095
CY207737.1	508	2103	2	0	2	508
CY207737.1	509	2155	1	0	1	509
CY207737.1	512	2108	0	1	1	2108
CY207737.1	512	2159	1	0	1	512
CY207737.1	517	2164	1	0	1	517
CY207737.1	519	2166	5	0	5	519
CY207737.1	521	2094	0	1	1	2094
CY207737.1	521	2102	4	0	4	521
CY207737.1	523	1993	1	0	1	523
CY207737.1	531	1337	1	0	1	531
CY207737.1	531	2052	1	1	2	531
CY207737.1	535	2247	0	1	1	2247
CY207737.1	536	2035	1	0	1	536
CY207737.1	536	2180	5	0	5	536
CY207737.1	536	2224	1	1	2	536
CY207737.1	539	2253	0	1	1	2253
CY207737.1	541	2149	3	0	3	541
CY207737.1	541	2228	1	1	2	541
CY207737.1	542	2039	2	0	2	542
CY207737.1	543	2064	38	5	43	543
CY207737.1	547	2039	9	5	14	547
CY207737.1	549	1866	2	0	2	549
CY207737.1	552	2068	0	1	1	2068
CY207737.1	561	1854	1	0	1	561
CY207737.1	562	1919	0	1	1	1919
CY207737.1	564	2209	1	0	1	564
CY207737.1	567	2080	2	0	2	567
CY207737.1	568	2207	3	1	4	568
CY207737.1	578	1914	3	0	3	578
CY207737.1	583	2150	6	1	7	583
CY207737.1	588	1926	9	21	30	588
CY207737.1	590	2018	1	0	1	590
CY207737.1	590	2137	1	0	1	590
CY207737.1	592	2013	0	1	1	2013
CY207737.1	597	2016	1	0	1	597
CY207737.1	598	2160	2	0	2	598
CY207737.1	602	1940	2	0	2	602
CY207737.1	602	2090	3	0	3	602
CY207737.1	602	2165	17	4	21	602
CY207737.1	603	2025	0	1	1	2025
CY207737.1	603	2094	0	1	1	2094
CY207737.1	603	2121	4	0	4	603
CY207737.1	603	2205	4	0	4	603
CY207737.1	604	2204	25	14	39	604
CY207737.1	605	2056	3	0	3	605
CY207737.1	606	1783	16	7	23	606
CY207737.1	610	2000	4	4	8	610
CY207737.1	615	1793	0	1	1	1793
CY207737.1	615	1804	1	0	1	615
CY207737.1	615	2111	5	0	5	615
CY207737.1	616	2019	1	0	1	616
CY207737.1	617	1810	1	0	1	617
CY207737.1	618	1810	1	2	3	618
CY207737.1	620	2019	1	0	1	620
CY207737.1	620	2142	1	0	1	620
CY207737.1	621	2013	1	0	1	621
CY207737.1	621	2018	2	1	3	621
CY207737.1	622	2144	1	0	1	622
CY207737.1	622	2148	1	0	1	622
CY207737.1	623	1982	1	0	1	623
CY207737.1	624	2019	1	0	1	624
CY207737.1	624	2186	0	1	1	2186
CY207737.1	624	734	3	0	3	624
CY207737.1	627	2207	1	0	1	627
CY207737.1	634	2018	1	0	1	634
CY207737.1	637	1737	1	0	1	637
CY207737.1	637	1738	2	0	2	637
CY207737.1	638	2074	1	0	1	638
CY207737.1	640	2204	0	1	1	2204
CY207737.1	644	2155	2	0	2	644
CY207737.1	645	1997	3	4	7	645
CY207737.1	646	2008	0	2	2	2008
CY207737.1	646	2014	1	0	1	646
CY207737.1	646	2068	8	0	8	646
CY207737.1	648	1743	1	0	1	648
CY207737.1	653	2188	4	3	7	653
CY207737.1	654	1717	1	0	1	654
CY207737.1	655	1046	1	0	1	655
CY207737.1	656	1982	0	1	1	1982
CY207737.1	657	1730	0	1	1	1730
CY207737.1	658	1714	1	0	1	658
CY207737.1	658	1718	2	1	3	658
CY207737.1	658	1996	0	1	1	1996
CY207737.1	659	2111	5	1	6	659
CY207737.1	659	2151	2	0	2	659
CY207737.1	660	2181	1	1	2	660
CY207737.1	661	762	0	1	1	762
CY207737.1	667	1698	21	4	25	667
CY207737.1	667	1979	3	0	3	667
CY207737.1	675	2051	8	5	13	675
CY207737.1	678	1956	1	0	1	678
CY207737.1	678	2156	3	0	3	678
CY207737.1	682	1708	2	0	2	682
CY207737.1	682	2014	1	0	1	682
CY207737.1	682	2068	2	2	4	682
CY207737.1	682	2077	2	1	3	682
CY207737.1	683	1964	1	0	1	683
CY207737.1	686	1957	1	0	1	686
CY207737.1	687	1849	1	0	1	687
CY207737.1	688	1681	1	2	3	688
CY207737.1	689	2077	2	1	3	689
CY207737.1	691	1730	0	1	1	1730
CY207737.1	691	1904	5	1	6	691
CY207737.1	692	1955	1	1	2	692
CY207737.1	693	1910	0	3	3	1910
CY207737.1	703	1130	0	1	1	1130
CY207737.1	706	1679	1	0	1	706
CY207737.1	706	1894	0	1	1	1894
CY207737.1	709	1996	0	2	2	1996
CY207737.1	709	2051	3	0	3	709
CY207737.1	710	905	1	0	1	710
CY207737.1	711	2142	2	1	3	711
CY207737.1	712	1887	3	0	3	712
CY207737.1	713	1881	1	0	1	713
CY207737.1	714	2058	9	9	18	714
CY207737.1	721	1925	0	1	1	1925
CY207737.1	724	1978	0	1	1	1978
CY207737.1	724	2152	5	1	6	724
CY207737.1	725	2070	0	1	1	2070
CY207737.1	725	2190	3	1	4	725
CY207737.1	729	2093	0	2	2	2093
CY207737.1	731	1921	1	0	1	731
CY207737.1	733	2139	0	1	1	2139
CY207737.1	742	1303	0	1	1	1303
CY207737.1	743	1890	1	6	7	743
CY207737.1	743	2014	4	1	5	743
CY207737.1	745	2015	1	0	1	745
CY207737.1	747	1894	0	1	1	1894
CY207737.1	747	1982	5	5	10	747
CY207737.1	747	2014	4	0	4	747
CY207737.1	748	2013	1	3	4	748
CY207737.1	749	2001	0	1	1	2001
CY207737.1	751	1894	1	0	1	751
CY207737.1	752	2014	1	0	1	752
CY207737.1	753	1887	1	0	1	753
CY207737.1	753	1893	4	7	11	753
CY207737.1	753	2013	5	2	7	753
CY207737.1	753	2072	1	1	2	753
CY207737.1	755	1956	1	1	2	755
CY207737.1	757	1835	1	0	1	757
CY207737.1	757	1908	0	1	1	1908
CY207737.1	757	1998	1	1	2	757
CY207737.1	759	1867	1	0	1	759
CY207737.1	759	1997	1	1	2	759
CY207737.1	759	1999	0	1	1	1999
CY207737.1	760	1865	1	2	3	760
CY207737.1	760	1882	0	2	2	1882
CY207737.1	760	1888	5	7	12	760
CY207737.1	760	1894	0	1	1	1894
CY207737.1	760	1991	3	0	3	760
CY207737.1	761	1809	0	2	2	1809
CY207737.1	761	2012	1	0	1	761
CY207737.1	766	1996	3	0	3	766
CY207737.1	767	1997	1	1	2	767
CY207737.1	768	1872	1	3	4	768
CY207737.1	768	1991	2	2	4	768
CY207737.1	770	1984	2	0	2	770
CY207737.1	771	2253	2	0	2	771
CY207737.1	774	1985	3	0	3	774
CY207737.1	775	1895	1	0	1	775
CY207737.1	777	1867	1	0	1	777
CY207737.1	778	1831	1	1	2	778
CY207737.1	778	1872	3	0	3	778
CY207737.1	781	1854	16	12	28	781
CY207737.1	781	1867	3	0	3	781
CY207737.1	783	1881	1	1	2	783
CY207737.1	785	1831	1	0	1	785
CY207737.1	787	1912	0	1	1	1912
CY207737.1	789	1855	2	0	2	789
CY207737.1	792	1923	1	0	1	792
CY207737.1	794	936	0	1	1	936
CY207737.1	796	2004	1	0	1	796
CY207737.1	798	1847	1	0	1	798
CY207737.1	801	1843	2	2	4	801
CY207737.1	801	2011	0	1	1	2011
CY207737.1	807	1733	3	0	3	807
CY207737.1	807	1853	0	1	1	1853
CY207737.1	809	1737	0	1	1	1737
CY207737.1	809	1741	9	1	10	809
CY207737.1	810	1854	1	0	1	810
CY207737.1	814	1955	1	2	3	814
CY207737.1	815	1837	1	1	2	815
CY207737.1	815	1857	0	1	1	1857
CY207737.1	815	1999	0	1	1	1999
CY207737.1	820	1827	1	2	3	820
CY207737.1	820	1828	1	3	4	820
CY207737.1	821	1839	1	3	4	821
CY207737.1	822	1828	0	4	4	1828
CY207737.1	824	1920	0	1	1	1920
CY207737.1	825	1829	1	3	4	825
CY207737.1	826	851	2	0	2	826
CY207737.1	827	1809	1	4	5	827
CY207737.1	829	1716	0	1	1	1716
CY207737.1	832	1799	0	1	1	1799
CY207737.1	832	1986	1	0	1	832
CY207737.1	834	1795	0	1	1	1795
CY207737.1	837	2262	4	0	4	837
CY207737.1	840	1800	3	1	4	840
CY207737.1	853	1857	3	0	3	853
CY207737.1	854	1774	1	0	1	854
CY207737.1	856	1835	0	1	1	1835
CY207737.1	857	1905	55	54	109	857
CY207737.1	858	2276	2	0	2	858
CY207737.1	859	1907	0	1	1	1907
CY207737.1	861	1908	0	1	1	1908
CY207737.1	862	2280	45	39	84	862
CY207737.1	870	1786	2	0	2	870
CY207737.1	871	1905	1	0	1	871
CY207737.1	872	1660	3	6	9	872
CY207737.1	873	1781	1	0	1	873
CY207737.1	873	2065	0	3	3	2065
CY207737.1	880	2295	0	1	1	2295
CY207737.1	882	1773	0	2	2	1773
CY207737.1	886	1774	0	1	1	1774
CY207737.1	886	1888	5	5	10	886
CY207737.1	888	1878	2	0	2	888
CY207737.1	888	1881	1	0	1	888
CY207737.1	889	1722	1	3	4	889
CY207737.1	889	1772	0	2	2	1772
CY207737.1	890	1879	0	1	1	1879
CY207737.1	893	1741	1	0	1	893
CY207737.1	897	1880	1	0	1	897
CY207737.1	897	1881	1	1	2	897
CY207737.1	899	1799	0	1	1	1799
CY207737.1	899	1877	0	1	1	1877
CY207737.1	904	1880	1	0	1	904
CY207737.1	906	1882	0	1	1	1882
CY207737.1	907	1876	1	1	2	907
CY207737.1	908	1773	0	1	1	1773
CY207737.1	909	2146	5	3	8	909
CY207737.1	913	1738	1	0	1	913
CY207737.1	915	1908	0	3	3	1908
CY207737.1	917	2060	1	0	1	917
CY207737.1	921	1855	2	0	2	921
CY207737.1	921	2299	0	1	1	2299
CY207737.1	924	1626	0	2	2	1626
CY207737.1	924	1856	0	1	1	1856
CY207737.1	951	1717	1	0	1	951
CY207737.1	953	1831	1	0	1	953
CY207737.1	954	1830	0	1	1	1830
CY207737.1	959	1816	2	2	4	959
CY207737.1	967	1739	0	1	1	1739
CY207737.1	972	1662	0	3	3	1662
CY207737.1	972	1713	0	1	1	1713
CY207737.1	974	1621	1	3	4	974
CY207737.1	979	1801	0	1	1	1801
CY207737.1	982	1707	1	1	2	982
CY207737.1	983	1804	0	1	1	1804
CY207737.1	993	1736	0	1	1	1736
CY207737.1	995	2019	1	1	2	995
CY207737.1	998	1525	0	1	1	1525
CY207738.1	1003	1805	0	1	1	1805
CY207738.1	1014	1947	0	1	1	1947
CY207738.1	1028	1728	0	1	1	1728
CY207738.1	1038	1713	1	0	1	1038
CY207738.1	1051	2298	1	0	1	1051
CY207738.1	1083	1821	0	1	1	1821
CY207738.1	1094	1374	0	1	1	1374
CY207738.1	1095	2227	0	1	1	2227
CY207738.1	1106	2019	1	0	1	1106
CY207738.1	1127	1527	1	0	1	1127
CY207738.1	1157	1205	1	0	1	1157
CY207738.1	1201	1924	0	1	1	1924
CY207738.1	1215	1262	0	1	1	1262
CY207738.1	1253	1471	0	1	1	1471
CY207738.1	1298	1424	2	0	2	1298
CY207738.1	1479	1889	1	0	1	1479
CY207738.1	1531	1709	1	0	1	1531
CY207738.1	1638	2235	1	0	1	1638
CY207738.1	1651	1733	0	1	1	1733
CY207738.1	1656	2041	1	0	1	1656
CY207738.1	1702	2147	1	0	1	1702
CY207738.1	1884	2325	0	1	1	2325
CY207738.1	2130	2186	0	1	1	2186
CY207738.1	2208	2236	5	1	6	2208
CY207738.1	2235	2317	0	1	1	2317
CY207738.1	2247	2334	1	1	2	2247
CY207738.1	2364	2392	1	0	1	2364
CY207738.1	2371	2402	0	3	3	2402
CY207738.1	241	1221	1	0	1	241
CY207738.1	242	2240	1	0	1	242
CY207738.1	251	2182	1	0	1	251
CY207738.1	269	1887	1	0	1	269
CY207738.1	282	2130	13	0	13	282
CY207738.1	294	324	2	0	2	294
CY207738.1	299	2283	1	0	1	299
CY207738.1	315	2303	0	1	1	2303
CY207738.1	316	2314	0	1	1	2314
CY207738.1	321	2324	5	1	6	321
CY207738.1	321	2325	14	13	27	321
CY207738.1	323	2327	1	0	1	323
CY207738.1	331	2313	4	1	5	331
CY207738.1	332	1685	2	2	4	332
CY207738.1	339	1235	1	0	1	339
CY207738.1	340	1892	0	1	1	1892
CY207738.1	356	1871	0	1	1	1871
CY207738.1	366	2431	0	1	1	2431
CY207738.1	367	2311	3	1	4	367
CY207738.1	368	1084	0	1	1	1084
CY207738.1	368	2264	3	11	14	368
CY207738.1	368	2296	0	1	1	2296
CY207738.1	369	2251	0	3	3	2251
CY207738.1	370	2349	1	0	1	370
CY207738.1	375	2277	0	1	1	2277
CY207738.1	380	2217	1	1	2	380
CY207738.1	382	2233	1	0	1	382
CY207738.1	385	2276	0	1	1	2276
CY207738.1	386	2144	0	1	1	2144
CY207738.1	386	2170	0	2	2	2170
CY207738.1	386	2248	3	1	4	386
CY207738.1	386	2314	1	7	8	386
CY207738.1	387	2389	0	1	1	2389
CY207738.1	394	2231	0	3	3	2231
CY207738.1	402	2263	0	6	6	2263
CY207738.1	404	2262	0	2	2	2262
CY207738.1	405	449	1	0	1	405
CY207738.1	407	2313	2	0	2	407
CY207738.1	408	1753	1	0	1	408
CY207738.1	408	2215	1	0	1	408
CY207738.1	408	2301	1	1	2	408
CY207738.1	418	2320	54	0	54	418
CY207738.1	419	2217	4	17	21	419
CY207738.1	419	2311	1	4	5	419
CY207738.1	420	2282	0	6	6	2282
CY207738.1	422	2285	0	1	1	2285
CY207738.1	437	2325	0	4	4	2325
CY207738.1	441	2232	1	0	1	441
CY207738.1	444	2314	2	3	5	444
CY207738.1	444	2410	0	1	1	2410
CY207738.1	447	2164	5	10	15	447
CY207738.1	447	2172	0	7	7	2172
CY207738.1	448	2267	0	3	3	2267
CY207738.1	452	2142	4	12	16	452
CY207738.1	452	475	1	8	9	452
CY207738.1	453	2033	2	6	8	453
CY207738.1	453	2196	0	3	3	2196
CY207738.1	455	2137	2	2	4	455
CY207738.1	456	2080	0	3	3	2080
CY207738.1	460	2188	0	2	2	2188
CY207738.1	463	2350	7	12	19	463
CY207738.1	464	2163	1	1	2	464
CY207738.1	464	2229	5	4	9	464
CY207738.1	465	2173	18	57	75	465
CY207738.1	466	2196	4	0	4	466
CY207738.1	467	2160	37	72	109	467
CY207738.1	468	2282	36	72	108	468
CY207738.1	471	2265	0	1	1	2265
CY207738.1	472	2143	1	1	2	472
CY207738.1	473	2117	1	0	1	473
CY207738.1	474	2131	0	3	3	2131
CY207738.1	474	2161	1	5	6	474
CY207738.1	475	1626	0	1	1	1626
CY207738.1	475	1901	2	4	6	475
CY207738.1	475	2237	0	3	3	2237
CY207738.1	482	2210	14	24	38	482
CY207738.1	483	2140	0	8	8	2140
CY207738.1	483	2186	0	3	3	2186
CY207738.1	483	2189	1	4	5	483
CY207738.1	484	1744	6	12	18	484
CY207738.1	484	2210	9	29	38	484
CY207738.1	484	2211	0	1	1	2211
CY207738.1	484	2256	0	3	3	2256
CY207738.1	486	2212	0	1	1	2212
CY207738.1	489	2116	3	12	15	489
CY207738.1	489	2281	0	1	1	2281
CY207738.1	490	2218	140	229	369	490
CY207738.1	490	2248	2	2	4	490
CY207738.1	491	2117	8	15	23	491
CY207738.1	491	2333	0	1	1	2333
CY207738.1	493	2207	0	1	1	2207
CY207738.1	494	2115	3	3	6	494
CY207738.1	494	537	0	1	1	537
CY207738.1	495	1998	1	8	9	495
CY207738.1	495	2204	1	0	1	495
CY207738.1	495	2425	0	1	1	2425
CY207738.1	496	1757	0	2	2	1757
CY207738.1	496	2179	14	100	114	496
CY207738.1	498	2344	1	3	4	498
CY207738.1	502	2191	1	3	4	502
CY207738.1	502	2371	0	1	1	2371
CY207738.1	503	1943	0	4	4	1943
CY207738.1	503	2112	2	9	11	503
CY207738.1	503	2169	4	8	12	503
CY207738.1	504	2116	17	75	92	504
CY207738.1	507	2209	1	2	3	507
CY207738.1	507	2217	0	1	1	2217
CY207738.1	509	2086	0	9	9	2086
CY207738.1	509	2304	0	8	8	2304
CY207738.1	511	2107	0	1	1	2107
CY207738.1	511	2108	0	1	1	2108
CY207738.1	513	1930	0	6	6	1930
CY207738.1	513	2201	1	0	1	513
CY207738.1	513	2221	2	1	3	513
CY207738.1	514	1990	0	1	1	1990
CY207738.1	514	2032	3	5	8	514
CY207738.1	517	1863	1	0	1	517
CY207738.1	518	2087	8	47	55	518
CY207738.1	518	2113	1	1	2	518
CY207738.1	519	1733	0	1	1	1733
CY207738.1	519	2129	1	4	5	519
CY207738.1	519	2224	42	84	126	519
CY207738.1	519	2270	0	2	2	2270
CY207738.1	520	2041	9	108	117	520
CY207738.1	520	2089	1	0	1	520
CY207738.1	520	2149	6	0	6	520
CY207738.1	520	2256	0	3	3	2256
CY207738.1	522	2086	1	6	7	522
CY207738.1	522	2089	0	19	19	2089
CY207738.1	522	2189	1	1	2	522
CY207738.1	523	1868	3	1	4	523
CY207738.1	523	2091	0	1	1	2091
CY207738.1	523	2210	27	65	92	523
CY207738.1	525	1766	0	1	1	1766
CY207738.1	525	2154	2	1	3	525
CY207738.1	526	1988	0	1	1	1988
CY207738.1	527	1988	0	4	4	1988
CY207738.1	527	2231	0	3	3	2231
CY207738.1	528	2088	0	6	6	2088
CY207738.1	528	2177	0	9	9	2177
CY207738.1	528	2187	0	6	6	2187
CY207738.1	528	2195	23	95	118	528
CY207738.1	528	2217	0	1	1	2217
CY207738.1	528	566	0	1	1	566
CY207738.1	529	2302	0	5	5	2302
CY207738.1	531	2178	0	9	9	2178
CY207738.1	531	2283	0	1	1	2283
CY207738.1	536	2169	1	0	1	536
CY207738.1	536	2170	269	408	677	536
CY207738.1	537	2171	134	309	443	537
CY207738.1	537	2172	0	1	1	2172
CY207738.1	537	2173	0	1	1	2173
CY207738.1	537	2372	0	3	3	2372
CY207738.1	539	2165	10	5	15	539
CY207738.1	539	2171	1	5	6	539
CY207738.1	539	2182	3	2	5	539
CY207738.1	541	2222	0	1	1	2222
CY207738.1	545	2158	1	1	2	545
CY207738.1	545	2165	4	6	10	545
CY207738.1	545	2197	0	2	2	2197
CY207738.1	546	2250	3	2	5	546
CY207738.1	551	2098	0	1	1	2098
CY207738.1	552	2131	1	5	6	552
CY207738.1	553	1947	2	10	12	553
CY207738.1	553	2130	2	12	14	553
CY207738.1	554	1951	0	2	2	1951
CY207738.1	555	1234	1	0	1	555
CY207738.1	559	2000	1	14	15	559
CY207738.1	560	2193	1	2	3	560
CY207738.1	562	2214	0	2	2	2214
CY207738.1	563	2187	0	1	1	2187
CY207738.1	564	2137	216	409	625	564
CY207738.1	566	1657	1	1	2	566
CY207738.1	567	1702	0	1	1	1702
CY207738.1	567	2038	2	7	9	567
CY207738.1	567	2042	22	79	101	567
CY207738.1	568	2057	0	1	1	2057
CY207738.1	568	2132	0	1	1	2132
CY207738.1	570	2020	0	7	7	2020
CY207738.1	571	2139	9	23	32	571
CY207738.1	572	2197	12	22	34	572
CY207738.1	573	2195	0	1	1	2195
CY207738.1	574	2031	0	2	2	2031
CY207738.1	574	2115	5	8	13	574
CY207738.1	574	2130	6	2	8	574
CY207738.1	575	1362	0	1	1	1362
CY207738.1	575	2128	3	8	11	575
CY207738.1	575	2210	4	6	10	575
CY207738.1	577	2022	0	5	5	2022
CY207738.1	578	2389	0	1	1	2389
CY207738.1	579	2020	1	3	4	579
CY207738.1	580	2118	14	29	43	580
CY207738.1	584	2020	0	3	3	2020
CY207738.1	584	2030	2	19	21	584
CY207738.1	587	2362	0	4	4	2362
CY207738.1	589	2002	0	2	2	2002
CY207738.1	589	2116	0	1	1	2116
CY207738.1	589	2142	0	3	3	2142
CY207738.1	590	2128	1	4	5	590
CY207738.1	595	1997	0	3	3	1997
CY207738.1	597	1998	20	174	194	597
CY207738.1	602	1988	1	4	5	602
CY207738.1	602	2106	0	3	3	2106
CY207738.1	603	1987	0	6	6	1987
CY207738.1	603	2107	2	3	5	603
CY207738.1	603	2195	1	2	3	603
CY207738.1	603	2340	1	0	1	603
CY207738.1	605	2004	18	103	121	605
CY207738.1	606	2002	1	1	2	606
CY207738.1	608	1911	1	2	3	608
CY207738.1	608	1987	0	6	6	1987
CY207738.1	619	2172	1	0	1	619
CY207738.1	622	2360	0	1	1	2360
CY207738.1	623	1783	7	18	25	623
CY207738.1	627	2115	3	4	7	627
CY207738.1	627	2236	29	14	43	627
CY207738.1	628	1555	1	3	4	628
CY207738.1	628	1782	4	4	8	628
CY207738.1	628	2041	2	13	15	628
CY207738.1	628	2098	0	2	2	2098
CY207738.1	628	2102	1	3	4	628
CY207738.1	628	2164	1	2	3	628
CY207738.1	629	1832	1	0	1	629
CY207738.1	632	2138	4	1	5	632
CY207738.1	634	2044	0	2	2	2044
CY207738.1	639	2174	2	2	4	639
CY207738.1	641	1811	9	13	22	641
CY207738.1	641	2085	1	0	1	641
CY207738.1	642	1849	0	7	7	1849
CY207738.1	642	2086	16	30	46	642
CY207738.1	642	2153	23	24	47	642
CY207738.1	643	2033	0	1	1	2033
CY207738.1	644	1820	90	122	212	644
CY207738.1	644	1832	1	1	2	644
CY207738.1	644	1873	0	2	2	1873
CY207738.1	644	2031	0	3	3	2031
CY207738.1	644	2167	2	4	6	644
CY207738.1	645	1810	2	2	4	645
CY207738.1	645	1815	4	5	9	645
CY207738.1	645	1951	1	2	3	645
CY207738.1	645	2014	5	19	24	645
CY207738.1	645	2028	1	0	1	645
CY207738.1	646	2129	4	1	5	646
CY207738.1	649	1759	2	0	2	649
CY207738.1	651	1998	0	2	2	1998
CY207738.1	653	1728	5	8	13	653
CY207738.1	656	2115	1	0	1	656
CY207738.1	656	2134	2	3	5	656
CY207738.1	659	1799	2	3	5	659
CY207738.1	660	2038	0	1	1	2038
CY207738.1	662	1947	2	1	3	662
CY207738.1	662	2086	1	2	3	662
CY207738.1	662	2115	2	1	3	662
CY207738.1	663	2089	1	0	1	663
CY207738.1	663	2111	0	1	1	2111
CY207738.1	664	2015	2	1	3	664
CY207738.1	669	1939	1	3	4	669
CY207738.1	670	1781	0	1	1	1781
CY207738.1	671	2004	0	2	2	2004
CY207738.1	672	1997	0	1	1	1997
CY207738.1	675	1731	2	4	6	675
CY207738.1	675	1989	2	1	3	675
CY207738.1	675	1997	8	8	16	675
CY207738.1	675	1999	1	0	1	675
CY207738.1	680	1710	3	6	9	680
CY207738.1	680	1988	2	13	15	680
CY207738.1	684	779	0	1	1	779
CY207738.1	686	1989	0	2	2	1989
CY207738.1	687	1911	1	4	5	687
CY207738.1	687	1989	3	1	4	687
CY207738.1	688	1748	0	1	1	1748
CY207738.1	692	1886	1	2	3	692
CY207738.1	693	2128	0	1	1	2128
CY207738.1	694	1830	2	5	7	694
CY207738.1	695	1880	1	0	1	695
CY207738.1	695	1907	3	3	6	695
CY207738.1	698	1913	8	9	17	698
CY207738.1	702	1944	3	0	3	702
CY207738.1	704	1988	1	2	3	704
CY207738.1	708	1762	0	1	1	1762
CY207738.1	708	1938	4	7	11	708
CY207738.1	709	1957	0	1	1	1957
CY207738.1	710	1753	2	1	3	710
CY207738.1	710	1877	0	2	2	1877
CY207738.1	711	1947	1	3	4	711
CY207738.1	712	1886	1	0	1	712
CY207738.1	713	1961	0	2	2	1961
CY207738.1	715	1915	1	2	3	715
CY207738.1	715	1954	13	14	27	715
CY207738.1	716	1880	1	0	1	716
CY207738.1	717	1890	0	1	1	1890
CY207738.1	717	1951	1	0	1	717
CY207738.1	718	1755	1	0	1	718
CY207738.1	718	1955	0	1	1	1955
CY207738.1	720	1871	3	2	5	720
CY207738.1	720	1885	3	4	7	720
CY207738.1	720	1945	0	1	1	1945
CY207738.1	720	1955	0	5	5	1955
CY207738.1	721	1955	7	16	23	721
CY207738.1	721	2116	3	0	3	721
CY207738.1	729	1947	1	4	5	729
CY207738.1	730	1941	1	1	2	730
CY207738.1	730	1946	1	2	3	730
CY207738.1	732	1942	0	3	3	1942
CY207738.1	732	1945	3	5	8	732
CY207738.1	733	1936	3	4	7	733
CY207738.1	734	1829	1	0	1	734
CY207738.1	734	1851	1	2	3	734
CY207738.1	734	1938	0	2	2	1938
CY207738.1	735	1943	1	1	2	735
CY207738.1	735	1951	0	1	1	1951
CY207738.1	735	1998	0	1	1	1998
CY207738.1	735	2105	3	3	6	735
CY207738.1	737	1879	3	2	5	737
CY207738.1	739	2237	0	1	1	2237
CY207738.1	740	2005	0	1	1	2005
CY207738.1	742	1837	0	1	1	1837
CY207738.1	742	1990	0	3	3	1990
CY207738.1	745	1960	0	1	1	1960
CY207738.1	746	1947	0	2	2	1947
CY207738.1	747	1988	11	15	26	747
CY207738.1	749	1849	0	1	1	1849
CY207738.1	751	1869	1	0	1	751
CY207738.1	753	1872	1	0	1	753
CY207738.1	753	1880	4	0	4	753
CY207738.1	753	1951	1	1	2	753
CY207738.1	753	1960	1	0	1	753
CY207738.1	757	955	1	0	1	757
CY207738.1	760	1887	24	0	24	760
CY207738.1	760	2002	1	3	4	760
CY207738.1	761	1759	3	0	3	761
CY207738.1	761	2041	1	1	2	761
CY207738.1	762	1957	0	1	1	1957
CY207738.1	767	1956	0	1	1	1956
CY207738.1	774	1892	2	0	2	774
CY207738.1	778	1946	1	0	1	778
CY207738.1	778	1951	1	0	1	778
CY207738.1	780	1813	1	0	1	780
CY207738.1	780	1827	2	1	3	780
CY207738.1	781	1815	0	4	4	1815
CY207738.1	781	1868	2	0	2	781
CY207738.1	783	1907	1	1	2	783
CY207738.1	784	1788	2	2	4	784
CY207738.1	785	1872	0	2	2	1872
CY207738.1	786	1670	1	0	1	786
CY207738.1	788	1855	2	0	2	788
CY207738.1	788	1951	0	1	1	1951
CY207738.1	791	1684	0	1	1	1684
CY207738.1	793	1779	2	1	3	793
CY207738.1	793	1893	1	1	2	793
CY207738.1	793	1914	2	1	3	793
CY207738.1	793	1927	0	2	2	1927
CY207738.1	794	1768	1	2	3	794
CY207738.1	795	1923	1	1	2	795
CY207738.1	796	1283	1	0	1	796
CY207738.1	796	1780	3	0	3	796
CY207738.1	797	2325	2	0	2	797
CY207738.1	798	1991	0	1	1	1991
CY207738.1	802	1926	0	1	1	1926
CY207738.1	804	1906	0	1	1	1906
CY207738.1	808	1850	2	0	2	808
CY207738.1	812	1786	0	1	1	1786
CY207738.1	812	1931	0	1	1	1931
CY207738.1	812	1938	0	1	1	1938
CY207738.1	813	1843	1	1	2	813
CY207738.1	816	1909	0	1	1	1909
CY207738.1	824	1817	1	0	1	824
CY207738.1	825	1844	6	2	8	825
CY207738.1	825	1901	0	3	3	1901
CY207738.1	826	1851	22	14	36	826
CY207738.1	826	1943	0	1	1	1943
CY207738.1	827	1884	1	3	4	827
CY207738.1	828	2186	1	0	1	828
CY207738.1	829	1895	1	0	1	829
CY207738.1	831	1847	1	0	1	831
CY207738.1	831	1864	1	0	1	831
CY207738.1	832	1855	1	1	2	832
CY207738.1	834	1738	1	0	1	834
CY207738.1	834	1920	0	2	2	1920
CY207738.1	835	2145	2	0	2	835
CY207738.1	835	2190	1	4	5	835
CY207738.1	836	1890	6	4	10	836
CY207738.1	837	1869	0	1	1	1869
CY207738.1	839	1814	2	2	4	839
CY207738.1	840	1861	1	3	4	840
CY207738.1	842	1771	0	1	1	1771
CY207738.1	843	1872	1	1	2	843
CY207738.1	844	1705	2	1	3	844
CY207738.1	845	1810	4	4	8	845
CY207738.1	845	1883	1	0	1	845
CY207738.1	847	1872	0	1	1	1872
CY207738.1	849	2161	1	0	1	849
CY207738.1	850	1878	0	2	2	1878
CY207738.1	851	1801	0	1	1	1801
CY207738.1	852	1866	1	1	2	852
CY207738.1	853	1904	0	1	1	1904
CY207738.1	855	1814	2	2	4	855
CY207738.1	855	1867	6	6	12	855
CY207738.1	856	1718	0	1	1	1718
CY207738.1	856	1844	1	0	1	856
CY207738.1	856	1850	11	7	18	856
CY207738.1	857	1857	1	0	1	857
CY207738.1	857	1863	1	1	2	857
CY207738.1	869	1844	2	0	2	869
CY207738.1	869	1900	2	0	2	869
CY207738.1	869	2092	3	0	3	869
CY207738.1	885	2097	1	1	2	885
CY207738.1	892	2114	0	1	1	2114
CY207738.1	896	1101	0	1	1	1101
CY207738.1	898	1634	1	0	1	898
CY207738.1	902	1716	2	1	3	902
CY207738.1	909	1853	6	0	6	909
CY207738.1	911	2002	0	1	1	2002
CY207738.1	917	1860	0	1	1	1860
CY207738.1	919	1802	1	0	1	919
CY207738.1	927	1803	1	1	2	927
CY207738.1	951	1893	0	1	1	1893
CY207738.1	952	1947	0	2	2	1947
CY207738.1	953	1886	3	0	3	953
CY207738.1	955	2000	1	0	1	955
CY207738.1	960	1769	1	1	2	960
CY207738.1	961	1806	3	3	6	961
CY207738.1	963	1743	1	0	1	963
CY207738.1	975	1592	1	0	1	975
CY207738.1	980	1782	0	1	1	1782
CY207738.1	985	1828	0	1	1	1828
CY207738.1	998	1701	1	0	1	998
