Segment	Start	Stop	Forward_support	Reverse_support	Total_support	Fuzz_factor
CY207731.1	1002	1583	1	0	1	1002
CY207731.1	1010	1369	1	0	1	1010
CY207731.1	1015	1336	1	0	1	1015
CY207731.1	1015	1431	1	0	1	1015
CY207731.1	1021	1783	1	0	1	1021
CY207731.1	1024	1357	1	0	1	1024
CY207731.1	1025	1079	0	1	1	1079
CY207731.1	1025	1607	1	0	1	1025
CY207731.1	1030	1620	1	0	1	1030
CY207731.1	1038	1422	0	1	1	1422
CY207731.1	1054	1347	1	0	1	1054
CY207731.1	1063	1253	0	1	1	1253
CY207731.1	1068	1649	1	0	1	1068
CY207731.1	1101	1222	1	0	1	1101
CY207731.1	1115	1353	1	5	6	1115
CY207731.1	1118	1228	0	1	1	1228
CY207731.1	1142	1213	0	1	1	1213
CY207731.1	1145	1708	1	0	1	1145
CY207731.1	1151	1897	0	1	1	1897
CY207731.1	1158	1282	0	1	1	1282
CY207731.1	1181	1583	0	1	1	1583
CY207731.1	1215	1422	0	1	1	1422
CY207731.1	1228	1598	1	0	1	1228
CY207731.1	1230	1641	1	0	1	1230
CY207731.1	1236	1363	0	1	1	1363
CY207731.1	1236	1597	1	0	1	1236
CY207731.1	1236	1749	0	1	1	1749
CY207731.1	1236	1922	0	1	1	1922
CY207731.1	1254	1801	1	0	1	1254
CY207731.1	1261	1520	0	1	1	1520
CY207731.1	1267	1607	1	0	1	1267
CY207731.1	1282	1535	0	1	1	1535
CY207731.1	1297	1623	1	0	1	1297
CY207731.1	1299	1651	1	0	1	1299
CY207731.1	1314	1432	0	1	1	1432
CY207731.1	1315	1671	1	0	1	1315
CY207731.1	1354	1717	0	1	1	1717
CY207731.1	1360	1539	1	0	1	1360
CY207731.1	1363	1522	0	2	2	1522
CY207731.1	1368	1548	1	0	1	1368
CY207731.1	1451	1778	0	1	1	1778
CY207731.1	1481	1578	1	0	1	1481
CY207731.1	1521	1743	0	1	1	1743
CY207731.1	1651	1682	0	1	1	1682
CY207731.1	1669	1727	1	0	1	1669
CY207731.1	1680	1755	0	1	1	1755
CY207731.1	1685	1751	0	1	1	1751
CY207731.1	1696	1742	0	1	1	1742
CY207731.1	1697	1751	0	1	1	1751
CY207731.1	1704	1742	0	1	1	1742
CY207731.1	1706	1893	0	3	3	1893
CY207731.1	1836	1912	0	1	1	1912
CY207731.1	240	1720	1	0	1	240
CY207731.1	249	1589	1	0	1	249
CY207731.1	255	1324	1	0	1	255
CY207731.1	257	1920	1	0	1	257
CY207731.1	258	1776	1	0	1	258
CY207731.1	262	1702	3	0	3	262
CY207731.1	270	1035	1	0	1	270
CY207731.1	270	1334	1	1	2	270
CY207731.1	277	1123	1	0	1	277
CY207731.1	278	1717	4	0	4	278
CY207731.1	280	1720	23	1	24	280
CY207731.1	285	1349	2	0	2	285
CY207731.1	286	830	1	0	1	286
CY207731.1	289	1668	1	0	1	289
CY207731.1	290	410	1	0	1	290
CY207731.1	298	1365	1	0	1	298
CY207731.1	310	1153	0	1	1	1153
CY207731.1	329	1907	0	1	1	1907
CY207731.1	339	1578	0	1	1	1578
CY207731.1	341	1611	0	1	1	1611
CY207731.1	346	680	0	2	2	680
CY207731.1	351	1693	0	1	1	1693
CY207731.1	366	407	1	0	1	366
CY207731.1	369	1694	0	1	1	1694
CY207731.1	371	1599	0	1	1	1599
CY207731.1	373	437	0	1	1	437
CY207731.1	377	1154	1	0	1	377
CY207731.1	380	1240	1	0	1	380
CY207731.1	385	871	0	1	1	871
CY207731.1	388	1352	0	1	1	1352
CY207731.1	391	1636	0	1	1	1636
CY207731.1	393	1593	0	1	1	1593
CY207731.1	393	420	1	10	11	393
CY207731.1	398	1643	0	1	1	1643
CY207731.1	406	1879	0	1	1	1879
CY207731.1	409	569	0	1	1	569
CY207731.1	409	658	1	0	1	409
CY207731.1	412	1349	0	1	1	1349
CY207731.1	413	1634	0	1	1	1634
CY207731.1	416	1429	0	1	1	1429
CY207731.1	416	1748	0	1	1	1748
CY207731.1	416	917	0	1	1	917
CY207731.1	418	1222	0	1	1	1222
CY207731.1	421	1354	0	1	1	1354
CY207731.1	422	957	0	1	1	957
CY207731.1	430	1183	0	1	1	1183
CY207731.1	430	1513	1	0	1	430
CY207731.1	431	998	1	0	1	431
CY207731.1	432	739	0	1	1	739
CY207731.1	434	1282	1	0	1	434
CY207731.1	437	1015	0	1	1	1015
CY207731.1	437	1185	0	1	1	1185
CY207731.1	440	1465	0	1	1	1465
CY207731.1	444	1193	0	1	1	1193
CY207731.1	446	1112	0	1	1	1112
CY207731.1	457	1099	0	1	1	1099
CY207731.1	462	1649	2	1	3	462
CY207731.1	469	740	0	1	1	740
CY207731.1	471	1365	0	1	1	1365
CY207731.1	471	845	1	0	1	471
CY207731.1	474	1526	0	1	1	1526
CY207731.1	476	1593	5	8	13	476
CY207731.1	486	1755	0	1	1	1755
CY207731.1	487	1397	1	0	1	487
CY207731.1	489	796	0	1	1	796
CY207731.1	492	660	0	1	1	660
CY207731.1	505	1544	0	1	1	1544
CY207731.1	506	1684	6	2	8	506
CY207731.1	508	818	0	1	1	818
CY207731.1	509	1200	1	0	1	509
CY207731.1	510	912	0	1	1	912
CY207731.1	523	1492	2	0	2	523
CY207731.1	523	1826	0	1	1	1826
CY207731.1	526	1608	0	1	1	1608
CY207731.1	526	990	0	1	1	990
CY207731.1	527	1727	3	2	5	527
CY207731.1	531	845	0	1	1	845
CY207731.1	533	1503	4	0	4	533
CY207731.1	540	1864	1	0	1	540
CY207731.1	541	1069	0	1	1	1069
CY207731.1	547	1632	0	1	1	1632
CY207731.1	548	1368	1	0	1	548
CY207731.1	557	741	0	1	1	741
CY207731.1	560	1893	0	1	1	1893
CY207731.1	565	1641	8	6	14	565
CY207731.1	586	612	0	1	1	612
CY207731.1	587	1659	0	1	1	1659
CY207731.1	591	1360	0	1	1	1360
CY207731.1	591	1778	0	1	1	1778
CY207731.1	594	1251	0	1	1	1251
CY207731.1	612	1172	0	1	1	1172
CY207731.1	613	666	1	0	1	613
CY207731.1	639	807	0	1	1	807
CY207731.1	639	873	0	1	1	873
CY207731.1	642	1202	0	1	1	1202
CY207731.1	642	1536	0	1	1	1536
CY207731.1	655	1588	0	2	2	1588
CY207731.1	655	1792	1	0	1	655
CY207731.1	666	1803	0	2	2	1803
CY207731.1	668	1693	1	0	1	668
CY207731.1	669	1455	0	1	1	1455
CY207731.1	679	1092	0	1	1	1092
CY207731.1	679	1535	1	0	1	679
CY207731.1	692	1254	1	0	1	692
CY207731.1	692	1831	1	0	1	692
CY207731.1	698	1692	1	0	1	698
CY207731.1	703	1397	0	1	1	1397
CY207731.1	704	789	1	0	1	704
CY207731.1	731	1510	1	0	1	731
CY207731.1	731	917	1	0	1	731
CY207731.1	735	1662	0	1	1	1662
CY207731.1	737	1304	1	2	3	737
CY207731.1	741	1686	1	0	1	741
CY207731.1	752	1152	0	1	1	1152
CY207731.1	770	1767	0	1	1	1767
CY207731.1	773	902	1	0	1	773
CY207731.1	775	1698	1	0	1	775
CY207731.1	781	1704	1	0	1	781
CY207731.1	783	1179	1	0	1	783
CY207731.1	789	1275	1	0	1	789
CY207731.1	791	1805	1	0	1	791
CY207731.1	809	1321	0	1	1	1321
CY207731.1	815	1136	1	0	1	815
CY207731.1	815	1296	0	1	1	1296
CY207731.1	819	876	0	1	1	876
CY207731.1	823	1879	0	1	1	1879
CY207731.1	843	1786	1	0	1	843
CY207731.1	855	1073	0	1	1	1073
CY207731.1	868	1598	0	1	1	1598
CY207731.1	890	1891	0	1	1	1891
CY207731.1	894	1195	1	0	1	894
CY207731.1	902	1636	1	0	1	902
CY207731.1	910	1367	1	0	1	910
CY207731.1	918	1288	1	0	1	918
CY207731.1	941	1780	1	0	1	941
CY207731.1	945	988	1	0	1	945
CY207731.1	946	968	0	1	1	968
CY207731.1	955	1756	1	0	1	955
CY207731.1	966	1554	1	0	1	966
CY207731.1	982	1883	0	1	1	1883
CY207731.1	984	1702	0	1	1	1702
CY207731.1	994	1653	1	0	1	994
CY207732.1	239	295	1	0	1	239
CY207732.1	251	416	1	0	1	251
CY207732.1	255	360	1	0	1	255
CY207732.1	256	739	1	0	1	256
CY207732.1	260	542	1	1	2	260
CY207732.1	263	311	1	0	1	263
CY207732.1	268	550	8	0	8	268
CY207732.1	273	893	1	0	1	273
CY207732.1	275	827	1	0	1	275
CY207732.1	275	848	11	0	11	275
CY207732.1	276	852	1	0	1	276
CY207732.1	278	544	1	0	1	278
CY207732.1	285	519	1	0	1	285
CY207732.1	287	1043	1	0	1	287
CY207732.1	289	646	1	0	1	289
CY207732.1	294	838	2	2	4	294
CY207732.1	317	1059	1	0	1	317
CY207732.1	319	839	1	6	7	319
CY207732.1	321	802	4	6	10	321
CY207732.1	332	681	0	1	1	681
CY207732.1	332	953	0	1	1	953
CY207732.1	341	574	1	0	1	341
CY207732.1	342	697	0	1	1	697
CY207732.1	350	1017	0	1	1	1017
CY207732.1	350	1085	0	1	1	1085
CY207732.1	354	685	1	0	1	354
CY207732.1	355	841	0	1	1	841
CY207732.1	368	863	0	1	1	863
CY207732.1	370	849	0	1	1	849
CY207732.1	374	1042	1	0	1	374
CY207732.1	374	556	1	0	1	374
CY207732.1	381	696	1	0	1	381
CY207732.1	392	798	0	1	1	798
CY207732.1	397	978	0	1	1	978
CY207732.1	406	555	0	1	1	555
CY207732.1	409	853	0	1	1	853
CY207732.1	411	675	1	0	1	411
CY207732.1	418	1019	1	0	1	418
CY207732.1	421	982	0	1	1	982
CY207732.1	428	481	1	0	1	428
CY207732.1	429	910	0	1	1	910
CY207732.1	434	569	0	1	1	569
CY207732.1	434	678	1	11	12	434
CY207732.1	435	751	1	0	1	435
CY207732.1	439	466	0	1	1	466
CY207732.1	439	563	1	0	1	439
CY207732.1	445	476	1	0	1	445
CY207732.1	456	539	0	1	1	539
CY207732.1	456	987	0	1	1	987
CY207732.1	477	1119	1	0	1	477
CY207732.1	483	887	0	1	1	887
CY207732.1	485	830	0	1	1	830
CY207732.1	485	993	0	1	1	993
CY207732.1	486	732	0	1	1	732
CY207732.1	498	562	0	1	1	562
CY207732.1	499	652	1	0	1	499
CY207732.1	500	697	0	1	1	697
CY207732.1	500	825	0	1	1	825
CY207732.1	503	534	1	0	1	503
CY207732.1	506	622	1	1	2	506
CY207732.1	507	586	0	1	1	586
CY207732.1	523	1082	0	1	1	1082
CY207732.1	523	637	1	0	1	523
CY207732.1	525	1134	0	1	1	1134
CY207732.1	535	810	1	0	1	535
CY207732.1	537	577	0	1	1	577
CY207732.1	540	682	0	1	1	682
CY207732.1	549	1141	0	1	1	1141
CY207732.1	549	911	1	0	1	549
CY207732.1	554	1170	0	1	1	1170
CY207732.1	566	859	0	1	1	859
CY207732.1	571	1042	0	1	1	1042
CY207732.1	581	832	1	0	1	581
CY207732.1	582	726	0	1	1	726
CY207732.1	584	860	0	1	1	860
CY207732.1	585	812	1	0	1	585
CY207732.1	589	961	8	4	12	589
CY207732.1	593	1023	1	0	1	593
CY207732.1	599	731	0	1	1	731
CY207732.1	605	1065	1	0	1	605
CY207732.1	609	658	0	1	1	658
CY207732.1	622	697	1	0	1	622
CY207732.1	622	798	1	0	1	622
CY207732.1	626	1006	1	0	1	626
CY207732.1	626	957	1	0	1	626
CY207732.1	628	1132	0	1	1	1132
CY207732.1	628	756	1	0	1	628
CY207732.1	629	953	0	1	1	953
CY207732.1	629	957	9	4	13	629
CY207732.1	635	1144	0	1	1	1144
CY207732.1	647	1032	1	0	1	647
CY207732.1	647	728	0	1	1	728
CY207732.1	656	848	1	0	1	656
CY207732.1	672	824	1	0	1	672
CY207732.1	676	867	1	0	1	676
CY207732.1	677	1041	0	1	1	1041
CY207732.1	679	815	2	12	14	679
CY207732.1	682	837	0	1	1	837
CY207732.1	685	839	2	3	5	685
CY207732.1	689	750	0	1	1	750
CY207732.1	693	989	1	0	1	693
CY207732.1	706	887	2	3	5	706
CY207732.1	708	783	0	1	1	783
CY207732.1	712	819	1	0	1	712
CY207732.1	712	863	0	1	1	863
CY207732.1	712	994	0	1	1	994
CY207732.1	715	965	1	0	1	715
CY207732.1	716	860	0	1	1	860
CY207732.1	718	860	2	3	5	718
CY207732.1	719	1069	0	1	1	1069
CY207732.1	736	1143	0	1	1	1143
CY207732.1	746	859	1	0	1	746
CY207732.1	748	878	0	1	1	878
CY207732.1	749	1008	0	1	1	1008
CY207732.1	758	954	3	3	6	758
CY207732.1	764	1133	1	1	2	764
CY207732.1	768	958	1	0	1	768
CY207732.1	777	820	0	1	1	820
CY207732.1	777	848	0	1	1	848
CY207732.1	782	1135	0	1	1	1135
CY207732.1	785	969	1	0	1	785
CY207732.1	788	829	0	1	1	829
CY207732.1	790	833	1	1	2	790
CY207732.1	791	906	1	0	1	791
CY207732.1	797	881	0	1	1	881
CY207732.1	797	969	0	1	1	969
CY207732.1	801	904	1	0	1	801
CY207732.1	808	959	0	1	1	959
CY207732.1	810	980	2	1	3	810
CY207732.1	817	866	2	0	2	817
CY207732.1	820	932	1	0	1	820
CY207732.1	827	849	0	1	1	849
CY207732.1	831	1153	0	1	1	1153
CY207732.1	833	1009	1	0	1	833
CY207732.1	837	937	1	0	1	837
CY207732.1	850	1043	0	1	1	1043
CY207732.1	859	1093	1	0	1	859
CY207732.1	860	1017	1	0	1	860
CY207732.1	882	959	1	0	1	882
CY207732.1	887	1018	1	0	1	887
CY207732.1	923	1110	0	1	1	1110
CY207732.1	932	1137	0	1	1	1137
CY207732.1	933	1019	3	2	5	933
CY207732.1	950	1146	0	1	1	1146
CY207732.1	957	994	0	1	1	994
CY207732.1	961	1035	0	1	1	1035
CY207732.1	971	1002	0	1	1	1002
CY207732.1	997	1082	1	0	1	997
CY207733.1	1016	1215	0	1	1	1215
CY207733.1	1033	1296	1	0	1	1033
CY207733.1	1079	1292	3	1	4	1079
CY207733.1	1139	1267	1	0	1	1139
CY207733.1	1262	1375	0	1	1	1375
CY207733.1	1297	1363	1	0	1	1297
CY207733.1	1531	1605	0	1	1	1605
CY207733.1	238	935	1	0	1	238
CY207733.1	243	1394	1	0	1	243
CY207733.1	246	1466	4	1	5	246
CY207733.1	253	657	1	0	1	253
CY207733.1	256	1469	1	0	1	256
CY207733.1	264	1488	1	0	1	264
CY207733.1	269	1482	18	0	18	269
CY207733.1	271	658	1	0	1	271
CY207733.1	273	385	1	0	1	273
CY207733.1	274	1280	1	0	1	274
CY207733.1	276	1001	1	0	1	276
CY207733.1	277	1327	1	1	2	277
CY207733.1	281	1219	1	0	1	281
CY207733.1	292	1457	2	1	3	292
CY207733.1	317	1314	1	0	1	317
CY207733.1	332	1350	0	1	1	1350
CY207733.1	336	1350	1	0	1	336
CY207733.1	339	678	1	0	1	339
CY207733.1	354	386	2	1	3	354
CY207733.1	360	1483	0	1	1	1483
CY207733.1	360	457	0	1	1	457
CY207733.1	361	1515	1	0	1	361
CY207733.1	364	1464	1	0	1	364
CY207733.1	365	1448	1	1	2	365
CY207733.1	365	1475	0	5	5	1475
CY207733.1	371	416	0	1	1	416
CY207733.1	379	748	0	1	1	748
CY207733.1	400	726	0	1	1	726
CY207733.1	418	821	0	1	1	821
CY207733.1	429	506	0	1	1	506
CY207733.1	440	1285	3	9	12	440
CY207733.1	462	1398	0	1	1	1398
CY207733.1	468	1187	0	1	1	1187
CY207733.1	471	1450	0	1	1	1450
CY207733.1	472	1066	0	1	1	1066
CY207733.1	516	867	0	1	1	867
CY207733.1	518	1283	1	0	1	518
CY207733.1	520	783	0	1	1	783
CY207733.1	531	1572	0	1	1	1572
CY207733.1	532	1113	1	0	1	532
CY207733.1	533	678	0	1	1	678
CY207733.1	537	584	0	1	1	584
CY207733.1	574	1496	0	1	1	1496
CY207733.1	590	1416	0	1	1	1416
CY207733.1	607	1499	0	1	1	1499
CY207733.1	622	665	0	1	1	665
CY207733.1	628	1004	0	1	1	1004
CY207733.1	644	884	1	0	1	644
CY207733.1	645	801	0	1	1	801
CY207733.1	648	681	0	1	1	681
CY207733.1	655	1392	1	0	1	655
CY207733.1	666	1434	0	1	1	1434
CY207733.1	679	801	0	1	1	801
CY207733.1	694	744	0	1	1	744
CY207733.1	696	975	0	1	1	975
CY207733.1	697	1119	0	1	1	1119
CY207733.1	757	1408	1	0	1	757
CY207733.1	763	1155	0	1	1	1155
CY207733.1	767	1182	1	0	1	767
CY207733.1	770	1284	1	0	1	770
CY207733.1	772	1147	1	0	1	772
CY207733.1	780	1488	0	1	1	1488
CY207733.1	790	897	0	1	1	897
CY207733.1	821	1023	0	1	1	1023
CY207733.1	821	1178	1	0	1	821
CY207733.1	822	1135	0	1	1	1135
CY207733.1	835	1526	1	0	1	835
CY207733.1	856	1265	0	1	1	1265
CY207733.1	873	1018	1	0	1	873
CY207733.1	877	979	0	1	1	979
CY207733.1	882	1468	0	1	1	1468
CY207733.1	882	1495	1	0	1	882
CY207733.1	889	1077	0	1	1	1077
CY207733.1	889	1253	1	0	1	889
CY207733.1	889	1263	1	0	1	889
CY207733.1	899	1327	0	1	1	1327
CY207733.1	923	974	1	0	1	923
CY207733.1	933	1441	0	1	1	1441
CY207733.1	941	1414	1	0	1	941
CY207733.1	943	1415	0	1	1	1415
CY207733.1	961	1461	1	1	2	961
CY207734.1	1011	1468	1	0	1	1011
CY207734.1	1012	1084	4	1	5	1012
CY207734.1	1043	1245	0	1	1	1245
CY207734.1	1048	1389	1	0	1	1048
CY207734.1	1163	1659	0	1	1	1659
CY207734.1	1181	1500	0	1	1	1500
CY207734.1	1268	1316	0	1	1	1316
CY207734.1	1279	1342	1	0	1	1279
CY207734.1	1281	1306	0	1	1	1306
CY207734.1	1322	1391	1	0	1	1322
CY207734.1	1364	1443	1	0	1	1364
CY207734.1	1417	1463	0	1	1	1463
CY207734.1	1421	1544	2	2	4	1421
CY207734.1	1442	1566	1	2	3	1442
CY207734.1	242	1575	1	0	1	242
CY207734.1	245	1521	2	0	2	245
CY207734.1	246	1109	1	0	1	246
CY207734.1	246	603	1	0	1	246
CY207734.1	258	1532	1	0	1	258
CY207734.1	261	1327	1	0	1	261
CY207734.1	262	1313	1	0	1	262
CY207734.1	262	1458	1	0	1	262
CY207734.1	265	1129	1	0	1	265
CY207734.1	271	1547	1	1	2	271
CY207734.1	278	1486	1	0	1	278
CY207734.1	280	608	1	0	1	280
CY207734.1	281	1356	2	0	2	281
CY207734.1	282	1588	1	0	1	282
CY207734.1	288	822	1	0	1	288
CY207734.1	290	486	1	0	1	290
CY207734.1	291	1587	0	1	1	1587
CY207734.1	296	1369	0	1	1	1369
CY207734.1	308	1436	1	0	1	308
CY207734.1	309	751	1	0	1	309
CY207734.1	313	1387	2	3	5	313
CY207734.1	320	878	0	1	1	878
CY207734.1	342	471	1	0	1	342
CY207734.1	345	1048	1	0	1	345
CY207734.1	346	1588	1	1	2	346
CY207734.1	348	1467	0	1	1	1467
CY207734.1	348	446	1	0	1	348
CY207734.1	353	1709	0	1	1	1709
CY207734.1	359	1530	0	1	1	1530
CY207734.1	363	633	1	0	1	363
CY207734.1	368	1216	1	0	1	368
CY207734.1	372	525	0	1	1	525
CY207734.1	375	1375	0	1	1	1375
CY207734.1	377	1138	1	0	1	377
CY207734.1	377	645	0	1	1	645
CY207734.1	384	1567	0	1	1	1567
CY207734.1	385	604	1	0	1	385
CY207734.1	398	1583	1	1	2	398
CY207734.1	403	1409	0	1	1	1409
CY207734.1	403	926	1	1	2	403
CY207734.1	404	1452	1	0	1	404
CY207734.1	405	1084	1	0	1	405
CY207734.1	406	1591	0	1	1	1591
CY207734.1	406	831	0	1	1	831
CY207734.1	408	444	0	1	1	444
CY207734.1	409	870	4	2	6	409
CY207734.1	416	728	0	1	1	728
CY207734.1	421	940	1	2	3	421
CY207734.1	423	1363	0	1	1	1363
CY207734.1	423	707	0	1	1	707
CY207734.1	427	1343	0	1	1	1343
CY207734.1	432	950	1	0	1	432
CY207734.1	433	1066	0	1	1	1066
CY207734.1	440	957	4	0	4	440
CY207734.1	442	1395	0	1	1	1395
CY207734.1	443	1397	0	1	1	1397
CY207734.1	446	1641	1	0	1	446
CY207734.1	446	565	0	1	1	565
CY207734.1	449	564	1	0	1	449
CY207734.1	454	1137	1	0	1	454
CY207734.1	456	1681	0	1	1	1681
CY207734.1	457	861	1	0	1	457
CY207734.1	464	584	0	1	1	584
CY207734.1	466	1040	0	1	1	1040
CY207734.1	466	1696	0	1	1	1696
CY207734.1	467	834	1	0	1	467
CY207734.1	470	590	0	3	3	590
CY207734.1	470	756	1	0	1	470
CY207734.1	471	986	0	1	1	986
CY207734.1	472	1301	1	0	1	472
CY207734.1	474	1539	0	2	2	1539
CY207734.1	476	1275	0	1	1	1275
CY207734.1	479	784	1	0	1	479
CY207734.1	480	989	0	2	2	989
CY207734.1	492	1079	0	1	1	1079
CY207734.1	498	1100	0	1	1	1100
CY207734.1	501	1416	0	1	1	1416
CY207734.1	515	836	1	0	1	515
CY207734.1	519	1527	0	1	1	1527
CY207734.1	519	869	0	1	1	869
CY207734.1	521	1621	1	1	2	521
CY207734.1	522	1024	1	0	1	522
CY207734.1	523	1449	0	1	1	1449
CY207734.1	523	1645	1	0	1	523
CY207734.1	526	744	1	0	1	526
CY207734.1	534	1511	1	0	1	534
CY207734.1	538	866	5	3	8	538
CY207734.1	539	1072	0	1	1	1072
CY207734.1	540	1520	1	0	1	540
CY207734.1	544	1346	0	1	1	1346
CY207734.1	545	1045	0	1	1	1045
CY207734.1	549	1312	0	1	1	1312
CY207734.1	556	812	0	1	1	812
CY207734.1	557	1546	0	1	1	1546
CY207734.1	558	1375	1	0	1	558
CY207734.1	563	819	1	0	1	563
CY207734.1	577	1559	0	1	1	1559
CY207734.1	595	1292	0	1	1	1292
CY207734.1	604	1512	1	0	1	604
CY207734.1	611	1579	1	0	1	611
CY207734.1	619	1228	2	0	2	619
CY207734.1	620	812	2	1	3	620
CY207734.1	628	792	1	0	1	628
CY207734.1	636	1017	1	0	1	636
CY207734.1	637	832	1	0	1	637
CY207734.1	641	836	2	0	2	641
CY207734.1	643	1409	1	0	1	643
CY207734.1	646	1417	0	1	1	1417
CY207734.1	649	710	0	1	1	710
CY207734.1	658	721	1	0	1	658
CY207734.1	661	1560	0	1	1	1560
CY207734.1	667	1079	0	1	1	1079
CY207734.1	676	1585	2	1	3	676
CY207734.1	677	1491	1	0	1	677
CY207734.1	682	915	0	1	1	915
CY207734.1	690	1620	0	1	1	1620
CY207734.1	696	889	0	1	1	889
CY207734.1	697	1413	1	0	1	697
CY207734.1	703	1553	0	1	1	1553
CY207734.1	713	1385	2	5	7	713
CY207734.1	719	816	2	1	3	719
CY207734.1	725	1062	1	0	1	725
CY207734.1	731	1134	1	0	1	731
CY207734.1	738	1465	1	0	1	738
CY207734.1	741	1320	0	1	1	1320
CY207734.1	741	1437	0	1	1	1437
CY207734.1	742	1401	1	0	1	742
CY207734.1	744	1523	0	1	1	1523
CY207734.1	744	815	0	1	1	815
CY207734.1	747	983	0	1	1	983
CY207734.1	750	931	0	1	1	931
CY207734.1	752	803	0	1	1	803
CY207734.1	756	1590	0	1	1	1590
CY207734.1	758	1156	1	0	1	758
CY207734.1	772	1618	0	1	1	1618
CY207734.1	779	1585	0	1	1	1585
CY207734.1	786	1252	0	1	1	1252
CY207734.1	786	896	0	1	1	896
CY207734.1	794	1324	0	1	1	1324
CY207734.1	796	871	0	1	1	871
CY207734.1	797	1260	1	0	1	797
CY207734.1	798	1335	1	0	1	798
CY207734.1	807	1250	0	1	1	1250
CY207734.1	816	1588	1	1	2	816
CY207734.1	817	876	1	0	1	817
CY207734.1	818	1552	0	1	1	1552
CY207734.1	820	1385	0	1	1	1385
CY207734.1	824	1043	1	0	1	824
CY207734.1	825	1718	0	1	1	1718
CY207734.1	829	1690	0	1	1	1690
CY207734.1	830	957	2	0	2	830
CY207734.1	833	1285	0	1	1	1285
CY207734.1	835	912	1	0	1	835
CY207734.1	840	1338	1	0	1	840
CY207734.1	841	1310	1	0	1	841
CY207734.1	841	1622	0	6	6	1622
CY207734.1	842	1623	1	0	1	842
CY207734.1	847	1390	1	0	1	847
CY207734.1	847	1672	0	1	1	1672
CY207734.1	851	1401	0	1	1	1401
CY207734.1	851	1562	1	0	1	851
CY207734.1	863	1094	1	0	1	863
CY207734.1	865	1158	0	1	1	1158
CY207734.1	866	1391	0	1	1	1391
CY207734.1	892	1285	1	0	1	892
CY207734.1	892	987	1	0	1	892
CY207734.1	898	1088	1	0	1	898
CY207734.1	898	1107	1	0	1	898
CY207734.1	912	1337	1	0	1	912
CY207734.1	913	964	0	1	1	964
CY207734.1	939	1079	1	0	1	939
CY207734.1	940	1481	0	1	1	1481
CY207734.1	944	1212	0	1	1	1212
CY207734.1	951	1373	3	1	4	951
CY207734.1	955	1249	1	0	1	955
CY207734.1	958	1368	0	1	1	1368
CY207734.1	971	1042	4	3	7	971
CY207734.1	993	1087	0	1	1	1087
CY207734.1	996	1451	0	1	1	1451
CY207735.1	296	956	2	1	3	296
CY207735.1	308	350	0	7	7	350
CY207735.1	351	992	0	1	1	992
CY207735.1	386	649	1	0	1	386
CY207735.1	463	697	0	1	1	697
CY207735.1	470	705	0	1	1	705
CY207735.1	473	634	0	1	1	634
CY207735.1	474	637	0	1	1	637
CY207735.1	477	507	0	1	1	507
CY207735.1	499	729	2	0	2	499
CY207735.1	508	638	0	1	1	638
CY207735.1	511	740	52	108	160	511
CY207735.1	512	741	1	0	1	512
CY207735.1	515	594	0	1	1	594
CY207735.1	519	746	1	2	3	519
CY207735.1	522	749	0	1	1	749
CY207735.1	544	687	1	0	1	544
CY207735.1	552	612	1	0	1	552
CY207735.1	561	775	1	0	1	561
CY207735.1	566	761	0	1	1	761
CY207735.1	659	788	0	1	1	788
CY207735.1	668	1008	0	1	1	1008
CY207735.1	750	782	1	0	1	750
CY207735.1	760	864	0	1	1	864
CY207735.1	862	934	1	0	1	862
CY207735.1	916	1019	0	1	1	1019
CY207736.1	1003	1058	1	0	1	1003
CY207736.1	1003	1724	1	0	1	1003
CY207736.1	1011	2213	0	1	1	2213
CY207736.1	1020	2111	0	1	1	2111
CY207736.1	1027	1936	0	1	1	1936
CY207736.1	1039	1785	1	0	1	1039
CY207736.1	1046	1979	0	1	1	1979
CY207736.1	1054	1684	0	1	1	1684
CY207736.1	1055	1992	0	1	1	1992
CY207736.1	1059	1145	1	0	1	1059
CY207736.1	1065	1221	0	1	1	1221
CY207736.1	1070	1989	1	4	5	1070
CY207736.1	1073	2355	1	1	2	1073
CY207736.1	1080	2362	0	1	1	2362
CY207736.1	1083	1439	0	1	1	1439
CY207736.1	1088	2370	0	1	1	2370
CY207736.1	1095	2005	0	9	9	2005
CY207736.1	1097	1475	0	1	1	1475
CY207736.1	1100	2013	0	3	3	2013
CY207736.1	1104	1469	1	1	2	1104
CY207736.1	1106	1524	1	0	1	1106
CY207736.1	1109	2020	0	2	2	2020
CY207736.1	1116	1621	0	1	1	1621
CY207736.1	1118	1149	0	1	1	1149
CY207736.1	1122	2021	0	1	1	2021
CY207736.1	1145	1734	0	1	1	1734
CY207736.1	1145	2040	0	1	1	2040
CY207736.1	1152	1271	0	1	1	1271
CY207736.1	1154	1800	1	0	1	1154
CY207736.1	1160	1300	0	1	1	1300
CY207736.1	1167	1515	1	0	1	1167
CY207736.1	1169	1489	0	1	1	1489
CY207736.1	1187	1415	1	0	1	1187
CY207736.1	1187	1422	0	1	1	1422
CY207736.1	1192	1943	1	0	1	1192
CY207736.1	1197	2059	0	1	1	2059
CY207736.1	1209	1957	6	5	11	1209
CY207736.1	1212	2066	0	1	1	2066
CY207736.1	1231	1834	1	0	1	1231
CY207736.1	1252	1692	1	0	1	1252
CY207736.1	1255	2161	0	1	1	2161
CY207736.1	1258	1647	0	1	1	1647
CY207736.1	1287	1701	0	1	1	1701
CY207736.1	1299	1798	0	1	1	1798
CY207736.1	1338	1700	1	0	1	1338
CY207736.1	1348	1458	1	0	1	1348
CY207736.1	1369	1808	1	0	1	1369
CY207736.1	1372	2217	2	0	2	1372
CY207736.1	1375	1995	0	3	3	1995
CY207736.1	1384	1457	0	1	1	1457
CY207736.1	1395	2089	0	1	1	2089
CY207736.1	1396	1539	0	1	1	1539
CY207736.1	1412	1693	1	0	1	1412
CY207736.1	1414	2169	1	0	1	1414
CY207736.1	1460	1588	1	0	1	1460
CY207736.1	1467	1803	1	0	1	1467
CY207736.1	1488	1728	0	1	1	1728
CY207736.1	1509	1861	1	1	2	1509
CY207736.1	1510	2002	0	1	1	2002
CY207736.1	1511	1701	2	0	2	1511
CY207736.1	1511	2091	0	1	1	2091
CY207736.1	1544	2007	0	1	1	2007
CY207736.1	1545	1781	0	1	1	1781
CY207736.1	1556	1975	1	0	1	1556
CY207736.1	1566	1995	1	2	3	1566
CY207736.1	1574	2260	0	1	1	2260
CY207736.1	1584	2003	0	1	1	2003
CY207736.1	1585	1640	1	0	1	1585
CY207736.1	1587	1639	0	1	1	1639
CY207736.1	1592	2171	0	1	1	2171
CY207736.1	1607	1708	1	0	1	1607
CY207736.1	1623	2217	1	0	1	1623
CY207736.1	1651	1713	0	1	1	1713
CY207736.1	1655	2218	1	0	1	1655
CY207736.1	1701	2092	0	1	1	2092
CY207736.1	1704	2361	0	1	1	2361
CY207736.1	1706	1784	1	0	1	1706
CY207736.1	1735	2032	1	0	1	1735
CY207736.1	1739	1827	0	1	1	1827
CY207736.1	1739	2241	0	1	1	2241
CY207736.1	1742	1806	0	1	1	1806
CY207736.1	1758	2043	1	0	1	1758
CY207736.1	1765	2359	0	3	3	2359
CY207736.1	1772	1878	0	1	1	1878
CY207736.1	1781	2201	1	0	1	1781
CY207736.1	1789	2006	0	4	4	2006
CY207736.1	1808	1997	0	1	1	1997
CY207736.1	1861	2143	0	1	1	2143
CY207736.1	1870	2040	0	1	1	2040
CY207736.1	1951	1988	0	1	1	1988
CY207736.1	1959	2008	0	1	1	2008
CY207736.1	1966	2034	1	0	1	1966
CY207736.1	2004	2037	8	2	10	2004
CY207736.1	2086	2123	1	0	1	2086
CY207736.1	2102	2144	1	0	1	2102
CY207736.1	2108	2190	0	1	1	2190
CY207736.1	2129	2241	8	4	12	2129
CY207736.1	238	1143	1	0	1	238
CY207736.1	238	1289	1	0	1	238
CY207736.1	240	774	1	0	1	240
CY207736.1	250	1665	1	0	1	250
CY207736.1	262	1249	1	0	1	262
CY207736.1	266	1298	1	0	1	266
CY207736.1	266	2253	1	0	1	266
CY207736.1	270	1485	1	0	1	270
CY207736.1	273	1376	1	0	1	273
CY207736.1	277	1713	1	0	1	277
CY207736.1	281	1684	1	0	1	281
CY207736.1	282	1718	1	0	1	282
CY207736.1	282	369	6	0	6	282
CY207736.1	289	1700	1	0	1	289
CY207736.1	290	361	1	1	2	290
CY207736.1	299	2232	1	0	1	299
CY207736.1	300	682	1	0	1	300
CY207736.1	322	2259	0	4	4	2259
CY207736.1	334	2251	1	2	3	334
CY207736.1	335	2157	1	5	6	335
CY207736.1	361	2216	11	2	13	361
CY207736.1	371	2306	1	0	1	371
CY207736.1	385	436	7	20	27	385
CY207736.1	388	1303	1	1	2	388
CY207736.1	388	439	0	1	1	439
CY207736.1	394	1395	0	1	1	1395
CY207736.1	397	1710	0	1	1	1710
CY207736.1	403	1626	0	1	1	1626
CY207736.1	403	1840	0	1	1	1840
CY207736.1	405	1406	0	1	1	1406
CY207736.1	416	864	0	1	1	864
CY207736.1	424	1013	0	1	1	1013
CY207736.1	424	858	0	1	1	858
CY207736.1	432	2109	1	1	2	432
CY207736.1	433	695	1	0	1	433
CY207736.1	450	1392	1	0	1	450
CY207736.1	454	513	5	1	6	454
CY207736.1	455	2149	3	10	13	455
CY207736.1	462	1702	1	0	1	462
CY207736.1	462	665	1	0	1	462
CY207736.1	463	1607	0	1	1	1607
CY207736.1	470	2040	0	1	1	2040
CY207736.1	470	573	0	1	1	573
CY207736.1	474	1291	0	1	1	1291
CY207736.1	475	2228	1	0	1	475
CY207736.1	476	1459	2	0	2	476
CY207736.1	479	1653	1	0	1	479
CY207736.1	483	1465	4	0	4	483
CY207736.1	483	1628	0	1	1	1628
CY207736.1	483	2063	5	16	21	483
CY207736.1	483	2168	0	1	1	2168
CY207736.1	485	2289	0	1	1	2289
CY207736.1	504	1951	16	3	19	504
CY207736.1	520	1694	1	0	1	520
CY207736.1	546	1720	1	0	1	546
CY207736.1	546	2058	36	25	61	546
CY207736.1	551	924	1	0	1	551
CY207736.1	553	1893	1	0	1	553
CY207736.1	555	1895	32	12	44	555
CY207736.1	556	1772	1	0	1	556
CY207736.1	566	648	0	1	1	648
CY207736.1	569	1746	1	0	1	569
CY207736.1	572	1481	1	0	1	572
CY207736.1	574	605	0	1	1	605
CY207736.1	583	1758	0	1	1	1758
CY207736.1	584	1509	0	2	2	1509
CY207736.1	584	1961	1	0	1	584
CY207736.1	589	1764	8	6	14	589
CY207736.1	596	2002	8	10	18	596
CY207736.1	597	2001	0	2	2	2001
CY207736.1	598	904	1	0	1	598
CY207736.1	599	1549	0	1	1	1549
CY207736.1	603	1286	1	0	1	603
CY207736.1	605	692	0	1	1	692
CY207736.1	605	931	1	0	1	605
CY207736.1	610	1994	1	0	1	610
CY207736.1	612	1460	1	0	1	612
CY207736.1	616	2027	12	6	18	616
CY207736.1	617	1048	1	0	1	617
CY207736.1	617	1351	0	1	1	1351
CY207736.1	627	1889	1	0	1	627
CY207736.1	628	1024	1	2	3	628
CY207736.1	628	1903	1	0	1	628
CY207736.1	630	1165	1	0	1	630
CY207736.1	632	2061	0	1	1	2061
CY207736.1	637	1950	1	0	1	637
CY207736.1	639	1809	1	0	1	639
CY207736.1	640	1911	7	4	11	640
CY207736.1	642	1477	0	1	1	1477
CY207736.1	654	1300	0	1	1	1300
CY207736.1	667	1981	1	0	1	667
CY207736.1	673	1870	1	0	1	673
CY207736.1	675	1333	1	0	1	675
CY207736.1	677	1633	0	1	1	1633
CY207736.1	678	1955	2	4	6	678
CY207736.1	679	1835	4	0	4	679
CY207736.1	679	1860	2	0	2	679
CY207736.1	684	1855	1	2	3	684
CY207736.1	695	1364	1	0	1	695
CY207736.1	696	1886	1	0	1	696
CY207736.1	699	1995	10	15	25	699
CY207736.1	702	1895	39	71	110	702
CY207736.1	705	1199	2	0	2	705
CY207736.1	715	2002	0	1	1	2002
CY207736.1	717	1639	1	2	3	717
CY207736.1	718	1418	0	1	1	1418
CY207736.1	723	1994	0	4	4	1994
CY207736.1	724	1969	1	1	2	724
CY207736.1	725	1207	0	1	1	1207
CY207736.1	726	2341	0	1	1	2341
CY207736.1	726	913	8	0	8	726
CY207736.1	727	2105	0	1	1	2105
CY207736.1	728	2279	7	0	7	728
CY207736.1	731	1283	0	1	1	1283
CY207736.1	731	1803	1	0	1	731
CY207736.1	737	1944	0	1	1	1944
CY207736.1	745	2354	0	1	1	2354
CY207736.1	754	894	0	1	1	894
CY207736.1	759	2040	14	4	18	759
CY207736.1	761	1438	1	0	1	761
CY207736.1	762	2038	2	0	2	762
CY207736.1	766	2042	0	1	1	2042
CY207736.1	767	1952	6	5	11	767
CY207736.1	771	1902	0	1	1	1902
CY207736.1	771	2047	0	1	1	2047
CY207736.1	773	1458	2	0	2	773
CY207736.1	780	1464	1	0	1	780
CY207736.1	787	1126	1	0	1	787
CY207736.1	789	929	1	0	1	789
CY207736.1	793	1218	0	1	1	1218
CY207736.1	798	1985	1	0	1	798
CY207736.1	806	1933	7	8	15	806
CY207736.1	809	1493	1	0	1	809
CY207736.1	810	1089	1	0	1	810
CY207736.1	810	1749	1	0	1	810
CY207736.1	814	1710	2	4	6	814
CY207736.1	818	1503	1	0	1	818
CY207736.1	819	1714	1	0	1	819
CY207736.1	823	1719	2	1	3	823
CY207736.1	825	2293	0	1	1	2293
CY207736.1	826	1529	1	0	1	826
CY207736.1	826	1948	0	1	1	1948
CY207736.1	828	1102	1	0	1	828
CY207736.1	831	1308	3	1	4	831
CY207736.1	845	1563	0	1	1	1563
CY207736.1	846	1957	0	1	1	1957
CY207736.1	847	1981	0	1	1	1981
CY207736.1	856	1452	1	0	1	856
CY207736.1	868	1007	0	1	1	1007
CY207736.1	878	1977	2	5	7	878
CY207736.1	879	969	0	1	1	969
CY207736.1	881	1197	1	0	1	881
CY207736.1	884	1603	1	2	3	884
CY207736.1	887	2215	1	0	1	887
CY207736.1	894	1237	0	1	1	1237
CY207736.1	900	1890	0	1	1	1890
CY207736.1	904	1992	1	0	1	904
CY207736.1	907	1753	1	6	7	907
CY207736.1	911	1322	1	0	1	911
CY207736.1	918	1735	5	18	23	918
CY207736.1	919	1366	0	1	1	1366
CY207736.1	919	1644	0	1	1	1644
CY207736.1	919	1736	0	1	1	1736
CY207736.1	920	1194	0	1	1	1194
CY207736.1	922	1534	1	0	1	922
CY207736.1	924	1453	0	1	1	1453
CY207736.1	925	1742	0	2	2	1742
CY207736.1	926	1882	0	1	1	1882
CY207736.1	928	1730	6	4	10	928
CY207736.1	933	1180	1	0	1	933
CY207736.1	934	2108	0	1	1	2108
CY207736.1	942	1544	0	1	1	1544
CY207736.1	943	2079	1	0	1	943
CY207736.1	946	2365	0	2	2	2365
CY207736.1	949	2000	0	1	1	2000
CY207736.1	950	1757	0	1	1	1757
CY207736.1	951	1741	0	1	1	1741
CY207736.1	973	1064	2	1	3	973
CY207736.1	975	2050	1	0	1	975
CY207736.1	977	1864	0	1	1	1864
CY207736.1	984	1669	0	1	1	1669
CY207736.1	987	1014	0	1	1	1014
CY207736.1	988	1107	0	3	3	1107
CY207736.1	991	1892	0	1	1	1892
CY207736.1	995	1530	1	0	1	995
CY207736.1	997	2255	10	11	21	997
CY207737.1	1028	1624	0	1	1	1624
CY207737.1	1084	1948	1	0	1	1084
CY207737.1	1085	1197	0	1	1	1197
CY207737.1	1105	2361	0	1	1	2361
CY207737.1	1141	1193	0	1	1	1193
CY207737.1	1174	2112	0	1	1	2112
CY207737.1	1228	1312	0	1	1	1312
CY207737.1	1262	1736	0	1	1	1736
CY207737.1	1303	1546	0	1	1	1546
CY207737.1	1306	2043	2	4	6	1306
CY207737.1	1307	1975	0	1	1	1975
CY207737.1	1310	1440	0	1	1	1440
CY207737.1	1372	1647	0	1	1	1647
CY207737.1	1382	2111	0	1	1	2111
CY207737.1	1428	1611	1	0	1	1428
CY207737.1	1488	2089	0	1	1	2089
CY207737.1	1519	1720	1	0	1	1519
CY207737.1	1523	2092	0	1	1	2092
CY207737.1	1596	2203	0	1	1	2203
CY207737.1	1606	1760	1	0	1	1606
CY207737.1	1607	1638	1	0	1	1607
CY207737.1	1652	1791	1	0	1	1652
CY207737.1	1660	1788	1	0	1	1660
CY207737.1	1733	1906	0	1	1	1906
CY207737.1	1739	2361	1	0	1	1739
CY207737.1	1742	1896	0	1	1	1896
CY207737.1	1782	2064	0	1	1	2064
CY207737.1	1789	1901	0	1	1	1901
CY207737.1	1798	2209	0	1	1	2209
CY207737.1	1813	1865	0	1	1	1865
CY207737.1	2053	2124	2	3	5	2053
CY207737.1	2111	2249	1	0	1	2111
CY207737.1	2213	2237	5	2	7	2213
CY207737.1	2220	2282	2	0	2	2220
CY207737.1	239	325	5	1	6	239
CY207737.1	2427	2450	1	7	8	2427
CY207737.1	245	1251	1	0	1	245
CY207737.1	278	2250	1	0	1	278
CY207737.1	281	1524	1	0	1	281
CY207737.1	332	2287	1	0	1	332
CY207737.1	341	614	1	0	1	341
CY207737.1	348	1502	1	0	1	348
CY207737.1	356	948	0	1	1	948
CY207737.1	363	1244	1	0	1	363
CY207737.1	375	2060	1	0	1	375
CY207737.1	375	919	1	1	2	375
CY207737.1	383	1609	0	1	1	1609
CY207737.1	396	1552	0	1	1	1552
CY207737.1	397	1951	1	0	1	397
CY207737.1	404	1252	0	1	1	1252
CY207737.1	421	2230	0	1	1	2230
CY207737.1	422	2224	1	0	1	422
CY207737.1	431	1978	1	0	1	431
CY207737.1	441	2041	1	0	1	441
CY207737.1	443	2323	1	0	1	443
CY207737.1	447	2244	3	0	3	447
CY207737.1	459	2057	1	0	1	459
CY207737.1	461	1961	0	1	1	1961
CY207737.1	462	1611	0	1	1	1611
CY207737.1	466	2143	2	9	11	466
CY207737.1	467	1578	0	1	1	1578
CY207737.1	470	1920	0	1	1	1920
CY207737.1	476	2235	1	0	1	476
CY207737.1	478	2237	10	12	22	478
CY207737.1	480	2093	1	0	1	480
CY207737.1	522	1777	0	1	1	1777
CY207737.1	535	2478	0	1	1	2478
CY207737.1	539	1277	1	0	1	539
CY207737.1	544	1019	1	0	1	544
CY207737.1	550	2145	1	0	1	550
CY207737.1	551	966	0	1	1	966
CY207737.1	555	2201	1	0	1	555
CY207737.1	565	695	1	0	1	565
CY207737.1	575	1222	0	1	1	1222
CY207737.1	575	1504	0	1	1	1504
CY207737.1	582	1987	0	4	4	1987
CY207737.1	588	2164	0	1	1	2164
CY207737.1	596	930	1	1	2	596
CY207737.1	603	1238	1	0	1	603
CY207737.1	607	2192	2	2	4	607
CY207737.1	632	1035	1	0	1	632
CY207737.1	636	688	1	0	1	636
CY207737.1	639	1846	1	0	1	639
CY207737.1	639	2453	0	1	1	2453
CY207737.1	651	2255	1	2	3	651
CY207737.1	656	1241	1	0	1	656
CY207737.1	664	1663	1	0	1	664
CY207737.1	676	1403	1	0	1	676
CY207737.1	681	1720	2	2	4	681
CY207737.1	683	2425	0	1	1	2425
CY207737.1	686	2279	0	1	1	2279
CY207737.1	688	1701	1	0	1	688
CY207737.1	699	2355	0	1	1	2355
CY207737.1	702	756	1	0	1	702
CY207737.1	719	2171	0	1	1	2171
CY207737.1	734	1768	0	1	1	1768
CY207737.1	745	1503	1	0	1	745
CY207737.1	760	1991	1	4	5	760
CY207737.1	776	1926	1	0	1	776
CY207737.1	778	2258	0	1	1	2258
CY207737.1	785	1280	2	1	3	785
CY207737.1	785	2229	0	1	1	2229
CY207737.1	792	1298	1	0	1	792
CY207737.1	800	1137	0	1	1	1137
CY207737.1	803	1650	0	1	1	1650
CY207737.1	803	1821	0	2	2	1821
CY207737.1	805	2020	0	1	1	2020
CY207737.1	808	1829	0	7	7	1829
CY207737.1	815	1857	0	1	1	1857
CY207737.1	816	1558	0	1	1	1558
CY207737.1	823	1363	0	1	1	1363
CY207737.1	824	1920	1	1	2	824
CY207737.1	832	2019	0	1	1	2019
CY207737.1	833	1510	0	1	1	1510
CY207737.1	837	1593	0	1	1	1593
CY207737.1	837	2262	0	2	2	2262
CY207737.1	839	1934	0	1	1	1934
CY207737.1	842	1383	1	2	3	842
CY207737.1	849	2257	1	0	1	849
CY207737.1	857	1611	1	0	1	857
CY207737.1	860	1812	1	0	1	860
CY207737.1	864	1550	0	1	1	1550
CY207737.1	866	1954	2	0	2	866
CY207737.1	867	1698	2	2	4	867
CY207737.1	874	1409	0	2	2	1409
CY207737.1	880	1309	1	0	1	880
CY207737.1	883	1476	1	0	1	883
CY207737.1	891	2471	1	1	2	891
CY207737.1	893	2278	2	0	2	893
CY207737.1	901	1162	1	0	1	901
CY207737.1	902	2287	1	0	1	902
CY207737.1	905	1128	0	1	1	1128
CY207737.1	913	2368	1	0	1	913
CY207737.1	915	1738	0	1	1	1738
CY207737.1	933	1952	1	0	1	933
CY207737.1	935	1893	0	1	1	1893
CY207737.1	937	2295	1	0	1	937
CY207737.1	945	2300	1	0	1	945
CY207738.1	1001	1416	0	1	1	1416
CY207738.1	1009	1929	0	1	1	1929
CY207738.1	1014	2368	0	1	1	2368
CY207738.1	1017	1869	0	1	1	1869
CY207738.1	1021	2152	1	0	1	1021
CY207738.1	1043	1928	1	0	1	1043
CY207738.1	1044	1667	1	0	1	1044
CY207738.1	1053	2210	1	0	1	1053
CY207738.1	1062	2248	1	1	2	1062
CY207738.1	1068	2284	1	5	6	1068
CY207738.1	1071	1641	0	1	1	1641
CY207738.1	1075	2290	0	1	1	2290
CY207738.1	1087	2376	0	1	1	2376
CY207738.1	1090	1406	1	0	1	1090
CY207738.1	1101	1702	1	0	1	1101
CY207738.1	1108	2466	0	1	1	2466
CY207738.1	1124	2330	0	1	1	2330
CY207738.1	1157	1944	0	1	1	1944
CY207738.1	1167	2357	1	0	1	1167
CY207738.1	1176	2299	0	1	1	2299
CY207738.1	1178	1284	1	0	1	1178
CY207738.1	1182	1502	1	0	1	1182
CY207738.1	1188	1765	1	0	1	1188
CY207738.1	1202	1709	1	0	1	1202
CY207738.1	1221	1824	1	0	1	1221
CY207738.1	1236	1801	0	1	1	1801
CY207738.1	1253	1301	0	1	1	1301
CY207738.1	1296	1650	2	1	3	1296
CY207738.1	1299	1702	0	1	1	1702
CY207738.1	1302	1613	0	1	1	1613
CY207738.1	1306	2283	0	1	1	2283
CY207738.1	1332	1947	0	1	1	1947
CY207738.1	1357	1605	0	1	1	1605
CY207738.1	1378	2090	1	0	1	1378
CY207738.1	1389	2332	1	0	1	1389
CY207738.1	1416	1511	0	1	1	1511
CY207738.1	1445	1906	0	1	1	1906
CY207738.1	1448	2053	1	0	1	1448
CY207738.1	1451	2098	0	1	1	2098
CY207738.1	1456	1522	0	1	1	1522
CY207738.1	1526	2052	1	0	1	1526
CY207738.1	1527	1757	0	1	1	1757
CY207738.1	1530	1660	0	1	1	1660
CY207738.1	1546	1836	1	0	1	1546
CY207738.1	1570	2093	0	1	1	2093
CY207738.1	1571	2175	2	1	3	1571
CY207738.1	1631	2462	0	1	1	2462
CY207738.1	1651	2036	0	2	2	2036
CY207738.1	1653	2103	0	1	1	2103
CY207738.1	1672	1949	0	1	1	1949
CY207738.1	1679	2053	1	0	1	1679
CY207738.1	1686	2164	0	1	1	2164
CY207738.1	1696	2327	1	0	1	1696
CY207738.1	1700	1733	0	2	2	1733
CY207738.1	1703	2303	2	0	2	1703
CY207738.1	1745	2356	0	1	1	2356
CY207738.1	1750	2061	0	1	1	2061
CY207738.1	1752	1891	0	1	1	1891
CY207738.1	1756	1836	1	0	1	1756
CY207738.1	1806	2135	0	1	1	2135
CY207738.1	1986	2172	0	1	1	2172
CY207738.1	2059	2223	0	1	1	2223
CY207738.1	2059	2360	0	1	1	2360
CY207738.1	2075	2392	0	1	1	2392
CY207738.1	2182	2227	1	0	1	2182
CY207738.1	2218	2391	3	0	3	2218
CY207738.1	2235	2273	0	1	1	2273
CY207738.1	2256	2319	0	1	1	2319
CY207738.1	2256	2326	2	0	2	2256
CY207738.1	239	2235	1	0	1	239
CY207738.1	241	1221	1	0	1	241
CY207738.1	242	801	1	0	1	242
CY207738.1	258	1231	1	0	1	258
CY207738.1	263	1237	1	0	1	263
CY207738.1	276	493	1	0	1	276
CY207738.1	284	1626	1	0	1	284
CY207738.1	286	1808	2	0	2	286
CY207738.1	288	331	1	0	1	288
CY207738.1	288	407	1	0	1	288
CY207738.1	289	1242	1	0	1	289
CY207738.1	311	2496	0	1	1	2496
CY207738.1	322	1310	0	1	1	1310
CY207738.1	332	1228	0	2	2	1228
CY207738.1	333	2279	0	1	1	2279
CY207738.1	335	743	1	0	1	335
CY207738.1	336	1838	0	1	1	1838
CY207738.1	339	2328	0	1	1	2328
CY207738.1	344	1240	0	2	2	1240
CY207738.1	346	1330	0	5	5	1330
CY207738.1	346	2235	7	2	9	346
CY207738.1	349	929	1	0	1	349
CY207738.1	351	1129	1	1	2	351
CY207738.1	352	1755	1	0	1	352
CY207738.1	354	1402	0	1	1	1402
CY207738.1	357	2246	4	0	4	357
CY207738.1	361	2278	0	1	1	2278
CY207738.1	363	2280	17	101	118	363
CY207738.1	367	2346	8	3	11	367
CY207738.1	369	1829	0	1	1	1829
CY207738.1	375	1642	0	1	1	1642
CY207738.1	375	2393	1	0	1	375
CY207738.1	378	2270	0	1	1	2270
CY207738.1	379	1411	0	1	1	1411
CY207738.1	380	1267	0	2	2	1267
CY207738.1	382	1649	0	1	1	1649
CY207738.1	383	2359	0	1	1	2359
CY207738.1	384	1651	0	1	1	1651
CY207738.1	386	2164	0	1	1	2164
CY207738.1	390	528	1	0	1	390
CY207738.1	391	1273	0	1	1	1273
CY207738.1	395	2155	18	70	88	395
CY207738.1	395	700	0	1	1	700
CY207738.1	395	767	1	1	2	395
CY207738.1	398	1924	0	1	1	1924
CY207738.1	400	1901	0	1	1	1901
CY207738.1	401	1346	1	0	1	401
CY207738.1	403	2462	0	1	1	2462
CY207738.1	404	1808	1	0	1	404
CY207738.1	404	776	0	2	2	776
CY207738.1	407	2203	1	10	11	407
CY207738.1	408	1130	0	1	1	1130
CY207738.1	408	633	0	1	1	633
CY207738.1	414	2177	0	1	1	2177
CY207738.1	414	2221	0	3	3	2221
CY207738.1	416	1638	0	1	1	1638
CY207738.1	417	2330	0	1	1	2330
CY207738.1	419	2088	1	6	7	419
CY207738.1	424	1370	1	2	3	424
CY207738.1	430	2412	0	1	1	2412
CY207738.1	432	1392	1	0	1	432
CY207738.1	434	1216	0	1	1	1216
CY207738.1	434	792	1	0	1	434
CY207738.1	439	2360	0	1	1	2360
CY207738.1	440	1398	0	2	2	1398
CY207738.1	454	2021	0	1	1	2021
CY207738.1	455	1648	0	1	1	1648
CY207738.1	458	1665	1	0	1	458
CY207738.1	465	1672	3	2	5	465
CY207738.1	469	742	0	1	1	742
CY207738.1	469	982	1	0	1	469
CY207738.1	478	1681	0	1	1	1681
CY207738.1	481	2153	1	0	1	481
CY207738.1	483	2189	4	5	9	483
CY207738.1	493	1598	0	1	1	1598
CY207738.1	494	1422	1	0	1	494
CY207738.1	494	1710	2	0	2	494
CY207738.1	498	1423	1	0	1	498
CY207738.1	505	1223	1	0	1	505
CY207738.1	506	1233	0	1	1	1233
CY207738.1	509	2385	0	1	1	2385
CY207738.1	514	1277	0	1	1	1277
CY207738.1	519	1322	0	1	1	1322
CY207738.1	521	1980	0	1	1	1980
CY207738.1	529	1754	1	0	1	529
CY207738.1	539	1255	0	1	1	1255
CY207738.1	577	1817	2	0	2	577
CY207738.1	614	2385	1	0	1	614
CY207738.1	629	2172	3	0	3	629
CY207738.1	647	2336	0	1	1	2336
CY207738.1	655	1391	0	1	1	1391
CY207738.1	656	1662	1	0	1	656
CY207738.1	686	1154	0	1	1	1154
CY207738.1	697	1099	1	0	1	697
CY207738.1	707	1643	0	1	1	1643
CY207738.1	710	2199	0	1	1	2199
CY207738.1	718	1898	0	1	1	1898
CY207738.1	730	2043	0	1	1	2043
CY207738.1	736	1748	1	0	1	736
CY207738.1	741	1692	0	1	1	1692
CY207738.1	742	1383	0	1	1	1383
CY207738.1	742	1921	3	0	3	742
CY207738.1	757	1277	0	1	1	1277
CY207738.1	762	2071	1	0	1	762
CY207738.1	770	1498	1	0	1	770
CY207738.1	773	1296	1	0	1	773
CY207738.1	776	1700	1	0	1	776
CY207738.1	776	2223	0	2	2	2223
CY207738.1	780	1813	1	1	2	780
CY207738.1	784	1469	0	1	1	1469
CY207738.1	798	1014	0	1	1	1014
CY207738.1	798	1249	1	1	2	798
CY207738.1	798	2254	0	1	1	2254
CY207738.1	804	1482	1	0	1	804
CY207738.1	805	1398	1	0	1	805
CY207738.1	814	2377	2	0	2	814
CY207738.1	816	2086	1	0	1	816
CY207738.1	831	1547	0	1	1	1547
CY207738.1	832	2174	1	0	1	832
CY207738.1	848	1701	0	1	1	1701
CY207738.1	850	1289	0	1	1	1289
CY207738.1	850	1701	0	1	1	1701
CY207738.1	862	1234	0	1	1	1234
CY207738.1	865	2385	1	0	1	865
CY207738.1	870	2204	1	2	3	870
CY207738.1	877	1767	5	6	11	877
CY207738.1	878	1780	1	0	1	878
CY207738.1	893	2178	0	1	1	2178
CY207738.1	896	1101	5	2	7	896
CY207738.1	906	1652	1	0	1	906
CY207738.1	923	1213	0	1	1	1213
CY207738.1	926	956	1	0	1	926
CY207738.1	936	2301	0	1	1	2301
CY207738.1	945	1897	0	1	1	1897
CY207738.1	961	2296	0	1	1	2296
CY207738.1	967	2284	1	0	1	967
CY207738.1	970	1038	0	1	1	1038
CY207738.1	977	1396	1	0	1	977
CY207738.1	995	2386	1	0	1	995
CY207738.1	996	1131	0	1	1	1131
