Segment	Start	Stop	Forward_support	Reverse_support	Total_support	Fuzz_factor
CY207731.1	1021	1175	1	0	1	1021
CY207731.1	1044	1288	0	1	1	1288
CY207731.1	1064	1189	1	0	1	1064
CY207731.1	1069	1360	0	2	2	1360
CY207731.1	1071	1613	0	1	1	1613
CY207731.1	1083	1897	0	1	1	1897
CY207731.1	1100	1627	1	0	1	1100
CY207731.1	1132	1366	0	1	1	1366
CY207731.1	1162	1464	0	1	1	1464
CY207731.1	1175	1821	1	0	1	1175
CY207731.1	1217	1638	1	0	1	1217
CY207731.1	1248	1731	0	1	1	1731
CY207731.1	1323	1689	1	0	1	1323
CY207731.1	1348	1777	1	0	1	1348
CY207731.1	1353	1657	0	1	1	1657
CY207731.1	1353	1667	1	0	1	1353
CY207731.1	1356	1736	0	1	1	1736
CY207731.1	1357	1416	0	1	1	1416
CY207731.1	1363	1522	0	1	1	1522
CY207731.1	1429	1652	1	0	1	1429
CY207731.1	1431	1782	0	1	1	1782
CY207731.1	1461	1650	0	1	1	1650
CY207731.1	1463	1600	1	0	1	1463
CY207731.1	1519	1708	1	0	1	1519
CY207731.1	1538	1690	0	1	1	1690
CY207731.1	1580	1713	1	0	1	1580
CY207731.1	1599	1659	0	1	1	1659
CY207731.1	1652	1748	0	1	1	1748
CY207731.1	1654	1798	0	1	1	1798
CY207731.1	1657	1710	0	1	1	1710
CY207731.1	1664	1754	0	1	1	1754
CY207731.1	1690	1742	0	1	1	1742
CY207731.1	1701	1744	1	0	1	1701
CY207731.1	1706	1893	0	1	1	1893
CY207731.1	1708	1755	0	1	1	1755
CY207731.1	1860	1886	0	1	1	1886
CY207731.1	244	1715	1	0	1	244
CY207731.1	259	931	1	0	1	259
CY207731.1	261	1730	1	0	1	261
CY207731.1	262	290	1	0	1	262
CY207731.1	291	1578	1	0	1	291
CY207731.1	343	1182	0	1	1	1182
CY207731.1	351	902	0	1	1	902
CY207731.1	358	592	0	1	1	592
CY207731.1	359	1482	0	1	1	1482
CY207731.1	365	659	0	1	1	659
CY207731.1	368	1076	0	1	1	1076
CY207731.1	370	1263	0	1	1	1263
CY207731.1	373	1661	1	0	1	373
CY207731.1	382	755	1	0	1	382
CY207731.1	387	1736	1	0	1	387
CY207731.1	387	1904	0	1	1	1904
CY207731.1	391	583	0	1	1	583
CY207731.1	395	1150	0	1	1	1150
CY207731.1	398	1389	0	1	1	1389
CY207731.1	403	733	0	1	1	733
CY207731.1	407	1411	0	1	1	1411
CY207731.1	410	1376	0	1	1	1376
CY207731.1	418	1138	0	1	1	1138
CY207731.1	421	1390	0	1	1	1390
CY207731.1	429	693	0	1	1	693
CY207731.1	430	1797	1	0	1	430
CY207731.1	432	1900	0	1	1	1900
CY207731.1	439	770	0	1	1	770
CY207731.1	443	565	0	1	1	565
CY207731.1	445	501	0	1	1	501
CY207731.1	447	1753	1	0	1	447
CY207731.1	449	1375	1	1	2	449
CY207731.1	453	857	0	1	1	857
CY207731.1	455	487	0	1	1	487
CY207731.1	457	1040	1	0	1	457
CY207731.1	457	1591	1	0	1	457
CY207731.1	462	937	1	0	1	462
CY207731.1	465	804	1	0	1	465
CY207731.1	469	1385	0	1	1	1385
CY207731.1	471	760	0	1	1	760
CY207731.1	483	1390	0	1	1	1390
CY207731.1	485	524	1	0	1	485
CY207731.1	486	1153	0	1	1	1153
CY207731.1	499	1627	0	1	1	1627
CY207731.1	518	1607	0	1	1	1607
CY207731.1	520	1394	1	0	1	520
CY207731.1	526	1746	0	1	1	1746
CY207731.1	560	583	1	0	1	560
CY207731.1	560	998	0	1	1	998
CY207731.1	561	1018	1	0	1	561
CY207731.1	562	1396	0	1	1	1396
CY207731.1	565	1641	1	1	2	565
CY207731.1	569	1047	1	0	1	569
CY207731.1	572	705	0	1	1	705
CY207731.1	597	1017	1	0	1	597
CY207731.1	607	1261	0	1	1	1261
CY207731.1	621	662	1	0	1	621
CY207731.1	630	1283	0	1	1	1283
CY207731.1	650	1237	0	1	1	1237
CY207731.1	653	1550	1	0	1	653
CY207731.1	664	977	0	1	1	977
CY207731.1	670	1366	1	0	1	670
CY207731.1	676	1188	1	0	1	676
CY207731.1	688	723	0	1	1	723
CY207731.1	694	906	0	1	1	906
CY207731.1	696	1269	0	1	1	1269
CY207731.1	698	1186	0	1	1	1186
CY207731.1	703	1794	1	0	1	703
CY207731.1	708	1199	0	1	1	1199
CY207731.1	708	1501	0	1	1	1501
CY207731.1	711	746	1	0	1	711
CY207731.1	712	1325	1	0	1	712
CY207731.1	721	1702	1	0	1	721
CY207731.1	734	798	0	1	1	798
CY207731.1	741	1118	1	0	1	741
CY207731.1	743	1537	0	1	1	1537
CY207731.1	762	1300	0	1	1	1300
CY207731.1	774	1749	1	0	1	774
CY207731.1	811	1725	0	1	1	1725
CY207731.1	817	1875	0	1	1	1875
CY207731.1	847	1517	1	0	1	847
CY207731.1	849	1712	0	1	1	1712
CY207731.1	871	1803	1	0	1	871
CY207731.1	874	1142	0	1	1	1142
CY207731.1	880	1493	0	1	1	1493
CY207731.1	894	992	1	0	1	894
CY207731.1	895	1742	1	0	1	895
CY207731.1	896	1485	0	1	1	1485
CY207731.1	911	1763	1	0	1	911
CY207731.1	920	1200	1	0	1	920
CY207731.1	952	1512	1	0	1	952
CY207731.1	974	1305	1	0	1	974
CY207731.1	984	1060	0	1	1	1060
CY207732.1	256	572	1	1	2	256
CY207732.1	261	458	1	0	1	261
CY207732.1	268	294	1	0	1	268
CY207732.1	268	550	2	0	2	268
CY207732.1	275	848	5	0	5	275
CY207732.1	276	1097	1	0	1	276
CY207732.1	285	817	1	0	1	285
CY207732.1	311	965	0	1	1	965
CY207732.1	319	839	1	0	1	319
CY207732.1	324	380	1	0	1	324
CY207732.1	332	1158	0	1	1	1158
CY207732.1	335	751	1	0	1	335
CY207732.1	339	925	1	0	1	339
CY207732.1	347	573	0	3	3	573
CY207732.1	348	887	0	1	1	887
CY207732.1	354	571	1	0	1	354
CY207732.1	355	484	1	1	2	355
CY207732.1	358	840	0	1	1	840
CY207732.1	393	539	0	1	1	539
CY207732.1	394	470	0	1	1	470
CY207732.1	396	1002	1	0	1	396
CY207732.1	402	518	0	1	1	518
CY207732.1	403	453	0	1	1	453
CY207732.1	403	610	1	0	1	403
CY207732.1	410	1113	0	1	1	1113
CY207732.1	410	726	1	0	1	410
CY207732.1	422	1010	0	1	1	1010
CY207732.1	426	852	1	0	1	426
CY207732.1	436	468	0	1	1	468
CY207732.1	438	829	0	1	1	829
CY207732.1	438	948	0	1	1	948
CY207732.1	442	831	0	1	1	831
CY207732.1	443	538	0	1	1	538
CY207732.1	444	498	1	0	1	444
CY207732.1	445	1092	0	1	1	1092
CY207732.1	445	841	0	1	1	841
CY207732.1	445	863	1	1	2	445
CY207732.1	453	977	0	1	1	977
CY207732.1	457	529	0	1	1	529
CY207732.1	460	993	1	0	1	460
CY207732.1	462	1019	0	1	1	1019
CY207732.1	462	1050	0	1	1	1050
CY207732.1	463	877	0	1	1	877
CY207732.1	467	1143	0	1	1	1143
CY207732.1	468	966	1	0	1	468
CY207732.1	471	909	1	0	1	471
CY207732.1	485	791	0	1	1	791
CY207732.1	500	1104	0	1	1	1104
CY207732.1	532	666	0	1	1	666
CY207732.1	536	769	0	1	1	769
CY207732.1	566	622	0	1	1	622
CY207732.1	577	849	0	1	1	849
CY207732.1	585	802	1	0	1	585
CY207732.1	589	862	0	1	1	862
CY207732.1	595	704	1	0	1	595
CY207732.1	601	838	1	0	1	601
CY207732.1	620	1166	0	1	1	1166
CY207732.1	624	804	1	0	1	624
CY207732.1	626	1051	1	0	1	626
CY207732.1	627	1061	0	1	1	1061
CY207732.1	639	807	1	0	1	639
CY207732.1	654	964	0	1	1	964
CY207732.1	672	747	1	0	1	672
CY207732.1	683	1009	1	0	1	683
CY207732.1	685	839	0	1	1	839
CY207732.1	718	860	0	3	3	860
CY207732.1	735	889	1	0	1	735
CY207732.1	753	859	0	1	1	859
CY207732.1	776	853	1	0	1	776
CY207732.1	781	910	0	1	1	910
CY207732.1	797	1047	0	1	1	1047
CY207732.1	797	954	0	1	1	954
CY207732.1	805	1174	0	1	1	1174
CY207732.1	836	1132	0	1	1	1132
CY207732.1	879	959	0	1	1	959
CY207732.1	903	1146	0	1	1	1146
CY207732.1	921	1041	0	1	1	1041
CY207732.1	933	1019	0	1	1	1019
CY207732.1	948	1066	1	0	1	948
CY207733.1	1058	1523	1	0	1	1058
CY207733.1	1098	1284	0	1	1	1284
CY207733.1	1237	1597	0	1	1	1597
CY207733.1	1263	1308	1	0	1	1263
CY207733.1	1301	1499	1	0	1	1301
CY207733.1	1328	1431	0	1	1	1431
CY207733.1	1341	1371	0	1	1	1371
CY207733.1	1362	1543	0	1	1	1543
CY207733.1	1417	1569	0	1	1	1569
CY207733.1	1531	1605	0	1	1	1605
CY207733.1	236	1129	1	0	1	236
CY207733.1	242	1226	1	0	1	242
CY207733.1	245	1229	1	0	1	245
CY207733.1	248	1482	1	0	1	248
CY207733.1	251	1152	1	0	1	251
CY207733.1	269	1237	1	0	1	269
CY207733.1	271	1437	1	0	1	271
CY207733.1	273	1462	1	0	1	273
CY207733.1	277	1375	1	0	1	277
CY207733.1	278	378	1	0	1	278
CY207733.1	283	1422	1	0	1	283
CY207733.1	283	560	1	0	1	283
CY207733.1	318	784	0	1	1	784
CY207733.1	327	1396	1	0	1	327
CY207733.1	367	1027	0	1	1	1027
CY207733.1	382	1004	0	1	1	1004
CY207733.1	400	1416	1	0	1	400
CY207733.1	400	1595	0	1	1	1595
CY207733.1	406	822	0	1	1	822
CY207733.1	409	855	1	0	1	409
CY207733.1	412	644	0	1	1	644
CY207733.1	426	751	0	1	1	751
CY207733.1	474	777	0	1	1	777
CY207733.1	485	895	0	1	1	895
CY207733.1	489	723	1	0	1	489
CY207733.1	490	888	0	1	1	888
CY207733.1	497	1528	0	1	1	1528
CY207733.1	497	1577	0	1	1	1577
CY207733.1	517	819	0	1	1	819
CY207733.1	520	618	0	1	1	618
CY207733.1	545	942	0	1	1	942
CY207733.1	550	625	0	1	1	625
CY207733.1	599	1216	0	1	1	1216
CY207733.1	619	1084	1	0	1	619
CY207733.1	645	706	1	0	1	645
CY207733.1	686	1281	1	0	1	686
CY207733.1	694	734	1	0	1	694
CY207733.1	695	1287	0	1	1	1287
CY207733.1	763	1008	0	1	1	1008
CY207733.1	780	1102	1	0	1	780
CY207733.1	781	867	0	1	1	867
CY207733.1	788	1225	0	1	1	1225
CY207733.1	791	909	1	0	1	791
CY207733.1	799	1298	0	1	1	1298
CY207733.1	877	1117	1	0	1	877
CY207733.1	884	1335	0	1	1	1335
CY207733.1	899	1049	1	0	1	899
CY207733.1	935	1509	0	1	1	1509
CY207733.1	937	978	1	0	1	937
CY207733.1	952	1030	0	1	1	1030
CY207733.1	954	1032	1	0	1	954
CY207733.1	954	1171	1	0	1	954
CY207733.1	954	987	1	0	1	954
CY207733.1	974	1359	1	0	1	974
CY207733.1	997	1448	0	1	1	1448
CY207734.1	1000	1442	0	1	1	1442
CY207734.1	1006	1047	0	1	1	1047
CY207734.1	1021	1182	1	0	1	1021
CY207734.1	1114	1567	0	1	1	1567
CY207734.1	1287	1560	0	1	1	1560
CY207734.1	1333	1487	0	1	1	1487
CY207734.1	1340	1478	0	1	1	1478
CY207734.1	1355	1422	1	0	1	1355
CY207734.1	1360	1685	0	1	1	1685
CY207734.1	1364	1564	0	1	1	1564
CY207734.1	1368	1607	0	1	1	1607
CY207734.1	1421	1588	0	1	1	1588
CY207734.1	1441	1545	2	0	2	1441
CY207734.1	1442	1566	0	1	1	1566
CY207734.1	1580	1697	0	1	1	1697
CY207734.1	1589	1695	0	1	1	1695
CY207734.1	1604	1725	0	1	1	1725
CY207734.1	1647	1686	0	1	1	1686
CY207734.1	244	445	1	0	1	244
CY207734.1	246	1370	1	0	1	246
CY207734.1	255	1361	1	0	1	255
CY207734.1	270	1127	1	0	1	270
CY207734.1	270	1491	1	0	1	270
CY207734.1	275	805	1	0	1	275
CY207734.1	279	1404	1	0	1	279
CY207734.1	280	1526	1	0	1	280
CY207734.1	282	764	1	0	1	282
CY207734.1	282	803	1	0	1	282
CY207734.1	290	1560	1	0	1	290
CY207734.1	320	358	0	1	1	358
CY207734.1	334	585	0	1	1	585
CY207734.1	339	1502	0	1	1	1502
CY207734.1	357	1496	0	1	1	1496
CY207734.1	359	1467	0	2	2	1467
CY207734.1	367	1241	0	1	1	1241
CY207734.1	369	1564	0	1	1	1564
CY207734.1	380	1068	0	1	1	1068
CY207734.1	389	1100	0	1	1	1100
CY207734.1	409	1236	1	0	1	409
CY207734.1	411	1719	0	1	1	1719
CY207734.1	417	629	0	1	1	629
CY207734.1	420	1512	0	1	1	1512
CY207734.1	426	1285	1	0	1	426
CY207734.1	429	715	1	0	1	429
CY207734.1	430	580	0	1	1	580
CY207734.1	449	1632	0	1	1	1632
CY207734.1	453	1404	0	1	1	1404
CY207734.1	472	950	0	1	1	950
CY207734.1	474	1320	0	1	1	1320
CY207734.1	491	881	0	1	1	881
CY207734.1	498	1399	0	1	1	1399
CY207734.1	508	1498	1	0	1	508
CY207734.1	512	761	0	1	1	761
CY207734.1	521	1422	2	0	2	521
CY207734.1	521	841	2	0	2	521
CY207734.1	525	1149	0	1	1	1149
CY207734.1	535	972	1	0	1	535
CY207734.1	540	1326	0	1	1	1326
CY207734.1	554	721	0	1	1	721
CY207734.1	571	731	0	1	1	731
CY207734.1	576	1373	1	0	1	576
CY207734.1	581	949	0	1	1	949
CY207734.1	594	1555	1	0	1	594
CY207734.1	596	1349	0	1	1	1349
CY207734.1	600	790	0	1	1	790
CY207734.1	623	1239	0	1	1	1239
CY207734.1	648	874	0	1	1	874
CY207734.1	654	1093	1	0	1	654
CY207734.1	656	1615	1	0	1	656
CY207734.1	664	1003	0	1	1	1003
CY207734.1	685	1448	1	0	1	685
CY207734.1	707	809	0	1	1	809
CY207734.1	712	1384	0	1	1	1384
CY207734.1	719	863	0	1	1	863
CY207734.1	721	944	1	0	1	721
CY207734.1	800	1670	0	1	1	1670
CY207734.1	828	1604	1	0	1	828
CY207734.1	833	1511	1	0	1	833
CY207734.1	845	964	0	1	1	964
CY207734.1	866	904	1	0	1	866
CY207734.1	868	1520	1	0	1	868
CY207734.1	901	1202	0	1	1	1202
CY207734.1	901	1349	0	1	1	1349
CY207734.1	906	1345	0	1	1	1345
CY207734.1	907	1054	0	1	1	1054
CY207734.1	923	1102	0	1	1	1102
CY207734.1	935	1395	0	1	1	1395
CY207734.1	947	1018	1	0	1	947
CY207734.1	961	1250	0	1	1	1250
CY207734.1	971	1042	1	0	1	971
CY207734.1	972	1203	0	1	1	1203
CY207734.1	992	1180	1	0	1	992
CY207734.1	996	1622	1	0	1	996
CY207735.1	236	732	2	0	2	236
CY207735.1	244	379	1	0	1	244
CY207735.1	283	934	1	0	1	283
CY207735.1	287	581	1	0	1	287
CY207735.1	342	576	2	1	3	342
CY207735.1	349	843	1	0	1	349
CY207735.1	430	842	0	1	1	842
CY207735.1	457	480	1	0	1	457
CY207735.1	461	563	0	1	1	563
CY207735.1	482	672	0	1	1	672
CY207735.1	491	615	1	0	1	491
CY207735.1	496	558	1	0	1	496
CY207735.1	499	729	2	0	2	499
CY207735.1	511	740	18	42	60	511
CY207735.1	519	746	1	4	5	519
CY207735.1	522	749	0	1	1	749
CY207735.1	623	721	0	1	1	721
CY207735.1	653	865	0	1	1	865
CY207735.1	920	976	0	1	1	976
CY207736.1	1046	1979	1	0	1	1046
CY207736.1	1071	1978	1	0	1	1071
CY207736.1	1083	1786	0	1	1	1786
CY207736.1	1092	2294	0	2	2	2294
CY207736.1	1095	2005	1	1	2	1095
CY207736.1	1100	1604	0	1	1	1604
CY207736.1	1106	2374	0	1	1	2374
CY207736.1	1120	1572	1	0	1	1120
CY207736.1	1123	2318	0	1	1	2318
CY207736.1	1147	1601	1	0	1	1147
CY207736.1	1209	1957	0	1	1	1957
CY207736.1	1215	1520	0	1	1	1520
CY207736.1	1216	1981	0	1	1	1981
CY207736.1	1223	1648	0	1	1	1648
CY207736.1	1255	2292	0	1	1	2292
CY207736.1	1256	2346	0	1	1	2346
CY207736.1	1257	1525	1	0	1	1257
CY207736.1	1258	1647	0	1	1	1647
CY207736.1	1259	1936	1	0	1	1259
CY207736.1	1259	2120	0	1	1	2120
CY207736.1	1285	1723	0	1	1	1723
CY207736.1	1332	2239	1	0	1	1332
CY207736.1	1343	1608	1	0	1	1343
CY207736.1	1394	1820	0	1	1	1820
CY207736.1	1404	1840	0	2	2	1840
CY207736.1	1427	1612	0	1	1	1612
CY207736.1	1442	2093	1	0	1	1442
CY207736.1	1446	1958	1	0	1	1446
CY207736.1	1448	2299	0	1	1	2299
CY207736.1	1462	1900	0	1	1	1900
CY207736.1	1483	1984	0	1	1	1984
CY207736.1	1510	2002	1	0	1	1510
CY207736.1	1511	1844	1	0	1	1511
CY207736.1	1514	1656	0	1	1	1656
CY207736.1	1517	2051	0	1	1	2051
CY207736.1	1527	2293	0	1	1	2293
CY207736.1	1544	2007	0	1	1	2007
CY207736.1	1545	2294	0	1	1	2294
CY207736.1	1550	2192	0	1	1	2192
CY207736.1	1560	1640	1	0	1	1560
CY207736.1	1566	1995	1	1	2	1566
CY207736.1	1568	1689	0	1	1	1689
CY207736.1	1573	1848	0	1	1	1848
CY207736.1	1598	1742	0	1	1	1742
CY207736.1	1606	2066	0	1	1	2066
CY207736.1	1690	2203	1	0	1	1690
CY207736.1	1697	1739	0	1	1	1739
CY207736.1	1705	2209	0	1	1	2209
CY207736.1	1737	1829	1	0	1	1737
CY207736.1	1739	2266	1	0	1	1739
CY207736.1	1749	1917	0	1	1	1917
CY207736.1	1785	1882	1	0	1	1785
CY207736.1	1789	2006	1	2	3	1789
CY207736.1	1813	1871	0	1	1	1871
CY207736.1	1822	2129	1	0	1	1822
CY207736.1	1822	2244	1	0	1	1822
CY207736.1	1833	2207	1	0	1	1833
CY207736.1	1857	2086	0	1	1	2086
CY207736.1	1863	2221	1	0	1	1863
CY207736.1	1953	2361	0	1	1	2361
CY207736.1	2013	2074	0	1	1	2074
CY207736.1	2013	2200	1	0	1	2013
CY207736.1	2040	2065	1	0	1	2040
CY207736.1	2083	2175	0	1	1	2175
CY207736.1	2109	2153	0	1	1	2153
CY207736.1	2121	2145	1	1	2	2121
CY207736.1	2255	2354	0	1	1	2354
CY207736.1	241	287	1	0	1	241
CY207736.1	248	2062	2	0	2	248
CY207736.1	262	849	1	0	1	262
CY207736.1	282	1398	1	0	1	282
CY207736.1	282	2155	1	1	2	282
CY207736.1	282	334	1	0	1	282
CY207736.1	286	309	1	0	1	286
CY207736.1	287	2005	1	0	1	287
CY207736.1	289	2033	1	0	1	289
CY207736.1	300	339	1	0	1	300
CY207736.1	303	2132	0	5	5	2132
CY207736.1	310	363	1	0	1	310
CY207736.1	312	949	0	1	1	949
CY207736.1	330	2215	0	1	1	2215
CY207736.1	335	2142	0	1	1	2142
CY207736.1	335	2157	0	1	1	2157
CY207736.1	335	2162	0	1	1	2162
CY207736.1	360	2063	0	1	1	2063
CY207736.1	363	1574	1	0	1	363
CY207736.1	369	2032	0	1	1	2032
CY207736.1	375	2136	0	1	1	2136
CY207736.1	383	2163	0	1	1	2163
CY207736.1	385	2096	0	1	1	2096
CY207736.1	386	429	0	1	1	429
CY207736.1	386	673	0	1	1	673
CY207736.1	390	2156	0	3	3	2156
CY207736.1	399	1729	0	1	1	1729
CY207736.1	400	795	1	0	1	400
CY207736.1	402	444	0	1	1	444
CY207736.1	402	863	0	1	1	863
CY207736.1	403	2064	0	2	2	2064
CY207736.1	403	945	1	0	1	403
CY207736.1	404	2164	0	1	1	2164
CY207736.1	405	2112	0	2	2	2112
CY207736.1	406	2156	0	1	1	2156
CY207736.1	407	1568	0	1	1	1568
CY207736.1	407	1842	0	1	1	1842
CY207736.1	407	2134	1	0	1	407
CY207736.1	409	2148	0	1	1	2148
CY207736.1	410	2154	0	1	1	2154
CY207736.1	423	1308	1	0	1	423
CY207736.1	435	863	0	1	1	863
CY207736.1	460	912	1	0	1	460
CY207736.1	463	748	1	0	1	463
CY207736.1	466	2064	0	2	2	2064
CY207736.1	471	1820	1	0	1	471
CY207736.1	477	2063	1	0	1	477
CY207736.1	479	2258	0	1	1	2258
CY207736.1	484	2089	0	1	1	2089
CY207736.1	490	2028	0	1	1	2028
CY207736.1	491	2031	0	2	2	2031
CY207736.1	493	539	1	0	1	493
CY207736.1	499	1945	2	0	2	499
CY207736.1	502	1834	0	1	1	1834
CY207736.1	502	2107	1	0	1	502
CY207736.1	503	2049	0	1	1	2049
CY207736.1	512	2028	0	1	1	2028
CY207736.1	512	2030	40	26	66	512
CY207736.1	512	2032	1	0	1	512
CY207736.1	512	2148	1	0	1	512
CY207736.1	517	1427	1	0	1	517
CY207736.1	540	2145	1	0	1	540
CY207736.1	541	1940	0	1	1	1940
CY207736.1	564	904	1	0	1	564
CY207736.1	565	1474	1	0	1	565
CY207736.1	574	1733	0	1	1	1733
CY207736.1	574	2175	0	1	1	2175
CY207736.1	581	2000	1	0	1	581
CY207736.1	584	2000	1	0	1	584
CY207736.1	584	912	1	0	1	584
CY207736.1	586	1843	1	0	1	586
CY207736.1	593	1477	0	1	1	1477
CY207736.1	596	2002	3	0	3	596
CY207736.1	597	1979	1	0	1	597
CY207736.1	616	2028	1	0	1	616
CY207736.1	628	1850	1	0	1	628
CY207736.1	631	1059	1	0	1	631
CY207736.1	636	1719	0	1	1	1719
CY207736.1	638	1891	0	1	1	1891
CY207736.1	643	1753	0	1	1	1753
CY207736.1	666	1002	1	0	1	666
CY207736.1	676	902	0	1	1	902
CY207736.1	678	1270	0	1	1	1270
CY207736.1	678	1955	2	3	5	678
CY207736.1	679	1956	1	0	1	679
CY207736.1	679	2002	0	1	1	2002
CY207736.1	680	1166	0	1	1	1166
CY207736.1	683	1777	0	1	1	1777
CY207736.1	689	771	1	1	2	689
CY207736.1	695	872	1	0	1	695
CY207736.1	699	1376	1	0	1	699
CY207736.1	699	1691	0	1	1	1691
CY207736.1	699	1995	1	0	1	699
CY207736.1	707	1988	1	0	1	707
CY207736.1	709	1939	0	1	1	1939
CY207736.1	723	1994	5	2	7	723
CY207736.1	724	2074	1	0	1	724
CY207736.1	726	1972	1	0	1	726
CY207736.1	726	2003	0	1	1	2003
CY207736.1	728	2279	0	1	1	2279
CY207736.1	733	1997	0	1	1	1997
CY207736.1	759	2040	0	1	1	2040
CY207736.1	767	1952	1	0	1	767
CY207736.1	776	1982	0	1	1	1982
CY207736.1	810	1293	1	0	1	810
CY207736.1	814	1710	1	0	1	814
CY207736.1	816	1494	0	1	1	1494
CY207736.1	820	1731	6	0	6	820
CY207736.1	830	1753	1	0	1	830
CY207736.1	840	1089	1	0	1	840
CY207736.1	841	1651	0	1	1	1651
CY207736.1	850	2228	1	0	1	850
CY207736.1	853	2201	1	0	1	853
CY207736.1	893	1198	0	1	1	1198
CY207736.1	894	2354	0	1	1	2354
CY207736.1	902	2001	0	1	1	2001
CY207736.1	909	1075	0	1	1	1075
CY207736.1	917	1671	1	0	1	917
CY207736.1	928	1730	0	1	1	1730
CY207736.1	947	1652	2	0	2	947
CY207736.1	996	1822	1	0	1	996
CY207737.1	1015	2106	1	0	1	1015
CY207737.1	1027	1766	0	1	1	1766
CY207737.1	1057	1167	0	1	1	1167
CY207737.1	1085	1580	1	0	1	1085
CY207737.1	1109	2091	1	0	1	1109
CY207737.1	1132	1419	1	0	1	1132
CY207737.1	1160	2064	1	0	1	1160
CY207737.1	1171	1724	0	1	1	1724
CY207737.1	1176	1628	0	1	1	1628
CY207737.1	1176	2311	0	1	1	2311
CY207737.1	1177	1956	1	0	1	1177
CY207737.1	1178	2116	1	0	1	1178
CY207737.1	1202	2457	0	1	1	2457
CY207737.1	1224	1511	0	1	1	1511
CY207737.1	1229	1581	0	1	1	1581
CY207737.1	1239	1350	1	0	1	1239
CY207737.1	1268	1321	0	1	1	1321
CY207737.1	1273	2059	0	1	1	2059
CY207737.1	1282	1744	1	0	1	1282
CY207737.1	1305	2276	0	1	1	2276
CY207737.1	1306	1328	0	1	1	1328
CY207737.1	1306	2043	1	0	1	1306
CY207737.1	1346	1688	1	0	1	1346
CY207737.1	1347	1610	1	0	1	1347
CY207737.1	1371	1662	1	0	1	1371
CY207737.1	1372	1647	0	1	1	1647
CY207737.1	1375	2365	1	0	1	1375
CY207737.1	1508	2128	0	1	1	2128
CY207737.1	1531	2230	1	0	1	1531
CY207737.1	1564	2235	1	0	1	1564
CY207737.1	1574	1606	1	0	1	1574
CY207737.1	1657	1772	1	0	1	1657
CY207737.1	1971	2464	0	1	1	2464
CY207737.1	2039	2227	0	1	1	2227
CY207737.1	2093	2214	1	0	1	2093
CY207737.1	2204	2261	2	0	2	2204
CY207737.1	2262	2447	0	1	1	2447
CY207737.1	2282	2304	1	0	1	2282
CY207737.1	238	318	1	0	1	238
CY207737.1	2425	2449	0	1	1	2449
CY207737.1	242	2168	1	0	1	242
CY207737.1	244	1206	1	0	1	244
CY207737.1	251	719	1	0	1	251
CY207737.1	254	1647	1	0	1	254
CY207737.1	271	2238	1	0	1	271
CY207737.1	287	2110	1	0	1	287
CY207737.1	287	731	1	0	1	287
CY207737.1	288	2322	1	0	1	288
CY207737.1	288	364	1	0	1	288
CY207737.1	291	2015	1	0	1	291
CY207737.1	323	2012	2	0	2	323
CY207737.1	330	2290	1	0	1	330
CY207737.1	355	2334	0	1	1	2334
CY207737.1	360	2322	2	1	3	360
CY207737.1	364	2394	1	0	1	364
CY207737.1	378	1275	1	0	1	378
CY207737.1	387	418	1	0	1	387
CY207737.1	388	2355	1	1	2	388
CY207737.1	390	2245	1	0	1	390
CY207737.1	422	721	1	0	1	422
CY207737.1	429	980	1	0	1	429
CY207737.1	433	2287	1	0	1	433
CY207737.1	466	2201	0	2	2	2201
CY207737.1	479	1130	1	0	1	479
CY207737.1	491	707	1	0	1	491
CY207737.1	495	1066	1	0	1	495
CY207737.1	544	2104	1	0	1	544
CY207737.1	551	1401	1	0	1	551
CY207737.1	574	2284	1	0	1	574
CY207737.1	584	931	0	1	1	931
CY207737.1	587	1368	0	1	1	1368
CY207737.1	607	2227	0	1	1	2227
CY207737.1	609	1159	1	0	1	609
CY207737.1	617	2104	0	1	1	2104
CY207737.1	625	2180	1	0	1	625
CY207737.1	642	1746	1	0	1	642
CY207737.1	645	1793	1	0	1	645
CY207737.1	651	1749	1	0	1	651
CY207737.1	674	2019	1	0	1	674
CY207737.1	678	1553	1	0	1	678
CY207737.1	692	1039	1	0	1	692
CY207737.1	694	1927	1	0	1	694
CY207737.1	706	1992	0	1	1	1992
CY207737.1	785	1166	0	1	1	1166
CY207737.1	791	2127	0	1	1	2127
CY207737.1	793	1748	0	1	1	1748
CY207737.1	795	1223	1	0	1	795
CY207737.1	838	1810	0	1	1	1810
CY207737.1	865	1651	0	1	1	1651
CY207737.1	883	1794	1	0	1	883
CY207737.1	891	916	0	1	1	916
CY207737.1	934	1911	1	0	1	934
CY207737.1	935	2342	1	0	1	935
CY207737.1	936	2099	1	0	1	936
CY207737.1	938	1799	0	1	1	1799
CY207738.1	1005	1387	0	1	1	1387
CY207738.1	1042	1754	0	1	1	1754
CY207738.1	1062	2248	1	2	3	1062
CY207738.1	1063	1769	0	1	1	1769
CY207738.1	1073	2447	0	1	1	2447
CY207738.1	1076	1384	1	0	1	1076
CY207738.1	1081	1298	0	1	1	1298
CY207738.1	1095	2118	0	1	1	2118
CY207738.1	1105	1982	0	1	1	1982
CY207738.1	1108	1638	0	1	1	1638
CY207738.1	1117	1259	1	0	1	1117
CY207738.1	1124	2330	2	0	2	1124
CY207738.1	1147	1847	0	1	1	1847
CY207738.1	1159	1336	1	0	1	1159
CY207738.1	1169	1493	1	0	1	1169
CY207738.1	1191	2123	1	0	1	1191
CY207738.1	1199	1694	1	0	1	1199
CY207738.1	1217	1278	1	0	1	1217
CY207738.1	1253	1664	0	1	1	1664
CY207738.1	1299	1422	1	0	1	1299
CY207738.1	1299	1914	0	1	1	1914
CY207738.1	1314	2273	1	0	1	1314
CY207738.1	1365	2215	0	1	1	2215
CY207738.1	1367	2356	0	1	1	2356
CY207738.1	1375	1765	0	1	1	1765
CY207738.1	1393	1721	0	1	1	1721
CY207738.1	1393	2016	0	1	1	2016
CY207738.1	1393	2367	0	1	1	2367
CY207738.1	1429	2048	1	0	1	1429
CY207738.1	1462	1817	1	0	1	1462
CY207738.1	1474	2206	0	1	1	2206
CY207738.1	1491	1545	1	0	1	1491
CY207738.1	1517	2456	0	1	1	2456
CY207738.1	1527	1618	1	0	1	1527
CY207738.1	1547	2238	0	1	1	2238
CY207738.1	1602	1754	0	1	1	1754
CY207738.1	1603	1796	0	1	1	1796
CY207738.1	1627	2302	0	1	1	2302
CY207738.1	1647	2378	0	1	1	2378
CY207738.1	1649	1914	0	1	1	1914
CY207738.1	1655	1952	1	0	1	1655
CY207738.1	1686	2215	1	0	1	1686
CY207738.1	1711	1956	1	0	1	1711
CY207738.1	1714	1935	0	1	1	1935
CY207738.1	1722	2238	1	0	1	1722
CY207738.1	1737	1957	0	1	1	1957
CY207738.1	1749	2128	0	1	1	2128
CY207738.1	1827	2270	0	1	1	2270
CY207738.1	1855	2459	0	1	1	2459
CY207738.1	1856	1884	0	1	1	1884
CY207738.1	1919	1992	1	0	1	1919
CY207738.1	1956	2176	0	1	1	2176
CY207738.1	2039	2415	0	1	1	2415
CY207738.1	2080	2184	0	1	1	2184
CY207738.1	2172	2286	0	1	1	2286
CY207738.1	2256	2326	1	0	1	2256
CY207738.1	239	2066	1	0	1	239
CY207738.1	244	800	1	0	1	244
CY207738.1	258	1427	1	0	1	258
CY207738.1	263	1846	1	0	1	263
CY207738.1	273	2016	1	0	1	273
CY207738.1	278	1126	1	0	1	278
CY207738.1	282	1356	1	0	1	282
CY207738.1	284	2303	2	0	2	284
CY207738.1	284	2304	1	0	1	284
CY207738.1	287	2030	2	0	2	287
CY207738.1	323	2218	1	0	1	323
CY207738.1	331	474	1	0	1	331
CY207738.1	346	1330	0	1	1	1330
CY207738.1	346	372	0	1	1	372
CY207738.1	351	1771	0	1	1	1771
CY207738.1	367	2234	0	1	1	2234
CY207738.1	367	2313	1	11	12	367
CY207738.1	367	2347	0	1	1	2347
CY207738.1	370	1382	0	1	1	1382
CY207738.1	371	2217	0	1	1	2217
CY207738.1	373	2341	0	1	1	2341
CY207738.1	374	2313	1	0	1	374
CY207738.1	380	2179	0	1	1	2179
CY207738.1	380	578	0	1	1	578
CY207738.1	381	530	0	1	1	530
CY207738.1	383	1803	0	1	1	1803
CY207738.1	385	1780	0	1	1	1780
CY207738.1	389	1548	1	0	1	389
CY207738.1	397	1454	0	1	1	1454
CY207738.1	400	1183	0	1	1	1183
CY207738.1	412	824	1	0	1	412
CY207738.1	415	2300	1	5	6	415
CY207738.1	416	1698	0	1	1	1698
CY207738.1	416	2262	0	1	1	2262
CY207738.1	418	2248	0	1	1	2248
CY207738.1	421	1422	0	1	1	1422
CY207738.1	421	2468	0	1	1	2468
CY207738.1	446	647	0	1	1	647
CY207738.1	447	1655	1	0	1	447
CY207738.1	449	2134	1	0	1	449
CY207738.1	451	1508	0	1	1	1508
CY207738.1	458	1935	0	1	1	1935
CY207738.1	471	495	0	1	1	495
CY207738.1	474	726	1	0	1	474
CY207738.1	476	2000	1	0	1	476
CY207738.1	477	2283	1	0	1	477
CY207738.1	482	2212	0	1	1	2212
CY207738.1	487	2300	1	0	1	487
CY207738.1	490	2210	1	0	1	490
CY207738.1	492	2143	1	0	1	492
CY207738.1	494	2115	0	13	13	2115
CY207738.1	495	2318	34	14	48	495
CY207738.1	504	2080	1	0	1	504
CY207738.1	513	1345	0	1	1	1345
CY207738.1	519	1557	0	1	1	1557
CY207738.1	521	2479	0	1	1	2479
CY207738.1	522	2142	1	0	1	522
CY207738.1	528	2169	1	0	1	528
CY207738.1	530	997	1	0	1	530
CY207738.1	532	568	0	1	1	568
CY207738.1	541	2054	1	0	1	541
CY207738.1	565	1034	1	0	1	565
CY207738.1	567	1330	0	1	1	1330
CY207738.1	568	1303	1	0	1	568
CY207738.1	577	1817	1	0	1	577
CY207738.1	580	970	0	1	1	970
CY207738.1	604	669	0	1	1	669
CY207738.1	605	921	1	0	1	605
CY207738.1	614	736	0	1	1	736
CY207738.1	650	1378	0	1	1	1378
CY207738.1	651	820	0	1	1	820
CY207738.1	671	1544	0	1	1	1544
CY207738.1	732	958	1	0	1	732
CY207738.1	742	2031	1	0	1	742
CY207738.1	745	2304	0	1	1	2304
CY207738.1	779	1510	1	0	1	779
CY207738.1	784	1342	0	1	1	1342
CY207738.1	797	2325	1	1	2	797
CY207738.1	799	1971	0	1	1	1971
CY207738.1	823	1198	0	1	1	1198
CY207738.1	831	1731	0	1	1	1731
CY207738.1	842	1574	0	1	1	1574
CY207738.1	844	1084	1	0	1	844
CY207738.1	845	1478	0	1	1	1478
CY207738.1	865	2233	0	1	1	2233
CY207738.1	887	1673	0	1	1	1673
CY207738.1	896	1101	3	0	3	896
CY207738.1	902	2013	0	1	1	2013
CY207738.1	919	1616	1	0	1	919
CY207738.1	928	1628	1	0	1	928
CY207738.1	932	1200	0	1	1	1200
CY207738.1	942	1624	1	0	1	942
CY207738.1	959	2184	1	0	1	959
CY207738.1	970	1406	1	0	1	970
CY207738.1	971	1488	1	0	1	971
CY207738.1	976	1760	0	1	1	1760
CY207738.1	981	1926	1	0	1	981
CY207738.1	993	1744	0	1	1	1744
