Segment	Start	Stop	Forward_support	Reverse_support	Total_support	Fuzz_factor
CY207731.1	1008	1622	1	0	1	1008
CY207731.1	1023	1837	1	0	1	1023
CY207731.1	1041	1632	1	0	1	1041
CY207731.1	1082	1594	1	0	1	1082
CY207731.1	1102	1717	1	0	1	1102
CY207731.1	1103	1381	0	1	1	1381
CY207731.1	1109	1281	0	1	1	1281
CY207731.1	1120	1622	0	1	1	1622
CY207731.1	1120	1745	1	0	1	1120
CY207731.1	1127	1602	0	1	1	1602
CY207731.1	1137	1478	0	1	1	1478
CY207731.1	1139	1212	1	0	1	1139
CY207731.1	1177	1643	0	1	1	1643
CY207731.1	1200	1887	0	1	1	1887
CY207731.1	1264	1708	1	0	1	1264
CY207731.1	1299	1651	0	1	1	1651
CY207731.1	1322	1877	0	1	1	1877
CY207731.1	1325	1893	0	1	1	1893
CY207731.1	1330	1447	1	0	1	1330
CY207731.1	1346	1682	0	1	1	1682
CY207731.1	1362	1500	1	0	1	1362
CY207731.1	1363	1892	0	1	1	1892
CY207731.1	1442	1579	0	1	1	1579
CY207731.1	1504	1815	1	0	1	1504
CY207731.1	1523	1703	0	1	1	1703
CY207731.1	1528	1639	1	0	1	1528
CY207731.1	1534	1803	0	1	1	1803
CY207731.1	1537	1765	1	0	1	1537
CY207731.1	1601	1820	0	1	1	1820
CY207731.1	1644	1694	1	0	1	1644
CY207731.1	1656	1693	94	33	127	1656
CY207731.1	1678	1736	1	0	1	1678
CY207731.1	1720	1886	0	1	1	1886
CY207731.1	1725	1769	1	0	1	1725
CY207731.1	1740	1805	0	1	1	1805
CY207731.1	1755	1806	0	1	1	1806
CY207731.1	1803	1859	0	1	1	1859
CY207731.1	1874	1915	0	1	1	1915
CY207731.1	241	1377	1	0	1	241
CY207731.1	246	1093	1	0	1	246
CY207731.1	276	1820	1	0	1	276
CY207731.1	290	1571	1	0	1	290
CY207731.1	308	1324	10	15	25	308
CY207731.1	330	1185	1	0	1	330
CY207731.1	342	1691	1	0	1	342
CY207731.1	348	494	0	1	1	494
CY207731.1	353	877	1	0	1	353
CY207731.1	358	954	1	0	1	358
CY207731.1	359	1324	1	0	1	359
CY207731.1	365	570	1	0	1	365
CY207731.1	367	1475	0	1	1	1475
CY207731.1	369	1308	0	1	1	1308
CY207731.1	369	931	1	0	1	369
CY207731.1	370	1081	0	1	1	1081
CY207731.1	384	1417	0	1	1	1417
CY207731.1	385	508	0	1	1	508
CY207731.1	391	1386	0	1	1	1386
CY207731.1	398	584	0	1	1	584
CY207731.1	415	1540	0	1	1	1540
CY207731.1	421	1127	0	1	1	1127
CY207731.1	421	1300	1	0	1	421
CY207731.1	422	1297	1	0	1	422
CY207731.1	429	953	0	1	1	953
CY207731.1	430	488	0	1	1	488
CY207731.1	436	874	0	1	1	874
CY207731.1	438	1260	0	1	1	1260
CY207731.1	439	626	0	1	1	626
CY207731.1	440	1503	1	0	1	440
CY207731.1	447	478	0	1	1	478
CY207731.1	448	1816	0	1	1	1816
CY207731.1	453	877	0	1	1	877
CY207731.1	474	809	0	1	1	809
CY207731.1	481	1103	1	0	1	481
CY207731.1	482	514	0	1	1	514
CY207731.1	483	1067	1	0	1	483
CY207731.1	483	865	0	1	1	865
CY207731.1	500	1452	0	1	1	1452
CY207731.1	502	1664	0	1	1	1664
CY207731.1	509	864	1	0	1	509
CY207731.1	524	1680	1	0	1	524
CY207731.1	526	708	1	0	1	526
CY207731.1	528	1425	1	0	1	528
CY207731.1	533	1503	1	0	1	533
CY207731.1	544	1015	1	0	1	544
CY207731.1	546	1769	0	1	1	1769
CY207731.1	548	1426	0	1	1	1426
CY207731.1	570	1890	0	2	2	1890
CY207731.1	577	883	1	0	1	577
CY207731.1	585	1824	0	1	1	1824
CY207731.1	590	1775	1	0	1	590
CY207731.1	594	660	0	1	1	660
CY207731.1	616	1808	1	0	1	616
CY207731.1	639	956	1	0	1	639
CY207731.1	650	1558	0	1	1	1558
CY207731.1	667	1686	1	0	1	667
CY207731.1	673	1681	1	0	1	673
CY207731.1	689	1191	0	1	1	1191
CY207731.1	697	1066	0	1	1	1066
CY207731.1	709	1344	1	0	1	709
CY207731.1	734	1183	0	1	1	1183
CY207731.1	734	1348	0	1	1	1348
CY207731.1	743	1175	0	1	1	1175
CY207731.1	745	1775	0	1	1	1775
CY207731.1	760	1785	1	0	1	760
CY207731.1	782	1746	0	1	1	1746
CY207731.1	789	1515	1	0	1	789
CY207731.1	805	1895	0	1	1	1895
CY207731.1	809	1282	1	0	1	809
CY207731.1	817	1727	1	0	1	817
CY207731.1	819	1569	0	1	1	1569
CY207731.1	835	1627	0	1	1	1627
CY207731.1	835	1922	0	1	1	1922
CY207731.1	862	940	0	1	1	940
CY207731.1	902	1601	0	1	1	1601
CY207731.1	912	1504	0	1	1	1504
CY207731.1	919	1555	1	0	1	919
CY207731.1	934	1125	0	1	1	1125
CY207731.1	950	1217	1	0	1	950
CY207731.1	954	1449	0	1	1	1449
CY207731.1	968	1734	1	0	1	968
CY207731.1	977	1326	1	0	1	977
CY207731.1	984	1776	1	0	1	984
CY207731.1	986	1733	0	1	1	1733
CY207732.1	1017	1176	0	1	1	1176
CY207732.1	1058	1149	0	1	1	1149
CY207732.1	235	918	1	0	1	235
CY207732.1	239	421	1	0	1	239
CY207732.1	248	893	1	0	1	248
CY207732.1	251	953	1	0	1	251
CY207732.1	262	1014	1	0	1	262
CY207732.1	276	1020	1	0	1	276
CY207732.1	276	611	1	0	1	276
CY207732.1	277	1059	1	0	1	277
CY207732.1	325	997	1	0	1	325
CY207732.1	328	965	1	0	1	328
CY207732.1	341	533	0	1	1	533
CY207732.1	341	850	0	1	1	850
CY207732.1	346	406	1	0	1	346
CY207732.1	347	573	9	23	32	347
CY207732.1	355	1066	0	1	1	1066
CY207732.1	356	917	0	1	1	917
CY207732.1	371	538	1	0	1	371
CY207732.1	374	754	1	0	1	374
CY207732.1	381	490	0	1	1	490
CY207732.1	381	547	0	1	1	547
CY207732.1	382	1004	1	0	1	382
CY207732.1	384	799	0	1	1	799
CY207732.1	385	604	1	0	1	385
CY207732.1	392	1144	0	1	1	1144
CY207732.1	395	485	1	0	1	395
CY207732.1	404	899	0	1	1	899
CY207732.1	407	672	0	1	1	672
CY207732.1	421	1018	0	1	1	1018
CY207732.1	431	1158	0	1	1	1158
CY207732.1	433	853	0	1	1	853
CY207732.1	446	555	0	1	1	555
CY207732.1	452	706	0	1	1	706
CY207732.1	455	1148	0	1	1	1148
CY207732.1	455	658	0	1	1	658
CY207732.1	458	1041	0	1	1	1041
CY207732.1	458	709	0	1	1	709
CY207732.1	458	777	0	1	1	777
CY207732.1	469	918	1	0	1	469
CY207732.1	472	753	0	1	1	753
CY207732.1	473	547	0	1	1	547
CY207732.1	479	1099	0	1	1	1099
CY207732.1	485	517	1	0	1	485
CY207732.1	485	731	0	1	1	731
CY207732.1	486	927	1	0	1	486
CY207732.1	509	819	0	1	1	819
CY207732.1	512	1159	0	1	1	1159
CY207732.1	525	937	1	0	1	525
CY207732.1	527	766	0	1	1	766
CY207732.1	532	1142	0	1	1	1142
CY207732.1	535	575	0	1	1	575
CY207732.1	538	661	0	1	1	661
CY207732.1	554	712	1	0	1	554
CY207732.1	565	636	1	0	1	565
CY207732.1	567	1096	0	1	1	1096
CY207732.1	572	1084	1	0	1	572
CY207732.1	582	905	0	1	1	905
CY207732.1	586	750	1	0	1	586
CY207732.1	596	825	0	1	1	825
CY207732.1	597	782	1	0	1	597
CY207732.1	616	1024	0	1	1	1024
CY207732.1	622	1060	0	1	1	1060
CY207732.1	622	808	0	1	1	808
CY207732.1	629	958	1	0	1	629
CY207732.1	630	968	0	1	1	968
CY207732.1	648	917	0	1	1	917
CY207732.1	648	983	1	0	1	648
CY207732.1	654	1031	1	0	1	654
CY207732.1	684	932	0	1	1	932
CY207732.1	691	1138	0	1	1	1138
CY207732.1	706	1049	0	1	1	1049
CY207732.1	709	906	0	1	1	906
CY207732.1	711	742	26	68	94	711
CY207732.1	718	860	0	2	2	860
CY207732.1	730	914	1	0	1	730
CY207732.1	754	1022	0	1	1	1022
CY207732.1	759	952	0	1	1	952
CY207732.1	765	1166	0	1	1	1166
CY207732.1	782	1039	1	0	1	782
CY207732.1	787	1043	1	0	1	787
CY207732.1	788	1043	1	0	1	788
CY207732.1	797	972	1	0	1	797
CY207732.1	830	1081	0	1	1	1081
CY207732.1	872	934	1	0	1	872
CY207732.1	909	1009	1	0	1	909
CY207732.1	941	1092	0	1	1	1092
CY207732.1	941	987	1	0	1	941
CY207732.1	981	1084	1	0	1	981
CY207733.1	1079	1292	5	6	11	1079
CY207733.1	1170	1239	1	0	1	1170
CY207733.1	1248	1290	0	1	1	1290
CY207733.1	1357	1413	0	1	1	1413
CY207733.1	1359	1415	104	40	144	1359
CY207733.1	1371	1584	0	1	1	1584
CY207733.1	1389	1438	1	0	1	1389
CY207733.1	236	983	1	0	1	236
CY207733.1	245	465	1	0	1	245
CY207733.1	263	1157	1	0	1	263
CY207733.1	400	1582	0	1	1	1582
CY207733.1	430	1076	0	1	1	1076
CY207733.1	436	1255	0	1	1	1255
CY207733.1	443	1410	1	0	1	443
CY207733.1	477	1196	1	0	1	477
CY207733.1	486	1222	50	84	134	486
CY207733.1	555	1251	1	1	2	555
CY207733.1	581	1191	0	1	1	1191
CY207733.1	581	1314	0	1	1	1314
CY207733.1	606	643	1	0	1	606
CY207733.1	609	713	0	1	1	713
CY207733.1	644	740	0	1	1	740
CY207733.1	653	1374	1	0	1	653
CY207733.1	656	884	1	0	1	656
CY207733.1	673	901	1	0	1	673
CY207733.1	715	909	0	1	1	909
CY207733.1	774	1184	1	0	1	774
CY207733.1	800	1498	0	1	1	1498
CY207733.1	838	1381	0	1	1	1381
CY207733.1	838	950	0	1	1	950
CY207733.1	839	1248	1	0	1	839
CY207733.1	864	1035	1	0	1	864
CY207733.1	866	1471	1	0	1	866
CY207733.1	882	1042	1	0	1	882
CY207733.1	923	1576	0	1	1	1576
CY207733.1	958	1190	0	1	1	1190
CY207734.1	1011	1250	0	1	1	1250
CY207734.1	1027	1255	1	0	1	1027
CY207734.1	1048	1491	1	0	1	1048
CY207734.1	1115	1250	0	1	1	1250
CY207734.1	1131	1290	0	1	1	1290
CY207734.1	1144	1370	0	1	1	1370
CY207734.1	1149	1582	1	0	1	1149
CY207734.1	1166	1538	1	0	1	1166
CY207734.1	1207	1417	0	1	1	1417
CY207734.1	1274	1411	0	1	1	1411
CY207734.1	1301	1512	1	0	1	1301
CY207734.1	1327	1388	1	0	1	1327
CY207734.1	1331	1542	1	0	1	1331
CY207734.1	1350	1409	0	1	1	1409
CY207734.1	1390	1541	0	1	1	1541
CY207734.1	1395	1697	0	1	1	1697
CY207734.1	1407	1500	0	1	1	1500
CY207734.1	241	1439	1	0	1	241
CY207734.1	245	1551	1	0	1	245
CY207734.1	264	838	1	0	1	264
CY207734.1	266	1491	1	0	1	266
CY207734.1	278	760	1	0	1	278
CY207734.1	280	1496	1	0	1	280
CY207734.1	280	618	1	0	1	280
CY207734.1	281	1356	1	0	1	281
CY207734.1	290	1083	1	0	1	290
CY207734.1	305	1160	1	0	1	305
CY207734.1	315	339	1	0	1	315
CY207734.1	351	712	0	1	1	712
CY207734.1	369	1404	0	1	1	1404
CY207734.1	369	1650	0	1	1	1650
CY207734.1	370	396	0	1	1	396
CY207734.1	376	949	0	1	1	949
CY207734.1	386	470	0	1	1	470
CY207734.1	418	474	0	1	1	474
CY207734.1	419	1093	1	0	1	419
CY207734.1	421	1153	0	1	1	1153
CY207734.1	425	732	0	1	1	732
CY207734.1	437	981	0	1	1	981
CY207734.1	440	700	0	1	1	700
CY207734.1	448	739	0	1	1	739
CY207734.1	458	1494	0	1	1	1494
CY207734.1	469	1144	0	1	1	1144
CY207734.1	479	1370	0	1	1	1370
CY207734.1	483	973	0	1	1	973
CY207734.1	506	788	0	1	1	788
CY207734.1	508	1440	1	0	1	508
CY207734.1	521	1273	0	1	1	1273
CY207734.1	522	1438	0	1	1	1438
CY207734.1	525	1067	1	0	1	525
CY207734.1	526	912	0	1	1	912
CY207734.1	539	1372	1	0	1	539
CY207734.1	543	1192	1	0	1	543
CY207734.1	544	757	0	1	1	757
CY207734.1	552	736	1	0	1	552
CY207734.1	553	1370	1	0	1	553
CY207734.1	564	756	1	0	1	564
CY207734.1	577	1574	0	1	1	1574
CY207734.1	591	618	0	1	1	618
CY207734.1	592	1228	1	0	1	592
CY207734.1	592	1469	0	1	1	1469
CY207734.1	598	1163	0	1	1	1163
CY207734.1	598	639	0	1	1	639
CY207734.1	602	801	0	1	1	801
CY207734.1	615	1213	0	1	1	1213
CY207734.1	620	812	1	0	1	620
CY207734.1	636	1617	0	1	1	1617
CY207734.1	637	832	1	0	1	637
CY207734.1	648	1304	1	0	1	648
CY207734.1	673	870	1	0	1	673
CY207734.1	685	1374	1	0	1	685
CY207734.1	685	757	1	0	1	685
CY207734.1	687	1016	1	0	1	687
CY207734.1	715	763	1	0	1	715
CY207734.1	741	1522	0	1	1	1522
CY207734.1	742	847	0	1	1	847
CY207734.1	746	1344	1	0	1	746
CY207734.1	747	1275	1	0	1	747
CY207734.1	749	1107	1	0	1	749
CY207734.1	768	1184	1	0	1	768
CY207734.1	797	1090	0	1	1	1090
CY207734.1	797	1431	0	1	1	1431
CY207734.1	808	1708	0	1	1	1708
CY207734.1	816	1588	1	0	1	816
CY207734.1	835	1110	0	1	1	1110
CY207734.1	837	956	0	1	1	956
CY207734.1	840	1179	0	1	1	1179
CY207734.1	861	1190	1	0	1	861
CY207734.1	890	1604	1	0	1	890
CY207734.1	925	1042	0	1	1	1042
CY207734.1	940	995	0	1	1	995
CY207734.1	941	1319	0	1	1	1319
CY207734.1	953	1001	1	0	1	953
CY207734.1	957	1718	0	1	1	1718
CY207734.1	965	1518	0	1	1	1518
CY207734.1	970	1307	1	0	1	970
CY207734.1	978	1598	1	0	1	978
CY207734.1	980	1128	0	1	1	1128
CY207734.1	991	1710	0	1	1	1710
CY207735.1	249	288	86	4	90	249
CY207735.1	250	289	1	0	1	250
CY207735.1	256	293	1	0	1	256
CY207735.1	279	950	1	0	1	279
CY207735.1	345	1022	0	1	1	1022
CY207735.1	359	966	0	2	2	966
CY207735.1	441	696	0	1	1	696
CY207735.1	448	661	1	0	1	448
CY207735.1	470	705	0	1	1	705
CY207735.1	475	770	1	0	1	475
CY207735.1	489	666	0	1	1	666
CY207735.1	499	729	1	0	1	499
CY207735.1	508	561	0	1	1	561
CY207735.1	511	740	92	178	270	511
CY207735.1	728	803	1	0	1	728
CY207735.1	784	951	1	0	1	784
CY207736.1	1009	1719	1	0	1	1009
CY207736.1	1020	1078	0	1	1	1078
CY207736.1	1020	2261	0	1	1	2261
CY207736.1	1025	1484	0	1	1	1484
CY207736.1	1027	1863	0	1	1	1863
CY207736.1	1076	1624	1	0	1	1076
CY207736.1	1084	1148	1	0	1	1084
CY207736.1	1124	1859	0	1	1	1859
CY207736.1	1135	1305	0	1	1	1305
CY207736.1	1166	1529	0	1	1	1529
CY207736.1	1168	1872	0	1	1	1872
CY207736.1	1171	1909	1	0	1	1171
CY207736.1	1171	2351	0	1	1	2351
CY207736.1	1176	2282	0	1	1	2282
CY207736.1	1176	2340	0	1	1	2340
CY207736.1	1195	1678	1	0	1	1195
CY207736.1	1199	2378	0	1	1	2378
CY207736.1	1206	1986	1	0	1	1206
CY207736.1	1220	1782	0	1	1	1782
CY207736.1	1271	1506	1	0	1	1271
CY207736.1	1277	1971	1	0	1	1277
CY207736.1	1314	1734	0	1	1	1734
CY207736.1	1321	1762	0	1	1	1762
CY207736.1	1342	2237	0	1	1	2237
CY207736.1	1345	1875	1	0	1	1345
CY207736.1	1399	2180	0	1	1	2180
CY207736.1	1410	1908	0	1	1	1908
CY207736.1	1448	2030	1	0	1	1448
CY207736.1	1454	1956	0	1	1	1956
CY207736.1	1509	1615	1	0	1	1509
CY207736.1	1553	1773	1	0	1	1553
CY207736.1	1598	1628	1	0	1	1598
CY207736.1	1647	1714	1	0	1	1647
CY207736.1	1671	2352	0	1	1	2352
CY207736.1	1698	1863	0	1	1	1863
CY207736.1	1721	1789	22	6	28	1721
CY207736.1	1735	2190	0	1	1	2190
CY207736.1	1781	1809	0	1	1	1809
CY207736.1	1784	1975	1	0	1	1784
CY207736.1	1807	1969	0	1	1	1969
CY207736.1	1826	2067	0	1	1	2067
CY207736.1	1829	1959	28	6	34	1829
CY207736.1	1868	2030	1	0	1	1868
CY207736.1	2129	2155	59	81	140	2129
CY207736.1	2141	2171	22	27	49	2141
CY207736.1	248	878	1	0	1	248
CY207736.1	269	295	9	0	9	269
CY207736.1	271	2174	1	0	1	271
CY207736.1	272	1036	1	0	1	272
CY207736.1	277	1713	1	0	1	277
CY207736.1	284	2192	21	5	26	284
CY207736.1	288	2038	1	0	1	288
CY207736.1	290	2128	1	1	2	290
CY207736.1	310	334	1	4	5	310
CY207736.1	311	1506	2	0	2	311
CY207736.1	324	2225	24	20	44	324
CY207736.1	330	2134	1	3	4	330
CY207736.1	334	2163	5	80	85	334
CY207736.1	335	2164	0	1	1	2164
CY207736.1	347	2272	0	1	1	2272
CY207736.1	364	2171	0	2	2	2171
CY207736.1	368	1588	1	0	1	368
CY207736.1	383	2170	0	10	10	2170
CY207736.1	386	1465	0	1	1	1465
CY207736.1	387	2192	7	1	8	387
CY207736.1	393	1312	1	0	1	393
CY207736.1	393	1677	0	1	1	1677
CY207736.1	402	2143	42	228	270	402
CY207736.1	403	2148	28	151	179	403
CY207736.1	406	2174	13	31	44	406
CY207736.1	409	2156	0	1	1	2156
CY207736.1	422	1997	1	0	1	422
CY207736.1	429	2043	1	0	1	429
CY207736.1	442	2153	0	1	1	2153
CY207736.1	454	513	7	8	15	454
CY207736.1	455	2029	26	40	66	455
CY207736.1	461	520	0	1	1	520
CY207736.1	465	2085	0	1	1	2085
CY207736.1	469	1968	1	0	1	469
CY207736.1	470	2040	0	1	1	2040
CY207736.1	476	983	0	1	1	983
CY207736.1	483	2168	0	1	1	2168
CY207736.1	489	1623	1	0	1	489
CY207736.1	492	1592	1	0	1	492
CY207736.1	492	2009	30	29	59	492
CY207736.1	493	1999	34	10	44	493
CY207736.1	506	1830	115	97	212	506
CY207736.1	515	1843	0	1	1	1843
CY207736.1	530	2017	0	1	1	2017
CY207736.1	549	2034	22	9	31	549
CY207736.1	554	1334	1	0	1	554
CY207736.1	556	1869	3	0	3	556
CY207736.1	570	1097	0	1	1	1097
CY207736.1	580	1892	2	0	2	580
CY207736.1	582	1909	70	53	123	582
CY207736.1	584	1509	0	1	1	1509
CY207736.1	586	1903	86	67	153	586
CY207736.1	586	1904	1	0	1	586
CY207736.1	590	1923	0	1	1	1923
CY207736.1	592	1832	20	29	49	592
CY207736.1	594	917	1	0	1	594
CY207736.1	595	1836	0	1	1	1836
CY207736.1	595	1923	1	0	1	595
CY207736.1	598	1837	0	1	1	1837
CY207736.1	608	1864	2	0	2	608
CY207736.1	610	1864	1	0	1	610
CY207736.1	614	1868	0	1	1	1868
CY207736.1	615	745	0	1	1	745
CY207736.1	616	1870	103	89	192	616
CY207736.1	626	1881	1	1	2	626
CY207736.1	627	1889	0	1	1	1889
CY207736.1	636	782	1	0	1	636
CY207736.1	640	780	0	1	1	780
CY207736.1	645	1100	1	0	1	645
CY207736.1	646	768	1	0	1	646
CY207736.1	667	694	0	1	1	694
CY207736.1	672	1824	1	0	1	672
CY207736.1	674	1843	4	0	4	674
CY207736.1	679	1835	3	0	3	679
CY207736.1	679	1860	9	0	9	679
CY207736.1	681	1861	1	0	1	681
CY207736.1	689	771	0	1	1	771
CY207736.1	695	2066	0	1	1	2066
CY207736.1	696	779	0	1	1	779
CY207736.1	698	1100	1	0	1	698
CY207736.1	698	1875	270	333	603	698
CY207736.1	699	1876	0	1	1	1876
CY207736.1	711	1679	16	16	32	711
CY207736.1	725	1323	1	0	1	725
CY207736.1	733	1584	1	0	1	733
CY207736.1	736	1890	0	8	8	1890
CY207736.1	742	1682	0	1	1	1682
CY207736.1	755	1503	0	1	1	1503
CY207736.1	756	1999	0	1	1	1999
CY207736.1	763	1064	0	1	1	1064
CY207736.1	767	1952	0	1	1	1952
CY207736.1	771	2047	1	0	1	771
CY207736.1	777	1368	1	0	1	777
CY207736.1	777	2256	1	0	1	777
CY207736.1	779	1900	0	1	1	1900
CY207736.1	781	1521	1	0	1	781
CY207736.1	783	1612	0	1	1	1612
CY207736.1	784	1720	18	10	28	784
CY207736.1	799	1698	1	0	1	799
CY207736.1	814	1710	1	0	1	814
CY207736.1	818	1192	1	0	1	818
CY207736.1	821	1664	3	0	3	821
CY207736.1	823	1666	23	18	41	823
CY207736.1	830	1724	1	0	1	830
CY207736.1	831	1308	1	0	1	831
CY207736.1	832	1749	1	0	1	832
CY207736.1	834	952	1	0	1	834
CY207736.1	848	1759	5	0	5	848
CY207736.1	850	1760	71	69	140	850
CY207736.1	858	1767	0	1	1	1767
CY207736.1	911	1648	0	1	1	1648
CY207736.1	943	1988	1	0	1	943
CY207736.1	951	2025	0	2	2	2025
CY207736.1	951	2241	1	0	1	951
CY207736.1	954	1815	0	1	1	1815
CY207736.1	957	2248	18	3	21	957
CY207736.1	974	1037	0	1	1	1037
CY207736.1	983	1835	1	0	1	983
CY207736.1	996	1730	1	0	1	996
CY207737.1	1005	2101	0	1	1	2101
CY207737.1	1006	2240	1	0	1	1006
CY207737.1	1039	2216	0	1	1	2216
CY207737.1	1064	1091	0	1	1	1091
CY207737.1	1072	2060	0	1	1	2060
CY207737.1	1086	1943	0	1	1	1943
CY207737.1	1103	2316	1	0	1	1103
CY207737.1	1108	2313	0	1	1	2313
CY207737.1	1109	2284	1	0	1	1109
CY207737.1	1133	1921	0	1	1	1921
CY207737.1	1140	1544	0	1	1	1544
CY207737.1	1145	1585	0	1	1	1585
CY207737.1	1257	1529	0	1	1	1529
CY207737.1	1278	2383	1	0	1	1278
CY207737.1	1291	2227	1	0	1	1291
CY207737.1	1346	2359	1	0	1	1346
CY207737.1	1383	1589	1	0	1	1383
CY207737.1	1401	2226	0	1	1	2226
CY207737.1	1435	2133	0	1	1	2133
CY207737.1	1446	2079	1	0	1	1446
CY207737.1	1525	2171	0	1	1	2171
CY207737.1	1533	2097	0	1	1	2097
CY207737.1	1621	2460	0	1	1	2460
CY207737.1	1662	1933	1	0	1	1662
CY207737.1	1669	2019	1	0	1	1669
CY207737.1	1818	2114	0	1	1	2114
CY207737.1	1980	2062	1	0	1	1980
CY207737.1	2062	2366	0	1	1	2366
CY207737.1	2147	2251	1	0	1	2147
CY207737.1	2332	2359	86	34	120	2332
CY207737.1	2364	2388	0	1	1	2388
CY207737.1	266	2281	1	0	1	266
CY207737.1	276	1351	1	0	1	276
CY207737.1	325	2284	30	2	32	325
CY207737.1	352	2284	14	2	16	352
CY207737.1	353	1507	1	0	1	353
CY207737.1	361	945	0	1	1	945
CY207737.1	387	429	1	0	1	387
CY207737.1	405	2296	1	0	1	405
CY207737.1	451	2341	0	1	1	2341
CY207737.1	465	516	1	0	1	465
CY207737.1	480	2462	0	1	1	2462
CY207737.1	488	2204	1	0	1	488
CY207737.1	493	2193	0	1	1	2193
CY207737.1	515	1364	1	0	1	515
CY207737.1	524	561	0	1	1	561
CY207737.1	534	1159	1	0	1	534
CY207737.1	547	585	1	0	1	547
CY207737.1	576	1569	1	0	1	576
CY207737.1	581	2067	1	0	1	581
CY207737.1	583	1185	1	0	1	583
CY207737.1	620	894	0	1	1	894
CY207737.1	622	2280	0	1	1	2280
CY207737.1	622	2478	0	1	1	2478
CY207737.1	623	1086	0	1	1	1086
CY207737.1	647	786	1	0	1	647
CY207737.1	658	976	1	0	1	658
CY207737.1	669	1672	1	0	1	669
CY207737.1	669	2173	1	0	1	669
CY207737.1	678	2322	1	0	1	678
CY207737.1	680	2281	1	0	1	680
CY207737.1	686	1885	1	0	1	686
CY207737.1	699	1269	0	1	1	1269
CY207737.1	722	2203	0	1	1	2203
CY207737.1	731	1476	0	1	1	1476
CY207737.1	737	1876	1	0	1	737
CY207737.1	747	1950	0	1	1	1950
CY207737.1	750	1910	14	3	17	750
CY207737.1	754	1914	1	1	2	754
CY207737.1	754	1915	0	1	1	1915
CY207737.1	756	1916	361	1588	1949	756
CY207737.1	758	1918	0	9	9	1918
CY207737.1	761	1947	0	1	1	1947
CY207737.1	776	1926	0	3	3	1926
CY207737.1	779	1951	0	2	2	1951
CY207737.1	783	1949	0	3	3	1949
CY207737.1	787	1931	0	17	17	1931
CY207737.1	788	1943	0	3	3	1943
CY207737.1	795	1960	0	2	2	1960
CY207737.1	797	1979	0	1	1	1979
CY207737.1	807	1970	1	0	1	807
CY207737.1	808	1975	0	1	1	1975
CY207737.1	815	1956	1	0	1	815
CY207737.1	816	1351	1	0	1	816
CY207737.1	824	1920	1	1	2	824
CY207737.1	839	1934	0	4	4	1934
CY207737.1	841	1965	1	0	1	841
CY207737.1	871	2374	1	0	1	871
CY207737.1	895	2464	0	1	1	2464
CY207737.1	908	1905	0	1	1	1905
CY207737.1	951	2364	1	0	1	951
CY207737.1	966	1719	0	1	1	1719
CY207738.1	1026	2064	0	1	1	2064
CY207738.1	1062	1865	0	1	1	1865
CY207738.1	1071	1828	0	1	1	1828
CY207738.1	1079	1540	0	1	1	1540
CY207738.1	1102	1395	0	1	1	1395
CY207738.1	1115	2276	0	1	1	2276
CY207738.1	1125	2016	39	100	139	1125
CY207738.1	1140	2029	0	2	2	2029
CY207738.1	1151	1932	1	0	1	1151
CY207738.1	1164	1655	1	0	1	1164
CY207738.1	1170	1239	1	0	1	1170
CY207738.1	1187	2262	1	0	1	1187
CY207738.1	1222	1371	1	0	1	1222
CY207738.1	1230	2295	0	1	1	2295
CY207738.1	1248	1744	1	0	1	1248
CY207738.1	1296	1650	0	1	1	1650
CY207738.1	1309	1662	0	1	1	1662
CY207738.1	1330	1513	1	0	1	1330
CY207738.1	1352	1449	1	0	1	1352
CY207738.1	1378	1784	0	1	1	1784
CY207738.1	1426	1940	1	0	1	1426
CY207738.1	1434	1486	0	1	1	1486
CY207738.1	1563	2199	1	0	1	1563
CY207738.1	1665	2388	0	1	1	2388
CY207738.1	1679	2410	1	0	1	1679
CY207738.1	1687	1710	0	1	1	1710
CY207738.1	1824	2111	1	0	1	1824
CY207738.1	1873	2367	0	1	1	2367
CY207738.1	1962	2320	1	0	1	1962
CY207738.1	1986	2022	0	1	1	2022
CY207738.1	2005	2446	0	1	1	2446
CY207738.1	2046	2273	0	1	1	2273
CY207738.1	2099	2475	0	1	1	2475
CY207738.1	241	1292	1	0	1	241
CY207738.1	285	662	1	0	1	285
CY207738.1	289	1242	1	0	1	289
CY207738.1	302	2207	0	1	1	2207
CY207738.1	318	2349	1	0	1	318
CY207738.1	321	2331	1	0	1	321
CY207738.1	329	2274	1	0	1	329
CY207738.1	332	1228	0	1	1	1228
CY207738.1	337	2413	1	0	1	337
CY207738.1	344	1240	0	1	1	1240
CY207738.1	346	2235	1	1	2	346
CY207738.1	352	1932	0	1	1	1932
CY207738.1	355	801	0	1	1	801
CY207738.1	361	990	0	1	1	990
CY207738.1	365	2315	0	1	1	2315
CY207738.1	366	2267	0	1	1	2267
CY207738.1	367	2317	88	190	278	367
CY207738.1	368	2318	0	1	1	2318
CY207738.1	369	1319	0	1	1	1319
CY207738.1	371	2195	46	272	318	371
CY207738.1	372	2196	0	2	2	2196
CY207738.1	373	2201	40	173	213	373
CY207738.1	374	2353	79	148	227	374
CY207738.1	376	1278	0	1	1	1278
CY207738.1	376	538	1	0	1	376
CY207738.1	378	2270	0	1	1	2270
CY207738.1	380	1287	0	1	1	1287
CY207738.1	383	2359	0	3	3	2359
CY207738.1	384	2213	0	2	2	2213
CY207738.1	391	1273	0	1	1	1273
CY207738.1	391	2202	0	1	1	2202
CY207738.1	400	1002	0	1	1	1002
CY207738.1	400	1913	1	0	1	400
CY207738.1	408	2379	0	2	2	2379
CY207738.1	409	1649	0	1	1	1649
CY207738.1	414	1890	0	1	1	1890
CY207738.1	414	2221	0	6	6	2221
CY207738.1	417	2330	0	1	1	2330
CY207738.1	420	2357	0	1	1	2357
CY207738.1	421	2336	1	0	1	421
CY207738.1	428	2230	0	2	2	2230
CY207738.1	435	1934	0	1	1	1934
CY207738.1	444	2035	1	0	1	444
CY207738.1	446	679	1	0	1	446
CY207738.1	454	2021	0	1	1	2021
CY207738.1	456	896	1	0	1	456
CY207738.1	472	1568	1	0	1	472
CY207738.1	510	2188	0	1	1	2188
CY207738.1	533	1929	1	0	1	533
CY207738.1	545	1635	1	0	1	545
CY207738.1	547	1315	0	1	1	1315
CY207738.1	568	848	1	0	1	568
CY207738.1	615	2262	0	1	1	2262
CY207738.1	616	1687	1	0	1	616
CY207738.1	643	1080	1	0	1	643
CY207738.1	654	2332	0	1	1	2332
CY207738.1	655	1252	1	0	1	655
CY207738.1	655	2090	56	61	117	655
CY207738.1	656	2092	80	114	194	656
CY207738.1	661	2057	3	0	3	661
CY207738.1	669	2065	69	125	194	669
CY207738.1	672	1278	0	1	1	1278
CY207738.1	680	2113	0	1	1	2113
CY207738.1	681	1677	0	1	1	1677
CY207738.1	686	1627	0	1	1	1627
CY207738.1	691	2114	10	18	28	691
CY207738.1	696	1923	3	0	3	696
CY207738.1	699	2106	0	3	3	2106
CY207738.1	715	1406	0	1	1	1406
CY207738.1	717	1951	3	0	3	717
CY207738.1	720	1955	0	1	1	1955
CY207738.1	721	1955	132	192	324	721
CY207738.1	727	1317	0	1	1	1317
CY207738.1	728	1150	1	0	1	728
CY207738.1	729	2082	0	1	1	2082
CY207738.1	731	1980	0	1	1	1980
CY207738.1	740	2005	0	5	5	2005
CY207738.1	769	877	1	0	1	769
CY207738.1	772	1056	1	0	1	772
CY207738.1	780	1813	1	0	1	780
CY207738.1	784	2074	0	1	1	2074
CY207738.1	800	1215	0	1	1	1215
CY207738.1	808	1915	0	1	1	1915
CY207738.1	810	1847	59	64	123	810
CY207738.1	821	1767	2	0	2	821
CY207738.1	832	1825	1	0	1	832
CY207738.1	850	1597	0	1	1	1597
CY207738.1	850	1855	31	30	61	850
CY207738.1	853	1459	0	1	1	1459
CY207738.1	854	1772	1	0	1	854
CY207738.1	856	1774	88	100	188	856
CY207738.1	867	1786	0	5	5	1786
CY207738.1	896	1101	1	0	1	896
CY207738.1	900	2297	1	0	1	900
CY207738.1	934	1819	0	1	1	1819
CY207738.1	962	1530	0	1	1	1530
CY207738.1	970	2341	0	1	1	2341
CY207738.1	972	1705	0	1	1	1705
CY207738.1	979	1492	0	1	1	1492
CY207738.1	981	1898	0	1	1	1898
CY207738.1	986	1597	0	1	1	1597
