Segment	Start	Stop	Forward_support	Reverse_support	Total_support	Fuzz_factor
CY207731.1	1015	1516	0	1	1	1516
CY207731.1	1016	1208	0	1	1	1208
CY207731.1	1025	1316	1	0	1	1025
CY207731.1	1036	1275	0	1	1	1275
CY207731.1	1043	1472	1	0	1	1043
CY207731.1	1055	1096	1	0	1	1055
CY207731.1	1062	1279	1	0	1	1062
CY207731.1	1081	1304	0	1	1	1304
CY207731.1	1087	1633	1	0	1	1087
CY207731.1	1090	1139	0	1	1	1139
CY207731.1	1091	1220	0	1	1	1220
CY207731.1	1109	1799	1	0	1	1109
CY207731.1	1126	1193	0	1	1	1193
CY207731.1	1127	1681	1	0	1	1127
CY207731.1	1132	1674	0	1	1	1674
CY207731.1	1189	1860	0	1	1	1860
CY207731.1	1195	1837	1	0	1	1195
CY207731.1	1228	1443	0	1	1	1443
CY207731.1	1244	1910	0	1	1	1910
CY207731.1	1256	1820	1	0	1	1256
CY207731.1	1257	1631	1	0	1	1257
CY207731.1	1281	1669	0	1	1	1669
CY207731.1	1294	1781	0	1	1	1781
CY207731.1	1299	1651	0	1	1	1651
CY207731.1	1375	1653	0	1	1	1653
CY207731.1	1396	1644	1	0	1	1396
CY207731.1	1418	1520	0	1	1	1520
CY207731.1	1434	1571	1	0	1	1434
CY207731.1	1442	1579	6	4	10	1442
CY207731.1	1446	1784	0	1	1	1784
CY207731.1	1452	1873	0	1	1	1873
CY207731.1	1456	1895	0	1	1	1895
CY207731.1	1489	1860	0	1	1	1860
CY207731.1	1532	1560	1	0	1	1532
CY207731.1	1576	1886	0	1	1	1886
CY207731.1	1597	1642	1	0	1	1597
CY207731.1	1608	1697	0	1	1	1697
CY207731.1	1701	1744	11	3	14	1701
CY207731.1	1702	1827	0	1	1	1827
CY207731.1	274	885	1	0	1	274
CY207731.1	289	378	1	0	1	289
CY207731.1	292	1068	1	0	1	292
CY207731.1	316	1264	1	0	1	316
CY207731.1	326	1385	0	1	1	1385
CY207731.1	332	1708	0	1	1	1708
CY207731.1	333	1379	0	1	1	1379
CY207731.1	343	994	0	1	1	994
CY207731.1	347	630	0	1	1	630
CY207731.1	347	780	1	0	1	347
CY207731.1	369	1694	0	1	1	1694
CY207731.1	387	1366	1	0	1	387
CY207731.1	391	1686	0	1	1	1686
CY207731.1	396	1100	0	1	1	1100
CY207731.1	396	1171	0	1	1	1171
CY207731.1	396	1476	0	1	1	1476
CY207731.1	398	1895	0	1	1	1895
CY207731.1	404	1052	0	1	1	1052
CY207731.1	405	868	1	0	1	405
CY207731.1	409	469	1	0	1	409
CY207731.1	428	505	0	1	1	505
CY207731.1	432	1079	0	1	1	1079
CY207731.1	436	1653	1	0	1	436
CY207731.1	451	1725	0	1	1	1725
CY207731.1	453	1381	0	1	1	1381
CY207731.1	462	1312	0	1	1	1312
CY207731.1	468	1120	1	0	1	468
CY207731.1	471	1472	0	1	1	1472
CY207731.1	482	1032	1	0	1	482
CY207731.1	484	1230	0	1	1	1230
CY207731.1	485	601	1	0	1	485
CY207731.1	487	784	0	1	1	784
CY207731.1	492	1550	0	1	1	1550
CY207731.1	508	1721	0	1	1	1721
CY207731.1	508	1789	1	0	1	508
CY207731.1	521	1474	1	0	1	521
CY207731.1	526	1608	0	1	1	1608
CY207731.1	529	1066	1	0	1	529
CY207731.1	536	1892	0	1	1	1892
CY207731.1	540	1146	0	1	1	1146
CY207731.1	543	1611	1	0	1	543
CY207731.1	560	1211	1	0	1	560
CY207731.1	560	1549	0	1	1	1549
CY207731.1	579	830	0	1	1	830
CY207731.1	581	1898	0	1	1	1898
CY207731.1	583	1627	0	1	1	1627
CY207731.1	593	1225	1	0	1	593
CY207731.1	595	1052	1	0	1	595
CY207731.1	597	1162	0	1	1	1162
CY207731.1	597	1831	1	0	1	597
CY207731.1	599	976	0	1	1	976
CY207731.1	602	1633	1	0	1	602
CY207731.1	638	1374	1	0	1	638
CY207731.1	647	971	0	1	1	971
CY207731.1	666	1803	0	1	1	1803
CY207731.1	672	1336	1	0	1	672
CY207731.1	677	845	0	1	1	845
CY207731.1	687	1550	0	1	1	1550
CY207731.1	687	1585	1	0	1	687
CY207731.1	694	1900	0	1	1	1900
CY207731.1	697	1369	0	1	1	1369
CY207731.1	709	1002	0	1	1	1002
CY207731.1	725	998	1	0	1	725
CY207731.1	730	1748	0	1	1	1748
CY207731.1	742	861	1	0	1	742
CY207731.1	743	1398	1	0	1	743
CY207731.1	755	816	0	1	1	816
CY207731.1	781	1142	0	1	1	1142
CY207731.1	793	1812	1	0	1	793
CY207731.1	795	1082	1	0	1	795
CY207731.1	806	1132	0	1	1	1132
CY207731.1	807	854	1	0	1	807
CY207731.1	819	1189	1	0	1	819
CY207731.1	820	1908	0	1	1	1908
CY207731.1	824	1906	0	1	1	1906
CY207731.1	830	1589	0	1	1	1589
CY207731.1	846	1731	1	0	1	846
CY207731.1	857	1423	1	0	1	857
CY207731.1	860	1688	1	0	1	860
CY207731.1	910	1367	1	0	1	910
CY207731.1	919	1390	1	0	1	919
CY207731.1	920	1027	0	1	1	1027
CY207731.1	924	946	0	1	1	946
CY207731.1	928	1035	0	1	1	1035
CY207731.1	934	1467	1	0	1	934
CY207731.1	948	1350	0	1	1	1350
CY207732.1	1033	1164	2	15	17	1033
CY207732.1	1035	1080	1	0	1	1035
CY207732.1	260	579	1	0	1	260
CY207732.1	271	1027	1	0	1	271
CY207732.1	272	461	1	0	1	272
CY207732.1	343	557	0	1	1	557
CY207732.1	355	954	0	1	1	954
CY207732.1	357	731	0	1	1	731
CY207732.1	361	477	1	0	1	361
CY207732.1	361	582	0	1	1	582
CY207732.1	392	1018	0	1	1	1018
CY207732.1	398	482	0	1	1	482
CY207732.1	402	901	0	1	1	901
CY207732.1	403	646	1	0	1	403
CY207732.1	411	560	1	0	1	411
CY207732.1	412	555	1	0	1	412
CY207732.1	412	658	0	1	1	658
CY207732.1	415	958	1	0	1	415
CY207732.1	418	1134	0	1	1	1134
CY207732.1	438	990	0	1	1	990
CY207732.1	460	1028	1	0	1	460
CY207732.1	462	664	0	1	1	664
CY207732.1	467	696	0	1	1	696
CY207732.1	478	555	0	1	1	555
CY207732.1	483	686	0	1	1	686
CY207732.1	484	702	0	1	1	702
CY207732.1	484	922	0	1	1	922
CY207732.1	486	1157	0	1	1	1157
CY207732.1	486	538	0	1	1	538
CY207732.1	487	1069	1	0	1	487
CY207732.1	490	786	1	0	1	490
CY207732.1	492	560	0	1	1	560
CY207732.1	497	961	0	1	1	961
CY207732.1	503	1004	1	0	1	503
CY207732.1	506	1016	1	0	1	506
CY207732.1	524	644	1	0	1	524
CY207732.1	532	931	0	1	1	931
CY207732.1	535	792	1	0	1	535
CY207732.1	537	1130	5	1	6	537
CY207732.1	538	1182	0	1	1	1182
CY207732.1	539	1133	0	1	1	1133
CY207732.1	548	778	0	1	1	778
CY207732.1	549	897	20	31	51	549
CY207732.1	552	822	1	0	1	552
CY207732.1	561	1137	0	1	1	1137
CY207732.1	561	911	0	1	1	911
CY207732.1	565	1053	0	1	1	1053
CY207732.1	589	862	54	56	110	589
CY207732.1	592	671	0	1	1	671
CY207732.1	605	749	1	0	1	605
CY207732.1	606	865	0	1	1	865
CY207732.1	607	662	1	0	1	607
CY207732.1	621	752	0	1	1	752
CY207732.1	623	980	1	0	1	623
CY207732.1	624	726	0	1	1	726
CY207732.1	627	892	0	1	1	892
CY207732.1	629	957	3	2	5	629
CY207732.1	640	951	1	0	1	640
CY207732.1	642	1103	0	1	1	1103
CY207732.1	648	731	1	0	1	648
CY207732.1	656	981	0	1	1	981
CY207732.1	658	917	0	1	1	917
CY207732.1	666	720	0	1	1	720
CY207732.1	672	1118	1	0	1	672
CY207732.1	679	815	15	27	42	679
CY207732.1	685	839	1	31	32	685
CY207732.1	686	840	17	0	17	686
CY207732.1	692	921	1	0	1	692
CY207732.1	699	1084	0	1	1	1084
CY207732.1	709	948	1	0	1	709
CY207732.1	716	766	0	1	1	766
CY207732.1	718	860	1	2	3	718
CY207732.1	720	1059	1	0	1	720
CY207732.1	736	795	0	1	1	795
CY207732.1	743	1052	0	1	1	1052
CY207732.1	758	954	12	13	25	758
CY207732.1	759	829	0	1	1	829
CY207732.1	764	790	0	1	1	790
CY207732.1	765	870	0	1	1	870
CY207732.1	772	1116	1	0	1	772
CY207732.1	779	934	0	1	1	934
CY207732.1	790	1143	0	1	1	1143
CY207732.1	790	833	8	7	15	790
CY207732.1	803	839	1	0	1	803
CY207732.1	828	877	1	0	1	828
CY207732.1	892	1061	1	0	1	892
CY207732.1	896	1077	1	0	1	896
CY207732.1	933	1019	1	0	1	933
CY207732.1	955	1058	1	0	1	955
CY207732.1	955	1064	1	0	1	955
CY207733.1	1020	1103	1	0	1	1020
CY207733.1	1035	1442	0	1	1	1442
CY207733.1	1090	1184	15	26	41	1090
CY207733.1	1160	1182	0	1	1	1182
CY207733.1	1272	1510	0	1	1	1510
CY207733.1	1524	1550	0	1	1	1550
CY207733.1	235	286	14	0	14	235
CY207733.1	265	1364	462	3	465	265
CY207733.1	277	1464	1	0	1	277
CY207733.1	283	1188	1	0	1	283
CY207733.1	290	1382	0	1	1	1382
CY207733.1	304	1402	11	29	40	304
CY207733.1	360	409	1	0	1	360
CY207733.1	365	1475	0	2	2	1475
CY207733.1	367	1374	1	0	1	367
CY207733.1	407	1433	0	1	1	1433
CY207733.1	420	1337	1	0	1	420
CY207733.1	424	1139	0	1	1	1139
CY207733.1	448	1402	17	44	61	448
CY207733.1	499	1078	0	1	1	1078
CY207733.1	502	799	1	0	1	502
CY207733.1	513	1359	21	21	42	513
CY207733.1	531	1153	0	1	1	1153
CY207733.1	555	1231	0	1	1	1231
CY207733.1	556	719	1	0	1	556
CY207733.1	558	1070	3	3	6	558
CY207733.1	561	591	0	1	1	591
CY207733.1	566	963	1	0	1	566
CY207733.1	569	813	1	0	1	569
CY207733.1	571	1214	0	1	1	1214
CY207733.1	572	722	1	0	1	572
CY207733.1	595	1125	0	1	1	1125
CY207733.1	607	1120	1	0	1	607
CY207733.1	639	1109	0	1	1	1109
CY207733.1	640	859	1	0	1	640
CY207733.1	645	1268	1	0	1	645
CY207733.1	751	1414	1	0	1	751
CY207733.1	795	1263	1	0	1	795
CY207733.1	840	1141	1	0	1	840
CY207733.1	864	1039	1	0	1	864
CY207733.1	864	1454	0	1	1	1454
CY207733.1	874	1329	0	1	1	1329
CY207733.1	883	992	0	1	1	992
CY207733.1	927	1428	1	0	1	927
CY207733.1	935	1083	1	0	1	935
CY207733.1	941	1355	1	0	1	941
CY207733.1	964	1156	1	0	1	964
CY207734.1	1008	1496	1	0	1	1008
CY207734.1	1019	1142	0	1	1	1142
CY207734.1	1027	1229	1	0	1	1027
CY207734.1	1028	1378	0	1	1	1378
CY207734.1	1043	1399	0	1	1	1399
CY207734.1	1047	1523	0	1	1	1523
CY207734.1	1089	1485	0	1	1	1485
CY207734.1	1146	1333	0	1	1	1333
CY207734.1	1159	1719	0	1	1	1719
CY207734.1	1166	1491	1	0	1	1166
CY207734.1	1191	1285	1	0	1	1191
CY207734.1	1217	1451	0	1	1	1451
CY207734.1	1283	1417	0	1	1	1417
CY207734.1	1383	1406	1	0	1	1383
CY207734.1	1435	1512	20	13	33	1435
CY207734.1	1467	1522	0	1	1	1522
CY207734.1	246	603	1	0	1	246
CY207734.1	249	1566	1	0	1	249
CY207734.1	251	1491	1	0	1	251
CY207734.1	264	838	1	0	1	264
CY207734.1	275	647	1	0	1	275
CY207734.1	280	636	1	0	1	280
CY207734.1	290	525	1	0	1	290
CY207734.1	290	879	1	0	1	290
CY207734.1	312	1238	0	1	1	1238
CY207734.1	313	1387	1	0	1	313
CY207734.1	329	1350	0	1	1	1350
CY207734.1	345	1147	0	1	1	1147
CY207734.1	364	1683	0	1	1	1683
CY207734.1	368	1037	0	1	1	1037
CY207734.1	370	1471	0	1	1	1471
CY207734.1	371	994	1	0	1	371
CY207734.1	386	1604	0	1	1	1604
CY207734.1	388	1373	0	1	1	1373
CY207734.1	389	1690	0	1	1	1690
CY207734.1	396	1466	1	0	1	396
CY207734.1	402	921	0	1	1	921
CY207734.1	411	725	1	0	1	411
CY207734.1	418	821	1	0	1	418
CY207734.1	421	940	1	0	1	421
CY207734.1	427	1435	1	0	1	427
CY207734.1	427	579	0	1	1	579
CY207734.1	439	1141	1	0	1	439
CY207734.1	439	1170	1	0	1	439
CY207734.1	446	1446	1	0	1	446
CY207734.1	447	1065	1	0	1	447
CY207734.1	450	1598	0	1	1	1598
CY207734.1	451	896	0	1	1	896
CY207734.1	453	1461	0	1	1	1461
CY207734.1	456	1459	20	85	105	456
CY207734.1	457	1460	0	1	1	1460
CY207734.1	460	855	0	1	1	855
CY207734.1	461	736	0	1	1	736
CY207734.1	465	1705	0	1	1	1705
CY207734.1	467	817	1	0	1	467
CY207734.1	468	798	1	0	1	468
CY207734.1	469	985	1	0	1	469
CY207734.1	472	1356	0	1	1	1356
CY207734.1	473	1064	0	1	1	1064
CY207734.1	480	525	0	1	1	525
CY207734.1	480	989	1	0	1	480
CY207734.1	483	1003	0	1	1	1003
CY207734.1	489	625	0	1	1	625
CY207734.1	505	823	0	1	1	823
CY207734.1	521	554	1	0	1	521
CY207734.1	525	1245	1	0	1	525
CY207734.1	541	1381	1	0	1	541
CY207734.1	546	860	1	0	1	546
CY207734.1	552	808	0	1	1	808
CY207734.1	574	1361	0	1	1	1361
CY207734.1	576	717	0	1	1	717
CY207734.1	583	1070	0	1	1	1070
CY207734.1	591	1590	0	1	1	1590
CY207734.1	591	887	0	1	1	887
CY207734.1	595	1239	0	1	1	1239
CY207734.1	597	1205	1	0	1	597
CY207734.1	597	1332	1	0	1	597
CY207734.1	600	1393	0	1	1	1393
CY207734.1	601	1024	1	0	1	601
CY207734.1	619	1515	1	0	1	619
CY207734.1	622	1315	0	1	1	1315
CY207734.1	625	1234	1	0	1	625
CY207734.1	634	877	1	0	1	634
CY207734.1	635	1527	0	1	1	1527
CY207734.1	641	836	1	0	1	641
CY207734.1	645	1108	1	0	1	645
CY207734.1	656	1028	1	0	1	656
CY207734.1	658	1283	1	0	1	658
CY207734.1	660	707	1	0	1	660
CY207734.1	667	1596	1	0	1	667
CY207734.1	673	1584	1	0	1	673
CY207734.1	673	695	1	0	1	673
CY207734.1	684	1513	0	1	1	1513
CY207734.1	690	1410	1	0	1	690
CY207734.1	694	1333	0	1	1	1333
CY207734.1	718	836	0	1	1	836
CY207734.1	719	1087	11	12	23	719
CY207734.1	722	1157	1	0	1	722
CY207734.1	744	983	1	0	1	744
CY207734.1	745	791	1	0	1	745
CY207734.1	745	823	1	0	1	745
CY207734.1	747	773	1	0	1	747
CY207734.1	756	928	1	0	1	756
CY207734.1	759	807	1	0	1	759
CY207734.1	771	1254	1	0	1	771
CY207734.1	789	1000	1	0	1	789
CY207734.1	796	1093	0	1	1	1093
CY207734.1	816	1588	1	1	2	816
CY207734.1	817	1636	1	0	1	817
CY207734.1	840	879	1	1	2	840
CY207734.1	841	1022	0	1	1	1022
CY207734.1	841	1622	1	0	1	841
CY207734.1	866	1023	0	1	1	1023
CY207734.1	866	1623	1	0	1	866
CY207734.1	877	1566	0	1	1	1566
CY207734.1	923	1135	1	0	1	923
CY207734.1	934	1583	1	0	1	934
CY207734.1	942	1093	21	19	40	942
CY207734.1	975	1471	0	1	1	1471
CY207734.1	979	1460	0	1	1	1460
CY207734.1	996	1089	0	1	1	1089
CY207735.1	257	926	1	0	1	257
CY207735.1	258	977	9	0	9	258
CY207735.1	273	946	68	2	70	273
CY207735.1	295	375	0	1	1	375
CY207735.1	325	347	0	1	1	347
CY207735.1	389	1000	0	1	1	1000
CY207735.1	405	1018	0	1	1	1018
CY207735.1	490	533	0	1	1	533
CY207735.1	499	729	0	1	1	729
CY207735.1	511	740	10	25	35	511
CY207736.1	1034	1846	1	0	1	1034
CY207736.1	1034	2233	1	0	1	1034
CY207736.1	1054	2255	0	1	1	2255
CY207736.1	1058	1137	0	1	1	1137
CY207736.1	1070	1724	1	0	1	1070
CY207736.1	1071	1386	0	1	1	1386
CY207736.1	1072	1393	1	0	1	1072
CY207736.1	1088	2370	0	1	1	2370
CY207736.1	1115	1489	0	1	1	1489
CY207736.1	1171	1689	0	1	1	1689
CY207736.1	1206	1587	0	1	1	1587
CY207736.1	1234	1902	1	0	1	1234
CY207736.1	1242	1686	1	0	1	1242
CY207736.1	1291	2189	0	1	1	2189
CY207736.1	1303	2198	0	1	1	2198
CY207736.1	1308	1418	0	1	1	1418
CY207736.1	1345	1750	0	1	1	1750
CY207736.1	1400	1953	1	0	1	1400
CY207736.1	1407	1565	1	0	1	1407
CY207736.1	1441	1463	0	1	1	1463
CY207736.1	1443	1881	0	1	1	1881
CY207736.1	1507	1983	0	1	1	1983
CY207736.1	1514	1656	2	4	6	1514
CY207736.1	1562	2272	1	0	1	1562
CY207736.1	1573	1869	0	1	1	1869
CY207736.1	1592	1638	0	1	1	1638
CY207736.1	1604	2038	1	0	1	1604
CY207736.1	1624	1848	0	1	1	1848
CY207736.1	1655	1986	1	0	1	1655
CY207736.1	1655	2154	1	0	1	1655
CY207736.1	1699	2033	0	1	1	2033
CY207736.1	1725	2348	0	1	1	2348
CY207736.1	1743	2186	0	1	1	2186
CY207736.1	1792	2246	1	0	1	1792
CY207736.1	1799	1943	1	1	2	1799
CY207736.1	1858	2279	0	1	1	2279
CY207736.1	1897	2322	0	1	1	2322
CY207736.1	1905	1927	34	32	66	1905
CY207736.1	1951	2098	1	0	1	1951
CY207736.1	2012	2040	1	0	1	2012
CY207736.1	2034	2245	1	0	1	2034
CY207736.1	2104	2341	0	1	1	2341
CY207736.1	2109	2215	1	0	1	2109
CY207736.1	2183	2219	0	1	1	2219
CY207736.1	2190	2231	1	0	1	2190
CY207736.1	2191	2216	1	0	1	2191
CY207736.1	266	1425	1	0	1	266
CY207736.1	279	311	1	1	2	279
CY207736.1	303	1748	0	1	1	1748
CY207736.1	313	1820	1	0	1	313
CY207736.1	329	2202	1	0	1	329
CY207736.1	333	2245	0	2	2	2245
CY207736.1	334	2207	8	5	13	334
CY207736.1	345	850	0	1	1	850
CY207736.1	367	1080	0	1	1	1080
CY207736.1	396	949	1	0	1	396
CY207736.1	407	1446	1	0	1	407
CY207736.1	412	764	0	1	1	764
CY207736.1	413	1080	1	0	1	413
CY207736.1	417	1417	1	0	1	417
CY207736.1	418	2043	0	1	1	2043
CY207736.1	424	947	1	0	1	424
CY207736.1	463	1607	0	1	1	1607
CY207736.1	499	532	5	1	6	499
CY207736.1	512	1695	1	0	1	512
CY207736.1	512	2028	92	80	172	512
CY207736.1	512	2040	76	60	136	512
CY207736.1	517	1428	1	0	1	517
CY207736.1	532	2049	0	1	1	2049
CY207736.1	536	2116	0	1	1	2116
CY207736.1	536	856	1	0	1	536
CY207736.1	555	1438	1	0	1	555
CY207736.1	555	1861	6	0	6	555
CY207736.1	562	2051	0	2	2	2051
CY207736.1	568	2012	35	31	66	568
CY207736.1	582	676	18	8	26	582
CY207736.1	584	1509	0	1	1	1509
CY207736.1	589	1985	0	1	1	1985
CY207736.1	594	1915	29	24	53	594
CY207736.1	595	1836	2	0	2	595
CY207736.1	595	1861	27	35	62	595
CY207736.1	603	1528	0	1	1	1528
CY207736.1	607	1827	5	0	5	607
CY207736.1	607	643	7	2	9	607
CY207736.1	610	1996	34	20	54	610
CY207736.1	618	1852	4	0	4	618
CY207736.1	619	1820	1	0	1	619
CY207736.1	623	2209	1	0	1	623
CY207736.1	624	2057	1	0	1	624
CY207736.1	626	1415	1	0	1	626
CY207736.1	627	1678	1	0	1	627
CY207736.1	627	1889	1	0	1	627
CY207736.1	629	1233	1	0	1	629
CY207736.1	629	1856	161	169	330	629
CY207736.1	632	1859	1	3	4	632
CY207736.1	636	1856	0	1	1	1856
CY207736.1	644	1917	47	46	93	644
CY207736.1	645	1875	0	3	3	1875
CY207736.1	666	961	1	0	1	666
CY207736.1	668	1147	1	0	1	668
CY207736.1	672	1824	2	0	2	672
CY207736.1	673	1826	30	27	57	673
CY207736.1	673	2278	1	3	4	673
CY207736.1	678	1667	41	36	77	678
CY207736.1	679	1465	1	0	1	679
CY207736.1	679	1835	0	1	1	1835
CY207736.1	684	1839	1	0	1	684
CY207736.1	686	1952	10	13	23	686
CY207736.1	695	1938	0	1	1	1938
CY207736.1	699	1691	1	3	4	699
CY207736.1	717	1429	0	1	1	1429
CY207736.1	727	1328	1	0	1	727
CY207736.1	767	1952	0	1	1	1952
CY207736.1	786	1834	76	39	115	786
CY207736.1	789	1454	1	0	1	789
CY207736.1	804	1812	1	6	7	804
CY207736.1	810	1512	1	0	1	810
CY207736.1	813	1545	1	0	1	813
CY207736.1	813	1852	9	2	11	813
CY207736.1	814	1710	1	0	1	814
CY207736.1	815	1705	1	0	1	815
CY207736.1	822	1735	1	0	1	822
CY207736.1	823	1719	2	0	2	823
CY207736.1	826	1948	0	1	1	1948
CY207736.1	840	1504	1	0	1	840
CY207736.1	840	1839	1	1	2	840
CY207736.1	842	1734	1	0	1	842
CY207736.1	846	1772	16	21	37	846
CY207736.1	848	1738	6	9	15	848
CY207736.1	850	1850	30	54	84	850
CY207736.1	852	1601	44	41	85	852
CY207736.1	861	1466	1	0	1	861
CY207736.1	915	1667	9	17	26	915
CY207736.1	918	1905	0	1	1	1905
CY207736.1	923	1786	1	0	1	923
CY207736.1	923	1815	0	1	1	1815
CY207736.1	928	1730	1	0	1	928
CY207736.1	940	1765	0	1	1	1765
CY207736.1	941	996	0	1	1	996
CY207736.1	946	2365	0	1	1	2365
CY207736.1	949	1626	0	1	1	1626
CY207736.1	953	977	0	1	1	977
CY207736.1	953	979	0	1	1	979
CY207736.1	958	1834	0	1	1	1834
CY207736.1	962	2095	0	1	1	2095
CY207736.1	980	1738	0	1	1	1738
CY207737.1	1014	2285	1	0	1	1014
CY207737.1	1043	2285	1	0	1	1043
CY207737.1	1045	1730	0	2	2	1730
CY207737.1	1089	1136	0	1	1	1136
CY207737.1	1111	2193	0	1	1	2193
CY207737.1	1169	1200	1	0	1	1169
CY207737.1	1307	1912	0	1	1	1912
CY207737.1	1350	1494	0	1	1	1494
CY207737.1	1352	2231	1	0	1	1352
CY207737.1	1366	2224	0	1	1	2224
CY207737.1	1430	2185	1	0	1	1430
CY207737.1	1439	2193	0	1	1	2193
CY207737.1	1445	1560	1	0	1	1445
CY207737.1	1477	2005	0	1	1	2005
CY207737.1	1576	2322	1	0	1	1576
CY207737.1	1589	2460	0	1	1	2460
CY207737.1	1624	2285	0	1	1	2285
CY207737.1	1648	1716	1	0	1	1648
CY207737.1	1652	1791	0	1	1	1791
CY207737.1	1658	2468	0	1	1	2468
CY207737.1	1681	2360	0	1	1	2360
CY207737.1	1682	2370	1	0	1	1682
CY207737.1	1713	1912	1	0	1	1713
CY207737.1	1726	1997	0	1	1	1997
CY207737.1	1830	2320	0	1	1	2320
CY207737.1	1862	2395	1	0	1	1862
CY207737.1	1984	2424	22	1	23	1984
CY207737.1	2217	2281	1	0	1	2217
CY207737.1	2291	2338	73	18	91	2291
CY207737.1	2301	2354	82	29	111	2301
CY207737.1	231	1547	1	0	1	231
CY207737.1	249	1771	1	0	1	249
CY207737.1	258	1780	2	0	2	258
CY207737.1	266	1782	1	0	1	266
CY207737.1	270	1786	3	0	3	270
CY207737.1	281	432	1	0	1	281
CY207737.1	286	2376	1	0	1	286
CY207737.1	295	1806	8	24	32	295
CY207737.1	320	1842	0	1	1	1842
CY207737.1	323	2431	2	6	8	323
CY207737.1	339	2185	19	2	21	339
CY207737.1	348	1502	1	1	2	348
CY207737.1	350	1808	1	2	3	350
CY207737.1	358	2210	1	0	1	358
CY207737.1	360	2466	0	1	1	2466
CY207737.1	361	1516	1	0	1	361
CY207737.1	371	2238	50	5	55	371
CY207737.1	372	1300	1	0	1	372
CY207737.1	378	922	1	0	1	378
CY207737.1	382	1560	0	1	1	1560
CY207737.1	384	797	1	0	1	384
CY207737.1	390	1349	0	1	1	1349
CY207737.1	392	1864	68	3	71	392
CY207737.1	393	2233	0	1	1	2233
CY207737.1	433	2094	4	0	4	433
CY207737.1	466	1634	0	1	1	1634
CY207737.1	469	2250	0	1	1	2250
CY207737.1	470	1823	0	1	1	1823
CY207737.1	495	1378	0	1	1	1378
CY207737.1	500	2037	1	0	1	500
CY207737.1	522	2201	0	1	1	2201
CY207737.1	548	848	0	1	1	848
CY207737.1	601	1849	0	1	1	1849
CY207737.1	614	858	0	1	1	858
CY207737.1	624	1201	1	0	1	624
CY207737.1	641	2429	1	0	1	641
CY207737.1	648	1339	0	1	1	1339
CY207737.1	661	2186	1	0	1	661
CY207737.1	703	876	1	0	1	703
CY207737.1	706	868	0	1	1	868
CY207737.1	713	1910	0	1	1	1910
CY207737.1	734	1787	0	1	1	1787
CY207737.1	788	2281	1	0	1	788
CY207737.1	812	1277	0	1	1	1277
CY207737.1	829	1641	1	0	1	829
CY207737.1	834	2133	0	1	1	2133
CY207737.1	842	1383	1	0	1	842
CY207737.1	846	2056	1	0	1	846
CY207737.1	874	2097	0	1	1	2097
CY207737.1	961	1819	1	0	1	961
CY207737.1	967	1770	0	1	1	1770
CY207737.1	979	1153	0	1	1	1153
CY207737.1	991	1714	16	38	54	991
CY207738.1	1043	2348	0	1	1	2348
CY207738.1	1050	1806	0	1	1	1806
CY207738.1	1058	2353	0	1	1	2353
CY207738.1	1064	2266	1	0	1	1064
CY207738.1	1110	2243	0	1	1	2243
CY207738.1	1126	1514	1	0	1	1126
CY207738.1	1127	1155	1	0	1	1127
CY207738.1	1139	1748	1	0	1	1139
CY207738.1	1154	2103	1	0	1	1154
CY207738.1	1220	1267	0	1	1	1267
CY207738.1	1246	1412	1	0	1	1246
CY207738.1	1260	2459	0	1	1	2459
CY207738.1	1272	1631	1	0	1	1272
CY207738.1	1285	1811	1	0	1	1285
CY207738.1	1288	1422	0	1	1	1422
CY207738.1	1297	1465	0	1	1	1465
CY207738.1	1299	1753	0	1	1	1753
CY207738.1	1318	1673	0	1	1	1673
CY207738.1	1320	1676	0	1	1	1676
CY207738.1	1324	1680	0	1	1	1680
CY207738.1	1328	2386	1	0	1	1328
CY207738.1	1332	1526	0	1	1	1526
CY207738.1	1336	1915	2	0	2	1336
CY207738.1	1347	2379	0	1	1	2379
CY207738.1	1353	2053	0	1	1	2053
CY207738.1	1384	1928	0	1	1	1928
CY207738.1	1386	1415	0	1	1	1415
CY207738.1	1423	1597	1	0	1	1423
CY207738.1	1449	1738	0	1	1	1738
CY207738.1	1530	1564	1	0	1	1530
CY207738.1	1555	1629	1	0	1	1555
CY207738.1	1664	1827	0	1	1	1827
CY207738.1	1702	1898	0	1	1	1898
CY207738.1	1705	2252	0	1	1	2252
CY207738.1	1744	2077	0	1	1	2077
CY207738.1	1748	1786	1	0	1	1748
CY207738.1	1775	2198	0	1	1	2198
CY207738.1	1795	2126	1	0	1	1795
CY207738.1	1833	2237	1	0	1	1833
CY207738.1	1849	2480	0	1	1	2480
CY207738.1	1893	2074	1	0	1	1893
CY207738.1	1897	2240	0	1	1	2240
CY207738.1	1923	1947	0	1	1	1947
CY207738.1	1972	2466	0	1	1	2466
CY207738.1	2011	2208	1	0	1	2011
CY207738.1	2280	2396	1	0	1	2280
CY207738.1	241	1221	1	0	1	241
CY207738.1	273	1424	1	0	1	273
CY207738.1	277	2238	1	0	1	277
CY207738.1	280	681	1	0	1	280
CY207738.1	322	1310	1	0	1	322
CY207738.1	322	1570	0	1	1	1570
CY207738.1	329	2151	1	0	1	329
CY207738.1	329	759	1	0	1	329
CY207738.1	339	747	0	1	1	747
CY207738.1	341	1308	0	1	1	1308
CY207738.1	344	1240	1	3	4	344
CY207738.1	346	2235	4	2	6	346
CY207738.1	347	1246	0	1	1	1246
CY207738.1	354	1402	0	1	1	1402
CY207738.1	355	2395	0	1	1	2395
CY207738.1	368	1809	0	1	1	1809
CY207738.1	369	1673	0	1	1	1673
CY207738.1	372	1845	0	1	1	1845
CY207738.1	372	473	0	1	1	473
CY207738.1	373	2265	1	1	2	373
CY207738.1	376	1109	0	1	1	1109
CY207738.1	380	2179	0	1	1	2179
CY207738.1	384	2431	0	1	1	2431
CY207738.1	391	1273	0	1	1	1273
CY207738.1	404	776	0	1	1	776
CY207738.1	407	2481	0	1	1	2481
CY207738.1	408	1019	0	1	1	1019
CY207738.1	421	1159	0	1	1	1159
CY207738.1	421	2469	0	1	1	2469
CY207738.1	423	2337	0	1	1	2337
CY207738.1	431	1701	0	1	1	1701
CY207738.1	436	2018	0	1	1	2018
CY207738.1	443	1612	1	0	1	443
CY207738.1	443	743	0	1	1	743
CY207738.1	459	982	1	0	1	459
CY207738.1	481	2153	1	0	1	481
CY207738.1	494	1707	0	1	1	1707
CY207738.1	506	1093	1	0	1	506
CY207738.1	506	1512	0	1	1	1512
CY207738.1	510	2055	7	21	28	510
CY207738.1	519	1001	0	1	1	1001
CY207738.1	523	2068	0	1	1	2068
CY207738.1	525	1570	1	0	1	525
CY207738.1	540	1488	0	1	1	1488
CY207738.1	563	726	0	1	1	726
CY207738.1	564	2126	3	0	3	564
CY207738.1	567	2129	205	326	531	567
CY207738.1	569	1808	1	0	1	569
CY207738.1	580	2073	19	59	78	580
CY207738.1	589	1060	0	1	1	1060
CY207738.1	606	642	1	0	1	606
CY207738.1	627	2017	0	1	1	2017
CY207738.1	629	1973	1	0	1	629
CY207738.1	634	1488	0	1	1	1488
CY207738.1	637	1992	1	0	1	637
CY207738.1	649	2019	58	98	156	649
CY207738.1	652	749	1	0	1	652
CY207738.1	654	790	1	0	1	654
CY207738.1	660	2038	0	4	4	2038
CY207738.1	660	990	1	0	1	660
CY207738.1	667	726	0	1	1	726
CY207738.1	687	2070	20	38	58	687
CY207738.1	715	1570	1	0	1	715
CY207738.1	722	801	1	0	1	722
CY207738.1	728	1479	0	1	1	1479
CY207738.1	740	1927	0	1	1	1927
CY207738.1	749	1924	1	0	1	749
CY207738.1	750	1944	15	19	34	750
CY207738.1	762	1783	0	1	1	1783
CY207738.1	775	2029	0	1	1	2029
CY207738.1	798	1947	1	0	1	798
CY207738.1	813	2250	0	1	1	2250
CY207738.1	836	1796	0	1	1	1796
CY207738.1	856	1861	26	37	63	856
CY207738.1	894	1610	1	0	1	894
CY207738.1	896	1101	2	1	3	896
CY207738.1	922	1048	0	1	1	1048
CY207738.1	943	1385	0	1	1	1385
CY207738.1	954	1130	1	0	1	954
CY207738.1	965	1665	0	1	1	1665
CY207738.1	965	1688	0	2	2	1688
CY207738.1	987	1474	0	1	1	1474
