Segment	Start	Stop	Forward_support	Reverse_support	Total_support	Fuzz_factor
CY207731.1	1015	1154	1	0	1	1015
CY207731.1	1015	1779	0	1	1	1779
CY207731.1	1021	1893	0	1	1	1893
CY207731.1	1068	1438	1	0	1	1068
CY207731.1	1075	1146	0	1	1	1146
CY207731.1	1076	1759	1	0	1	1076
CY207731.1	1093	1738	1	0	1	1093
CY207731.1	1158	1401	0	1	1	1401
CY207731.1	1180	1640	0	1	1	1640
CY207731.1	1195	1758	0	1	1	1758
CY207731.1	1206	1433	1	0	1	1206
CY207731.1	1206	1575	0	1	1	1575
CY207731.1	1210	1779	1	0	1	1210
CY207731.1	1237	1602	1	0	1	1237
CY207731.1	1274	1513	1	0	1	1274
CY207731.1	1282	1383	0	1	1	1383
CY207731.1	1293	1354	1	0	1	1293
CY207731.1	1303	1673	1	0	1	1303
CY207731.1	1305	1406	0	1	1	1406
CY207731.1	1337	1403	1	0	1	1337
CY207731.1	1362	1578	0	1	1	1578
CY207731.1	1367	1526	0	1	1	1526
CY207731.1	1368	1467	1	0	1	1368
CY207731.1	1390	1685	1	0	1	1390
CY207731.1	1411	1856	0	1	1	1856
CY207731.1	1416	1760	1	0	1	1416
CY207731.1	1420	1799	1	2	3	1420
CY207731.1	1430	1487	1	0	1	1430
CY207731.1	1437	1602	0	1	1	1602
CY207731.1	1478	1605	4	3	7	1478
CY207731.1	1496	1534	0	1	1	1534
CY207731.1	1500	1706	0	1	1	1706
CY207731.1	1539	1653	0	1	1	1653
CY207731.1	1540	1669	1	0	1	1540
CY207731.1	1560	1705	0	1	1	1705
CY207731.1	1580	1781	0	1	1	1781
CY207731.1	1582	1775	1	0	1	1582
CY207731.1	1635	1770	0	1	1	1770
CY207731.1	1636	1733	0	1	1	1733
CY207731.1	1657	1810	1	0	1	1657
CY207731.1	1669	1727	1	0	1	1669
CY207731.1	1753	1891	0	1	1	1891
CY207731.1	242	1066	1	0	1	242
CY207731.1	257	1920	0	1	1	1920
CY207731.1	263	1791	1	0	1	263
CY207731.1	269	1672	1	0	1	269
CY207731.1	270	1334	1	0	1	270
CY207731.1	277	330	37	3	40	277
CY207731.1	278	1717	1	0	1	278
CY207731.1	285	1315	1	0	1	285
CY207731.1	287	1366	1	0	1	287
CY207731.1	288	1706	1	0	1	288
CY207731.1	291	1729	3	0	3	291
CY207731.1	292	1624	1	0	1	292
CY207731.1	310	1735	20	13	33	310
CY207731.1	326	1749	1	0	1	326
CY207731.1	348	453	0	1	1	453
CY207731.1	350	1276	0	1	1	1276
CY207731.1	366	1700	0	1	1	1700
CY207731.1	369	1694	0	1	1	1694
CY207731.1	372	979	1	0	1	372
CY207731.1	382	1514	0	6	6	1514
CY207731.1	394	1452	0	1	1	1452
CY207731.1	401	1820	0	1	1	1820
CY207731.1	402	1113	0	1	1	1113
CY207731.1	404	806	0	1	1	806
CY207731.1	405	1776	1	0	1	405
CY207731.1	407	1694	0	1	1	1694
CY207731.1	408	446	1	0	1	408
CY207731.1	410	854	1	0	1	410
CY207731.1	412	1495	0	1	1	1495
CY207731.1	419	1077	0	1	1	1077
CY207731.1	431	991	1	0	1	431
CY207731.1	432	527	0	1	1	527
CY207731.1	435	1618	0	1	1	1618
CY207731.1	444	620	0	1	1	620
CY207731.1	453	967	0	1	1	967
CY207731.1	454	1598	32	108	140	454
CY207731.1	456	1253	0	1	1	1253
CY207731.1	459	1308	0	1	1	1308
CY207731.1	462	1035	0	1	1	1035
CY207731.1	462	1606	0	2	2	1606
CY207731.1	479	1533	1	0	1	479
CY207731.1	489	1219	0	1	1	1219
CY207731.1	489	1450	0	1	1	1450
CY207731.1	490	592	1	0	1	490
CY207731.1	500	1228	1	0	1	500
CY207731.1	506	1574	0	1	1	1574
CY207731.1	509	1370	0	1	1	1370
CY207731.1	518	1347	1	0	1	518
CY207731.1	519	1056	1	0	1	519
CY207731.1	519	1683	0	1	1	1683
CY207731.1	521	763	1	0	1	521
CY207731.1	526	1608	1	0	1	526
CY207731.1	526	1820	0	1	1	1820
CY207731.1	527	1727	6	0	6	527
CY207731.1	531	716	0	1	1	716
CY207731.1	533	1503	2	4	6	533
CY207731.1	565	1641	0	1	1	1641
CY207731.1	595	1524	0	1	1	1524
CY207731.1	597	984	1	0	1	597
CY207731.1	602	912	0	1	1	912
CY207731.1	614	1113	0	1	1	1113
CY207731.1	630	1246	1	0	1	630
CY207731.1	632	1251	1	0	1	632
CY207731.1	676	1887	0	1	1	1887
CY207731.1	676	858	0	1	1	858
CY207731.1	694	1540	1	0	1	694
CY207731.1	695	1187	1	0	1	695
CY207731.1	700	956	0	1	1	956
CY207731.1	705	1565	0	1	1	1565
CY207731.1	712	1152	1	0	1	712
CY207731.1	734	1211	0	1	1	1211
CY207731.1	756	1755	1	0	1	756
CY207731.1	760	1771	1	0	1	760
CY207731.1	786	1230	1	0	1	786
CY207731.1	792	936	0	1	1	936
CY207731.1	794	1613	1	0	1	794
CY207731.1	798	1079	1	0	1	798
CY207731.1	811	1085	1	0	1	811
CY207731.1	812	1191	1	0	1	812
CY207731.1	817	1419	1	0	1	817
CY207731.1	819	1238	1	0	1	819
CY207731.1	819	1283	0	1	1	1283
CY207731.1	826	1876	0	1	1	1876
CY207731.1	829	1236	1	0	1	829
CY207731.1	834	888	1	0	1	834
CY207731.1	843	1152	1	0	1	843
CY207731.1	843	1642	1	0	1	843
CY207731.1	868	1191	0	1	1	1191
CY207731.1	902	1636	1	0	1	902
CY207731.1	910	1737	1	0	1	910
CY207731.1	920	943	1	0	1	920
CY207731.1	935	1077	1	0	1	935
CY207731.1	954	1267	1	0	1	954
CY207731.1	964	1258	0	1	1	1258
CY207731.1	970	1221	1	0	1	970
CY207731.1	989	1631	0	1	1	1631
CY207731.1	990	1586	1	0	1	990
CY207732.1	1021	1051	0	1	1	1051
CY207732.1	251	953	1	0	1	251
CY207732.1	257	943	1	0	1	257
CY207732.1	281	338	1	0	1	281
CY207732.1	311	863	1	0	1	311
CY207732.1	320	731	0	1	1	731
CY207732.1	328	488	0	1	1	488
CY207732.1	332	715	0	1	1	715
CY207732.1	355	484	0	1	1	484
CY207732.1	374	826	0	1	1	826
CY207732.1	387	753	1	0	1	387
CY207732.1	393	547	0	1	1	547
CY207732.1	394	666	0	1	1	666
CY207732.1	395	487	0	1	1	487
CY207732.1	396	646	0	1	1	646
CY207732.1	400	786	0	1	1	786
CY207732.1	402	965	0	1	1	965
CY207732.1	403	625	0	1	1	625
CY207732.1	419	1033	0	1	1	1033
CY207732.1	421	827	0	1	1	827
CY207732.1	441	687	0	1	1	687
CY207732.1	443	936	0	1	1	936
CY207732.1	445	757	0	1	1	757
CY207732.1	471	821	0	1	1	821
CY207732.1	480	719	1	0	1	480
CY207732.1	481	839	0	1	1	839
CY207732.1	489	702	0	1	1	702
CY207732.1	500	1033	1	0	1	500
CY207732.1	502	819	0	1	1	819
CY207732.1	509	535	0	1	1	535
CY207732.1	522	1064	1	0	1	522
CY207732.1	534	1032	1	0	1	534
CY207732.1	535	1041	0	1	1	1041
CY207732.1	553	858	0	1	1	858
CY207732.1	568	835	1	0	1	568
CY207732.1	585	694	1	0	1	585
CY207732.1	589	862	11	9	20	589
CY207732.1	608	983	1	0	1	608
CY207732.1	613	884	1	0	1	613
CY207732.1	627	710	1	0	1	627
CY207732.1	634	947	1	0	1	634
CY207732.1	641	748	0	1	1	748
CY207732.1	652	793	0	1	1	793
CY207732.1	678	848	0	1	1	848
CY207732.1	679	815	3	2	5	679
CY207732.1	686	801	1	6	7	686
CY207732.1	718	860	16	12	28	718
CY207732.1	746	954	0	1	1	954
CY207732.1	749	872	1	0	1	749
CY207732.1	763	981	1	0	1	763
CY207732.1	768	850	8	3	11	768
CY207732.1	777	829	0	1	1	829
CY207732.1	787	869	0	1	1	869
CY207732.1	789	960	0	1	1	960
CY207732.1	792	862	1	2	3	792
CY207732.1	841	893	1	0	1	841
CY207732.1	863	944	1	0	1	863
CY207732.1	881	1042	1	0	1	881
CY207732.1	934	1016	1	0	1	934
CY207732.1	934	1094	1	0	1	934
CY207732.1	966	1175	0	1	1	1175
CY207732.1	973	1036	0	1	1	1036
CY207733.1	1018	1071	1	0	1	1018
CY207733.1	1082	1377	0	1	1	1377
CY207733.1	1173	1365	1	0	1	1173
CY207733.1	1226	1407	0	1	1	1407
CY207733.1	1239	1421	1	0	1	1239
CY207733.1	1266	1360	0	1	1	1360
CY207733.1	1297	1393	0	1	1	1393
CY207733.1	1360	1447	0	1	1	1447
CY207733.1	239	1417	1	0	1	239
CY207733.1	244	541	1	0	1	244
CY207733.1	244	787	1	0	1	244
CY207733.1	246	1435	135	3	138	246
CY207733.1	250	1439	1	0	1	250
CY207733.1	254	1444	3	0	3	254
CY207733.1	273	1473	1	0	1	273
CY207733.1	328	787	0	1	1	787
CY207733.1	370	1483	0	2	2	1483
CY207733.1	400	886	0	1	1	886
CY207733.1	402	1412	0	1	1	1412
CY207733.1	413	1406	14	16	30	413
CY207733.1	413	444	0	1	1	444
CY207733.1	446	1051	1	0	1	446
CY207733.1	489	1393	1	0	1	489
CY207733.1	500	1401	1	0	1	500
CY207733.1	544	1070	1	0	1	544
CY207733.1	553	1143	0	1	1	1143
CY207733.1	555	1096	1	0	1	555
CY207733.1	566	1357	1	0	1	566
CY207733.1	574	1405	1	0	1	574
CY207733.1	588	1231	0	1	1	1231
CY207733.1	619	710	0	1	1	710
CY207733.1	657	1264	0	1	1	1264
CY207733.1	661	722	1	0	1	661
CY207733.1	675	1414	1	0	1	675
CY207733.1	677	1205	0	1	1	1205
CY207733.1	696	1383	1	0	1	696
CY207733.1	720	1318	0	1	1	1318
CY207733.1	736	1317	1	0	1	736
CY207733.1	753	997	1	0	1	753
CY207733.1	781	1228	0	1	1	1228
CY207733.1	805	1418	0	1	1	1418
CY207733.1	860	1381	0	1	1	1381
CY207733.1	873	1552	0	1	1	1552
CY207733.1	898	1185	1	0	1	898
CY207733.1	902	1080	0	1	1	1080
CY207733.1	958	1414	1	0	1	958
CY207733.1	983	1490	1	0	1	983
CY207733.1	997	1054	1	0	1	997
CY207734.1	1017	1069	1	1	2	1017
CY207734.1	1019	1144	0	1	1	1144
CY207734.1	1026	1468	1	0	1	1026
CY207734.1	1086	1612	0	1	1	1612
CY207734.1	1123	1162	1	0	1	1123
CY207734.1	1187	1209	0	1	1	1209
CY207734.1	1251	1439	0	1	1	1439
CY207734.1	1260	1345	1	0	1	1260
CY207734.1	1280	1575	0	1	1	1575
CY207734.1	1301	1350	0	1	1	1350
CY207734.1	1325	1441	1	0	1	1325
CY207734.1	1349	1584	1	0	1	1349
CY207734.1	1468	1513	0	1	1	1513
CY207734.1	1519	1695	0	1	1	1695
CY207734.1	255	602	1	0	1	255
CY207734.1	288	822	1	0	1	288
CY207734.1	344	1353	0	1	1	1353
CY207734.1	347	798	0	1	1	798
CY207734.1	362	571	1	0	1	362
CY207734.1	379	931	0	1	1	931
CY207734.1	389	851	1	0	1	389
CY207734.1	391	983	0	1	1	983
CY207734.1	397	481	0	1	1	481
CY207734.1	401	598	1	0	1	401
CY207734.1	401	780	0	1	1	780
CY207734.1	408	531	1	0	1	408
CY207734.1	417	1542	0	1	1	1542
CY207734.1	419	1507	0	1	1	1507
CY207734.1	421	940	0	3	3	940
CY207734.1	422	1185	1	0	1	422
CY207734.1	422	896	0	1	1	896
CY207734.1	424	1380	0	1	1	1380
CY207734.1	427	1343	0	1	1	1343
CY207734.1	427	579	1	0	1	427
CY207734.1	432	1005	0	1	1	1005
CY207734.1	434	1388	0	1	1	1388
CY207734.1	439	1306	0	1	1	1306
CY207734.1	448	1287	0	1	1	1287
CY207734.1	450	981	1	0	1	450
CY207734.1	461	676	0	1	1	676
CY207734.1	463	1468	1	0	1	463
CY207734.1	465	1590	0	1	1	1590
CY207734.1	489	1065	0	1	1	1065
CY207734.1	521	1021	0	1	1	1021
CY207734.1	563	1158	0	1	1	1158
CY207734.1	580	1123	0	1	1	1123
CY207734.1	581	917	1	0	1	581
CY207734.1	583	1389	1	0	1	583
CY207734.1	583	891	1	0	1	583
CY207734.1	597	799	1	0	1	597
CY207734.1	619	1218	1	0	1	619
CY207734.1	620	1503	0	1	1	1503
CY207734.1	620	812	1	1	2	620
CY207734.1	653	850	0	1	1	850
CY207734.1	659	1003	1	0	1	659
CY207734.1	671	940	1	0	1	671
CY207734.1	679	1510	0	1	1	1510
CY207734.1	692	1711	0	1	1	1711
CY207734.1	710	1319	1	0	1	710
CY207734.1	723	1019	0	1	1	1019
CY207734.1	730	1566	0	1	1	1566
CY207734.1	732	910	1	0	1	732
CY207734.1	738	1515	1	0	1	738
CY207734.1	746	1322	1	0	1	746
CY207734.1	758	1362	1	0	1	758
CY207734.1	767	790	1	0	1	767
CY207734.1	776	1179	0	1	1	1179
CY207734.1	778	909	1	0	1	778
CY207734.1	809	930	1	0	1	809
CY207734.1	816	1588	0	1	1	1588
CY207734.1	825	1285	0	1	1	1285
CY207734.1	829	1146	0	1	1	1146
CY207734.1	833	1137	1	0	1	833
CY207734.1	839	872	0	1	1	872
CY207734.1	841	1622	1	1	2	841
CY207734.1	845	964	1	0	1	845
CY207734.1	870	1462	0	1	1	1462
CY207734.1	878	1648	0	1	1	1648
CY207734.1	896	1186	2	2	4	896
CY207734.1	899	1073	0	1	1	1073
CY207734.1	932	1701	0	1	1	1701
CY207734.1	940	1086	1	0	1	940
CY207734.1	954	1671	0	1	1	1671
CY207734.1	971	1042	2	2	4	971
CY207734.1	985	1121	1	0	1	985
CY207735.1	1014	1036	0	2	2	1036
CY207735.1	288	853	2	0	2	288
CY207735.1	288	965	6	0	6	288
CY207735.1	306	843	13	2	15	306
CY207735.1	470	705	1	0	1	470
CY207735.1	492	785	1	0	1	492
CY207735.1	499	729	2	0	2	499
CY207735.1	511	740	20	49	69	511
CY207735.1	533	594	1	3	4	533
CY207735.1	580	872	0	1	1	872
CY207736.1	1006	1100	0	1	1	1100
CY207736.1	1021	1092	1	0	1	1021
CY207736.1	1042	1693	0	1	1	1693
CY207736.1	1054	2060	1	0	1	1054
CY207736.1	1073	2355	0	1	1	2355
CY207736.1	1159	1697	0	1	1	1697
CY207736.1	1179	1822	1	0	1	1179
CY207736.1	1203	1797	0	1	1	1797
CY207736.1	1216	1878	0	1	1	1878
CY207736.1	1217	1434	0	1	1	1434
CY207736.1	1231	1315	1	0	1	1231
CY207736.1	1233	1676	0	1	1	1676
CY207736.1	1255	2109	0	1	1	2109
CY207736.1	1300	1963	0	1	1	1963
CY207736.1	1310	2361	0	1	1	2361
CY207736.1	1342	2060	0	1	1	2060
CY207736.1	1344	1672	1	0	1	1344
CY207736.1	1364	2100	0	1	1	2100
CY207736.1	1394	2014	0	1	1	2014
CY207736.1	1397	2290	0	1	1	2290
CY207736.1	1407	2248	1	0	1	1407
CY207736.1	1415	2256	0	1	1	2256
CY207736.1	1480	1823	1	0	1	1480
CY207736.1	1545	2294	0	1	1	2294
CY207736.1	1556	2206	0	1	1	2206
CY207736.1	1566	1995	2	3	5	1566
CY207736.1	1567	2043	0	1	1	2043
CY207736.1	1700	2007	0	1	1	2007
CY207736.1	1749	1828	1	0	1	1749
CY207736.1	1825	1850	5	10	15	1825
CY207736.1	1825	1932	1	0	1	1825
CY207736.1	1833	2349	0	1	1	2349
CY207736.1	1897	2126	0	1	1	2126
CY207736.1	1901	1947	18	50	68	1901
CY207736.1	1915	1972	12	7	19	1915
CY207736.1	2035	2212	1	0	1	2035
CY207736.1	2074	2153	1	0	1	2074
CY207736.1	2245	2283	0	1	1	2283
CY207736.1	243	479	1	0	1	243
CY207736.1	254	1654	1	0	1	254
CY207736.1	277	1713	0	1	1	1713
CY207736.1	278	934	1	0	1	278
CY207736.1	284	1762	3	0	3	284
CY207736.1	286	1503	1	0	1	286
CY207736.1	286	1949	1	0	1	286
CY207736.1	291	2148	31	14	45	291
CY207736.1	306	474	1	0	1	306
CY207736.1	308	1369	1	0	1	308
CY207736.1	310	2211	10	1	11	310
CY207736.1	313	1529	0	1	1	1529
CY207736.1	334	1775	4	5	9	334
CY207736.1	334	2133	0	3	3	2133
CY207736.1	349	1793	0	1	1	1793
CY207736.1	359	1803	0	1	1	1803
CY207736.1	370	1808	1	0	1	370
CY207736.1	376	1751	0	1	1	1751
CY207736.1	383	2141	5	38	43	383
CY207736.1	392	1018	0	1	1	1018
CY207736.1	404	2164	0	1	1	2164
CY207736.1	404	866	0	1	1	866
CY207736.1	408	461	3	3	6	408
CY207736.1	411	1583	0	1	1	1583
CY207736.1	416	864	2	0	2	416
CY207736.1	430	1637	11	0	11	430
CY207736.1	436	2017	6	17	23	436
CY207736.1	439	2031	0	2	2	2031
CY207736.1	470	1341	1	0	1	470
CY207736.1	470	760	1	0	1	470
CY207736.1	473	2028	3	5	8	473
CY207736.1	478	984	0	1	1	984
CY207736.1	479	2042	6	15	21	479
CY207736.1	482	2033	11	13	24	482
CY207736.1	490	513	8	1	9	490
CY207736.1	498	1287	0	1	1	1287
CY207736.1	512	2028	9	0	9	512
CY207736.1	523	1440	0	1	1	1440
CY207736.1	533	875	1	0	1	533
CY207736.1	555	2032	18	11	29	555
CY207736.1	561	2028	27	12	39	561
CY207736.1	561	2038	0	2	2	2038
CY207736.1	574	1933	1	0	1	574
CY207736.1	587	1931	1	0	1	587
CY207736.1	599	1355	2	0	2	599
CY207736.1	605	636	12	5	17	605
CY207736.1	608	1478	1	0	1	608
CY207736.1	608	1939	14	10	24	608
CY207736.1	619	1896	2	3	5	619
CY207736.1	657	1895	28	23	51	657
CY207736.1	672	1561	0	1	1	1561
CY207736.1	677	2019	0	1	1	2019
CY207736.1	678	1854	3	18	21	678
CY207736.1	678	1955	2	6	8	678
CY207736.1	687	1345	0	1	1	1345
CY207736.1	698	1796	0	1	1	1796
CY207736.1	698	1913	1	2	3	698
CY207736.1	702	1861	16	23	39	702
CY207736.1	728	1776	1	0	1	728
CY207736.1	730	778	7	8	15	730
CY207736.1	737	1944	1	0	1	737
CY207736.1	742	2270	0	1	1	2270
CY207736.1	745	943	0	1	1	943
CY207736.1	755	2065	4	0	4	755
CY207736.1	763	1875	4	0	4	763
CY207736.1	771	1889	4	0	4	771
CY207736.1	771	989	0	1	1	989
CY207736.1	773	1458	0	1	1	1458
CY207736.1	775	1889	77	42	119	775
CY207736.1	779	1900	0	1	1	1900
CY207736.1	805	833	2	0	2	805
CY207736.1	811	1899	1	0	1	811
CY207736.1	814	1710	1	0	1	814
CY207736.1	821	1868	3	1	4	821
CY207736.1	823	1719	0	1	1	1719
CY207736.1	823	906	1	0	1	823
CY207736.1	831	1308	0	1	1	1308
CY207736.1	843	1781	7	10	17	843
CY207736.1	846	1342	0	1	1	1342
CY207736.1	851	1695	1	5	6	851
CY207736.1	859	2033	0	1	1	2033
CY207736.1	880	1918	0	1	1	1918
CY207736.1	886	938	1	0	1	886
CY207736.1	902	1854	1	0	1	902
CY207736.1	910	1703	1	0	1	910
CY207736.1	917	2100	1	0	1	917
CY207736.1	925	2355	0	1	1	2355
CY207736.1	950	1520	1	0	1	950
CY207736.1	961	2353	0	11	11	2353
CY207736.1	967	2042	0	1	1	2042
CY207736.1	997	1297	1	0	1	997
CY207737.1	1022	1691	0	1	1	1691
CY207737.1	1107	2073	0	1	1	2073
CY207737.1	1149	1623	1	0	1	1149
CY207737.1	1177	1359	0	1	1	1359
CY207737.1	1262	2072	1	0	1	1262
CY207737.1	1313	2084	1	0	1	1313
CY207737.1	1322	1511	1	0	1	1322
CY207737.1	1351	1698	1	0	1	1351
CY207737.1	1376	1680	0	1	1	1680
CY207737.1	1380	2230	1	0	1	1380
CY207737.1	1392	1774	1	0	1	1392
CY207737.1	1431	1835	0	1	1	1835
CY207737.1	1556	2284	0	1	1	2284
CY207737.1	1558	2316	1	0	1	1558
CY207737.1	1630	1885	1	0	1	1630
CY207737.1	1670	2095	0	1	1	2095
CY207737.1	1673	2383	1	0	1	1673
CY207737.1	1699	2264	1	0	1	1699
CY207737.1	1786	2425	0	1	1	2425
CY207737.1	1833	1905	0	1	1	1905
CY207737.1	1984	2060	1	0	1	1984
CY207737.1	2012	2065	1	1	2	2012
CY207737.1	2136	2346	0	1	1	2346
CY207737.1	2165	2193	11	4	15	2165
CY207737.1	2171	2387	0	1	1	2387
CY207737.1	2203	2301	3	1	4	2203
CY207737.1	244	2220	1	0	1	244
CY207737.1	244	2306	2	0	2	244
CY207737.1	247	298	10	0	10	247
CY207737.1	262	2299	1	0	1	262
CY207737.1	263	318	3	0	3	263
CY207737.1	280	2322	51	2	53	280
CY207737.1	287	2101	2	0	2	287
CY207737.1	313	2120	4	0	4	313
CY207737.1	351	2449	1	5	6	351
CY207737.1	369	2480	0	1	1	2480
CY207737.1	372	2237	2	1	3	372
CY207737.1	373	919	1	0	1	373
CY207737.1	399	1160	1	0	1	399
CY207737.1	401	1251	1	0	1	401
CY207737.1	424	2093	8	0	8	424
CY207737.1	431	613	1	0	1	431
CY207737.1	437	1631	1	0	1	437
CY207737.1	451	1951	0	1	1	1951
CY207737.1	455	1371	1	0	1	455
CY207737.1	462	1823	1	0	1	462
CY207737.1	462	2094	3	12	15	462
CY207737.1	488	2303	14	4	18	488
CY207737.1	512	2269	1	0	1	512
CY207737.1	550	1206	1	0	1	550
CY207737.1	576	1588	0	1	1	1588
CY207737.1	599	1996	6	4	10	599
CY207737.1	636	1222	0	1	1	1222
CY207737.1	636	1337	0	1	1	1337
CY207737.1	643	2207	0	1	1	2207
CY207737.1	662	2472	0	1	1	2472
CY207737.1	670	1713	1	0	1	670
CY207737.1	674	1712	1	1	2	674
CY207737.1	679	878	1	0	1	679
CY207737.1	681	1720	1	6	7	681
CY207737.1	685	1125	1	0	1	685
CY207737.1	687	2101	0	1	1	2101
CY207737.1	690	1965	0	1	1	1965
CY207737.1	699	1621	1	0	1	699
CY207737.1	700	1604	1	0	1	700
CY207737.1	728	1788	14	10	24	728
CY207737.1	741	1796	0	1	1	1796
CY207737.1	747	1812	0	1	1	1812
CY207737.1	755	1638	0	1	1	1638
CY207737.1	770	2211	0	1	1	2211
CY207737.1	778	1879	0	1	1	1879
CY207737.1	792	1298	0	1	1	1298
CY207737.1	792	2130	0	1	1	2130
CY207737.1	793	1248	0	1	1	1248
CY207737.1	800	1059	1	0	1	800
CY207737.1	807	904	1	0	1	807
CY207737.1	813	1154	1	1	2	813
CY207737.1	821	1015	0	1	1	1015
CY207737.1	823	1363	0	1	1	1363
CY207737.1	824	1920	0	1	1	1920
CY207737.1	827	1201	0	1	1	1201
CY207737.1	833	1092	0	1	1	1092
CY207737.1	842	1383	2	0	2	842
CY207737.1	852	1009	0	1	1	1009
CY207737.1	864	1685	1	0	1	864
CY207737.1	865	920	0	1	1	920
CY207737.1	867	2012	0	1	1	2012
CY207737.1	913	1109	1	0	1	913
CY207737.1	935	1064	1	0	1	935
CY207737.1	941	1988	0	1	1	1988
CY207737.1	955	1539	0	1	1	1539
CY207737.1	955	1724	1	3	4	955
CY207738.1	1034	1130	0	1	1	1130
CY207738.1	1057	2245	0	1	1	2245
CY207738.1	1062	2248	6	5	11	1062
CY207738.1	1065	2252	0	1	1	2252
CY207738.1	1071	1828	1	0	1	1071
CY207738.1	1096	1448	1	0	1	1096
CY207738.1	1108	1706	0	1	1	1706
CY207738.1	1111	1993	0	1	1	1993
CY207738.1	1120	1649	0	1	1	1649
CY207738.1	1127	1828	0	1	1	1828
CY207738.1	1147	1446	1	0	1	1147
CY207738.1	1148	2049	0	1	1	2049
CY207738.1	1159	2294	1	0	1	1159
CY207738.1	1161	2217	0	1	1	2217
CY207738.1	1169	1674	0	1	1	1674
CY207738.1	1178	1284	3	2	5	1178
CY207738.1	1193	1652	0	1	1	1652
CY207738.1	1195	1623	0	1	1	1623
CY207738.1	1208	2301	0	1	1	2301
CY207738.1	1247	2325	2	0	2	1247
CY207738.1	1256	1573	0	1	1	1573
CY207738.1	1266	2179	0	1	1	2179
CY207738.1	1289	1662	1	0	1	1289
CY207738.1	1300	1675	1	0	1	1300
CY207738.1	1321	1872	1	0	1	1321
CY207738.1	1328	2386	0	1	1	2386
CY207738.1	1334	2475	0	1	1	2475
CY207738.1	1339	1956	0	1	1	1956
CY207738.1	1386	2012	0	1	1	2012
CY207738.1	1393	2039	1	4	5	1393
CY207738.1	1421	1505	0	1	1	1505
CY207738.1	1437	1539	1	0	1	1437
CY207738.1	1463	2106	0	1	1	2106
CY207738.1	1475	2374	1	0	1	1475
CY207738.1	1488	2297	1	0	1	1488
CY207738.1	1500	1671	1	0	1	1500
CY207738.1	1530	1814	1	0	1	1530
CY207738.1	1530	1861	1	0	1	1530
CY207738.1	1571	2146	8	5	13	1571
CY207738.1	1575	1735	0	1	1	1735
CY207738.1	1596	1828	1	0	1	1596
CY207738.1	1596	2237	0	1	1	2237
CY207738.1	1732	2298	0	1	1	2298
CY207738.1	1756	1830	0	1	1	1830
CY207738.1	1776	2167	1	0	1	1776
CY207738.1	1787	2201	1	0	1	1787
CY207738.1	1799	1968	0	1	1	1968
CY207738.1	1809	2001	0	1	1	2001
CY207738.1	1894	2386	1	0	1	1894
CY207738.1	1912	1967	1	0	1	1912
CY207738.1	1914	1949	0	1	1	1949
CY207738.1	1914	2361	0	1	1	2361
CY207738.1	1923	1952	1	0	1	1923
CY207738.1	2046	2307	0	1	1	2307
CY207738.1	2218	2391	1	0	1	2218
CY207738.1	249	1656	1	0	1	249
CY207738.1	278	808	1	0	1	278
CY207738.1	285	662	1	0	1	285
CY207738.1	298	1424	0	1	1	1424
CY207738.1	321	2331	1	0	1	321
CY207738.1	332	1228	0	1	1	1228
CY207738.1	347	1243	1	2	3	347
CY207738.1	370	1589	1	0	1	370
CY207738.1	376	2423	0	1	1	2423
CY207738.1	380	1267	0	1	1	1267
CY207738.1	386	2314	1	2	3	386
CY207738.1	389	1267	1	0	1	389
CY207738.1	395	568	1	0	1	395
CY207738.1	395	767	1	0	1	395
CY207738.1	402	927	0	1	1	927
CY207738.1	408	2215	0	1	1	2215
CY207738.1	412	2391	0	1	1	2391
CY207738.1	414	2221	0	1	1	2221
CY207738.1	421	1673	1	0	1	421
CY207738.1	424	1256	0	1	1	1256
CY207738.1	431	1652	1	0	1	431
CY207738.1	440	1581	1	0	1	440
CY207738.1	442	2203	1	0	1	442
CY207738.1	444	1103	0	1	1	1103
CY207738.1	454	2021	1	0	1	454
CY207738.1	469	1676	1	0	1	469
CY207738.1	470	2161	2	5	7	470
CY207738.1	472	2168	0	1	1	2168
CY207738.1	484	1622	0	1	1	1622
CY207738.1	484	1923	1	0	1	484
CY207738.1	484	2207	31	56	87	484
CY207738.1	493	1598	0	1	1	1598
CY207738.1	494	1710	1	0	1	494
CY207738.1	496	2014	0	1	1	2014
CY207738.1	496	2451	0	1	1	2451
CY207738.1	507	1205	0	1	1	1205
CY207738.1	519	1322	0	1	1	1322
CY207738.1	523	1285	1	0	1	523
CY207738.1	525	916	0	1	1	916
CY207738.1	529	980	1	0	1	529
CY207738.1	530	1604	0	1	1	1604
CY207738.1	534	1567	1	0	1	534
CY207738.1	541	2132	7	12	19	541
CY207738.1	577	1817	1	0	1	577
CY207738.1	595	738	0	1	1	738
CY207738.1	614	1119	0	1	1	1119
CY207738.1	632	790	1	0	1	632
CY207738.1	644	1996	6	6	12	644
CY207738.1	645	1732	0	1	1	1732
CY207738.1	647	2336	3	0	3	647
CY207738.1	682	818	0	1	1	818
CY207738.1	688	1647	1	0	1	688
CY207738.1	696	1661	1	0	1	696
CY207738.1	699	2214	1	0	1	699
CY207738.1	701	2385	0	1	1	2385
CY207738.1	718	1898	0	1	1	1898
CY207738.1	719	2086	1	0	1	719
CY207738.1	721	1955	6	14	20	721
CY207738.1	766	2052	1	0	1	766
CY207738.1	780	1813	1	0	1	780
CY207738.1	797	2325	0	1	1	2325
CY207738.1	798	1249	1	1	2	798
CY207738.1	847	1946	1	0	1	847
CY207738.1	851	1740	0	1	1	1740
CY207738.1	863	1038	1	0	1	863
CY207738.1	896	1101	1	0	1	896
CY207738.1	924	1092	0	1	1	1092
CY207738.1	928	1794	1	0	1	928
CY207738.1	938	1748	1	0	1	938
CY207738.1	975	2483	0	1	1	2483
