Segment	Start	Stop	Forward_support	Reverse_support	Total_support	Fuzz_factor
CY207731.1	1016	1685	1	0	1	1016
CY207731.1	1066	1357	1	0	1	1066
CY207731.1	1114	1809	0	1	1	1809
CY207731.1	1134	1729	1	0	1	1134
CY207731.1	1172	1553	0	1	1	1553
CY207731.1	1210	1711	0	1	1	1711
CY207731.1	1218	1352	1	0	1	1218
CY207731.1	1245	1844	1	0	1	1245
CY207731.1	1251	1899	0	1	1	1899
CY207731.1	1304	1326	1	1	2	1304
CY207731.1	1305	1805	0	1	1	1805
CY207731.1	1368	1418	1	0	1	1368
CY207731.1	1408	1720	0	1	1	1720
CY207731.1	1420	1799	1	0	1	1420
CY207731.1	1479	1804	0	1	1	1804
CY207731.1	1497	1774	0	1	1	1774
CY207731.1	1521	1649	1	0	1	1521
CY207731.1	1558	1749	0	1	1	1749
CY207731.1	1594	1628	1	0	1	1594
CY207731.1	1596	1656	0	1	1	1656
CY207731.1	1690	1742	1	0	1	1690
CY207731.1	1701	1744	0	1	1	1744
CY207731.1	1702	1733	0	1	1	1733
CY207731.1	1738	1783	1	1	2	1738
CY207731.1	1786	1871	0	1	1	1871
CY207731.1	259	1725	1	0	1	259
CY207731.1	262	1662	2	0	2	262
CY207731.1	272	1592	3	0	3	272
CY207731.1	279	1898	1	1	2	279
CY207731.1	282	1484	1	0	1	282
CY207731.1	282	1582	1	0	1	282
CY207731.1	287	1696	1	0	1	287
CY207731.1	287	1753	2	0	2	287
CY207731.1	290	1000	1	0	1	290
CY207731.1	308	1750	1	0	1	308
CY207731.1	320	1108	0	1	1	1108
CY207731.1	334	871	1	0	1	334
CY207731.1	351	1476	0	1	1	1476
CY207731.1	384	1728	2	2	4	384
CY207731.1	385	1153	1	1	2	385
CY207731.1	394	1529	1	0	1	394
CY207731.1	423	1503	1	0	1	423
CY207731.1	427	1868	0	1	1	1868
CY207731.1	430	1208	0	1	1	1208
CY207731.1	438	1663	0	1	1	1663
CY207731.1	440	666	0	1	1	666
CY207731.1	442	1150	1	0	1	442
CY207731.1	451	1115	0	1	1	1115
CY207731.1	453	1130	0	1	1	1130
CY207731.1	457	1362	1	0	1	457
CY207731.1	478	936	1	0	1	478
CY207731.1	481	597	1	0	1	481
CY207731.1	486	1661	1	0	1	486
CY207731.1	521	656	1	0	1	521
CY207731.1	528	1710	1	0	1	528
CY207731.1	532	1613	0	1	1	1613
CY207731.1	542	1623	1	0	1	542
CY207731.1	543	1499	1	0	1	543
CY207731.1	544	1512	0	1	1	1512
CY207731.1	561	1018	1	1	2	561
CY207731.1	565	1641	1	0	1	565
CY207731.1	567	1619	1	0	1	567
CY207731.1	568	1204	1	1	2	568
CY207731.1	583	1491	1	0	1	583
CY207731.1	585	1752	0	1	1	1752
CY207731.1	598	1880	0	1	1	1880
CY207731.1	611	918	1	0	1	611
CY207731.1	633	665	0	1	1	665
CY207731.1	636	862	1	0	1	636
CY207731.1	643	1734	1	0	1	643
CY207731.1	707	1246	0	1	1	1246
CY207731.1	716	1339	0	1	1	1339
CY207731.1	759	863	0	1	1	863
CY207731.1	810	1750	0	1	1	1750
CY207731.1	817	1191	1	0	1	817
CY207731.1	823	1879	0	1	1	1879
CY207731.1	826	1248	1	0	1	826
CY207731.1	888	1734	1	0	1	888
CY207731.1	909	1497	0	1	1	1497
CY207731.1	933	1208	0	1	1	1208
CY207731.1	940	1852	0	1	1	1852
CY207731.1	954	1440	1	0	1	954
CY207732.1	1050	1104	0	1	1	1104
CY207732.1	1065	1091	1	0	1	1065
CY207732.1	242	566	1	0	1	242
CY207732.1	254	548	1	0	1	254
CY207732.1	259	1061	1	0	1	259
CY207732.1	260	302	1	0	1	260
CY207732.1	275	657	2	0	2	275
CY207732.1	275	728	1	0	1	275
CY207732.1	306	1092	0	1	1	1092
CY207732.1	308	765	1	0	1	308
CY207732.1	343	385	1	0	1	343
CY207732.1	348	707	1	0	1	348
CY207732.1	349	822	0	1	1	822
CY207732.1	357	800	0	2	2	800
CY207732.1	366	1064	1	0	1	366
CY207732.1	384	1133	0	1	1	1133
CY207732.1	392	1140	0	1	1	1140
CY207732.1	393	1137	0	1	1	1137
CY207732.1	393	430	0	1	1	430
CY207732.1	395	677	0	1	1	677
CY207732.1	396	1013	1	0	1	396
CY207732.1	396	787	0	1	1	787
CY207732.1	399	923	1	0	1	399
CY207732.1	408	1061	0	1	1	1061
CY207732.1	408	665	0	1	1	665
CY207732.1	424	830	0	1	1	830
CY207732.1	430	599	0	1	1	599
CY207732.1	434	678	0	1	1	678
CY207732.1	438	1052	0	1	1	1052
CY207732.1	484	1133	0	1	1	1133
CY207732.1	487	1166	0	1	1	1166
CY207732.1	500	606	0	1	1	606
CY207732.1	500	954	0	1	1	954
CY207732.1	502	1041	1	0	1	502
CY207732.1	506	536	0	1	1	536
CY207732.1	511	600	0	1	1	600
CY207732.1	512	601	1	0	1	512
CY207732.1	518	992	1	0	1	518
CY207732.1	544	1161	0	1	1	1161
CY207732.1	554	807	0	1	1	807
CY207732.1	555	1032	0	1	1	1032
CY207732.1	564	830	0	1	1	830
CY207732.1	586	689	1	0	1	586
CY207732.1	593	1023	0	1	1	1023
CY207732.1	598	899	0	1	1	899
CY207732.1	607	942	0	1	1	942
CY207732.1	623	1148	0	1	1	1148
CY207732.1	625	1062	0	1	1	1062
CY207732.1	633	1155	0	1	1	1155
CY207732.1	656	827	1	0	1	656
CY207732.1	667	862	0	1	1	862
CY207732.1	668	962	1	0	1	668
CY207732.1	683	1029	1	0	1	683
CY207732.1	685	839	0	2	2	839
CY207732.1	693	930	0	1	1	930
CY207732.1	707	740	0	1	1	740
CY207732.1	712	819	0	1	1	819
CY207732.1	718	860	1	1	2	718
CY207732.1	721	1019	1	0	1	721
CY207732.1	743	846	1	0	1	743
CY207732.1	745	1159	0	1	1	1159
CY207732.1	769	1102	1	0	1	769
CY207732.1	772	1021	1	0	1	772
CY207732.1	783	1079	1	0	1	783
CY207732.1	790	833	0	1	1	833
CY207732.1	792	862	0	1	1	862
CY207732.1	795	841	1	0	1	795
CY207732.1	810	980	1	0	1	810
CY207732.1	818	854	1	0	1	818
CY207732.1	821	863	1	0	1	821
CY207732.1	824	867	0	1	1	867
CY207732.1	903	1080	0	1	1	1080
CY207732.1	923	993	1	0	1	923
CY207732.1	924	1040	1	0	1	924
CY207732.1	951	1002	1	0	1	951
CY207732.1	955	1032	1	0	1	955
CY207733.1	1016	1081	1	0	1	1016
CY207733.1	1079	1163	0	1	1	1163
CY207733.1	1105	1208	0	1	1	1208
CY207733.1	1203	1408	1	0	1	1203
CY207733.1	1211	1470	1	0	1	1211
CY207733.1	1248	1480	0	1	1	1480
CY207733.1	1299	1595	0	1	1	1595
CY207733.1	1405	1483	1	0	1	1405
CY207733.1	1409	1480	1	0	1	1409
CY207733.1	1563	1588	0	1	1	1588
CY207733.1	245	1229	3	0	3	245
CY207733.1	256	1402	1	0	1	256
CY207733.1	259	1501	1	0	1	259
CY207733.1	262	1377	1	0	1	262
CY207733.1	269	1414	1	0	1	269
CY207733.1	270	1402	3	0	3	270
CY207733.1	270	301	1	0	1	270
CY207733.1	274	1029	1	0	1	274
CY207733.1	279	1405	1	0	1	279
CY207733.1	281	1097	1	0	1	281
CY207733.1	285	1507	3	0	3	285
CY207733.1	322	1402	0	1	1	1402
CY207733.1	330	1309	0	1	1	1309
CY207733.1	344	995	1	0	1	344
CY207733.1	365	1475	0	1	1	1475
CY207733.1	370	1293	0	1	1	1293
CY207733.1	383	933	0	1	1	933
CY207733.1	384	1232	1	0	1	384
CY207733.1	389	1135	0	1	1	1135
CY207733.1	406	444	0	1	1	444
CY207733.1	418	1389	0	1	1	1389
CY207733.1	523	852	0	1	1	852
CY207733.1	530	1403	1	1	2	530
CY207733.1	573	1539	0	1	1	1539
CY207733.1	574	1202	1	0	1	574
CY207733.1	589	1160	1	0	1	589
CY207733.1	589	997	1	0	1	589
CY207733.1	612	683	1	0	1	612
CY207733.1	637	758	1	0	1	637
CY207733.1	655	933	0	1	1	933
CY207733.1	673	961	0	1	1	961
CY207733.1	704	820	0	1	1	820
CY207733.1	717	1038	0	1	1	1038
CY207733.1	777	1223	1	0	1	777
CY207733.1	868	1023	0	1	1	1023
CY207733.1	984	1446	0	1	1	1446
CY207733.1	986	1388	1	0	1	986
CY207734.1	1059	1491	1	0	1	1059
CY207734.1	1120	1144	0	1	1	1144
CY207734.1	1123	1205	1	0	1	1123
CY207734.1	1127	1456	0	1	1	1456
CY207734.1	1153	1304	0	1	1	1304
CY207734.1	1163	1246	0	1	1	1246
CY207734.1	1231	1464	0	1	1	1464
CY207734.1	1250	1492	1	0	1	1250
CY207734.1	1298	1492	1	0	1	1298
CY207734.1	1333	1487	0	1	1	1487
CY207734.1	1424	1547	0	1	1	1547
CY207734.1	1442	1566	1	0	1	1442
CY207734.1	1513	1555	1	0	1	1513
CY207734.1	1534	1588	0	1	1	1588
CY207734.1	1628	1687	0	1	1	1687
CY207734.1	242	1575	1	0	1	242
CY207734.1	246	603	1	0	1	246
CY207734.1	268	1390	1	0	1	268
CY207734.1	268	1622	1	0	1	268
CY207734.1	269	1600	25	0	25	269
CY207734.1	275	805	1	0	1	275
CY207734.1	280	546	1	0	1	280
CY207734.1	281	1356	1	0	1	281
CY207734.1	282	1588	1	0	1	282
CY207734.1	282	347	2	0	2	282
CY207734.1	288	822	1	0	1	288
CY207734.1	315	387	0	1	1	387
CY207734.1	319	867	0	1	1	867
CY207734.1	319	905	0	1	1	905
CY207734.1	346	817	0	1	1	817
CY207734.1	364	757	1	0	1	364
CY207734.1	392	1531	0	1	1	1531
CY207734.1	393	1035	0	1	1	1035
CY207734.1	396	1405	0	1	1	1405
CY207734.1	402	1420	0	1	1	1420
CY207734.1	404	1482	1	0	1	404
CY207734.1	406	1591	0	1	1	1591
CY207734.1	412	677	0	1	1	677
CY207734.1	422	1482	1	0	1	422
CY207734.1	422	1578	0	1	1	1578
CY207734.1	432	1440	0	1	1	1440
CY207734.1	441	1405	0	1	1	1405
CY207734.1	441	1430	0	1	1	1430
CY207734.1	473	1430	0	2	2	1430
CY207734.1	481	1589	0	1	1	1589
CY207734.1	501	550	1	0	1	501
CY207734.1	509	1007	1	0	1	509
CY207734.1	516	797	0	1	1	797
CY207734.1	534	566	1	0	1	534
CY207734.1	538	1560	1	0	1	538
CY207734.1	540	708	0	1	1	708
CY207734.1	544	1534	1	0	1	544
CY207734.1	552	1157	0	1	1	1157
CY207734.1	555	750	0	1	1	750
CY207734.1	591	711	0	1	1	711
CY207734.1	597	1205	1	0	1	597
CY207734.1	636	1227	1	0	1	636
CY207734.1	642	908	0	1	1	908
CY207734.1	663	738	0	1	1	738
CY207734.1	676	1242	0	1	1	1242
CY207734.1	698	931	1	0	1	698
CY207734.1	713	799	1	0	1	713
CY207734.1	715	817	1	0	1	715
CY207734.1	720	1357	1	0	1	720
CY207734.1	724	1498	1	0	1	724
CY207734.1	772	1296	1	0	1	772
CY207734.1	815	1232	0	1	1	1232
CY207734.1	833	1511	2	0	2	833
CY207734.1	843	1368	0	1	1	1368
CY207734.1	846	1512	0	1	1	1512
CY207734.1	850	888	0	1	1	888
CY207734.1	875	1470	0	1	1	1470
CY207734.1	899	1491	1	0	1	899
CY207734.1	912	1469	0	1	1	1469
CY207734.1	928	1369	1	0	1	928
CY207734.1	940	1225	0	1	1	1225
CY207734.1	971	1042	0	1	1	1042
CY207734.1	977	1278	0	1	1	1278
CY207734.1	982	1426	0	1	1	1426
CY207735.1	258	921	1	0	1	258
CY207735.1	259	290	1	0	1	259
CY207735.1	268	935	2	0	2	268
CY207735.1	273	385	1	0	1	273
CY207735.1	273	875	1	0	1	273
CY207735.1	273	922	2	0	2	273
CY207735.1	287	943	2	0	2	287
CY207735.1	289	460	1	0	1	289
CY207735.1	290	877	1	0	1	290
CY207735.1	342	576	1	1	2	342
CY207735.1	350	845	0	1	1	845
CY207735.1	358	561	0	1	1	561
CY207735.1	362	525	1	0	1	362
CY207735.1	416	808	2	1	3	416
CY207735.1	444	502	1	0	1	444
CY207735.1	511	740	7	15	22	511
CY207735.1	519	746	2	1	3	519
CY207735.1	548	839	3	2	5	548
CY207735.1	645	768	1	0	1	645
CY207735.1	759	853	1	0	1	759
CY207735.1	850	889	1	0	1	850
CY207736.1	1009	2174	1	0	1	1009
CY207736.1	1059	1145	0	1	1	1145
CY207736.1	1082	1975	0	1	1	1975
CY207736.1	1087	1368	0	1	1	1368
CY207736.1	1092	2294	1	2	3	1092
CY207736.1	1095	2005	0	2	2	2005
CY207736.1	1097	1652	1	0	1	1097
CY207736.1	1100	2013	0	1	1	2013
CY207736.1	1116	1618	1	0	1	1116
CY207736.1	1121	1964	0	1	1	1964
CY207736.1	1209	1957	0	2	2	1957
CY207736.1	1215	2347	0	2	2	2347
CY207736.1	1228	2209	0	1	1	2209
CY207736.1	1252	2072	0	1	1	2072
CY207736.1	1258	1647	0	2	2	1647
CY207736.1	1335	1468	0	1	1	1468
CY207736.1	1401	1915	0	1	1	1915
CY207736.1	1497	2251	1	0	1	1497
CY207736.1	1503	1950	1	0	1	1503
CY207736.1	1549	1756	0	1	1	1756
CY207736.1	1587	2286	1	0	1	1587
CY207736.1	1607	2063	1	0	1	1607
CY207736.1	1622	1980	0	1	1	1980
CY207736.1	1639	1776	0	1	1	1776
CY207736.1	1700	1978	0	1	1	1978
CY207736.1	1703	1956	0	1	1	1956
CY207736.1	1725	2019	0	1	1	2019
CY207736.1	1834	2256	1	0	1	1834
CY207736.1	1852	2164	0	1	1	2164
CY207736.1	1855	1941	0	1	1	1941
CY207736.1	1959	2188	0	1	1	2188
CY207736.1	1993	2215	2	2	4	1993
CY207736.1	1997	2057	0	1	1	2057
CY207736.1	2008	2063	0	1	1	2063
CY207736.1	2010	2059	0	2	2	2059
CY207736.1	2029	2062	1	0	1	2029
CY207736.1	2132	2170	1	1	2	2132
CY207736.1	2132	2213	12	4	16	2132
CY207736.1	2139	2185	0	1	1	2185
CY207736.1	2152	2192	0	1	1	2192
CY207736.1	2193	2225	1	0	1	2193
CY207736.1	2221	2264	0	1	1	2264
CY207736.1	235	2012	2	0	2	235
CY207736.1	266	1298	1	0	1	266
CY207736.1	268	291	0	1	1	291
CY207736.1	268	305	1	0	1	268
CY207736.1	273	2032	1	0	1	273
CY207736.1	279	336	9	0	9	279
CY207736.1	280	315	1	0	1	280
CY207736.1	281	314	3	0	3	281
CY207736.1	283	686	2	0	2	283
CY207736.1	286	2170	5	1	6	286
CY207736.1	292	365	4	0	4	292
CY207736.1	293	2155	1	0	1	293
CY207736.1	310	2140	0	1	1	2140
CY207736.1	312	2259	1	0	1	312
CY207736.1	319	1950	0	1	1	1950
CY207736.1	325	1893	1	0	1	325
CY207736.1	327	2217	0	2	2	2217
CY207736.1	331	2180	0	1	1	2180
CY207736.1	332	1896	14	0	14	332
CY207736.1	332	2149	0	1	1	2149
CY207736.1	332	392	0	1	1	392
CY207736.1	334	2028	0	1	1	2028
CY207736.1	334	2133	1	10	11	334
CY207736.1	334	2148	0	3	3	2148
CY207736.1	334	2201	1	0	1	334
CY207736.1	334	404	37	36	73	334
CY207736.1	334	467	0	1	1	467
CY207736.1	335	2224	1	0	1	335
CY207736.1	344	2149	0	1	1	2149
CY207736.1	352	1916	0	1	1	1916
CY207736.1	359	2148	0	1	1	2148
CY207736.1	359	2198	0	1	1	2198
CY207736.1	360	2142	0	3	3	2142
CY207736.1	360	2283	1	0	1	360
CY207736.1	361	2172	0	5	5	2172
CY207736.1	362	2185	0	1	1	2185
CY207736.1	363	2203	1	0	1	363
CY207736.1	364	2171	0	3	3	2171
CY207736.1	365	2143	1	5	6	365
CY207736.1	365	2365	0	1	1	2365
CY207736.1	367	2160	0	1	1	2160
CY207736.1	367	2182	0	2	2	2182
CY207736.1	368	1300	0	1	1	1300
CY207736.1	375	2153	0	5	5	2153
CY207736.1	377	2120	2	2	4	377
CY207736.1	380	2153	0	2	2	2153
CY207736.1	380	2242	6	8	14	380
CY207736.1	383	2141	1	1	2	383
CY207736.1	385	2027	0	2	2	2027
CY207736.1	385	2147	2	0	2	385
CY207736.1	385	2152	0	1	1	2152
CY207736.1	386	2144	61	312	373	386
CY207736.1	387	2145	0	1	1	2145
CY207736.1	390	2133	0	3	3	2133
CY207736.1	391	2161	0	1	1	2161
CY207736.1	392	2150	0	2	2	2150
CY207736.1	394	2152	0	1	1	2152
CY207736.1	396	1898	0	1	1	1898
CY207736.1	403	2141	0	1	1	2141
CY207736.1	404	2164	1	19	20	404
CY207736.1	405	2134	52	151	203	405
CY207736.1	406	2155	0	15	15	2155
CY207736.1	407	2134	0	1	1	2134
CY207736.1	408	1189	1	0	1	408
CY207736.1	409	2118	0	1	1	2118
CY207736.1	409	2148	0	4	4	2148
CY207736.1	415	2027	0	1	1	2027
CY207736.1	421	2135	0	1	1	2135
CY207736.1	427	1065	0	1	1	1065
CY207736.1	429	1624	1	0	1	429
CY207736.1	429	2076	0	1	1	2076
CY207736.1	430	2028	2	1	3	430
CY207736.1	430	2133	0	1	1	2133
CY207736.1	430	2174	0	1	1	2174
CY207736.1	434	2242	2	0	2	434
CY207736.1	435	2143	1	11	12	435
CY207736.1	435	2167	0	1	1	2167
CY207736.1	436	2141	0	1	1	2141
CY207736.1	437	2149	0	1	1	2149
CY207736.1	437	2245	131	107	238	437
CY207736.1	438	1346	1	0	1	438
CY207736.1	440	2247	2	0	2	440
CY207736.1	448	2006	1	1	2	448
CY207736.1	449	2271	133	147	280	449
CY207736.1	451	2072	3	1	4	451
CY207736.1	453	2041	1	0	1	453
CY207736.1	453	2185	1	0	1	453
CY207736.1	454	2163	1	2	3	454
CY207736.1	455	2065	2	1	3	455
CY207736.1	455	2149	0	2	2	2149
CY207736.1	457	1089	1	0	1	457
CY207736.1	460	2000	1	0	1	460
CY207736.1	461	1403	1	0	1	461
CY207736.1	461	2295	1	0	1	461
CY207736.1	470	1380	0	1	1	1380
CY207736.1	471	2051	1	0	1	471
CY207736.1	472	2001	2	0	2	472
CY207736.1	475	2017	2	1	3	475
CY207736.1	477	2063	1	2	3	477
CY207736.1	479	2049	1	0	1	479
CY207736.1	483	2010	1	0	1	483
CY207736.1	483	2168	0	1	1	2168
CY207736.1	487	2043	0	1	1	2043
CY207736.1	490	2028	10	6	16	490
CY207736.1	490	524	1	0	1	490
CY207736.1	492	2143	1	0	1	492
CY207736.1	493	1999	1	0	1	493
CY207736.1	495	2030	0	1	1	2030
CY207736.1	497	2046	0	2	2	2046
CY207736.1	497	2156	0	1	1	2156
CY207736.1	499	1957	21	5	26	499
CY207736.1	500	2029	0	1	1	2029
CY207736.1	500	2064	0	1	1	2064
CY207736.1	501	2142	0	2	2	2142
CY207736.1	503	1954	1	0	1	503
CY207736.1	503	1998	0	1	1	1998
CY207736.1	504	784	1	0	1	504
CY207736.1	509	2163	1	0	1	509
CY207736.1	512	1895	1	0	1	512
CY207736.1	512	2046	2	0	2	512
CY207736.1	514	1870	2	0	2	514
CY207736.1	520	2147	2	1	3	520
CY207736.1	520	2191	1	0	1	520
CY207736.1	521	1982	2	0	2	521
CY207736.1	524	2149	1	0	1	524
CY207736.1	533	1448	1	0	1	533
CY207736.1	548	1499	1	0	1	548
CY207736.1	550	1867	0	1	1	1867
CY207736.1	551	1951	1	0	1	551
CY207736.1	554	1939	1	0	1	554
CY207736.1	554	1957	6	1	7	554
CY207736.1	554	2009	2	0	2	554
CY207736.1	554	2012	0	2	2	2012
CY207736.1	555	2007	0	1	1	2007
CY207736.1	555	2064	0	1	1	2064
CY207736.1	557	2007	1	0	1	557
CY207736.1	559	1942	52	35	87	559
CY207736.1	559	1995	4	0	4	559
CY207736.1	564	2046	2	0	2	564
CY207736.1	564	904	1	0	1	564
CY207736.1	576	1999	1	0	1	576
CY207736.1	576	2005	23	20	43	576
CY207736.1	593	1931	2	2	4	593
CY207736.1	594	1918	0	1	1	1918
CY207736.1	595	1912	5	3	8	595
CY207736.1	597	1814	1	0	1	597
CY207736.1	597	1906	1	0	1	597
CY207736.1	603	1888	0	1	1	1888
CY207736.1	605	2024	0	1	1	2024
CY207736.1	606	1842	1	0	1	606
CY207736.1	607	1868	2	0	2	607
CY207736.1	608	1996	1	0	1	608
CY207736.1	609	1768	0	1	1	1768
CY207736.1	609	1981	1	0	1	609
CY207736.1	611	1953	1	0	1	611
CY207736.1	612	1934	0	1	1	1934
CY207736.1	616	1826	1	0	1	616
CY207736.1	616	1911	1	0	1	616
CY207736.1	617	1951	0	1	1	1951
CY207736.1	618	1920	1	0	1	618
CY207736.1	619	1956	2	1	3	619
CY207736.1	623	1938	1	0	1	623
CY207736.1	625	1900	1	0	1	625
CY207736.1	629	1912	0	1	1	1912
CY207736.1	640	1476	1	0	1	640
CY207736.1	644	1646	1	0	1	644
CY207736.1	645	2035	1	0	1	645
CY207736.1	645	673	0	1	1	673
CY207736.1	650	1714	1	1	2	650
CY207736.1	652	1857	0	1	1	1857
CY207736.1	653	1920	1	0	1	653
CY207736.1	655	1909	0	1	1	1909
CY207736.1	667	1941	0	1	1	1941
CY207736.1	673	1870	0	1	1	1870
CY207736.1	678	1955	1	0	1	678
CY207736.1	685	1904	0	1	1	1904
CY207736.1	686	1952	0	2	2	1952
CY207736.1	686	2226	0	1	1	2226
CY207736.1	688	780	1	0	1	688
CY207736.1	695	1743	0	1	1	1743
CY207736.1	696	779	1	0	1	696
CY207736.1	702	1861	16	13	29	702
CY207736.1	711	1890	1	0	1	711
CY207736.1	716	811	1	0	1	716
CY207736.1	723	1647	1	0	1	723
CY207736.1	723	1994	1	1	2	723
CY207736.1	727	1783	1	0	1	727
CY207736.1	727	1842	1	0	1	727
CY207736.1	728	1871	2	0	2	728
CY207736.1	729	1726	0	1	1	1726
CY207736.1	734	1713	1	0	1	734
CY207736.1	736	1738	3	4	7	736
CY207736.1	743	1886	1	0	1	743
CY207736.1	748	1915	1	0	1	748
CY207736.1	749	2064	0	1	1	2064
CY207736.1	752	1896	0	1	1	1896
CY207736.1	753	1535	1	0	1	753
CY207736.1	767	2257	1	0	1	767
CY207736.1	773	1598	1	0	1	773
CY207736.1	773	1827	1	0	1	773
CY207736.1	773	1889	1	0	1	773
CY207736.1	775	1764	0	1	1	1764
CY207736.1	779	1900	1	0	1	779
CY207736.1	787	1864	1	0	1	787
CY207736.1	791	2019	0	1	1	2019
CY207736.1	794	1666	1	0	1	794
CY207736.1	810	1761	1	0	1	810
CY207736.1	813	1657	2	1	3	813
CY207736.1	823	1667	2	0	2	823
CY207736.1	825	1792	0	1	1	1792
CY207736.1	825	2293	0	1	1	2293
CY207736.1	830	1697	1	0	1	830
CY207736.1	831	1308	1	0	1	831
CY207736.1	835	1811	1	0	1	835
CY207736.1	840	1950	0	1	1	1950
CY207736.1	845	1563	0	1	1	1563
CY207736.1	846	1797	1	0	1	846
CY207736.1	880	1637	0	1	1	1637
CY207736.1	883	1950	0	1	1	1950
CY207736.1	886	938	0	1	1	938
CY207736.1	888	2155	0	1	1	2155
CY207736.1	900	1624	1	0	1	900
CY207736.1	924	1972	1	0	1	924
CY207736.1	938	1626	0	1	1	1626
CY207736.1	946	2365	0	1	1	2365
CY207737.1	1058	2287	0	1	1	2287
CY207737.1	1066	1595	1	0	1	1066
CY207737.1	1091	1595	0	1	1	1595
CY207737.1	1163	2222	0	1	1	2222
CY207737.1	1381	1732	1	0	1	1381
CY207737.1	1527	2219	1	0	1	1527
CY207737.1	1532	1988	0	1	1	1988
CY207737.1	1576	1714	0	1	1	1714
CY207737.1	1589	2211	1	0	1	1589
CY207737.1	1663	1755	0	1	1	1755
CY207737.1	1724	1998	0	1	1	1998
CY207737.1	1757	2111	1	0	1	1757
CY207737.1	2010	2135	1	0	1	2010
CY207737.1	2069	2112	2	0	2	2069
CY207737.1	2177	2204	4	0	4	2177
CY207737.1	2181	2204	2	1	3	2181
CY207737.1	2283	2322	3	1	4	2283
CY207737.1	2283	2379	0	1	1	2379
CY207737.1	2290	2356	3	1	4	2290
CY207737.1	2322	2380	0	1	1	2380
CY207737.1	2331	2355	1	0	1	2331
CY207737.1	238	2425	1	0	1	238
CY207737.1	2413	2450	0	1	1	2450
CY207737.1	2420	2491	0	1	1	2491
CY207737.1	2423	2452	0	1	1	2452
CY207737.1	244	2220	1	0	1	244
CY207737.1	247	289	2	0	2	247
CY207737.1	248	2452	1	1	2	248
CY207737.1	248	273	3	0	3	248
CY207737.1	264	2226	1	0	1	264
CY207737.1	265	308	34	2	36	265
CY207737.1	268	2195	1	0	1	268
CY207737.1	282	2137	1	0	1	282
CY207737.1	285	2240	1	0	1	285
CY207737.1	286	2242	1	0	1	286
CY207737.1	286	2425	2	0	2	286
CY207737.1	288	2243	32	5	37	288
CY207737.1	291	2246	1	0	1	291
CY207737.1	312	2254	2	0	2	312
CY207737.1	312	2325	1	0	1	312
CY207737.1	326	2356	1	0	1	326
CY207737.1	332	2287	4	0	4	332
CY207737.1	335	2325	4	1	5	335
CY207737.1	354	2463	0	1	1	2463
CY207737.1	358	1317	1	0	1	358
CY207737.1	362	2295	2	0	2	362
CY207737.1	371	1332	2	2	4	371
CY207737.1	373	2199	0	1	1	2199
CY207737.1	384	797	1	0	1	384
CY207737.1	386	2223	0	1	1	2223
CY207737.1	388	2209	0	4	4	2209
CY207737.1	393	2210	0	2	2	2210
CY207737.1	404	1131	1	0	1	404
CY207737.1	405	2242	1	0	1	405
CY207737.1	436	2178	1	1	2	436
CY207737.1	451	2154	1	0	1	451
CY207737.1	458	2120	1	0	1	458
CY207737.1	461	2302	2	1	3	461
CY207737.1	462	2207	0	1	1	2207
CY207737.1	464	2227	0	1	1	2227
CY207737.1	466	2094	0	12	12	2094
CY207737.1	468	2209	0	1	1	2209
CY207737.1	474	2289	0	1	1	2289
CY207737.1	477	2190	0	1	1	2190
CY207737.1	480	2102	0	1	1	2102
CY207737.1	482	1193	1	0	1	482
CY207737.1	491	2185	0	1	1	2185
CY207737.1	492	2239	1	0	1	492
CY207737.1	502	2274	2	0	2	502
CY207737.1	503	2145	3	1	4	503
CY207737.1	507	1888	1	0	1	507
CY207737.1	517	2205	0	1	1	2205
CY207737.1	530	2192	0	1	1	2192
CY207737.1	535	2142	1	0	1	535
CY207737.1	536	2321	3	0	3	536
CY207737.1	537	2081	1	0	1	537
CY207737.1	549	2218	1	0	1	549
CY207737.1	571	2271	1	0	1	571
CY207737.1	572	1106	1	0	1	572
CY207737.1	574	2293	1	0	1	574
CY207737.1	576	1757	1	0	1	576
CY207737.1	583	2308	57	9	66	583
CY207737.1	599	2094	0	2	2	2094
CY207737.1	604	2239	1	0	1	604
CY207737.1	611	2348	0	1	1	2348
CY207737.1	613	2094	0	1	1	2094
CY207737.1	627	2019	1	0	1	627
CY207737.1	643	2094	1	0	1	643
CY207737.1	647	2054	1	0	1	647
CY207737.1	657	2173	4	1	5	657
CY207737.1	662	2086	1	0	1	662
CY207737.1	671	2283	1	0	1	671
CY207737.1	681	1688	1	0	1	681
CY207737.1	683	2095	1	2	3	683
CY207737.1	689	1882	1	0	1	689
CY207737.1	690	1824	0	1	1	1824
CY207737.1	709	2052	0	1	1	2052
CY207737.1	726	790	0	1	1	790
CY207737.1	727	1898	0	1	1	1898
CY207737.1	729	2025	0	1	1	2025
CY207737.1	731	2020	0	1	1	2020
CY207737.1	736	767	0	1	1	767
CY207737.1	742	1895	0	1	1	1895
CY207737.1	753	2027	0	1	1	2027
CY207737.1	760	1991	0	1	1	1991
CY207737.1	762	1397	0	1	1	1397
CY207737.1	776	1813	0	1	1	1813
CY207737.1	777	1988	2	0	2	777
CY207737.1	778	1810	0	1	1	1810
CY207737.1	779	2474	0	1	1	2474
CY207737.1	790	1926	0	1	1	1926
CY207737.1	801	1837	0	1	1	1837
CY207737.1	803	1650	0	1	1	1650
CY207737.1	803	2440	0	1	1	2440
CY207737.1	811	1829	0	1	1	1829
CY207737.1	815	884	0	1	1	884
CY207737.1	824	1828	1	1	2	824
CY207737.1	826	851	0	1	1	851
CY207737.1	827	1201	0	1	1	1201
CY207737.1	845	1855	1	1	2	845
CY207737.1	846	2034	0	1	1	2034
CY207737.1	858	1800	0	1	1	1800
CY207737.1	867	939	1	0	1	867
CY207737.1	874	1899	1	0	1	874
CY207737.1	879	1790	0	1	1	1790
CY207737.1	899	1907	1	0	1	899
CY207737.1	899	2139	0	1	1	2139
CY207737.1	941	1988	1	0	1	941
CY207737.1	944	1407	1	0	1	944
CY207737.1	964	1613	1	0	1	964
CY207737.1	994	1701	0	1	1	1701
CY207738.1	1002	2401	1	0	1	1002
CY207738.1	1020	1838	0	1	1	1838
CY207738.1	1020	2088	0	1	1	2088
CY207738.1	1026	1660	0	1	1	1660
CY207738.1	1030	1831	0	1	1	1831
CY207738.1	1039	1942	0	1	1	1942
CY207738.1	1041	1622	1	0	1	1041
CY207738.1	1069	2256	0	1	1	2256
CY207738.1	1081	2457	0	1	1	2457
CY207738.1	1124	2330	1	0	1	1124
CY207738.1	1142	1225	0	1	1	1225
CY207738.1	1202	1413	1	0	1	1202
CY207738.1	1234	1748	0	1	1	1748
CY207738.1	1503	2150	1	0	1	1503
CY207738.1	1509	2129	0	1	1	2129
CY207738.1	1530	2371	0	1	1	2371
CY207738.1	1540	1587	1	0	1	1540
CY207738.1	1547	2238	0	1	1	2238
CY207738.1	1626	2137	1	0	1	1626
CY207738.1	1641	1906	1	0	1	1641
CY207738.1	1674	1840	0	1	1	1840
CY207738.1	1699	2037	1	0	1	1699
CY207738.1	1700	2036	0	1	1	2036
CY207738.1	1703	2303	1	1	2	1703
CY207738.1	1770	1852	1	0	1	1770
CY207738.1	1928	2241	1	0	1	1928
CY207738.1	1956	2355	1	0	1	1956
CY207738.1	2256	2326	1	1	2	2256
CY207738.1	2371	2402	0	1	1	2402
CY207738.1	243	328	2	0	2	243
CY207738.1	279	320	1	0	1	279
CY207738.1	282	1974	1	0	1	282
CY207738.1	283	1598	1	0	1	283
CY207738.1	287	2472	1	1	2	287
CY207738.1	312	2312	1	0	1	312
CY207738.1	317	2199	0	1	1	2199
CY207738.1	321	2331	1	0	1	321
CY207738.1	332	1228	2	1	3	332
CY207738.1	344	1240	1	0	1	344
CY207738.1	346	2235	3	0	3	346
CY207738.1	346	2278	0	1	1	2278
CY207738.1	357	2246	1	0	1	357
CY207738.1	362	622	0	1	1	622
CY207738.1	363	2404	2	0	2	363
CY207738.1	366	2232	0	1	1	2232
CY207738.1	368	2252	1	2	3	368
CY207738.1	368	2298	0	2	2	2298
CY207738.1	370	2270	0	1	1	2270
CY207738.1	370	2325	1	0	1	370
CY207738.1	371	1964	0	2	2	1964
CY207738.1	372	2139	0	1	1	2139
CY207738.1	372	2237	5	1	6	372
CY207738.1	374	2313	0	2	2	2313
CY207738.1	375	2264	0	1	1	2264
CY207738.1	378	2243	0	1	1	2243
CY207738.1	381	2256	0	1	1	2256
CY207738.1	382	2254	0	2	2	2254
CY207738.1	384	2256	33	226	259	384
CY207738.1	384	2265	0	1	1	2265
CY207738.1	384	2431	1	0	1	384
CY207738.1	386	2314	1	7	8	386
CY207738.1	386	2341	1	1	2	386
CY207738.1	387	2313	0	3	3	2313
CY207738.1	389	2223	0	1	1	2223
CY207738.1	390	2118	0	1	1	2118
CY207738.1	396	1053	0	1	1	1053
CY207738.1	396	1970	0	1	1	1970
CY207738.1	397	2089	0	1	1	2089
CY207738.1	397	2131	0	1	1	2131
CY207738.1	401	2071	0	4	4	2071
CY207738.1	403	2334	0	1	1	2334
CY207738.1	404	2219	1	1	2	404
CY207738.1	408	552	0	1	1	552
CY207738.1	409	1111	0	1	1	1111
CY207738.1	410	2167	2	14	16	410
CY207738.1	411	2256	0	2	2	2256
CY207738.1	412	2275	0	1	1	2275
CY207738.1	414	2068	0	1	1	2068
CY207738.1	414	2221	0	2	2	2221
CY207738.1	414	2272	1	2	3	414
CY207738.1	415	2273	19	179	198	415
CY207738.1	415	2274	0	1	1	2274
CY207738.1	415	2283	0	1	1	2283
CY207738.1	415	893	1	0	1	415
CY207738.1	419	2234	0	3	3	2234
CY207738.1	419	2265	0	1	1	2265
CY207738.1	420	2168	1	0	1	420
CY207738.1	421	1796	0	1	1	1796
CY207738.1	425	2306	8	14	22	425
CY207738.1	429	2279	0	8	8	2279
CY207738.1	430	2243	2	3	5	430
CY207738.1	431	2281	0	1	1	2281
CY207738.1	431	975	0	1	1	975
CY207738.1	438	2266	0	1	1	2266
CY207738.1	439	2360	0	1	1	2360
CY207738.1	439	726	0	1	1	726
CY207738.1	444	1103	1	0	1	444
CY207738.1	444	2248	2	6	8	444
CY207738.1	445	1975	0	1	1	1975
CY207738.1	446	2297	1	0	1	446
CY207738.1	447	1808	2	0	2	447
CY207738.1	449	1275	0	1	1	1275
CY207738.1	453	2048	0	1	1	2048
CY207738.1	457	1826	0	1	1	1826
CY207738.1	459	1820	11	16	27	459
CY207738.1	464	2252	0	2	2	2252
CY207738.1	466	2164	0	1	1	2164
CY207738.1	469	2186	1	2	3	469
CY207738.1	472	2115	2	1	3	472
CY207738.1	481	1749	0	1	1	1749
CY207738.1	481	1824	1	0	1	481
CY207738.1	481	2153	0	1	1	2153
CY207738.1	484	2071	1	0	1	484
CY207738.1	484	2210	0	2	2	2210
CY207738.1	484	2329	2	1	3	484
CY207738.1	488	2127	1	1	2	488
CY207738.1	488	2217	1	0	1	488
CY207738.1	488	2221	2	4	6	488
CY207738.1	494	1710	1	0	1	494
CY207738.1	494	1846	0	1	1	1846
CY207738.1	504	2382	1	0	1	504
CY207738.1	505	2229	1	0	1	505
CY207738.1	506	2071	1	2	3	506
CY207738.1	506	2105	1	0	1	506
CY207738.1	511	2319	1	0	1	511
CY207738.1	515	2195	0	1	1	2195
CY207738.1	515	2237	1	0	1	515
CY207738.1	517	2217	0	1	1	2217
CY207738.1	525	818	0	1	1	818
CY207738.1	527	2210	1	0	1	527
CY207738.1	531	2198	0	1	1	2198
CY207738.1	532	2197	47	80	127	532
CY207738.1	536	2070	0	1	1	2070
CY207738.1	536	2317	1	0	1	536
CY207738.1	542	2203	0	1	1	2203
CY207738.1	543	2044	0	1	1	2044
CY207738.1	560	2041	1	0	1	560
CY207738.1	563	2317	0	1	1	2317
CY207738.1	566	2071	1	0	1	566
CY207738.1	589	2002	0	1	1	2002
CY207738.1	591	2171	1	0	1	591
CY207738.1	597	1972	0	1	1	1972
CY207738.1	606	1120	0	1	1	1120
CY207738.1	618	2114	0	1	1	2114
CY207738.1	622	689	1	0	1	622
CY207738.1	626	2053	0	1	1	2053
CY207738.1	627	1985	9	6	15	627
CY207738.1	633	1911	1	0	1	633
CY207738.1	636	1996	0	1	1	1996
CY207738.1	644	2031	1	0	1	644
CY207738.1	644	2115	1	0	1	644
CY207738.1	645	2028	4	2	6	645
CY207738.1	654	1922	3	0	3	654
CY207738.1	656	1794	0	1	1	1794
CY207738.1	660	1980	0	1	1	1980
CY207738.1	670	2137	1	0	1	670
CY207738.1	684	1010	1	0	1	684
CY207738.1	686	1879	1	0	1	686
CY207738.1	686	1982	1	0	1	686
CY207738.1	687	1840	4	4	8	687
CY207738.1	694	2000	0	1	1	2000
CY207738.1	697	2047	1	0	1	697
CY207738.1	705	1809	0	1	1	1809
CY207738.1	711	1954	0	1	1	1954
CY207738.1	712	1943	1	0	1	712
CY207738.1	713	1961	1	0	1	713
CY207738.1	720	2019	2	0	2	720
CY207738.1	730	1878	2	1	3	730
CY207738.1	731	1980	0	1	1	1980
CY207738.1	736	1539	1	0	1	736
CY207738.1	760	1584	1	0	1	760
CY207738.1	764	1925	2	0	2	764
CY207738.1	767	1655	1	0	1	767
CY207738.1	771	1960	1	0	1	771
CY207738.1	776	2223	1	0	1	776
CY207738.1	778	2235	0	1	1	2235
CY207738.1	808	2169	1	0	1	808
CY207738.1	809	1366	1	0	1	809
CY207738.1	811	2089	0	1	1	2089
CY207738.1	814	2377	1	0	1	814
CY207738.1	825	1831	1	0	1	825
CY207738.1	826	1738	1	0	1	826
CY207738.1	837	2030	1	0	1	837
CY207738.1	839	1809	1	0	1	839
CY207738.1	844	2240	1	0	1	844
CY207738.1	849	1868	0	1	1	1868
CY207738.1	856	1828	1	0	1	856
CY207738.1	856	1887	0	1	1	1887
CY207738.1	868	1872	0	1	1	1872
CY207738.1	869	1305	0	1	1	1305
CY207738.1	879	1765	0	1	1	1765
CY207738.1	887	1649	1	0	1	887
CY207738.1	896	1101	0	1	1	1101
CY207738.1	899	2040	1	0	1	899
CY207738.1	915	1751	0	1	1	1751
CY207738.1	932	2356	0	1	1	2356
CY207738.1	946	1794	0	1	1	1794
CY207738.1	953	1810	2	0	2	953
CY207738.1	963	1840	1	0	1	963
