Segment	Start	Stop	Forward_support	Reverse_support	Total_support	Fuzz_factor
CY207731.1	1002	1127	0	1	1	1127
CY207731.1	1050	1805	0	1	1	1805
CY207731.1	1068	1438	2	3	5	1068
CY207731.1	1185	1308	1	0	1	1185
CY207731.1	1191	1715	0	1	1	1715
CY207731.1	1218	1803	0	1	1	1803
CY207731.1	1235	1314	1	2	3	1235
CY207731.1	1237	1406	1	0	1	1237
CY207731.1	1311	1357	1	0	1	1311
CY207731.1	1320	1896	0	1	1	1896
CY207731.1	1356	1647	1	0	1	1356
CY207731.1	1377	1706	0	1	1	1706
CY207731.1	1395	1638	0	1	1	1638
CY207731.1	1430	1534	2	1	3	1430
CY207731.1	1461	1701	0	1	1	1701
CY207731.1	1492	1680	0	1	1	1680
CY207731.1	1519	1658	1	1	2	1519
CY207731.1	1539	1762	1	0	1	1539
CY207731.1	1589	1709	0	1	1	1709
CY207731.1	1635	1744	0	1	1	1744
CY207731.1	1639	1718	1	0	1	1639
CY207731.1	1699	1768	1	0	1	1699
CY207731.1	1771	1837	0	1	1	1837
CY207731.1	236	660	5	0	5	236
CY207731.1	259	1146	1	0	1	259
CY207731.1	269	1672	1	0	1	269
CY207731.1	288	1706	1	0	1	288
CY207731.1	290	1550	1	0	1	290
CY207731.1	321	1706	3	9	12	321
CY207731.1	323	1895	0	1	1	1895
CY207731.1	323	506	1	0	1	323
CY207731.1	348	1544	0	1	1	1544
CY207731.1	364	851	0	1	1	851
CY207731.1	374	1445	0	1	1	1445
CY207731.1	395	535	0	1	1	535
CY207731.1	406	1561	1	0	1	406
CY207731.1	421	1147	1	0	1	421
CY207731.1	439	1423	1	0	1	439
CY207731.1	444	1400	1	0	1	444
CY207731.1	456	1125	0	1	1	1125
CY207731.1	477	1587	1	0	1	477
CY207731.1	477	985	6	5	11	477
CY207731.1	481	825	0	1	1	825
CY207731.1	499	719	1	0	1	499
CY207731.1	514	1228	1	0	1	514
CY207731.1	518	1347	1	0	1	518
CY207731.1	545	1485	0	1	1	1485
CY207731.1	557	1111	1	0	1	557
CY207731.1	564	1180	1	0	1	564
CY207731.1	565	1641	6	2	8	565
CY207731.1	597	1140	0	1	1	1140
CY207731.1	615	1592	1	0	1	615
CY207731.1	647	1141	0	1	1	1141
CY207731.1	655	1588	0	1	1	1588
CY207731.1	656	1186	1	0	1	656
CY207731.1	658	1191	0	1	1	1191
CY207731.1	680	1485	1	0	1	680
CY207731.1	698	1410	1	0	1	698
CY207731.1	712	1358	1	0	1	712
CY207731.1	727	1197	0	1	1	1197
CY207731.1	738	1798	0	1	1	1798
CY207731.1	775	1688	0	1	1	1688
CY207731.1	779	1874	0	1	1	1874
CY207731.1	780	1268	1	0	1	780
CY207731.1	795	917	0	1	1	917
CY207731.1	801	1536	0	1	1	1536
CY207731.1	819	1195	1	0	1	819
CY207731.1	819	993	0	1	1	993
CY207731.1	820	1841	1	0	1	820
CY207731.1	875	1509	0	1	1	1509
CY207731.1	891	974	1	0	1	891
CY207731.1	912	954	0	1	1	954
CY207731.1	936	994	0	1	1	994
CY207731.1	939	1197	0	1	1	1197
CY207731.1	948	1726	1	0	1	948
CY207731.1	967	1537	0	1	1	1537
CY207732.1	238	290	4	0	4	238
CY207732.1	245	1085	1	0	1	245
CY207732.1	253	493	1	0	1	253
CY207732.1	268	550	12	0	12	268
CY207732.1	275	848	8	0	8	275
CY207732.1	281	1024	1	0	1	281
CY207732.1	281	706	1	0	1	281
CY207732.1	286	1039	1	0	1	286
CY207732.1	287	614	1	0	1	287
CY207732.1	289	768	1	0	1	289
CY207732.1	311	716	3	1	4	311
CY207732.1	318	995	1	0	1	318
CY207732.1	334	682	1	0	1	334
CY207732.1	334	964	2	3	5	334
CY207732.1	338	1017	4	7	11	338
CY207732.1	348	707	1	8	9	348
CY207732.1	356	567	1	0	1	356
CY207732.1	357	986	0	1	1	986
CY207732.1	388	940	0	1	1	940
CY207732.1	389	1167	0	1	1	1167
CY207732.1	412	1165	0	1	1	1165
CY207732.1	416	724	0	1	1	724
CY207732.1	422	731	1	0	1	422
CY207732.1	434	906	0	1	1	906
CY207732.1	437	695	0	1	1	695
CY207732.1	445	911	0	1	1	911
CY207732.1	450	824	1	5	6	450
CY207732.1	478	1031	0	1	1	1031
CY207732.1	483	759	0	1	1	759
CY207732.1	485	796	1	0	1	485
CY207732.1	495	534	0	1	1	534
CY207732.1	499	673	3	1	4	499
CY207732.1	502	917	1	0	1	502
CY207732.1	512	601	1	3	4	512
CY207732.1	518	763	1	0	1	518
CY207732.1	520	997	1	0	1	520
CY207732.1	523	863	0	1	1	863
CY207732.1	523	889	1	0	1	523
CY207732.1	524	624	1	4	5	524
CY207732.1	554	902	1	0	1	554
CY207732.1	555	631	1	0	1	555
CY207732.1	563	950	5	3	8	563
CY207732.1	566	958	0	1	1	958
CY207732.1	572	999	0	1	1	999
CY207732.1	575	1097	1	0	1	575
CY207732.1	588	731	1	0	1	588
CY207732.1	589	862	4	5	9	589
CY207732.1	593	1023	11	1	12	593
CY207732.1	595	996	1	0	1	595
CY207732.1	600	923	1	0	1	600
CY207732.1	614	977	1	0	1	614
CY207732.1	629	957	1	0	1	629
CY207732.1	679	815	6	1	7	679
CY207732.1	681	964	4	2	6	681
CY207732.1	683	913	0	1	1	913
CY207732.1	685	839	0	2	2	839
CY207732.1	691	1066	1	0	1	691
CY207732.1	699	1029	1	0	1	699
CY207732.1	700	791	0	1	1	791
CY207732.1	715	965	3	3	6	715
CY207732.1	718	860	6	6	12	718
CY207732.1	718	959	0	1	1	959
CY207732.1	723	969	0	1	1	969
CY207732.1	734	779	1	0	1	734
CY207732.1	735	1123	0	1	1	1123
CY207732.1	739	1026	0	1	1	1026
CY207732.1	818	863	2	2	4	818
CY207732.1	818	867	2	1	3	818
CY207732.1	822	1035	1	0	1	822
CY207732.1	822	889	0	1	1	889
CY207732.1	831	936	0	1	1	936
CY207732.1	838	1028	1	0	1	838
CY207732.1	862	962	1	0	1	862
CY207732.1	881	1012	5	0	5	881
CY207732.1	914	984	1	0	1	914
CY207732.1	917	944	1	0	1	917
CY207732.1	920	1063	0	1	1	1063
CY207732.1	953	1144	0	1	1	1144
CY207733.1	1153	1228	0	1	1	1228
CY207733.1	1179	1227	0	1	1	1227
CY207733.1	1247	1300	1	0	1	1247
CY207733.1	1262	1332	0	1	1	1332
CY207733.1	1395	1437	1	0	1	1395
CY207733.1	240	425	1	0	1	240
CY207733.1	247	537	1	0	1	247
CY207733.1	274	820	1	0	1	274
CY207733.1	281	828	3	0	3	281
CY207733.1	307	938	1	3	4	307
CY207733.1	333	1240	0	6	6	1240
CY207733.1	353	1307	1	0	1	353
CY207733.1	357	912	0	1	1	912
CY207733.1	369	1350	0	8	8	1350
CY207733.1	374	740	0	1	1	740
CY207733.1	394	1213	0	1	1	1213
CY207733.1	397	898	1	0	1	397
CY207733.1	406	498	0	1	1	498
CY207733.1	412	644	3	2	5	412
CY207733.1	413	1439	4	5	9	413
CY207733.1	436	1452	3	2	5	436
CY207733.1	440	946	0	1	1	946
CY207733.1	455	510	0	1	1	510
CY207733.1	462	680	0	1	1	680
CY207733.1	470	506	0	1	1	506
CY207733.1	489	829	1	0	1	489
CY207733.1	519	1172	1	0	1	519
CY207733.1	548	1207	1	0	1	548
CY207733.1	553	1233	0	1	1	1233
CY207733.1	558	704	1	0	1	558
CY207733.1	598	1166	0	1	1	1166
CY207733.1	598	856	0	2	2	856
CY207733.1	658	1035	0	1	1	1035
CY207733.1	768	1137	0	1	1	1137
CY207733.1	783	1158	1	0	1	783
CY207733.1	838	939	1	0	1	838
CY207733.1	886	1528	0	1	1	1528
CY207733.1	943	1570	0	1	1	1570
CY207733.1	954	1171	2	2	4	954
CY207733.1	975	1007	0	1	1	1007
CY207733.1	979	1511	1	0	1	979
CY207734.1	1008	1067	1	0	1	1008
CY207734.1	1012	1084	1	2	3	1012
CY207734.1	1018	1624	1	0	1	1018
CY207734.1	1043	1451	0	1	1	1451
CY207734.1	1053	1444	0	1	1	1444
CY207734.1	1123	1252	1	0	1	1123
CY207734.1	1137	1228	1	1	2	1137
CY207734.1	1210	1239	0	1	1	1239
CY207734.1	1255	1442	0	1	1	1442
CY207734.1	1283	1417	0	1	1	1417
CY207734.1	1415	1543	3	1	4	1415
CY207734.1	1442	1566	2	1	3	1442
CY207734.1	1448	1672	0	1	1	1672
CY207734.1	1464	1580	1	0	1	1464
CY207734.1	1516	1562	1	0	1	1516
CY207734.1	1567	1603	0	1	1	1603
CY207734.1	264	870	1	0	1	264
CY207734.1	277	424	1	0	1	277
CY207734.1	282	1588	1	0	1	282
CY207734.1	319	1333	1	0	1	319
CY207734.1	336	1592	2	2	4	336
CY207734.1	357	1468	0	1	1	1468
CY207734.1	404	1355	0	1	1	1355
CY207734.1	411	851	5	8	13	411
CY207734.1	428	1717	0	1	1	1717
CY207734.1	442	1452	0	1	1	1452
CY207734.1	457	722	1	0	1	457
CY207734.1	464	584	1	2	3	464
CY207734.1	472	621	0	1	1	621
CY207734.1	474	954	0	1	1	954
CY207734.1	483	1606	0	1	1	1606
CY207734.1	496	831	0	1	1	831
CY207734.1	514	1506	5	5	10	514
CY207734.1	526	1412	1	1	2	526
CY207734.1	552	700	0	1	1	700
CY207734.1	559	1362	1	0	1	559
CY207734.1	582	1517	0	1	1	1517
CY207734.1	644	1622	1	0	1	644
CY207734.1	692	1457	1	0	1	692
CY207734.1	718	918	1	0	1	718
CY207734.1	719	752	0	1	1	752
CY207734.1	733	784	1	0	1	733
CY207734.1	741	1692	0	1	1	1692
CY207734.1	781	1138	0	1	1	1138
CY207734.1	799	1411	0	1	1	1411
CY207734.1	810	978	0	1	1	978
CY207734.1	827	1204	0	1	1	1204
CY207734.1	830	957	2	4	6	830
CY207734.1	841	1622	1	0	1	841
CY207734.1	852	1370	0	1	1	1370
CY207734.1	857	1054	0	1	1	1054
CY207734.1	877	1521	1	0	1	877
CY207734.1	942	1093	2	0	2	942
CY207734.1	955	1429	0	1	1	1429
CY207734.1	958	1100	1	0	1	958
CY207734.1	962	1048	1	1	2	962
CY207735.1	308	893	0	2	2	893
CY207735.1	404	911	0	27	27	911
CY207735.1	424	926	0	1	1	926
CY207735.1	465	706	0	1	1	706
CY207735.1	470	705	1	0	1	470
CY207735.1	499	729	1	0	1	499
CY207735.1	511	740	21	25	46	511
CY207735.1	519	541	1	0	1	519
CY207735.1	519	746	0	1	1	746
CY207735.1	556	757	0	1	1	757
CY207735.1	610	944	1	0	1	610
CY207736.1	1012	2256	1	0	1	1012
CY207736.1	1092	1516	2	0	2	1092
CY207736.1	1095	1789	3	1	4	1095
CY207736.1	1099	1982	1	0	1	1099
CY207736.1	1123	2240	1	0	1	1123
CY207736.1	1150	1185	1	0	1	1150
CY207736.1	1160	1300	1	0	1	1160
CY207736.1	1167	1604	1	0	1	1167
CY207736.1	1171	1976	0	1	1	1976
CY207736.1	1175	1237	0	1	1	1237
CY207736.1	1200	1675	1	0	1	1200
CY207736.1	1205	2168	1	0	1	1205
CY207736.1	1238	1854	0	1	1	1854
CY207736.1	1259	1740	1	0	1	1259
CY207736.1	1259	2001	1	0	1	1259
CY207736.1	1267	1323	1	0	1	1267
CY207736.1	1332	2167	0	1	1	2167
CY207736.1	1403	1537	1	0	1	1403
CY207736.1	1502	2078	0	1	1	2078
CY207736.1	1558	2216	1	0	1	1558
CY207736.1	1559	1721	1	0	1	1559
CY207736.1	1585	1881	0	1	1	1881
CY207736.1	1613	1649	0	1	1	1649
CY207736.1	1635	2332	1	0	1	1635
CY207736.1	1652	2043	0	1	1	2043
CY207736.1	1671	2352	0	1	1	2352
CY207736.1	1696	1893	1	0	1	1696
CY207736.1	1741	2242	2	0	2	1741
CY207736.1	1772	2148	1	0	1	1772
CY207736.1	1789	2006	0	2	2	2006
CY207736.1	1807	2251	0	1	1	2251
CY207736.1	1884	2263	1	0	1	1884
CY207736.1	1953	2077	0	1	1	2077
CY207736.1	1958	2015	0	1	1	2015
CY207736.1	2013	2287	0	2	2	2287
CY207736.1	2047	2097	0	1	1	2097
CY207736.1	2137	2191	1	0	1	2137
CY207736.1	282	1398	4	1	5	282
CY207736.1	313	1393	1	0	1	313
CY207736.1	336	1401	0	1	1	1401
CY207736.1	355	1572	1	0	1	355
CY207736.1	375	2148	4	28	32	375
CY207736.1	377	2143	1	1	2	377
CY207736.1	380	2153	0	2	2	2153
CY207736.1	381	2171	1	10	11	381
CY207736.1	383	894	0	1	1	894
CY207736.1	388	1603	0	8	8	1603
CY207736.1	403	2148	0	8	8	2148
CY207736.1	404	2164	0	4	4	2164
CY207736.1	427	1678	1	3	4	427
CY207736.1	432	2125	1	7	8	432
CY207736.1	450	2059	0	1	1	2059
CY207736.1	453	1075	1	0	1	453
CY207736.1	471	1166	1	0	1	471
CY207736.1	477	1718	1	0	1	477
CY207736.1	483	1628	1	0	1	483
CY207736.1	484	1773	0	1	1	1773
CY207736.1	500	1947	0	1	1	1947
CY207736.1	512	2028	1	0	1	512
CY207736.1	524	2108	7	1	8	524
CY207736.1	561	1685	0	1	1	1685
CY207736.1	567	2005	2	2	4	567
CY207736.1	572	1481	2	1	3	572
CY207736.1	574	1733	5	1	6	574
CY207736.1	579	841	4	0	4	579
CY207736.1	581	1493	1	0	1	581
CY207736.1	593	1920	2	1	3	593
CY207736.1	596	2002	1	0	1	596
CY207736.1	598	904	1	0	1	598
CY207736.1	604	1060	1	0	1	604
CY207736.1	606	701	1	0	1	606
CY207736.1	616	1855	5	3	8	616
CY207736.1	617	1952	2	4	6	617
CY207736.1	623	1904	3	2	5	623
CY207736.1	638	1901	1	1	2	638
CY207736.1	645	1956	2	2	4	645
CY207736.1	654	1701	1	0	1	654
CY207736.1	659	692	0	1	1	692
CY207736.1	659	845	1	0	1	659
CY207736.1	680	2077	2	5	7	680
CY207736.1	681	1920	3	1	4	681
CY207736.1	684	1894	2	2	4	684
CY207736.1	686	1952	1	6	7	686
CY207736.1	695	2101	0	1	1	2101
CY207736.1	697	746	1	0	1	697
CY207736.1	710	1830	3	8	11	710
CY207736.1	711	2311	0	1	1	2311
CY207736.1	714	1854	0	3	3	1854
CY207736.1	716	811	0	1	1	811
CY207736.1	719	1838	0	1	1	1838
CY207736.1	719	1860	5	6	11	719
CY207736.1	720	1851	2	3	5	720
CY207736.1	722	1788	1	0	1	722
CY207736.1	723	1994	3	8	11	723
CY207736.1	749	1792	8	4	12	749
CY207736.1	755	1828	21	8	29	755
CY207736.1	757	1035	0	1	1	1035
CY207736.1	759	1717	4	2	6	759
CY207736.1	764	2036	1	0	1	764
CY207736.1	765	1839	0	1	1	1839
CY207736.1	766	1839	1	2	3	766
CY207736.1	767	1791	4	3	7	767
CY207736.1	769	2080	2	2	4	769
CY207736.1	773	2040	0	1	1	2040
CY207736.1	774	1830	5	2	7	774
CY207736.1	786	2036	1	0	1	786
CY207736.1	787	1855	0	1	1	1855
CY207736.1	789	1930	1	0	1	789
CY207736.1	789	929	5	0	5	789
CY207736.1	792	899	0	1	1	899
CY207736.1	794	1626	1	0	1	794
CY207736.1	814	1710	1	0	1	814
CY207736.1	823	2016	3	3	6	823
CY207736.1	825	2293	6	0	6	825
CY207736.1	829	1820	0	1	1	1820
CY207736.1	836	2305	0	1	1	2305
CY207736.1	840	1760	1	0	1	840
CY207736.1	853	1806	1	0	1	853
CY207736.1	863	1818	0	1	1	1818
CY207736.1	871	1820	4	3	7	871
CY207736.1	903	1119	1	0	1	903
CY207736.1	906	960	1	0	1	906
CY207736.1	907	1753	1	1	2	907
CY207736.1	917	1652	1	0	1	917
CY207736.1	918	1653	1	7	8	918
CY207736.1	919	1878	0	1	1	1878
CY207736.1	926	1412	1	0	1	926
CY207736.1	928	1730	0	1	1	1730
CY207736.1	939	1707	0	1	1	1707
CY207736.1	942	1556	1	0	1	942
CY207736.1	994	1592	1	0	1	994
CY207737.1	1054	1990	0	2	2	1990
CY207737.1	1242	2359	0	1	1	2359
CY207737.1	1306	1957	0	1	1	1957
CY207737.1	1602	2085	1	0	1	1602
CY207737.1	1606	2239	0	1	1	2239
CY207737.1	1634	1987	1	0	1	1634
CY207737.1	1685	2345	1	0	1	1685
CY207737.1	1765	1870	0	1	1	1870
CY207737.1	1897	2216	1	0	1	1897
CY207737.1	2030	2173	1	0	1	2030
CY207737.1	2178	2227	1	0	1	2178
CY207737.1	2181	2225	11	37	48	2181
CY207737.1	285	2222	1	0	1	285
CY207737.1	287	2110	1	0	1	287
CY207737.1	290	2451	0	3	3	2451
CY207737.1	317	2418	1	0	1	317
CY207737.1	318	2231	2	6	8	318
CY207737.1	327	1981	1	0	1	327
CY207737.1	330	2103	4	2	6	330
CY207737.1	341	614	2	0	2	341
CY207737.1	361	1516	1	0	1	361
CY207737.1	405	2200	1	0	1	405
CY207737.1	412	1565	1	0	1	412
CY207737.1	491	1977	0	1	1	1977
CY207737.1	504	2143	9	2	11	504
CY207737.1	521	2138	3	1	4	521
CY207737.1	535	2201	0	1	1	2201
CY207737.1	536	2093	3	4	7	536
CY207737.1	589	1970	1	0	1	589
CY207737.1	593	2137	1	0	1	593
CY207737.1	604	1981	1	3	4	604
CY207737.1	613	1965	1	4	5	613
CY207737.1	626	2232	3	3	6	626
CY207737.1	665	2046	2	2	4	665
CY207737.1	668	1879	0	1	1	1879
CY207737.1	675	2094	1	0	1	675
CY207737.1	687	829	0	1	1	829
CY207737.1	697	1644	1	0	1	697
CY207737.1	703	2420	0	1	1	2420
CY207737.1	706	868	1	0	1	706
CY207737.1	711	1888	2	1	3	711
CY207737.1	724	1669	0	3	3	1669
CY207737.1	743	2014	3	1	4	743
CY207737.1	755	915	0	1	1	915
CY207737.1	756	1882	0	5	5	1882
CY207737.1	757	1148	1	0	1	757
CY207737.1	757	1867	0	2	2	1867
CY207737.1	760	1882	0	1	1	1882
CY207737.1	763	1734	1	3	4	763
CY207737.1	769	1883	0	2	2	1883
CY207737.1	774	1710	1	0	1	774
CY207737.1	776	1865	4	3	7	776
CY207737.1	783	1978	4	1	5	783
CY207737.1	789	1867	2	3	5	789
CY207737.1	801	2013	1	4	5	801
CY207737.1	830	1816	0	1	1	1816
CY207737.1	838	2385	1	0	1	838
CY207737.1	838	941	0	1	1	941
CY207737.1	841	1810	4	5	9	841
CY207737.1	851	1800	7	5	12	851
CY207737.1	900	1765	1	0	1	900
CY207737.1	900	1784	1	0	1	900
CY207737.1	900	1883	2	0	2	900
CY207737.1	909	1793	2	3	5	909
CY207737.1	911	1867	0	2	2	1867
CY207737.1	912	1827	1	3	4	912
CY207737.1	915	1867	0	7	7	1867
CY207737.1	918	2260	1	0	1	918
CY207737.1	962	1823	3	3	6	962
CY207737.1	962	1827	1	0	1	962
CY207737.1	975	1812	2	2	4	975
CY207737.1	996	1745	1	0	1	996
CY207738.1	1017	2122	0	1	1	2122
CY207738.1	1053	2210	1	0	1	1053
CY207738.1	1062	2248	6	6	12	1062
CY207738.1	1073	2195	1	2	3	1073
CY207738.1	1125	2016	0	2	2	2016
CY207738.1	1252	1483	1	0	1	1252
CY207738.1	1293	1656	1	1	2	1293
CY207738.1	1378	1959	0	1	1	1959
CY207738.1	1392	1992	0	1	1	1992
CY207738.1	1461	2052	1	0	1	1461
CY207738.1	1471	2240	1	0	1	1471
CY207738.1	1621	2348	0	1	1	2348
CY207738.1	1665	2400	1	0	1	1665
CY207738.1	1720	2074	1	0	1	1720
CY207738.1	1803	2168	0	1	1	2168
CY207738.1	1914	2202	0	1	1	2202
CY207738.1	241	1221	1	0	1	241
CY207738.1	282	1749	1	0	1	282
CY207738.1	321	2324	1	0	1	321
CY207738.1	346	2235	1	0	1	346
CY207738.1	367	2252	0	2	2	2252
CY207738.1	374	1455	0	1	1	1455
CY207738.1	380	2179	2	3	5	380
CY207738.1	385	2300	0	1	1	2300
CY207738.1	401	709	0	1	1	709
CY207738.1	408	1230	0	1	1	1230
CY207738.1	453	2196	2	3	5	453
CY207738.1	465	2141	9	22	31	465
CY207738.1	469	1309	1	1	2	469
CY207738.1	473	1493	1	0	1	473
CY207738.1	481	2153	0	1	1	2153
CY207738.1	487	2300	1	1	2	487
CY207738.1	493	1530	0	1	1	1530
CY207738.1	494	2053	3	6	9	494
CY207738.1	508	1048	1	0	1	508
CY207738.1	510	2204	3	4	7	510
CY207738.1	514	2070	3	11	14	514
CY207738.1	522	964	1	0	1	522
CY207738.1	523	2204	3	9	12	523
CY207738.1	529	2175	1	5	6	529
CY207738.1	533	1605	1	0	1	533
CY207738.1	536	1964	2	5	7	536
CY207738.1	539	1436	0	1	1	1436
CY207738.1	542	2203	0	1	1	2203
CY207738.1	553	2263	4	7	11	553
CY207738.1	559	1830	2	1	3	559
CY207738.1	566	2138	2	4	6	566
CY207738.1	575	2014	1	3	4	575
CY207738.1	580	2015	1	4	5	580
CY207738.1	585	2030	0	1	1	2030
CY207738.1	589	1914	4	3	7	589
CY207738.1	598	1957	9	8	17	598
CY207738.1	619	1828	1	2	3	619
CY207738.1	627	662	0	1	1	662
CY207738.1	635	1957	2	3	5	635
CY207738.1	657	2025	0	5	5	2025
CY207738.1	664	2073	0	7	7	2073
CY207738.1	670	2001	0	1	1	2001
CY207738.1	670	2116	4	5	9	670
CY207738.1	679	2090	0	1	1	2090
CY207738.1	699	2111	0	1	1	2111
CY207738.1	714	1955	2	4	6	714
CY207738.1	719	2079	0	1	1	2079
CY207738.1	721	1948	1	2	3	721
CY207738.1	738	1871	2	1	3	738
CY207738.1	744	1863	1	1	2	744
CY207738.1	757	2203	1	0	1	757
CY207738.1	770	2000	0	3	3	2000
CY207738.1	770	2287	0	1	1	2287
CY207738.1	790	1866	3	2	5	790
CY207738.1	796	1765	2	2	4	796
CY207738.1	805	1771	0	1	1	1771
CY207738.1	810	1917	1	2	3	810
CY207738.1	824	1888	2	2	4	824
CY207738.1	828	1831	1	2	3	828
CY207738.1	847	1875	1	2	3	847
CY207738.1	856	1790	1	0	1	856
CY207738.1	856	1861	0	1	1	1861
CY207738.1	879	1746	1	0	1	879
CY207738.1	896	1101	2	0	2	896
CY207738.1	896	2140	1	0	1	896
CY207738.1	902	1873	1	4	5	902
CY207738.1	903	2377	0	1	1	2377
CY207738.1	917	1774	6	1	7	917
CY207738.1	927	1601	1	0	1	927
CY207738.1	927	2088	0	1	1	2088
CY207738.1	952	1827	2	1	3	952
CY207738.1	959	1767	1	0	1	959
CY207738.1	961	1769	2	2	4	961
CY207738.1	970	1391	0	1	1	1391
CY207738.1	994	1686	4	1	5	994
