Segment	Start	Stop	Forward_support	Reverse_support	Total_support	Fuzz_factor
CY207731.1	1014	1580	1	0	1	1014
CY207731.1	1060	1250	0	1	1	1250
CY207731.1	1151	1897	0	1	1	1897
CY207731.1	1185	1625	1	0	1	1185
CY207731.1	1235	1883	0	1	1	1883
CY207731.1	1253	1797	1	0	1	1253
CY207731.1	1267	1786	0	1	1	1786
CY207731.1	1282	1339	1	0	1	1282
CY207731.1	1284	1579	0	1	1	1579
CY207731.1	1298	1408	0	1	1	1408
CY207731.1	1326	1461	1	0	1	1326
CY207731.1	1336	1779	1	0	1	1336
CY207731.1	1384	1576	0	1	1	1576
CY207731.1	1466	1626	1	0	1	1466
CY207731.1	1651	1707	1	0	1	1651
CY207731.1	1660	1747	27	57	84	1660
CY207731.1	1676	1820	0	1	1	1820
CY207731.1	1783	1824	15	22	37	1783
CY207731.1	254	1236	1	0	1	254
CY207731.1	282	1631	1	0	1	282
CY207731.1	285	1349	3	0	3	285
CY207731.1	286	1193	1	0	1	286
CY207731.1	288	1706	11	0	11	288
CY207731.1	294	1669	1	0	1	294
CY207731.1	320	1684	7	10	17	320
CY207731.1	360	432	0	1	1	432
CY207731.1	361	789	1	0	1	361
CY207731.1	381	721	0	1	1	721
CY207731.1	393	651	0	1	1	651
CY207731.1	398	1643	1	0	1	398
CY207731.1	408	928	0	1	1	928
CY207731.1	415	548	1	0	1	415
CY207731.1	423	592	0	1	1	592
CY207731.1	427	1222	0	1	1	1222
CY207731.1	430	1513	1	0	1	430
CY207731.1	431	1703	0	1	1	1703
CY207731.1	490	1635	1	0	1	490
CY207731.1	504	656	0	1	1	656
CY207731.1	526	699	1	0	1	526
CY207731.1	527	1727	0	1	1	1727
CY207731.1	529	1066	0	1	1	1066
CY207731.1	530	1698	1	0	1	530
CY207731.1	542	1135	0	1	1	1135
CY207731.1	542	1623	1	0	1	542
CY207731.1	546	588	0	1	1	588
CY207731.1	556	1034	0	1	1	1034
CY207731.1	563	1917	0	2	2	1917
CY207731.1	569	1047	7	16	23	569
CY207731.1	572	871	0	1	1	871
CY207731.1	583	742	1	0	1	583
CY207731.1	631	1152	0	1	1	1152
CY207731.1	707	1422	1	0	1	707
CY207731.1	726	1240	1	0	1	726
CY207731.1	948	1644	0	1	1	1644
CY207731.1	994	1286	1	0	1	994
CY207732.1	235	516	1	0	1	235
CY207732.1	242	294	1	0	1	242
CY207732.1	275	954	1	0	1	275
CY207732.1	289	702	1	0	1	289
CY207732.1	318	458	0	1	1	458
CY207732.1	321	351	0	1	1	351
CY207732.1	329	560	0	1	1	560
CY207732.1	337	611	1	0	1	337
CY207732.1	357	472	1	0	1	357
CY207732.1	382	500	0	1	1	500
CY207732.1	392	660	0	1	1	660
CY207732.1	394	953	0	1	1	953
CY207732.1	400	463	0	1	1	463
CY207732.1	421	968	0	1	1	968
CY207732.1	453	1074	0	1	1	1074
CY207732.1	468	490	0	1	1	490
CY207732.1	476	932	1	8	9	476
CY207732.1	478	584	0	1	1	584
CY207732.1	506	538	0	1	1	538
CY207732.1	523	584	1	0	1	523
CY207732.1	568	1143	0	1	1	1143
CY207732.1	568	686	0	1	1	686
CY207732.1	579	1143	0	1	1	1143
CY207732.1	580	738	0	1	1	738
CY207732.1	581	1134	0	1	1	1134
CY207732.1	588	856	0	1	1	856
CY207732.1	597	850	0	1	1	850
CY207732.1	631	917	1	0	1	631
CY207732.1	671	802	0	1	1	802
CY207732.1	672	747	1	0	1	672
CY207732.1	685	839	0	1	1	839
CY207732.1	689	990	1	0	1	689
CY207732.1	718	860	1	1	2	718
CY207732.1	892	1018	1	0	1	892
CY207732.1	940	1155	0	1	1	1155
CY207732.1	953	1021	0	1	1	1021
CY207732.1	983	1031	1	0	1	983
CY207733.1	1001	1464	0	1	1	1464
CY207733.1	1090	1184	4	6	10	1090
CY207733.1	1216	1512	0	1	1	1512
CY207733.1	1263	1469	1	0	1	1263
CY207733.1	1294	1485	4	1	5	1294
CY207733.1	1392	1443	1	0	1	1392
CY207733.1	270	323	7	0	7	270
CY207733.1	299	1016	1	0	1	299
CY207733.1	391	1143	1	0	1	391
CY207733.1	397	1133	0	1	1	1133
CY207733.1	398	663	1	0	1	398
CY207733.1	399	653	1	0	1	399
CY207733.1	437	1049	0	1	1	1049
CY207733.1	513	1298	1	4	5	513
CY207733.1	558	1070	1	0	1	558
CY207733.1	588	1057	1	0	1	588
CY207733.1	624	1218	0	1	1	1218
CY207733.1	666	1471	1	0	1	666
CY207733.1	704	817	0	1	1	817
CY207733.1	726	958	0	1	1	958
CY207733.1	777	850	1	0	1	777
CY207733.1	825	1107	0	1	1	1107
CY207734.1	1137	1228	11	11	22	1137
CY207734.1	1177	1248	0	1	1	1248
CY207734.1	1209	1547	1	0	1	1209
CY207734.1	1377	1404	5	6	11	1377
CY207734.1	245	542	1	0	1	245
CY207734.1	281	1356	1	0	1	281
CY207734.1	340	1519	8	12	20	340
CY207734.1	349	1337	1	0	1	349
CY207734.1	350	553	0	1	1	553
CY207734.1	360	1539	15	20	35	360
CY207734.1	392	1483	0	1	1	1483
CY207734.1	394	943	1	0	1	394
CY207734.1	421	940	0	1	1	940
CY207734.1	427	579	0	1	1	579
CY207734.1	431	834	0	1	1	834
CY207734.1	440	957	1	0	1	440
CY207734.1	442	1422	0	1	1	1422
CY207734.1	456	1713	0	1	1	1713
CY207734.1	458	1583	1	0	1	458
CY207734.1	458	1711	0	1	1	1711
CY207734.1	475	909	1	0	1	475
CY207734.1	484	1551	4	4	8	484
CY207734.1	523	593	0	1	1	593
CY207734.1	525	1427	1	0	1	525
CY207734.1	542	1143	0	1	1	1143
CY207734.1	543	798	0	1	1	798
CY207734.1	558	867	0	1	1	867
CY207734.1	561	1588	0	1	1	1588
CY207734.1	570	991	0	1	1	991
CY207734.1	597	715	0	1	1	715
CY207734.1	599	1033	1	0	1	599
CY207734.1	625	1577	1	0	1	625
CY207734.1	665	1164	0	1	1	1164
CY207734.1	724	1136	0	1	1	1136
CY207734.1	761	1286	0	1	1	1286
CY207734.1	810	1592	0	1	1	1592
CY207734.1	818	880	0	1	1	880
CY207734.1	876	1320	0	1	1	1320
CY207734.1	882	1571	1	0	1	882
CY207734.1	949	971	0	1	1	971
CY207734.1	958	1139	1	0	1	958
CY207734.1	997	1042	0	1	1	1042
CY207735.1	473	514	0	1	1	514
CY207735.1	481	586	0	1	1	586
CY207735.1	511	740	20	49	69	511
CY207735.1	519	746	0	2	2	746
CY207735.1	615	923	0	1	1	923
CY207735.1	627	741	0	1	1	741
CY207735.1	653	770	1	0	1	653
CY207735.1	663	725	0	1	1	725
CY207735.1	677	767	0	1	1	767
CY207735.1	766	921	0	1	1	921
CY207736.1	1190	1985	0	1	1	1985
CY207736.1	1258	1647	1	0	1	1258
CY207736.1	1522	2252	0	1	1	2252
CY207736.1	1611	2281	0	1	1	2281
CY207736.1	1676	2043	0	1	1	2043
CY207736.1	1839	1883	31	39	70	1839
CY207736.1	1857	2253	1	0	1	1857
CY207736.1	2040	2063	1	0	1	2040
CY207736.1	2132	2170	18	10	28	2132
CY207736.1	258	1678	1	0	1	258
CY207736.1	260	2010	1	0	1	260
CY207736.1	273	1376	1	0	1	273
CY207736.1	277	1713	1	0	1	277
CY207736.1	290	326	1	0	1	290
CY207736.1	321	2245	15	8	23	321
CY207736.1	325	2195	1	0	1	325
CY207736.1	332	2208	6	3	9	332
CY207736.1	333	2104	0	2	2	2104
CY207736.1	334	2153	2	10	12	334
CY207736.1	334	2213	4	5	9	334
CY207736.1	334	2242	0	3	3	2242
CY207736.1	334	410	2	0	2	334
CY207736.1	336	2283	1	4	5	336
CY207736.1	342	2207	8	3	11	342
CY207736.1	361	2283	2	4	6	361
CY207736.1	364	2171	29	79	108	364
CY207736.1	365	2365	0	1	1	2365
CY207736.1	370	1076	0	1	1	1076
CY207736.1	404	644	0	1	1	644
CY207736.1	426	873	0	1	1	873
CY207736.1	468	2034	1	0	1	468
CY207736.1	484	1945	1	0	1	484
CY207736.1	485	1960	4	0	4	485
CY207736.1	492	2282	6	9	15	492
CY207736.1	493	2050	2	15	17	493
CY207736.1	528	1008	0	1	1	1008
CY207736.1	551	1914	1	0	1	551
CY207736.1	553	1932	1	0	1	553
CY207736.1	555	1934	15	3	18	555
CY207736.1	564	2035	2	1	3	564
CY207736.1	574	1733	1	0	1	574
CY207736.1	598	2035	0	2	2	2035
CY207736.1	638	1054	1	0	1	638
CY207736.1	744	2070	0	1	1	2070
CY207736.1	751	1766	34	70	104	751
CY207736.1	776	2051	1	0	1	776
CY207736.1	786	2048	1	0	1	786
CY207736.1	786	2259	2	0	2	786
CY207736.1	802	1672	1	0	1	802
CY207736.1	803	846	0	1	1	846
CY207736.1	900	1891	0	1	1	1891
CY207736.1	925	1173	0	1	1	1173
CY207736.1	944	1374	0	1	1	1374
CY207736.1	944	1646	0	1	1	1646
CY207736.1	946	2365	0	1	1	2365
CY207736.1	947	1628	0	1	1	1628
CY207736.1	967	2042	0	1	1	2042
CY207736.1	994	1383	0	1	1	1383
CY207736.1	995	1530	1	0	1	995
CY207737.1	1026	1624	0	1	1	1624
CY207737.1	1095	2265	0	1	1	2265
CY207737.1	1121	1295	0	1	1	1295
CY207737.1	1161	1207	1	0	1	1161
CY207737.1	1205	1646	1	0	1	1205
CY207737.1	1408	2211	0	1	1	2211
CY207737.1	1427	2463	0	1	1	2463
CY207737.1	1446	2452	0	1	1	2452
CY207737.1	1586	1788	1	0	1	1586
CY207737.1	1649	1821	0	1	1	1821
CY207737.1	1802	2397	0	1	1	2397
CY207737.1	1804	2095	0	1	1	2095
CY207737.1	2186	2350	1	1	2	2186
CY207737.1	261	307	23	0	23	261
CY207737.1	281	1524	1	0	1	281
CY207737.1	329	1574	0	1	1	1574
CY207737.1	346	2302	7	0	7	346
CY207737.1	361	904	0	1	1	904
CY207737.1	382	2032	1	0	1	382
CY207737.1	388	2284	13	0	13	388
CY207737.1	394	2207	3	19	22	394
CY207737.1	436	2094	2	0	2	436
CY207737.1	445	2259	34	3	37	445
CY207737.1	461	1961	0	1	1	1961
CY207737.1	462	2205	3	16	19	462
CY207737.1	462	858	0	1	1	858
CY207737.1	478	2149	0	1	1	2149
CY207737.1	492	523	9	21	30	492
CY207737.1	499	2015	15	18	33	499
CY207737.1	551	1813	0	1	1	1813
CY207737.1	575	2082	1	0	1	575
CY207737.1	589	1970	1	0	1	589
CY207737.1	604	1986	8	5	13	604
CY207737.1	620	882	0	1	1	882
CY207737.1	700	999	1	0	1	700
CY207737.1	783	1658	1	0	1	783
CY207737.1	792	1298	0	1	1	1298
CY207737.1	813	1384	1	0	1	813
CY207737.1	824	1920	1	0	1	824
CY207737.1	842	1383	0	1	1	1383
CY207737.1	849	2189	0	1	1	2189
CY207737.1	910	2298	1	0	1	910
CY207737.1	913	1109	1	0	1	913
CY207737.1	969	1198	0	1	1	1198
CY207738.1	1010	1078	0	1	1	1078
CY207738.1	1059	1981	0	1	1	1981
CY207738.1	1065	1911	1	0	1	1065
CY207738.1	1159	2409	1	0	1	1159
CY207738.1	1272	1631	0	1	1	1631
CY207738.1	1311	1736	1	0	1	1311
CY207738.1	1377	2090	1	0	1	1377
CY207738.1	1473	1499	0	1	1	1499
CY207738.1	1474	1984	0	1	1	1984
CY207738.1	1700	1733	2	3	5	1700
CY207738.1	1760	1805	0	1	1	1805
CY207738.1	2177	2407	3	0	3	2177
CY207738.1	239	1330	1	0	1	239
CY207738.1	246	672	1	0	1	246
CY207738.1	286	776	1	0	1	286
CY207738.1	370	863	1	0	1	370
CY207738.1	372	1676	1	0	1	372
CY207738.1	375	1642	1	0	1	375
CY207738.1	381	1603	0	1	1	1603
CY207738.1	394	1956	0	6	6	1956
CY207738.1	398	1976	0	1	1	1976
CY207738.1	408	2215	0	1	1	2215
CY207738.1	421	1728	1	0	1	421
CY207738.1	426	804	1	0	1	426
CY207738.1	438	796	0	1	1	796
CY207738.1	440	1398	1	0	1	440
CY207738.1	447	1403	0	1	1	1403
CY207738.1	458	1511	0	1	1	1511
CY207738.1	463	598	0	1	1	598
CY207738.1	469	2205	1	0	1	469
CY207738.1	473	798	0	1	1	798
CY207738.1	486	1177	0	1	1	1177
CY207738.1	491	918	0	1	1	918
CY207738.1	492	1371	0	1	1	1371
CY207738.1	494	1710	1	0	1	494
CY207738.1	537	2171	0	1	1	2171
CY207738.1	575	598	0	1	1	598
CY207738.1	594	982	1	0	1	594
CY207738.1	605	1674	1	0	1	605
CY207738.1	642	1476	0	1	1	1476
CY207738.1	644	1031	1	0	1	644
CY207738.1	730	780	0	1	1	780
CY207738.1	776	2223	1	0	1	776
CY207738.1	930	1565	0	1	1	1565
