Segment	Start	Stop	Forward_support	Reverse_support	Total_support	Fuzz_factor
CY207731.1	1016	1594	0	1	1	1594
CY207731.1	1022	1349	0	1	1	1349
CY207731.1	1033	1736	1	0	1	1033
CY207731.1	1043	1187	1	1	2	1043
CY207731.1	1076	1323	1	0	1	1076
CY207731.1	1123	1677	1	0	1	1123
CY207731.1	1147	1907	0	1	1	1907
CY207731.1	1149	1191	1	0	1	1149
CY207731.1	1205	1734	1	0	1	1205
CY207731.1	1236	1520	0	1	1	1520
CY207731.1	1304	1761	1	0	1	1304
CY207731.1	1306	1754	0	1	1	1754
CY207731.1	1330	1772	0	1	1	1772
CY207731.1	1412	1805	0	1	1	1805
CY207731.1	1413	1683	0	1	1	1683
CY207731.1	1534	1871	0	1	1	1871
CY207731.1	1580	1726	0	1	1	1726
CY207731.1	1615	1807	0	1	1	1807
CY207731.1	1651	1735	1	0	1	1651
CY207731.1	1664	1754	0	1	1	1754
CY207731.1	1753	1788	1	0	1	1753
CY207731.1	237	1582	1	0	1	237
CY207731.1	237	494	2	0	2	237
CY207731.1	241	1846	1	0	1	241
CY207731.1	243	1859	1	0	1	243
CY207731.1	248	1859	0	1	1	1859
CY207731.1	289	824	1	0	1	289
CY207731.1	297	1587	0	1	1	1587
CY207731.1	310	1207	0	1	1	1207
CY207731.1	333	1393	0	1	1	1393
CY207731.1	336	470	0	1	1	470
CY207731.1	364	1018	0	1	1	1018
CY207731.1	390	584	0	1	1	584
CY207731.1	392	1349	0	1	1	1349
CY207731.1	393	429	0	4	4	429
CY207731.1	394	1809	0	1	1	1809
CY207731.1	412	1504	1	0	1	412
CY207731.1	427	1164	0	1	1	1164
CY207731.1	433	591	0	1	1	591
CY207731.1	449	1375	1	1	2	449
CY207731.1	456	1721	0	1	1	1721
CY207731.1	489	1276	1	0	1	489
CY207731.1	493	1553	1	0	1	493
CY207731.1	505	729	0	1	1	729
CY207731.1	506	570	1	0	1	506
CY207731.1	508	1063	0	1	1	1063
CY207731.1	515	1409	1	0	1	515
CY207731.1	516	1717	0	1	1	1717
CY207731.1	518	1324	0	1	1	1324
CY207731.1	523	1492	1	0	1	523
CY207731.1	528	619	1	0	1	528
CY207731.1	536	1327	4	2	6	536
CY207731.1	538	990	1	0	1	538
CY207731.1	561	1018	1	1	2	561
CY207731.1	562	1613	0	1	1	1613
CY207731.1	574	1537	1	2	3	574
CY207731.1	575	944	1	0	1	575
CY207731.1	576	1643	0	1	1	1643
CY207731.1	581	819	1	0	1	581
CY207731.1	595	913	0	1	1	913
CY207731.1	628	1361	1	0	1	628
CY207731.1	638	1141	0	1	1	1141
CY207731.1	687	1037	1	0	1	687
CY207731.1	712	1359	1	0	1	712
CY207731.1	721	1538	1	0	1	721
CY207731.1	723	1605	0	1	1	1605
CY207731.1	760	1303	0	1	1	1303
CY207731.1	771	1304	1	0	1	771
CY207731.1	811	1311	0	1	1	1311
CY207731.1	837	1118	1	0	1	837
CY207731.1	846	1801	1	0	1	846
CY207731.1	848	1228	1	0	1	848
CY207731.1	859	1430	0	1	1	1430
CY207731.1	871	991	1	0	1	871
CY207731.1	891	1312	1	0	1	891
CY207731.1	933	974	1	0	1	933
CY207731.1	934	1751	1	0	1	934
CY207731.1	944	1907	0	1	1	1907
CY207731.1	968	1704	0	1	1	1704
CY207732.1	235	548	1	0	1	235
CY207732.1	242	605	1	0	1	242
CY207732.1	247	846	1	0	1	247
CY207732.1	259	322	1	0	1	259
CY207732.1	268	550	1	0	1	268
CY207732.1	274	388	1	0	1	274
CY207732.1	274	717	1	0	1	274
CY207732.1	288	1136	4	3	7	288
CY207732.1	310	1135	0	2	2	1135
CY207732.1	317	562	0	1	1	562
CY207732.1	323	882	0	1	1	882
CY207732.1	341	413	0	1	1	413
CY207732.1	347	573	1	1	2	347
CY207732.1	358	786	1	3	4	358
CY207732.1	362	911	0	1	1	911
CY207732.1	380	602	0	1	1	602
CY207732.1	394	1024	0	1	1	1024
CY207732.1	419	891	0	1	1	891
CY207732.1	424	465	0	1	1	465
CY207732.1	434	813	0	4	4	813
CY207732.1	445	551	0	1	1	551
CY207732.1	447	821	0	2	2	821
CY207732.1	476	547	1	0	1	476
CY207732.1	477	901	1	0	1	477
CY207732.1	478	880	0	1	1	880
CY207732.1	478	953	0	1	1	953
CY207732.1	483	972	1	0	1	483
CY207732.1	499	959	1	0	1	499
CY207732.1	511	600	0	1	1	600
CY207732.1	540	835	1	0	1	540
CY207732.1	584	642	0	1	1	642
CY207732.1	584	687	2	1	3	584
CY207732.1	586	979	1	1	2	586
CY207732.1	589	862	2	0	2	589
CY207732.1	593	1023	1	1	2	593
CY207732.1	595	996	2	0	2	595
CY207732.1	632	965	0	1	1	965
CY207732.1	660	905	0	1	1	905
CY207732.1	679	815	1	1	2	679
CY207732.1	682	889	0	1	1	889
CY207732.1	712	819	1	0	1	712
CY207732.1	718	860	1	1	2	718
CY207732.1	725	901	0	1	1	901
CY207732.1	727	1051	1	0	1	727
CY207732.1	748	1160	0	1	1	1160
CY207732.1	792	862	1	2	3	792
CY207732.1	797	969	1	0	1	797
CY207732.1	804	1014	0	1	1	1014
CY207732.1	816	864	0	1	1	864
CY207732.1	817	866	1	1	2	817
CY207732.1	818	854	0	1	1	854
CY207732.1	831	1000	1	0	1	831
CY207732.1	853	1111	1	0	1	853
CY207732.1	856	915	0	1	1	915
CY207732.1	858	1027	1	0	1	858
CY207732.1	911	1110	1	0	1	911
CY207732.1	914	1148	0	1	1	1148
CY207732.1	919	1016	0	2	2	1016
CY207732.1	933	1019	1	0	1	933
CY207732.1	954	991	1	0	1	954
CY207733.1	1006	1404	0	1	1	1404
CY207733.1	1018	1074	1	1	2	1018
CY207733.1	1108	1143	1	0	1	1108
CY207733.1	1122	1444	1	2	3	1122
CY207733.1	1267	1495	0	1	1	1495
CY207733.1	1278	1366	0	1	1	1366
CY207733.1	1477	1552	1	4	5	1477
CY207733.1	1524	1594	0	1	1	1594
CY207733.1	269	1545	1	0	1	269
CY207733.1	271	1437	5	0	5	271
CY207733.1	278	515	1	0	1	278
CY207733.1	337	1069	1	1	2	337
CY207733.1	383	1161	0	1	1	1161
CY207733.1	394	928	0	1	1	928
CY207733.1	400	1178	1	0	1	400
CY207733.1	431	1445	2	2	4	431
CY207733.1	532	1363	1	0	1	532
CY207733.1	630	849	1	0	1	630
CY207733.1	687	1475	1	0	1	687
CY207733.1	724	804	0	1	1	804
CY207733.1	724	834	0	1	1	834
CY207733.1	777	1402	1	0	1	777
CY207733.1	826	952	0	1	1	952
CY207733.1	872	965	1	2	3	872
CY207733.1	901	1468	1	0	1	901
CY207733.1	950	1311	0	1	1	1311
CY207734.1	1001	1040	0	1	1	1040
CY207734.1	1001	1370	1	0	1	1001
CY207734.1	1012	1084	0	1	1	1084
CY207734.1	1029	1093	0	1	1	1093
CY207734.1	1035	1174	0	1	1	1174
CY207734.1	1086	1517	1	0	1	1086
CY207734.1	1088	1367	0	1	1	1367
CY207734.1	1114	1457	0	1	1	1457
CY207734.1	1123	1202	0	1	1	1202
CY207734.1	1142	1718	0	1	1	1718
CY207734.1	1513	1567	2	1	3	1513
CY207734.1	251	278	1	0	1	251
CY207734.1	253	920	1	0	1	253
CY207734.1	259	1713	0	1	1	1713
CY207734.1	260	1203	1	0	1	260
CY207734.1	264	1122	1	0	1	264
CY207734.1	275	1485	2	0	2	275
CY207734.1	301	1248	0	1	1	1248
CY207734.1	341	983	1	0	1	341
CY207734.1	382	1472	2	1	3	382
CY207734.1	384	1595	0	1	1	1595
CY207734.1	391	521	1	0	1	391
CY207734.1	403	693	0	1	1	693
CY207734.1	414	828	0	1	1	828
CY207734.1	439	1304	0	1	1	1304
CY207734.1	440	1559	0	1	1	1559
CY207734.1	440	567	1	0	1	440
CY207734.1	440	956	0	1	1	956
CY207734.1	459	1388	0	1	1	1388
CY207734.1	464	588	0	1	1	588
CY207734.1	465	1368	1	0	1	465
CY207734.1	473	1343	0	1	1	1343
CY207734.1	481	1589	0	3	3	1589
CY207734.1	489	1335	1	0	1	489
CY207734.1	512	1501	1	1	2	512
CY207734.1	517	1033	0	1	1	1033
CY207734.1	521	841	5	1	6	521
CY207734.1	536	1416	0	1	1	1416
CY207734.1	610	1048	1	0	1	610
CY207734.1	615	644	1	0	1	615
CY207734.1	618	1037	0	1	1	1037
CY207734.1	622	1184	0	1	1	1184
CY207734.1	648	1352	1	0	1	648
CY207734.1	669	741	1	0	1	669
CY207734.1	762	1324	2	1	3	762
CY207734.1	772	1543	1	0	1	772
CY207734.1	772	1624	1	0	1	772
CY207734.1	810	1228	2	1	3	810
CY207734.1	810	874	1	0	1	810
CY207734.1	820	1406	0	1	1	1406
CY207734.1	829	1006	0	1	1	1006
CY207734.1	830	957	0	1	1	957
CY207734.1	832	1367	0	1	1	1367
CY207734.1	843	1689	0	1	1	1689
CY207734.1	844	1514	0	1	1	1514
CY207734.1	859	1017	0	1	1	1017
CY207734.1	884	1028	1	0	1	884
CY207734.1	892	1129	1	0	1	892
CY207734.1	908	958	0	1	1	958
CY207734.1	925	1618	1	0	1	925
CY207734.1	939	1184	0	1	1	1184
CY207734.1	962	1500	1	0	1	962
CY207734.1	966	1051	0	1	1	1051
CY207735.1	1008	1033	0	1	1	1033
CY207735.1	254	931	1	0	1	254
CY207735.1	256	293	11	0	11	256
CY207735.1	258	984	1	0	1	258
CY207735.1	270	362	1	0	1	270
CY207735.1	283	526	2	0	2	283
CY207735.1	314	356	0	1	1	356
CY207735.1	342	576	4	2	6	342
CY207735.1	351	791	0	1	1	791
CY207735.1	384	730	0	1	1	730
CY207735.1	434	699	0	5	5	699
CY207735.1	499	729	1	0	1	499
CY207735.1	504	545	1	0	1	504
CY207735.1	511	740	11	41	52	511
CY207735.1	519	746	0	2	2	746
CY207735.1	544	626	0	1	1	626
CY207735.1	548	839	1	0	1	548
CY207735.1	555	615	0	1	1	615
CY207735.1	569	859	0	1	1	859
CY207735.1	587	771	1	0	1	587
CY207735.1	611	986	0	1	1	986
CY207735.1	637	736	0	1	1	736
CY207735.1	706	1007	0	1	1	1007
CY207735.1	767	789	2	0	2	767
CY207735.1	768	844	1	0	1	768
CY207735.1	782	851	1	0	1	782
CY207735.1	840	865	1	0	1	840
CY207735.1	850	889	0	1	1	889
CY207735.1	955	1024	0	2	2	1024
CY207736.1	1018	1289	1	0	1	1018
CY207736.1	1033	1578	1	0	1	1033
CY207736.1	1034	1560	2	0	2	1034
CY207736.1	1059	1145	1	0	1	1059
CY207736.1	1061	1245	1	0	1	1061
CY207736.1	1062	1699	0	1	1	1699
CY207736.1	1069	1235	0	1	1	1235
CY207736.1	1082	2203	1	0	1	1082
CY207736.1	1084	1510	0	1	1	1510
CY207736.1	1092	2294	0	2	2	2294
CY207736.1	1095	2005	1	3	4	1095
CY207736.1	1100	2286	1	0	1	1100
CY207736.1	1104	1436	0	1	1	1436
CY207736.1	1109	2020	0	1	1	2020
CY207736.1	1118	2184	0	1	1	2184
CY207736.1	1119	1962	1	0	1	1119
CY207736.1	1122	1424	1	0	1	1122
CY207736.1	1151	1528	1	0	1	1151
CY207736.1	1152	1789	0	2	2	1789
CY207736.1	1154	2093	0	1	1	2093
CY207736.1	1167	1447	1	0	1	1167
CY207736.1	1206	1724	0	1	1	1724
CY207736.1	1209	1957	2	0	2	1209
CY207736.1	1242	1686	2	0	2	1242
CY207736.1	1247	1400	1	0	1	1247
CY207736.1	1257	1637	1	0	1	1257
CY207736.1	1258	1647	1	0	1	1258
CY207736.1	1267	1615	1	0	1	1267
CY207736.1	1273	1312	1	0	1	1273
CY207736.1	1274	2015	1	0	1	1274
CY207736.1	1292	1721	1	0	1	1292
CY207736.1	1306	1759	1	0	1	1306
CY207736.1	1406	1701	1	0	1	1406
CY207736.1	1415	2256	0	1	1	2256
CY207736.1	1456	2345	0	1	1	2345
CY207736.1	1464	2354	0	1	1	2354
CY207736.1	1465	2169	0	3	3	2169
CY207736.1	1469	1528	0	1	1	1528
CY207736.1	1501	1898	1	0	1	1501
CY207736.1	1514	2077	1	0	1	1514
CY207736.1	1566	1995	1	4	5	1566
CY207736.1	1568	2273	1	0	1	1568
CY207736.1	1584	2003	1	1	2	1584
CY207736.1	1605	1763	0	1	1	1763
CY207736.1	1627	2317	0	1	1	2317
CY207736.1	1654	2356	0	1	1	2356
CY207736.1	1686	1800	1	0	1	1686
CY207736.1	1705	2191	1	0	1	1705
CY207736.1	1742	1956	0	1	1	1956
CY207736.1	1785	1918	0	4	4	1918
CY207736.1	1789	2006	0	1	1	2006
CY207736.1	1909	2120	0	1	1	2120
CY207736.1	1953	2286	0	1	1	2286
CY207736.1	2023	2046	0	1	1	2046
CY207736.1	2048	2112	1	0	1	2048
CY207736.1	2108	2190	1	2	3	2108
CY207736.1	2131	2171	2	0	2	2131
CY207736.1	2132	2170	0	1	1	2170
CY207736.1	2132	2182	0	2	2	2182
CY207736.1	2133	2259	0	1	1	2259
CY207736.1	2140	2177	0	1	1	2177
CY207736.1	2144	2187	1	0	1	2144
CY207736.1	2209	2259	2	0	2	2209
CY207736.1	2214	2237	4	0	4	2214
CY207736.1	2221	2350	0	1	1	2350
CY207736.1	248	1965	2	0	2	248
CY207736.1	262	2366	1	0	1	262
CY207736.1	272	304	1	0	1	272
CY207736.1	274	2062	1	0	1	274
CY207736.1	278	1268	1	0	1	278
CY207736.1	278	1793	3	0	3	278
CY207736.1	280	2238	5	0	5	280
CY207736.1	284	513	1	0	1	284
CY207736.1	288	2075	4	0	4	288
CY207736.1	331	2163	0	1	1	2163
CY207736.1	334	2064	0	3	3	2064
CY207736.1	334	2203	1	0	1	334
CY207736.1	335	2212	1	1	2	335
CY207736.1	349	1708	0	1	1	1708
CY207736.1	359	2238	1	2	3	359
CY207736.1	360	1001	0	1	1	1001
CY207736.1	360	2063	0	1	1	2063
CY207736.1	363	2213	1	4	5	363
CY207736.1	368	2120	0	3	3	2120
CY207736.1	385	2132	0	4	4	2132
CY207736.1	388	410	0	1	1	410
CY207736.1	389	1829	0	1	1	1829
CY207736.1	392	2150	0	6	6	2150
CY207736.1	404	2164	0	1	1	2164
CY207736.1	432	1059	1	0	1	432
CY207736.1	434	2169	0	1	1	2169
CY207736.1	435	2171	1	1	2	435
CY207736.1	438	2066	0	4	4	2066
CY207736.1	452	1320	0	1	1	1320
CY207736.1	453	1950	1	0	1	453
CY207736.1	454	1999	1	0	1	454
CY207736.1	454	2059	0	3	3	2059
CY207736.1	468	2064	1	1	2	468
CY207736.1	471	2019	1	1	2	471
CY207736.1	493	2163	0	2	2	2163
CY207736.1	496	1778	0	1	1	1778
CY207736.1	497	2043	0	1	1	2043
CY207736.1	512	2028	1	3	4	512
CY207736.1	512	569	1	2	3	512
CY207736.1	513	2197	1	0	1	513
CY207736.1	519	1714	0	1	1	1714
CY207736.1	520	971	1	0	1	520
CY207736.1	541	2191	0	1	1	2191
CY207736.1	542	2013	6	0	6	542
CY207736.1	542	592	0	1	1	592
CY207736.1	545	2158	1	0	1	545
CY207736.1	546	2000	0	1	1	2000
CY207736.1	547	2016	1	0	1	547
CY207736.1	548	1958	0	1	1	1958
CY207736.1	554	1950	3	1	4	554
CY207736.1	555	1888	3	0	3	555
CY207736.1	559	2065	1	0	1	559
CY207736.1	572	658	1	0	1	572
CY207736.1	573	1992	1	0	1	573
CY207736.1	573	1998	1	1	2	573
CY207736.1	574	1733	4	0	4	574
CY207736.1	578	1711	1	0	1	578
CY207736.1	580	1741	0	2	2	1741
CY207736.1	580	1940	0	1	1	1940
CY207736.1	587	1450	1	0	1	587
CY207736.1	594	1643	2	0	2	594
CY207736.1	596	2002	2	0	2	596
CY207736.1	597	1957	2	0	2	597
CY207736.1	598	904	2	1	3	598
CY207736.1	609	1775	0	1	1	1775
CY207736.1	610	1171	0	1	1	1171
CY207736.1	611	1493	1	0	1	611
CY207736.1	618	1960	1	1	2	618
CY207736.1	618	911	1	0	1	618
CY207736.1	622	1889	1	0	1	622
CY207736.1	627	1889	1	0	1	627
CY207736.1	628	1957	1	0	1	628
CY207736.1	631	1897	0	1	1	1897
CY207736.1	637	1943	2	0	2	637
CY207736.1	640	1870	1	0	1	640
CY207736.1	648	1043	1	0	1	648
CY207736.1	651	1922	1	0	1	651
CY207736.1	651	2050	0	1	1	2050
CY207736.1	666	1907	3	4	7	666
CY207736.1	678	1955	0	1	1	1955
CY207736.1	679	1667	0	1	1	1667
CY207736.1	684	1806	5	1	6	684
CY207736.1	684	1882	0	1	1	1882
CY207736.1	707	1988	0	1	1	1988
CY207736.1	711	1827	0	2	2	1827
CY207736.1	719	1855	0	1	1	1855
CY207736.1	720	1415	1	0	1	720
CY207736.1	723	1994	5	2	7	723
CY207736.1	731	1859	1	0	1	731
CY207736.1	735	1615	1	1	2	735
CY207736.1	736	1739	0	1	1	1739
CY207736.1	739	1782	1	0	1	739
CY207736.1	740	1716	1	0	1	740
CY207736.1	740	1723	4	1	5	740
CY207736.1	740	1823	1	0	1	740
CY207736.1	744	1518	1	0	1	744
CY207736.1	744	1826	0	1	1	1826
CY207736.1	745	1832	2	0	2	745
CY207736.1	749	1598	1	0	1	749
CY207736.1	749	1792	3	0	3	749
CY207736.1	749	1827	3	0	3	749
CY207736.1	763	1290	1	0	1	763
CY207736.1	767	1952	5	1	6	767
CY207736.1	769	2166	1	0	1	769
CY207736.1	773	1888	1	1	2	773
CY207736.1	789	929	1	0	1	789
CY207736.1	794	1328	0	1	1	1328
CY207736.1	805	1850	1	0	1	805
CY207736.1	807	1786	0	1	1	1786
CY207736.1	815	2150	1	0	1	815
CY207736.1	820	1555	2	2	4	820
CY207736.1	821	1762	1	3	4	821
CY207736.1	823	1813	1	0	1	823
CY207736.1	835	1813	1	1	2	835
CY207736.1	844	1949	0	1	1	1949
CY207736.1	845	1806	1	1	2	845
CY207736.1	854	1636	0	1	1	1636
CY207736.1	858	1784	16	16	32	858
CY207736.1	860	934	1	0	1	860
CY207736.1	861	1345	1	0	1	861
CY207736.1	862	1813	1	0	1	862
CY207736.1	872	1597	1	0	1	872
CY207736.1	874	1826	0	2	2	1826
CY207736.1	878	1977	2	2	4	878
CY207736.1	884	1603	1	0	1	884
CY207736.1	887	2215	1	0	1	887
CY207736.1	893	1601	9	3	12	893
CY207736.1	894	953	0	1	1	953
CY207736.1	896	1103	0	1	1	1103
CY207736.1	898	1619	1	0	1	898
CY207736.1	898	1694	1	0	1	898
CY207736.1	899	1685	2	0	2	899
CY207736.1	904	1957	0	2	2	1957
CY207736.1	909	2239	2	3	5	909
CY207736.1	914	2302	2	0	2	914
CY207736.1	926	1079	0	1	1	1079
CY207736.1	946	1666	0	1	1	1666
CY207736.1	951	1958	1	0	1	951
CY207736.1	968	1678	2	0	2	968
CY207736.1	977	1199	0	1	1	1199
CY207736.1	985	2154	0	1	1	2154
CY207737.1	1022	1337	0	1	1	1337
CY207737.1	1033	1684	0	1	1	1684
CY207737.1	1043	1469	1	0	1	1043
CY207737.1	1081	1392	0	1	1	1392
CY207737.1	1128	1909	0	1	1	1909
CY207737.1	1180	1407	1	0	1	1180
CY207737.1	1206	1541	1	0	1	1206
CY207737.1	1278	1400	1	0	1	1278
CY207737.1	1387	2270	1	0	1	1387
CY207737.1	1396	2237	0	1	1	2237
CY207737.1	1443	2193	1	0	1	1443
CY207737.1	1566	1745	1	0	1	1566
CY207737.1	1590	2188	0	1	1	2188
CY207737.1	1665	1979	0	1	1	1979
CY207737.1	2153	2250	1	0	1	2153
CY207737.1	2180	2284	1	0	1	2180
CY207737.1	2301	2450	1	1	2	2301
CY207737.1	2413	2450	0	4	4	2450
CY207737.1	247	2269	2	0	2	247
CY207737.1	266	2315	1	0	1	266
CY207737.1	288	2348	1	0	1	288
CY207737.1	325	1268	1	0	1	325
CY207737.1	367	2217	3	12	15	367
CY207737.1	370	2323	1	0	1	370
CY207737.1	422	2176	1	0	1	422
CY207737.1	439	2311	4	0	4	439
CY207737.1	440	1346	0	1	1	1346
CY207737.1	443	2192	1	1	2	443
CY207737.1	457	2130	1	0	1	457
CY207737.1	461	1994	1	2	3	461
CY207737.1	464	2190	4	8	12	464
CY207737.1	465	2302	1	4	5	465
CY207737.1	477	1271	0	1	1	1271
CY207737.1	482	2118	1	2	3	482
CY207737.1	489	2368	2	0	2	489
CY207737.1	513	2103	1	0	1	513
CY207737.1	528	1946	2	2	4	528
CY207737.1	529	2198	4	2	6	529
CY207737.1	553	2026	0	1	1	2026
CY207737.1	573	2076	0	1	1	2076
CY207737.1	574	2148	0	1	1	2148
CY207737.1	619	1772	0	1	1	1772
CY207737.1	626	2232	0	1	1	2232
CY207737.1	632	2137	3	1	4	632
CY207737.1	634	2328	1	0	1	634
CY207737.1	638	2143	0	1	1	2143
CY207737.1	646	2332	1	0	1	646
CY207737.1	697	1644	1	0	1	697
CY207737.1	697	1689	1	0	1	697
CY207737.1	706	868	0	1	1	868
CY207737.1	720	1671	0	2	2	1671
CY207737.1	734	2263	1	0	1	734
CY207737.1	743	2014	0	1	1	2014
CY207737.1	746	2346	1	0	1	746
CY207737.1	751	849	1	0	1	751
CY207737.1	753	1860	0	1	1	1860
CY207737.1	753	2013	0	1	1	2013
CY207737.1	769	1388	1	0	1	769
CY207737.1	778	1991	1	0	1	778
CY207737.1	789	1855	3	0	3	789
CY207737.1	790	2019	2	0	2	790
CY207737.1	794	1813	1	0	1	794
CY207737.1	829	1828	1	2	3	829
CY207737.1	852	1925	0	1	1	1925
CY207737.1	860	1931	0	1	1	1931
CY207737.1	882	1768	1	0	1	882
CY207737.1	899	1808	0	2	2	1808
CY207737.1	934	2268	0	1	1	2268
CY207737.1	940	1782	1	0	1	940
CY207737.1	943	1841	0	1	1	1841
CY207737.1	950	1733	0	1	1	1733
CY207737.1	954	1707	0	2	2	1707
CY207737.1	960	1826	1	0	1	960
CY207737.1	973	1724	0	1	1	1724
CY207737.1	997	1691	0	1	1	1691
CY207738.1	1005	1796	0	1	1	1796
CY207738.1	1018	1382	0	1	1	1382
CY207738.1	1021	1837	0	1	1	1837
CY207738.1	1046	1473	0	1	1	1473
CY207738.1	1062	2248	1	2	3	1062
CY207738.1	1095	2309	0	1	1	2309
CY207738.1	1101	1702	1	0	1	1101
CY207738.1	1107	2419	0	1	1	2419
CY207738.1	1108	1709	1	0	1	1108
CY207738.1	1114	2215	0	1	1	2215
CY207738.1	1123	1660	0	1	1	1660
CY207738.1	1125	1761	1	0	1	1125
CY207738.1	1132	1815	1	0	1	1132
CY207738.1	1179	1526	1	0	1	1179
CY207738.1	1300	2371	0	1	1	2371
CY207738.1	1328	2153	0	1	1	2153
CY207738.1	1426	2017	0	1	1	2017
CY207738.1	1443	1488	1	0	1	1443
CY207738.1	1535	2418	1	0	1	1535
CY207738.1	1595	1760	0	1	1	1760
CY207738.1	1598	2491	0	1	1	2491
CY207738.1	1675	1705	0	1	1	1705
CY207738.1	1700	1733	0	1	1	1733
CY207738.1	1702	2147	0	1	1	2147
CY207738.1	1748	1977	0	1	1	1977
CY207738.1	1809	2309	0	1	1	2309
CY207738.1	1846	1910	0	1	1	1910
CY207738.1	1874	2338	1	0	1	1874
CY207738.1	1878	1915	1	0	1	1878
CY207738.1	1912	1967	1	0	1	1912
CY207738.1	2068	2171	0	1	1	2171
CY207738.1	2148	2382	1	0	1	2148
CY207738.1	2256	2326	0	1	1	2326
CY207738.1	2294	2357	0	1	1	2357
CY207738.1	2333	2355	1	1	2	2333
CY207738.1	2349	2474	0	1	1	2474
CY207738.1	235	1249	1	0	1	235
CY207738.1	270	2245	1	0	1	270
CY207738.1	273	2248	2	0	2	273
CY207738.1	280	1588	3	0	3	280
CY207738.1	280	325	2	1	3	280
CY207738.1	286	2356	4	0	4	286
CY207738.1	312	2334	1	2	3	312
CY207738.1	323	992	0	1	1	992
CY207738.1	333	2466	0	1	1	2466
CY207738.1	339	2328	0	1	1	2328
CY207738.1	344	2219	1	1	2	344
CY207738.1	346	1330	0	1	1	1330
CY207738.1	352	2170	2	3	5	352
CY207738.1	362	2252	0	2	2	2252
CY207738.1	368	2186	0	1	1	2186
CY207738.1	374	2317	0	1	1	2317
CY207738.1	375	2093	0	6	6	2093
CY207738.1	376	1442	1	0	1	376
CY207738.1	386	1988	0	2	2	1988
CY207738.1	386	2347	0	1	1	2347
CY207738.1	400	2304	2	3	5	400
CY207738.1	406	2272	0	5	5	2272
CY207738.1	408	1687	0	1	1	1687
CY207738.1	410	899	1	0	1	410
CY207738.1	417	2330	0	1	1	2330
CY207738.1	435	2311	10	18	28	435
CY207738.1	436	1948	0	1	1	1948
CY207738.1	439	2360	0	1	1	2360
CY207738.1	442	897	0	1	1	897
CY207738.1	453	2254	0	1	1	2254
CY207738.1	463	2233	0	1	1	2233
CY207738.1	476	2168	1	3	4	476
CY207738.1	479	1846	0	1	1	1846
CY207738.1	486	1438	0	1	1	1438
CY207738.1	491	1327	4	1	5	491
CY207738.1	493	1598	1	0	1	493
CY207738.1	494	2076	0	1	1	2076
CY207738.1	505	2491	0	1	1	2491
CY207738.1	512	2287	0	2	2	2287
CY207738.1	515	1933	1	0	1	515
CY207738.1	523	2196	0	1	1	2196
CY207738.1	523	2204	1	0	1	523
CY207738.1	526	2196	0	2	2	2196
CY207738.1	527	1500	1	0	1	527
CY207738.1	529	2116	1	1	2	529
CY207738.1	536	2169	2	2	4	536
CY207738.1	542	1955	0	1	1	1955
CY207738.1	544	1956	1	2	3	544
CY207738.1	547	1203	1	0	1	547
CY207738.1	554	2028	3	0	3	554
CY207738.1	559	2142	1	1	2	559
CY207738.1	562	2341	1	0	1	562
CY207738.1	566	1904	0	3	3	1904
CY207738.1	579	2375	1	0	1	579
CY207738.1	609	2126	0	1	1	2126
CY207738.1	622	2053	0	1	1	2053
CY207738.1	654	1099	0	1	1	1099
CY207738.1	658	1107	1	0	1	658
CY207738.1	658	2012	0	3	3	2012
CY207738.1	661	2041	1	0	1	661
CY207738.1	662	2002	0	5	5	2002
CY207738.1	662	2086	0	1	1	2086
CY207738.1	675	1997	2	1	3	675
CY207738.1	679	2031	0	1	1	2031
CY207738.1	687	1911	2	0	2	687
CY207738.1	692	1555	5	0	5	692
CY207738.1	696	2481	0	1	1	2481
CY207738.1	697	2034	1	0	1	697
CY207738.1	698	2168	1	0	1	698
CY207738.1	699	1972	1	0	1	699
CY207738.1	710	1943	0	1	1	1943
CY207738.1	710	1967	0	1	1	1967
CY207738.1	711	1954	0	1	1	1954
CY207738.1	713	867	1	0	1	713
CY207738.1	721	951	0	1	1	951
CY207738.1	732	1944	0	1	1	1944
CY207738.1	733	1936	1	1	2	733
CY207738.1	738	1933	2	1	3	738
CY207738.1	739	1949	0	1	1	1949
CY207738.1	740	1066	0	1	1	1066
CY207738.1	754	1944	1	0	1	754
CY207738.1	764	1925	0	1	1	1925
CY207738.1	774	1941	1	0	1	774
CY207738.1	775	2210	0	1	1	2210
CY207738.1	780	1877	1	0	1	780
CY207738.1	787	1700	0	1	1	1700
CY207738.1	796	1860	3	0	3	796
CY207738.1	814	2106	1	0	1	814
CY207738.1	818	1847	2	1	3	818
CY207738.1	824	1840	0	2	2	1840
CY207738.1	827	1879	1	0	1	827
CY207738.1	828	1796	1	0	1	828
CY207738.1	828	1831	3	0	3	828
CY207738.1	830	2137	3	1	4	830
CY207738.1	837	874	1	0	1	837
CY207738.1	843	2071	0	3	3	2071
CY207738.1	844	1779	2	1	3	844
CY207738.1	846	1860	1	0	1	846
CY207738.1	847	1868	2	2	4	847
CY207738.1	855	1850	0	1	1	1850
CY207738.1	857	1776	1	0	1	857
CY207738.1	860	1840	2	0	2	860
CY207738.1	866	1429	0	1	1	1429
CY207738.1	883	1878	1	1	2	883
CY207738.1	890	1897	0	1	1	1897
CY207738.1	891	1924	1	0	1	891
CY207738.1	895	1811	2	0	2	895
CY207738.1	896	1101	1	0	1	896
CY207738.1	904	1873	0	1	1	1873
CY207738.1	910	2004	1	1	2	910
CY207738.1	918	1545	0	1	1	1545
CY207738.1	938	1791	2	0	2	938
CY207738.1	945	1794	0	1	1	1794
CY207738.1	952	1705	1	1	2	952
CY207738.1	955	1815	1	0	1	955
CY207738.1	961	2454	0	1	1	2454
CY207738.1	962	1697	0	1	1	1697
CY207738.1	978	1656	1	0	1	978
CY207738.1	979	1728	1	0	1	979
CY207738.1	985	1036	0	1	1	1036
