Segment	Start	Stop	Forward_support	Reverse_support	Total_support	Fuzz_factor
CY207731.1	1019	1127	1	0	1	1019
CY207731.1	1019	1708	1	0	1	1019
CY207731.1	1021	1901	0	1	1	1901
CY207731.1	1024	1666	1	0	1	1024
CY207731.1	1064	1205	1	0	1	1064
CY207731.1	1071	1660	1	0	1	1071
CY207731.1	1087	1328	1	0	1	1087
CY207731.1	1102	1228	0	1	1	1228
CY207731.1	1104	1318	0	1	1	1318
CY207731.1	1118	1397	0	1	1	1397
CY207731.1	1157	1357	0	1	1	1357
CY207731.1	1168	1219	1	0	1	1168
CY207731.1	1186	1257	1	0	1	1186
CY207731.1	1224	1247	0	1	1	1247
CY207731.1	1228	1598	0	1	1	1598
CY207731.1	1242	1758	0	1	1	1758
CY207731.1	1282	1635	0	1	1	1635
CY207731.1	1290	1336	1	1	2	1290
CY207731.1	1304	1326	0	1	1	1326
CY207731.1	1338	1467	1	0	1	1338
CY207731.1	1361	1658	0	1	1	1658
CY207731.1	1363	1522	0	1	1	1522
CY207731.1	1379	1425	1	0	1	1379
CY207731.1	1393	1472	1	0	1	1393
CY207731.1	1453	1690	1	0	1	1453
CY207731.1	1459	1750	1	0	1	1459
CY207731.1	1475	1615	1	0	1	1475
CY207731.1	1486	1594	1	0	1	1486
CY207731.1	1486	1872	0	1	1	1872
CY207731.1	1495	1842	1	0	1	1495
CY207731.1	1505	1751	0	1	1	1751
CY207731.1	1515	1569	0	1	1	1569
CY207731.1	1518	1871	0	1	1	1871
CY207731.1	1519	1658	0	1	1	1658
CY207731.1	1533	1737	0	1	1	1737
CY207731.1	1540	1708	0	1	1	1708
CY207731.1	1596	1661	0	1	1	1661
CY207731.1	1690	1754	1	0	1	1690
CY207731.1	1695	1746	1	0	1	1695
CY207731.1	1752	1872	0	1	1	1872
CY207731.1	243	1410	1	0	1	243
CY207731.1	259	1662	1	0	1	259
CY207731.1	260	1764	1	0	1	260
CY207731.1	262	295	3	0	3	262
CY207731.1	267	1092	1	0	1	267
CY207731.1	272	1597	6	0	6	272
CY207731.1	293	1718	1	0	1	293
CY207731.1	303	351	1	0	1	303
CY207731.1	338	857	0	1	1	857
CY207731.1	340	517	1	0	1	340
CY207731.1	350	1748	1	0	1	350
CY207731.1	353	1617	0	1	1	1617
CY207731.1	358	1737	2	1	3	358
CY207731.1	359	1567	1	0	1	359
CY207731.1	364	1200	0	1	1	1200
CY207731.1	380	1647	1	0	1	380
CY207731.1	382	1062	1	2	3	382
CY207731.1	385	623	0	1	1	623
CY207731.1	391	716	0	1	1	716
CY207731.1	393	1275	0	1	1	1275
CY207731.1	394	531	0	1	1	531
CY207731.1	407	596	0	1	1	596
CY207731.1	412	1473	0	3	3	1473
CY207731.1	412	510	0	1	1	510
CY207731.1	420	1830	1	0	1	420
CY207731.1	422	556	0	1	1	556
CY207731.1	436	699	0	1	1	699
CY207731.1	439	1686	1	0	1	439
CY207731.1	441	563	0	1	1	563
CY207731.1	443	1782	0	1	1	1782
CY207731.1	446	807	1	0	1	446
CY207731.1	447	721	0	1	1	721
CY207731.1	448	1570	0	1	1	1570
CY207731.1	466	1597	0	1	1	1597
CY207731.1	469	508	1	0	1	469
CY207731.1	473	1084	0	1	1	1084
CY207731.1	477	527	0	1	1	527
CY207731.1	489	978	0	2	2	978
CY207731.1	491	550	0	1	1	550
CY207731.1	504	1759	1	0	1	504
CY207731.1	508	1717	1	0	1	508
CY207731.1	508	1912	0	1	1	1912
CY207731.1	508	621	0	1	1	621
CY207731.1	513	754	1	0	1	513
CY207731.1	518	1461	1	2	3	518
CY207731.1	519	1425	1	1	2	519
CY207731.1	519	813	0	1	1	813
CY207731.1	526	1072	0	1	1	1072
CY207731.1	530	1280	1	0	1	530
CY207731.1	532	1732	1	0	1	532
CY207731.1	539	1524	0	2	2	1524
CY207731.1	541	1793	0	1	1	1793
CY207731.1	547	789	0	1	1	789
CY207731.1	550	1638	0	1	1	1638
CY207731.1	555	1877	0	1	1	1877
CY207731.1	559	590	1	0	1	559
CY207731.1	561	1018	1	2	3	561
CY207731.1	565	1641	2	0	2	565
CY207731.1	566	854	0	1	1	854
CY207731.1	573	958	0	1	1	958
CY207731.1	577	600	0	1	1	600
CY207731.1	588	1163	0	1	1	1163
CY207731.1	597	1080	1	0	1	597
CY207731.1	620	1582	0	1	1	1582
CY207731.1	622	698	1	0	1	622
CY207731.1	635	1022	0	1	1	1022
CY207731.1	637	1720	0	1	1	1720
CY207731.1	656	1357	1	0	1	656
CY207731.1	679	1211	1	0	1	679
CY207731.1	705	1120	1	0	1	705
CY207731.1	706	1522	0	1	1	1522
CY207731.1	734	1779	0	1	1	1779
CY207731.1	761	827	0	1	1	827
CY207731.1	766	1460	0	1	1	1460
CY207731.1	797	849	1	0	1	797
CY207731.1	815	1417	0	1	1	1417
CY207731.1	817	1718	1	0	1	817
CY207731.1	818	1875	0	2	2	1875
CY207731.1	819	1365	0	1	1	1365
CY207731.1	823	1879	0	1	1	1879
CY207731.1	838	1758	1	0	1	838
CY207731.1	843	1571	0	1	1	1571
CY207731.1	871	1022	1	0	1	871
CY207731.1	874	1112	0	1	1	1112
CY207731.1	878	970	1	0	1	878
CY207731.1	907	1580	1	0	1	907
CY207731.1	918	1034	1	0	1	918
CY207731.1	933	974	1	0	1	933
CY207731.1	952	1559	0	1	1	1559
CY207731.1	954	1730	1	0	1	954
CY207731.1	960	1157	0	1	1	1157
CY207731.1	971	1091	0	1	1	1091
CY207731.1	984	1105	1	0	1	984
CY207731.1	992	1696	1	0	1	992
CY207731.1	996	1035	0	1	1	1035
CY207732.1	1034	1067	0	1	1	1067
CY207732.1	1034	1071	1	0	1	1034
CY207732.1	243	267	1	0	1	243
CY207732.1	247	949	1	0	1	247
CY207732.1	267	1019	1	0	1	267
CY207732.1	268	550	2	0	2	268
CY207732.1	269	551	3	0	3	269
CY207732.1	272	979	1	0	1	272
CY207732.1	273	957	1	0	1	273
CY207732.1	275	857	1	0	1	275
CY207732.1	276	983	5	0	5	276
CY207732.1	279	1063	1	0	1	279
CY207732.1	283	1082	1	0	1	283
CY207732.1	311	716	1	0	1	311
CY207732.1	311	965	1	0	1	311
CY207732.1	312	849	1	0	1	312
CY207732.1	317	366	1	0	1	317
CY207732.1	321	802	1	0	1	321
CY207732.1	335	677	0	1	1	677
CY207732.1	337	920	2	1	3	337
CY207732.1	347	573	0	1	1	573
CY207732.1	350	1143	0	1	1	1143
CY207732.1	356	421	1	0	1	356
CY207732.1	374	469	0	1	1	469
CY207732.1	374	742	0	1	1	742
CY207732.1	394	1024	1	0	1	394
CY207732.1	394	1167	0	1	1	1167
CY207732.1	394	904	1	0	1	394
CY207732.1	398	933	0	1	1	933
CY207732.1	400	521	0	1	1	521
CY207732.1	410	763	0	1	1	763
CY207732.1	411	763	0	3	3	763
CY207732.1	413	803	1	0	1	413
CY207732.1	416	1150	0	1	1	1150
CY207732.1	417	1072	1	0	1	417
CY207732.1	419	706	0	1	1	706
CY207732.1	420	1090	0	1	1	1090
CY207732.1	421	480	0	1	1	480
CY207732.1	424	1138	0	1	1	1138
CY207732.1	426	912	1	0	1	426
CY207732.1	429	695	0	2	2	695
CY207732.1	431	956	0	1	1	956
CY207732.1	434	1052	1	0	1	434
CY207732.1	434	678	0	5	5	678
CY207732.1	434	813	1	1	2	434
CY207732.1	435	679	0	1	1	679
CY207732.1	438	1172	0	1	1	1172
CY207732.1	438	578	1	0	1	438
CY207732.1	439	745	1	0	1	439
CY207732.1	445	713	1	2	3	445
CY207732.1	445	863	2	4	6	445
CY207732.1	450	676	1	1	2	450
CY207732.1	454	731	0	1	1	731
CY207732.1	457	988	0	1	1	988
CY207732.1	459	1022	0	1	1	1022
CY207732.1	466	890	0	2	2	890
CY207732.1	470	984	0	1	1	984
CY207732.1	478	626	0	1	1	626
CY207732.1	483	594	0	1	1	594
CY207732.1	483	662	0	1	1	662
CY207732.1	483	954	0	1	1	954
CY207732.1	484	794	0	1	1	794
CY207732.1	484	930	0	1	1	930
CY207732.1	485	977	0	1	1	977
CY207732.1	488	759	0	1	1	759
CY207732.1	489	811	0	1	1	811
CY207732.1	496	732	0	1	1	732
CY207732.1	498	564	0	1	1	564
CY207732.1	498	688	0	1	1	688
CY207732.1	499	537	1	0	1	499
CY207732.1	499	673	0	1	1	673
CY207732.1	501	976	0	1	1	976
CY207732.1	506	1059	1	0	1	506
CY207732.1	512	877	0	1	1	877
CY207732.1	534	912	1	0	1	534
CY207732.1	536	594	1	0	1	536
CY207732.1	540	835	0	6	6	835
CY207732.1	541	940	2	1	3	541
CY207732.1	543	1017	1	0	1	543
CY207732.1	554	622	1	0	1	554
CY207732.1	562	982	0	1	1	982
CY207732.1	571	884	0	1	1	884
CY207732.1	587	662	0	1	1	662
CY207732.1	589	862	0	3	3	862
CY207732.1	589	961	1	2	3	589
CY207732.1	593	1023	1	1	2	593
CY207732.1	601	1061	0	1	1	1061
CY207732.1	601	685	0	1	1	685
CY207732.1	602	676	1	0	1	602
CY207732.1	612	887	1	0	1	612
CY207732.1	613	708	0	1	1	708
CY207732.1	620	1061	0	1	1	1061
CY207732.1	623	954	0	1	1	954
CY207732.1	626	826	0	1	1	826
CY207732.1	626	858	0	1	1	858
CY207732.1	626	886	0	1	1	886
CY207732.1	629	957	2	0	2	629
CY207732.1	630	721	0	1	1	721
CY207732.1	636	1021	1	0	1	636
CY207732.1	653	1023	1	0	1	653
CY207732.1	654	1031	1	0	1	654
CY207732.1	654	961	1	0	1	654
CY207732.1	676	745	0	1	1	745
CY207732.1	679	815	0	1	1	815
CY207732.1	681	856	1	0	1	681
CY207732.1	690	974	0	1	1	974
CY207732.1	697	772	0	1	1	772
CY207732.1	703	907	1	0	1	703
CY207732.1	705	909	1	0	1	705
CY207732.1	715	965	5	2	7	715
CY207732.1	718	1023	0	1	1	1023
CY207732.1	718	860	3	7	10	718
CY207732.1	732	891	0	1	1	891
CY207732.1	739	790	1	0	1	739
CY207732.1	750	977	0	1	1	977
CY207732.1	757	932	0	1	1	932
CY207732.1	758	954	0	1	1	954
CY207732.1	776	865	0	1	1	865
CY207732.1	787	869	0	1	1	869
CY207732.1	788	1085	1	0	1	788
CY207732.1	792	862	1	1	2	792
CY207732.1	804	1014	3	0	3	804
CY207732.1	807	948	0	1	1	948
CY207732.1	810	980	1	0	1	810
CY207732.1	817	866	0	1	1	866
CY207732.1	819	884	1	0	1	819
CY207732.1	850	1155	0	1	1	1155
CY207732.1	853	920	1	0	1	853
CY207732.1	856	965	1	0	1	856
CY207732.1	857	1144	0	1	1	1144
CY207732.1	876	936	1	0	1	876
CY207732.1	915	1022	1	0	1	915
CY207732.1	917	995	0	1	1	995
CY207732.1	919	1131	0	1	1	1131
CY207732.1	933	1019	1	0	1	933
CY207732.1	941	1066	0	1	1	1066
CY207732.1	951	1002	1	0	1	951
CY207732.1	965	1113	1	0	1	965
CY207733.1	1005	1458	1	0	1	1005
CY207733.1	1035	1268	0	1	1	1268
CY207733.1	1126	1513	0	1	1	1513
CY207733.1	1231	1487	1	0	1	1231
CY207733.1	1267	1299	0	1	1	1299
CY207733.1	1299	1495	1	0	1	1299
CY207733.1	1400	1429	1	0	1	1400
CY207733.1	1400	1444	0	1	1	1444
CY207733.1	1401	1436	3	1	4	1401
CY207733.1	1466	1511	1	0	1	1466
CY207733.1	1512	1568	0	1	1	1568
CY207733.1	1513	1584	0	1	1	1584
CY207733.1	266	346	1	0	1	266
CY207733.1	271	1500	1	0	1	271
CY207733.1	272	1253	2	0	2	272
CY207733.1	272	1496	1	0	1	272
CY207733.1	275	1369	4	0	4	275
CY207733.1	279	1159	1	0	1	279
CY207733.1	284	1516	1	0	1	284
CY207733.1	286	1408	7	0	7	286
CY207733.1	289	1015	1	0	1	289
CY207733.1	297	1504	1	0	1	297
CY207733.1	322	1569	0	1	1	1569
CY207733.1	340	1482	0	1	1	1482
CY207733.1	384	1428	1	0	1	384
CY207733.1	385	797	0	1	1	797
CY207733.1	386	1383	0	1	1	1383
CY207733.1	409	1437	1	0	1	409
CY207733.1	423	936	1	0	1	423
CY207733.1	430	596	0	1	1	596
CY207733.1	449	1402	0	2	2	1402
CY207733.1	458	1407	0	1	1	1407
CY207733.1	493	1062	1	0	1	493
CY207733.1	538	1433	1	0	1	538
CY207733.1	545	1353	0	1	1	1353
CY207733.1	582	641	1	1	2	582
CY207733.1	588	1231	0	1	1	1231
CY207733.1	598	1174	1	0	1	598
CY207733.1	607	789	1	0	1	607
CY207733.1	608	694	0	1	1	694
CY207733.1	614	1317	1	0	1	614
CY207733.1	642	832	0	1	1	832
CY207733.1	660	1406	1	0	1	660
CY207733.1	661	777	0	1	1	777
CY207733.1	671	1201	0	1	1	1201
CY207733.1	673	1116	0	1	1	1116
CY207733.1	690	1297	0	1	1	1297
CY207733.1	707	1560	1	0	1	707
CY207733.1	716	1193	1	0	1	716
CY207733.1	733	855	1	0	1	733
CY207733.1	765	993	1	0	1	765
CY207733.1	791	946	0	1	1	946
CY207733.1	836	1187	0	1	1	1187
CY207733.1	866	1469	1	0	1	866
CY207733.1	883	1385	1	0	1	883
CY207733.1	931	1449	1	0	1	931
CY207733.1	948	1027	0	2	2	1027
CY207733.1	948	1046	0	1	1	1046
CY207733.1	952	1030	0	1	1	1030
CY207733.1	958	1501	1	0	1	958
CY207734.1	1024	1582	1	0	1	1024
CY207734.1	1043	1124	0	1	1	1124
CY207734.1	1056	1472	0	1	1	1472
CY207734.1	1122	1444	0	1	1	1444
CY207734.1	1125	1347	1	0	1	1125
CY207734.1	1161	1484	0	1	1	1484
CY207734.1	1184	1281	1	0	1	1184
CY207734.1	1191	1541	0	1	1	1541
CY207734.1	1258	1711	0	1	1	1711
CY207734.1	1283	1418	0	1	1	1418
CY207734.1	1303	1724	0	1	1	1724
CY207734.1	1312	1426	1	1	2	1312
CY207734.1	1350	1400	1	0	1	1350
CY207734.1	1363	1701	0	1	1	1701
CY207734.1	1367	1698	0	1	1	1698
CY207734.1	1417	1609	0	1	1	1609
CY207734.1	1418	1494	1	0	1	1418
CY207734.1	1418	1518	0	1	1	1518
CY207734.1	1435	1512	2	0	2	1435
CY207734.1	1447	1473	0	1	1	1473
CY207734.1	1545	1627	0	1	1	1627
CY207734.1	1562	1686	0	1	1	1686
CY207734.1	1569	1723	0	1	1	1723
CY207734.1	1589	1695	0	1	1	1695
CY207734.1	1604	1725	0	1	1	1725
CY207734.1	255	476	1	0	1	255
CY207734.1	256	1197	1	0	1	256
CY207734.1	261	793	1	0	1	261
CY207734.1	275	914	1	0	1	275
CY207734.1	276	1325	1	0	1	276
CY207734.1	280	1553	1	0	1	280
CY207734.1	281	1025	1	0	1	281
CY207734.1	282	1588	2	0	2	282
CY207734.1	282	347	3	0	3	282
CY207734.1	282	817	1	0	1	282
CY207734.1	288	822	2	0	2	288
CY207734.1	320	677	1	0	1	320
CY207734.1	334	1549	1	0	1	334
CY207734.1	343	1561	0	1	1	1561
CY207734.1	346	817	1	0	1	346
CY207734.1	355	1430	0	1	1	1430
CY207734.1	355	673	0	1	1	673
CY207734.1	359	1485	3	4	7	359
CY207734.1	365	417	1	0	1	365
CY207734.1	368	1126	1	0	1	368
CY207734.1	374	1204	1	0	1	374
CY207734.1	407	1511	0	1	1	1511
CY207734.1	408	1481	1	1	2	408
CY207734.1	412	476	0	1	1	476
CY207734.1	416	1678	0	1	1	1678
CY207734.1	419	1157	0	1	1	1157
CY207734.1	427	579	0	1	1	579
CY207734.1	437	603	0	1	1	603
CY207734.1	449	1278	0	1	1	1278
CY207734.1	452	1423	1	0	1	452
CY207734.1	458	1069	0	1	1	1069
CY207734.1	458	1385	0	3	3	1385
CY207734.1	465	1175	0	1	1	1175
CY207734.1	470	590	0	1	1	590
CY207734.1	472	1378	0	1	1	1378
CY207734.1	473	1485	1	6	7	473
CY207734.1	474	1396	1	6	7	474
CY207734.1	480	1535	0	2	2	1535
CY207734.1	484	1100	1	0	1	484
CY207734.1	485	1334	0	1	1	1334
CY207734.1	491	1103	0	1	1	1103
CY207734.1	492	757	0	1	1	757
CY207734.1	498	1628	0	1	1	1628
CY207734.1	501	1425	0	1	1	1425
CY207734.1	502	1018	1	0	1	502
CY207734.1	518	1400	0	1	1	1400
CY207734.1	521	1438	1	0	1	521
CY207734.1	521	841	2	4	6	521
CY207734.1	537	1510	0	1	1	1510
CY207734.1	538	1064	0	1	1	1064
CY207734.1	559	1589	1	0	1	559
CY207734.1	559	1690	0	1	1	1690
CY207734.1	561	882	0	1	1	882
CY207734.1	567	910	0	1	1	910
CY207734.1	575	1322	0	1	1	1322
CY207734.1	600	636	1	0	1	600
CY207734.1	638	923	0	1	1	923
CY207734.1	641	1193	1	0	1	641
CY207734.1	660	1238	2	0	2	660
CY207734.1	662	1364	1	0	1	662
CY207734.1	667	1490	1	0	1	667
CY207734.1	670	1539	1	0	1	670
CY207734.1	673	746	0	1	1	746
CY207734.1	683	1100	1	0	1	683
CY207734.1	684	791	0	1	1	791
CY207734.1	686	1245	1	0	1	686
CY207734.1	701	1640	0	1	1	1640
CY207734.1	714	1468	0	1	1	1468
CY207734.1	717	751	1	0	1	717
CY207734.1	719	980	1	0	1	719
CY207734.1	721	1372	1	0	1	721
CY207734.1	721	962	0	1	1	962
CY207734.1	746	840	1	0	1	746
CY207734.1	753	1419	0	1	1	1419
CY207734.1	781	811	1	0	1	781
CY207734.1	788	1095	0	1	1	1095
CY207734.1	797	1143	0	1	1	1143
CY207734.1	814	1647	0	1	1	1647
CY207734.1	824	1049	1	0	1	824
CY207734.1	830	1117	1	0	1	830
CY207734.1	831	1152	1	0	1	831
CY207734.1	833	1511	1	0	1	833
CY207734.1	840	1589	1	0	1	840
CY207734.1	844	1395	1	0	1	844
CY207734.1	866	1227	0	1	1	1227
CY207734.1	895	1162	0	1	1	1162
CY207734.1	900	1686	0	2	2	1686
CY207734.1	902	1190	0	1	1	1190
CY207734.1	939	1184	0	1	1	1184
CY207734.1	951	1373	2	0	2	951
CY207734.1	954	1158	0	1	1	1158
CY207734.1	957	1228	0	1	1	1228
CY207734.1	958	1496	1	0	1	958
CY207734.1	959	1087	1	0	1	959
CY207734.1	959	1420	1	0	1	959
CY207734.1	966	1051	0	1	1	1051
CY207734.1	967	1452	1	0	1	967
CY207734.1	986	1447	1	0	1	986
CY207735.1	258	930	1	0	1	258
CY207735.1	258	935	1	0	1	258
CY207735.1	272	942	6	0	6	272
CY207735.1	273	790	3	1	4	273
CY207735.1	273	943	1	0	1	273
CY207735.1	288	914	2	0	2	288
CY207735.1	342	576	2	6	8	342
CY207735.1	356	845	0	1	1	845
CY207735.1	390	549	0	2	2	549
CY207735.1	414	800	0	1	1	800
CY207735.1	464	928	1	0	1	464
CY207735.1	466	507	1	0	1	466
CY207735.1	511	740	2	9	11	511
CY207735.1	519	746	0	2	2	746
CY207735.1	547	790	0	1	1	790
CY207735.1	561	775	2	0	2	561
CY207735.1	571	595	1	0	1	571
CY207735.1	641	723	0	1	1	723
CY207735.1	840	865	0	1	1	865
CY207735.1	970	1033	0	2	2	1033
CY207736.1	1004	2355	0	1	1	2355
CY207736.1	1007	1759	0	1	1	1759
CY207736.1	1008	1425	1	0	1	1008
CY207736.1	1027	1936	1	0	1	1027
CY207736.1	1033	2353	0	2	2	2353
CY207736.1	1046	1979	0	2	2	1979
CY207736.1	1055	2200	1	0	1	1055
CY207736.1	1059	1145	0	1	1	1145
CY207736.1	1067	1672	0	2	2	1672
CY207736.1	1068	1774	1	0	1	1068
CY207736.1	1073	2355	0	1	1	2355
CY207736.1	1092	2294	2	3	5	1092
CY207736.1	1095	1789	0	2	2	1789
CY207736.1	1095	2005	3	2	5	1095
CY207736.1	1101	2176	0	1	1	2176
CY207736.1	1151	1262	1	0	1	1151
CY207736.1	1167	1393	0	1	1	1393
CY207736.1	1171	1820	1	0	1	1171
CY207736.1	1186	1504	0	1	1	1504
CY207736.1	1192	1717	1	0	1	1192
CY207736.1	1193	2176	0	1	1	2176
CY207736.1	1197	2182	0	1	1	2182
CY207736.1	1209	1957	0	1	1	1957
CY207736.1	1210	2352	0	1	1	2352
CY207736.1	1216	2192	1	0	1	1216
CY207736.1	1237	2190	0	2	2	2190
CY207736.1	1258	1647	1	2	3	1258
CY207736.1	1262	2244	1	0	1	1262
CY207736.1	1263	1346	0	1	1	1346
CY207736.1	1273	1546	1	0	1	1273
CY207736.1	1274	1785	0	1	1	1785
CY207736.1	1305	1412	1	0	1	1305
CY207736.1	1308	1363	0	1	1	1363
CY207736.1	1331	1851	0	1	1	1851
CY207736.1	1332	2272	1	0	1	1332
CY207736.1	1333	2196	0	1	1	2196
CY207736.1	1342	2103	0	1	1	2103
CY207736.1	1358	2017	1	0	1	1358
CY207736.1	1386	2070	0	1	1	2070
CY207736.1	1397	1446	0	1	1	1446
CY207736.1	1404	1432	0	1	1	1432
CY207736.1	1409	2285	0	1	1	2285
CY207736.1	1423	2351	0	1	1	2351
CY207736.1	1434	1963	1	0	1	1434
CY207736.1	1456	2345	0	2	2	2345
CY207736.1	1509	1547	1	0	1	1509
CY207736.1	1514	1656	1	0	1	1514
CY207736.1	1519	2247	1	0	1	1519
CY207736.1	1520	1571	0	1	1	1571
CY207736.1	1545	2294	0	1	1	2294
CY207736.1	1549	1605	2	0	2	1549
CY207736.1	1549	2019	1	0	1	1549
CY207736.1	1557	1782	1	0	1	1557
CY207736.1	1566	1995	1	3	4	1566
CY207736.1	1567	2204	1	2	3	1567
CY207736.1	1576	1821	1	0	1	1576
CY207736.1	1648	2201	0	1	1	2201
CY207736.1	1692	1821	1	0	1	1692
CY207736.1	1699	1754	0	1	1	1754
CY207736.1	1701	2264	0	1	1	2264
CY207736.1	1701	2296	0	1	1	2296
CY207736.1	1705	2191	1	0	1	1705
CY207736.1	1706	1899	1	0	1	1706
CY207736.1	1752	1895	1	0	1	1752
CY207736.1	1789	2006	0	1	1	2006
CY207736.1	1792	2257	1	0	1	1792
CY207736.1	1818	1856	0	1	1	1856
CY207736.1	1826	1917	0	2	2	1917
CY207736.1	1832	2223	0	1	1	2223
CY207736.1	1884	2287	1	0	1	1884
CY207736.1	1890	2037	0	1	1	2037
CY207736.1	1954	2089	0	1	1	2089
CY207736.1	1979	2351	0	1	1	2351
CY207736.1	1985	2358	0	1	1	2358
CY207736.1	1994	2203	0	2	2	2203
CY207736.1	2006	2064	1	0	1	2006
CY207736.1	2014	2229	0	1	1	2229
CY207736.1	2089	2190	1	0	1	2089
CY207736.1	2118	2245	0	1	1	2245
CY207736.1	2118	2265	1	0	1	2118
CY207736.1	2129	2155	0	3	3	2155
CY207736.1	2132	2156	0	1	1	2156
CY207736.1	2132	2170	1	0	1	2132
CY207736.1	2147	2170	8	12	20	2147
CY207736.1	2156	2238	1	0	1	2156
CY207736.1	2258	2284	0	2	2	2284
CY207736.1	235	1761	1	0	1	235
CY207736.1	239	1469	1	0	1	239
CY207736.1	249	2329	1	0	1	249
CY207736.1	268	2374	1	0	1	268
CY207736.1	268	889	1	0	1	268
CY207736.1	280	2075	1	0	1	280
CY207736.1	281	2098	3	0	3	281
CY207736.1	282	1398	3	0	3	282
CY207736.1	284	995	1	0	1	284
CY207736.1	289	643	1	0	1	289
CY207736.1	310	2045	0	1	1	2045
CY207736.1	313	2048	0	1	1	2048
CY207736.1	314	2244	0	1	1	2244
CY207736.1	325	367	1	0	1	325
CY207736.1	328	2156	1	0	1	328
CY207736.1	332	2149	17	147	164	332
CY207736.1	334	2148	0	1	1	2148
CY207736.1	334	2207	1	0	1	334
CY207736.1	334	2213	0	1	1	2213
CY207736.1	353	2115	0	1	1	2115
CY207736.1	355	2172	0	1	1	2172
CY207736.1	357	1826	0	1	1	1826
CY207736.1	359	2160	0	1	1	2160
CY207736.1	361	1562	0	1	1	1562
CY207736.1	363	2153	3	21	24	363
CY207736.1	365	2143	1	2	3	365
CY207736.1	367	2160	0	6	6	2160
CY207736.1	369	2136	0	1	1	2136
CY207736.1	371	1369	1	0	1	371
CY207736.1	372	547	1	0	1	372
CY207736.1	377	2120	0	1	1	2120
CY207736.1	385	2037	0	1	1	2037
CY207736.1	385	2063	0	2	2	2063
CY207736.1	385	2169	0	4	4	2169
CY207736.1	386	2172	1	2	3	386
CY207736.1	388	1603	0	1	1	1603
CY207736.1	391	2141	0	2	2	2141
CY207736.1	392	2123	2	7	9	392
CY207736.1	403	2064	0	1	1	2064
CY207736.1	403	2156	0	2	2	2156
CY207736.1	404	2134	1	2	3	404
CY207736.1	405	2043	0	1	1	2043
CY207736.1	415	2140	1	0	1	415
CY207736.1	415	2147	0	2	2	2147
CY207736.1	421	1170	0	1	1	1170
CY207736.1	436	2133	0	1	1	2133
CY207736.1	436	2156	0	1	1	2156
CY207736.1	438	2066	1	0	1	438
CY207736.1	441	2024	0	2	2	2024
CY207736.1	441	2075	1	0	1	441
CY207736.1	445	2107	2	4	6	445
CY207736.1	447	2102	17	58	75	447
CY207736.1	449	1413	0	1	1	1413
CY207736.1	453	2057	0	1	1	2057
CY207736.1	470	1613	0	1	1	1613
CY207736.1	477	1839	0	1	1	1839
CY207736.1	482	2074	32	48	80	482
CY207736.1	490	2064	1	3	4	490
CY207736.1	498	2060	0	2	2	2060
CY207736.1	498	2070	0	1	1	2070
CY207736.1	499	2009	1	0	1	499
CY207736.1	500	2028	2	2	4	500
CY207736.1	501	2157	2	1	3	501
CY207736.1	519	2003	1	0	1	519
CY207736.1	524	2108	0	1	1	2108
CY207736.1	539	615	0	1	1	615
CY207736.1	542	1972	1	1	2	542
CY207736.1	546	1894	2	0	2	546
CY207736.1	546	2010	1	0	1	546
CY207736.1	547	1141	0	1	1	1141
CY207736.1	547	1687	2	0	2	547
CY207736.1	548	2009	1	0	1	548
CY207736.1	552	2064	0	1	1	2064
CY207736.1	554	2225	5	1	6	554
CY207736.1	555	1856	1	0	1	555
CY207736.1	555	1912	1	0	1	555
CY207736.1	555	1931	1	0	1	555
CY207736.1	562	2051	2	1	3	562
CY207736.1	562	2114	1	0	1	562
CY207736.1	564	2035	1	0	1	564
CY207736.1	566	652	1	0	1	566
CY207736.1	569	1808	1	0	1	569
CY207736.1	569	1893	2	0	2	569
CY207736.1	573	2050	0	1	1	2050
CY207736.1	574	1733	1	0	1	574
CY207736.1	578	2012	1	0	1	578
CY207736.1	579	1950	1	0	1	579
CY207736.1	582	1952	29	12	41	582
CY207736.1	582	2116	1	0	1	582
CY207736.1	584	1961	1	0	1	584
CY207736.1	584	680	0	1	1	680
CY207736.1	585	2061	1	0	1	585
CY207736.1	590	1829	1	0	1	590
CY207736.1	590	2029	1	0	1	590
CY207736.1	595	1962	0	1	1	1962
CY207736.1	598	646	0	1	1	646
CY207736.1	598	904	1	0	1	598
CY207736.1	606	1903	1	0	1	606
CY207736.1	609	1874	1	0	1	609
CY207736.1	612	2064	0	1	1	2064
CY207736.1	630	1193	1	0	1	630
CY207736.1	630	1935	0	1	1	1935
CY207736.1	636	1896	0	1	1	1896
CY207736.1	643	1846	1	0	1	643
CY207736.1	643	2312	2	0	2	643
CY207736.1	649	1414	1	0	1	649
CY207736.1	656	1163	1	0	1	656
CY207736.1	670	1988	1	0	1	670
CY207736.1	684	2027	0	2	2	2027
CY207736.1	690	1584	1	0	1	690
CY207736.1	690	2249	1	1	2	690
CY207736.1	690	782	0	1	1	782
CY207736.1	695	1938	0	1	1	1938
CY207736.1	699	1995	0	2	2	1995
CY207736.1	705	2324	0	1	1	2324
CY207736.1	716	1773	0	1	1	1773
CY207736.1	718	1759	2	1	3	718
CY207736.1	722	1840	1	2	3	722
CY207736.1	723	1647	2	1	3	723
CY207736.1	723	1826	0	1	1	1826
CY207736.1	723	1994	0	1	1	1994
CY207736.1	728	1754	1	0	1	728
CY207736.1	728	2279	0	1	1	2279
CY207736.1	731	1859	2	0	2	731
CY207736.1	732	2008	0	1	1	2008
CY207736.1	737	1872	3	1	4	737
CY207736.1	738	1934	0	1	1	1934
CY207736.1	740	1240	0	1	1	1240
CY207736.1	742	2154	0	1	1	2154
CY207736.1	752	1716	1	1	2	752
CY207736.1	755	1737	0	1	1	1737
CY207736.1	755	1828	1	0	1	755
CY207736.1	759	2040	0	3	3	2040
CY207736.1	765	1839	2	0	2	765
CY207736.1	767	1952	3	0	3	767
CY207736.1	769	2166	0	1	1	2166
CY207736.1	770	800	0	1	1	800
CY207736.1	773	1458	1	0	1	773
CY207736.1	773	1853	34	23	57	773
CY207736.1	774	1686	4	1	5	774
CY207736.1	776	2051	0	1	1	2051
CY207736.1	780	1464	1	0	1	780
CY207736.1	781	2023	3	0	3	781
CY207736.1	788	1449	1	1	2	788
CY207736.1	790	1018	1	0	1	790
CY207736.1	795	1805	1	0	1	795
CY207736.1	810	1927	0	1	1	1927
CY207736.1	823	1735	0	1	1	1735
CY207736.1	824	2186	0	1	1	2186
CY207736.1	826	995	1	0	1	826
CY207736.1	835	1893	0	1	1	1893
CY207736.1	836	1687	2	0	2	836
CY207736.1	843	1929	1	0	1	843
CY207736.1	843	2178	2	0	2	843
CY207736.1	851	1736	1	0	1	851
CY207736.1	852	1556	1	0	1	852
CY207736.1	865	2205	1	0	1	865
CY207736.1	876	1634	1	0	1	876
CY207736.1	884	1723	0	1	1	1723
CY207736.1	887	1850	1	0	1	887
CY207736.1	894	1940	1	0	1	894
CY207736.1	897	2353	0	1	1	2353
CY207736.1	900	1819	1	0	1	900
CY207736.1	909	1571	1	0	1	909
CY207736.1	923	1194	0	1	1	1194
CY207736.1	939	1877	0	1	1	1877
CY207736.1	945	2175	0	1	1	2175
CY207736.1	947	1652	0	1	1	1652
CY207736.1	950	2292	0	1	1	2292
CY207736.1	957	2248	1	0	1	957
CY207736.1	959	1084	1	0	1	959
CY207736.1	978	2262	1	0	1	978
CY207736.1	988	1107	1	0	1	988
CY207736.1	997	2255	2	1	3	997
CY207737.1	1019	1688	0	2	2	1688
CY207737.1	1113	2460	0	1	1	2460
CY207737.1	1130	1987	0	1	1	1987
CY207737.1	1144	1677	0	1	1	1677
CY207737.1	1146	2225	1	0	1	1146
CY207737.1	1148	2020	1	0	1	1148
CY207737.1	1266	1835	1	0	1	1266
CY207737.1	1308	1954	0	1	1	1954
CY207737.1	1326	2140	0	1	1	2140
CY207737.1	1391	2219	0	1	1	2219
CY207737.1	1413	1446	0	1	1	1446
CY207737.1	1417	2230	0	1	1	2230
CY207737.1	1428	2270	1	0	1	1428
CY207737.1	1540	1702	0	1	1	1702
CY207737.1	1549	2032	0	1	1	2032
CY207737.1	1593	2263	0	2	2	2263
CY207737.1	1649	2367	1	0	1	1649
CY207737.1	1673	2339	0	1	1	2339
CY207737.1	1748	2181	0	1	1	2181
CY207737.1	1821	2345	1	0	1	1821
CY207737.1	1836	2003	0	1	1	2003
CY207737.1	1856	2303	1	0	1	1856
CY207737.1	1859	2047	1	0	1	1859
CY207737.1	2163	2254	1	0	1	2163
CY207737.1	2164	2237	16	1	17	2164
CY207737.1	2321	2451	0	2	2	2451
CY207737.1	2322	2346	1	0	1	2322
CY207737.1	237	266	3	0	3	237
CY207737.1	237	449	1	0	1	237
CY207737.1	2409	2450	0	1	1	2450
CY207737.1	2413	2450	0	3	3	2450
CY207737.1	245	736	2	0	2	245
CY207737.1	247	289	1	0	1	247
CY207737.1	263	326	1	0	1	263
CY207737.1	265	290	2	0	2	265
CY207737.1	266	2415	5	0	5	266
CY207737.1	280	767	2	0	2	280
CY207737.1	293	750	1	0	1	293
CY207737.1	294	2381	2	0	2	294
CY207737.1	326	2356	1	0	1	326
CY207737.1	330	2325	2	1	3	330
CY207737.1	341	614	1	0	1	341
CY207737.1	364	2206	0	1	1	2206
CY207737.1	375	1457	1	0	1	375
CY207737.1	380	2310	1	0	1	380
CY207737.1	388	2287	1	2	3	388
CY207737.1	389	2207	1	2	3	389
CY207737.1	392	2322	1	0	1	392
CY207737.1	392	422	0	1	1	422
CY207737.1	395	2323	1	2	3	395
CY207737.1	404	1131	1	0	1	404
CY207737.1	436	2094	3	0	3	436
CY207737.1	439	2093	1	0	1	439
CY207737.1	446	2207	1	2	3	446
CY207737.1	446	2209	0	1	1	2209
CY207737.1	446	2217	0	1	1	2217
CY207737.1	449	2193	0	1	1	2193
CY207737.1	453	2232	1	0	1	453
CY207737.1	460	2243	1	0	1	460
CY207737.1	461	2150	0	1	1	2150
CY207737.1	462	2094	0	1	1	2094
CY207737.1	463	2152	8	39	47	463
CY207737.1	474	2280	1	0	1	474
CY207737.1	487	2235	1	0	1	487
CY207737.1	490	2046	0	1	1	2046
CY207737.1	506	1005	1	0	1	506
CY207737.1	511	1298	1	0	1	511
CY207737.1	518	2184	0	2	2	2184
CY207737.1	518	2309	1	0	1	518
CY207737.1	521	2051	0	1	1	2051
CY207737.1	542	2092	1	0	1	542
CY207737.1	565	2081	2	1	3	565
CY207737.1	574	2070	1	0	1	574
CY207737.1	584	2052	0	1	1	2052
CY207737.1	584	2095	0	1	1	2095
CY207737.1	589	1813	1	0	1	589
CY207737.1	599	2094	3	1	4	599
CY207737.1	602	2090	1	0	1	602
CY207737.1	602	2095	0	1	1	2095
CY207737.1	610	2210	1	0	1	610
CY207737.1	626	2330	1	0	1	626
CY207737.1	628	2019	1	1	2	628
CY207737.1	660	1907	1	0	1	660
CY207737.1	708	1248	1	0	1	708
CY207737.1	708	1730	1	0	1	708
CY207737.1	709	1809	0	1	1	1809
CY207737.1	723	1977	1	0	1	723
CY207737.1	733	1994	0	1	1	1994
CY207737.1	738	1984	2	3	5	738
CY207737.1	742	1534	0	1	1	1534
CY207737.1	775	2097	0	1	1	2097
CY207737.1	775	915	0	1	1	915
CY207737.1	778	1944	0	1	1	1944
CY207737.1	780	1780	0	1	1	1780
CY207737.1	795	1301	1	0	1	795
CY207737.1	796	2004	0	1	1	2004
CY207737.1	809	2178	0	1	1	2178
CY207737.1	829	996	0	1	1	996
CY207737.1	834	1713	0	1	1	1713
CY207737.1	836	1630	0	1	1	1630
CY207737.1	848	2213	1	0	1	848
CY207737.1	859	1794	1	0	1	859
CY207737.1	864	922	0	1	1	922
CY207737.1	867	1806	1	0	1	867
CY207737.1	867	2451	0	2	2	2451
CY207737.1	889	1412	1	0	1	889
CY207737.1	889	1755	1	0	1	889
CY207737.1	904	1152	0	1	1	1152
CY207737.1	927	1771	2	0	2	927
CY207737.1	931	2146	1	1	2	931
CY207737.1	962	1728	1	0	1	962
CY207737.1	967	1800	1	0	1	967
CY207737.1	973	1299	0	1	1	1299
CY207738.1	1004	1854	0	1	1	1854
CY207738.1	1030	1252	1	0	1	1030
CY207738.1	1038	1860	1	0	1	1038
CY207738.1	1062	1868	0	1	1	1868
CY207738.1	1062	2248	3	1	4	1062
CY207738.1	1068	2284	0	1	1	2284
CY207738.1	1071	2255	1	0	1	1071
CY207738.1	1081	1995	1	0	1	1081
CY207738.1	1094	1641	1	0	1	1094
CY207738.1	1104	1544	1	0	1	1104
CY207738.1	1108	1203	1	0	1	1108
CY207738.1	1199	1751	1	0	1	1199
CY207738.1	1202	1432	0	1	1	1432
CY207738.1	1202	2459	0	1	1	2459
CY207738.1	1209	2152	1	0	1	1209
CY207738.1	1216	1797	1	0	1	1216
CY207738.1	1232	1269	0	1	1	1269
CY207738.1	1281	2033	0	1	1	2033
CY207738.1	1288	1945	0	1	1	1945
CY207738.1	1322	2129	1	0	1	1322
CY207738.1	1328	1778	0	1	1	1778
CY207738.1	1330	1795	1	0	1	1330
CY207738.1	1365	1449	1	0	1	1365
CY207738.1	1379	1895	0	1	1	1895
CY207738.1	1386	2149	0	1	1	2149
CY207738.1	1414	2107	0	2	2	2107
CY207738.1	1418	1441	1	0	1	1418
CY207738.1	1426	1528	0	1	1	1528
CY207738.1	1459	2287	0	1	1	2287
CY207738.1	1461	2270	0	1	1	2270
CY207738.1	1499	2259	1	0	1	1499
CY207738.1	1524	2226	1	0	1	1524
CY207738.1	1546	1597	0	1	1	1597
CY207738.1	1572	2149	0	1	1	2149
CY207738.1	1576	1860	0	1	1	1860
CY207738.1	1611	1647	1	0	1	1611
CY207738.1	1616	2493	0	1	1	2493
CY207738.1	1640	1662	1	0	1	1640
CY207738.1	1651	2036	1	2	3	1651
CY207738.1	1656	2456	0	1	1	2456
CY207738.1	1703	2303	1	0	1	1703
CY207738.1	1744	1776	0	1	1	1776
CY207738.1	1752	2250	0	1	1	2250
CY207738.1	1757	2224	1	1	2	1757
CY207738.1	1759	2487	0	1	1	2487
CY207738.1	1762	2073	0	1	1	2073
CY207738.1	1796	2257	1	0	1	1796
CY207738.1	1840	2219	1	0	1	1840
CY207738.1	1855	2173	0	1	1	2173
CY207738.1	1878	1974	0	1	1	1974
CY207738.1	1893	2241	0	1	1	2241
CY207738.1	1912	1967	1	0	1	1912
CY207738.1	1912	2250	1	0	1	1912
CY207738.1	1985	2133	0	1	1	2133
CY207738.1	2074	2269	0	2	2	2269
CY207738.1	2214	2351	1	0	1	2214
CY207738.1	2218	2391	0	1	1	2391
CY207738.1	239	2235	1	0	1	239
CY207738.1	241	1896	1	0	1	241
CY207738.1	258	476	1	0	1	258
CY207738.1	259	1128	1	0	1	259
CY207738.1	259	2289	1	0	1	259
CY207738.1	270	2148	2	0	2	270
CY207738.1	273	1974	1	0	1	273
CY207738.1	282	1473	1	0	1	282
CY207738.1	283	2230	1	0	1	283
CY207738.1	284	2181	6	0	6	284
CY207738.1	285	1801	4	0	4	285
CY207738.1	287	2030	4	0	4	287
CY207738.1	297	2337	1	1	2	297
CY207738.1	298	2291	1	3	4	298
CY207738.1	299	1387	1	0	1	299
CY207738.1	303	2371	1	0	1	303
CY207738.1	309	822	1	0	1	309
CY207738.1	335	2283	1	0	1	335
CY207738.1	343	1848	0	1	1	1848
CY207738.1	346	2312	16	25	41	346
CY207738.1	354	2201	0	1	1	2201
CY207738.1	358	2252	0	4	4	2252
CY207738.1	362	1999	0	1	1	1999
CY207738.1	367	2311	1	5	6	367
CY207738.1	372	476	1	4	5	372
CY207738.1	376	2223	1	0	1	376
CY207738.1	386	2347	1	2	3	386
CY207738.1	396	1053	0	1	1	1053
CY207738.1	400	2147	0	1	1	2147
CY207738.1	400	2240	0	1	1	2240
CY207738.1	408	2387	1	0	1	408
CY207738.1	410	1115	0	1	1	1115
CY207738.1	415	2404	0	6	6	2404
CY207738.1	418	2241	4	4	8	418
CY207738.1	419	2344	0	1	1	2344
CY207738.1	420	645	1	0	1	420
CY207738.1	424	2225	0	1	1	2225
CY207738.1	425	2306	0	1	1	2306
CY207738.1	430	2148	0	1	1	2148
CY207738.1	432	1392	0	1	1	1392
CY207738.1	432	1938	1	1	2	432
CY207738.1	432	478	0	1	1	478
CY207738.1	436	1821	0	1	1	1821
CY207738.1	439	1847	0	1	1	1847
CY207738.1	440	2334	1	0	1	440
CY207738.1	440	518	0	1	1	518
CY207738.1	456	2069	1	1	2	456
CY207738.1	458	818	0	1	1	818
CY207738.1	471	2187	0	1	1	2187
CY207738.1	483	1677	1	0	1	483
CY207738.1	485	1590	1	0	1	485
CY207738.1	487	2163	0	5	5	2163
CY207738.1	488	2306	0	1	1	2306
CY207738.1	492	2131	1	5	6	492
CY207738.1	495	1972	0	3	3	1972
CY207738.1	511	2229	1	3	4	511
CY207738.1	514	1109	0	1	1	1109
CY207738.1	515	2234	0	1	1	2234
CY207738.1	518	2237	0	4	4	2237
CY207738.1	519	2225	1	1	2	519
CY207738.1	519	613	1	0	1	519
CY207738.1	520	2098	1	3	4	520
CY207738.1	527	1198	0	1	1	1198
CY207738.1	533	2006	0	3	3	2006
CY207738.1	539	1846	0	1	1	1846
CY207738.1	540	2196	0	1	1	2196
CY207738.1	563	821	1	0	1	563
CY207738.1	565	2147	1	0	1	565
CY207738.1	581	1145	0	1	1	1145
CY207738.1	601	1715	0	1	1	1715
CY207738.1	614	1394	0	1	1	1394
CY207738.1	637	1038	1	0	1	637
CY207738.1	645	1988	0	1	1	1988
CY207738.1	656	1427	0	1	1	1427
CY207738.1	658	733	0	1	1	733
CY207738.1	659	2149	0	1	1	2149
CY207738.1	686	1955	0	1	1	1955
CY207738.1	692	1915	0	1	1	1915
CY207738.1	705	1959	0	1	1	1959
CY207738.1	711	799	1	0	1	711
CY207738.1	721	1833	1	1	2	721
CY207738.1	730	1954	3	0	3	730
CY207738.1	733	1470	1	0	1	733
CY207738.1	734	1932	1	0	1	734
CY207738.1	735	2266	1	0	1	735
CY207738.1	737	2010	0	1	1	2010
CY207738.1	755	1356	1	0	1	755
CY207738.1	777	2041	0	2	2	2041
CY207738.1	786	1900	1	0	1	786
CY207738.1	796	1405	0	1	1	1405
CY207738.1	798	2320	0	1	1	2320
CY207738.1	828	1831	1	0	1	828
CY207738.1	831	2243	0	1	1	2243
CY207738.1	837	1243	0	1	1	1243
CY207738.1	840	1769	6	2	8	840
CY207738.1	842	1735	1	0	1	842
CY207738.1	847	1810	3	4	7	847
CY207738.1	850	1753	6	1	7	850
CY207738.1	855	1814	0	2	2	1814
CY207738.1	862	1836	0	1	1	1836
CY207738.1	877	2184	1	0	1	877
CY207738.1	890	1901	0	1	1	1901
CY207738.1	896	1101	3	0	3	896
CY207738.1	902	2171	1	0	1	902
CY207738.1	904	1873	3	0	3	904
CY207738.1	925	1719	0	1	1	1719
CY207738.1	925	1851	0	1	1	1851
CY207738.1	932	1918	1	0	1	932
CY207738.1	934	1890	0	1	1	1890
CY207738.1	938	2416	1	0	1	938
CY207738.1	947	2089	1	0	1	947
CY207738.1	953	1782	1	2	3	953
CY207738.1	955	1696	1	0	1	955
CY207738.1	965	2463	0	1	1	2463
CY207738.1	975	1702	1	0	1	975
CY207738.1	982	2295	0	1	1	2295
CY207738.1	984	1693	1	0	1	984
