Segment	Start	Stop	Forward_support	Reverse_support	Total_support	Fuzz_factor
CY207731.1	1012	1652	1	0	1	1012
CY207731.1	1063	1794	0	1	1	1794
CY207731.1	1178	1743	1	0	1	1178
CY207731.1	1369	1736	0	1	1	1736
CY207731.1	1817	1851	1	0	1	1817
CY207731.1	252	902	1	0	1	252
CY207731.1	333	793	1	0	1	333
CY207731.1	347	641	0	1	1	641
CY207731.1	424	446	1	0	1	424
CY207731.1	437	624	1	0	1	437
CY207731.1	495	1652	1	0	1	495
CY207731.1	521	1250	1	0	1	521
CY207731.1	527	1326	0	1	1	1326
CY207731.1	533	1557	1	0	1	533
CY207731.1	548	659	0	1	1	659
CY207731.1	563	953	1	0	1	563
CY207731.1	565	1597	50	58	108	565
CY207731.1	570	1730	0	1	1	1730
CY207731.1	591	1243	1	0	1	591
CY207731.1	595	942	0	1	1	942
CY207731.1	602	899	1	0	1	602
CY207731.1	656	1265	0	1	1	1265
CY207731.1	817	1416	0	1	1	1416
CY207731.1	818	1133	1	0	1	818
CY207731.1	848	1784	1	0	1	848
CY207731.1	857	1656	1	0	1	857
CY207731.1	882	1761	0	1	1	1761
CY207731.1	980	1486	0	1	1	1486
CY207732.1	245	1062	1	0	1	245
CY207732.1	247	813	1	0	1	247
CY207732.1	252	480	1	0	1	252
CY207732.1	280	450	1	0	1	280
CY207732.1	350	587	0	1	1	587
CY207732.1	379	1064	0	1	1	1064
CY207732.1	381	842	1	0	1	381
CY207732.1	381	965	0	1	1	965
CY207732.1	394	1096	0	1	1	1096
CY207732.1	396	579	0	1	1	579
CY207732.1	408	719	1	0	1	408
CY207732.1	409	1039	0	1	1	1039
CY207732.1	429	1143	0	1	1	1143
CY207732.1	434	1099	0	1	1	1099
CY207732.1	437	468	0	1	1	468
CY207732.1	447	1148	0	1	1	1148
CY207732.1	467	536	0	1	1	536
CY207732.1	473	922	0	1	1	922
CY207732.1	476	1003	0	1	1	1003
CY207732.1	478	726	0	1	1	726
CY207732.1	478	804	0	1	1	804
CY207732.1	480	1030	1	0	1	480
CY207732.1	484	847	1	0	1	484
CY207732.1	499	631	1	0	1	499
CY207732.1	508	559	1	0	1	508
CY207732.1	509	815	1	0	1	509
CY207732.1	532	1008	1	0	1	532
CY207732.1	540	835	23	52	75	540
CY207732.1	541	887	0	1	1	887
CY207732.1	547	1024	0	1	1	1024
CY207732.1	562	859	0	1	1	859
CY207732.1	563	593	1	0	1	563
CY207732.1	597	670	0	1	1	670
CY207732.1	622	1107	0	1	1	1107
CY207732.1	622	672	1	0	1	622
CY207732.1	647	903	0	1	1	903
CY207732.1	676	956	1	0	1	676
CY207732.1	679	815	17	20	37	679
CY207732.1	679	863	28	23	51	679
CY207732.1	681	964	6	5	11	681
CY207732.1	704	787	0	1	1	787
CY207732.1	718	1058	0	1	1	1058
CY207732.1	718	860	21	30	51	718
CY207732.1	737	794	1	0	1	737
CY207732.1	746	1066	0	1	1	1066
CY207732.1	776	836	0	1	1	836
CY207732.1	810	1139	0	1	1	1139
CY207732.1	810	980	46	31	77	810
CY207732.1	817	866	0	1	1	866
CY207732.1	838	943	1	0	1	838
CY207732.1	842	1044	0	1	1	1044
CY207732.1	907	998	1	0	1	907
CY207732.1	925	1169	0	1	1	1169
CY207732.1	957	1036	0	1	1	1036
CY207732.1	974	1006	1	0	1	974
CY207733.1	1044	1460	1	0	1	1044
CY207733.1	1310	1467	27	11	38	1310
CY207733.1	1414	1473	0	1	1	1473
CY207733.1	1416	1491	0	1	1	1491
CY207733.1	255	525	1	0	1	255
CY207733.1	256	1299	1	0	1	256
CY207733.1	264	1423	1	0	1	264
CY207733.1	298	1449	3	5	8	298
CY207733.1	334	694	5	19	24	334
CY207733.1	360	818	0	1	1	818
CY207733.1	457	1143	0	1	1	1143
CY207733.1	508	1390	1	0	1	508
CY207733.1	547	1289	0	1	1	1289
CY207733.1	556	720	0	1	1	720
CY207733.1	595	1010	1	0	1	595
CY207733.1	627	852	0	1	1	852
CY207733.1	655	1396	1	0	1	655
CY207733.1	735	1029	0	1	1	1029
CY207733.1	951	1112	0	1	1	1112
CY207733.1	987	1505	0	1	1	1505
CY207734.1	1027	1388	1	0	1	1027
CY207734.1	1029	1093	4	7	11	1029
CY207734.1	1391	1434	0	1	1	1434
CY207734.1	245	1521	1	0	1	245
CY207734.1	245	803	1	0	1	245
CY207734.1	267	332	1	0	1	267
CY207734.1	290	1588	1	0	1	290
CY207734.1	353	750	1	0	1	353
CY207734.1	354	500	0	1	1	500
CY207734.1	393	1403	0	1	1	1403
CY207734.1	395	1041	1	0	1	395
CY207734.1	425	562	0	1	1	562
CY207734.1	457	1285	0	1	1	1285
CY207734.1	457	1399	0	1	1	1399
CY207734.1	510	1295	1	0	1	510
CY207734.1	511	1637	0	1	1	1637
CY207734.1	521	1422	10	14	24	521
CY207734.1	540	751	0	1	1	751
CY207734.1	544	742	0	1	1	742
CY207734.1	557	1520	1	0	1	557
CY207734.1	565	1156	0	1	1	1156
CY207734.1	604	909	1	0	1	604
CY207734.1	634	1133	0	1	1	1133
CY207734.1	651	1468	0	1	1	1468
CY207734.1	697	1071	1	0	1	697
CY207734.1	722	1225	0	1	1	1225
CY207734.1	724	748	0	1	1	748
CY207734.1	729	1048	1	0	1	729
CY207734.1	733	875	0	1	1	875
CY207734.1	750	870	1	0	1	750
CY207734.1	753	1543	1	0	1	753
CY207734.1	798	1613	0	1	1	1613
CY207734.1	844	875	1	0	1	844
CY207734.1	886	920	0	1	1	920
CY207734.1	946	1281	1	0	1	946
CY207735.1	445	730	0	1	1	730
CY207735.1	492	1023	0	1	1	1023
CY207735.1	511	740	51	93	144	511
CY207735.1	511	760	1	0	1	511
CY207735.1	519	746	0	2	2	746
CY207735.1	647	684	1	0	1	647
CY207735.1	863	887	1	0	1	863
CY207735.1	951	1009	0	1	1	1009
CY207735.1	953	1011	1	65	66	953
CY207736.1	1022	1286	1	0	1	1022
CY207736.1	1097	1936	0	1	1	1936
CY207736.1	1123	1773	0	1	1	1773
CY207736.1	1125	1206	1	0	1	1125
CY207736.1	1132	1996	1	0	1	1132
CY207736.1	1151	2242	0	1	1	2242
CY207736.1	1171	1283	0	1	1	1283
CY207736.1	1269	1296	0	1	1	1296
CY207736.1	1277	1962	13	14	27	1277
CY207736.1	1284	1797	1	0	1	1284
CY207736.1	1313	2020	0	1	1	2020
CY207736.1	1351	1600	0	1	1	1600
CY207736.1	1378	1495	0	1	1	1495
CY207736.1	1393	1686	0	1	1	1686
CY207736.1	1427	2357	0	1	1	2357
CY207736.1	1460	1582	0	1	1	1582
CY207736.1	1482	1710	1	0	1	1482
CY207736.1	1530	2026	0	1	1	2026
CY207736.1	1586	1831	1	0	1	1586
CY207736.1	1633	1820	1	0	1	1633
CY207736.1	1654	2173	0	1	1	2173
CY207736.1	1704	2150	0	1	1	2150
CY207736.1	1765	2345	0	1	1	2345
CY207736.1	1773	1900	0	1	1	1900
CY207736.1	1945	1968	1	0	1	1945
CY207736.1	277	1713	1	0	1	277
CY207736.1	278	2037	1	0	1	278
CY207736.1	281	1016	1	0	1	281
CY207736.1	289	1357	1	0	1	289
CY207736.1	289	805	1	0	1	289
CY207736.1	329	1852	1	0	1	329
CY207736.1	333	2143	0	1	1	2143
CY207736.1	339	2048	0	1	1	2048
CY207736.1	341	2139	1	0	1	341
CY207736.1	348	2148	4	52	56	348
CY207736.1	353	743	0	1	1	743
CY207736.1	366	969	1	0	1	366
CY207736.1	390	2264	0	1	1	2264
CY207736.1	392	2162	25	162	187	392
CY207736.1	430	2245	0	1	1	2245
CY207736.1	439	2031	1	0	1	439
CY207736.1	446	1516	1	0	1	446
CY207736.1	458	1539	0	1	1	1539
CY207736.1	460	2000	5	1	6	460
CY207736.1	466	1069	0	1	1	1069
CY207736.1	493	2238	1	0	1	493
CY207736.1	500	2064	26	25	51	500
CY207736.1	503	2063	73	62	135	503
CY207736.1	504	2042	25	68	93	504
CY207736.1	528	1563	0	1	1	1563
CY207736.1	585	1794	1	0	1	585
CY207736.1	630	689	1	0	1	630
CY207736.1	666	1002	2	0	2	666
CY207736.1	700	1769	26	38	64	700
CY207736.1	709	1802	1	0	1	709
CY207736.1	718	1759	1	0	1	718
CY207736.1	728	2148	2	0	2	728
CY207736.1	730	2150	45	38	83	730
CY207736.1	730	2290	0	1	1	2290
CY207736.1	734	2153	0	1	1	2153
CY207736.1	743	1359	1	0	1	743
CY207736.1	749	1888	32	20	52	749
CY207736.1	758	1219	1	0	1	758
CY207736.1	762	1814	2	0	2	762
CY207736.1	763	1815	0	1	1	1815
CY207736.1	766	1818	153	74	227	766
CY207736.1	767	1952	0	1	1	1952
CY207736.1	790	1347	1	0	1	790
CY207736.1	791	1449	1	0	1	791
CY207736.1	792	1850	0	1	1	1850
CY207736.1	823	2132	1	0	1	823
CY207736.1	824	2186	1	1	2	824
CY207736.1	827	2190	0	1	1	2190
CY207736.1	896	1972	1	0	1	896
CY207736.1	897	2015	0	1	1	2015
CY207736.1	911	1876	0	1	1	1876
CY207736.1	926	1079	1	0	1	926
CY207736.1	933	1808	0	1	1	1808
CY207736.1	934	1850	0	1	1	1850
CY207736.1	969	2081	0	1	1	2081
CY207737.1	1051	2330	1	0	1	1051
CY207737.1	1063	2319	0	1	1	2319
CY207737.1	1084	2014	0	1	1	2014
CY207737.1	1175	1781	0	1	1	1781
CY207737.1	1469	2296	1	0	1	1469
CY207737.1	1718	1761	0	1	1	1761
CY207737.1	2019	2192	9	4	13	2019
CY207737.1	2146	2187	41	18	59	2146
CY207737.1	2211	2453	0	1	1	2453
CY207737.1	392	447	1	0	1	392
CY207737.1	464	659	0	1	1	659
CY207737.1	483	2093	27	47	74	483
CY207737.1	483	507	0	1	1	507
CY207737.1	521	1306	1	0	1	521
CY207737.1	521	2094	1	0	1	521
CY207737.1	541	1962	13	1	14	541
CY207737.1	592	1723	0	1	1	1723
CY207737.1	632	2081	1	0	1	632
CY207737.1	786	2346	1	0	1	786
CY207737.1	808	1168	0	1	1	1168
CY207737.1	912	1065	1	0	1	912
CY207737.1	949	1014	0	1	1	1014
CY207737.1	974	2193	0	1	1	2193
CY207738.1	1083	1748	1	0	1	1083
CY207738.1	1151	1698	0	1	1	1698
CY207738.1	1176	1363	1	0	1	1176
CY207738.1	1292	2468	0	1	1	2468
CY207738.1	1341	1556	1	0	1	1341
CY207738.1	1346	1411	0	1	1	1411
CY207738.1	1383	2358	0	1	1	2358
CY207738.1	1400	1466	0	1	1	1466
CY207738.1	1428	1455	2	5	7	1428
CY207738.1	1494	2369	0	1	1	2369
CY207738.1	1645	2131	1	0	1	1645
CY207738.1	1663	1746	1	0	1	1663
CY207738.1	1741	1986	1	0	1	1741
CY207738.1	1856	2226	0	1	1	2226
CY207738.1	1871	2060	1	0	1	1871
CY207738.1	1897	2007	0	1	1	2007
CY207738.1	2361	2416	4	18	22	2361
CY207738.1	238	2268	1	0	1	238
CY207738.1	254	1554	1	0	1	254
CY207738.1	257	991	1	0	1	257
CY207738.1	266	970	1	0	1	266
CY207738.1	284	2175	1	0	1	284
CY207738.1	326	2332	13	20	33	326
CY207738.1	344	1240	1	0	1	344
CY207738.1	372	2237	3	0	3	372
CY207738.1	378	2243	1	0	1	378
CY207738.1	386	2254	9	147	156	386
CY207738.1	399	2095	0	24	24	2095
CY207738.1	429	2279	0	1	1	2279
CY207738.1	435	2389	27	33	60	435
CY207738.1	442	2203	0	1	1	2203
CY207738.1	484	2210	7	15	22	484
CY207738.1	488	1758	1	0	1	488
CY207738.1	492	2215	1	0	1	492
CY207738.1	493	1531	1	0	1	493
CY207738.1	495	2218	29	49	78	495
CY207738.1	499	1405	0	1	1	1405
CY207738.1	534	1229	1	0	1	534
CY207738.1	537	2087	18	28	46	537
CY207738.1	551	2098	0	1	1	2098
CY207738.1	570	2030	3	7	10	570
CY207738.1	608	1161	1	0	1	608
CY207738.1	637	1142	1	0	1	637
CY207738.1	638	1693	1	0	1	638
CY207738.1	640	1778	1	0	1	640
CY207738.1	650	1318	0	1	1	1318
CY207738.1	650	2119	0	1	1	2119
CY207738.1	653	844	1	0	1	653
CY207738.1	661	928	1	0	1	661
CY207738.1	662	1795	17	22	39	662
CY207738.1	672	1576	1	0	1	672
CY207738.1	720	1797	0	1	1	1797
CY207738.1	730	1938	15	30	45	730
CY207738.1	740	2005	0	1	1	2005
CY207738.1	757	838	0	1	1	838
CY207738.1	775	2029	0	1	1	2029
CY207738.1	831	2017	1	0	1	831
CY207738.1	855	1871	27	36	63	855
CY207738.1	885	1657	1	0	1	885
CY207738.1	902	1780	3	0	3	902
CY207738.1	906	1721	0	1	1	1721
CY207738.1	924	952	4	12	16	924
