Segment	Start	Stop	Forward_support	Reverse_support	Total_support	Fuzz_factor
CY207731.1	704	1350	1	0	1	704
CY207731.1	911	954	1	0	1	911
CY207732.1	715	965	6	7	13	715
CY207732.1	933	1019	0	1	1	1019
CY207733.1	1019	1093	0	1	1	1093
CY207733.1	1570	1595	0	1	1	1595
CY207733.1	470	503	1	0	1	470
CY207734.1	1279	1347	0	1	1	1347
CY207734.1	487	917	1	0	1	487
CY207734.1	489	1375	0	1	1	1375
CY207734.1	569	1673	0	1	1	1673
CY207734.1	766	1591	4	4	8	766
CY207734.1	872	1388	7	5	12	872
CY207735.1	511	740	12	40	52	511
CY207735.1	787	845	8	2	10	787
CY207736.1	1441	1490	1	0	1	1441
CY207736.1	254	318	9	0	9	254
CY207736.1	334	2210	1	1	2	334
CY207736.1	360	2155	1	11	12	360
CY207736.1	404	2164	0	8	8	2164
CY207736.1	475	2163	0	3	3	2163
CY207736.1	596	2002	4	4	8	596
CY207736.1	825	1657	13	11	24	825
CY207736.1	893	1720	7	2	9	893
CY207737.1	327	1981	1	0	1	327
CY207738.1	1164	1201	1	0	1	1164
CY207738.1	1913	1952	0	1	1	1952
CY207738.1	624	1247	1	0	1	624
