Segment	Start	Stop	Forward_support	Reverse_support	Total_support	Fuzz_factor
CY207731.1	1007	1517	1	0	1	1007
CY207731.1	1020	1253	0	1	1	1253
CY207731.1	1027	1725	1	0	1	1027
CY207731.1	1033	1769	0	1	1	1769
CY207731.1	1041	1717	1	0	1	1041
CY207731.1	1043	1244	0	1	1	1244
CY207731.1	1066	1312	2	0	2	1066
CY207731.1	1070	1341	1	0	1	1070
CY207731.1	1075	1556	1	0	1	1075
CY207731.1	1081	1309	0	1	1	1309
CY207731.1	1106	1635	0	1	1	1635
CY207731.1	1136	1892	0	1	1	1892
CY207731.1	1167	1230	0	1	1	1230
CY207731.1	1178	1648	0	1	1	1648
CY207731.1	1180	1261	1	0	1	1180
CY207731.1	1236	1366	0	1	1	1366
CY207731.1	1242	1632	1	0	1	1242
CY207731.1	1267	1341	1	0	1	1267
CY207731.1	1271	1627	1	0	1	1271
CY207731.1	1304	1326	1	1	2	1304
CY207731.1	1331	1908	0	1	1	1908
CY207731.1	1357	1416	3	1	4	1357
CY207731.1	1363	1522	0	1	1	1522
CY207731.1	1411	1810	1	0	1	1411
CY207731.1	1415	1662	0	1	1	1662
CY207731.1	1432	1845	1	0	1	1432
CY207731.1	1442	1579	0	1	1	1579
CY207731.1	1473	1672	1	0	1	1473
CY207731.1	1509	1607	0	1	1	1607
CY207731.1	1518	1773	1	0	1	1518
CY207731.1	1519	1658	1	0	1	1519
CY207731.1	1536	1920	0	1	1	1920
CY207731.1	1622	1653	1	1	2	1622
CY207731.1	1651	1679	1	0	1	1651
CY207731.1	1684	1719	0	1	1	1719
CY207731.1	1703	1777	1	0	1	1703
CY207731.1	1726	1762	1	0	1	1726
CY207731.1	1730	1783	0	1	1	1783
CY207731.1	1733	1792	0	1	1	1792
CY207731.1	1847	1885	0	2	2	1885
CY207731.1	290	1733	2	0	2	290
CY207731.1	291	1731	1	0	1	291
CY207731.1	292	1103	1	0	1	292
CY207731.1	300	336	1	0	1	300
CY207731.1	301	622	1	0	1	301
CY207731.1	305	1684	1	0	1	305
CY207731.1	324	1667	1	0	1	324
CY207731.1	343	391	0	2	2	391
CY207731.1	350	1808	1	0	1	350
CY207731.1	353	1145	1	0	1	353
CY207731.1	354	916	1	0	1	354
CY207731.1	368	393	0	3	3	393
CY207731.1	400	1510	1	0	1	400
CY207731.1	405	625	1	0	1	405
CY207731.1	431	1892	0	1	1	1892
CY207731.1	431	483	0	1	1	483
CY207731.1	435	1364	1	0	1	435
CY207731.1	449	1375	1	0	1	449
CY207731.1	456	854	0	1	1	854
CY207731.1	457	1037	0	1	1	1037
CY207731.1	459	1341	0	1	1	1341
CY207731.1	469	1639	1	0	1	469
CY207731.1	475	508	0	1	1	508
CY207731.1	478	1781	1	0	1	478
CY207731.1	483	1712	1	0	1	483
CY207731.1	489	978	1	1	2	489
CY207731.1	490	1562	0	1	1	1562
CY207731.1	493	1655	1	0	1	493
CY207731.1	508	934	0	1	1	934
CY207731.1	523	1492	1	0	1	523
CY207731.1	526	1787	1	0	1	526
CY207731.1	527	1690	0	1	1	1690
CY207731.1	528	1548	0	1	1	1548
CY207731.1	531	752	0	1	1	752
CY207731.1	533	1503	3	4	7	533
CY207731.1	541	1517	1	1	2	541
CY207731.1	544	1230	0	1	1	1230
CY207731.1	549	1371	1	0	1	549
CY207731.1	550	1638	0	2	2	1638
CY207731.1	556	1908	0	1	1	1908
CY207731.1	560	741	0	1	1	741
CY207731.1	561	1371	6	1	7	561
CY207731.1	561	970	1	0	1	561
CY207731.1	568	1204	6	1	7	568
CY207731.1	568	682	0	1	1	682
CY207731.1	569	1047	3	2	5	569
CY207731.1	573	937	0	1	1	937
CY207731.1	581	928	1	0	1	581
CY207731.1	590	1199	1	0	1	590
CY207731.1	592	1417	1	0	1	592
CY207731.1	644	1489	1	0	1	644
CY207731.1	658	980	2	1	3	658
CY207731.1	659	899	0	1	1	899
CY207731.1	660	1685	1	0	1	660
CY207731.1	665	853	1	0	1	665
CY207731.1	672	1852	0	1	1	1852
CY207731.1	694	1217	0	1	1	1217
CY207731.1	695	1550	1	0	1	695
CY207731.1	698	1695	0	1	1	1695
CY207731.1	701	1109	1	0	1	701
CY207731.1	704	1184	0	1	1	1184
CY207731.1	731	1517	0	1	1	1517
CY207731.1	742	1020	0	1	1	1020
CY207731.1	753	1231	1	0	1	753
CY207731.1	758	980	1	0	1	758
CY207731.1	771	1117	0	1	1	1117
CY207731.1	779	1432	0	1	1	1432
CY207731.1	788	1675	1	0	1	788
CY207731.1	812	1406	1	0	1	812
CY207731.1	816	1362	1	0	1	816
CY207731.1	822	1291	0	1	1	1291
CY207731.1	823	1879	0	3	3	1879
CY207731.1	835	1119	0	1	1	1119
CY207731.1	837	1169	1	0	1	837
CY207731.1	841	1896	0	2	2	1896
CY207731.1	867	1478	1	0	1	867
CY207731.1	871	1111	0	1	1	1111
CY207731.1	872	1400	1	0	1	872
CY207731.1	929	1768	0	1	1	1768
CY207731.1	932	1157	1	0	1	932
CY207731.1	984	1605	0	1	1	1605
CY207732.1	1008	1156	0	1	1	1156
CY207732.1	1010	1077	0	1	1	1077
CY207732.1	246	528	1	0	1	246
CY207732.1	275	848	8	0	8	275
CY207732.1	280	447	1	0	1	280
CY207732.1	320	1043	0	1	1	1043
CY207732.1	321	802	1	0	1	321
CY207732.1	334	856	1	0	1	334
CY207732.1	339	925	0	1	1	925
CY207732.1	340	1053	1	0	1	340
CY207732.1	343	653	0	1	1	653
CY207732.1	347	573	2	2	4	347
CY207732.1	348	724	0	1	1	724
CY207732.1	351	886	0	1	1	886
CY207732.1	378	748	0	1	1	748
CY207732.1	393	703	0	1	1	703
CY207732.1	402	765	0	1	1	765
CY207732.1	410	911	0	1	1	911
CY207732.1	412	516	0	1	1	516
CY207732.1	412	769	0	2	2	769
CY207732.1	424	830	1	4	5	424
CY207732.1	431	555	0	1	1	555
CY207732.1	441	917	0	1	1	917
CY207732.1	444	555	0	1	1	555
CY207732.1	445	680	0	2	2	680
CY207732.1	445	863	0	2	2	863
CY207732.1	449	607	0	1	1	607
CY207732.1	452	751	0	1	1	751
CY207732.1	477	951	0	1	1	951
CY207732.1	478	954	1	0	1	478
CY207732.1	494	522	1	0	1	494
CY207732.1	518	726	0	1	1	726
CY207732.1	519	824	1	0	1	519
CY207732.1	523	786	0	1	1	786
CY207732.1	536	1149	0	1	1	1149
CY207732.1	550	793	1	0	1	550
CY207732.1	552	726	1	0	1	552
CY207732.1	566	954	0	1	1	954
CY207732.1	577	979	0	1	1	979
CY207732.1	580	765	1	0	1	580
CY207732.1	585	743	1	0	1	585
CY207732.1	587	719	1	0	1	587
CY207732.1	588	874	0	1	1	874
CY207732.1	593	1023	2	2	4	593
CY207732.1	595	996	0	1	1	996
CY207732.1	599	981	1	0	1	599
CY207732.1	607	711	1	0	1	607
CY207732.1	613	708	0	1	1	708
CY207732.1	622	851	0	1	1	851
CY207732.1	626	825	0	1	1	825
CY207732.1	649	722	1	0	1	649
CY207732.1	654	858	0	1	1	858
CY207732.1	654	925	1	0	1	654
CY207732.1	654	952	0	1	1	952
CY207732.1	655	711	1	0	1	655
CY207732.1	661	850	1	0	1	661
CY207732.1	677	874	1	0	1	677
CY207732.1	681	964	1	1	2	681
CY207732.1	684	933	1	0	1	684
CY207732.1	685	839	2	2	4	685
CY207732.1	692	825	1	0	1	692
CY207732.1	703	907	2	0	2	703
CY207732.1	706	757	1	0	1	706
CY207732.1	713	936	1	2	3	713
CY207732.1	716	789	1	0	1	716
CY207732.1	718	860	3	4	7	718
CY207732.1	721	862	0	1	1	862
CY207732.1	723	1035	0	1	1	1035
CY207732.1	732	937	1	0	1	732
CY207732.1	749	872	1	0	1	749
CY207732.1	781	910	1	0	1	781
CY207732.1	790	833	0	1	1	833
CY207732.1	797	858	0	1	1	858
CY207732.1	810	913	0	1	1	913
CY207732.1	816	847	0	1	1	847
CY207732.1	817	866	2	2	4	817
CY207732.1	818	854	1	1	2	818
CY207732.1	832	898	1	0	1	832
CY207732.1	919	1016	1	0	1	919
CY207732.1	923	1017	0	1	1	1017
CY207732.1	932	1065	0	1	1	1065
CY207732.1	970	1133	0	1	1	1133
CY207732.1	978	1121	0	1	1	1121
CY207733.1	1018	1074	1	0	1	1018
CY207733.1	1045	1408	1	0	1	1045
CY207733.1	1072	1251	0	1	1	1251
CY207733.1	1105	1208	0	1	1	1208
CY207733.1	1204	1426	1	0	1	1204
CY207733.1	1227	1296	2	0	2	1227
CY207733.1	1244	1356	1	0	1	1244
CY207733.1	1431	1568	1	1	2	1431
CY207733.1	272	309	4	0	4	272
CY207733.1	280	1353	1	0	1	280
CY207733.1	299	1228	0	1	1	1228
CY207733.1	309	1436	3	0	3	309
CY207733.1	330	1401	0	2	2	1401
CY207733.1	352	1358	1	4	5	352
CY207733.1	369	1455	1	0	1	369
CY207733.1	384	416	0	1	1	416
CY207733.1	418	1174	1	1	2	418
CY207733.1	471	864	1	0	1	471
CY207733.1	520	1373	0	1	1	1373
CY207733.1	523	1246	7	8	15	523
CY207733.1	535	1477	1	1	2	535
CY207733.1	550	1098	0	1	1	1098
CY207733.1	555	1185	1	0	1	555
CY207733.1	618	896	0	1	1	896
CY207733.1	624	1481	1	0	1	624
CY207733.1	640	932	0	1	1	932
CY207733.1	641	718	1	0	1	641
CY207733.1	665	1215	1	0	1	665
CY207733.1	701	1174	1	0	1	701
CY207733.1	724	1247	0	1	1	1247
CY207733.1	806	1418	1	0	1	806
CY207733.1	826	952	0	1	1	952
CY207733.1	835	1238	0	1	1	1238
CY207733.1	948	1027	3	0	3	948
CY207733.1	956	1261	0	1	1	1261
CY207734.1	1003	1685	0	1	1	1685
CY207734.1	1009	1542	0	1	1	1542
CY207734.1	1048	1365	1	0	1	1048
CY207734.1	1086	1692	0	1	1	1692
CY207734.1	1099	1403	0	1	1	1403
CY207734.1	1150	1449	0	1	1	1449
CY207734.1	1286	1529	0	1	1	1529
CY207734.1	1336	1379	1	0	1	1336
CY207734.1	1337	1550	0	1	1	1550
CY207734.1	1371	1418	0	1	1	1418
CY207734.1	1407	1519	1	0	1	1407
CY207734.1	1413	1560	1	0	1	1413
CY207734.1	1442	1566	1	0	1	1442
CY207734.1	1459	1546	1	0	1	1459
CY207734.1	1464	1488	3	0	3	1464
CY207734.1	1522	1568	1	0	1	1522
CY207734.1	1580	1697	0	2	2	1697
CY207734.1	1583	1612	1	0	1	1583
CY207734.1	1589	1624	1	0	1	1589
CY207734.1	1589	1695	0	2	2	1695
CY207734.1	1604	1725	0	1	1	1725
CY207734.1	245	412	1	0	1	245
CY207734.1	255	1052	1	0	1	255
CY207734.1	256	611	1	0	1	256
CY207734.1	261	1503	1	0	1	261
CY207734.1	263	442	1	0	1	263
CY207734.1	268	1560	3	0	3	268
CY207734.1	275	1597	1	0	1	275
CY207734.1	277	943	1	0	1	277
CY207734.1	288	822	1	0	1	288
CY207734.1	290	593	1	0	1	290
CY207734.1	329	1194	0	1	1	1194
CY207734.1	337	383	0	1	1	383
CY207734.1	345	1462	0	1	1	1462
CY207734.1	361	1093	0	1	1	1093
CY207734.1	374	823	1	0	1	374
CY207734.1	377	1678	0	1	1	1678
CY207734.1	401	758	0	1	1	758
CY207734.1	403	1504	0	1	1	1504
CY207734.1	405	972	0	1	1	972
CY207734.1	409	1275	1	0	1	409
CY207734.1	417	523	1	0	1	417
CY207734.1	423	1481	0	1	1	1481
CY207734.1	439	1090	0	1	1	1090
CY207734.1	439	1420	1	0	1	439
CY207734.1	439	847	0	1	1	847
CY207734.1	440	957	1	0	1	440
CY207734.1	449	1373	0	1	1	1373
CY207734.1	450	1068	1	0	1	450
CY207734.1	464	584	0	1	1	584
CY207734.1	465	1617	0	1	1	1617
CY207734.1	468	673	0	1	1	673
CY207734.1	475	1179	1	0	1	475
CY207734.1	476	967	0	1	1	967
CY207734.1	480	817	1	0	1	480
CY207734.1	487	1546	1	0	1	487
CY207734.1	499	1370	2	0	2	499
CY207734.1	513	1395	2	0	2	513
CY207734.1	519	1053	1	0	1	519
CY207734.1	520	841	2	1	3	520
CY207734.1	522	1518	0	1	1	1518
CY207734.1	536	773	0	2	2	773
CY207734.1	545	907	1	0	1	545
CY207734.1	546	603	1	0	1	546
CY207734.1	552	637	1	0	1	552
CY207734.1	553	1415	0	1	1	1415
CY207734.1	584	1725	0	1	1	1725
CY207734.1	589	1239	1	0	1	589
CY207734.1	655	885	0	1	1	885
CY207734.1	684	1260	0	1	1	1260
CY207734.1	687	1381	0	1	1	1381
CY207734.1	703	1379	0	1	1	1379
CY207734.1	720	1233	0	1	1	1233
CY207734.1	723	1495	0	1	1	1495
CY207734.1	773	1713	0	1	1	1713
CY207734.1	800	1564	1	0	1	800
CY207734.1	805	1577	1	0	1	805
CY207734.1	808	1511	1	0	1	808
CY207734.1	811	870	1	0	1	811
CY207734.1	815	1232	1	0	1	815
CY207734.1	824	1049	1	1	2	824
CY207734.1	826	1504	1	0	1	826
CY207734.1	833	1511	3	0	3	833
CY207734.1	864	998	1	0	1	864
CY207734.1	873	1204	0	1	1	1204
CY207734.1	875	1340	0	1	1	1340
CY207734.1	875	909	1	0	1	875
CY207734.1	896	1186	1	0	1	896
CY207734.1	906	1317	0	1	1	1317
CY207734.1	906	955	1	0	1	906
CY207734.1	910	1244	0	1	1	1244
CY207734.1	942	1093	0	2	2	1093
CY207734.1	947	1091	0	1	1	1091
CY207734.1	960	1233	0	1	1	1233
CY207734.1	962	1048	1	1	2	962
CY207734.1	971	1042	0	1	1	1042
CY207734.1	983	1470	0	1	1	1470
CY207735.1	247	913	2	0	2	247
CY207735.1	267	931	6	0	6	267
CY207735.1	282	863	1	0	1	282
CY207735.1	284	962	1	0	1	284
CY207735.1	287	965	4	0	4	287
CY207735.1	342	576	0	1	1	576
CY207735.1	349	849	0	2	2	849
CY207735.1	376	539	0	1	1	539
CY207735.1	429	737	1	0	1	429
CY207735.1	435	559	0	1	1	559
CY207735.1	455	480	0	2	2	480
CY207735.1	470	705	1	0	1	470
CY207735.1	487	899	1	0	1	487
CY207735.1	499	729	2	0	2	499
CY207735.1	511	740	30	44	74	511
CY207735.1	513	786	2	2	4	513
CY207735.1	519	746	0	5	5	746
CY207735.1	523	552	0	2	2	552
CY207735.1	533	594	0	2	2	594
CY207735.1	600	781	0	1	1	781
CY207735.1	637	806	1	0	1	637
CY207735.1	682	774	1	1	2	682
CY207735.1	845	898	1	2	3	845
CY207735.1	914	1003	0	1	1	1003
CY207736.1	1007	2107	0	1	1	2107
CY207736.1	1012	1588	0	1	1	1588
CY207736.1	1044	1128	1	0	1	1044
CY207736.1	1059	2277	0	1	1	2277
CY207736.1	1090	2186	0	1	1	2186
CY207736.1	1092	2294	0	4	4	2294
CY207736.1	1095	2005	2	1	3	1095
CY207736.1	1130	1256	1	0	1	1130
CY207736.1	1136	1740	0	1	1	1740
CY207736.1	1139	2070	1	0	1	1139
CY207736.1	1141	1581	0	1	1	1581
CY207736.1	1163	1543	0	1	1	1543
CY207736.1	1180	2255	0	1	1	2255
CY207736.1	1187	2001	1	0	1	1187
CY207736.1	1190	1985	0	1	1	1985
CY207736.1	1209	1957	0	2	2	1957
CY207736.1	1221	1581	2	1	3	1221
CY207736.1	1248	1803	0	1	1	1803
CY207736.1	1258	1647	0	3	3	1647
CY207736.1	1265	2227	0	1	1	2227
CY207736.1	1274	2223	0	1	1	2223
CY207736.1	1276	1436	1	0	1	1276
CY207736.1	1283	1640	0	1	1	1640
CY207736.1	1301	2007	1	0	1	1301
CY207736.1	1303	1924	1	0	1	1303
CY207736.1	1311	1406	0	1	1	1406
CY207736.1	1312	1357	0	1	1	1357
CY207736.1	1318	1587	1	0	1	1318
CY207736.1	1324	2021	0	1	1	2021
CY207736.1	1343	1391	0	1	1	1391
CY207736.1	1346	1789	1	0	1	1346
CY207736.1	1349	2276	0	1	1	2276
CY207736.1	1376	1705	0	1	1	1705
CY207736.1	1472	1592	0	1	1	1592
CY207736.1	1490	1578	1	0	1	1490
CY207736.1	1510	1803	1	0	1	1510
CY207736.1	1514	1656	1	0	1	1514
CY207736.1	1519	1974	0	3	3	1974
CY207736.1	1524	1724	0	1	1	1724
CY207736.1	1544	2007	1	1	2	1544
CY207736.1	1559	1646	0	1	1	1646
CY207736.1	1579	1607	0	1	1	1607
CY207736.1	1600	2208	0	1	1	2208
CY207736.1	1605	2109	1	0	1	1605
CY207736.1	1606	1757	0	1	1	1757
CY207736.1	1630	2219	1	0	1	1630
CY207736.1	1653	1792	0	2	2	1792
CY207736.1	1654	2280	0	1	1	2280
CY207736.1	1690	2203	0	1	1	2203
CY207736.1	1706	2359	0	1	1	2359
CY207736.1	1743	2190	1	0	1	1743
CY207736.1	1789	2103	0	1	1	2103
CY207736.1	1790	1846	0	1	1	1846
CY207736.1	1811	1878	0	1	1	1878
CY207736.1	1826	1931	0	4	4	1931
CY207736.1	1827	1875	2	5	7	1827
CY207736.1	1839	1895	1	1	2	1839
CY207736.1	1872	1897	1	0	1	1872
CY207736.1	1888	2036	0	5	5	2036
CY207736.1	1890	1932	0	1	1	1932
CY207736.1	1903	2377	0	1	1	2377
CY207736.1	1951	2021	0	1	1	2021
CY207736.1	1993	2056	0	1	1	2056
CY207736.1	2006	2043	2	0	2	2006
CY207736.1	2008	2042	1	0	1	2008
CY207736.1	2024	2203	0	1	1	2203
CY207736.1	2040	2147	0	1	1	2147
CY207736.1	2054	2162	1	0	1	2054
CY207736.1	2087	2274	0	1	1	2274
CY207736.1	2096	2121	1	0	1	2096
CY207736.1	2108	2143	2	1	3	2108
CY207736.1	2111	2169	1	0	1	2111
CY207736.1	2133	2164	2	0	2	2133
CY207736.1	2144	2187	1	1	2	2144
CY207736.1	2199	2249	1	0	1	2199
CY207736.1	243	2045	2	0	2	243
CY207736.1	251	1841	1	0	1	251
CY207736.1	253	347	15	0	15	253
CY207736.1	253	431	1	0	1	253
CY207736.1	264	1468	1	0	1	264
CY207736.1	268	334	1	0	1	268
CY207736.1	271	2174	1	0	1	271
CY207736.1	272	812	1	0	1	272
CY207736.1	273	2203	1	0	1	273
CY207736.1	282	1398	4	0	4	282
CY207736.1	287	1953	1	0	1	287
CY207736.1	290	1956	2	0	2	290
CY207736.1	298	1835	1	1	2	298
CY207736.1	311	2186	1	0	1	311
CY207736.1	325	2028	1	0	1	325
CY207736.1	325	2209	3	2	5	325
CY207736.1	328	2223	0	1	1	2223
CY207736.1	334	368	1	1	2	334
CY207736.1	345	2147	2	83	85	345
CY207736.1	367	2160	0	1	1	2160
CY207736.1	368	1321	0	1	1	1321
CY207736.1	370	2068	1	0	1	370
CY207736.1	370	2171	0	5	5	2171
CY207736.1	377	1842	0	4	4	1842
CY207736.1	377	2158	0	1	1	2158
CY207736.1	382	1140	0	1	1	1140
CY207736.1	383	2156	0	5	5	2156
CY207736.1	386	2186	0	1	1	2186
CY207736.1	386	2216	0	1	1	2216
CY207736.1	389	914	1	0	1	389
CY207736.1	393	1927	1	0	1	393
CY207736.1	394	697	1	0	1	394
CY207736.1	396	2259	1	1	2	396
CY207736.1	412	2148	0	6	6	2148
CY207736.1	413	2124	0	2	2	2124
CY207736.1	415	2027	0	2	2	2027
CY207736.1	423	1823	0	1	1	1823
CY207736.1	423	2220	1	0	1	423
CY207736.1	425	2111	0	1	1	2111
CY207736.1	426	1996	1	0	1	426
CY207736.1	432	1023	1	0	1	432
CY207736.1	433	1605	0	1	1	1605
CY207736.1	436	1965	1	0	1	436
CY207736.1	445	2059	1	2	3	445
CY207736.1	449	2112	0	7	7	2112
CY207736.1	449	2164	0	6	6	2164
CY207736.1	449	548	0	1	1	548
CY207736.1	452	2126	0	1	1	2126
CY207736.1	454	2050	1	5	6	454
CY207736.1	454	2126	0	1	1	2126
CY207736.1	458	2238	1	1	2	458
CY207736.1	467	2002	1	0	1	467
CY207736.1	467	2239	0	1	1	2239
CY207736.1	469	2238	1	0	1	469
CY207736.1	472	2113	0	1	1	2113
CY207736.1	472	2242	1	0	1	472
CY207736.1	476	2111	0	1	1	2111
CY207736.1	478	2010	3	2	5	478
CY207736.1	478	2027	0	1	1	2027
CY207736.1	482	2088	4	5	9	482
CY207736.1	483	1500	0	1	1	1500
CY207736.1	486	2069	0	1	1	2069
CY207736.1	490	1889	2	1	3	490
CY207736.1	490	2064	1	1	2	490
CY207736.1	493	2044	2	0	2	493
CY207736.1	493	2080	1	1	2	493
CY207736.1	496	2007	1	0	1	496
CY207736.1	496	2012	7	3	10	496
CY207736.1	497	2028	4	8	12	497
CY207736.1	499	2143	3	9	12	499
CY207736.1	500	1871	1	0	1	500
CY207736.1	502	1024	1	0	1	502
CY207736.1	502	1996	1	1	2	502
CY207736.1	503	1826	1	0	1	503
CY207736.1	504	2058	0	2	2	2058
CY207736.1	511	2050	3	1	4	511
CY207736.1	512	1775	1	1	2	512
CY207736.1	512	1993	2	0	2	512
CY207736.1	533	875	1	0	1	533
CY207736.1	547	1946	0	1	1	1946
CY207736.1	549	2028	3	2	5	549
CY207736.1	552	2088	0	1	1	2088
CY207736.1	554	2009	1	0	1	554
CY207736.1	554	2257	0	1	1	2257
CY207736.1	555	1598	1	0	1	555
CY207736.1	555	2024	2	0	2	555
CY207736.1	556	2014	9	4	13	556
CY207736.1	559	1924	1	0	1	559
CY207736.1	560	1951	3	0	3	560
CY207736.1	560	1960	0	2	2	1960
CY207736.1	560	2013	1	0	1	560
CY207736.1	562	2051	0	1	1	2051
CY207736.1	564	2035	0	1	1	2035
CY207736.1	564	904	1	0	1	564
CY207736.1	566	2046	2	2	4	566
CY207736.1	568	1992	1	0	1	568
CY207736.1	574	1639	1	0	1	574
CY207736.1	574	1994	2	0	2	574
CY207736.1	576	2050	1	0	1	576
CY207736.1	578	1837	1	4	5	578
CY207736.1	579	1950	1	0	1	579
CY207736.1	580	2028	1	0	1	580
CY207736.1	582	1056	0	1	1	1056
CY207736.1	587	1928	0	2	2	1928
CY207736.1	594	1915	2	0	2	594
CY207736.1	596	2002	5	3	8	596
CY207736.1	596	730	0	1	1	730
CY207736.1	598	1912	1	2	3	598
CY207736.1	601	1940	3	0	3	601
CY207736.1	605	1732	1	0	1	605
CY207736.1	607	1888	1	0	1	607
CY207736.1	607	1960	2	0	2	607
CY207736.1	611	1957	1	1	2	611
CY207736.1	612	1954	1	0	1	612
CY207736.1	612	1955	4	0	4	612
CY207736.1	612	1960	0	1	1	1960
CY207736.1	613	1934	2	0	2	613
CY207736.1	619	2048	1	0	1	619
CY207736.1	621	1949	11	10	21	621
CY207736.1	622	997	0	1	1	997
CY207736.1	625	1900	3	0	3	625
CY207736.1	628	1760	0	1	1	1760
CY207736.1	628	1937	1	0	1	628
CY207736.1	628	2005	2	0	2	628
CY207736.1	629	1929	6	3	9	629
CY207736.1	631	1746	3	0	3	631
CY207736.1	632	1021	0	1	1	1021
CY207736.1	632	1920	1	0	1	632
CY207736.1	637	2030	0	1	1	2030
CY207736.1	638	1470	1	0	1	638
CY207736.1	638	851	0	1	1	851
CY207736.1	640	1839	1	0	1	640
CY207736.1	641	1850	1	0	1	641
CY207736.1	644	1840	1	1	2	644
CY207736.1	646	945	1	0	1	646
CY207736.1	649	1533	0	2	2	1533
CY207736.1	649	1740	1	0	1	649
CY207736.1	652	1850	1	0	1	652
CY207736.1	655	1870	2	0	2	655
CY207736.1	658	1444	1	0	1	658
CY207736.1	658	1909	1	1	2	658
CY207736.1	661	1729	1	0	1	661
CY207736.1	665	1767	1	1	2	665
CY207736.1	667	1663	1	0	1	667
CY207736.1	667	2028	2	1	3	667
CY207736.1	668	2068	1	1	2	668
CY207736.1	670	1830	1	0	1	670
CY207736.1	671	1147	1	0	1	671
CY207736.1	671	2198	0	1	1	2198
CY207736.1	672	1545	1	0	1	672
CY207736.1	673	1998	1	0	1	673
CY207736.1	678	1955	2	0	2	678
CY207736.1	679	2090	0	1	1	2090
CY207736.1	683	720	0	2	2	720
CY207736.1	685	1398	1	0	1	685
CY207736.1	685	1914	1	0	1	685
CY207736.1	685	2042	1	0	1	685
CY207736.1	686	1952	1	2	3	686
CY207736.1	687	1894	2	0	2	687
CY207736.1	694	1653	1	0	1	694
CY207736.1	695	1652	2	0	2	695
CY207736.1	695	2015	1	0	1	695
CY207736.1	697	738	1	0	1	697
CY207736.1	698	1846	1	0	1	698
CY207736.1	698	2264	0	1	1	2264
CY207736.1	699	1600	1	0	1	699
CY207736.1	699	1995	2	1	3	699
CY207736.1	699	2011	2	0	2	699
CY207736.1	700	2042	6	3	9	700
CY207736.1	709	1636	2	1	3	709
CY207736.1	709	1886	1	3	4	709
CY207736.1	710	1857	0	1	1	1857
CY207736.1	713	1910	1	1	2	713
CY207736.1	716	1225	0	1	1	1225
CY207736.1	716	811	0	1	1	811
CY207736.1	718	2115	0	1	1	2115
CY207736.1	721	1856	2	0	2	721
CY207736.1	723	1647	1	0	1	723
CY207736.1	723	1994	4	4	8	723
CY207736.1	727	1842	1	0	1	727
CY207736.1	734	1866	1	0	1	734
CY207736.1	735	1618	1	2	3	735
CY207736.1	741	1791	2	0	2	741
CY207736.1	744	862	1	0	1	744
CY207736.1	748	1913	8	4	12	748
CY207736.1	749	1819	6	0	6	749
CY207736.1	753	1724	2	0	2	753
CY207736.1	753	1830	21	8	29	753
CY207736.1	754	1498	4	1	5	754
CY207736.1	754	1721	2	0	2	754
CY207736.1	756	1705	4	0	4	756
CY207736.1	757	1610	1	0	1	757
CY207736.1	763	1875	1	0	1	763
CY207736.1	764	1710	5	0	5	764
CY207736.1	764	1768	1	2	3	764
CY207736.1	765	1597	3	0	3	765
CY207736.1	765	1839	0	2	2	1839
CY207736.1	767	1832	1	0	1	767
CY207736.1	767	1952	0	1	1	1952
CY207736.1	768	1940	3	0	3	768
CY207736.1	770	1795	3	0	3	770
CY207736.1	773	1871	12	7	19	773
CY207736.1	774	1892	2	2	4	774
CY207736.1	775	1827	1	0	1	775
CY207736.1	777	1701	4	0	4	777
CY207736.1	780	2302	1	0	1	780
CY207736.1	782	1826	1	1	2	782
CY207736.1	782	1827	2	0	2	782
CY207736.1	783	1741	1	0	1	783
CY207736.1	784	1889	8	2	10	784
CY207736.1	786	1947	1	0	1	786
CY207736.1	798	2177	2	1	3	798
CY207736.1	804	1431	1	0	1	804
CY207736.1	807	1686	1	0	1	807
CY207736.1	808	1868	2	0	2	808
CY207736.1	810	1701	1	0	1	810
CY207736.1	814	1710	2	0	2	814
CY207736.1	825	901	0	1	1	901
CY207736.1	828	1102	0	1	1	1102
CY207736.1	828	1727	1	0	1	828
CY207736.1	831	1308	1	1	2	831
CY207736.1	836	1782	0	1	1	1782
CY207736.1	848	1690	1	1	2	848
CY207736.1	848	1743	1	0	1	848
CY207736.1	851	1736	1	0	1	851
CY207736.1	857	1727	1	3	4	857
CY207736.1	866	1972	0	1	1	1972
CY207736.1	867	1709	1	1	2	867
CY207736.1	868	1050	0	1	1	1050
CY207736.1	870	1565	0	2	2	1565
CY207736.1	878	1977	1	2	3	878
CY207736.1	882	1778	0	1	1	1778
CY207736.1	882	1802	1	0	1	882
CY207736.1	886	1530	1	0	1	886
CY207736.1	889	1940	1	0	1	889
CY207736.1	891	1949	2	0	2	891
CY207736.1	893	1541	2	1	3	893
CY207736.1	893	2248	1	0	1	893
CY207736.1	896	1625	1	0	1	896
CY207736.1	899	1884	1	0	1	899
CY207736.1	902	1680	2	4	6	902
CY207736.1	902	1854	1	2	3	902
CY207736.1	904	1746	0	2	2	1746
CY207736.1	907	1627	0	1	1	1627
CY207736.1	908	1679	1	1	2	908
CY207736.1	911	1767	1	2	3	911
CY207736.1	915	1664	9	5	14	915
CY207736.1	915	1764	1	0	1	915
CY207736.1	918	1656	1	0	1	918
CY207736.1	925	1173	0	1	1	1173
CY207736.1	925	1840	0	1	1	1840
CY207736.1	928	1730	0	1	1	1730
CY207736.1	934	1864	1	0	1	934
CY207736.1	935	1857	0	1	1	1857
CY207736.1	944	1218	1	0	1	944
CY207736.1	947	1652	1	0	1	947
CY207736.1	964	1607	0	2	2	1607
CY207736.1	970	1810	0	1	1	1810
CY207736.1	970	1848	0	2	2	1848
CY207736.1	973	1064	1	0	1	973
CY207736.1	986	1521	0	1	1	1521
CY207736.1	986	1626	0	1	1	1626
CY207736.1	987	1993	0	1	1	1993
CY207736.1	994	2012	2	0	2	994
CY207737.1	1008	1897	0	1	1	1897
CY207737.1	1027	1718	0	1	1	1718
CY207737.1	1034	2215	1	0	1	1034
CY207737.1	1039	1558	0	1	1	1558
CY207737.1	1056	1112	1	0	1	1056
CY207737.1	1064	2114	0	1	1	2114
CY207737.1	1139	1189	0	1	1	1189
CY207737.1	1167	2450	0	1	1	2450
CY207737.1	1255	2233	0	1	1	2233
CY207737.1	1274	2381	1	0	1	1274
CY207737.1	1278	1513	0	1	1	1513
CY207737.1	1306	2043	3	1	4	1306
CY207737.1	1370	1995	0	1	1	1995
CY207737.1	1372	1647	1	0	1	1372
CY207737.1	1413	1999	0	1	1	1999
CY207737.1	1476	2181	0	1	1	2181
CY207737.1	1495	2454	0	1	1	2454
CY207737.1	1590	2296	1	0	1	1590
CY207737.1	1634	2287	1	0	1	1634
CY207737.1	1650	2428	0	1	1	2428
CY207737.1	1656	1838	1	0	1	1656
CY207737.1	1657	1757	0	1	1	1757
CY207737.1	1663	2162	1	0	1	1663
CY207737.1	1750	1966	0	1	1	1966
CY207737.1	1910	2303	0	1	1	2303
CY207737.1	2005	2384	0	1	1	2384
CY207737.1	2092	2133	1	0	1	2092
CY207737.1	2128	2212	1	0	1	2128
CY207737.1	2163	2322	8	2	10	2163
CY207737.1	2179	2211	1	0	1	2179
CY207737.1	2267	2296	1	0	1	2267
CY207737.1	237	266	4	0	4	237
CY207737.1	238	1618	1	0	1	238
CY207737.1	238	1808	4	0	4	238
CY207737.1	245	2131	1	0	1	245
CY207737.1	245	2242	1	0	1	245
CY207737.1	247	291	3	0	3	247
CY207737.1	248	273	4	0	4	248
CY207737.1	250	2249	10	4	14	250
CY207737.1	266	1755	1	0	1	266
CY207737.1	327	2450	0	7	7	2450
CY207737.1	341	614	2	0	2	341
CY207737.1	354	419	0	2	2	419
CY207737.1	383	1146	1	1	2	383
CY207737.1	389	2066	1	0	1	389
CY207737.1	404	1131	0	1	1	1131
CY207737.1	446	2150	1	0	1	446
CY207737.1	464	1496	1	0	1	464
CY207737.1	472	1014	1	0	1	472
CY207737.1	473	2192	2	2	4	473
CY207737.1	474	1568	3	3	6	474
CY207737.1	477	1230	0	1	1	1230
CY207737.1	480	2216	0	1	1	2216
CY207737.1	480	2260	2	0	2	480
CY207737.1	497	1964	1	1	2	497
CY207737.1	526	2078	2	0	2	526
CY207737.1	536	2188	1	0	1	536
CY207737.1	541	2041	1	0	1	541
CY207737.1	541	2354	2	0	2	541
CY207737.1	542	2211	3	1	4	542
CY207737.1	546	2285	1	0	1	546
CY207737.1	549	1881	1	0	1	549
CY207737.1	556	2223	3	0	3	556
CY207737.1	563	2203	0	1	1	2203
CY207737.1	564	1808	1	0	1	564
CY207737.1	569	619	1	1	2	569
CY207737.1	576	2185	1	0	1	576
CY207737.1	582	609	1	0	1	582
CY207737.1	607	889	1	0	1	607
CY207737.1	611	2095	1	0	1	611
CY207737.1	611	2191	5	4	9	611
CY207737.1	612	2046	1	0	1	612
CY207737.1	614	2180	1	0	1	614
CY207737.1	615	2129	1	0	1	615
CY207737.1	622	1955	3	1	4	622
CY207737.1	624	1378	1	0	1	624
CY207737.1	624	2139	4	0	4	624
CY207737.1	626	2235	1	0	1	626
CY207737.1	628	2122	3	1	4	628
CY207737.1	631	2132	0	1	1	2132
CY207737.1	633	1225	1	0	1	633
CY207737.1	639	2093	0	1	1	2093
CY207737.1	646	1728	1	0	1	646
CY207737.1	647	679	1	0	1	647
CY207737.1	658	1977	4	0	4	658
CY207737.1	663	1754	1	0	1	663
CY207737.1	668	2019	1	0	1	668
CY207737.1	670	1862	1	0	1	670
CY207737.1	677	1689	1	0	1	677
CY207737.1	682	1698	1	1	2	682
CY207737.1	685	2370	1	0	1	685
CY207737.1	694	2052	1	1	2	694
CY207737.1	695	2149	3	1	4	695
CY207737.1	697	1644	1	0	1	697
CY207737.1	697	2177	1	2	3	697
CY207737.1	701	1668	1	0	1	701
CY207737.1	706	868	1	0	1	706
CY207737.1	707	2153	0	1	1	2153
CY207737.1	708	1730	1	0	1	708
CY207737.1	708	1829	2	0	2	708
CY207737.1	718	2038	0	1	1	2038
CY207737.1	724	1981	1	0	1	724
CY207737.1	729	1826	1	0	1	729
CY207737.1	733	762	1	0	1	733
CY207737.1	734	2052	2	0	2	734
CY207737.1	741	2229	1	0	1	741
CY207737.1	743	1821	0	1	1	1821
CY207737.1	744	1813	1	0	1	744
CY207737.1	750	2284	1	0	1	750
CY207737.1	753	1895	1	1	2	753
CY207737.1	757	1997	1	0	1	757
CY207737.1	760	1888	0	2	2	1888
CY207737.1	762	2092	1	0	1	762
CY207737.1	765	2021	1	0	1	765
CY207737.1	769	1997	2	0	2	769
CY207737.1	774	1737	1	0	1	774
CY207737.1	775	1738	1	0	1	775
CY207737.1	782	1865	1	1	2	782
CY207737.1	784	1019	1	0	1	784
CY207737.1	790	1985	2	0	2	790
CY207737.1	791	1809	1	0	1	791
CY207737.1	800	1847	1	0	1	800
CY207737.1	802	1957	0	2	2	1957
CY207737.1	814	1756	0	1	1	1756
CY207737.1	816	1295	1	0	1	816
CY207737.1	824	1920	3	0	3	824
CY207737.1	826	1714	1	0	1	826
CY207737.1	826	1910	2	0	2	826
CY207737.1	832	1769	0	1	1	1769
CY207737.1	832	1864	1	2	3	832
CY207737.1	832	1931	6	2	8	832
CY207737.1	834	1388	0	1	1	1388
CY207737.1	842	1828	2	3	5	842
CY207737.1	844	1951	1	3	4	844
CY207737.1	851	1940	1	0	1	851
CY207737.1	854	1910	3	0	3	854
CY207737.1	858	1440	1	0	1	858
CY207737.1	864	1191	1	0	1	864
CY207737.1	866	1776	2	0	2	866
CY207737.1	867	1841	1	1	2	867
CY207737.1	876	1418	0	1	1	1418
CY207737.1	876	1779	0	1	1	1779
CY207737.1	879	1652	1	0	1	879
CY207737.1	883	1739	0	1	1	1739
CY207737.1	888	1881	1	0	1	888
CY207737.1	889	1775	2	1	3	889
CY207737.1	889	2166	0	1	1	2166
CY207737.1	890	1588	1	0	1	890
CY207737.1	893	1879	1	0	1	893
CY207737.1	901	1625	1	0	1	901
CY207737.1	905	1634	0	1	1	1634
CY207737.1	906	1950	2	0	2	906
CY207737.1	907	1727	2	0	2	907
CY207737.1	907	1880	0	1	1	1880
CY207737.1	913	1867	0	1	1	1867
CY207737.1	914	1882	2	0	2	914
CY207737.1	921	1521	1	0	1	921
CY207737.1	921	2150	1	0	1	921
CY207737.1	926	1867	1	1	2	926
CY207737.1	927	1781	1	0	1	927
CY207737.1	928	1810	3	0	3	928
CY207737.1	928	1872	0	1	1	1872
CY207737.1	928	1882	1	0	1	928
CY207737.1	932	1507	1	0	1	932
CY207737.1	933	1661	0	1	1	1661
CY207737.1	946	1035	0	1	1	1035
CY207737.1	946	1847	0	1	1	1847
CY207737.1	949	2116	1	0	1	949
CY207737.1	950	1567	0	1	1	1567
CY207737.1	955	1830	2	1	3	955
CY207737.1	961	1583	1	0	1	961
CY207737.1	962	1823	0	2	2	1823
CY207737.1	965	1820	0	1	1	1820
CY207737.1	967	1145	1	0	1	967
CY207737.1	972	1789	1	0	1	972
CY207737.1	976	1784	2	0	2	976
CY207737.1	983	1998	0	1	1	1998
CY207737.1	984	1712	1	0	1	984
CY207737.1	985	1039	0	1	1	1039
CY207737.1	999	1841	0	1	1	1841
CY207738.1	1002	1747	1	0	1	1002
CY207738.1	1013	1840	0	1	1	1840
CY207738.1	1021	1731	1	0	1	1021
CY207738.1	1025	2487	0	1	1	2487
CY207738.1	1030	1653	0	1	1	1653
CY207738.1	1050	1302	1	0	1	1050
CY207738.1	1055	2442	0	1	1	2442
CY207738.1	1062	2248	2	4	6	1062
CY207738.1	1062	2314	1	0	1	1062
CY207738.1	1122	1590	1	0	1	1122
CY207738.1	1124	2330	0	1	1	2330
CY207738.1	1126	1812	0	1	1	1812
CY207738.1	1127	2063	0	1	1	2063
CY207738.1	1132	2114	0	1	1	2114
CY207738.1	1138	1355	0	1	1	1355
CY207738.1	1156	2073	1	0	1	1156
CY207738.1	1159	1467	0	1	1	1467
CY207738.1	1197	2306	1	0	1	1197
CY207738.1	1199	1422	1	0	1	1199
CY207738.1	1203	1239	1	0	1	1203
CY207738.1	1210	2217	0	1	1	2217
CY207738.1	1255	1332	0	1	1	1332
CY207738.1	1260	2354	1	0	1	1260
CY207738.1	1295	2138	0	1	1	2138
CY207738.1	1299	1394	0	1	1	1394
CY207738.1	1334	2215	1	0	1	1334
CY207738.1	1338	1765	1	0	1	1338
CY207738.1	1392	1516	1	0	1	1392
CY207738.1	1471	1561	1	1	2	1471
CY207738.1	1504	2313	1	0	1	1504
CY207738.1	1560	1586	1	0	1	1560
CY207738.1	1568	2375	0	1	1	2375
CY207738.1	1593	1678	1	0	1	1593
CY207738.1	1595	2456	0	1	1	2456
CY207738.1	1605	1711	0	1	1	1711
CY207738.1	1651	2036	1	0	1	1651
CY207738.1	1661	1804	0	1	1	1804
CY207738.1	1668	1789	0	1	1	1789
CY207738.1	1678	1834	0	1	1	1834
CY207738.1	1679	2319	0	1	1	2319
CY207738.1	1701	2457	0	1	1	2457
CY207738.1	1702	1750	2	0	2	1702
CY207738.1	1768	2186	0	1	1	2186
CY207738.1	1790	1846	0	1	1	1846
CY207738.1	1950	2456	0	1	1	2456
CY207738.1	2055	2301	0	1	1	2301
CY207738.1	2087	2207	0	1	1	2207
CY207738.1	2151	2222	1	0	1	2151
CY207738.1	2242	2406	0	1	1	2406
CY207738.1	2256	2326	3	0	3	2256
CY207738.1	2272	2321	0	1	1	2321
CY207738.1	2291	2317	1	0	1	2291
CY207738.1	2291	2337	3	1	4	2291
CY207738.1	241	1221	1	0	1	241
CY207738.1	251	2401	1	0	1	251
CY207738.1	255	2233	1	0	1	255
CY207738.1	262	1591	1	0	1	262
CY207738.1	267	1723	1	0	1	267
CY207738.1	274	825	1	0	1	274
CY207738.1	281	1341	1	0	1	281
CY207738.1	281	2217	1	0	1	281
CY207738.1	281	753	1	0	1	281
CY207738.1	309	2336	1	0	1	309
CY207738.1	312	2314	0	1	1	2314
CY207738.1	316	2250	0	2	2	2250
CY207738.1	319	2235	0	1	1	2235
CY207738.1	328	2006	0	1	1	2006
CY207738.1	331	1695	1	0	1	331
CY207738.1	335	1661	0	1	1	1661
CY207738.1	335	2279	0	1	1	2279
CY207738.1	344	1240	0	1	1	1240
CY207738.1	347	1246	1	0	1	347
CY207738.1	364	2159	1	0	1	364
CY207738.1	366	2210	1	0	1	366
CY207738.1	367	2326	1	1	2	367
CY207738.1	371	1937	0	1	1	1937
CY207738.1	371	438	0	1	1	438
CY207738.1	372	2237	1	0	1	372
CY207738.1	373	1438	1	0	1	373
CY207738.1	379	2359	1	4	5	379
CY207738.1	380	2179	1	1	2	380
CY207738.1	381	2144	1	0	1	381
CY207738.1	383	2312	0	2	2	2312
CY207738.1	384	843	0	1	1	843
CY207738.1	386	2260	1	24	25	386
CY207738.1	386	2318	0	4	4	2318
CY207738.1	390	1398	1	0	1	390
CY207738.1	390	1920	0	1	1	1920
CY207738.1	390	902	1	0	1	390
CY207738.1	391	2110	1	1	2	391
CY207738.1	394	2323	0	1	1	2323
CY207738.1	396	1404	5	2	7	396
CY207738.1	398	1888	1	0	1	398
CY207738.1	401	1448	0	1	1	1448
CY207738.1	404	2199	9	1	10	404
CY207738.1	405	1765	0	1	1	1765
CY207738.1	408	2379	0	1	1	2379
CY207738.1	411	1698	2	11	13	411
CY207738.1	414	2201	0	2	2	2201
CY207738.1	414	2208	0	1	1	2208
CY207738.1	414	2249	0	18	18	2249
CY207738.1	417	2254	0	6	6	2254
CY207738.1	418	2212	220	724	944	418
CY207738.1	421	2173	0	2	2	2173
CY207738.1	421	2215	0	13	13	2215
CY207738.1	425	1220	0	1	1	1220
CY207738.1	427	546	1	0	1	427
CY207738.1	428	2230	0	2	2	2230
CY207738.1	431	2233	0	1	1	2233
CY207738.1	432	1928	1	2	3	432
CY207738.1	437	2235	0	2	2	2235
CY207738.1	439	2213	2	4	6	439
CY207738.1	440	2233	1	0	1	440
CY207738.1	441	2222	0	1	1	2222
CY207738.1	444	1103	0	1	1	1103
CY207738.1	456	1643	1	0	1	456
CY207738.1	456	2182	5	12	17	456
CY207738.1	457	2138	1	5	6	457
CY207738.1	461	2272	1	3	4	461
CY207738.1	462	2202	1	5	6	462
CY207738.1	464	2166	0	3	3	2166
CY207738.1	467	2160	0	1	1	2160
CY207738.1	472	547	0	1	1	547
CY207738.1	473	2238	3	0	3	473
CY207738.1	475	656	1	0	1	475
CY207738.1	477	2022	0	1	1	2022
CY207738.1	480	2313	2	1	3	480
CY207738.1	481	2077	1	0	1	481
CY207738.1	482	1645	1	0	1	482
CY207738.1	484	1966	6	11	17	484
CY207738.1	487	2255	0	1	1	2255
CY207738.1	488	2220	4	0	4	488
CY207738.1	488	2250	3	28	31	488
CY207738.1	493	1160	1	0	1	493
CY207738.1	498	2106	1	9	10	498
CY207738.1	503	2247	1	0	1	503
CY207738.1	504	2187	1	1	2	504
CY207738.1	509	2116	0	2	2	2116
CY207738.1	510	2188	1	2	3	510
CY207738.1	511	2254	0	2	2	2254
CY207738.1	513	2108	3	1	4	513
CY207738.1	514	2195	0	5	5	2195
CY207738.1	517	572	0	1	1	572
CY207738.1	519	2278	1	0	1	519
CY207738.1	522	2250	4	1	5	522
CY207738.1	522	2372	6	3	9	522
CY207738.1	522	557	0	2	2	557
CY207738.1	523	1510	1	0	1	523
CY207738.1	523	2196	0	1	1	2196
CY207738.1	525	1476	1	0	1	525
CY207738.1	528	1867	0	1	1	1867
CY207738.1	533	2129	0	3	3	2129
CY207738.1	534	1357	1	0	1	534
CY207738.1	536	1498	0	1	1	1498
CY207738.1	538	2158	1	3	4	538
CY207738.1	546	2215	1	0	1	546
CY207738.1	555	2129	1	2	3	555
CY207738.1	559	2082	10	10	20	559
CY207738.1	560	2233	1	0	1	560
CY207738.1	561	2193	1	5	6	561
CY207738.1	562	2214	0	1	1	2214
CY207738.1	566	2025	1	0	1	566
CY207738.1	567	613	1	0	1	567
CY207738.1	579	1369	1	0	1	579
CY207738.1	579	1567	1	0	1	579
CY207738.1	587	2039	1	3	4	587
CY207738.1	602	1800	2	1	3	602
CY207738.1	628	2164	1	2	3	628
CY207738.1	635	1709	1	0	1	635
CY207738.1	640	2251	1	1	2	640
CY207738.1	644	1816	2	0	2	644
CY207738.1	651	681	1	1	2	651
CY207738.1	670	1995	1	2	3	670
CY207738.1	675	1997	1	0	1	675
CY207738.1	679	2001	0	1	1	2001
CY207738.1	685	1965	8	0	8	685
CY207738.1	698	1917	1	0	1	698
CY207738.1	702	2041	4	2	6	702
CY207738.1	705	2070	0	1	1	2070
CY207738.1	706	1107	1	0	1	706
CY207738.1	706	1406	0	1	1	1406
CY207738.1	706	1886	1	0	1	706
CY207738.1	707	2022	2	0	2	707
CY207738.1	711	2059	0	1	1	2059
CY207738.1	712	2027	27	21	48	712
CY207738.1	712	2187	1	0	1	712
CY207738.1	714	1949	1	0	1	714
CY207738.1	718	2352	1	0	1	718
CY207738.1	720	1944	0	1	1	1944
CY207738.1	721	1955	1	0	1	721
CY207738.1	731	2232	0	1	1	2232
CY207738.1	732	1937	1	0	1	732
CY207738.1	732	2317	0	1	1	2317
CY207738.1	735	935	0	1	1	935
CY207738.1	736	2238	0	1	1	2238
CY207738.1	748	2330	0	1	1	2330
CY207738.1	749	1920	5	2	7	749
CY207738.1	752	1728	1	0	1	752
CY207738.1	776	1947	0	1	1	1947
CY207738.1	780	1813	0	1	1	1813
CY207738.1	782	1842	2	0	2	782
CY207738.1	784	1884	0	1	1	1884
CY207738.1	786	1860	2	0	2	786
CY207738.1	788	1863	4	1	5	788
CY207738.1	791	2129	4	7	11	791
CY207738.1	792	1907	1	1	2	792
CY207738.1	793	1877	1	0	1	793
CY207738.1	805	2046	0	1	1	2046
CY207738.1	808	1758	2	0	2	808
CY207738.1	810	2165	1	2	3	810
CY207738.1	811	1914	1	0	1	811
CY207738.1	812	1756	1	0	1	812
CY207738.1	822	879	1	0	1	822
CY207738.1	824	1814	2	0	2	824
CY207738.1	824	2143	0	1	1	2143
CY207738.1	827	1937	1	0	1	827
CY207738.1	834	1920	0	1	1	1920
CY207738.1	835	1728	3	0	3	835
CY207738.1	836	1876	4	0	4	836
CY207738.1	842	1780	0	1	1	1780
CY207738.1	842	1858	1	0	1	842
CY207738.1	844	1860	5	6	11	844
CY207738.1	846	1422	1	0	1	846
CY207738.1	846	1688	1	1	2	846
CY207738.1	846	1704	1	0	1	846
CY207738.1	848	1707	2	0	2	848
CY207738.1	848	1855	2	0	2	848
CY207738.1	849	2105	0	1	1	2105
CY207738.1	850	1803	1	0	1	850
CY207738.1	850	1860	2	1	3	850
CY207738.1	851	1770	1	0	1	851
CY207738.1	851	1780	1	0	1	851
CY207738.1	851	1855	2	2	4	851
CY207738.1	855	1769	1	0	1	855
CY207738.1	856	1861	2	2	4	856
CY207738.1	857	1857	0	1	1	1857
CY207738.1	858	1856	0	3	3	1856
CY207738.1	858	1861	1	0	1	858
CY207738.1	859	2061	1	0	1	859
CY207738.1	861	1713	1	1	2	861
CY207738.1	862	1719	1	0	1	862
CY207738.1	870	1660	1	1	2	870
CY207738.1	872	1586	1	0	1	872
CY207738.1	884	2088	0	1	1	2088
CY207738.1	896	1101	1	2	3	896
CY207738.1	899	1808	1	0	1	899
CY207738.1	910	1717	3	2	5	910
CY207738.1	910	1859	1	0	1	910
CY207738.1	911	1719	1	0	1	911
CY207738.1	912	1997	1	2	3	912
CY207738.1	914	2002	0	3	3	2002
CY207738.1	916	1740	0	1	1	1740
CY207738.1	917	1780	1	0	1	917
CY207738.1	923	2474	0	1	1	2474
CY207738.1	934	2058	1	0	1	934
CY207738.1	942	2448	0	1	1	2448
CY207738.1	950	1760	1	1	2	950
CY207738.1	953	1782	1	0	1	953
CY207738.1	954	1398	0	1	1	1398
CY207738.1	971	1310	1	0	1	971
CY207738.1	977	1871	0	1	1	1871
CY207738.1	978	1731	0	1	1	1731
CY207738.1	989	1841	1	1	2	989
CY207738.1	993	1288	1	0	1	993
