Segment	Start	Stop	Forward_support	Reverse_support	Total_support	Fuzz_factor
CY207731.1	1019	1071	1	0	1	1019
CY207731.1	1044	1877	0	1	1	1877
CY207731.1	1063	1775	0	1	1	1775
CY207731.1	1081	1644	1	0	1	1081
CY207731.1	1081	1771	0	1	1	1771
CY207731.1	1091	1463	1	0	1	1091
CY207731.1	1099	1790	1	0	1	1099
CY207731.1	1173	1404	0	1	1	1404
CY207731.1	1186	1661	0	1	1	1661
CY207731.1	1224	1309	0	1	1	1309
CY207731.1	1228	1880	0	1	1	1880
CY207731.1	1264	1300	0	1	1	1300
CY207731.1	1267	1590	1	0	1	1267
CY207731.1	1271	1635	0	1	1	1635
CY207731.1	1311	1415	1	0	1	1311
CY207731.1	1322	1831	1	0	1	1322
CY207731.1	1354	1886	0	1	1	1886
CY207731.1	1387	1736	1	0	1	1387
CY207731.1	1422	1540	0	1	1	1540
CY207731.1	1499	1521	1	0	1	1499
CY207731.1	1514	1882	0	1	1	1882
CY207731.1	1518	1563	0	1	1	1563
CY207731.1	1521	1660	1	1	2	1521
CY207731.1	1549	1635	1	0	1	1549
CY207731.1	1638	1771	0	1	1	1771
CY207731.1	1752	1858	1	0	1	1752
CY207731.1	245	1205	1	0	1	245
CY207731.1	248	901	1	0	1	248
CY207731.1	257	383	1	0	1	257
CY207731.1	265	1592	1	0	1	265
CY207731.1	266	937	1	0	1	266
CY207731.1	269	1775	1	0	1	269
CY207731.1	286	1500	1	0	1	286
CY207731.1	287	669	1	0	1	287
CY207731.1	288	1000	1	0	1	288
CY207731.1	291	1258	1	0	1	291
CY207731.1	307	1289	0	1	1	1289
CY207731.1	346	740	0	1	1	740
CY207731.1	385	1503	1	0	1	385
CY207731.1	394	1686	0	1	1	1686
CY207731.1	414	641	0	1	1	641
CY207731.1	421	1011	0	1	1	1011
CY207731.1	432	1418	0	2	2	1418
CY207731.1	448	1460	1	0	1	448
CY207731.1	452	1483	2	11	13	452
CY207731.1	459	1874	0	1	1	1874
CY207731.1	467	780	0	1	1	780
CY207731.1	469	1125	0	1	1	1125
CY207731.1	471	595	1	0	1	471
CY207731.1	477	898	0	1	1	898
CY207731.1	477	985	1	0	1	477
CY207731.1	480	1569	0	1	1	1569
CY207731.1	483	1136	0	1	1	1136
CY207731.1	496	1453	0	1	1	1453
CY207731.1	502	643	0	1	1	643
CY207731.1	508	1008	0	1	1	1008
CY207731.1	508	1060	0	1	1	1060
CY207731.1	508	1365	0	1	1	1365
CY207731.1	508	1511	0	1	1	1511
CY207731.1	513	1685	0	1	1	1685
CY207731.1	532	1498	0	1	1	1498
CY207731.1	533	1503	2	1	3	533
CY207731.1	542	1015	0	1	1	1015
CY207731.1	546	645	0	1	1	645
CY207731.1	551	1614	1	0	1	551
CY207731.1	556	1204	0	1	1	1204
CY207731.1	561	1018	1	0	1	561
CY207731.1	565	720	1	0	1	565
CY207731.1	568	1204	1	1	2	568
CY207731.1	574	601	0	1	1	601
CY207731.1	588	649	0	1	1	649
CY207731.1	598	1684	1	0	1	598
CY207731.1	599	1871	0	1	1	1871
CY207731.1	627	1922	0	1	1	1922
CY207731.1	645	1437	2	0	2	645
CY207731.1	651	910	0	1	1	910
CY207731.1	655	1641	0	1	1	1641
CY207731.1	676	800	0	1	1	800
CY207731.1	709	1325	1	0	1	709
CY207731.1	726	1374	1	0	1	726
CY207731.1	734	1737	0	1	1	1737
CY207731.1	757	1204	1	0	1	757
CY207731.1	763	1177	1	0	1	763
CY207731.1	773	1254	0	1	1	1254
CY207731.1	781	1704	0	1	1	1704
CY207731.1	785	1002	0	1	1	1002
CY207731.1	823	1040	0	1	1	1040
CY207731.1	826	1197	0	1	1	1197
CY207731.1	843	1057	0	1	1	1057
CY207731.1	844	1609	0	1	1	1609
CY207731.1	865	1467	0	1	1	1467
CY207731.1	908	945	0	1	1	945
CY207731.1	920	1688	0	1	1	1688
CY207731.1	947	1477	0	1	1	1477
CY207731.1	961	1165	0	1	1	1165
CY207731.1	974	1877	0	1	1	1877
CY207731.1	997	1653	0	1	1	1653
CY207732.1	262	1053	1	0	1	262
CY207732.1	268	550	3	0	3	268
CY207732.1	269	955	1	0	1	269
CY207732.1	275	848	2	0	2	275
CY207732.1	275	861	1	0	1	275
CY207732.1	281	994	1	0	1	281
CY207732.1	289	765	1	0	1	289
CY207732.1	316	1048	1	0	1	316
CY207732.1	334	856	0	1	1	856
CY207732.1	337	920	1	0	1	337
CY207732.1	339	910	0	1	1	910
CY207732.1	352	746	0	1	1	746
CY207732.1	355	803	1	0	1	355
CY207732.1	390	873	1	0	1	390
CY207732.1	394	905	0	1	1	905
CY207732.1	395	975	1	0	1	395
CY207732.1	411	763	0	2	2	763
CY207732.1	411	987	0	1	1	987
CY207732.1	415	818	0	1	1	818
CY207732.1	431	782	0	1	1	782
CY207732.1	444	846	0	1	1	846
CY207732.1	445	863	0	2	2	863
CY207732.1	450	824	2	2	4	450
CY207732.1	450	891	0	1	1	891
CY207732.1	454	656	0	1	1	656
CY207732.1	458	881	0	1	1	881
CY207732.1	465	494	0	1	1	494
CY207732.1	473	573	1	0	1	473
CY207732.1	477	669	1	0	1	477
CY207732.1	478	570	0	1	1	570
CY207732.1	478	948	1	0	1	478
CY207732.1	485	877	1	0	1	485
CY207732.1	499	673	0	2	2	673
CY207732.1	501	1016	0	1	1	1016
CY207732.1	511	593	0	1	1	593
CY207732.1	512	647	0	1	1	647
CY207732.1	520	1110	1	0	1	520
CY207732.1	522	837	0	1	1	837
CY207732.1	532	1100	0	1	1	1100
CY207732.1	533	827	0	1	1	827
CY207732.1	538	626	0	1	1	626
CY207732.1	538	751	0	1	1	751
CY207732.1	538	834	0	1	1	834
CY207732.1	544	853	1	0	1	544
CY207732.1	550	640	0	1	1	640
CY207732.1	550	728	1	0	1	550
CY207732.1	566	977	1	0	1	566
CY207732.1	573	1170	0	1	1	1170
CY207732.1	575	607	0	1	1	607
CY207732.1	585	802	0	1	1	802
CY207732.1	587	662	1	0	1	587
CY207732.1	589	862	3	1	4	589
CY207732.1	597	769	1	0	1	597
CY207732.1	611	983	1	0	1	611
CY207732.1	673	1061	1	0	1	673
CY207732.1	679	815	1	0	1	679
CY207732.1	685	839	0	2	2	839
CY207732.1	690	974	1	0	1	690
CY207732.1	694	898	0	1	1	898
CY207732.1	704	731	0	1	1	731
CY207732.1	715	965	2	1	3	715
CY207732.1	718	860	2	2	4	718
CY207732.1	741	900	1	0	1	741
CY207732.1	758	954	1	1	2	758
CY207732.1	759	859	0	1	1	859
CY207732.1	762	965	1	0	1	762
CY207732.1	764	938	0	1	1	938
CY207732.1	792	862	0	1	1	862
CY207732.1	815	902	0	1	1	902
CY207732.1	817	866	0	3	3	866
CY207732.1	864	1004	1	0	1	864
CY207732.1	915	1081	1	0	1	915
CY207732.1	957	1144	0	1	1	1144
CY207732.1	968	1019	1	0	1	968
CY207732.1	973	1036	0	1	1	1036
CY207733.1	1018	1074	0	1	1	1074
CY207733.1	1018	1404	0	1	1	1404
CY207733.1	1316	1462	1	1	2	1316
CY207733.1	1332	1579	0	1	1	1579
CY207733.1	1492	1515	1	0	1	1492
CY207733.1	237	1221	1	0	1	237
CY207733.1	265	1081	1	0	1	265
CY207733.1	272	1351	4	0	4	272
CY207733.1	281	1144	1	0	1	281
CY207733.1	282	1253	4	0	4	282
CY207733.1	284	1092	1	0	1	284
CY207733.1	284	451	1	1	2	284
CY207733.1	304	1428	1	3	4	304
CY207733.1	318	639	0	1	1	639
CY207733.1	327	989	0	1	1	989
CY207733.1	330	900	0	1	1	900
CY207733.1	333	1152	0	1	1	1152
CY207733.1	348	1421	0	1	1	1421
CY207733.1	357	1436	1	0	1	357
CY207733.1	381	715	1	0	1	381
CY207733.1	403	1402	2	3	5	403
CY207733.1	404	1266	4	8	12	404
CY207733.1	407	913	1	0	1	407
CY207733.1	436	576	0	1	1	576
CY207733.1	437	1493	0	1	1	1493
CY207733.1	453	587	1	0	1	453
CY207733.1	472	743	1	0	1	472
CY207733.1	474	706	1	0	1	474
CY207733.1	510	1105	1	0	1	510
CY207733.1	579	821	0	1	1	821
CY207733.1	620	1083	0	1	1	1083
CY207733.1	621	884	0	1	1	884
CY207733.1	657	928	1	0	1	657
CY207733.1	748	1103	1	0	1	748
CY207733.1	847	982	0	1	1	982
CY207733.1	855	1151	0	1	1	1151
CY207733.1	917	1138	0	1	1	1138
CY207733.1	933	1381	0	1	1	1381
CY207733.1	980	1090	1	0	1	980
CY207733.1	988	1374	1	0	1	988
CY207734.1	1014	1516	1	0	1	1014
CY207734.1	1018	1299	0	1	1	1299
CY207734.1	1029	1093	1	0	1	1029
CY207734.1	1043	1339	1	0	1	1043
CY207734.1	1088	1330	0	1	1	1330
CY207734.1	1125	1289	0	1	1	1289
CY207734.1	1129	1518	1	0	1	1129
CY207734.1	1185	1588	1	0	1	1185
CY207734.1	1196	1567	1	0	1	1196
CY207734.1	1220	1403	0	1	1	1403
CY207734.1	1326	1401	1	0	1	1326
CY207734.1	1385	1532	0	1	1	1532
CY207734.1	1407	1520	1	0	1	1407
CY207734.1	1421	1544	0	2	2	1544
CY207734.1	1435	1552	1	0	1	1435
CY207734.1	1447	1536	1	0	1	1447
CY207734.1	1585	1614	0	1	1	1614
CY207734.1	1589	1695	0	1	1	1695
CY207734.1	1604	1725	0	1	1	1725
CY207734.1	240	747	1	0	1	240
CY207734.1	271	1076	1	0	1	271
CY207734.1	273	1332	0	1	1	1332
CY207734.1	275	598	1	0	1	275
CY207734.1	280	982	1	0	1	280
CY207734.1	281	1233	1	0	1	281
CY207734.1	285	980	1	0	1	285
CY207734.1	296	573	1	0	1	296
CY207734.1	354	1040	0	1	1	1040
CY207734.1	369	430	1	0	1	369
CY207734.1	381	662	0	1	1	662
CY207734.1	397	1274	0	1	1	1274
CY207734.1	399	1105	0	2	2	1105
CY207734.1	402	1696	0	1	1	1696
CY207734.1	403	1065	0	1	1	1065
CY207734.1	405	578	0	1	1	578
CY207734.1	412	534	0	1	1	534
CY207734.1	424	1297	1	0	1	424
CY207734.1	429	1538	0	1	1	1538
CY207734.1	432	1085	0	1	1	1085
CY207734.1	439	1369	0	1	1	1369
CY207734.1	442	1535	0	1	1	1535
CY207734.1	448	1045	0	1	1	1045
CY207734.1	461	669	1	0	1	461
CY207734.1	466	1420	0	1	1	1420
CY207734.1	468	570	0	1	1	570
CY207734.1	475	1119	0	1	1	1119
CY207734.1	477	1607	0	1	1	1607
CY207734.1	477	907	0	1	1	907
CY207734.1	491	841	0	1	1	841
CY207734.1	509	1361	1	0	1	509
CY207734.1	521	841	0	1	1	841
CY207734.1	558	672	0	1	1	672
CY207734.1	579	1334	0	1	1	1334
CY207734.1	598	1280	1	0	1	598
CY207734.1	607	991	1	0	1	607
CY207734.1	631	1287	1	0	1	631
CY207734.1	635	1604	1	0	1	635
CY207734.1	651	1103	0	1	1	1103
CY207734.1	653	1076	1	0	1	653
CY207734.1	673	1102	1	0	1	673
CY207734.1	674	946	0	1	1	946
CY207734.1	683	1164	1	0	1	683
CY207734.1	724	1498	0	1	1	1498
CY207734.1	729	770	1	0	1	729
CY207734.1	780	844	1	0	1	780
CY207734.1	782	1052	1	0	1	782
CY207734.1	800	1147	0	1	1	1147
CY207734.1	868	1625	0	1	1	1625
CY207734.1	869	1094	0	1	1	1094
CY207734.1	878	1369	0	1	1	1369
CY207734.1	902	1248	1	0	1	902
CY207734.1	923	1233	0	1	1	1233
CY207734.1	942	1252	0	1	1	1252
CY207734.1	946	1060	0	1	1	1060
CY207734.1	946	1504	1	0	1	946
CY207734.1	958	1390	0	1	1	1390
CY207734.1	981	1417	0	1	1	1417
CY207734.1	992	1303	1	0	1	992
CY207734.1	997	1042	1	1	2	997
CY207735.1	1008	1033	0	1	1	1033
CY207735.1	249	829	4	0	4	249
CY207735.1	273	865	4	0	4	273
CY207735.1	280	959	4	0	4	280
CY207735.1	350	505	0	6	6	505
CY207735.1	366	733	0	1	1	733
CY207735.1	416	492	0	1	1	492
CY207735.1	453	505	0	1	1	505
CY207735.1	470	705	1	0	1	470
CY207735.1	478	642	1	0	1	478
CY207735.1	511	740	8	30	38	511
CY207735.1	512	558	1	0	1	512
CY207735.1	519	746	0	4	4	746
CY207735.1	722	1003	0	6	6	1003
CY207735.1	751	994	0	1	1	994
CY207735.1	789	838	1	0	1	789
CY207735.1	971	1027	0	1	1	1027
CY207736.1	1008	1103	1	0	1	1008
CY207736.1	1046	1979	0	1	1	1979
CY207736.1	1055	2107	0	1	1	2107
CY207736.1	1073	2355	0	1	1	2355
CY207736.1	1085	2266	0	1	1	2266
CY207736.1	1092	2294	0	1	1	2294
CY207736.1	1095	1382	1	0	1	1095
CY207736.1	1095	2005	1	1	2	1095
CY207736.1	1104	2013	0	1	1	2013
CY207736.1	1126	1629	0	1	1	1629
CY207736.1	1141	1641	1	0	1	1141
CY207736.1	1152	2161	1	0	1	1152
CY207736.1	1168	1942	1	0	1	1168
CY207736.1	1180	2115	0	1	1	2115
CY207736.1	1202	1241	1	0	1	1202
CY207736.1	1205	1573	1	0	1	1205
CY207736.1	1209	1957	1	0	1	1209
CY207736.1	1214	1715	1	0	1	1214
CY207736.1	1267	1929	1	0	1	1267
CY207736.1	1274	1589	1	0	1	1274
CY207736.1	1303	2024	0	1	1	2024
CY207736.1	1412	1480	1	0	1	1412
CY207736.1	1487	2169	0	1	1	2169
CY207736.1	1524	1678	1	0	1	1524
CY207736.1	1534	2043	0	1	1	2043
CY207736.1	1543	1790	0	1	1	1790
CY207736.1	1621	2079	1	0	1	1621
CY207736.1	1662	2198	0	1	1	2198
CY207736.1	1701	2145	1	0	1	1701
CY207736.1	1720	1812	0	1	1	1812
CY207736.1	1756	1963	0	1	1	1963
CY207736.1	1766	2112	1	0	1	1766
CY207736.1	2059	2134	1	0	1	2059
CY207736.1	2088	2141	0	1	1	2141
CY207736.1	2108	2190	0	1	1	2190
CY207736.1	2121	2145	2	3	5	2121
CY207736.1	2129	2162	1	0	1	2129
CY207736.1	2132	2177	1	0	1	2132
CY207736.1	2139	2185	3	0	3	2139
CY207736.1	2197	2223	1	0	1	2197
CY207736.1	2221	2350	0	1	1	2350
CY207736.1	269	2265	1	0	1	269
CY207736.1	273	1376	1	0	1	273
CY207736.1	280	2131	1	0	1	280
CY207736.1	282	1398	1	0	1	282
CY207736.1	289	1957	1	0	1	289
CY207736.1	362	2175	1	3	4	362
CY207736.1	376	2175	0	1	1	2175
CY207736.1	386	2158	1	0	1	386
CY207736.1	390	2072	0	1	1	2072
CY207736.1	396	2156	1	0	1	396
CY207736.1	399	2120	0	1	1	2120
CY207736.1	402	2225	1	0	1	402
CY207736.1	406	2071	1	3	4	406
CY207736.1	411	2223	0	1	1	2223
CY207736.1	414	2067	0	1	1	2067
CY207736.1	417	451	1	0	1	417
CY207736.1	425	2153	0	1	1	2153
CY207736.1	428	1234	1	0	1	428
CY207736.1	436	2133	0	1	1	2133
CY207736.1	436	2153	0	1	1	2153
CY207736.1	449	2144	14	23	37	449
CY207736.1	451	1393	2	0	2	451
CY207736.1	454	2040	1	0	1	454
CY207736.1	463	1205	1	0	1	463
CY207736.1	486	2043	1	0	1	486
CY207736.1	489	1918	2	0	2	489
CY207736.1	492	2041	1	0	1	492
CY207736.1	492	2052	0	1	1	2052
CY207736.1	493	1654	0	1	1	1654
CY207736.1	493	1995	0	1	1	1995
CY207736.1	493	2156	0	2	2	2156
CY207736.1	493	2238	2	0	2	493
CY207736.1	503	2063	2	4	6	503
CY207736.1	512	1941	1	0	1	512
CY207736.1	518	1446	0	1	1	1446
CY207736.1	534	2299	0	1	1	2299
CY207736.1	535	972	1	0	1	535
CY207736.1	542	1963	1	1	2	542
CY207736.1	564	2035	1	2	3	564
CY207736.1	564	904	1	0	1	564
CY207736.1	566	1399	1	0	1	566
CY207736.1	566	2177	1	4	5	566
CY207736.1	569	2019	1	0	1	569
CY207736.1	575	1997	0	1	1	1997
CY207736.1	580	1867	1	0	1	580
CY207736.1	581	2058	1	0	1	581
CY207736.1	582	1920	1	0	1	582
CY207736.1	584	1509	1	0	1	584
CY207736.1	584	846	0	1	1	846
CY207736.1	596	2002	2	0	2	596
CY207736.1	615	1225	1	0	1	615
CY207736.1	642	1005	1	0	1	642
CY207736.1	643	1983	0	1	1	1983
CY207736.1	644	2043	1	0	1	644
CY207736.1	666	1002	1	0	1	666
CY207736.1	676	1706	1	0	1	676
CY207736.1	677	1549	0	1	1	1549
CY207736.1	678	1955	1	0	1	678
CY207736.1	686	1952	1	0	1	686
CY207736.1	686	2042	1	0	1	686
CY207736.1	692	2245	0	1	1	2245
CY207736.1	699	1995	1	2	3	699
CY207736.1	702	1871	0	1	1	1871
CY207736.1	723	1994	1	5	6	723
CY207736.1	724	1004	0	1	1	1004
CY207736.1	726	1285	1	0	1	726
CY207736.1	733	1809	1	1	2	733
CY207736.1	753	1600	1	0	1	753
CY207736.1	753	1863	1	4	5	753
CY207736.1	755	1737	0	1	1	1737
CY207736.1	755	2065	1	0	1	755
CY207736.1	759	2040	0	1	1	2040
CY207736.1	762	1019	0	1	1	1019
CY207736.1	769	2080	0	1	1	2080
CY207736.1	774	1857	1	1	2	774
CY207736.1	782	1853	10	14	24	782
CY207736.1	799	1055	0	1	1	1055
CY207736.1	801	1744	0	1	1	1744
CY207736.1	816	893	0	1	1	893
CY207736.1	837	2218	1	0	1	837
CY207736.1	843	2178	0	1	1	2178
CY207736.1	892	1989	0	2	2	1989
CY207736.1	904	940	1	0	1	904
CY207736.1	912	1585	0	1	1	1585
CY207736.1	921	1346	0	1	1	1346
CY207736.1	928	1730	1	0	1	928
CY207736.1	931	1468	0	1	1	1468
CY207736.1	933	2254	0	1	1	2254
CY207736.1	933	997	0	1	1	997
CY207736.1	941	2147	0	1	1	2147
CY207736.1	960	1396	1	0	1	960
CY207736.1	973	1064	0	2	2	1064
CY207736.1	977	1357	1	0	1	977
CY207736.1	978	1585	0	1	1	1585
CY207737.1	1048	1957	0	1	1	1957
CY207737.1	1077	2053	1	0	1	1077
CY207737.1	1084	1458	0	1	1	1458
CY207737.1	1089	1160	1	0	1	1089
CY207737.1	1100	1657	0	1	1	1657
CY207737.1	1111	2283	0	1	1	2283
CY207737.1	1145	1456	0	1	1	1456
CY207737.1	1185	2055	0	1	1	2055
CY207737.1	1187	2449	0	1	1	2449
CY207737.1	1225	2102	1	0	1	1225
CY207737.1	1238	1920	0	1	1	1920
CY207737.1	1251	2140	1	0	1	1251
CY207737.1	1332	1382	0	1	1	1382
CY207737.1	1417	2330	1	0	1	1417
CY207737.1	1476	1609	0	1	1	1609
CY207737.1	1591	2191	0	1	1	2191
CY207737.1	1648	2303	1	0	1	1648
CY207737.1	1660	2439	0	1	1	2439
CY207737.1	1696	2256	0	1	1	2256
CY207737.1	1771	1898	0	1	1	1898
CY207737.1	1774	2290	0	1	1	2290
CY207737.1	1794	2147	1	0	1	1794
CY207737.1	1906	2399	0	1	1	2399
CY207737.1	1916	2098	1	0	1	1916
CY207737.1	1945	2019	1	0	1	1945
CY207737.1	1998	2288	0	1	1	2288
CY207737.1	2056	2167	1	0	1	2056
CY207737.1	2163	2226	0	1	1	2226
CY207737.1	2165	2190	0	1	1	2190
CY207737.1	2209	2285	1	0	1	2209
CY207737.1	2321	2348	3	0	3	2321
CY207737.1	237	440	2	0	2	237
CY207737.1	2415	2449	0	1	1	2449
CY207737.1	2421	2449	0	1	1	2449
CY207737.1	2426	2454	0	8	8	2454
CY207737.1	247	2284	2	0	2	247
CY207737.1	262	2492	0	1	1	2492
CY207737.1	271	2379	1	0	1	271
CY207737.1	277	351	1	0	1	277
CY207737.1	334	2302	1	0	1	334
CY207737.1	359	1239	1	0	1	359
CY207737.1	360	2284	1	0	1	360
CY207737.1	367	2377	0	1	1	2377
CY207737.1	385	2251	1	0	1	385
CY207737.1	404	1131	2	0	2	404
CY207737.1	428	2228	0	1	1	2228
CY207737.1	438	933	0	1	1	933
CY207737.1	446	2209	1	0	1	446
CY207737.1	465	1407	0	1	1	1407
CY207737.1	469	1122	1	0	1	469
CY207737.1	472	2323	0	1	1	2323
CY207737.1	474	2075	0	1	1	2075
CY207737.1	476	2089	1	0	1	476
CY207737.1	477	1128	1	1	2	477
CY207737.1	515	2152	1	1	2	515
CY207737.1	531	2126	2	2	4	531
CY207737.1	558	2113	1	0	1	558
CY207737.1	611	1757	1	0	1	611
CY207737.1	621	1240	0	1	1	1240
CY207737.1	666	2310	0	1	1	2310
CY207737.1	668	769	0	1	1	769
CY207737.1	676	1612	1	0	1	676
CY207737.1	681	1720	1	0	1	681
CY207737.1	690	2463	0	1	1	2463
CY207737.1	708	1730	1	0	1	708
CY207737.1	708	2096	0	1	1	2096
CY207737.1	730	2105	0	1	1	2105
CY207737.1	755	2194	0	1	1	2194
CY207737.1	783	1943	1	0	1	783
CY207737.1	784	1975	1	0	1	784
CY207737.1	816	1318	0	1	1	1318
CY207737.1	820	1827	1	1	2	820
CY207737.1	829	992	0	1	1	992
CY207737.1	832	1882	0	1	1	1882
CY207737.1	833	2338	0	1	1	2338
CY207737.1	834	1913	0	1	1	1913
CY207737.1	836	973	1	0	1	836
CY207737.1	850	1766	1	0	1	850
CY207737.1	866	2295	0	1	1	2295
CY207737.1	908	1218	0	1	1	1218
CY207737.1	908	2111	0	1	1	2111
CY207737.1	953	1650	1	0	1	953
CY207737.1	994	1688	1	0	1	994
CY207737.1	994	1985	0	1	1	1985
CY207738.1	1074	1357	0	1	1	1357
CY207738.1	1091	1570	1	0	1	1091
CY207738.1	1092	2396	1	0	1	1092
CY207738.1	1118	1591	1	0	1	1118
CY207738.1	1118	1681	0	1	1	1681
CY207738.1	1124	2330	1	1	2	1124
CY207738.1	1125	2016	0	2	2	2016
CY207738.1	1127	2369	0	1	1	2369
CY207738.1	1153	1594	1	0	1	1153
CY207738.1	1154	1570	1	0	1	1154
CY207738.1	1192	2114	1	0	1	1192
CY207738.1	1259	1741	0	1	1	1741
CY207738.1	1260	1410	1	0	1	1260
CY207738.1	1296	1650	1	0	1	1296
CY207738.1	1299	2148	1	0	1	1299
CY207738.1	1313	1632	1	0	1	1313
CY207738.1	1344	2222	1	0	1	1344
CY207738.1	1385	2355	0	1	1	2355
CY207738.1	1431	1675	0	1	1	1675
CY207738.1	1443	1615	0	1	1	1615
CY207738.1	1486	1753	1	0	1	1486
CY207738.1	1498	2493	0	1	1	2493
CY207738.1	1548	2002	1	0	1	1548
CY207738.1	1598	2315	1	0	1	1598
CY207738.1	1675	2463	0	1	1	2463
CY207738.1	1757	2407	0	1	1	2407
CY207738.1	2256	2326	1	0	1	2256
CY207738.1	278	2121	3	0	3	278
CY207738.1	322	1246	0	1	1	1246
CY207738.1	330	1586	1	0	1	330
CY207738.1	348	2016	0	1	1	2016
CY207738.1	367	2333	1	0	1	367
CY207738.1	373	412	0	1	1	412
CY207738.1	374	2209	1	4	5	374
CY207738.1	375	2131	0	2	2	2131
CY207738.1	377	1917	2	0	2	377
CY207738.1	377	2081	0	2	2	2081
CY207738.1	377	2096	0	1	1	2096
CY207738.1	383	2139	0	1	1	2139
CY207738.1	383	2243	0	2	2	2243
CY207738.1	389	1116	1	0	1	389
CY207738.1	406	1464	0	1	1	1464
CY207738.1	409	2319	1	2	3	409
CY207738.1	411	1868	1	2	3	411
CY207738.1	414	464	0	1	1	464
CY207738.1	428	2132	0	2	2	2132
CY207738.1	428	2282	0	4	4	2282
CY207738.1	436	1684	1	1	2	436
CY207738.1	442	897	0	1	1	897
CY207738.1	448	2101	0	1	1	2101
CY207738.1	454	2250	1	0	1	454
CY207738.1	457	2253	0	1	1	2253
CY207738.1	474	2397	1	0	1	474
CY207738.1	483	2404	16	14	30	483
CY207738.1	488	1586	2	0	2	488
CY207738.1	494	2115	0	1	1	2115
CY207738.1	512	1400	1	0	1	512
CY207738.1	517	2296	1	0	1	517
CY207738.1	519	2085	0	2	2	2085
CY207738.1	527	2098	0	1	1	2098
CY207738.1	528	2177	0	1	1	2177
CY207738.1	532	637	1	0	1	532
CY207738.1	533	2078	0	1	1	2078
CY207738.1	544	2071	0	2	2	2071
CY207738.1	574	2108	0	1	1	2108
CY207738.1	577	1698	0	1	1	1698
CY207738.1	593	1814	1	0	1	593
CY207738.1	633	2040	0	1	1	2040
CY207738.1	644	1954	1	0	1	644
CY207738.1	647	1989	1	0	1	647
CY207738.1	658	844	0	1	1	844
CY207738.1	694	1972	2	0	2	694
CY207738.1	711	2031	1	0	1	711
CY207738.1	721	1401	0	1	1	1401
CY207738.1	764	818	2	0	2	764
CY207738.1	824	1693	1	0	1	824
CY207738.1	825	1901	4	2	6	825
CY207738.1	835	1774	1	1	2	835
CY207738.1	861	1270	1	0	1	861
CY207738.1	877	2184	0	1	1	2184
CY207738.1	896	1101	2	0	2	896
CY207738.1	921	2266	1	0	1	921
CY207738.1	933	2297	1	0	1	933
CY207738.1	988	1651	1	0	1	988
