Segment	Start	Stop	Forward_support	Reverse_support	Total_support	Fuzz_factor
CY207731.1	1047	1574	0	1	1	1574
CY207731.1	1048	1503	1	0	1	1048
CY207731.1	1089	1817	1	0	1	1089
CY207731.1	1138	1209	0	3	3	1209
CY207731.1	1158	1686	1	0	1	1158
CY207731.1	1200	1641	0	1	1	1641
CY207731.1	1518	1563	1	0	1	1518
CY207731.1	1673	1881	0	1	1	1881
CY207731.1	289	771	1	0	1	289
CY207731.1	366	1536	0	1	1	1536
CY207731.1	396	1090	0	1	1	1090
CY207731.1	421	1506	0	1	1	1506
CY207731.1	429	1399	0	1	1	1399
CY207731.1	443	1680	0	1	1	1680
CY207731.1	449	515	1	0	1	449
CY207731.1	477	1900	0	1	1	1900
CY207731.1	478	969	0	1	1	969
CY207731.1	482	1524	0	1	1	1524
CY207731.1	491	1564	0	1	1	1564
CY207731.1	530	663	1	0	1	530
CY207731.1	588	1418	1	0	1	588
CY207731.1	598	1524	0	1	1	1524
CY207731.1	657	950	1	0	1	657
CY207731.1	665	1766	0	1	1	1766
CY207731.1	709	1372	1	0	1	709
CY207731.1	724	1893	0	1	1	1893
CY207731.1	817	1559	1	0	1	817
CY207732.1	244	876	1	0	1	244
CY207732.1	278	941	1	0	1	278
CY207732.1	311	965	2	0	2	311
CY207732.1	339	1040	3	3	6	339
CY207732.1	394	811	1	0	1	394
CY207732.1	394	876	0	1	1	876
CY207732.1	395	551	1	0	1	395
CY207732.1	410	554	0	1	1	554
CY207732.1	414	1133	0	1	1	1133
CY207732.1	415	1031	0	1	1	1031
CY207732.1	420	475	1	0	1	420
CY207732.1	425	667	1	0	1	425
CY207732.1	434	678	1	3	4	434
CY207732.1	436	465	0	1	1	465
CY207732.1	454	1120	0	1	1	1120
CY207732.1	461	746	0	1	1	746
CY207732.1	476	847	1	0	1	476
CY207732.1	484	1027	0	1	1	1027
CY207732.1	485	791	1	4	5	485
CY207732.1	522	565	1	0	1	522
CY207732.1	532	845	0	1	1	845
CY207732.1	533	1153	0	1	1	1153
CY207732.1	534	819	0	1	1	819
CY207732.1	536	887	0	1	1	887
CY207732.1	629	957	14	2	16	629
CY207732.1	697	772	1	0	1	697
CY207732.1	718	860	0	2	2	860
CY207732.1	749	872	1	0	1	749
CY207732.1	758	1080	0	1	1	1080
CY207732.1	798	982	0	1	1	982
CY207732.1	803	1010	0	1	1	1010
CY207732.1	815	854	1	0	1	815
CY207733.1	1159	1326	1	0	1	1159
CY207733.1	1300	1498	5	2	7	1300
CY207733.1	241	1413	1	0	1	241
CY207733.1	244	1073	1	0	1	244
CY207733.1	398	1236	1	0	1	398
CY207733.1	418	491	0	1	1	491
CY207733.1	454	992	0	1	1	992
CY207733.1	455	568	1	0	1	455
CY207733.1	464	797	0	1	1	797
CY207733.1	612	983	1	0	1	612
CY207733.1	620	1374	0	1	1	1374
CY207733.1	623	678	0	1	1	678
CY207733.1	639	852	0	1	1	852
CY207733.1	670	803	1	0	1	670
CY207733.1	738	902	0	1	1	902
CY207733.1	813	963	0	1	1	963
CY207733.1	914	990	0	1	1	990
CY207734.1	1030	1239	1	0	1	1030
CY207734.1	1049	1204	0	1	1	1204
CY207734.1	1056	1219	0	1	1	1219
CY207734.1	1081	1225	1	0	1	1081
CY207734.1	1131	1412	0	1	1	1412
CY207734.1	1375	1621	1	0	1	1375
CY207734.1	1381	1603	0	1	1	1603
CY207734.1	1391	1435	1	0	1	1391
CY207734.1	1402	1441	0	1	1	1441
CY207734.1	1580	1697	0	5	5	1697
CY207734.1	287	1439	1	0	1	287
CY207734.1	318	1465	0	1	1	1465
CY207734.1	376	592	0	1	1	592
CY207734.1	409	1336	0	1	1	1336
CY207734.1	451	1030	1	0	1	451
CY207734.1	510	1690	0	1	1	1690
CY207734.1	522	1135	0	1	1	1135
CY207734.1	557	593	1	0	1	557
CY207734.1	582	1679	0	1	1	1679
CY207734.1	596	683	0	1	1	683
CY207734.1	600	636	3	5	8	600
CY207734.1	617	1301	0	1	1	1301
CY207734.1	745	1315	0	1	1	1315
CY207734.1	750	1294	1	0	1	750
CY207734.1	859	1316	1	0	1	859
CY207734.1	900	1093	0	1	1	1093
CY207735.1	465	739	0	1	1	739
CY207735.1	511	740	34	97	131	511
CY207736.1	1008	1360	0	1	1	1360
CY207736.1	1058	1214	0	1	1	1214
CY207736.1	1059	1145	0	1	1	1145
CY207736.1	1070	1462	1	0	1	1070
CY207736.1	1072	1358	0	1	1	1358
CY207736.1	1092	2294	1	4	5	1092
CY207736.1	1138	2312	0	1	1	2312
CY207736.1	1193	1217	1	0	1	1193
CY207736.1	1209	1957	3	9	12	1209
CY207736.1	1211	2024	0	1	1	2024
CY207736.1	1327	1470	0	1	1	1470
CY207736.1	1406	2164	1	0	1	1406
CY207736.1	1514	1656	3	5	8	1514
CY207736.1	1904	2180	1	0	1	1904
CY207736.1	1951	2343	0	1	1	2343
CY207736.1	1977	2275	0	1	1	2275
CY207736.1	2132	2170	4	4	8	2132
CY207736.1	2208	2282	0	1	1	2282
CY207736.1	2231	2265	0	5	5	2265
CY207736.1	241	1391	1	0	1	241
CY207736.1	282	2250	6	0	6	282
CY207736.1	360	2142	1	1	2	360
CY207736.1	391	2148	0	1	1	2148
CY207736.1	405	2143	1	19	20	405
CY207736.1	406	2156	1	33	34	406
CY207736.1	417	2005	0	1	1	2005
CY207736.1	455	2149	2	1	3	455
CY207736.1	462	1489	1	0	1	462
CY207736.1	478	2131	0	2	2	2131
CY207736.1	485	2089	0	1	1	2089
CY207736.1	492	522	9	0	9	492
CY207736.1	515	1186	0	1	1	1186
CY207736.1	629	1936	1	0	1	629
CY207736.1	644	1356	1	0	1	644
CY207736.1	671	1895	10	3	13	671
CY207736.1	678	1955	6	2	8	678
CY207736.1	736	1863	5	7	12	736
CY207736.1	740	1716	0	1	1	1716
CY207736.1	767	1952	1	0	1	767
CY207736.1	767	1964	10	12	22	767
CY207736.1	775	1695	13	2	15	775
CY207736.1	899	938	0	1	1	938
CY207736.1	901	1875	1	0	1	901
CY207737.1	1167	2216	1	0	1	1167
CY207737.1	1278	1349	0	1	1	1349
CY207737.1	1337	1497	0	1	1	1497
CY207737.1	1589	2051	0	1	1	2051
CY207737.1	1682	1828	1	0	1	1682
CY207737.1	1741	1797	3	4	7	1741
CY207737.1	1794	2159	0	1	1	2159
CY207737.1	277	2337	1	0	1	277
CY207737.1	330	2325	1	0	1	330
CY207737.1	369	1622	1	0	1	369
CY207737.1	403	1273	1	1	2	403
CY207737.1	453	2182	0	1	1	2182
CY207737.1	464	494	0	1	1	494
CY207737.1	619	1577	0	1	1	1577
CY207737.1	687	2339	0	1	1	2339
CY207737.1	722	1910	0	1	1	1910
CY207737.1	759	2313	1	0	1	759
CY207737.1	842	1383	0	1	1	1383
CY207737.1	854	1821	1	0	1	854
CY207737.1	912	1089	0	1	1	1089
CY207738.1	1087	2292	0	1	1	2292
CY207738.1	1137	1249	0	1	1	1249
CY207738.1	1147	2278	0	1	1	2278
CY207738.1	1351	1795	0	1	1	1795
CY207738.1	1451	2333	0	1	1	2333
CY207738.1	1494	1533	1	0	1	1494
CY207738.1	1618	2352	0	1	1	2352
CY207738.1	1912	1957	1	0	1	1912
CY207738.1	1921	1948	0	1	1	1948
CY207738.1	2066	2263	0	1	1	2263
CY207738.1	2130	2330	1	0	1	2130
CY207738.1	2345	2371	0	1	1	2371
CY207738.1	236	1618	1	0	1	236
CY207738.1	274	1870	1	0	1	274
CY207738.1	327	1222	1	0	1	327
CY207738.1	369	1425	0	1	1	1425
CY207738.1	376	942	1	0	1	376
CY207738.1	386	2347	1	0	1	386
CY207738.1	406	1395	0	1	1	1395
CY207738.1	462	942	0	1	1	942
CY207738.1	472	1469	0	1	1	1469
CY207738.1	484	2334	1	0	1	484
CY207738.1	509	2136	1	0	1	509
CY207738.1	515	2141	8	21	29	515
CY207738.1	529	1754	4	13	17	529
CY207738.1	530	2007	0	1	1	2007
CY207738.1	554	1990	2	14	16	554
CY207738.1	562	1443	1	0	1	562
CY207738.1	572	910	1	0	1	572
CY207738.1	593	1963	1	0	1	593
CY207738.1	658	1529	0	1	1	1529
CY207738.1	712	1886	3	7	10	712
CY207738.1	752	1064	0	1	1	1064
CY207738.1	791	2299	1	0	1	791
CY207738.1	821	1870	5	6	11	821
CY207738.1	830	2242	0	1	1	2242
CY207738.1	896	1101	1	0	1	896
