Segment	Start	Stop	Forward_support	Reverse_support	Total_support	Fuzz_factor
CY207731.1	1003	1260	1	0	1	1003
CY207731.1	1023	1658	1	0	1	1023
CY207731.1	1031	1416	1	0	1	1031
CY207731.1	1056	1843	0	1	1	1843
CY207731.1	1069	1667	1	0	1	1069
CY207731.1	1077	1642	0	1	1	1642
CY207731.1	1079	1374	1	0	1	1079
CY207731.1	1123	1535	1	0	1	1123
CY207731.1	1169	1365	1	0	1	1169
CY207731.1	1201	1280	1	0	1	1201
CY207731.1	1235	1589	0	1	1	1589
CY207731.1	1242	1803	0	1	1	1803
CY207731.1	1264	1799	0	1	1	1799
CY207731.1	1274	1335	0	1	1	1335
CY207731.1	1286	1489	1	0	1	1286
CY207731.1	1323	1627	1	0	1	1323
CY207731.1	1405	1764	0	1	1	1764
CY207731.1	1442	1579	1	3	4	1442
CY207731.1	1474	1671	0	1	1	1671
CY207731.1	1477	1693	1	0	1	1477
CY207731.1	1503	1772	0	1	1	1772
CY207731.1	1509	1607	0	1	1	1607
CY207731.1	1511	1552	0	1	1	1552
CY207731.1	1518	1674	1	0	1	1518
CY207731.1	1548	1710	0	1	1	1710
CY207731.1	1633	1691	2	12	14	1633
CY207731.1	1651	1707	1	0	1	1651
CY207731.1	1660	1714	6	1	7	1660
CY207731.1	1663	1873	0	1	1	1873
CY207731.1	1671	1742	1	0	1	1671
CY207731.1	1695	1886	0	1	1	1886
CY207731.1	1701	1744	4	2	6	1701
CY207731.1	247	1051	1	0	1	247
CY207731.1	247	1627	1	0	1	247
CY207731.1	270	1334	1	0	1	270
CY207731.1	285	1349	1	0	1	285
CY207731.1	289	1853	1	0	1	289
CY207731.1	343	811	1	0	1	343
CY207731.1	344	1279	0	1	1	1279
CY207731.1	362	1544	1	0	1	362
CY207731.1	369	1595	0	1	1	1595
CY207731.1	372	674	0	1	1	674
CY207731.1	377	1592	2	10	12	377
CY207731.1	377	1603	0	11	11	1603
CY207731.1	384	1593	0	2	2	1593
CY207731.1	385	1821	0	1	1	1821
CY207731.1	398	798	1	0	1	398
CY207731.1	399	483	0	1	1	483
CY207731.1	401	1673	0	1	1	1673
CY207731.1	405	1627	0	1	1	1627
CY207731.1	406	689	0	1	1	689
CY207731.1	409	1605	0	1	1	1605
CY207731.1	410	1771	0	1	1	1771
CY207731.1	416	1275	0	1	1	1275
CY207731.1	421	1310	0	1	1	1310
CY207731.1	432	1734	0	1	1	1734
CY207731.1	435	788	0	1	1	788
CY207731.1	436	1476	0	1	1	1476
CY207731.1	441	1876	0	1	1	1876
CY207731.1	463	559	1	0	1	463
CY207731.1	465	1369	0	1	1	1369
CY207731.1	478	1872	0	1	1	1872
CY207731.1	492	1457	1	0	1	492
CY207731.1	500	1057	0	1	1	1057
CY207731.1	506	1161	1	0	1	506
CY207731.1	506	1229	0	1	1	1229
CY207731.1	506	1606	1	0	1	506
CY207731.1	509	1276	0	1	1	1276
CY207731.1	509	848	1	0	1	509
CY207731.1	509	881	1	0	1	509
CY207731.1	514	1745	0	1	1	1745
CY207731.1	519	1683	0	1	1	1683
CY207731.1	525	1717	1	0	1	525
CY207731.1	526	1608	1	0	1	526
CY207731.1	527	1727	1	1	2	527
CY207731.1	528	1185	1	0	1	528
CY207731.1	529	1281	1	0	1	529
CY207731.1	534	1578	0	1	1	1578
CY207731.1	540	1210	0	1	1	1210
CY207731.1	541	1328	1	2	3	541
CY207731.1	544	1117	0	1	1	1117
CY207731.1	544	837	0	1	1	837
CY207731.1	557	971	1	0	1	557
CY207731.1	561	1018	0	1	1	1018
CY207731.1	565	1641	5	2	7	565
CY207731.1	568	1204	3	4	7	568
CY207731.1	568	1365	0	1	1	1365
CY207731.1	568	945	0	1	1	945
CY207731.1	572	957	4	4	8	572
CY207731.1	577	879	0	1	1	879
CY207731.1	593	1527	1	0	1	593
CY207731.1	622	821	1	0	1	622
CY207731.1	630	1656	1	0	1	630
CY207731.1	642	1639	1	0	1	642
CY207731.1	667	1228	1	0	1	667
CY207731.1	676	1245	0	1	1	1245
CY207731.1	697	1291	0	1	1	1291
CY207731.1	783	813	1	0	1	783
CY207731.1	786	1734	0	1	1	1734
CY207731.1	804	1796	0	1	1	1796
CY207731.1	818	995	1	0	1	818
CY207731.1	836	1140	0	1	1	1140
CY207731.1	844	1624	1	0	1	844
CY207731.1	862	1029	1	0	1	862
CY207731.1	883	1072	1	0	1	883
CY207731.1	889	1736	0	1	1	1736
CY207731.1	904	1745	1	0	1	904
CY207731.1	923	1668	1	0	1	923
CY207731.1	942	1602	1	0	1	942
CY207731.1	946	968	0	2	2	968
CY207731.1	948	1146	0	1	1	1146
CY207731.1	951	1897	0	1	1	1897
CY207731.1	956	1263	0	1	1	1263
CY207731.1	966	1194	1	0	1	966
CY207731.1	968	1697	1	0	1	968
CY207731.1	991	1600	1	0	1	991
CY207732.1	1019	1172	0	1	1	1172
CY207732.1	260	542	1	0	1	260
CY207732.1	268	550	6	2	8	268
CY207732.1	272	651	1	0	1	272
CY207732.1	275	668	1	0	1	275
CY207732.1	330	778	1	0	1	330
CY207732.1	341	1160	0	1	1	1160
CY207732.1	347	573	0	1	1	573
CY207732.1	350	991	0	1	1	991
CY207732.1	365	867	0	1	1	867
CY207732.1	367	976	1	0	1	367
CY207732.1	373	1144	0	1	1	1144
CY207732.1	389	468	1	0	1	389
CY207732.1	394	477	0	1	1	477
CY207732.1	394	812	0	1	1	812
CY207732.1	395	785	0	1	1	785
CY207732.1	395	961	1	0	1	395
CY207732.1	397	926	0	1	1	926
CY207732.1	403	847	0	1	1	847
CY207732.1	404	641	0	1	1	641
CY207732.1	404	646	1	0	1	404
CY207732.1	415	1144	0	1	1	1144
CY207732.1	415	814	0	1	1	814
CY207732.1	434	678	0	6	6	678
CY207732.1	439	575	1	0	1	439
CY207732.1	439	862	0	1	1	862
CY207732.1	445	622	1	0	1	445
CY207732.1	446	488	0	1	1	488
CY207732.1	466	494	1	1	2	466
CY207732.1	467	960	1	0	1	467
CY207732.1	468	1043	1	0	1	468
CY207732.1	476	752	1	0	1	476
CY207732.1	480	1055	1	0	1	480
CY207732.1	489	1013	1	0	1	489
CY207732.1	499	598	0	1	1	598
CY207732.1	513	731	0	1	1	731
CY207732.1	524	790	0	1	1	790
CY207732.1	541	836	0	1	1	836
CY207732.1	565	866	0	1	1	866
CY207732.1	573	695	0	1	1	695
CY207732.1	582	908	1	0	1	582
CY207732.1	589	862	11	7	18	589
CY207732.1	605	898	1	0	1	605
CY207732.1	614	787	1	0	1	614
CY207732.1	615	786	3	4	7	615
CY207732.1	622	1003	0	1	1	1003
CY207732.1	622	905	1	0	1	622
CY207732.1	625	1063	1	0	1	625
CY207732.1	629	976	0	1	1	976
CY207732.1	633	661	0	1	1	661
CY207732.1	634	1007	0	1	1	1007
CY207732.1	641	684	0	1	1	684
CY207732.1	649	814	0	1	1	814
CY207732.1	651	905	0	1	1	905
CY207732.1	651	923	0	1	1	923
CY207732.1	656	767	1	0	1	656
CY207732.1	667	862	1	2	3	667
CY207732.1	672	781	0	1	1	781
CY207732.1	679	815	8	8	16	679
CY207732.1	685	839	3	4	7	685
CY207732.1	687	823	0	1	1	823
CY207732.1	696	1026	0	1	1	1026
CY207732.1	696	734	0	1	1	734
CY207732.1	702	990	0	1	1	990
CY207732.1	712	819	0	1	1	819
CY207732.1	718	860	2	8	10	718
CY207732.1	758	879	1	0	1	758
CY207732.1	768	850	1	0	1	768
CY207732.1	778	1082	1	0	1	778
CY207732.1	782	838	0	1	1	838
CY207732.1	790	833	2	0	2	790
CY207732.1	791	984	1	0	1	791
CY207732.1	792	862	1	0	1	792
CY207732.1	817	866	2	1	3	817
CY207732.1	846	931	1	0	1	846
CY207732.1	877	1018	1	0	1	877
CY207732.1	880	954	1	0	1	880
CY207732.1	881	1012	1	0	1	881
CY207732.1	899	943	1	0	1	899
CY207732.1	955	997	0	1	1	997
CY207732.1	956	1008	0	1	1	1008
CY207732.1	957	1000	1	0	1	957
CY207732.1	991	1030	1	0	1	991
CY207733.1	1013	1114	0	1	1	1114
CY207733.1	1018	1074	0	2	2	1074
CY207733.1	1037	1264	0	1	1	1264
CY207733.1	1045	1157	1	0	1	1045
CY207733.1	1064	1453	0	1	1	1453
CY207733.1	1138	1186	0	1	1	1186
CY207733.1	1300	1498	1	0	1	1300
CY207733.1	1308	1405	2	1	3	1308
CY207733.1	1310	1467	1	0	1	1310
CY207733.1	244	1358	1	0	1	244
CY207733.1	244	1360	10	0	10	244
CY207733.1	258	365	1	0	1	258
CY207733.1	264	1215	1	0	1	264
CY207733.1	269	1543	25	0	25	269
CY207733.1	270	305	1	0	1	270
CY207733.1	274	1268	2	0	2	274
CY207733.1	308	1442	0	1	1	1442
CY207733.1	352	1402	1	4	5	352
CY207733.1	362	1417	0	1	1	1417
CY207733.1	366	1473	1	1	2	366
CY207733.1	378	1486	0	1	1	1486
CY207733.1	381	404	0	1	1	404
CY207733.1	389	1413	0	1	1	1413
CY207733.1	435	458	0	1	1	458
CY207733.1	438	858	0	1	1	858
CY207733.1	444	810	0	1	1	810
CY207733.1	471	800	0	1	1	800
CY207733.1	488	821	0	1	1	821
CY207733.1	493	1509	0	1	1	1509
CY207733.1	515	1133	2	1	3	515
CY207733.1	556	720	0	1	1	720
CY207733.1	574	1027	1	0	1	574
CY207733.1	598	1166	3	0	3	598
CY207733.1	616	1100	1	1	2	616
CY207733.1	623	918	2	1	3	623
CY207733.1	698	1023	0	1	1	1023
CY207733.1	737	1154	0	1	1	1154
CY207733.1	831	1025	1	0	1	831
CY207733.1	967	1007	0	2	2	1007
CY207734.1	1016	1110	0	1	1	1110
CY207734.1	1087	1439	0	1	1	1439
CY207734.1	1126	1669	0	1	1	1669
CY207734.1	1193	1452	0	1	1	1452
CY207734.1	1196	1412	0	1	1	1412
CY207734.1	1269	1451	0	1	1	1451
CY207734.1	1272	1356	1	0	1	1272
CY207734.1	1274	1519	0	1	1	1519
CY207734.1	1282	1525	1	0	1	1282
CY207734.1	1284	1483	0	1	1	1483
CY207734.1	1305	1714	0	1	1	1714
CY207734.1	1347	1623	0	1	1	1623
CY207734.1	1363	1571	1	0	1	1363
CY207734.1	1373	1457	0	1	1	1457
CY207734.1	1381	1413	0	1	1	1413
CY207734.1	1385	1632	1	0	1	1385
CY207734.1	1482	1559	6	4	10	1482
CY207734.1	1543	1574	1	0	1	1543
CY207734.1	1651	1695	0	1	1	1695
CY207734.1	246	1070	1	0	1	246
CY207734.1	266	1538	1	0	1	266
CY207734.1	284	643	1	0	1	284
CY207734.1	287	1093	1	0	1	287
CY207734.1	290	738	1	0	1	290
CY207734.1	313	1387	1	0	1	313
CY207734.1	335	359	1	3	4	335
CY207734.1	338	1527	1	1	2	338
CY207734.1	340	1277	0	1	1	1277
CY207734.1	342	1575	0	2	2	1575
CY207734.1	355	731	0	1	1	731
CY207734.1	372	1079	0	1	1	1079
CY207734.1	373	1292	1	0	1	373
CY207734.1	375	756	0	1	1	756
CY207734.1	376	481	1	0	1	376
CY207734.1	376	619	0	1	1	619
CY207734.1	388	1491	0	7	7	1491
CY207734.1	388	1517	0	2	2	1517
CY207734.1	391	931	0	1	1	931
CY207734.1	401	1389	0	1	1	1389
CY207734.1	401	518	0	1	1	518
CY207734.1	407	706	0	1	1	706
CY207734.1	414	495	0	1	1	495
CY207734.1	419	1542	0	1	1	1542
CY207734.1	426	755	0	1	1	755
CY207734.1	429	573	1	0	1	429
CY207734.1	432	1417	0	1	1	1417
CY207734.1	445	915	1	0	1	445
CY207734.1	446	1426	3	4	7	446
CY207734.1	449	1401	0	1	1	1401
CY207734.1	449	1673	0	1	1	1673
CY207734.1	460	1196	0	1	1	1196
CY207734.1	465	627	1	0	1	465
CY207734.1	467	1694	0	1	1	1694
CY207734.1	478	1103	1	0	1	478
CY207734.1	479	907	1	0	1	479
CY207734.1	482	721	0	1	1	721
CY207734.1	485	1352	0	1	1	1352
CY207734.1	490	587	0	1	1	587
CY207734.1	506	842	0	1	1	842
CY207734.1	519	1245	1	0	1	519
CY207734.1	520	1452	0	1	1	1452
CY207734.1	521	815	1	0	1	521
CY207734.1	522	771	1	0	1	522
CY207734.1	522	827	1	0	1	522
CY207734.1	541	1480	0	1	1	1480
CY207734.1	559	1551	1	0	1	559
CY207734.1	568	793	0	1	1	793
CY207734.1	591	725	1	0	1	591
CY207734.1	592	1029	1	0	1	592
CY207734.1	626	1065	0	1	1	1065
CY207734.1	646	752	1	0	1	646
CY207734.1	697	1136	0	1	1	1136
CY207734.1	721	962	2	0	2	721
CY207734.1	734	1330	0	1	1	1330
CY207734.1	743	1511	1	0	1	743
CY207734.1	746	1678	1	1	2	746
CY207734.1	792	882	0	1	1	882
CY207734.1	811	1468	0	1	1	1468
CY207734.1	835	1033	0	1	1	1033
CY207734.1	853	1370	1	0	1	853
CY207734.1	865	903	1	0	1	865
CY207734.1	888	1500	0	1	1	1500
CY207734.1	892	1022	1	0	1	892
CY207734.1	896	1510	0	1	1	1510
CY207734.1	923	1585	1	0	1	923
CY207735.1	288	977	1	0	1	288
CY207735.1	376	1020	1	3	4	376
CY207735.1	414	935	0	1	1	935
CY207735.1	475	707	1	0	1	475
CY207735.1	499	729	2	0	2	499
CY207735.1	511	740	31	65	96	511
CY207735.1	513	786	1	4	5	513
CY207735.1	519	746	7	12	19	519
CY207735.1	523	552	0	1	1	552
CY207735.1	864	1045	0	1	1	1045
CY207736.1	1006	2286	1	1	2	1006
CY207736.1	1008	1103	1	0	1	1008
CY207736.1	1012	1737	1	0	1	1012
CY207736.1	1022	2115	0	1	1	2115
CY207736.1	1028	2030	0	1	1	2030
CY207736.1	1036	1491	1	0	1	1036
CY207736.1	1038	1581	0	1	1	1581
CY207736.1	1042	1722	1	0	1	1042
CY207736.1	1060	1283	0	1	1	1283
CY207736.1	1073	1618	0	1	1	1618
CY207736.1	1095	2005	0	1	1	2005
CY207736.1	1100	2072	1	0	1	1100
CY207736.1	1196	1553	0	1	1	1553
CY207736.1	1252	2072	0	2	2	2072
CY207736.1	1374	1982	0	1	1	1982
CY207736.1	1424	1535	1	0	1	1424
CY207736.1	1434	1825	1	0	1	1434
CY207736.1	1514	1656	2	1	3	1514
CY207736.1	1551	2189	0	3	3	2189
CY207736.1	1569	2147	0	1	1	2147
CY207736.1	1700	1764	0	1	1	1764
CY207736.1	1746	1997	1	0	1	1746
CY207736.1	1769	2043	0	1	1	2043
CY207736.1	1810	2043	1	0	1	1810
CY207736.1	1826	1920	1	0	1	1826
CY207736.1	1828	1943	0	2	2	1943
CY207736.1	1839	1871	0	1	1	1871
CY207736.1	1852	2057	0	1	1	2057
CY207736.1	1895	2065	1	1	2	1895
CY207736.1	1945	2282	0	1	1	2282
CY207736.1	2027	2141	1	1	2	2027
CY207736.1	2061	2231	1	0	1	2061
CY207736.1	2129	2155	6	7	13	2129
CY207736.1	2133	2199	6	2	8	2133
CY207736.1	2147	2238	8	8	16	2147
CY207736.1	266	2253	1	0	1	266
CY207736.1	277	1713	1	0	1	277
CY207736.1	280	2075	1	0	1	280
CY207736.1	282	1398	4	0	4	282
CY207736.1	282	2258	2	0	2	282
CY207736.1	283	2216	2	0	2	283
CY207736.1	286	1949	1	0	1	286
CY207736.1	287	2112	2	0	2	287
CY207736.1	287	311	2	0	2	287
CY207736.1	290	2115	17	1	18	290
CY207736.1	292	2157	0	1	1	2157
CY207736.1	320	364	0	1	1	364
CY207736.1	333	2215	1	0	1	333
CY207736.1	334	2148	0	3	3	2148
CY207736.1	334	2207	1	2	3	334
CY207736.1	334	2213	1	1	2	334
CY207736.1	351	1730	1	9	10	351
CY207736.1	352	1983	0	7	7	1983
CY207736.1	356	2258	0	1	1	2258
CY207736.1	359	2182	2	7	9	359
CY207736.1	360	2142	2	4	6	360
CY207736.1	363	2180	1	3	4	363
CY207736.1	377	2158	5	4	9	377
CY207736.1	380	2148	15	101	116	380
CY207736.1	383	2141	0	9	9	2141
CY207736.1	385	2140	0	2	2	2140
CY207736.1	385	2147	0	14	14	2147
CY207736.1	404	2134	1	21	22	404
CY207736.1	404	2164	0	6	6	2164
CY207736.1	427	1065	1	1	2	427
CY207736.1	427	1891	1	0	1	427
CY207736.1	430	1895	4	0	4	430
CY207736.1	430	1999	1	1	2	430
CY207736.1	436	2075	0	1	1	2075
CY207736.1	439	972	0	1	1	972
CY207736.1	441	2148	1	7	8	441
CY207736.1	443	964	1	0	1	443
CY207736.1	450	501	2	1	3	450
CY207736.1	454	2177	1	0	1	454
CY207736.1	455	2030	1	2	3	455
CY207736.1	475	501	1	1	2	475
CY207736.1	475	513	1	1	2	475
CY207736.1	477	2037	1	10	11	477
CY207736.1	477	555	1	0	1	477
CY207736.1	478	2010	1	1	2	478
CY207736.1	486	2137	1	0	1	486
CY207736.1	488	2013	5	0	5	488
CY207736.1	490	2035	1	2	3	490
CY207736.1	490	558	1	0	1	490
CY207736.1	493	2141	3	1	4	493
CY207736.1	494	1896	3	0	3	494
CY207736.1	498	2136	3	2	5	498
CY207736.1	512	1931	12	3	15	512
CY207736.1	512	2028	1	3	4	512
CY207736.1	530	2059	2	2	4	530
CY207736.1	532	2049	0	2	2	2049
CY207736.1	535	2107	1	0	1	535
CY207736.1	539	1986	0	1	1	1986
CY207736.1	539	653	1	1	2	539
CY207736.1	551	1914	1	0	1	551
CY207736.1	555	1965	1	0	1	555
CY207736.1	555	2028	1	0	1	555
CY207736.1	564	2028	3	2	5	564
CY207736.1	568	1955	1	0	1	568
CY207736.1	575	2005	1	0	1	575
CY207736.1	584	1961	3	2	5	584
CY207736.1	596	2105	0	1	1	2105
CY207736.1	605	712	2	0	2	605
CY207736.1	607	2038	1	4	5	607
CY207736.1	608	1950	0	1	1	1950
CY207736.1	612	1871	3	0	3	612
CY207736.1	612	1890	2	0	2	612
CY207736.1	617	1913	7	7	14	617
CY207736.1	623	1938	1	0	1	623
CY207736.1	627	1942	0	1	1	1942
CY207736.1	653	1895	1	0	1	653
CY207736.1	653	1941	1	0	1	653
CY207736.1	659	1941	0	2	2	1941
CY207736.1	670	955	1	0	1	670
CY207736.1	678	1955	0	1	1	1955
CY207736.1	693	1736	2	1	3	693
CY207736.1	696	2184	0	1	1	2184
CY207736.1	723	1994	2	2	4	723
CY207736.1	740	1716	1	0	1	740
CY207736.1	755	1890	3	2	5	755
CY207736.1	759	1608	0	1	1	1608
CY207736.1	767	1952	8	2	10	767
CY207736.1	773	1735	1	1	2	773
CY207736.1	810	1701	4	0	4	810
CY207736.1	851	1594	3	4	7	851
CY207736.1	851	1695	0	2	2	1695
CY207736.1	858	1647	1	1	2	858
CY207736.1	872	1070	0	1	1	1070
CY207736.1	878	1977	3	1	4	878
CY207736.1	893	1751	1	0	1	893
CY207736.1	911	1510	1	0	1	911
CY207736.1	918	1663	0	2	2	1663
CY207736.1	969	2171	0	1	1	2171
CY207736.1	973	1064	1	1	2	973
CY207736.1	996	2151	1	0	1	996
CY207737.1	1052	2116	1	0	1	1052
CY207737.1	1069	1567	1	0	1	1069
CY207737.1	1088	1639	1	0	1	1088
CY207737.1	1117	1465	1	0	1	1117
CY207737.1	1256	1459	0	1	1	1459
CY207737.1	1315	2330	1	0	1	1315
CY207737.1	1376	1948	1	0	1	1376
CY207737.1	1399	1917	0	1	1	1917
CY207737.1	1413	1856	0	1	1	1856
CY207737.1	1450	1536	0	1	1	1536
CY207737.1	1461	2129	0	1	1	2129
CY207737.1	1528	2226	1	0	1	1528
CY207737.1	1529	2180	0	1	1	2180
CY207737.1	1544	2018	1	0	1	1544
CY207737.1	1615	2015	0	1	1	2015
CY207737.1	1621	2355	1	0	1	1621
CY207737.1	1643	2367	0	1	1	2367
CY207737.1	1644	1947	0	1	1	1947
CY207737.1	1691	2172	0	1	1	2172
CY207737.1	1787	2036	0	1	1	2036
CY207737.1	1821	2192	0	2	2	2192
CY207737.1	2076	2243	5	0	5	2076
CY207737.1	2176	2452	0	3	3	2452
CY207737.1	2241	2376	1	0	1	2241
CY207737.1	2276	2302	9	0	9	2276
CY207737.1	2283	2310	37	31	68	2283
CY207737.1	2322	2356	2	1	3	2322
CY207737.1	238	272	12	0	12	238
CY207737.1	240	262	5	0	5	240
CY207737.1	240	271	5	0	5	240
CY207737.1	247	305	3	0	3	247
CY207737.1	255	1250	1	0	1	255
CY207737.1	255	2170	1	0	1	255
CY207737.1	262	2154	3	0	3	262
CY207737.1	262	2299	1	0	1	262
CY207737.1	268	2195	1	0	1	268
CY207737.1	284	2009	1	0	1	284
CY207737.1	286	2321	1	0	1	286
CY207737.1	305	2302	1	0	1	305
CY207737.1	306	2322	1	2	3	306
CY207737.1	320	2338	1	0	1	320
CY207737.1	321	2336	2	0	2	321
CY207737.1	329	2302	7	0	7	329
CY207737.1	330	2358	8	6	14	330
CY207737.1	331	2285	2	0	2	331
CY207737.1	331	2316	1	0	1	331
CY207737.1	332	2034	1	0	1	332
CY207737.1	335	2243	1	0	1	335
CY207737.1	338	2239	1	0	1	338
CY207737.1	353	2238	2	0	2	353
CY207737.1	357	2249	1	0	1	357
CY207737.1	358	2210	1	0	1	358
CY207737.1	364	2285	2	0	2	364
CY207737.1	364	394	1	2	3	364
CY207737.1	383	2217	12	51	63	383
CY207737.1	385	2270	4	0	4	385
CY207737.1	386	2224	0	2	2	2224
CY207737.1	388	2334	2	2	4	388
CY207737.1	388	437	1	0	1	388
CY207737.1	395	2264	21	0	21	395
CY207737.1	405	2225	1	7	8	405
CY207737.1	415	2236	0	1	1	2236
CY207737.1	425	2199	1	4	5	425
CY207737.1	430	2068	3	0	3	430
CY207737.1	433	2121	3	0	3	433
CY207737.1	436	2322	3	0	3	436
CY207737.1	447	2276	4	1	5	447
CY207737.1	458	2118	1	1	2	458
CY207737.1	459	2057	1	0	1	459
CY207737.1	462	2121	21	44	65	462
CY207737.1	464	2195	1	0	1	464
CY207737.1	472	2142	0	1	1	2142
CY207737.1	478	1624	1	0	1	478
CY207737.1	493	2070	8	15	23	493
CY207737.1	494	683	1	0	1	494
CY207737.1	498	1606	1	0	1	498
CY207737.1	500	1579	0	1	1	1579
CY207737.1	504	604	1	0	1	504
CY207737.1	508	2126	0	1	1	2126
CY207737.1	509	2411	3	2	5	509
CY207737.1	535	2121	1	1	2	535
CY207737.1	542	2136	0	1	1	2136
CY207737.1	582	2091	3	1	4	582
CY207737.1	584	2122	0	1	1	2122
CY207737.1	595	1121	1	0	1	595
CY207737.1	602	2090	1	0	1	602
CY207737.1	603	2094	6	2	8	603
CY207737.1	613	2094	4	3	7	613
CY207737.1	615	1757	3	2	5	615
CY207737.1	620	1808	0	2	2	1808
CY207737.1	639	1846	0	1	1	1846
CY207737.1	650	2119	0	1	1	2119
CY207737.1	673	917	1	0	1	673
CY207737.1	680	1243	0	1	1	1243
CY207737.1	682	1916	1	0	1	682
CY207737.1	721	1945	0	2	2	1945
CY207737.1	775	1363	1	0	1	775
CY207737.1	789	1763	0	1	1	1763
CY207737.1	795	1976	18	20	38	795
CY207737.1	798	1672	4	4	8	798
CY207737.1	805	2385	2	0	2	805
CY207737.1	818	2323	0	1	1	2323
CY207737.1	822	2012	3	2	5	822
CY207737.1	829	2238	10	9	19	829
CY207737.1	832	2019	0	2	2	2019
CY207737.1	836	1683	0	1	1	1683
CY207737.1	837	1608	1	0	1	837
CY207737.1	863	1807	5	2	7	863
CY207737.1	864	2271	0	1	1	2271
CY207737.1	865	1146	1	0	1	865
CY207737.1	871	1905	5	5	10	871
CY207737.1	918	2007	0	1	1	2007
CY207737.1	920	1141	0	1	1	1141
CY207737.1	924	1734	1	1	2	924
CY207737.1	930	1786	4	5	9	930
CY207737.1	992	2072	1	0	1	992
CY207737.1	992	2195	0	1	1	2195
CY207738.1	1014	1913	1	0	1	1014
CY207738.1	1031	1523	0	1	1	1523
CY207738.1	1105	1624	1	1	2	1105
CY207738.1	1113	2300	1	0	1	1113
CY207738.1	1114	1864	0	1	1	1864
CY207738.1	1224	1353	1	0	1	1224
CY207738.1	1252	2365	1	0	1	1252
CY207738.1	1363	2333	1	0	1	1363
CY207738.1	1370	1696	1	0	1	1370
CY207738.1	1396	1771	0	1	1	1771
CY207738.1	1424	1562	0	1	1	1562
CY207738.1	1451	1937	0	1	1	1937
CY207738.1	1511	2212	1	0	1	1511
CY207738.1	1641	1773	0	1	1	1773
CY207738.1	1647	2463	0	1	1	2463
CY207738.1	1656	1776	1	0	1	1656
CY207738.1	1673	1894	1	0	1	1673
CY207738.1	1799	2142	0	1	1	2142
CY207738.1	1878	2323	0	1	1	2323
CY207738.1	1882	2152	1	0	1	1882
CY207738.1	1971	2071	0	1	1	2071
CY207738.1	2017	2288	0	1	1	2288
CY207738.1	2073	2153	0	1	1	2153
CY207738.1	2269	2351	0	1	1	2351
CY207738.1	2311	2334	1	0	1	2311
CY207738.1	2312	2335	22	26	48	2312
CY207738.1	237	958	1	0	1	237
CY207738.1	241	1221	2	0	2	241
CY207738.1	304	2210	1	0	1	304
CY207738.1	317	2319	2	3	5	317
CY207738.1	329	2274	3	0	3	329
CY207738.1	330	1822	1	0	1	330
CY207738.1	346	2235	2	0	2	346
CY207738.1	353	2293	1	0	1	353
CY207738.1	356	979	0	1	1	979
CY207738.1	359	775	0	1	1	775
CY207738.1	361	2311	88	164	252	361
CY207738.1	364	1829	1	0	1	364
CY207738.1	364	1851	1	0	1	364
CY207738.1	366	2251	3	53	56	366
CY207738.1	372	2237	1	0	1	372
CY207738.1	373	2338	4	3	7	373
CY207738.1	378	1866	126	296	422	378
CY207738.1	382	2256	3	59	62	382
CY207738.1	383	2359	1	1	2	383
CY207738.1	384	2267	0	2	2	2267
CY207738.1	392	1877	0	3	3	1877
CY207738.1	400	1901	1	0	1	400
CY207738.1	401	2332	1	0	1	401
CY207738.1	403	2334	5	7	12	403
CY207738.1	406	1907	0	7	7	1907
CY207738.1	408	2215	0	1	1	2215
CY207738.1	409	1889	0	3	3	1889
CY207738.1	411	1802	0	1	1	1802
CY207738.1	417	2330	0	2	2	2330
CY207738.1	419	1891	0	1	1	1891
CY207738.1	420	2282	0	4	4	2282
CY207738.1	422	1916	0	2	2	1916
CY207738.1	422	1924	4	30	34	422
CY207738.1	424	1882	0	1	1	1882
CY207738.1	429	2279	0	1	1	2279
CY207738.1	434	2267	0	1	1	2267
CY207738.1	435	1908	0	1	1	1908
CY207738.1	439	2360	0	1	1	2360
CY207738.1	452	2295	3	5	8	452
CY207738.1	454	2021	1	0	1	454
CY207738.1	471	2191	1	6	7	471
CY207738.1	473	2238	1	0	1	473
CY207738.1	487	1609	0	1	1	1609
CY207738.1	489	1598	0	1	1	1598
CY207738.1	493	2247	4	10	14	493
CY207738.1	494	1916	1	0	1	494
CY207738.1	510	2196	1	2	3	510
CY207738.1	539	1958	5	5	10	539
CY207738.1	547	1416	1	0	1	547
CY207738.1	601	835	1	0	1	601
CY207738.1	645	1792	1	0	1	645
CY207738.1	653	1898	1	0	1	653
CY207738.1	659	1904	2	0	2	659
CY207738.1	678	1866	1	0	1	678
CY207738.1	680	2068	1	0	1	680
CY207738.1	689	875	1	0	1	689
CY207738.1	691	1985	0	1	1	1985
CY207738.1	706	1323	1	0	1	706
CY207738.1	708	1868	2	0	2	708
CY207738.1	716	1880	1	0	1	716
CY207738.1	729	1824	1	0	1	729
CY207738.1	732	1867	1	0	1	732
CY207738.1	734	1829	1	0	1	734
CY207738.1	735	1890	7	0	7	735
CY207738.1	742	1383	0	1	1	1383
CY207738.1	742	1837	1	0	1	742
CY207738.1	744	2061	1	0	1	744
CY207738.1	749	1897	0	1	1	1897
CY207738.1	752	1900	82	76	158	752
CY207738.1	760	1188	1	0	1	760
CY207738.1	760	942	0	1	1	942
CY207738.1	764	1925	0	2	2	1925
CY207738.1	766	2471	0	1	1	2471
CY207738.1	774	1886	0	4	4	1886
CY207738.1	779	997	0	1	1	997
CY207738.1	785	2322	1	0	1	785
CY207738.1	786	1066	0	1	1	1066
CY207738.1	799	1580	1	0	1	799
CY207738.1	800	2361	1	4	5	800
CY207738.1	808	1586	2	1	3	808
CY207738.1	824	1896	1	1	2	824
CY207738.1	848	1780	1	4	5	848
CY207738.1	857	1711	4	2	6	857
CY207738.1	858	1878	4	1	5	858
CY207738.1	861	2185	1	0	1	861
CY207738.1	896	1101	1	0	1	896
CY207738.1	940	1410	0	1	1	1410
CY207738.1	996	1361	1	0	1	996
