Segment	Start	Stop	Forward_support	Reverse_support	Total_support	Fuzz_factor
CY207731.1	1015	1057	0	1	1	1057
CY207731.1	1067	1667	1	0	1	1067
CY207731.1	1089	1379	0	1	1	1379
CY207731.1	1093	1292	1	0	1	1093
CY207731.1	1220	1485	0	1	1	1485
CY207731.1	1223	1444	0	1	1	1444
CY207731.1	1225	1326	1	0	1	1225
CY207731.1	1236	1374	1	0	1	1236
CY207731.1	1246	1766	0	1	1	1766
CY207731.1	1280	1820	0	1	1	1820
CY207731.1	1304	1326	0	1	1	1326
CY207731.1	1315	1671	0	1	1	1671
CY207731.1	1357	1416	0	1	1	1416
CY207731.1	1376	1536	0	1	1	1536
CY207731.1	1427	1538	1	0	1	1427
CY207731.1	1507	1859	0	1	1	1859
CY207731.1	1608	1685	1	0	1	1608
CY207731.1	1610	1730	1	0	1	1610
CY207731.1	1639	1862	0	1	1	1862
CY207731.1	1658	1714	0	1	1	1714
CY207731.1	1659	1688	3	1	4	1659
CY207731.1	1707	1783	0	1	1	1783
CY207731.1	246	1537	2	0	2	246
CY207731.1	260	1710	6	0	6	260
CY207731.1	266	339	32	3	35	266
CY207731.1	279	1761	2	0	2	279
CY207731.1	292	1812	2	0	2	292
CY207731.1	321	1756	0	1	1	1756
CY207731.1	341	623	0	1	1	623
CY207731.1	351	1458	0	3	3	1458
CY207731.1	351	1603	1	0	1	351
CY207731.1	355	1117	1	0	1	355
CY207731.1	380	770	0	1	1	770
CY207731.1	381	1486	0	1	1	1486
CY207731.1	388	1630	0	3	3	1630
CY207731.1	395	1523	1	0	1	395
CY207731.1	399	1026	1	0	1	399
CY207731.1	403	470	0	1	1	470
CY207731.1	409	1758	8	6	14	409
CY207731.1	411	1041	1	0	1	411
CY207731.1	418	1461	0	3	3	1461
CY207731.1	418	502	0	2	2	502
CY207731.1	421	630	1	0	1	421
CY207731.1	431	998	0	1	1	998
CY207731.1	438	729	0	1	1	729
CY207731.1	453	1693	1	0	1	453
CY207731.1	468	564	0	1	1	564
CY207731.1	469	1754	1	0	1	469
CY207731.1	479	1533	1	4	5	479
CY207731.1	485	612	0	1	1	612
CY207731.1	507	1343	0	1	1	1343
CY207731.1	513	971	1	0	1	513
CY207731.1	519	1056	2	0	2	519
CY207731.1	519	956	0	1	1	956
CY207731.1	520	1470	0	2	2	1470
CY207731.1	521	1635	1	0	1	521
CY207731.1	527	1727	2	1	3	527
CY207731.1	529	1573	1	2	3	529
CY207731.1	549	970	1	1	2	549
CY207731.1	565	1641	6	1	7	565
CY207731.1	569	1047	0	1	1	1047
CY207731.1	569	1911	0	1	1	1911
CY207731.1	574	1072	1	0	1	574
CY207731.1	596	943	0	1	1	943
CY207731.1	599	1875	0	1	1	1875
CY207731.1	620	1277	1	0	1	620
CY207731.1	620	1577	0	1	1	1577
CY207731.1	624	811	0	1	1	811
CY207731.1	630	1224	0	1	1	1224
CY207731.1	650	1686	0	1	1	1686
CY207731.1	661	1737	1	0	1	661
CY207731.1	712	1452	0	1	1	1452
CY207731.1	741	1121	0	1	1	1121
CY207731.1	760	1651	0	1	1	1651
CY207731.1	775	1698	0	1	1	1698
CY207731.1	779	836	0	1	1	836
CY207731.1	810	1624	0	1	1	1624
CY207731.1	843	913	1	0	1	843
CY207731.1	907	1113	1	0	1	907
CY207731.1	918	1367	1	0	1	918
CY207731.1	918	1626	1	0	1	918
CY207731.1	928	1117	1	0	1	928
CY207731.1	928	1382	1	0	1	928
CY207731.1	977	1382	0	1	1	1382
CY207731.1	998	1540	1	0	1	998
CY207731.1	998	1706	0	1	1	1706
CY207732.1	249	769	1	0	1	249
CY207732.1	259	1043	1	0	1	259
CY207732.1	268	550	2	0	2	268
CY207732.1	275	848	1	0	1	275
CY207732.1	283	755	1	0	1	283
CY207732.1	285	796	1	0	1	285
CY207732.1	286	656	1	0	1	286
CY207732.1	288	981	1	0	1	288
CY207732.1	316	887	1	0	1	316
CY207732.1	321	802	1	0	1	321
CY207732.1	340	864	1	0	1	340
CY207732.1	358	862	1	0	1	358
CY207732.1	371	468	1	0	1	371
CY207732.1	379	1075	1	0	1	379
CY207732.1	381	649	0	1	1	649
CY207732.1	403	763	0	1	1	763
CY207732.1	405	878	0	1	1	878
CY207732.1	412	731	0	1	1	731
CY207732.1	421	1084	0	1	1	1084
CY207732.1	434	733	1	0	1	434
CY207732.1	435	746	0	1	1	746
CY207732.1	438	815	0	1	1	815
CY207732.1	442	780	0	1	1	780
CY207732.1	443	1137	0	1	1	1137
CY207732.1	446	966	1	0	1	446
CY207732.1	453	960	1	0	1	453
CY207732.1	462	629	0	1	1	629
CY207732.1	469	649	0	1	1	649
CY207732.1	470	677	1	0	1	470
CY207732.1	476	507	0	1	1	507
CY207732.1	477	620	0	1	1	620
CY207732.1	480	768	0	1	1	768
CY207732.1	483	534	0	1	1	534
CY207732.1	485	1151	0	1	1	1151
CY207732.1	485	845	0	1	1	845
CY207732.1	486	540	0	1	1	540
CY207732.1	500	1142	0	1	1	1142
CY207732.1	500	606	0	1	1	606
CY207732.1	501	1075	0	1	1	1075
CY207732.1	509	753	0	1	1	753
CY207732.1	512	743	0	1	1	743
CY207732.1	515	812	1	0	1	515
CY207732.1	524	624	0	1	1	624
CY207732.1	527	1138	0	1	1	1138
CY207732.1	530	607	0	1	1	607
CY207732.1	537	1045	0	1	1	1045
CY207732.1	541	1065	1	0	1	541
CY207732.1	544	948	1	0	1	544
CY207732.1	549	663	1	0	1	549
CY207732.1	549	897	0	1	1	897
CY207732.1	557	726	1	0	1	557
CY207732.1	570	948	0	1	1	948
CY207732.1	576	753	0	1	1	753
CY207732.1	577	999	0	1	1	999
CY207732.1	589	862	4	2	6	589
CY207732.1	593	1023	1	0	1	593
CY207732.1	596	624	1	0	1	596
CY207732.1	600	654	0	1	1	654
CY207732.1	607	711	1	1	2	607
CY207732.1	622	1013	0	1	1	1013
CY207732.1	629	957	2	0	2	629
CY207732.1	636	913	0	1	1	913
CY207732.1	647	1167	0	1	1	1167
CY207732.1	647	687	1	0	1	647
CY207732.1	649	1146	0	1	1	1146
CY207732.1	656	827	1	0	1	656
CY207732.1	662	754	0	1	1	754
CY207732.1	667	862	0	1	1	862
CY207732.1	671	728	1	0	1	671
CY207732.1	679	815	0	3	3	815
CY207732.1	713	936	1	1	2	713
CY207732.1	715	915	3	1	4	715
CY207732.1	716	853	0	1	1	853
CY207732.1	718	860	5	0	5	718
CY207732.1	740	1009	1	0	1	740
CY207732.1	746	887	0	1	1	887
CY207732.1	751	998	0	1	1	998
CY207732.1	759	1108	1	0	1	759
CY207732.1	761	1002	1	0	1	761
CY207732.1	768	850	1	0	1	768
CY207732.1	778	978	0	1	1	978
CY207732.1	797	967	0	1	1	967
CY207732.1	804	918	0	1	1	918
CY207732.1	809	1058	1	0	1	809
CY207732.1	817	866	0	1	1	866
CY207732.1	818	854	0	1	1	854
CY207732.1	836	1057	1	0	1	836
CY207732.1	840	936	0	1	1	936
CY207732.1	845	956	0	1	1	956
CY207732.1	852	913	0	1	1	913
CY207732.1	860	1137	0	1	1	1137
CY207732.1	862	962	1	0	1	862
CY207732.1	870	1030	1	0	1	870
CY207732.1	874	1044	1	0	1	874
CY207732.1	898	983	1	0	1	898
CY207732.1	924	1040	1	0	1	924
CY207732.1	924	1090	0	1	1	1090
CY207732.1	933	1019	1	0	1	933
CY207732.1	953	1011	1	0	1	953
CY207732.1	982	1013	1	0	1	982
CY207733.1	1090	1184	0	1	1	1184
CY207733.1	1141	1350	0	1	1	1350
CY207733.1	1225	1267	1	0	1	1225
CY207733.1	1247	1393	0	1	1	1393
CY207733.1	1334	1520	0	1	1	1520
CY207733.1	1356	1453	0	1	1	1453
CY207733.1	1487	1514	1	2	3	1487
CY207733.1	239	1417	1	0	1	239
CY207733.1	242	1428	7	0	7	242
CY207733.1	247	1433	800	50	850	247
CY207733.1	248	1435	2	0	2	248
CY207733.1	249	1435	3	0	3	249
CY207733.1	254	1444	14	0	14	254
CY207733.1	268	1493	6	0	6	268
CY207733.1	269	1480	29	2	31	269
CY207733.1	271	1437	3	0	3	271
CY207733.1	273	1394	3	0	3	273
CY207733.1	274	820	1	0	1	274
CY207733.1	281	1478	6	0	6	281
CY207733.1	281	828	3	0	3	281
CY207733.1	286	1456	1	0	1	286
CY207733.1	296	1466	5	0	5	296
CY207733.1	298	1335	3	2	5	298
CY207733.1	301	1502	0	1	1	1502
CY207733.1	308	1444	3	0	3	308
CY207733.1	313	1480	2	0	2	313
CY207733.1	315	1198	0	1	1	1198
CY207733.1	331	1481	1	0	1	331
CY207733.1	332	1405	0	1	1	1405
CY207733.1	336	1458	0	1	1	1458
CY207733.1	355	1480	5	3	8	355
CY207733.1	364	1362	1	0	1	364
CY207733.1	371	984	0	2	2	984
CY207733.1	395	1285	0	1	1	1285
CY207733.1	409	855	1	1	2	409
CY207733.1	457	904	1	0	1	457
CY207733.1	515	651	0	1	1	651
CY207733.1	532	623	1	0	1	532
CY207733.1	543	1125	0	1	1	1125
CY207733.1	630	1218	1	0	1	630
CY207733.1	712	837	0	1	1	837
CY207733.1	777	942	1	0	1	777
CY207733.1	778	1112	1	0	1	778
CY207733.1	848	1228	0	1	1	1228
CY207733.1	897	972	0	1	1	972
CY207733.1	899	927	1	0	1	899
CY207733.1	921	1016	0	1	1	1016
CY207734.1	1012	1084	1	0	1	1012
CY207734.1	1022	1207	0	1	1	1207
CY207734.1	1070	1201	0	1	1	1201
CY207734.1	1082	1367	0	1	1	1367
CY207734.1	1089	1240	0	1	1	1240
CY207734.1	1099	1557	1	0	1	1099
CY207734.1	1123	1502	0	1	1	1502
CY207734.1	1184	1514	0	1	1	1514
CY207734.1	1264	1660	1	0	1	1264
CY207734.1	1364	1495	1	0	1	1364
CY207734.1	1377	1676	0	1	1	1676
CY207734.1	1392	1483	0	1	1	1483
CY207734.1	1421	1544	1	0	1	1421
CY207734.1	1435	1512	1	0	1	1435
CY207734.1	1492	1673	0	1	1	1673
CY207734.1	1544	1693	0	1	1	1693
CY207734.1	1580	1697	0	2	2	1697
CY207734.1	235	917	1	0	1	235
CY207734.1	246	603	1	0	1	246
CY207734.1	254	861	1	0	1	254
CY207734.1	261	1334	1	1	2	261
CY207734.1	269	1688	2	1	3	269
CY207734.1	270	1321	1	0	1	270
CY207734.1	278	537	1	0	1	278
CY207734.1	313	1387	1	0	1	313
CY207734.1	321	1567	0	1	1	1567
CY207734.1	330	838	1	0	1	330
CY207734.1	333	1694	0	1	1	1694
CY207734.1	339	1537	1	1	2	339
CY207734.1	346	817	1	0	1	346
CY207734.1	349	820	1	0	1	349
CY207734.1	359	1534	1	1	2	359
CY207734.1	374	1239	0	1	1	1239
CY207734.1	395	824	1	0	1	395
CY207734.1	419	674	1	0	1	419
CY207734.1	421	1591	0	1	1	1591
CY207734.1	421	608	0	1	1	608
CY207734.1	425	1492	2	10	12	425
CY207734.1	429	1323	0	1	1	1323
CY207734.1	430	1126	1	0	1	430
CY207734.1	439	1205	0	1	1	1205
CY207734.1	439	1389	0	1	1	1389
CY207734.1	441	800	0	1	1	800
CY207734.1	443	1397	0	1	1	1397
CY207734.1	466	1159	0	1	1	1159
CY207734.1	468	1003	0	1	1	1003
CY207734.1	470	1406	1	6	7	470
CY207734.1	491	1532	0	2	2	1532
CY207734.1	504	1365	0	4	4	1365
CY207734.1	510	1591	5	1	6	510
CY207734.1	520	1566	1	0	1	520
CY207734.1	539	1541	1	0	1	539
CY207734.1	555	1215	0	1	1	1215
CY207734.1	561	890	1	0	1	561
CY207734.1	591	1548	1	0	1	591
CY207734.1	621	871	2	0	2	621
CY207734.1	635	1098	1	0	1	635
CY207734.1	641	836	1	0	1	641
CY207734.1	652	1002	1	0	1	652
CY207734.1	684	1229	0	1	1	1229
CY207734.1	706	1244	0	1	1	1244
CY207734.1	715	1388	1	0	1	715
CY207734.1	718	1376	1	0	1	718
CY207734.1	732	1466	0	2	2	1466
CY207734.1	735	1140	0	1	1	1140
CY207734.1	747	933	0	1	1	933
CY207734.1	748	1567	0	2	2	1567
CY207734.1	750	1294	1	0	1	750
CY207734.1	756	1299	0	1	1	1299
CY207734.1	771	1158	0	1	1	1158
CY207734.1	805	1577	1	0	1	805
CY207734.1	810	1228	2	0	2	810
CY207734.1	816	1588	1	0	1	816
CY207734.1	824	1049	0	2	2	1049
CY207734.1	829	1363	0	1	1	1363
CY207734.1	838	1369	0	1	1	1369
CY207734.1	843	941	1	0	1	843
CY207734.1	845	1268	1	0	1	845
CY207734.1	866	1516	0	1	1	1516
CY207734.1	880	1711	0	1	1	1711
CY207734.1	886	1597	1	0	1	886
CY207734.1	951	1373	1	0	1	951
CY207734.1	983	1074	1	0	1	983
CY207734.1	997	1042	0	1	1	1042
CY207735.1	267	907	4	0	4	267
CY207735.1	273	871	5	0	5	273
CY207735.1	287	900	12	1	13	287
CY207735.1	287	924	4	0	4	287
CY207735.1	308	560	0	2	2	560
CY207735.1	334	850	0	1	1	850
CY207735.1	340	385	2	3	5	340
CY207735.1	350	865	0	2	2	865
CY207735.1	350	971	0	1	1	971
CY207735.1	353	709	1	0	1	353
CY207735.1	360	815	0	1	1	815
CY207735.1	367	461	0	4	4	461
CY207735.1	369	868	0	2	2	868
CY207735.1	406	886	0	1	1	886
CY207735.1	428	768	1	1	2	428
CY207735.1	429	684	5	19	24	429
CY207735.1	433	865	0	3	3	865
CY207735.1	435	559	1	5	6	435
CY207735.1	441	928	0	1	1	928
CY207735.1	443	930	1	39	40	443
CY207735.1	446	652	0	1	1	652
CY207735.1	499	729	1	0	1	499
CY207735.1	510	773	0	2	2	773
CY207735.1	511	740	35	50	85	511
CY207735.1	514	695	0	1	1	695
CY207735.1	519	746	2	2	4	519
CY207735.1	522	986	1	3	4	522
CY207735.1	532	576	1	3	4	532
CY207735.1	533	594	3	0	3	533
CY207735.1	592	736	0	2	2	736
CY207735.1	615	772	0	1	1	772
CY207735.1	762	884	1	0	1	762
CY207735.1	782	851	0	1	1	851
CY207735.1	785	954	2	2	4	785
CY207735.1	787	845	3	1	4	787
CY207735.1	839	934	2	0	2	839
CY207735.1	841	885	1	2	3	841
CY207735.1	869	1020	0	2	2	1020
CY207735.1	925	995	0	5	5	995
CY207735.1	929	1027	0	1	1	1027
CY207735.1	955	1024	0	3	3	1024
CY207735.1	980	1020	0	3	3	1020
CY207736.1	1002	1616	1	0	1	1002
CY207736.1	1003	1436	1	0	1	1003
CY207736.1	1032	2351	0	1	1	2351
CY207736.1	1034	2280	0	1	1	2280
CY207736.1	1046	1559	1	0	1	1046
CY207736.1	1046	1979	0	1	1	1979
CY207736.1	1068	2349	0	1	1	2349
CY207736.1	1083	1726	1	0	1	1083
CY207736.1	1092	2294	1	1	2	1092
CY207736.1	1096	2365	0	1	1	2365
CY207736.1	1125	1604	1	0	1	1125
CY207736.1	1144	1495	1	0	1	1144
CY207736.1	1182	1563	1	0	1	1182
CY207736.1	1209	1957	0	1	1	1957
CY207736.1	1242	1686	1	0	1	1242
CY207736.1	1244	1688	1	0	1	1244
CY207736.1	1246	2343	0	1	1	2343
CY207736.1	1258	1647	1	1	2	1258
CY207736.1	1276	2297	0	1	1	2297
CY207736.1	1374	2208	0	1	1	2208
CY207736.1	1415	1945	0	1	1	1945
CY207736.1	1437	2252	1	0	1	1437
CY207736.1	1440	1972	1	0	1	1440
CY207736.1	1469	1879	1	0	1	1469
CY207736.1	1558	2172	1	0	1	1558
CY207736.1	1566	1995	2	1	3	1566
CY207736.1	1568	1701	1	0	1	1568
CY207736.1	1629	1715	0	1	1	1715
CY207736.1	1639	2258	0	1	1	2258
CY207736.1	1667	1872	8	0	8	1667
CY207736.1	1690	2203	1	3	4	1690
CY207736.1	1690	2363	0	1	1	2363
CY207736.1	1789	2006	0	2	2	2006
CY207736.1	1796	2055	0	1	1	2055
CY207736.1	2004	2027	0	6	6	2027
CY207736.1	2005	2048	1	0	1	2005
CY207736.1	2005	2172	0	1	1	2172
CY207736.1	2013	2074	0	1	1	2074
CY207736.1	2016	2043	0	1	1	2043
CY207736.1	2062	2120	7	4	11	2062
CY207736.1	2063	2121	0	1	1	2121
CY207736.1	2068	2160	1	0	1	2068
CY207736.1	2073	2165	0	1	1	2165
CY207736.1	2078	2146	3	3	6	2078
CY207736.1	2087	2171	7	17	24	2087
CY207736.1	2099	2154	1	8	9	2099
CY207736.1	2115	2139	1	0	1	2115
CY207736.1	2121	2145	2	0	2	2121
CY207736.1	2128	2152	2	1	3	2128
CY207736.1	2129	2155	0	1	1	2155
CY207736.1	2129	2258	1	1	2	2129
CY207736.1	2131	2271	0	2	2	2271
CY207736.1	2134	2190	3	0	3	2134
CY207736.1	2140	2163	87	107	194	2140
CY207736.1	2140	2213	3	2	5	2140
CY207736.1	2147	2192	2	0	2	2147
CY207736.1	2148	2183	8	4	12	2148
CY207736.1	2167	2265	2	8	10	2167
CY207736.1	2184	2237	1	0	1	2184
CY207736.1	2186	2215	1	0	1	2186
CY207736.1	2201	2381	0	1	1	2381
CY207736.1	2209	2242	0	1	1	2242
CY207736.1	2215	2292	0	1	1	2292
CY207736.1	2220	2255	2	0	2	2220
CY207736.1	2221	2256	22	2	24	2221
CY207736.1	2225	2258	3	0	3	2225
CY207736.1	2245	2271	0	1	1	2271
CY207736.1	254	2050	6	1	7	254
CY207736.1	254	329	20	2	22	254
CY207736.1	256	337	4	0	4	256
CY207736.1	265	323	1	0	1	265
CY207736.1	266	2253	1	0	1	266
CY207736.1	268	363	1	0	1	268
CY207736.1	272	330	3	0	3	272
CY207736.1	273	1376	1	0	1	273
CY207736.1	274	2072	1	0	1	274
CY207736.1	274	389	1	0	1	274
CY207736.1	275	2192	68	23	91	275
CY207736.1	279	336	81	3	84	279
CY207736.1	281	2149	7	2	9	281
CY207736.1	281	314	1	0	1	281
CY207736.1	282	1826	5	0	5	282
CY207736.1	282	317	1	0	1	282
CY207736.1	285	2153	8	1	9	285
CY207736.1	287	311	8	0	8	287
CY207736.1	288	2148	1	0	1	288
CY207736.1	291	407	1	0	1	291
CY207736.1	293	337	1	1	2	293
CY207736.1	296	2171	0	1	1	2171
CY207736.1	296	327	0	2	2	327
CY207736.1	308	2213	1	1	2	308
CY207736.1	317	2153	0	1	1	2153
CY207736.1	321	2215	1	0	1	321
CY207736.1	322	2210	2	2	4	322
CY207736.1	325	2132	0	2	2	2132
CY207736.1	325	2202	0	1	1	2202
CY207736.1	325	409	13	77	90	325
CY207736.1	327	395	44	59	103	327
CY207736.1	329	2134	0	2	2	2134
CY207736.1	331	2075	1	0	1	331
CY207736.1	333	2041	1	1	2	333
CY207736.1	333	2121	1	4	5	333
CY207736.1	333	2215	1	0	1	333
CY207736.1	333	2282	12	234	246	333
CY207736.1	334	2153	0	2	2	2153
CY207736.1	334	2177	8	1	9	334
CY207736.1	334	2207	0	2	2	2207
CY207736.1	335	2142	0	1	1	2142
CY207736.1	335	2224	1	0	1	335
CY207736.1	336	362	16	13	29	336
CY207736.1	342	368	1	0	1	342
CY207736.1	347	2122	1	0	1	347
CY207736.1	353	2147	0	3	3	2147
CY207736.1	353	377	0	1	1	377
CY207736.1	354	2172	0	5	5	2172
CY207736.1	354	2299	0	2	2	2299
CY207736.1	358	2146	1	3	4	358
CY207736.1	359	2148	1	5	6	359
CY207736.1	359	2198	0	1	1	2198
CY207736.1	359	391	1	2	3	359
CY207736.1	360	1972	1	0	1	360
CY207736.1	360	2132	0	1	1	2132
CY207736.1	360	2142	71	340	411	360
CY207736.1	360	2157	1	2	3	360
CY207736.1	360	2169	1	1	2	360
CY207736.1	360	382	0	3	3	382
CY207736.1	360	387	1	0	1	360
CY207736.1	361	2042	0	3	3	2042
CY207736.1	361	2172	1	3	4	361
CY207736.1	361	2187	0	1	1	2187
CY207736.1	362	2030	0	3	3	2030
CY207736.1	367	2141	0	5	5	2141
CY207736.1	367	2160	0	1	1	2160
CY207736.1	367	391	1	0	1	367
CY207736.1	368	2215	0	2	2	2215
CY207736.1	368	392	0	1	1	392
CY207736.1	373	2159	0	1	1	2159
CY207736.1	379	2171	2	1	3	379
CY207736.1	383	2170	0	1	1	2170
CY207736.1	383	2177	2	3	5	383
CY207736.1	384	2136	0	4	4	2136
CY207736.1	385	2155	0	19	19	2155
CY207736.1	385	2162	0	2	2	2162
CY207736.1	385	2250	17	9	26	385
CY207736.1	385	409	1	1	2	385
CY207736.1	385	417	0	2	2	417
CY207736.1	386	2145	0	27	27	2145
CY207736.1	386	429	0	1	1	429
CY207736.1	388	2012	0	3	3	2012
CY207736.1	390	2170	0	1	1	2170
CY207736.1	391	2183	0	1	1	2183
CY207736.1	392	2209	3	5	8	392
CY207736.1	392	2222	2	1	3	392
CY207736.1	393	2131	0	1	1	2131
CY207736.1	402	2143	0	3	3	2143
CY207736.1	402	2149	0	4	4	2149
CY207736.1	402	2171	0	1	1	2171
CY207736.1	403	2035	1	2	3	403
CY207736.1	403	2064	3	6	9	403
CY207736.1	403	442	0	1	1	442
CY207736.1	404	2164	0	5	5	2164
CY207736.1	405	2083	0	1	1	2083
CY207736.1	406	2028	1	6	7	406
CY207736.1	406	2148	0	5	5	2148
CY207736.1	406	2156	3	17	20	406
CY207736.1	406	2259	0	3	3	2259
CY207736.1	409	2156	1	8	9	409
CY207736.1	409	2223	2	0	2	409
CY207736.1	410	2144	0	3	3	2144
CY207736.1	413	2253	1	0	1	413
CY207736.1	415	2063	1	0	1	415
CY207736.1	415	2147	0	1	1	2147
CY207736.1	415	2155	0	1	1	2155
CY207736.1	416	2090	1	1	2	416
CY207736.1	417	2148	2	24	26	417
CY207736.1	425	2213	21	1	22	425
CY207736.1	426	2213	6	0	6	426
CY207736.1	427	1065	2	0	2	427
CY207736.1	427	2197	1	0	1	427
CY207736.1	429	2217	15	2	17	429
CY207736.1	430	2069	3	16	19	430
CY207736.1	432	2219	1	0	1	432
CY207736.1	433	2077	3	3	6	433
CY207736.1	435	2009	1	1	2	435
CY207736.1	436	2223	330	183	513	436
CY207736.1	437	2149	0	4	4	2149
CY207736.1	438	2066	1	7	8	438
CY207736.1	439	2154	1	0	1	439
CY207736.1	440	581	1	0	1	440
CY207736.1	441	2069	0	1	1	2069
CY207736.1	441	2141	0	1	1	2141
CY207736.1	441	2156	26	206	232	441
CY207736.1	448	2058	2	15	17	448
CY207736.1	448	2088	1	2	3	448
CY207736.1	448	2147	1	5	6	448
CY207736.1	448	2154	0	1	1	2154
CY207736.1	450	2156	9	106	115	450
CY207736.1	450	2266	0	1	1	2266
CY207736.1	452	2151	0	1	1	2151
CY207736.1	454	2133	18	44	62	454
CY207736.1	454	2153	31	157	188	454
CY207736.1	454	2156	0	5	5	2156
CY207736.1	455	2149	0	2	2	2149
CY207736.1	456	2162	0	2	2	2162
CY207736.1	460	2000	8	0	8	460
CY207736.1	461	485	17	4	21	461
CY207736.1	462	2222	2	1	3	462
CY207736.1	462	2241	0	1	1	2241
CY207736.1	466	2028	3	1	4	466
CY207736.1	466	2148	0	2	2	2148
CY207736.1	467	2009	75	15	90	467
CY207736.1	467	2270	1	32	33	467
CY207736.1	468	2010	2	0	2	468
CY207736.1	470	2042	0	1	1	2042
CY207736.1	471	2134	1	1	2	471
CY207736.1	474	2130	1	3	4	474
CY207736.1	476	2089	0	1	1	2089
CY207736.1	477	2147	26	163	189	477
CY207736.1	477	2290	0	1	1	2290
CY207736.1	481	1900	1	0	1	481
CY207736.1	485	2089	22	67	89	485
CY207736.1	490	2011	2	0	2	490
CY207736.1	490	2028	1	0	1	490
CY207736.1	490	2040	109	168	277	490
CY207736.1	490	2064	1	2	3	490
CY207736.1	490	2156	0	2	2	2156
CY207736.1	492	2041	1	2	3	492
CY207736.1	492	2052	4	6	10	492
CY207736.1	493	2017	1	0	1	493
CY207736.1	493	2038	1	1	2	493
CY207736.1	493	2089	0	2	2	2089
CY207736.1	493	518	0	1	1	518
CY207736.1	495	2065	1	3	4	495
CY207736.1	497	2064	1	3	4	497
CY207736.1	499	2041	0	3	3	2041
CY207736.1	500	2238	4	0	4	500
CY207736.1	501	1913	8	2	10	501
CY207736.1	503	2109	1	0	1	503
CY207736.1	503	2209	2	0	2	503
CY207736.1	504	2140	9	6	15	504
CY207736.1	507	1088	1	0	1	507
CY207736.1	511	1792	1	0	1	511
CY207736.1	512	2024	4	1	5	512
CY207736.1	512	2064	1	0	1	512
CY207736.1	513	2108	1	0	1	513
CY207736.1	513	566	5	1	6	513
CY207736.1	514	2037	0	4	4	2037
CY207736.1	532	2049	0	2	2	2049
CY207736.1	537	1750	2	1	3	537
CY207736.1	539	2027	1	0	1	539
CY207736.1	546	2027	3	3	6	546
CY207736.1	546	2042	11	25	36	546
CY207736.1	546	2117	1	3	4	546
CY207736.1	547	2271	1	0	1	547
CY207736.1	549	2069	2	0	2	549
CY207736.1	552	1955	0	1	1	1955
CY207736.1	554	1781	0	1	1	1781
CY207736.1	555	1922	2	0	2	555
CY207736.1	561	2007	4	0	4	561
CY207736.1	563	2001	1	2	3	563
CY207736.1	564	1965	9	5	14	564
CY207736.1	568	1446	1	0	1	568
CY207736.1	571	2089	1	2	3	571
CY207736.1	573	2008	3	0	3	573
CY207736.1	574	1733	2	0	2	574
CY207736.1	580	2006	7	4	11	580
CY207736.1	583	1040	1	0	1	583
CY207736.1	583	2188	0	1	1	2188
CY207736.1	584	1916	0	1	1	1916
CY207736.1	587	2001	8	3	11	587
CY207736.1	595	2028	0	1	1	2028
CY207736.1	596	2002	2	2	4	596
CY207736.1	598	1961	2	0	2	598
CY207736.1	598	2035	1	0	1	598
CY207736.1	604	2143	0	1	1	2143
CY207736.1	607	1893	1	0	1	607
CY207736.1	607	1924	2	2	4	607
CY207736.1	607	2064	1	0	1	607
CY207736.1	607	636	4	2	6	607
CY207736.1	608	2041	31	25	56	608
CY207736.1	608	2171	6	0	6	608
CY207736.1	609	973	0	1	1	973
CY207736.1	612	2034	1	1	2	612
CY207736.1	616	1940	1	0	1	616
CY207736.1	618	1917	36	16	52	618
CY207736.1	630	1935	1	0	1	630
CY207736.1	630	1943	1	1	2	630
CY207736.1	634	1903	1	1	2	634
CY207736.1	636	1956	1	1	2	636
CY207736.1	637	1936	0	1	1	1936
CY207736.1	638	1950	0	1	1	1950
CY207736.1	640	1870	2	0	2	640
CY207736.1	647	1827	0	1	1	1827
CY207736.1	648	1918	3	0	3	648
CY207736.1	657	1912	2	0	2	657
CY207736.1	663	827	0	1	1	827
CY207736.1	666	1899	1	0	1	666
CY207736.1	673	1870	1	0	1	673
CY207736.1	677	1950	2	0	2	677
CY207736.1	678	1955	1	0	1	678
CY207736.1	681	2296	0	1	1	2296
CY207736.1	686	1952	1	1	2	686
CY207736.1	702	1895	7	2	9	702
CY207736.1	704	1871	0	1	1	1871
CY207736.1	712	1763	0	1	1	1763
CY207736.1	714	1863	1	0	1	714
CY207736.1	717	2290	0	2	2	2290
CY207736.1	719	952	1	0	1	719
CY207736.1	723	1994	1	3	4	723
CY207736.1	726	1354	1	0	1	726
CY207736.1	735	1834	3	1	4	735
CY207736.1	740	1716	1	0	1	740
CY207736.1	742	947	1	0	1	742
CY207736.1	773	1620	3	1	4	773
CY207736.1	773	1695	5	0	5	773
CY207736.1	773	1735	12	11	23	773
CY207736.1	780	1627	0	1	1	1627
CY207736.1	799	1690	1	0	1	799
CY207736.1	802	1610	2	0	2	802
CY207736.1	804	1612	78	30	108	804
CY207736.1	807	1953	1	0	1	807
CY207736.1	814	1710	2	0	2	814
CY207736.1	823	1855	1	0	1	823
CY207736.1	836	1644	2	0	2	836
CY207736.1	841	1817	4	0	4	841
CY207736.1	845	1802	1	0	1	845
CY207736.1	846	1623	1	0	1	846
CY207736.1	851	1581	2	2	4	851
CY207736.1	852	1616	0	1	1	1616
CY207736.1	854	933	0	1	1	933
CY207736.1	878	1977	0	2	2	1977
CY207736.1	899	1628	0	1	1	1628
CY207736.1	904	1957	3	0	3	904
CY207736.1	908	1662	1	1	2	908
CY207736.1	918	1666	1	3	4	918
CY207736.1	926	1079	1	0	1	926
CY207736.1	929	1641	2	1	3	929
CY207736.1	933	2254	2	0	2	933
CY207736.1	949	2000	0	1	1	2000
CY207736.1	957	2248	0	1	1	2248
CY207736.1	977	1116	0	1	1	1116
CY207736.1	987	1674	1	0	1	987
CY207736.1	996	1308	0	1	1	1308
CY207736.1	997	2255	2	1	3	997
CY207737.1	1020	1662	0	1	1	1662
CY207737.1	1030	1315	0	1	1	1315
CY207737.1	1037	1575	0	1	1	1575
CY207737.1	1040	1850	1	0	1	1040
CY207737.1	1060	1582	0	1	1	1582
CY207737.1	1083	1617	0	1	1	1617
CY207737.1	1115	1463	1	0	1	1115
CY207737.1	1121	1771	0	1	1	1771
CY207737.1	1127	1245	1	0	1	1127
CY207737.1	1226	1715	0	1	1	1715
CY207737.1	1306	2043	0	1	1	2043
CY207737.1	1514	1788	0	1	1	1788
CY207737.1	1637	1966	1	0	1	1637
CY207737.1	1764	2233	0	1	1	2233
CY207737.1	1821	2192	2	2	4	1821
CY207737.1	1867	2341	1	0	1	1867
CY207737.1	1946	1970	1	0	1	1946
CY207737.1	1957	2327	1	0	1	1957
CY207737.1	1965	2045	1	0	1	1965
CY207737.1	2011	2121	1	0	1	2011
CY207737.1	2017	2165	1	1	2	2017
CY207737.1	2064	2120	1	0	1	2064
CY207737.1	2149	2207	1	0	1	2149
CY207737.1	2153	2244	3	0	3	2153
CY207737.1	2164	2204	10	5	15	2164
CY207737.1	2180	2209	2	1	3	2180
CY207737.1	2186	2215	1	1	2	2186
CY207737.1	2204	2243	2	0	2	2204
CY207737.1	2206	2249	41	20	61	2206
CY207737.1	2229	2349	29	3	32	2229
CY207737.1	2236	2295	11	1	12	2236
CY207737.1	2241	2302	1	0	1	2241
CY207737.1	2263	2351	1	0	1	2263
CY207737.1	2291	2333	3	0	3	2291
CY207737.1	2295	2361	243	41	284	2295
CY207737.1	2296	2362	1	0	1	2296
CY207737.1	2320	2359	5	1	6	2320
CY207737.1	2322	2356	14	0	14	2322
CY207737.1	2325	2356	4	0	4	2325
CY207737.1	238	1947	2	0	2	238
CY207737.1	240	2237	1	0	1	240
CY207737.1	240	2490	1	0	1	240
CY207737.1	240	271	6	0	6	240
CY207737.1	240	277	4	0	4	240
CY207737.1	240	297	1	0	1	240
CY207737.1	2414	2450	0	1	1	2450
CY207737.1	242	2292	1	0	1	242
CY207737.1	244	2306	3	0	3	244
CY207737.1	244	2329	4	0	4	244
CY207737.1	245	2296	2	0	2	245
CY207737.1	247	307	4	0	4	247
CY207737.1	247	342	23	0	23	247
CY207737.1	248	2299	83	1	84	248
CY207737.1	248	273	13	1	14	248
CY207737.1	250	289	1	0	1	250
CY207737.1	252	2292	2	0	2	252
CY207737.1	254	2329	3	0	3	254
CY207737.1	254	2333	2	0	2	254
CY207737.1	257	2288	1	0	1	257
CY207737.1	265	2279	3	0	3	265
CY207737.1	271	2332	7	0	7	271
CY207737.1	277	2262	1	0	1	277
CY207737.1	277	2337	213	10	223	277
CY207737.1	277	358	1	0	1	277
CY207737.1	280	358	3	0	3	280
CY207737.1	286	2321	1	0	1	286
CY207737.1	287	2192	5	0	5	287
CY207737.1	288	2322	8	0	8	288
CY207737.1	288	2355	1	0	1	288
CY207737.1	288	2379	4	1	5	288
CY207737.1	316	2322	1	0	1	316
CY207737.1	316	2334	1	0	1	316
CY207737.1	324	2295	0	1	1	2295
CY207737.1	325	1685	0	1	1	1685
CY207737.1	328	2416	0	1	1	2416
CY207737.1	329	2168	1	0	1	329
CY207737.1	330	2322	10	6	16	330
CY207737.1	330	2325	4	1	5	330
CY207737.1	331	2285	1	1	2	331
CY207737.1	332	395	0	1	1	395
CY207737.1	333	357	1	0	1	333
CY207737.1	336	2333	0	1	1	2333
CY207737.1	338	2295	0	1	1	2295
CY207737.1	338	2302	2	0	2	338
CY207737.1	341	447	1	0	1	341
CY207737.1	342	2210	1	4	5	342
CY207737.1	347	2183	7	12	19	347
CY207737.1	348	2355	2	1	3	348
CY207737.1	350	422	0	9	9	422
CY207737.1	355	2238	5	1	6	355
CY207737.1	355	2243	2	0	2	355
CY207737.1	356	2302	2	0	2	356
CY207737.1	357	2249	1	0	1	357
CY207737.1	360	393	0	3	3	393
CY207737.1	361	1516	1	0	1	361
CY207737.1	363	2358	2	1	3	363
CY207737.1	364	394	0	2	2	394
CY207737.1	372	1300	2	0	2	372
CY207737.1	373	2279	2	0	2	373
CY207737.1	374	2222	1	3	4	374
CY207737.1	377	2188	0	3	3	2188
CY207737.1	379	2086	9	0	9	379
CY207737.1	386	2224	0	1	1	2224
CY207737.1	386	2243	1	0	1	386
CY207737.1	388	2247	1	0	1	388
CY207737.1	388	2337	1	0	1	388
CY207737.1	389	2095	40	1	41	389
CY207737.1	392	2181	6	5	11	392
CY207737.1	392	2188	1	1	2	392
CY207737.1	392	2191	0	1	1	2191
CY207737.1	392	2325	4	0	4	392
CY207737.1	392	422	4	14	18	392
CY207737.1	393	438	0	1	1	438
CY207737.1	394	1121	1	0	1	394
CY207737.1	394	2207	0	1	1	2207
CY207737.1	401	2233	0	14	14	2233
CY207737.1	402	2222	3	9	12	402
CY207737.1	403	2223	0	1	1	2223
CY207737.1	404	1131	0	4	4	1131
CY207737.1	404	2333	1	0	1	404
CY207737.1	421	2334	2	2	4	421
CY207737.1	429	2361	4	2	6	429
CY207737.1	435	2165	3	0	3	435
CY207737.1	436	2094	1	0	1	436
CY207737.1	436	2153	11	0	11	436
CY207737.1	440	2148	1	0	1	440
CY207737.1	445	2302	1	0	1	445
CY207737.1	446	2238	1	0	1	446
CY207737.1	449	2156	3	0	3	449
CY207737.1	451	2132	2	0	2	451
CY207737.1	454	2226	0	4	4	2226
CY207737.1	457	2102	11	0	11	457
CY207737.1	461	2166	230	443	673	461
CY207737.1	462	2121	0	3	3	2121
CY207737.1	462	2243	2	8	10	462
CY207737.1	463	2168	0	2	2	2168
CY207737.1	463	2237	1	2	3	463
CY207737.1	464	2190	0	3	3	2190
CY207737.1	464	631	1	0	1	464
CY207737.1	465	2170	0	1	1	2170
CY207737.1	468	2209	1	0	1	468
CY207737.1	470	2177	0	1	1	2177
CY207737.1	476	2211	0	1	1	2211
CY207737.1	478	2223	2	6	8	478
CY207737.1	486	2217	0	2	2	2217
CY207737.1	488	2278	1	0	1	488
CY207737.1	491	584	1	0	1	491
CY207737.1	494	1381	1	0	1	494
CY207737.1	496	2174	0	2	2	2174
CY207737.1	497	2062	1	1	2	497
CY207737.1	507	1595	1	0	1	507
CY207737.1	507	2087	1	0	1	507
CY207737.1	520	2335	1	1	2	520
CY207737.1	521	2094	0	1	1	2094
CY207737.1	526	1881	0	1	1	1881
CY207737.1	541	2093	1	0	1	541
CY207737.1	543	1910	1	0	1	543
CY207737.1	549	2120	2	1	3	549
CY207737.1	555	1953	1	2	3	555
CY207737.1	556	2093	2	1	3	556
CY207737.1	580	2191	4	3	7	580
CY207737.1	583	2014	10	26	36	583
CY207737.1	584	2122	1	0	1	584
CY207737.1	584	2250	3	0	3	584
CY207737.1	590	2093	1	1	2	590
CY207737.1	591	2463	0	1	1	2463
CY207737.1	602	2090	1	0	1	602
CY207737.1	603	2094	29	24	53	603
CY207737.1	603	2243	3	0	3	603
CY207737.1	628	1964	3	0	3	628
CY207737.1	657	1719	0	1	1	1719
CY207737.1	670	2243	3	0	3	670
CY207737.1	677	2070	1	1	2	677
CY207737.1	680	1945	0	1	1	1945
CY207737.1	681	1819	3	0	3	681
CY207737.1	682	2014	2	2	4	682
CY207737.1	682	2019	6	5	11	682
CY207737.1	686	1181	1	0	1	686
CY207737.1	688	2046	0	1	1	2046
CY207737.1	691	1947	1	0	1	691
CY207737.1	691	2350	1	1	2	691
CY207737.1	697	2121	6	8	14	697
CY207737.1	723	1827	0	1	1	1827
CY207737.1	729	1887	0	2	2	1887
CY207737.1	761	2052	0	1	1	2052
CY207737.1	774	1324	1	0	1	774
CY207737.1	776	1876	0	1	1	1876
CY207737.1	776	1985	0	1	1	1985
CY207737.1	778	1985	2	2	4	778
CY207737.1	784	1867	1	0	1	784
CY207737.1	787	1827	2	1	3	787
CY207737.1	791	1771	1	0	1	791
CY207737.1	820	1879	0	2	2	1879
CY207737.1	823	859	1	1	2	823
CY207737.1	832	1818	0	2	2	1818
CY207737.1	854	1437	0	1	1	1437
CY207737.1	856	1855	0	1	1	1855
CY207737.1	860	1888	1	1	2	860
CY207737.1	860	2181	0	1	1	2181
CY207737.1	865	2461	0	1	1	2461
CY207737.1	867	1796	0	1	1	1796
CY207737.1	868	1784	0	3	3	1784
CY207737.1	877	1838	0	2	2	1838
CY207737.1	898	2282	1	0	1	898
CY207737.1	902	1714	1	1	2	902
CY207737.1	925	1855	0	1	1	1855
CY207738.1	1006	1832	1	0	1	1006
CY207738.1	1011	2404	0	1	1	2404
CY207738.1	1023	1071	1	0	1	1023
CY207738.1	1042	1491	1	0	1	1042
CY207738.1	1063	2230	3	0	3	1063
CY207738.1	1112	2496	0	1	1	2496
CY207738.1	1124	2330	2	1	3	1124
CY207738.1	1125	2016	0	1	1	2016
CY207738.1	1175	1749	0	1	1	1749
CY207738.1	1190	1939	0	1	1	1939
CY207738.1	1205	1511	0	1	1	1511
CY207738.1	1221	2378	0	1	1	2378
CY207738.1	1287	1686	1	0	1	1287
CY207738.1	1292	1696	1	0	1	1292
CY207738.1	1386	2149	1	0	1	1386
CY207738.1	1603	1663	1	0	1	1603
CY207738.1	1641	2481	0	1	1	2481
CY207738.1	1660	2349	1	0	1	1660
CY207738.1	1677	2388	0	1	1	2388
CY207738.1	1682	1829	0	1	1	1829
CY207738.1	1703	2303	1	1	2	1703
CY207738.1	1849	2078	0	1	1	2078
CY207738.1	1861	1895	0	1	1	1895
CY207738.1	1999	2451	0	1	1	2451
CY207738.1	248	2231	1	0	1	248
CY207738.1	279	2272	17	0	17	279
CY207738.1	283	2195	8	0	8	283
CY207738.1	294	317	0	1	1	317
CY207738.1	302	2207	0	1	1	2207
CY207738.1	304	2314	1	0	1	304
CY207738.1	310	1188	1	0	1	310
CY207738.1	316	2327	0	2	2	2327
CY207738.1	316	2334	1	2	3	316
CY207738.1	323	2347	3	1	4	323
CY207738.1	327	1223	1	0	1	327
CY207738.1	334	2318	9	9	18	334
CY207738.1	345	1092	1	0	1	345
CY207738.1	346	2235	2	0	2	346
CY207738.1	355	1337	0	1	1	1337
CY207738.1	355	2123	0	1	1	2123
CY207738.1	362	2298	0	1	1	2298
CY207738.1	363	2393	0	4	4	2393
CY207738.1	365	413	1	5	6	365
CY207738.1	367	2195	1	7	8	367
CY207738.1	367	2200	23	173	196	367
CY207738.1	367	2209	1	4	5	367
CY207738.1	367	2337	7	7	14	367
CY207738.1	368	2296	1	0	1	368
CY207738.1	370	2283	2	11	13	370
CY207738.1	372	2168	2	14	16	372
CY207738.1	372	2237	1	0	1	372
CY207738.1	372	2290	0	6	6	2290
CY207738.1	373	2297	0	7	7	2297
CY207738.1	373	2318	2	3	5	373
CY207738.1	374	2210	4	58	62	374
CY207738.1	374	2333	6	6	12	374
CY207738.1	376	2333	0	1	1	2333
CY207738.1	380	1267	0	1	1	1267
CY207738.1	380	2209	0	4	4	2209
CY207738.1	380	2333	0	1	1	2333
CY207738.1	385	2142	6	11	17	385
CY207738.1	385	2276	1	11	12	385
CY207738.1	385	2281	0	19	19	2281
CY207738.1	385	420	1	0	1	385
CY207738.1	386	2314	2	3	5	386
CY207738.1	386	2347	3	5	8	386
CY207738.1	387	2263	6	153	159	387
CY207738.1	387	2313	5	15	20	387
CY207738.1	390	2351	0	1	1	2351
CY207738.1	391	1654	1	0	1	391
CY207738.1	395	2271	0	2	2	2271
CY207738.1	397	2229	1	2	3	397
CY207738.1	399	2261	0	3	3	2261
CY207738.1	403	2334	11	11	22	403
CY207738.1	404	2222	0	2	2	2222
CY207738.1	404	2235	1	21	22	404
CY207738.1	406	1946	1	4	5	406
CY207738.1	407	2321	0	1	1	2321
CY207738.1	409	2319	1	1	2	409
CY207738.1	409	2329	8	10	18	409
CY207738.1	412	2211	0	5	5	2211
CY207738.1	412	2254	0	3	3	2254
CY207738.1	413	2244	0	8	8	2244
CY207738.1	414	2221	0	8	8	2221
CY207738.1	419	2169	0	1	1	2169
CY207738.1	419	2269	1	20	21	419
CY207738.1	422	2143	9	46	55	422
CY207738.1	425	2306	1	0	1	425
CY207738.1	426	2288	0	1	1	2288
CY207738.1	427	2241	0	1	1	2241
CY207738.1	428	2230	0	2	2	2230
CY207738.1	429	2279	0	3	3	2279
CY207738.1	431	2281	0	1	1	2281
CY207738.1	435	2247	1	0	1	435
CY207738.1	436	2213	1	10	11	436
CY207738.1	439	2360	0	1	1	2360
CY207738.1	442	2247	1	0	1	442
CY207738.1	443	2316	4	1	5	443
CY207738.1	444	1103	1	0	1	444
CY207738.1	445	2339	0	1	1	2339
CY207738.1	446	2267	1	5	6	446
CY207738.1	452	2052	2	1	3	452
CY207738.1	452	2100	0	4	4	2100
CY207738.1	453	2170	1	3	4	453
CY207738.1	453	2196	3	13	16	453
CY207738.1	453	2210	2	4	6	453
CY207738.1	453	2318	3	3	6	453
CY207738.1	453	2334	4	4	8	453
CY207738.1	454	2234	0	2	2	2234
CY207738.1	454	2261	3	3	6	454
CY207738.1	457	2338	0	2	2	2338
CY207738.1	459	2263	1	4	5	459
CY207738.1	459	2268	38	58	96	459
CY207738.1	459	2280	0	1	1	2280
CY207738.1	460	2175	1	3	4	460
CY207738.1	460	2410	0	1	1	2410
CY207738.1	461	2193	0	3	3	2193
CY207738.1	463	2267	0	1	1	2267
CY207738.1	469	2281	0	1	1	2281
CY207738.1	473	2238	3	0	3	473
CY207738.1	475	2168	1	6	7	475
CY207738.1	480	2196	1	4	5	480
CY207738.1	481	2153	0	1	1	2153
CY207738.1	481	2361	18	11	29	481
CY207738.1	482	2231	0	1	1	2231
CY207738.1	483	2130	0	3	3	2130
CY207738.1	483	2327	3	1	4	483
CY207738.1	487	1273	1	0	1	487
CY207738.1	490	2299	0	1	1	2299
CY207738.1	491	2331	6	1	7	491
CY207738.1	499	2211	0	2	2	2211
CY207738.1	499	2271	1	0	1	499
CY207738.1	505	2278	0	1	1	2278
CY207738.1	505	809	0	1	1	809
CY207738.1	508	2281	184	404	588	508
CY207738.1	510	2283	2	0	2	510
CY207738.1	513	2221	0	1	1	2221
CY207738.1	514	2189	2	5	7	514
CY207738.1	516	1673	1	0	1	516
CY207738.1	519	2086	0	3	3	2086
CY207738.1	520	1996	0	4	4	1996
CY207738.1	522	2140	1	1	2	522
CY207738.1	525	1569	1	0	1	525
CY207738.1	533	2340	1	0	1	533
CY207738.1	539	2335	5	2	7	539
CY207738.1	558	2152	1	0	1	558
CY207738.1	560	2002	0	1	1	2002
CY207738.1	566	2198	6	10	16	566
CY207738.1	569	1794	1	2	3	569
CY207738.1	570	2108	1	0	1	570
CY207738.1	575	2164	0	1	1	2164
CY207738.1	595	1825	0	1	1	1825
CY207738.1	596	1732	1	0	1	596
CY207738.1	611	2371	1	0	1	611
CY207738.1	635	1927	1	2	3	635
CY207738.1	641	2070	0	4	4	2070
CY207738.1	645	1886	1	1	2	645
CY207738.1	653	2092	0	1	1	2092
CY207738.1	654	2332	1	0	1	654
CY207738.1	672	2034	1	6	7	672
CY207738.1	681	1999	0	1	1	1999
CY207738.1	694	2130	1	0	1	694
CY207738.1	698	2094	0	1	1	2094
CY207738.1	704	1972	1	1	2	704
CY207738.1	707	1846	0	1	1	1846
CY207738.1	716	2037	1	1	2	716
CY207738.1	721	1914	12	6	18	721
CY207738.1	721	1955	1	0	1	721
CY207738.1	733	1933	2	2	4	733
CY207738.1	755	2002	0	1	1	2002
CY207738.1	761	1330	1	0	1	761
CY207738.1	761	1649	0	1	1	1649
CY207738.1	761	2037	1	1	2	761
CY207738.1	780	1380	0	1	1	1380
CY207738.1	780	1813	1	0	1	780
CY207738.1	780	1855	1	1	2	780
CY207738.1	839	1871	0	2	2	1871
CY207738.1	841	1707	1	0	1	841
CY207738.1	842	1803	0	1	1	1803
CY207738.1	843	1815	1	0	1	843
CY207738.1	844	1701	1	0	1	844
CY207738.1	845	1815	2	2	4	845
CY207738.1	845	1841	3	0	3	845
CY207738.1	855	1814	0	1	1	1814
CY207738.1	875	2119	0	1	1	2119
CY207738.1	882	1743	1	1	2	882
CY207738.1	882	1814	0	1	1	1814
CY207738.1	918	2000	1	0	1	918
CY207738.1	952	1795	3	0	3	952
CY207738.1	954	2057	0	1	1	2057
CY207738.1	976	1651	3	0	3	976
CY207738.1	978	1656	1	0	1	978
CY207738.1	979	1603	1	1	2	979
