Segment	Start	Stop	Forward_support	Reverse_support	Total_support	Fuzz_factor
CY207731.1	1015	1642	1	0	1	1015
CY207731.1	1042	1640	1	0	1	1042
CY207731.1	1093	1154	1	0	1	1093
CY207731.1	1121	1423	0	1	1	1423
CY207731.1	1123	1178	0	1	1	1178
CY207731.1	1138	1418	0	1	1	1418
CY207731.1	1151	1897	0	1	1	1897
CY207731.1	1159	1649	1	0	1	1159
CY207731.1	1182	1574	1	0	1	1182
CY207731.1	1215	1387	2	0	2	1215
CY207731.1	1240	1594	1	0	1	1240
CY207731.1	1256	1578	0	1	1	1578
CY207731.1	1259	1616	1	0	1	1259
CY207731.1	1267	1574	1	0	1	1267
CY207731.1	1295	1385	0	1	1	1385
CY207731.1	1304	1326	0	1	1	1326
CY207731.1	1364	1396	1	0	1	1364
CY207731.1	1376	1536	1	0	1	1376
CY207731.1	1479	1710	1	0	1	1479
CY207731.1	1519	1658	0	1	1	1658
CY207731.1	1559	1597	1	0	1	1559
CY207731.1	1613	1841	1	0	1	1613
CY207731.1	1644	1673	0	2	2	1673
CY207731.1	1668	1773	2	0	2	1668
CY207731.1	1706	1893	0	2	2	1893
CY207731.1	245	1566	3	0	3	245
CY207731.1	252	1556	1	0	1	252
CY207731.1	260	1582	14	1	15	260
CY207731.1	287	1592	5	0	5	287
CY207731.1	287	1747	6	1	7	287
CY207731.1	288	1617	2	0	2	288
CY207731.1	292	897	1	0	1	292
CY207731.1	308	1486	0	1	1	1486
CY207731.1	321	1651	1	1	2	321
CY207731.1	325	1227	0	1	1	1227
CY207731.1	334	502	0	2	2	502
CY207731.1	354	1054	1	0	1	354
CY207731.1	359	1688	0	1	1	1688
CY207731.1	363	1656	0	1	1	1656
CY207731.1	364	1791	3	0	3	364
CY207731.1	369	1445	0	1	1	1445
CY207731.1	373	1650	2	4	6	373
CY207731.1	378	402	0	4	4	402
CY207731.1	387	1499	0	1	1	1499
CY207731.1	388	1691	0	1	1	1691
CY207731.1	392	1705	0	2	2	1705
CY207731.1	393	1602	1	0	1	393
CY207731.1	396	1075	0	1	1	1075
CY207731.1	396	1744	1	2	3	396
CY207731.1	398	1643	0	1	1	1643
CY207731.1	401	1673	0	1	1	1673
CY207731.1	403	1573	0	2	2	1573
CY207731.1	427	453	0	2	2	453
CY207731.1	430	1694	0	1	1	1694
CY207731.1	431	781	0	1	1	781
CY207731.1	443	540	0	1	1	540
CY207731.1	449	1375	1	2	3	449
CY207731.1	450	1144	0	1	1	1144
CY207731.1	453	1132	1	0	1	453
CY207731.1	453	762	0	1	1	762
CY207731.1	457	1660	0	1	1	1660
CY207731.1	458	1059	1	0	1	458
CY207731.1	465	573	0	1	1	573
CY207731.1	470	1596	0	1	1	1596
CY207731.1	473	1685	2	1	3	473
CY207731.1	475	1701	2	0	2	475
CY207731.1	492	1587	0	1	1	1587
CY207731.1	499	1892	0	1	1	1892
CY207731.1	523	1492	1	0	1	523
CY207731.1	526	1516	1	3	4	526
CY207731.1	541	1511	1	3	4	541
CY207731.1	541	1517	0	1	1	1517
CY207731.1	544	1461	0	1	1	1461
CY207731.1	545	1037	0	1	1	1037
CY207731.1	550	1638	0	1	1	1638
CY207731.1	557	1389	0	1	1	1389
CY207731.1	561	1018	0	2	2	1018
CY207731.1	561	1371	1	2	3	561
CY207731.1	561	1392	0	1	1	1392
CY207731.1	565	724	0	1	1	724
CY207731.1	568	1488	1	1	2	568
CY207731.1	569	1047	1	0	1	569
CY207731.1	571	1153	0	1	1	1153
CY207731.1	574	596	0	1	1	596
CY207731.1	575	1006	0	1	1	1006
CY207731.1	577	1736	1	1	2	577
CY207731.1	583	845	1	0	1	583
CY207731.1	595	666	1	0	1	595
CY207731.1	596	838	0	1	1	838
CY207731.1	603	1698	0	1	1	1698
CY207731.1	606	981	1	0	1	606
CY207731.1	630	763	0	1	1	763
CY207731.1	646	1064	1	0	1	646
CY207731.1	647	741	1	0	1	647
CY207731.1	656	1887	0	1	1	1887
CY207731.1	667	1111	1	0	1	667
CY207731.1	734	1479	1	0	1	734
CY207731.1	741	996	1	0	1	741
CY207731.1	779	806	1	0	1	779
CY207731.1	802	1667	0	1	1	1667
CY207731.1	816	1254	1	0	1	816
CY207731.1	818	1749	0	1	1	1749
CY207731.1	821	1045	0	1	1	1045
CY207731.1	835	1141	0	1	1	1141
CY207731.1	874	1772	1	0	1	874
CY207731.1	875	954	1	0	1	875
CY207731.1	891	1183	0	1	1	1183
CY207731.1	912	1393	0	1	1	1393
CY207731.1	928	1849	1	0	1	928
CY207731.1	933	1674	1	0	1	933
CY207731.1	952	1007	0	1	1	1007
CY207731.1	964	1235	1	0	1	964
CY207732.1	251	436	1	0	1	251
CY207732.1	252	584	1	0	1	252
CY207732.1	268	550	2	0	2	268
CY207732.1	275	848	1	0	1	275
CY207732.1	276	983	4	0	4	276
CY207732.1	287	932	1	0	1	287
CY207732.1	313	751	0	1	1	751
CY207732.1	337	920	0	1	1	920
CY207732.1	338	699	1	0	1	338
CY207732.1	339	925	0	1	1	925
CY207732.1	348	707	1	0	1	348
CY207732.1	354	1156	0	1	1	1156
CY207732.1	354	867	0	1	1	867
CY207732.1	383	1127	0	1	1	1127
CY207732.1	407	758	1	0	1	407
CY207732.1	419	612	0	1	1	612
CY207732.1	419	706	0	1	1	706
CY207732.1	421	685	1	0	1	421
CY207732.1	428	701	1	0	1	428
CY207732.1	442	485	0	1	1	485
CY207732.1	442	600	0	1	1	600
CY207732.1	445	680	2	0	2	445
CY207732.1	445	863	0	3	3	863
CY207732.1	466	899	0	3	3	899
CY207732.1	483	1138	0	1	1	1138
CY207732.1	485	850	0	1	1	850
CY207732.1	491	619	0	1	1	619
CY207732.1	500	606	0	2	2	606
CY207732.1	517	665	0	1	1	665
CY207732.1	523	625	1	0	1	523
CY207732.1	538	959	0	1	1	959
CY207732.1	557	732	1	0	1	557
CY207732.1	560	745	0	1	1	745
CY207732.1	571	984	1	0	1	571
CY207732.1	585	715	0	1	1	715
CY207732.1	586	689	0	1	1	689
CY207732.1	586	842	1	0	1	586
CY207732.1	587	923	0	1	1	923
CY207732.1	589	862	1	1	2	589
CY207732.1	601	685	0	1	1	685
CY207732.1	605	1071	1	0	1	605
CY207732.1	608	1059	0	1	1	1059
CY207732.1	615	844	0	1	1	844
CY207732.1	622	646	0	1	1	646
CY207732.1	630	958	2	1	3	630
CY207732.1	635	897	1	0	1	635
CY207732.1	647	978	0	1	1	978
CY207732.1	648	977	1	0	1	648
CY207732.1	667	961	1	2	3	667
CY207732.1	678	793	0	2	2	793
CY207732.1	679	815	3	0	3	679
CY207732.1	715	965	1	0	1	715
CY207732.1	718	860	1	0	1	718
CY207732.1	758	954	2	0	2	758
CY207732.1	767	957	1	0	1	767
CY207732.1	791	1007	1	0	1	791
CY207732.1	792	862	0	2	2	862
CY207732.1	792	874	1	0	1	792
CY207732.1	806	1029	1	0	1	806
CY207732.1	818	854	1	1	2	818
CY207732.1	828	877	0	1	1	877
CY207732.1	841	893	0	1	1	893
CY207732.1	862	962	1	0	1	862
CY207732.1	881	1012	1	0	1	881
CY207732.1	913	1053	1	0	1	913
CY207732.1	933	1019	1	0	1	933
CY207733.1	1029	1169	0	1	1	1169
CY207733.1	1069	1247	0	1	1	1247
CY207733.1	1190	1273	1	0	1	1190
CY207733.1	1276	1299	0	1	1	1299
CY207733.1	1315	1436	1	0	1	1315
CY207733.1	1329	1496	0	1	1	1496
CY207733.1	1330	1359	1	0	1	1330
CY207733.1	1357	1386	1	0	1	1357
CY207733.1	235	1388	1	0	1	235
CY207733.1	237	1022	1	0	1	237
CY207733.1	241	1544	2	0	2	241
CY207733.1	242	1226	4	0	4	242
CY207733.1	249	1480	1	0	1	249
CY207733.1	252	1480	3	0	3	252
CY207733.1	265	1364	1	0	1	265
CY207733.1	266	1557	1	0	1	266
CY207733.1	266	426	1	0	1	266
CY207733.1	271	1417	2	0	2	271
CY207733.1	271	300	2	0	2	271
CY207733.1	271	309	1	0	1	271
CY207733.1	290	1382	1	0	1	290
CY207733.1	298	1407	0	1	1	1407
CY207733.1	318	1464	0	1	1	1464
CY207733.1	329	1409	2	8	10	329
CY207733.1	331	1293	0	1	1	1293
CY207733.1	333	1386	0	2	2	1386
CY207733.1	351	414	0	1	1	414
CY207733.1	360	1433	2	0	2	360
CY207733.1	362	1417	1	0	1	362
CY207733.1	367	1331	1	0	1	367
CY207733.1	370	1299	1	4	5	370
CY207733.1	380	1358	0	2	2	1358
CY207733.1	399	1235	2	0	2	399
CY207733.1	465	527	2	0	2	465
CY207733.1	492	1159	0	2	2	1159
CY207733.1	496	645	1	0	1	496
CY207733.1	520	618	1	1	2	520
CY207733.1	522	1319	1	0	1	522
CY207733.1	532	1382	1	0	1	532
CY207733.1	565	1507	1	0	1	565
CY207733.1	595	1231	2	0	2	595
CY207733.1	600	655	1	0	1	600
CY207733.1	670	887	1	0	1	670
CY207733.1	707	924	0	1	1	924
CY207733.1	747	1113	1	0	1	747
CY207733.1	775	1146	0	1	1	1146
CY207733.1	788	1225	0	1	1	1225
CY207733.1	821	844	1	0	1	821
CY207733.1	923	1112	0	1	1	1112
CY207733.1	949	1061	1	1	2	949
CY207733.1	965	1398	1	0	1	965
CY207734.1	1012	1510	1	0	1	1012
CY207734.1	1025	1427	1	0	1	1025
CY207734.1	1043	1597	0	1	1	1597
CY207734.1	1111	1145	1	0	1	1111
CY207734.1	1128	1198	0	1	1	1198
CY207734.1	1243	1500	1	0	1	1243
CY207734.1	1244	1306	1	0	1	1244
CY207734.1	1290	1320	0	1	1	1320
CY207734.1	1442	1566	0	2	2	1566
CY207734.1	1663	1685	0	1	1	1685
CY207734.1	245	1026	1	0	1	245
CY207734.1	246	603	1	0	1	246
CY207734.1	268	1361	1	0	1	268
CY207734.1	269	833	1	0	1	269
CY207734.1	270	904	1	0	1	270
CY207734.1	273	460	1	0	1	273
CY207734.1	277	1147	1	0	1	277
CY207734.1	280	608	1	0	1	280
CY207734.1	284	916	1	0	1	284
CY207734.1	290	1507	1	0	1	290
CY207734.1	318	1523	0	1	1	1523
CY207734.1	334	1549	1	0	1	334
CY207734.1	335	1549	4	6	10	335
CY207734.1	344	1520	0	1	1	1520
CY207734.1	359	1559	0	1	1	1559
CY207734.1	365	1472	1	9	10	365
CY207734.1	372	733	0	2	2	733
CY207734.1	405	1539	0	1	1	1539
CY207734.1	408	1072	0	1	1	1072
CY207734.1	412	1517	1	0	1	412
CY207734.1	421	940	0	1	1	940
CY207734.1	426	1682	0	1	1	1682
CY207734.1	428	1418	0	6	6	1418
CY207734.1	431	1569	1	0	1	431
CY207734.1	464	584	0	1	1	584
CY207734.1	464	912	0	1	1	912
CY207734.1	469	1567	0	1	1	1567
CY207734.1	474	1484	0	1	1	1484
CY207734.1	485	1485	0	2	2	1485
CY207734.1	499	1452	1	0	1	499
CY207734.1	521	841	1	1	2	521
CY207734.1	537	1670	0	1	1	1670
CY207734.1	546	877	0	1	1	877
CY207734.1	617	1483	0	1	1	1483
CY207734.1	620	812	1	0	1	620
CY207734.1	629	1147	1	0	1	629
CY207734.1	657	1560	0	1	1	1560
CY207734.1	659	879	0	1	1	879
CY207734.1	662	1528	0	1	1	1528
CY207734.1	674	1452	1	0	1	674
CY207734.1	677	1167	0	1	1	1167
CY207734.1	701	1341	1	0	1	701
CY207734.1	712	1188	0	1	1	1188
CY207734.1	714	1260	0	1	1	1260
CY207734.1	720	1233	1	0	1	720
CY207734.1	722	1444	0	1	1	1444
CY207734.1	722	915	1	0	1	722
CY207734.1	723	1104	0	1	1	1104
CY207734.1	741	1585	1	1	2	741
CY207734.1	767	791	0	1	1	791
CY207734.1	772	1543	1	0	1	772
CY207734.1	813	1262	0	1	1	1262
CY207734.1	830	957	1	0	1	830
CY207734.1	833	1511	1	2	3	833
CY207734.1	840	957	1	0	1	840
CY207734.1	843	1491	1	0	1	843
CY207734.1	870	1370	0	1	1	1370
CY207734.1	872	1395	1	0	1	872
CY207734.1	913	1415	0	1	1	1415
CY207734.1	924	1627	0	1	1	1627
CY207734.1	939	1184	0	1	1	1184
CY207734.1	972	1203	0	1	1	1203
CY207734.1	997	1042	1	0	1	997
CY207734.1	997	1387	0	1	1	1387
CY207734.1	999	1298	0	1	1	1298
CY207735.1	236	935	1	0	1	236
CY207735.1	258	864	10	0	10	258
CY207735.1	270	929	9	0	9	270
CY207735.1	273	936	2	0	2	273
CY207735.1	273	971	1	0	1	273
CY207735.1	288	977	1	0	1	288
CY207735.1	349	843	1	1	2	349
CY207735.1	349	849	0	13	13	849
CY207735.1	350	865	0	1	1	865
CY207735.1	384	816	0	1	1	816
CY207735.1	390	663	0	1	1	663
CY207735.1	413	560	0	4	4	560
CY207735.1	499	729	2	1	3	499
CY207735.1	511	740	8	38	46	511
CY207735.1	519	746	0	1	1	746
CY207735.1	547	571	0	1	1	571
CY207735.1	548	839	1	0	1	548
CY207735.1	767	1008	0	1	1	1008
CY207735.1	889	929	1	0	1	889
CY207735.1	895	934	7	0	7	895
CY207735.1	913	1015	0	2	2	1015
CY207735.1	918	940	0	3	3	940
CY207735.1	930	1009	0	3	3	1009
CY207736.1	1007	1281	0	1	1	1281
CY207736.1	1033	2353	0	2	2	2353
CY207736.1	1046	1379	1	0	1	1046
CY207736.1	1046	1979	0	1	1	1979
CY207736.1	1059	1145	0	1	1	1145
CY207736.1	1071	2221	1	0	1	1071
CY207736.1	1073	2355	0	1	1	2355
CY207736.1	1076	1456	1	0	1	1076
CY207736.1	1092	2294	0	2	2	2294
CY207736.1	1097	1652	0	3	3	1652
CY207736.1	1099	1198	1	0	1	1099
CY207736.1	1109	2352	0	1	1	2352
CY207736.1	1136	1725	1	0	1	1136
CY207736.1	1139	1883	0	1	1	1883
CY207736.1	1163	2152	1	0	1	1163
CY207736.1	1194	1829	0	1	1	1829
CY207736.1	1276	2297	0	1	1	2297
CY207736.1	1345	1562	0	1	1	1562
CY207736.1	1355	2287	0	1	1	2287
CY207736.1	1358	2069	1	0	1	1358
CY207736.1	1365	1830	0	1	1	1830
CY207736.1	1376	2204	1	0	1	1376
CY207736.1	1389	1938	0	1	1	1938
CY207736.1	1470	2269	0	1	1	2269
CY207736.1	1507	2188	0	1	1	2188
CY207736.1	1510	2002	0	1	1	2002
CY207736.1	1535	1571	1	0	1	1535
CY207736.1	1566	1995	2	6	8	1566
CY207736.1	1578	1644	0	1	1	1644
CY207736.1	1636	2116	1	0	1	1636
CY207736.1	1687	2300	0	1	1	2300
CY207736.1	1704	1874	0	1	1	1874
CY207736.1	1805	1915	1	1	2	1805
CY207736.1	1813	2001	1	0	1	1813
CY207736.1	1839	1863	1	0	1	1839
CY207736.1	1841	1870	0	1	1	1870
CY207736.1	1855	1888	1	1	2	1855
CY207736.1	1862	2232	1	0	1	1862
CY207736.1	1879	2346	0	1	1	2346
CY207736.1	1909	2010	0	1	1	2010
CY207736.1	1930	2028	1	0	1	1930
CY207736.1	1965	2057	2	0	2	1965
CY207736.1	1997	2143	0	1	1	2143
CY207736.1	2004	2027	0	1	1	2027
CY207736.1	2005	2077	0	2	2	2077
CY207736.1	2015	2041	1	3	4	2015
CY207736.1	2015	2257	0	2	2	2257
CY207736.1	2026	2121	1	0	1	2026
CY207736.1	2026	2144	4	5	9	2026
CY207736.1	2027	2072	0	1	1	2072
CY207736.1	2028	2072	3	0	3	2028
CY207736.1	2029	2066	18	11	29	2029
CY207736.1	2040	2063	1	1	2	2040
CY207736.1	2051	2151	0	1	1	2151
CY207736.1	2062	2167	1	0	1	2062
CY207736.1	2077	2122	1	2	3	2077
CY207736.1	2120	2191	3	0	3	2120
CY207736.1	2129	2169	2	0	2	2129
CY207736.1	2129	2182	1	3	4	2129
CY207736.1	2129	2206	1	0	1	2129
CY207736.1	2130	2164	1	0	1	2130
CY207736.1	2130	2172	0	1	1	2172
CY207736.1	2131	2171	1	0	1	2131
CY207736.1	2132	2156	2	1	3	2132
CY207736.1	2132	2170	2	1	3	2132
CY207736.1	2132	2177	0	1	1	2177
CY207736.1	2144	2187	1	0	1	2144
CY207736.1	2146	2171	5	12	17	2146
CY207736.1	2146	2185	2	0	2	2146
CY207736.1	2147	2177	0	1	1	2177
CY207736.1	2148	2170	1	3	4	2148
CY207736.1	2148	2183	3	0	3	2148
CY207736.1	2149	2190	13	17	30	2149
CY207736.1	2162	2212	1	0	1	2162
CY207736.1	2168	2215	1	0	1	2168
CY207736.1	2180	2215	0	1	1	2215
CY207736.1	2197	2251	0	1	1	2251
CY207736.1	2205	2272	0	1	1	2272
CY207736.1	2209	2242	1	1	2	2209
CY207736.1	2209	2245	3	0	3	2209
CY207736.1	2213	2260	0	1	1	2260
CY207736.1	2214	2241	1	0	1	2214
CY207736.1	2215	2240	0	1	1	2240
CY207736.1	2222	2259	0	1	1	2259
CY207736.1	2229	2343	0	1	1	2343
CY207736.1	2236	2273	0	1	1	2273
CY207736.1	240	289	1	0	1	240
CY207736.1	266	2253	2	0	2	266
CY207736.1	268	317	2	0	2	268
CY207736.1	270	393	1	0	1	270
CY207736.1	273	335	1	0	1	273
CY207736.1	274	1692	1	0	1	274
CY207736.1	280	407	1	0	1	280
CY207736.1	281	2148	4	1	5	281
CY207736.1	282	1398	1	1	2	282
CY207736.1	282	332	1	0	1	282
CY207736.1	282	390	69	10	79	282
CY207736.1	282	523	1	0	1	282
CY207736.1	283	2154	1	0	1	283
CY207736.1	284	392	3	0	3	284
CY207736.1	285	1303	0	1	1	1303
CY207736.1	286	308	5	0	5	286
CY207736.1	290	2205	1	0	1	290
CY207736.1	290	2270	2	0	2	290
CY207736.1	290	336	50	48	98	290
CY207736.1	291	1827	1	0	1	291
CY207736.1	291	407	1	0	1	291
CY207736.1	298	2090	0	1	1	2090
CY207736.1	300	2136	1	0	1	300
CY207736.1	300	2259	1	0	1	300
CY207736.1	302	400	0	1	1	400
CY207736.1	310	2037	1	0	1	310
CY207736.1	310	2147	1	2	3	310
CY207736.1	310	2222	1	5	6	310
CY207736.1	311	2271	1	8	9	311
CY207736.1	313	2285	0	2	2	2285
CY207736.1	321	344	1	0	1	321
CY207736.1	325	2155	0	1	1	2155
CY207736.1	325	369	1	0	1	325
CY207736.1	326	2271	1	1	2	326
CY207736.1	327	2146	0	1	1	2146
CY207736.1	331	2213	3	2	5	331
CY207736.1	332	2188	7	0	7	332
CY207736.1	333	2144	0	30	30	2144
CY207736.1	333	2215	3	1	4	333
CY207736.1	333	2290	0	1	1	2290
CY207736.1	334	2110	0	2	2	2110
CY207736.1	334	2148	0	1	1	2148
CY207736.1	334	2149	12	105	117	334
CY207736.1	334	2207	0	1	1	2207
CY207736.1	334	368	0	1	1	368
CY207736.1	336	2042	1	0	1	336
CY207736.1	338	2153	0	1	1	2153
CY207736.1	341	2215	0	1	1	2215
CY207736.1	342	2160	0	6	6	2160
CY207736.1	344	2073	0	1	1	2073
CY207736.1	345	2074	1	0	1	345
CY207736.1	345	2147	0	2	2	2147
CY207736.1	349	1961	1	0	1	349
CY207736.1	351	2147	3	4	7	351
CY207736.1	353	443	1	19	20	353
CY207736.1	353	445	0	3	3	445
CY207736.1	355	2045	22	80	102	355
CY207736.1	358	2171	0	1	1	2171
CY207736.1	359	2148	1	0	1	359
CY207736.1	359	2153	1	0	1	359
CY207736.1	360	2140	1	0	1	360
CY207736.1	360	2147	37	133	170	360
CY207736.1	360	2162	0	1	1	2162
CY207736.1	361	1951	0	1	1	1951
CY207736.1	361	2172	1	3	4	361
CY207736.1	361	2186	1	0	1	361
CY207736.1	362	2215	1	2	3	362
CY207736.1	363	2110	0	12	12	2110
CY207736.1	363	410	6	1	7	363
CY207736.1	364	2171	0	2	2	2171
CY207736.1	365	2143	0	1	1	2143
CY207736.1	367	2160	0	6	6	2160
CY207736.1	367	2170	1	1	2	367
CY207736.1	368	2134	0	2	2	2134
CY207736.1	368	2215	1	1	2	368
CY207736.1	368	2216	3	10	13	368
CY207736.1	369	2071	0	1	1	2071
CY207736.1	369	2163	0	2	2	2163
CY207736.1	373	2159	0	1	1	2159
CY207736.1	375	2148	0	2	2	2148
CY207736.1	380	2153	2	1	3	380
CY207736.1	381	1663	1	0	1	381
CY207736.1	383	2050	1	1	2	383
CY207736.1	383	2141	0	5	5	2141
CY207736.1	383	2177	0	4	4	2177
CY207736.1	384	1803	1	0	1	384
CY207736.1	384	2029	9	39	48	384
CY207736.1	384	2149	0	8	8	2149
CY207736.1	385	2132	0	3	3	2132
CY207736.1	385	2142	0	1	1	2142
CY207736.1	385	2147	7	75	82	385
CY207736.1	385	2162	0	4	4	2162
CY207736.1	385	2182	1	1	2	385
CY207736.1	386	2113	2	0	2	386
CY207736.1	386	2145	0	2	2	2145
CY207736.1	386	2167	0	3	3	2167
CY207736.1	386	440	8	5	13	386
CY207736.1	387	2032	1	0	1	387
CY207736.1	389	1178	0	1	1	1178
CY207736.1	389	2143	0	2	2	2143
CY207736.1	390	2141	0	6	6	2141
CY207736.1	390	444	0	2	2	444
CY207736.1	391	2141	0	1	1	2141
CY207736.1	391	539	6	6	12	391
CY207736.1	391	660	1	0	1	391
CY207736.1	392	2246	1	0	1	392
CY207736.1	393	2113	4	22	26	393
CY207736.1	395	2215	1	0	1	395
CY207736.1	397	2189	0	1	1	2189
CY207736.1	401	1316	0	1	1	1316
CY207736.1	401	2149	0	1	1	2149
CY207736.1	403	2043	0	16	16	2043
CY207736.1	403	2148	0	12	12	2148
CY207736.1	403	2156	0	2	2	2156
CY207736.1	403	455	1	1	2	403
CY207736.1	404	2033	3	3	6	404
CY207736.1	404	2164	0	7	7	2164
CY207736.1	405	478	1	1	2	405
CY207736.1	406	2132	0	2	2	2132
CY207736.1	406	2141	0	1	1	2141
CY207736.1	406	2170	0	4	4	2170
CY207736.1	406	2183	1	0	1	406
CY207736.1	407	1318	0	1	1	1318
CY207736.1	407	2000	0	2	2	2000
CY207736.1	407	2134	1	0	1	407
CY207736.1	408	2041	0	1	1	2041
CY207736.1	410	2134	4	0	4	410
CY207736.1	410	2171	0	8	8	2171
CY207736.1	411	2141	0	1	1	2141
CY207736.1	411	2174	0	1	1	2174
CY207736.1	415	2140	0	4	4	2140
CY207736.1	415	2169	1	0	1	415
CY207736.1	416	2090	0	5	5	2090
CY207736.1	416	2105	1	0	1	416
CY207736.1	417	2064	0	2	2	2064
CY207736.1	417	2133	0	3	3	2133
CY207736.1	417	2141	0	1	1	2141
CY207736.1	417	2148	24	129	153	417
CY207736.1	418	2044	0	2	2	2044
CY207736.1	418	2137	8	39	47	418
CY207736.1	420	2064	0	1	1	2064
CY207736.1	420	2136	0	1	1	2136
CY207736.1	425	1660	0	1	1	1660
CY207736.1	426	2065	0	2	2	2065
CY207736.1	427	1891	3	0	3	427
CY207736.1	427	2162	0	2	2	2162
CY207736.1	428	2168	0	1	1	2168
CY207736.1	430	2148	0	2	2	2148
CY207736.1	430	2210	3	0	3	430
CY207736.1	432	2135	0	1	1	2135
CY207736.1	435	462	1	0	1	435
CY207736.1	436	2133	1	1	2	436
CY207736.1	436	2156	0	2	2	2156
CY207736.1	437	2149	1	2	3	437
CY207736.1	441	2064	1	2	3	441
CY207736.1	441	2163	0	6	6	2163
CY207736.1	441	2212	2	0	2	441
CY207736.1	443	2004	1	0	1	443
CY207736.1	445	2064	0	1	1	2064
CY207736.1	445	2213	0	1	1	2213
CY207736.1	445	467	0	1	1	467
CY207736.1	448	493	0	1	1	493
CY207736.1	449	1914	0	1	1	1914
CY207736.1	453	2089	0	1	1	2089
CY207736.1	454	2043	0	1	1	2043
CY207736.1	454	2059	1	1	2	454
CY207736.1	454	2112	0	3	3	2112
CY207736.1	454	2153	2	3	5	454
CY207736.1	458	2108	5	12	17	458
CY207736.1	459	2156	0	2	2	2156
CY207736.1	460	2000	3	0	3	460
CY207736.1	464	1955	1	0	1	464
CY207736.1	466	513	1	0	1	466
CY207736.1	467	516	0	1	1	516
CY207736.1	468	1931	1	1	2	468
CY207736.1	471	2041	1	0	1	471
CY207736.1	471	2164	28	160	188	471
CY207736.1	472	2005	1	0	1	472
CY207736.1	473	2072	0	1	1	2072
CY207736.1	475	2043	0	2	2	2043
CY207736.1	476	2047	0	1	1	2047
CY207736.1	477	2027	4	20	24	477
CY207736.1	477	2162	1	0	1	477
CY207736.1	478	2010	1	1	2	478
CY207736.1	478	2027	0	2	2	2027
CY207736.1	479	1905	0	1	1	1905
CY207736.1	480	2287	0	1	1	2287
CY207736.1	482	2042	0	1	1	2042
CY207736.1	482	635	1	0	1	482
CY207736.1	483	2010	2	0	2	483
CY207736.1	483	2168	0	2	2	2168
CY207736.1	484	516	1	1	2	484
CY207736.1	485	2032	76	92	168	485
CY207736.1	488	1959	1	0	1	488
CY207736.1	489	2190	1	0	1	489
CY207736.1	490	1788	1	0	1	490
CY207736.1	490	2028	4	3	7	490
CY207736.1	490	513	2	0	2	490
CY207736.1	491	2033	2	3	5	491
CY207736.1	492	2041	23	38	61	492
CY207736.1	492	522	11	2	13	492
CY207736.1	493	2050	0	1	1	2050
CY207736.1	494	2062	4	4	8	494
CY207736.1	494	2072	2	1	3	494
CY207736.1	494	2149	2	1	3	494
CY207736.1	495	1890	1	1	2	495
CY207736.1	497	1679	1	0	1	497
CY207736.1	500	2044	1	1	2	500
CY207736.1	500	2064	1	0	1	500
CY207736.1	500	2133	1	1	2	500
CY207736.1	500	539	3	1	4	500
CY207736.1	503	2027	2	2	4	503
CY207736.1	503	2049	2	2	4	503
CY207736.1	503	2063	3	0	3	503
CY207736.1	504	2010	1	0	1	504
CY207736.1	504	2101	2	0	2	504
CY207736.1	504	561	1	0	1	504
CY207736.1	506	1993	1	0	1	506
CY207736.1	511	2009	1	1	2	511
CY207736.1	512	1934	1	2	3	512
CY207736.1	512	2030	3	0	3	512
CY207736.1	512	2066	1	2	3	512
CY207736.1	512	562	2	0	2	512
CY207736.1	512	569	1	1	2	512
CY207736.1	513	540	1	0	1	513
CY207736.1	514	2031	3	3	6	514
CY207736.1	517	2034	0	1	1	2034
CY207736.1	521	2018	1	0	1	521
CY207736.1	522	2019	2	1	3	522
CY207736.1	524	1614	1	0	1	524
CY207736.1	531	2042	0	2	2	2042
CY207736.1	532	2049	0	1	1	2049
CY207736.1	535	1634	1	0	1	535
CY207736.1	537	2057	2	1	3	537
CY207736.1	540	2045	0	2	2	2045
CY207736.1	546	1994	1	1	2	546
CY207736.1	546	2033	0	1	1	2033
CY207736.1	547	1916	2	0	2	547
CY207736.1	548	1905	0	1	1	1905
CY207736.1	549	1941	3	2	5	549
CY207736.1	549	2028	6	4	10	549
CY207736.1	549	2035	5	4	9	549
CY207736.1	551	2009	2	1	3	551
CY207736.1	551	2089	0	1	1	2089
CY207736.1	553	1989	1	0	1	553
CY207736.1	555	1888	3	1	4	555
CY207736.1	555	2017	0	4	4	2017
CY207736.1	555	2065	1	0	1	555
CY207736.1	556	1986	1	0	1	556
CY207736.1	562	2051	0	1	1	2051
CY207736.1	563	1950	7	0	7	563
CY207736.1	563	1993	1	0	1	563
CY207736.1	569	1963	1	0	1	569
CY207736.1	572	881	1	0	1	572
CY207736.1	574	1733	1	2	3	574
CY207736.1	576	613	1	0	1	576
CY207736.1	579	1830	1	0	1	579
CY207736.1	580	1826	0	1	1	1826
CY207736.1	580	1833	2	1	3	580
CY207736.1	580	2140	0	2	2	2140
CY207736.1	581	1319	0	1	1	1319
CY207736.1	582	1000	0	1	1	1000
CY207736.1	582	1846	1	0	1	582
CY207736.1	584	1509	2	0	2	584
CY207736.1	584	1953	1	0	1	584
CY207736.1	585	1998	2	1	3	585
CY207736.1	587	1871	0	1	1	1871
CY207736.1	588	2044	0	1	1	2044
CY207736.1	595	1962	2	1	3	595
CY207736.1	595	620	1	1	2	595
CY207736.1	596	2002	1	0	1	596
CY207736.1	597	2009	0	1	1	2009
CY207736.1	603	1088	1	0	1	603
CY207736.1	606	1945	1	2	3	606
CY207736.1	606	1971	9	8	17	606
CY207736.1	607	636	1	1	2	607
CY207736.1	608	1945	1	3	4	608
CY207736.1	608	1996	1	0	1	608
CY207736.1	610	1864	50	25	75	610
CY207736.1	616	1867	1	0	1	616
CY207736.1	617	1865	0	1	1	1865
CY207736.1	617	1898	4	0	4	617
CY207736.1	619	1902	1	0	1	619
CY207736.1	625	1900	1	0	1	625
CY207736.1	633	1746	0	1	1	1746
CY207736.1	640	1933	3	0	3	640
CY207736.1	643	1918	1	0	1	643
CY207736.1	647	1912	1	0	1	647
CY207736.1	649	1854	1	0	1	649
CY207736.1	650	673	0	2	2	673
CY207736.1	667	1941	2	0	2	667
CY207736.1	673	1882	18	9	27	673
CY207736.1	673	1987	1	0	1	673
CY207736.1	673	1994	2	1	3	673
CY207736.1	674	1845	1	1	2	674
CY207736.1	674	1878	1	0	1	674
CY207736.1	674	1889	0	1	1	1889
CY207736.1	679	1835	1	0	1	679
CY207736.1	679	2103	0	2	2	2103
CY207736.1	686	1843	1	0	1	686
CY207736.1	686	1952	1	0	1	686
CY207736.1	688	1900	0	1	1	1900
CY207736.1	688	2080	2	1	3	688
CY207736.1	689	771	1	0	1	689
CY207736.1	692	1896	1	0	1	692
CY207736.1	696	779	1	0	1	696
CY207736.1	699	1691	1	1	2	699
CY207736.1	699	1995	4	5	9	699
CY207736.1	702	1922	1	1	2	702
CY207736.1	704	1838	0	1	1	1838
CY207736.1	707	1988	1	0	1	707
CY207736.1	709	1813	0	2	2	1813
CY207736.1	710	1845	2	1	3	710
CY207736.1	711	1861	0	1	1	1861
CY207736.1	711	2028	1	1	2	711
CY207736.1	720	1176	1	0	1	720
CY207736.1	723	1994	0	1	1	1994
CY207736.1	724	1260	1	0	1	724
CY207736.1	724	1855	5	2	7	724
CY207736.1	724	1878	1	2	3	724
CY207736.1	728	1736	1	0	1	728
CY207736.1	729	1806	3	2	5	729
CY207736.1	731	773	1	0	1	731
CY207736.1	740	1827	1	0	1	740
CY207736.1	745	1856	4	2	6	745
CY207736.1	749	1888	1	2	3	749
CY207736.1	749	787	1	0	1	749
CY207736.1	753	1792	1	0	1	753
CY207736.1	753	1864	3	3	6	753
CY207736.1	753	1896	0	1	1	1896
CY207736.1	762	1868	0	1	1	1868
CY207736.1	763	1875	0	1	1	1875
CY207736.1	764	1307	0	1	1	1307
CY207736.1	767	1952	7	0	7	767
CY207736.1	772	1971	5	0	5	772
CY207736.1	773	1806	0	3	3	1806
CY207736.1	775	1750	0	1	1	1750
CY207736.1	776	2051	0	1	1	2051
CY207736.1	782	1853	2	0	2	782
CY207736.1	783	1893	1	0	1	783
CY207736.1	785	1908	1	0	1	785
CY207736.1	787	1855	0	1	1	1855
CY207736.1	803	1830	1	1	2	803
CY207736.1	811	2259	1	0	1	811
CY207736.1	812	1545	0	1	1	1545
CY207736.1	814	1710	1	0	1	814
CY207736.1	823	1719	1	0	1	823
CY207736.1	827	1521	1	0	1	827
CY207736.1	829	1006	1	0	1	829
CY207736.1	831	1308	1	0	1	831
CY207736.1	836	1684	1	1	2	836
CY207736.1	842	2225	0	1	1	2225
CY207736.1	846	2069	0	1	1	2069
CY207736.1	847	1740	8	17	25	847
CY207736.1	850	917	0	1	1	917
CY207736.1	851	1695	1	0	1	851
CY207736.1	851	1736	0	1	1	1736
CY207736.1	851	1742	3	8	11	851
CY207736.1	863	1601	0	1	1	1601
CY207736.1	878	1977	0	1	1	1977
CY207736.1	899	2317	0	1	1	2317
CY207736.1	911	1858	0	1	1	1858
CY207736.1	913	1648	0	1	1	1648
CY207736.1	915	1667	1	1	2	915
CY207736.1	925	1173	2	0	2	925
CY207736.1	943	985	1	0	1	943
CY207736.1	946	2365	0	1	1	2365
CY207736.1	953	2004	1	0	1	953
CY207736.1	983	1958	0	1	1	1958
CY207736.1	997	2255	1	2	3	997
CY207737.1	1024	1176	1	0	1	1024
CY207737.1	1026	1614	1	1	2	1026
CY207737.1	1055	1639	0	1	1	1639
CY207737.1	1075	2235	1	0	1	1075
CY207737.1	1129	2218	1	0	1	1129
CY207737.1	1185	1397	0	1	1	1397
CY207737.1	1284	1632	0	1	1	1632
CY207737.1	1311	2172	1	0	1	1311
CY207737.1	1323	2003	1	0	1	1323
CY207737.1	1337	1904	1	0	1	1337
CY207737.1	1366	2084	0	1	1	2084
CY207737.1	1417	1894	0	1	1	1894
CY207737.1	1444	2193	1	0	1	1444
CY207737.1	1639	2251	0	1	1	2251
CY207737.1	1717	2348	1	0	1	1717
CY207737.1	1737	1888	0	1	1	1888
CY207737.1	2045	2237	8	2	10	2045
CY207737.1	2054	2152	1	0	1	2054
CY207737.1	2094	2122	2	0	2	2094
CY207737.1	2129	2199	1	0	1	2129
CY207737.1	2165	2193	2	0	2	2165
CY207737.1	2203	2302	1	0	1	2203
CY207737.1	2214	2318	1	0	1	2214
CY207737.1	2283	2451	0	3	3	2451
CY207737.1	2291	2354	21	8	29	2291
CY207737.1	2321	2358	0	3	3	2358
CY207737.1	2331	2355	1	1	2	2331
CY207737.1	2338	2452	3	14	17	2338
CY207737.1	2342	2451	1	5	6	2342
CY207737.1	238	264	3	0	3	238
CY207737.1	238	298	2	0	2	238
CY207737.1	240	264	14	0	14	240
CY207737.1	240	271	3	0	3	240
CY207737.1	2413	2450	0	7	7	2450
CY207737.1	2414	2450	0	1	1	2450
CY207737.1	2418	2450	0	1	1	2450
CY207737.1	241	267	5	0	5	241
CY207737.1	241	294	6	0	6	241
CY207737.1	2428	2450	0	4	4	2450
CY207737.1	2440	2466	0	1	1	2466
CY207737.1	244	1289	1	0	1	244
CY207737.1	244	2305	10	0	10	244
CY207737.1	244	2306	1	0	1	244
CY207737.1	246	314	5	0	5	246
CY207737.1	247	336	4	0	4	247
CY207737.1	247	393	12	1	13	247
CY207737.1	248	273	9	0	9	248
CY207737.1	266	1262	1	0	1	266
CY207737.1	286	2321	2	0	2	286
CY207737.1	288	2243	4	0	4	288
CY207737.1	288	2254	3	0	3	288
CY207737.1	288	2322	5	0	5	288
CY207737.1	289	2359	2	0	2	289
CY207737.1	290	2451	0	5	5	2451
CY207737.1	329	2302	2	0	2	329
CY207737.1	330	2243	1	0	1	330
CY207737.1	334	2302	1	0	1	334
CY207737.1	335	2325	2	1	3	335
CY207737.1	336	2350	2	1	3	336
CY207737.1	351	2335	1	1	2	351
CY207737.1	353	2308	2	0	2	353
CY207737.1	353	2452	4	2	6	353
CY207737.1	355	2262	3	0	3	355
CY207737.1	355	2355	1	0	1	355
CY207737.1	363	2298	7	0	7	363
CY207737.1	364	2443	0	1	1	2443
CY207737.1	368	2360	1	1	2	368
CY207737.1	373	2204	0	3	3	2204
CY207737.1	374	2303	0	1	1	2303
CY207737.1	374	2438	5	3	8	374
CY207737.1	375	2260	1	0	1	375
CY207737.1	378	2186	1	0	1	378
CY207737.1	380	2208	0	1	1	2208
CY207737.1	380	2225	0	2	2	2225
CY207737.1	380	2271	2	0	2	380
CY207737.1	381	2190	12	7	19	381
CY207737.1	382	2211	0	6	6	2211
CY207737.1	383	2223	1	0	1	383
CY207737.1	387	2210	0	1	1	2210
CY207737.1	391	2189	1	1	2	391
CY207737.1	391	2195	0	2	2	2195
CY207737.1	392	2094	1	0	1	392
CY207737.1	392	2225	0	3	3	2225
CY207737.1	392	2226	1	6	7	392
CY207737.1	394	2207	0	1	1	2207
CY207737.1	394	2209	1	1	2	394
CY207737.1	402	2216	0	2	2	2216
CY207737.1	410	2192	0	2	2	2192
CY207737.1	416	2214	1	1	2	416
CY207737.1	422	2224	1	0	1	422
CY207737.1	424	2011	8	1	9	424
CY207737.1	424	2274	1	0	1	424
CY207737.1	425	2251	1	0	1	425
CY207737.1	428	2303	6	1	7	428
CY207737.1	430	2229	1	0	1	430
CY207737.1	433	2287	1	0	1	433
CY207737.1	436	2181	2	5	7	436
CY207737.1	436	2238	2	1	3	436
CY207737.1	436	2256	3	0	3	436
CY207737.1	437	2206	1	6	7	437
CY207737.1	439	2237	14	1	15	439
CY207737.1	439	2309	1	0	1	439
CY207737.1	441	2310	2	0	2	441
CY207737.1	445	2359	2	0	2	445
CY207737.1	446	2188	0	1	1	2188
CY207737.1	448	2224	5	9	14	448
CY207737.1	451	2452	0	1	1	2452
CY207737.1	454	2205	0	2	2	2205
CY207737.1	457	2076	2	0	2	457
CY207737.1	457	2242	3	0	3	457
CY207737.1	458	2193	4	1	5	458
CY207737.1	461	2091	0	1	1	2091
CY207737.1	461	484	1	0	1	461
CY207737.1	462	2071	1	1	2	462
CY207737.1	463	2239	2	1	3	463
CY207737.1	473	2160	1	0	1	473
CY207737.1	485	1529	1	0	1	485
CY207737.1	490	2198	2	4	6	490
CY207737.1	492	2180	1	1	2	492
CY207737.1	493	2070	1	1	2	493
CY207737.1	506	2062	1	0	1	506
CY207737.1	508	2250	1	2	3	508
CY207737.1	521	2247	3	1	4	521
CY207737.1	521	710	1	2	3	521
CY207737.1	529	2189	13	6	19	529
CY207737.1	531	1010	0	1	1	1010
CY207737.1	541	2050	2	0	2	541
CY207737.1	541	2086	1	0	1	541
CY207737.1	543	1783	3	3	6	543
CY207737.1	547	1378	0	1	1	1378
CY207737.1	548	2094	0	1	1	2094
CY207737.1	554	663	1	0	1	554
CY207737.1	562	2095	0	1	1	2095
CY207737.1	582	2057	1	1	2	582
CY207737.1	608	2093	2	0	2	608
CY207737.1	611	1153	0	1	1	1153
CY207737.1	615	1757	1	0	1	615
CY207737.1	623	1982	1	0	1	623
CY207737.1	626	2232	1	1	2	626
CY207737.1	646	2339	1	0	1	646
CY207737.1	653	1994	1	1	2	653
CY207737.1	658	1985	1	3	4	658
CY207737.1	696	2241	1	0	1	696
CY207737.1	709	2275	3	2	5	709
CY207737.1	739	1760	0	1	1	1760
CY207737.1	753	1984	0	2	2	1984
CY207737.1	755	1999	0	1	1	1999
CY207737.1	768	1991	0	1	1	1991
CY207737.1	779	1691	0	3	3	1691
CY207737.1	782	1799	1	0	1	782
CY207737.1	786	941	0	1	1	941
CY207737.1	791	1809	1	0	1	791
CY207737.1	791	1853	1	0	1	791
CY207737.1	793	1976	0	3	3	1976
CY207737.1	801	1524	2	0	2	801
CY207737.1	801	1921	0	1	1	1921
CY207737.1	818	1937	0	1	1	1937
CY207737.1	824	1920	0	1	1	1920
CY207737.1	834	1071	0	1	1	1071
CY207737.1	834	1864	0	1	1	1864
CY207737.1	846	1545	0	1	1	1545
CY207737.1	856	1636	1	0	1	856
CY207737.1	910	2029	0	1	1	2029
CY207737.1	910	958	1	0	1	910
CY207737.1	941	1739	0	1	1	1739
CY207737.1	942	2096	1	0	1	942
CY207738.1	1006	1932	0	1	1	1932
CY207738.1	1030	1862	0	1	1	1862
CY207738.1	1031	1636	0	1	1	1636
CY207738.1	1057	1716	2	0	2	1057
CY207738.1	1091	2228	0	1	1	2228
CY207738.1	1119	1145	1	0	1	1119
CY207738.1	1124	2330	1	1	2	1124
CY207738.1	1125	2016	0	1	1	2016
CY207738.1	1192	1645	0	1	1	1645
CY207738.1	1193	2371	0	1	1	2371
CY207738.1	1203	1805	0	1	1	1805
CY207738.1	1238	1744	1	0	1	1238
CY207738.1	1260	1337	0	1	1	1337
CY207738.1	1414	1668	0	1	1	1668
CY207738.1	1455	2312	1	0	1	1455
CY207738.1	1457	2086	0	1	1	2086
CY207738.1	1531	2002	0	1	1	2002
CY207738.1	1554	1879	0	1	1	1879
CY207738.1	1571	2154	0	1	1	2154
CY207738.1	1574	1782	1	0	1	1574
CY207738.1	1707	2226	1	0	1	1707
CY207738.1	1717	2330	1	0	1	1717
CY207738.1	1799	2044	0	1	1	2044
CY207738.1	2184	2209	0	2	2	2209
CY207738.1	2195	2218	1	0	1	2195
CY207738.1	2269	2351	0	2	2	2351
CY207738.1	2279	2365	2	0	2	2279
CY207738.1	241	1221	1	0	1	241
CY207738.1	248	2231	2	0	2	248
CY207738.1	255	2237	1	0	1	255
CY207738.1	279	313	5	1	6	279
CY207738.1	280	1851	14	0	14	280
CY207738.1	284	2349	1	0	1	284
CY207738.1	286	1808	1	0	1	286
CY207738.1	286	2243	6	0	6	286
CY207738.1	289	1757	1	0	1	289
CY207738.1	297	1807	1	1	2	297
CY207738.1	303	1428	0	1	1	1428
CY207738.1	303	1884	0	1	1	1884
CY207738.1	304	2196	1	3	4	304
CY207738.1	311	2336	1	0	1	311
CY207738.1	312	2334	1	0	1	312
CY207738.1	320	1594	1	0	1	320
CY207738.1	320	2319	5	4	9	320
CY207738.1	346	1330	0	1	1	1330
CY207738.1	346	2235	1	0	1	346
CY207738.1	353	2293	1	0	1	353
CY207738.1	354	1402	0	1	1	1402
CY207738.1	357	2246	2	0	2	357
CY207738.1	362	2317	1	3	4	362
CY207738.1	362	386	0	4	4	386
CY207738.1	365	1924	2	8	10	365
CY207738.1	367	2234	2	1	3	367
CY207738.1	367	2311	0	1	1	2311
CY207738.1	367	2333	1	3	4	367
CY207738.1	368	2168	0	4	4	2168
CY207738.1	369	1492	1	0	1	369
CY207738.1	370	2283	0	1	1	2283
CY207738.1	371	2296	0	1	1	2296
CY207738.1	371	2311	8	9	17	371
CY207738.1	372	2237	2	0	2	372
CY207738.1	373	2104	0	1	1	2104
CY207738.1	373	2297	0	2	2	2297
CY207738.1	374	2311	2	7	9	374
CY207738.1	374	2313	1	2	3	374
CY207738.1	374	411	2	1	3	374
CY207738.1	375	1642	1	0	1	375
CY207738.1	375	2264	0	3	3	2264
CY207738.1	382	2334	3	3	6	382
CY207738.1	386	2327	1	2	3	386
CY207738.1	386	2347	5	12	17	386
CY207738.1	387	974	0	1	1	974
CY207738.1	391	1273	0	1	1	1273
CY207738.1	396	2252	3	135	138	396
CY207738.1	407	2389	0	2	2	2389
CY207738.1	408	2215	1	0	1	408
CY207738.1	411	1709	0	1	1	1709
CY207738.1	415	2215	1	1	2	415
CY207738.1	416	2178	1	2	3	416
CY207738.1	416	807	1	0	1	416
CY207738.1	417	2171	0	3	3	2171
CY207738.1	417	2330	0	1	1	2330
CY207738.1	419	2191	1	5	6	419
CY207738.1	419	2247	1	0	1	419
CY207738.1	419	2311	1	1	2	419
CY207738.1	429	2279	0	5	5	2279
CY207738.1	431	2281	0	2	2	2281
CY207738.1	433	2330	2	0	2	433
CY207738.1	435	2252	0	3	3	2252
CY207738.1	437	2104	0	6	6	2104
CY207738.1	440	2334	11	5	16	440
CY207738.1	445	2194	0	3	3	2194
CY207738.1	445	2339	0	2	2	2339
CY207738.1	446	2283	1	1	2	446
CY207738.1	448	2108	1	0	1	448
CY207738.1	449	1275	0	1	1	1275
CY207738.1	451	2209	1	0	1	451
CY207738.1	452	2031	0	7	7	2031
CY207738.1	453	1971	0	2	2	1971
CY207738.1	453	2152	1	4	5	453
CY207738.1	453	2210	9	16	25	453
CY207738.1	457	2256	0	5	5	2256
CY207738.1	459	2280	0	2	2	2280
CY207738.1	460	2297	3	2	5	460
CY207738.1	463	2196	2	1	3	463
CY207738.1	464	2198	2	1	3	464
CY207738.1	464	2209	0	3	3	2209
CY207738.1	466	2253	0	3	3	2253
CY207738.1	466	2265	0	1	1	2265
CY207738.1	466	2358	0	1	1	2358
CY207738.1	468	2247	0	1	1	2247
CY207738.1	470	2132	1	2	3	470
CY207738.1	471	2101	0	1	1	2101
CY207738.1	472	2264	0	2	2	2264
CY207738.1	477	2170	0	1	1	2170
CY207738.1	494	2115	2	0	2	494
CY207738.1	495	2170	2	9	11	495
CY207738.1	496	2013	0	2	2	2013
CY207738.1	504	2175	0	1	1	2175
CY207738.1	505	2302	1	0	1	505
CY207738.1	510	2204	2	2	4	510
CY207738.1	514	2070	0	3	3	2070
CY207738.1	516	874	0	1	1	874
CY207738.1	522	2092	1	1	2	522
CY207738.1	523	2020	6	12	18	523
CY207738.1	529	2141	1	0	1	529
CY207738.1	530	1917	0	1	1	1917
CY207738.1	538	2149	33	55	88	538
CY207738.1	541	2389	1	1	2	541
CY207738.1	545	2165	1	1	2	545
CY207738.1	550	2162	1	0	1	550
CY207738.1	553	2260	1	2	3	553
CY207738.1	554	2004	0	1	1	2004
CY207738.1	554	2210	2	2	4	554
CY207738.1	555	2197	1	2	3	555
CY207738.1	558	2053	5	8	13	558
CY207738.1	561	2169	0	2	2	2169
CY207738.1	585	2072	0	2	2	2072
CY207738.1	605	1974	0	2	2	1974
CY207738.1	606	2035	6	33	39	606
CY207738.1	609	1412	0	1	1	1412
CY207738.1	615	1814	1	0	1	615
CY207738.1	640	1788	1	0	1	640
CY207738.1	641	1403	0	1	1	1403
CY207738.1	642	2171	0	2	2	2171
CY207738.1	646	1999	0	3	3	1999
CY207738.1	646	2042	0	1	1	2042
CY207738.1	647	2047	0	1	1	2047
CY207738.1	647	2336	0	1	1	2336
CY207738.1	654	2332	0	1	1	2332
CY207738.1	673	1917	1	0	1	673
CY207738.1	685	2457	0	1	1	2457
CY207738.1	695	2020	1	0	1	695
CY207738.1	696	1979	1	0	1	696
CY207738.1	699	2028	1	0	1	699
CY207738.1	707	1502	0	1	1	1502
CY207738.1	710	1924	1	0	1	710
CY207738.1	718	1898	1	0	1	718
CY207738.1	720	1937	14	18	32	720
CY207738.1	733	1936	3	3	6	733
CY207738.1	742	1933	1	0	1	742
CY207738.1	753	1872	1	0	1	753
CY207738.1	754	1346	1	0	1	754
CY207738.1	764	1925	1	1	2	764
CY207738.1	786	1383	0	1	1	1383
CY207738.1	791	1907	0	1	1	1907
CY207738.1	792	1682	2	0	2	792
CY207738.1	795	1817	1	1	2	795
CY207738.1	799	1224	1	0	1	799
CY207738.1	814	1657	2	1	3	814
CY207738.1	831	1203	0	1	1	1203
CY207738.1	834	1868	0	1	1	1868
CY207738.1	850	1860	1	0	1	850
CY207738.1	856	1833	2	0	2	856
CY207738.1	856	1914	16	15	31	856
CY207738.1	877	2184	0	2	2	2184
CY207738.1	884	1761	1	0	1	884
CY207738.1	888	1472	1	0	1	888
CY207738.1	896	1101	0	1	1	1101
CY207738.1	901	1797	1	1	2	901
CY207738.1	903	1237	1	0	1	903
CY207738.1	905	2068	0	1	1	2068
CY207738.1	905	2188	1	3	4	905
CY207738.1	910	1678	1	0	1	910
CY207738.1	931	1766	1	0	1	931
CY207738.1	946	1767	0	1	1	1767
