Segment	Start	Stop	Forward_support	Reverse_support	Total_support	Fuzz_factor
CY207731.1	1000	1460	1	0	1	1000
CY207731.1	1013	1829	1	0	1	1013
CY207731.1	1018	1595	0	1	1	1595
CY207731.1	1020	1702	1	0	1	1020
CY207731.1	1021	1759	1	0	1	1021
CY207731.1	1034	1087	0	3	3	1087
CY207731.1	1040	1698	1	0	1	1040
CY207731.1	1041	1215	1	0	1	1041
CY207731.1	1042	1512	1	0	1	1042
CY207731.1	1063	1589	1	0	1	1063
CY207731.1	1064	1284	1	0	1	1064
CY207731.1	1069	1711	1	0	1	1069
CY207731.1	1083	1281	1	0	1	1083
CY207731.1	1088	1116	0	1	1	1116
CY207731.1	1093	1599	0	1	1	1599
CY207731.1	1094	1237	1	0	1	1094
CY207731.1	1109	1718	1	0	1	1109
CY207731.1	1132	1175	3	0	3	1132
CY207731.1	1141	1704	1	0	1	1141
CY207731.1	1151	1378	1	0	1	1151
CY207731.1	1157	1753	1	0	1	1157
CY207731.1	1167	1567	1	0	1	1167
CY207731.1	1185	1477	1	0	1	1185
CY207731.1	1192	1587	0	1	1	1587
CY207731.1	1202	1891	0	1	1	1891
CY207731.1	1211	1509	0	1	1	1509
CY207731.1	1224	1283	1	0	1	1224
CY207731.1	1226	1619	1	0	1	1226
CY207731.1	1237	1365	0	1	1	1365
CY207731.1	1261	1669	1	0	1	1261
CY207731.1	1271	1894	0	1	1	1894
CY207731.1	1273	1586	0	1	1	1586
CY207731.1	1281	1479	1	0	1	1281
CY207731.1	1282	1578	1	0	1	1282
CY207731.1	1290	1336	0	4	4	1336
CY207731.1	1300	1696	1	0	1	1300
CY207731.1	1304	1326	1	0	1	1304
CY207731.1	1305	1683	0	1	1	1683
CY207731.1	1329	1718	1	0	1	1329
CY207731.1	1354	1496	0	1	1	1496
CY207731.1	1411	1484	1	0	1	1411
CY207731.1	1414	1547	1	0	1	1414
CY207731.1	1474	1731	0	1	1	1731
CY207731.1	1539	1596	0	1	1	1596
CY207731.1	1576	1655	1	0	1	1576
CY207731.1	1650	1719	0	1	1	1719
CY207731.1	1690	1742	0	1	1	1742
CY207731.1	1695	1746	2	1	3	1695
CY207731.1	1712	1766	1	0	1	1712
CY207731.1	1720	1786	1	0	1	1720
CY207731.1	262	1041	1	0	1	262
CY207731.1	264	1638	0	1	1	1638
CY207731.1	265	1639	50	4	54	265
CY207731.1	273	806	1	0	1	273
CY207731.1	279	1748	2	0	2	279
CY207731.1	286	758	1	0	1	286
CY207731.1	287	1481	4	0	4	287
CY207731.1	295	1517	0	1	1	1517
CY207731.1	337	932	1	0	1	337
CY207731.1	346	1051	1	0	1	346
CY207731.1	372	1093	0	1	1	1093
CY207731.1	372	1440	0	1	1	1440
CY207731.1	372	1680	0	1	1	1680
CY207731.1	378	1033	2	0	2	378
CY207731.1	380	965	1	0	1	380
CY207731.1	385	1605	0	1	1	1605
CY207731.1	387	743	0	1	1	743
CY207731.1	388	1077	0	1	1	1077
CY207731.1	394	430	0	1	1	430
CY207731.1	405	1425	0	1	1	1425
CY207731.1	406	1678	0	1	1	1678
CY207731.1	413	1799	0	1	1	1799
CY207731.1	413	1893	0	1	1	1893
CY207731.1	426	909	0	1	1	909
CY207731.1	438	1562	0	1	1	1562
CY207731.1	441	1697	0	1	1	1697
CY207731.1	441	560	1	0	1	441
CY207731.1	443	520	0	1	1	520
CY207731.1	445	1534	0	1	1	1534
CY207731.1	449	1375	0	1	1	1375
CY207731.1	450	1085	1	0	1	450
CY207731.1	450	944	1	0	1	450
CY207731.1	456	592	1	0	1	456
CY207731.1	456	638	0	1	1	638
CY207731.1	457	507	0	1	1	507
CY207731.1	463	525	1	0	1	463
CY207731.1	464	1635	1	0	1	464
CY207731.1	480	1839	0	1	1	1839
CY207731.1	481	1903	0	1	1	1903
CY207731.1	489	1880	0	1	1	1880
CY207731.1	500	1171	0	1	1	1171
CY207731.1	501	1782	0	1	1	1782
CY207731.1	502	1642	1	0	1	502
CY207731.1	519	1537	0	1	1	1537
CY207731.1	521	1685	1	0	1	521
CY207731.1	524	1040	1	0	1	524
CY207731.1	524	570	1	0	1	524
CY207731.1	526	1243	3	2	5	526
CY207731.1	534	894	0	1	1	894
CY207731.1	539	1162	1	0	1	539
CY207731.1	540	1775	0	1	1	1775
CY207731.1	541	1517	2	4	6	541
CY207731.1	542	1623	1	0	1	542
CY207731.1	555	976	0	1	1	976
CY207731.1	561	1018	0	2	2	1018
CY207731.1	565	1641	0	1	1	1641
CY207731.1	568	1204	4	0	4	568
CY207731.1	569	1205	0	1	1	1205
CY207731.1	579	1726	1	0	1	579
CY207731.1	584	1206	1	0	1	584
CY207731.1	600	1511	0	1	1	1511
CY207731.1	621	1516	1	0	1	621
CY207731.1	638	1790	1	0	1	638
CY207731.1	641	1187	0	1	1	1187
CY207731.1	647	1289	0	1	1	1289
CY207731.1	656	1093	1	0	1	656
CY207731.1	661	1538	0	1	1	1538
CY207731.1	670	1898	0	1	1	1898
CY207731.1	684	832	1	0	1	684
CY207731.1	688	741	0	1	1	741
CY207731.1	699	803	1	0	1	699
CY207731.1	703	1153	0	1	1	1153
CY207731.1	728	1820	1	0	1	728
CY207731.1	741	1324	1	0	1	741
CY207731.1	752	1702	1	0	1	752
CY207731.1	781	1016	1	0	1	781
CY207731.1	786	1539	0	1	1	1539
CY207731.1	801	923	0	1	1	923
CY207731.1	812	1157	1	0	1	812
CY207731.1	819	1672	0	1	1	1672
CY207731.1	845	1194	0	1	1	1194
CY207731.1	862	1002	1	0	1	862
CY207731.1	866	967	1	0	1	866
CY207731.1	873	1093	1	0	1	873
CY207731.1	874	1184	0	1	1	1184
CY207731.1	890	1366	0	1	1	1366
CY207731.1	923	1359	1	0	1	923
CY207731.1	946	968	0	1	1	968
CY207731.1	948	1837	1	0	1	948
CY207731.1	967	1021	1	0	1	967
CY207731.1	967	1485	0	1	1	1485
CY207731.1	981	1109	1	0	1	981
CY207731.1	982	1174	0	1	1	1174
CY207731.1	986	1027	0	1	1	1027
CY207731.1	997	1312	1	0	1	997
CY207732.1	1003	1147	0	1	1	1147
CY207732.1	1011	1106	0	1	1	1106
CY207732.1	1045	1070	1	0	1	1045
CY207732.1	1112	1136	0	1	1	1136
CY207732.1	243	882	1	0	1	243
CY207732.1	262	412	1	0	1	262
CY207732.1	271	951	1	0	1	271
CY207732.1	274	966	1	0	1	274
CY207732.1	288	1003	3	0	3	288
CY207732.1	308	923	0	1	1	923
CY207732.1	328	804	0	1	1	804
CY207732.1	357	529	0	1	1	529
CY207732.1	364	760	0	1	1	760
CY207732.1	369	1042	1	0	1	369
CY207732.1	374	1104	0	1	1	1104
CY207732.1	376	713	0	1	1	713
CY207732.1	393	1105	0	1	1	1105
CY207732.1	394	769	0	1	1	769
CY207732.1	403	588	1	0	1	403
CY207732.1	403	637	0	1	1	637
CY207732.1	414	594	1	0	1	414
CY207732.1	414	692	0	1	1	692
CY207732.1	419	706	0	1	1	706
CY207732.1	438	481	0	1	1	481
CY207732.1	438	723	0	1	1	723
CY207732.1	458	584	0	1	1	584
CY207732.1	477	777	0	1	1	777
CY207732.1	483	1064	1	0	1	483
CY207732.1	501	1030	0	1	1	1030
CY207732.1	508	590	1	2	3	508
CY207732.1	534	1173	0	1	1	1173
CY207732.1	551	900	1	0	1	551
CY207732.1	554	938	0	1	1	938
CY207732.1	557	622	1	0	1	557
CY207732.1	572	706	0	2	2	706
CY207732.1	584	687	0	3	3	687
CY207732.1	585	802	1	1	2	585
CY207732.1	589	862	1	2	3	589
CY207732.1	595	702	0	1	1	702
CY207732.1	595	982	1	0	1	595
CY207732.1	606	955	2	1	3	606
CY207732.1	612	959	0	1	1	959
CY207732.1	613	708	0	1	1	708
CY207732.1	620	731	0	1	1	731
CY207732.1	622	710	1	0	1	622
CY207732.1	626	920	0	1	1	920
CY207732.1	629	718	0	1	1	718
CY207732.1	629	750	1	0	1	629
CY207732.1	629	957	0	1	1	957
CY207732.1	647	1103	1	0	1	647
CY207732.1	652	789	0	1	1	789
CY207732.1	655	855	1	0	1	655
CY207732.1	661	1041	1	0	1	661
CY207732.1	661	709	1	0	1	661
CY207732.1	679	815	3	1	4	679
CY207732.1	681	964	0	2	2	964
CY207732.1	685	839	1	3	4	685
CY207732.1	686	840	2	0	2	686
CY207732.1	691	752	0	1	1	752
CY207732.1	716	764	1	0	1	716
CY207732.1	718	860	4	14	18	718
CY207732.1	720	1001	1	0	1	720
CY207732.1	723	763	0	1	1	763
CY207732.1	749	771	0	1	1	771
CY207732.1	751	1066	0	1	1	1066
CY207732.1	758	954	0	1	1	954
CY207732.1	774	965	1	0	1	774
CY207732.1	776	1015	0	1	1	1015
CY207732.1	782	961	1	0	1	782
CY207732.1	790	833	1	1	2	790
CY207732.1	830	948	1	0	1	830
CY207732.1	837	959	1	0	1	837
CY207732.1	869	959	0	1	1	959
CY207732.1	880	1111	1	0	1	880
CY207732.1	932	995	0	1	1	995
CY207733.1	1018	1074	0	2	2	1074
CY207733.1	1031	1556	0	1	1	1556
CY207733.1	1148	1354	1	0	1	1148
CY207733.1	1244	1356	0	1	1	1356
CY207733.1	1264	1286	0	1	1	1286
CY207733.1	1287	1390	1	0	1	1287
CY207733.1	1308	1469	1	0	1	1308
CY207733.1	1538	1570	0	1	1	1570
CY207733.1	1542	1568	0	1	1	1568
CY207733.1	242	1226	3	0	3	242
CY207733.1	244	820	6	1	7	244
CY207733.1	247	283	3	0	3	247
CY207733.1	251	826	1	0	1	251
CY207733.1	262	1202	1	0	1	262
CY207733.1	264	1366	1	0	1	264
CY207733.1	272	1546	3	0	3	272
CY207733.1	277	1215	1	0	1	277
CY207733.1	309	1381	0	1	1	1381
CY207733.1	347	889	0	1	1	889
CY207733.1	351	1039	1	0	1	351
CY207733.1	370	1483	0	1	1	1483
CY207733.1	399	1232	1	1	2	399
CY207733.1	412	781	1	0	1	412
CY207733.1	419	1377	4	3	7	419
CY207733.1	443	1334	1	0	1	443
CY207733.1	455	1578	0	1	1	1578
CY207733.1	488	546	0	1	1	546
CY207733.1	524	1367	1	0	1	524
CY207733.1	540	1420	1	0	1	540
CY207733.1	620	1014	0	1	1	1014
CY207733.1	635	944	1	0	1	635
CY207733.1	679	809	0	1	1	809
CY207733.1	695	911	0	1	1	911
CY207733.1	811	1286	1	0	1	811
CY207733.1	820	1284	0	1	1	1284
CY207733.1	844	1280	0	1	1	1280
CY207733.1	997	1030	1	0	1	997
CY207734.1	1001	1370	1	0	1	1001
CY207734.1	1003	1307	0	1	1	1307
CY207734.1	1035	1192	1	0	1	1035
CY207734.1	1037	1151	1	0	1	1037
CY207734.1	1057	1324	0	1	1	1324
CY207734.1	1106	1265	0	1	1	1265
CY207734.1	1107	1168	0	1	1	1168
CY207734.1	1189	1541	1	0	1	1189
CY207734.1	1293	1469	0	1	1	1469
CY207734.1	1332	1420	0	1	1	1420
CY207734.1	1362	1530	1	0	1	1362
CY207734.1	1378	1462	1	0	1	1378
CY207734.1	1399	1506	1	0	1	1399
CY207734.1	1415	1589	1	0	1	1415
CY207734.1	1418	1705	0	1	1	1705
CY207734.1	1457	1484	0	1	1	1484
CY207734.1	1459	1493	1	0	1	1459
CY207734.1	1516	1619	1	0	1	1516
CY207734.1	1547	1589	1	0	1	1547
CY207734.1	1578	1617	1	0	1	1578
CY207734.1	1585	1635	0	1	1	1635
CY207734.1	1589	1695	0	1	1	1695
CY207734.1	264	838	1	0	1	264
CY207734.1	280	1544	1	0	1	280
CY207734.1	280	544	1	0	1	280
CY207734.1	283	1119	1	0	1	283
CY207734.1	324	484	1	0	1	324
CY207734.1	339	1263	0	1	1	1263
CY207734.1	340	1123	1	0	1	340
CY207734.1	340	677	1	0	1	340
CY207734.1	343	1132	0	1	1	1132
CY207734.1	350	1208	0	1	1	1208
CY207734.1	366	1483	2	4	6	366
CY207734.1	377	1335	0	1	1	1335
CY207734.1	389	1601	1	3	4	389
CY207734.1	397	1520	1	0	1	397
CY207734.1	404	848	0	1	1	848
CY207734.1	405	742	0	1	1	742
CY207734.1	406	961	1	0	1	406
CY207734.1	409	1505	0	1	1	1505
CY207734.1	417	608	0	1	1	608
CY207734.1	421	1298	1	0	1	421
CY207734.1	426	567	1	0	1	426
CY207734.1	426	634	1	0	1	426
CY207734.1	439	731	0	1	1	731
CY207734.1	441	712	1	0	1	441
CY207734.1	444	565	0	1	1	565
CY207734.1	446	1446	1	0	1	446
CY207734.1	448	1420	0	1	1	1420
CY207734.1	453	1404	1	4	5	453
CY207734.1	456	1455	2	2	4	456
CY207734.1	469	692	0	1	1	692
CY207734.1	478	1247	0	1	1	1247
CY207734.1	481	1413	1	0	1	481
CY207734.1	499	1294	1	0	1	499
CY207734.1	501	1312	0	1	1	1312
CY207734.1	517	702	1	0	1	517
CY207734.1	520	1148	0	1	1	1148
CY207734.1	520	869	0	1	1	869
CY207734.1	521	1534	0	1	1	1534
CY207734.1	521	841	1	1	2	521
CY207734.1	534	1320	1	0	1	534
CY207734.1	534	1347	0	1	1	1347
CY207734.1	542	752	0	1	1	752
CY207734.1	554	1565	0	1	1	1565
CY207734.1	573	758	0	1	1	758
CY207734.1	581	732	1	0	1	581
CY207734.1	586	1409	0	1	1	1409
CY207734.1	591	704	1	0	1	591
CY207734.1	600	1482	0	1	1	1482
CY207734.1	613	1678	0	1	1	1678
CY207734.1	622	1027	0	1	1	1027
CY207734.1	626	1130	0	1	1	1130
CY207734.1	629	1129	0	1	1	1129
CY207734.1	634	975	0	1	1	975
CY207734.1	674	1452	0	1	1	1452
CY207734.1	680	1669	0	1	1	1669
CY207734.1	690	1647	0	1	1	1647
CY207734.1	692	1147	1	0	1	692
CY207734.1	706	1491	1	0	1	706
CY207734.1	718	758	0	1	1	758
CY207734.1	729	1506	1	0	1	729
CY207734.1	755	1169	0	1	1	1169
CY207734.1	765	1619	0	1	1	1619
CY207734.1	779	1217	0	1	1	1217
CY207734.1	790	1098	0	1	1	1098
CY207734.1	794	1407	1	0	1	794
CY207734.1	796	989	3	1	4	796
CY207734.1	798	831	0	1	1	831
CY207734.1	800	1262	1	0	1	800
CY207734.1	822	1305	1	0	1	822
CY207734.1	823	1192	0	1	1	1192
CY207734.1	829	1397	1	0	1	829
CY207734.1	839	1359	1	0	1	839
CY207734.1	840	1234	0	1	1	1234
CY207734.1	902	1043	0	1	1	1043
CY207734.1	906	1294	1	0	1	906
CY207734.1	907	1492	1	0	1	907
CY207734.1	936	982	0	1	1	982
CY207734.1	962	1048	0	1	1	1048
CY207734.1	971	1042	0	1	1	1042
CY207734.1	987	1285	0	1	1	1285
CY207734.1	993	1296	0	1	1	1296
CY207735.1	1002	1033	0	8	8	1033
CY207735.1	251	732	2	0	2	251
CY207735.1	312	356	0	1	1	356
CY207735.1	377	841	2	8	10	377
CY207735.1	432	673	1	15	16	432
CY207735.1	471	643	1	0	1	471
CY207735.1	487	612	1	1	2	487
CY207735.1	499	729	2	0	2	499
CY207735.1	511	740	43	84	127	511
CY207735.1	513	786	2	0	2	513
CY207735.1	519	746	0	3	3	746
CY207735.1	592	662	1	1	2	592
CY207735.1	594	888	1	0	1	594
CY207735.1	604	734	0	3	3	734
CY207735.1	785	1032	0	1	1	1032
CY207735.1	840	865	3	0	3	840
CY207735.1	840	875	0	1	1	875
CY207735.1	984	1009	0	3	3	1009
CY207736.1	1004	2102	0	1	1	2102
CY207736.1	1023	2255	0	1	1	2255
CY207736.1	1027	1936	0	2	2	1936
CY207736.1	1059	1997	1	1	2	1059
CY207736.1	1071	1978	2	2	4	1071
CY207736.1	1095	2005	2	1	3	1095
CY207736.1	1102	2039	0	1	1	2039
CY207736.1	1116	1931	0	1	1	1931
CY207736.1	1125	1505	1	0	1	1125
CY207736.1	1160	1300	0	1	1	1300
CY207736.1	1172	2192	1	1	2	1172
CY207736.1	1187	2059	0	1	1	2059
CY207736.1	1206	1608	1	0	1	1206
CY207736.1	1234	1627	0	1	1	1627
CY207736.1	1258	1647	3	2	5	1258
CY207736.1	1261	2264	0	1	1	2264
CY207736.1	1272	1302	1	0	1	1272
CY207736.1	1274	1782	1	0	1	1274
CY207736.1	1321	2121	0	1	1	2121
CY207736.1	1324	1412	1	0	1	1324
CY207736.1	1396	1684	0	1	1	1684
CY207736.1	1448	1723	1	0	1	1448
CY207736.1	1450	1786	0	2	2	1786
CY207736.1	1457	1513	0	1	1	1513
CY207736.1	1508	1925	1	0	1	1508
CY207736.1	1510	2002	1	1	2	1510
CY207736.1	1540	2364	0	1	1	2364
CY207736.1	1566	1995	3	1	4	1566
CY207736.1	1589	2238	1	0	1	1589
CY207736.1	1639	2276	0	1	1	2276
CY207736.1	1700	2295	0	1	1	2295
CY207736.1	1701	2296	0	1	1	2296
CY207736.1	1716	2167	0	1	1	2167
CY207736.1	1781	1990	1	0	1	1781
CY207736.1	1789	2006	0	1	1	2006
CY207736.1	1910	2233	1	0	1	1910
CY207736.1	1992	2127	1	0	1	1992
CY207736.1	2090	2298	0	1	1	2298
CY207736.1	2112	2232	1	0	1	2112
CY207736.1	2123	2242	1	0	1	2123
CY207736.1	2131	2270	10	2	12	2131
CY207736.1	2133	2199	4	1	5	2133
CY207736.1	2139	2256	0	1	1	2256
CY207736.1	2155	2182	2	2	4	2155
CY207736.1	2161	2215	1	0	1	2161
CY207736.1	2167	2216	0	1	1	2216
CY207736.1	2180	2215	2	0	2	2180
CY207736.1	2208	2282	0	3	3	2282
CY207736.1	2215	2271	0	5	5	2271
CY207736.1	251	720	2	0	2	251
CY207736.1	253	283	1	0	1	253
CY207736.1	268	2222	3	0	3	268
CY207736.1	274	389	2	0	2	274
CY207736.1	277	322	9	1	10	277
CY207736.1	279	2217	2	0	2	279
CY207736.1	281	1737	1	0	1	281
CY207736.1	283	2144	5	0	5	283
CY207736.1	283	2216	2	0	2	283
CY207736.1	326	355	0	1	1	355
CY207736.1	332	2208	3	3	6	332
CY207736.1	333	2171	0	3	3	2171
CY207736.1	333	2215	3	1	4	333
CY207736.1	333	582	0	1	1	582
CY207736.1	334	2102	2	1	3	334
CY207736.1	334	2153	0	1	1	2153
CY207736.1	334	2198	1	0	1	334
CY207736.1	334	2207	1	0	1	334
CY207736.1	334	2230	2	1	3	334
CY207736.1	334	368	3	1	4	334
CY207736.1	335	2157	0	5	5	2157
CY207736.1	335	2175	1	1	2	335
CY207736.1	335	2224	0	8	8	2224
CY207736.1	336	2077	1	0	1	336
CY207736.1	346	2191	2	0	2	346
CY207736.1	346	2216	1	0	1	346
CY207736.1	351	2258	1	2	3	351
CY207736.1	360	2132	2	4	6	360
CY207736.1	360	2176	6	10	16	360
CY207736.1	360	2224	2	3	5	360
CY207736.1	362	2215	86	106	192	362
CY207736.1	363	2133	0	1	1	2133
CY207736.1	363	2148	0	2	2	2148
CY207736.1	365	2143	1	5	6	365
CY207736.1	368	2231	0	1	1	2231
CY207736.1	375	2177	0	1	1	2177
CY207736.1	377	2120	0	1	1	2120
CY207736.1	383	2141	0	1	1	2141
CY207736.1	384	2208	1	0	1	384
CY207736.1	385	2068	0	4	4	2068
CY207736.1	386	2271	1	0	1	386
CY207736.1	387	418	1	0	1	387
CY207736.1	388	2174	1	0	1	388
CY207736.1	389	2104	0	1	1	2104
CY207736.1	392	459	3	2	5	392
CY207736.1	396	2223	57	46	103	396
CY207736.1	401	2064	2	4	6	401
CY207736.1	402	2270	2	3	5	402
CY207736.1	403	2038	0	1	1	2038
CY207736.1	403	2141	0	6	6	2141
CY207736.1	403	2148	0	15	15	2148
CY207736.1	403	455	7	1	8	403
CY207736.1	410	2164	0	3	3	2164
CY207736.1	411	1583	1	0	1	411
CY207736.1	412	2062	1	0	1	412
CY207736.1	416	2271	0	1	1	2271
CY207736.1	423	2072	0	2	2	2072
CY207736.1	423	895	0	1	1	895
CY207736.1	427	472	1	0	1	427
CY207736.1	432	2147	0	11	11	2147
CY207736.1	434	2169	0	1	1	2169
CY207736.1	435	2215	24	7	31	435
CY207736.1	436	2089	2	8	10	436
CY207736.1	438	2066	0	1	1	2066
CY207736.1	439	2031	2	0	2	439
CY207736.1	439	461	17	3	20	439
CY207736.1	441	2069	1	0	1	441
CY207736.1	445	1594	3	2	5	445
CY207736.1	445	2133	0	2	2	2133
CY207736.1	448	2031	1	0	1	448
CY207736.1	449	2145	0	3	3	2145
CY207736.1	450	2059	3	0	3	450
CY207736.1	451	2012	2	1	3	451
CY207736.1	452	1935	3	0	3	452
CY207736.1	452	2047	1	0	1	452
CY207736.1	454	2050	0	1	1	2050
CY207736.1	456	2005	0	1	1	2005
CY207736.1	459	2075	9	16	25	459
CY207736.1	460	2000	3	1	4	460
CY207736.1	460	2018	3	0	3	460
CY207736.1	461	2058	1	2	3	461
CY207736.1	462	2002	0	1	1	2002
CY207736.1	467	2002	1	0	1	467
CY207736.1	468	2028	2	0	2	468
CY207736.1	469	2083	0	6	6	2083
CY207736.1	469	2119	8	20	28	469
CY207736.1	470	2040	4	0	4	470
CY207736.1	471	1918	1	0	1	471
CY207736.1	472	2032	56	69	125	472
CY207736.1	472	2056	1	0	1	472
CY207736.1	473	2072	2	1	3	473
CY207736.1	473	2125	0	1	1	2125
CY207736.1	476	2009	5	5	10	476
CY207736.1	477	2010	1	0	1	477
CY207736.1	477	2063	19	13	32	477
CY207736.1	477	2135	0	2	2	2135
CY207736.1	477	2152	0	17	17	2152
CY207736.1	478	1536	1	0	1	478
CY207736.1	481	1111	1	0	1	481
CY207736.1	481	2080	0	1	1	2080
CY207736.1	482	2011	33	26	59	482
CY207736.1	482	2098	5	2	7	482
CY207736.1	482	2132	1	0	1	482
CY207736.1	483	2168	0	1	1	2168
CY207736.1	484	2012	3	0	3	484
CY207736.1	487	2040	4	22	26	487
CY207736.1	489	2019	2	1	3	489
CY207736.1	491	2239	1	0	1	491
CY207736.1	492	1999	4	1	5	492
CY207736.1	493	2050	2	2	4	493
CY207736.1	497	2141	1	0	1	497
CY207736.1	498	2070	4	0	4	498
CY207736.1	499	2026	2	2	4	499
CY207736.1	500	1840	3	6	9	500
CY207736.1	500	2028	1	0	1	500
CY207736.1	500	2089	8	16	24	500
CY207736.1	500	539	1	1	2	500
CY207736.1	503	2063	1	1	2	503
CY207736.1	504	2186	2	0	2	504
CY207736.1	507	2141	27	14	41	507
CY207736.1	510	2070	31	36	67	510
CY207736.1	511	1971	2	0	2	511
CY207736.1	512	2011	3	1	4	512
CY207736.1	513	557	1	0	1	513
CY207736.1	516	889	0	1	1	889
CY207736.1	523	2043	70	60	130	523
CY207736.1	524	2038	2	5	7	524
CY207736.1	530	1270	1	0	1	530
CY207736.1	532	2049	0	7	7	2049
CY207736.1	534	2027	0	1	1	2027
CY207736.1	540	1974	2	0	2	540
CY207736.1	541	1972	5	3	8	541
CY207736.1	542	601	1	0	1	542
CY207736.1	547	2006	1	0	1	547
CY207736.1	549	2034	4	1	5	549
CY207736.1	552	1852	2	0	2	552
CY207736.1	553	2029	2	1	3	553
CY207736.1	555	1941	16	2	18	555
CY207736.1	555	2028	10	6	16	555
CY207736.1	555	2034	1	0	1	555
CY207736.1	556	1869	1	0	1	556
CY207736.1	560	2009	3	0	3	560
CY207736.1	562	2009	1	0	1	562
CY207736.1	562	2012	1	0	1	562
CY207736.1	562	2051	0	2	2	2051
CY207736.1	563	1960	1	0	1	563
CY207736.1	563	1995	1	0	1	563
CY207736.1	564	2012	5	2	7	564
CY207736.1	564	2035	0	2	2	2035
CY207736.1	565	1997	4	1	5	565
CY207736.1	566	2223	3	0	3	566
CY207736.1	567	2009	4	0	4	567
CY207736.1	567	2130	1	3	4	567
CY207736.1	572	1481	1	0	1	572
CY207736.1	572	1814	1	1	2	572
CY207736.1	573	1535	1	0	1	573
CY207736.1	573	1997	2	0	2	573
CY207736.1	574	1733	1	0	1	574
CY207736.1	577	1993	2	2	4	577
CY207736.1	579	1950	1	0	1	579
CY207736.1	580	1870	4	1	5	580
CY207736.1	581	1091	2	0	2	581
CY207736.1	581	2042	1	1	2	581
CY207736.1	584	1961	2	0	2	584
CY207736.1	585	2023	2	1	3	585
CY207736.1	586	685	1	0	1	586
CY207736.1	587	1917	2	1	3	587
CY207736.1	589	1931	4	0	4	589
CY207736.1	595	1861	1	0	1	595
CY207736.1	596	2002	2	0	2	596
CY207736.1	597	1912	1	0	1	597
CY207736.1	598	1837	1	0	1	598
CY207736.1	599	1994	4	4	8	599
CY207736.1	600	1877	2	0	2	600
CY207736.1	600	2005	4	3	7	600
CY207736.1	602	1753	0	1	1	1753
CY207736.1	603	1993	2	2	4	603
CY207736.1	606	2218	21	4	25	606
CY207736.1	608	1864	1	0	1	608
CY207736.1	609	2028	2	0	2	609
CY207736.1	611	1909	1	0	1	611
CY207736.1	616	2147	0	3	3	2147
CY207736.1	616	2222	3	1	4	616
CY207736.1	618	1852	1	0	1	618
CY207736.1	618	1903	4	0	4	618
CY207736.1	620	1772	2	2	4	620
CY207736.1	620	2030	2	0	2	620
CY207736.1	622	1767	1	0	1	622
CY207736.1	623	1954	12	15	27	623
CY207736.1	623	2056	0	1	1	2056
CY207736.1	625	1900	1	0	1	625
CY207736.1	627	1889	23	0	23	627
CY207736.1	630	1935	1	0	1	630
CY207736.1	632	1736	3	4	7	632
CY207736.1	634	1846	0	1	1	1846
CY207736.1	635	1896	94	54	148	635
CY207736.1	635	1931	5	5	10	635
CY207736.1	636	1956	2	0	2	636
CY207736.1	637	1943	0	1	1	1943
CY207736.1	640	1867	2	0	2	640
CY207736.1	642	1928	22	22	44	642
CY207736.1	643	1746	1	1	2	643
CY207736.1	657	1731	1	2	3	657
CY207736.1	665	1761	10	11	21	665
CY207736.1	669	1616	2	0	2	669
CY207736.1	673	1722	2	0	2	673
CY207736.1	674	1623	1	0	1	674
CY207736.1	674	1642	1	0	1	674
CY207736.1	676	1806	1	2	3	676
CY207736.1	682	1896	1	1	2	682
CY207736.1	684	1870	14	9	23	684
CY207736.1	685	1666	1	1	2	685
CY207736.1	685	1793	4	2	6	685
CY207736.1	686	1916	5	3	8	686
CY207736.1	694	1882	1	0	1	694
CY207736.1	695	1938	0	1	1	1938
CY207736.1	698	801	0	1	1	801
CY207736.1	708	1813	3	1	4	708
CY207736.1	709	1519	0	1	1	1519
CY207736.1	709	1636	8	2	10	709
CY207736.1	709	1784	1	0	1	709
CY207736.1	710	1785	5	4	9	710
CY207736.1	710	1864	8	7	15	710
CY207736.1	711	1827	9	9	18	711
CY207736.1	711	1995	2	0	2	711
CY207736.1	712	739	2	0	2	712
CY207736.1	717	1594	1	0	1	717
CY207736.1	717	2043	2	4	6	717
CY207736.1	722	1649	0	1	1	1649
CY207736.1	722	1788	12	15	27	722
CY207736.1	723	1647	1	0	1	723
CY207736.1	723	1994	3	5	8	723
CY207736.1	724	2172	0	1	1	2172
CY207736.1	725	1791	0	1	1	1791
CY207736.1	727	1971	1	1	2	727
CY207736.1	731	1868	21	5	26	731
CY207736.1	736	1890	0	1	1	1890
CY207736.1	740	1716	0	1	1	1716
CY207736.1	741	1873	5	4	9	741
CY207736.1	742	2258	2	0	2	742
CY207736.1	744	1431	1	0	1	744
CY207736.1	750	2254	1	0	1	750
CY207736.1	753	1918	5	2	7	753
CY207736.1	760	1889	0	1	1	1889
CY207736.1	767	1952	6	0	6	767
CY207736.1	771	1889	1	0	1	771
CY207736.1	773	1762	2	1	3	773
CY207736.1	773	1895	2	0	2	773
CY207736.1	774	1589	0	1	1	1589
CY207736.1	781	2023	0	1	1	2023
CY207736.1	783	864	0	1	1	864
CY207736.1	805	1677	3	3	6	805
CY207736.1	805	1903	1	1	2	805
CY207736.1	805	852	2	1	3	805
CY207736.1	807	1650	2	0	2	807
CY207736.1	812	2069	0	1	1	2069
CY207736.1	814	1710	2	0	2	814
CY207736.1	823	1761	1	1	2	823
CY207736.1	830	1723	2	1	3	830
CY207736.1	835	1656	3	3	6	835
CY207736.1	858	1712	2	1	3	858
CY207736.1	893	1709	0	1	1	1709
CY207736.1	908	1617	0	1	1	1617
CY207736.1	925	1173	0	1	1	1173
CY207736.1	926	1079	1	0	1	926
CY207736.1	931	1668	3	2	5	931
CY207736.1	973	1064	2	0	2	973
CY207736.1	976	1647	1	0	1	976
CY207737.1	1020	1681	0	4	4	1681
CY207737.1	1026	2251	0	1	1	2251
CY207737.1	1039	1563	0	1	1	1563
CY207737.1	1039	2116	1	0	1	1039
CY207737.1	1079	1729	1	1	2	1079
CY207737.1	1134	1799	1	0	1	1134
CY207737.1	1222	1487	0	1	1	1487
CY207737.1	1228	1835	0	1	1	1835
CY207737.1	1282	1323	0	1	1	1323
CY207737.1	1306	2043	0	1	1	2043
CY207737.1	1335	2155	0	1	1	2155
CY207737.1	1374	2240	1	0	1	1374
CY207737.1	1375	1776	1	0	1	1375
CY207737.1	1381	1512	1	0	1	1381
CY207737.1	1392	1884	1	0	1	1392
CY207737.1	1396	2303	1	0	1	1396
CY207737.1	1403	1848	0	1	1	1848
CY207737.1	1454	2134	0	1	1	2134
CY207737.1	1458	2469	0	1	1	2469
CY207737.1	1490	2220	1	0	1	1490
CY207737.1	1516	1796	0	1	1	1796
CY207737.1	1570	1755	1	0	1	1570
CY207737.1	1599	2252	0	1	1	2252
CY207737.1	1600	2083	1	0	1	1600
CY207737.1	1659	2034	0	1	1	2034
CY207737.1	1741	1797	0	2	2	1797
CY207737.1	1783	2446	0	1	1	2446
CY207737.1	1821	2192	1	1	2	1821
CY207737.1	1840	2006	0	2	2	2006
CY207737.1	1951	2222	1	0	1	1951
CY207737.1	1971	2036	1	0	1	1971
CY207737.1	2014	2339	1	0	1	2014
CY207737.1	2028	2329	1	0	1	2028
CY207737.1	2067	2230	0	1	1	2230
CY207737.1	2149	2181	3	0	3	2149
CY207737.1	2180	2247	5	0	5	2180
CY207737.1	2215	2245	0	1	1	2245
CY207737.1	2283	2451	0	5	5	2451
CY207737.1	2360	2394	1	0	1	2360
CY207737.1	238	262	1	0	1	238
CY207737.1	238	353	2	0	2	238
CY207737.1	2401	2450	0	6	6	2450
CY207737.1	240	271	20	2	22	240
CY207737.1	240	363	1	0	1	240
CY207737.1	244	2220	2	0	2	244
CY207737.1	245	2242	1	0	1	245
CY207737.1	2466	2490	0	1	1	2490
CY207737.1	247	2186	94	6	100	247
CY207737.1	247	307	5	0	5	247
CY207737.1	251	2227	1	0	1	251
CY207737.1	252	2180	1	0	1	252
CY207737.1	252	2283	1	0	1	252
CY207737.1	254	2241	1	0	1	254
CY207737.1	256	281	36	0	36	256
CY207737.1	256	291	2	0	2	256
CY207737.1	260	2234	2	0	2	260
CY207737.1	262	2202	1	0	1	262
CY207737.1	268	2195	1	0	1	268
CY207737.1	272	2244	2	0	2	272
CY207737.1	272	2299	14	0	14	272
CY207737.1	276	1316	1	0	1	276
CY207737.1	285	2222	1	0	1	285
CY207737.1	286	2321	1	0	1	286
CY207737.1	287	2359	14	0	14	287
CY207737.1	288	1946	1	0	1	288
CY207737.1	294	2256	12	3	15	294
CY207737.1	306	2256	2	0	2	306
CY207737.1	314	2063	1	0	1	314
CY207737.1	327	363	2	1	3	327
CY207737.1	329	2302	1	0	1	329
CY207737.1	336	2239	5	0	5	336
CY207737.1	349	2300	2	0	2	349
CY207737.1	351	2302	7	1	8	351
CY207737.1	351	918	0	1	1	918
CY207737.1	352	2302	1	0	1	352
CY207737.1	355	2325	8	5	13	355
CY207737.1	360	2358	1	3	4	360
CY207737.1	362	2302	5	0	5	362
CY207737.1	362	2359	3	1	4	362
CY207737.1	364	2206	9	16	25	364
CY207737.1	371	1996	0	1	1	1996
CY207737.1	373	865	1	0	1	373
CY207737.1	378	2208	0	5	5	2208
CY207737.1	378	2349	1	0	1	378
CY207737.1	382	2302	1	1	2	382
CY207737.1	383	2217	1	7	8	383
CY207737.1	385	2371	2	1	3	385
CY207737.1	386	2358	2	2	4	386
CY207737.1	388	2205	2	3	5	388
CY207737.1	388	2312	1	0	1	388
CY207737.1	391	2359	4	1	5	391
CY207737.1	392	2238	2	0	2	392
CY207737.1	393	2008	1	0	1	393
CY207737.1	404	1131	3	0	3	404
CY207737.1	417	1964	1	0	1	417
CY207737.1	418	2177	2	0	2	418
CY207737.1	421	2207	0	1	1	2207
CY207737.1	422	2176	2	0	2	422
CY207737.1	423	1971	1	0	1	423
CY207737.1	424	462	4	0	4	424
CY207737.1	426	2131	1	0	1	426
CY207737.1	430	2185	2	0	2	430
CY207737.1	430	2229	11	28	39	430
CY207737.1	433	2188	24	18	42	433
CY207737.1	435	2192	1	3	4	435
CY207737.1	436	2188	4	3	7	436
CY207737.1	437	2206	2	0	2	437
CY207737.1	439	2180	4	1	5	439
CY207737.1	441	2041	1	0	1	441
CY207737.1	446	2209	3	5	8	446
CY207737.1	450	1996	13	1	14	450
CY207737.1	451	2139	1	0	1	451
CY207737.1	453	2232	0	1	1	2232
CY207737.1	459	1159	1	0	1	459
CY207737.1	468	2209	0	1	1	2209
CY207737.1	475	1541	0	1	1	1541
CY207737.1	482	2022	0	1	1	2022
CY207737.1	482	2131	1	0	1	482
CY207737.1	486	2348	4	1	5	486
CY207737.1	489	2093	2	2	4	489
CY207737.1	494	2067	0	1	1	2067
CY207737.1	502	2076	1	2	3	502
CY207737.1	505	1969	8	4	12	505
CY207737.1	509	2093	3	1	4	509
CY207737.1	511	2107	2	3	5	511
CY207737.1	519	1338	1	0	1	519
CY207737.1	523	2255	19	1	20	523
CY207737.1	530	1277	0	1	1	1277
CY207737.1	530	2144	140	43	183	530
CY207737.1	531	2074	1	0	1	531
CY207737.1	533	2147	0	1	1	2147
CY207737.1	535	2205	4	2	6	535
CY207737.1	536	2050	1	0	1	536
CY207737.1	536	2122	3	0	3	536
CY207737.1	536	2208	1	1	2	536
CY207737.1	542	2233	1	0	1	542
CY207737.1	543	2209	2	2	4	543
CY207737.1	551	2145	1	0	1	551
CY207737.1	557	2233	1	0	1	557
CY207737.1	563	2203	0	1	1	2203
CY207737.1	575	1451	1	0	1	575
CY207737.1	578	1966	0	1	1	1966
CY207737.1	578	2019	2	1	3	578
CY207737.1	580	2053	1	1	2	580
CY207737.1	581	2015	4	1	5	581
CY207737.1	581	2141	2	0	2	581
CY207737.1	603	1946	1	2	3	603
CY207737.1	616	2115	1	1	2	616
CY207737.1	631	2180	3	1	4	631
CY207737.1	636	2111	0	1	1	2111
CY207737.1	645	705	0	1	1	705
CY207737.1	650	2119	1	0	1	650
CY207737.1	652	2091	9	4	13	652
CY207737.1	658	2125	2	2	4	658
CY207737.1	660	2150	1	0	1	660
CY207737.1	661	2093	1	0	1	661
CY207737.1	667	1715	4	3	7	667
CY207737.1	668	1977	1	0	1	668
CY207737.1	677	2078	1	0	1	677
CY207737.1	678	1953	0	1	1	1953
CY207737.1	679	1796	4	2	6	679
CY207737.1	683	1948	9	5	14	683
CY207737.1	687	1798	1	2	3	687
CY207737.1	694	2122	1	2	3	694
CY207737.1	696	718	1	0	1	696
CY207737.1	696	936	0	1	1	936
CY207737.1	699	2060	27	11	38	699
CY207737.1	703	814	1	0	1	703
CY207737.1	712	2069	0	2	2	2069
CY207737.1	715	1652	1	0	1	715
CY207737.1	729	1945	0	2	2	1945
CY207737.1	739	1846	0	1	1	1846
CY207737.1	745	2015	1	0	1	745
CY207737.1	746	1999	2	0	2	746
CY207737.1	750	2003	5	2	7	750
CY207737.1	767	1997	0	1	1	1997
CY207737.1	769	1832	0	1	1	1832
CY207737.1	772	1949	2	1	3	772
CY207737.1	786	1634	0	1	1	1634
CY207737.1	788	1228	1	0	1	788
CY207737.1	789	1856	0	1	1	1856
CY207737.1	791	1828	2	3	5	791
CY207737.1	794	2322	1	0	1	794
CY207737.1	796	1839	1	0	1	796
CY207737.1	801	1843	2	0	2	801
CY207737.1	812	845	0	1	1	845
CY207737.1	815	890	1	0	1	815
CY207737.1	827	1828	1	0	1	827
CY207737.1	830	1695	1	0	1	830
CY207737.1	830	2042	1	0	1	830
CY207737.1	832	2181	1	1	2	832
CY207737.1	838	1307	2	0	2	838
CY207737.1	849	1631	0	1	1	1631
CY207737.1	853	1760	1	0	1	853
CY207737.1	855	1813	1	1	2	855
CY207737.1	861	1776	0	1	1	1776
CY207737.1	861	2257	0	1	1	2257
CY207737.1	864	1091	1	0	1	864
CY207737.1	864	1658	0	2	2	1658
CY207737.1	866	1835	1	2	3	866
CY207737.1	874	1882	0	1	1	1882
CY207737.1	875	1675	2	1	3	875
CY207737.1	875	1767	1	0	1	875
CY207737.1	875	1926	1	1	2	875
CY207737.1	894	2356	1	0	1	894
CY207737.1	906	1640	1	1	2	906
CY207737.1	907	1878	2	0	2	907
CY207737.1	911	1755	1	1	2	911
CY207737.1	914	1094	1	0	1	914
CY207737.1	917	1817	0	3	3	1817
CY207737.1	946	1592	1	0	1	946
CY207737.1	951	1189	1	0	1	951
CY207737.1	953	1809	7	8	15	953
CY207737.1	953	1810	0	1	1	1810
CY207737.1	975	1671	0	1	1	1671
CY207737.1	983	1645	1	0	1	983
CY207737.1	992	1705	0	1	1	1705
CY207738.1	1017	1713	1	0	1	1017
CY207738.1	1019	1647	1	0	1	1019
CY207738.1	1042	2320	1	0	1	1042
CY207738.1	1048	1727	0	1	1	1727
CY207738.1	1057	1716	4	1	5	1057
CY207738.1	1077	2243	0	1	1	2243
CY207738.1	1096	1906	1	0	1	1096
CY207738.1	1105	2385	0	1	1	2385
CY207738.1	1172	1953	0	1	1	1953
CY207738.1	1175	1355	1	0	1	1175
CY207738.1	1187	1521	0	1	1	1521
CY207738.1	1201	1263	0	1	1	1263
CY207738.1	1226	1285	1	0	1	1226
CY207738.1	1248	2349	5	4	9	1248
CY207738.1	1256	1947	1	0	1	1256
CY207738.1	1270	2184	0	1	1	2184
CY207738.1	1290	1841	1	0	1	1290
CY207738.1	1386	1449	1	0	1	1386
CY207738.1	1392	2138	1	0	1	1392
CY207738.1	1425	1475	1	0	1	1425
CY207738.1	1443	2223	1	0	1	1443
CY207738.1	1450	2260	1	0	1	1450
CY207738.1	1554	1658	1	0	1	1554
CY207738.1	1557	2325	1	0	1	1557
CY207738.1	1565	2233	0	1	1	2233
CY207738.1	1568	1884	0	1	1	1884
CY207738.1	1572	2176	0	1	1	2176
CY207738.1	1653	2183	1	0	1	1653
CY207738.1	1676	2072	1	0	1	1676
CY207738.1	1679	2283	1	1	2	1679
CY207738.1	1723	1830	0	1	1	1830
CY207738.1	1729	1786	0	1	1	1786
CY207738.1	1759	2273	1	0	1	1759
CY207738.1	1836	2153	0	1	1	2153
CY207738.1	1893	2337	0	1	1	2337
CY207738.1	2003	2302	0	1	1	2302
CY207738.1	2080	2244	1	0	1	2080
CY207738.1	2083	2265	0	1	1	2265
CY207738.1	2218	2391	0	1	1	2391
CY207738.1	2229	2278	0	1	1	2278
CY207738.1	2239	2337	1	0	1	2239
CY207738.1	2311	2347	28	14	42	2311
CY207738.1	241	1221	1	0	1	241
CY207738.1	257	279	8	0	8	257
CY207738.1	259	1873	1	0	1	259
CY207738.1	259	281	1	0	1	259
CY207738.1	268	1271	1	0	1	268
CY207738.1	290	2194	2	0	2	290
CY207738.1	299	2202	2	4	6	299
CY207738.1	321	1791	2	1	3	321
CY207738.1	322	720	1	0	1	322
CY207738.1	325	2114	0	1	1	2114
CY207738.1	326	2115	9	15	24	326
CY207738.1	330	2340	4	5	9	330
CY207738.1	340	2154	0	2	2	2154
CY207738.1	351	1129	1	0	1	351
CY207738.1	356	397	1	0	1	356
CY207738.1	363	421	0	1	1	421
CY207738.1	368	2316	5	42	47	368
CY207738.1	370	2283	0	3	3	2283
CY207738.1	371	2317	1	2	3	371
CY207738.1	371	2333	4	2	6	371
CY207738.1	372	2237	1	0	1	372
CY207738.1	373	2319	0	1	1	2319
CY207738.1	376	1223	0	1	1	1223
CY207738.1	378	1664	1	4	5	378
CY207738.1	381	2304	2	5	7	381
CY207738.1	382	420	1	11	12	382
CY207738.1	392	2354	0	1	1	2354
CY207738.1	393	2355	6	21	27	393
CY207738.1	408	2215	2	0	2	408
CY207738.1	408	2379	0	3	3	2379
CY207738.1	410	2280	0	1	1	2280
CY207738.1	414	2072	1	1	2	414
CY207738.1	415	2223	1	0	1	415
CY207738.1	419	2247	39	91	130	419
CY207738.1	430	855	0	10	10	855
CY207738.1	433	1951	0	2	2	1951
CY207738.1	436	2302	2	3	5	436
CY207738.1	438	2254	0	1	1	2254
CY207738.1	439	1786	1	0	1	439
CY207738.1	439	2086	5	26	31	439
CY207738.1	441	2265	0	4	4	2265
CY207738.1	446	1299	1	0	1	446
CY207738.1	446	2073	1	1	2	446
CY207738.1	448	2212	1	0	1	448
CY207738.1	451	2266	0	1	1	2266
CY207738.1	453	2266	14	46	60	453
CY207738.1	454	2166	1	0	1	454
CY207738.1	456	2168	6	9	15	456
CY207738.1	457	2366	2	2	4	457
CY207738.1	459	2285	0	3	3	2285
CY207738.1	462	2178	0	1	1	2178
CY207738.1	463	2271	0	2	2	2271
CY207738.1	464	1908	1	0	1	464
CY207738.1	465	2194	0	4	4	2194
CY207738.1	470	2026	0	2	2	2026
CY207738.1	471	2013	0	1	1	2013
CY207738.1	473	2011	5	8	13	473
CY207738.1	481	2153	2	0	2	481
CY207738.1	482	2164	0	5	5	2164
CY207738.1	483	2045	2	1	3	483
CY207738.1	484	2138	0	1	1	2138
CY207738.1	484	2218	9	20	29	484
CY207738.1	492	2217	2	3	5	492
CY207738.1	493	2088	3	0	3	493
CY207738.1	511	2103	0	1	1	2103
CY207738.1	512	2048	0	1	1	2048
CY207738.1	513	2170	42	83	125	513
CY207738.1	513	2221	1	0	1	513
CY207738.1	516	2173	1	5	6	516
CY207738.1	516	556	1	0	1	516
CY207738.1	518	1895	1	0	1	518
CY207738.1	519	2115	2	5	7	519
CY207738.1	520	2149	2	0	2	520
CY207738.1	522	2179	0	2	2	2179
CY207738.1	523	1866	4	2	6	523
CY207738.1	523	2210	1	1	2	523
CY207738.1	525	2077	10	59	69	525
CY207738.1	526	2023	0	1	1	2023
CY207738.1	526	2078	0	1	1	2078
CY207738.1	526	2196	1	4	5	526
CY207738.1	528	1952	1	0	1	528
CY207738.1	529	2158	0	1	1	2158
CY207738.1	529	782	0	1	1	782
CY207738.1	530	1894	0	1	1	1894
CY207738.1	532	2049	1	0	1	532
CY207738.1	533	2129	0	1	1	2129
CY207738.1	536	2197	2	1	3	536
CY207738.1	540	1966	13	45	58	540
CY207738.1	540	2162	0	1	1	2162
CY207738.1	541	2107	0	1	1	2107
CY207738.1	541	2232	228	261	489	541
CY207738.1	542	2055	0	1	1	2055
CY207738.1	542	2203	228	307	535	542
CY207738.1	542	2233	0	2	2	2233
CY207738.1	542	2234	1	1	2	542
CY207738.1	542	946	1	0	1	542
CY207738.1	544	2210	2	4	6	544
CY207738.1	545	2058	37	72	109	545
CY207738.1	545	2205	0	1	1	2205
CY207738.1	546	1203	0	1	1	1203
CY207738.1	550	1976	0	1	1	1976
CY207738.1	551	2064	0	2	2	2064
CY207738.1	554	1950	5	10	15	554
CY207738.1	554	2159	1	2	3	554
CY207738.1	554	2248	0	2	2	2248
CY207738.1	558	2260	0	1	1	2260
CY207738.1	559	1980	0	1	1	1980
CY207738.1	562	2214	0	5	5	2214
CY207738.1	564	1737	0	1	1	1737
CY207738.1	565	2141	1	5	6	565
CY207738.1	573	1861	0	1	1	1861
CY207738.1	573	2017	0	1	1	2017
CY207738.1	574	2157	0	1	1	2157
CY207738.1	579	1663	2	3	5	579
CY207738.1	585	2166	10	11	21	585
CY207738.1	595	1510	1	0	1	595
CY207738.1	595	1667	1	0	1	595
CY207738.1	595	712	1	0	1	595
CY207738.1	615	2259	0	1	1	2259
CY207738.1	619	2060	1	0	1	619
CY207738.1	630	2050	1	0	1	630
CY207738.1	636	2072	1	0	1	636
CY207738.1	641	2071	5	2	7	641
CY207738.1	644	1851	1	0	1	644
CY207738.1	644	1881	1	1	2	644
CY207738.1	646	2023	0	3	3	2023
CY207738.1	653	2118	1	0	1	653
CY207738.1	657	2071	0	1	1	2071
CY207738.1	662	2030	0	1	1	2030
CY207738.1	685	1922	1	2	3	685
CY207738.1	691	2304	0	1	1	2304
CY207738.1	707	1765	0	1	1	1765
CY207738.1	708	2108	2	2	4	708
CY207738.1	709	1957	1	0	1	709
CY207738.1	711	1892	6	2	8	711
CY207738.1	717	1907	1	1	2	717
CY207738.1	718	1898	0	1	1	1898
CY207738.1	720	1950	1	2	3	720
CY207738.1	720	2056	2	3	5	720
CY207738.1	733	1914	3	0	3	733
CY207738.1	741	1938	1	4	5	741
CY207738.1	741	778	0	1	1	778
CY207738.1	749	1924	0	1	1	1924
CY207738.1	750	1990	3	7	10	750
CY207738.1	753	2020	1	0	1	753
CY207738.1	755	1886	6	0	6	755
CY207738.1	760	1615	1	0	1	760
CY207738.1	762	2103	1	1	2	762
CY207738.1	771	1872	1	0	1	771
CY207738.1	772	2142	1	0	1	772
CY207738.1	776	2223	0	1	1	2223
CY207738.1	776	825	0	1	1	825
CY207738.1	777	1868	1	0	1	777
CY207738.1	779	2200	0	2	2	2200
CY207738.1	779	831	1	0	1	779
CY207738.1	780	1813	1	0	1	780
CY207738.1	780	1913	6	9	15	780
CY207738.1	784	1884	2	10	12	784
CY207738.1	791	1868	0	3	3	1868
CY207738.1	792	1880	4	2	6	792
CY207738.1	794	1872	2	0	2	794
CY207738.1	809	1893	0	1	1	1893
CY207738.1	812	1897	2	2	4	812
CY207738.1	812	2213	2	2	4	812
CY207738.1	821	1767	0	2	2	1767
CY207738.1	822	879	1	0	1	822
CY207738.1	827	2067	0	1	1	2067
CY207738.1	828	1901	7	2	9	828
CY207738.1	831	1864	1	0	1	831
CY207738.1	835	1900	5	8	13	835
CY207738.1	839	1809	1	0	1	839
CY207738.1	842	1780	0	1	1	1780
CY207738.1	843	1810	1	0	1	843
CY207738.1	843	1872	5	3	8	843
CY207738.1	843	1922	3	3	6	843
CY207738.1	847	1815	1	2	3	847
CY207738.1	847	1868	0	1	1	1868
CY207738.1	864	2196	1	0	1	864
CY207738.1	865	1843	0	1	1	1843
CY207738.1	879	1891	1	3	4	879
CY207738.1	882	1889	0	1	1	1889
CY207738.1	884	2055	0	1	1	2055
CY207738.1	887	1894	0	1	1	1894
CY207738.1	888	2339	1	0	1	888
CY207738.1	891	2286	0	6	6	2286
CY207738.1	895	1872	0	1	1	1872
CY207738.1	898	1875	0	2	2	1875
CY207738.1	899	2044	1	0	1	899
CY207738.1	900	1830	0	1	1	1830
CY207738.1	900	2280	0	1	1	2280
CY207738.1	910	1948	2	1	3	910
CY207738.1	911	1604	1	0	1	911
CY207738.1	916	1713	1	0	1	916
CY207738.1	916	1954	0	1	1	1954
CY207738.1	923	1963	0	1	1	1963
CY207738.1	925	1578	1	0	1	925
CY207738.1	929	1130	0	1	1	1130
CY207738.1	951	1828	1	1	2	951
CY207738.1	962	1393	1	0	1	962
CY207738.1	971	1310	1	0	1	971
CY207738.1	973	2055	0	2	2	2055
CY207738.1	980	1810	1	0	1	980
CY207738.1	988	2263	0	1	1	2263
CY207738.1	990	1995	0	1	1	1995
