Segment	Start	Stop	Forward_support	Reverse_support	Total_support	Fuzz_factor
CY207731.1	1043	1747	0	1	1	1747
CY207731.1	1064	1571	1	0	1	1064
CY207731.1	1065	1711	1	0	1	1065
CY207731.1	1090	1245	1	0	1	1090
CY207731.1	1094	1523	1	0	1	1094
CY207731.1	1095	1610	1	0	1	1095
CY207731.1	1116	1384	0	1	1	1384
CY207731.1	1164	1206	1	1	2	1164
CY207731.1	1182	1355	0	1	1	1355
CY207731.1	1189	1392	0	1	1	1392
CY207731.1	1194	1795	0	1	1	1795
CY207731.1	1208	1341	2	1	3	1208
CY207731.1	1214	1546	1	0	1	1214
CY207731.1	1244	1681	1	0	1	1244
CY207731.1	1249	1586	0	1	1	1586
CY207731.1	1306	1658	1	0	1	1306
CY207731.1	1328	1541	1	0	1	1328
CY207731.1	1344	1708	0	1	1	1708
CY207731.1	1353	1519	1	0	1	1353
CY207731.1	1361	1425	1	0	1	1361
CY207731.1	1363	1515	0	1	1	1515
CY207731.1	1363	1522	4	11	15	1363
CY207731.1	1424	1540	0	1	1	1540
CY207731.1	1457	1892	0	1	1	1892
CY207731.1	1482	1634	1	0	1	1482
CY207731.1	1486	1769	1	0	1	1486
CY207731.1	1514	1716	0	1	1	1716
CY207731.1	1516	1698	1	0	1	1516
CY207731.1	1518	1587	1	0	1	1518
CY207731.1	1518	1836	1	0	1	1518
CY207731.1	1537	1773	0	1	1	1773
CY207731.1	1636	1661	7	5	12	1636
CY207731.1	1711	1736	1	0	1	1711
CY207731.1	1760	1812	1	0	1	1760
CY207731.1	1788	1813	1	0	1	1788
CY207731.1	236	660	2	0	2	236
CY207731.1	239	411	1	0	1	239
CY207731.1	248	816	1	0	1	248
CY207731.1	270	1334	2	0	2	270
CY207731.1	277	1804	1	0	1	277
CY207731.1	291	1357	1	0	1	291
CY207731.1	297	1750	2	1	3	297
CY207731.1	326	1385	1	0	1	326
CY207731.1	346	1123	0	1	1	1123
CY207731.1	351	1871	0	1	1	1871
CY207731.1	371	1887	0	1	1	1887
CY207731.1	371	772	1	0	1	371
CY207731.1	378	676	0	1	1	676
CY207731.1	383	716	0	1	1	716
CY207731.1	385	760	0	1	1	760
CY207731.1	385	793	0	1	1	793
CY207731.1	393	641	1	0	1	393
CY207731.1	397	1768	0	1	1	1768
CY207731.1	402	1361	0	1	1	1361
CY207731.1	404	875	2	0	2	404
CY207731.1	406	792	0	1	1	792
CY207731.1	408	1870	0	1	1	1870
CY207731.1	419	1157	0	1	1	1157
CY207731.1	421	1769	2	0	2	421
CY207731.1	440	705	0	1	1	705
CY207731.1	445	652	0	1	1	652
CY207731.1	457	1615	0	1	1	1615
CY207731.1	459	1111	0	1	1	1111
CY207731.1	477	579	1	0	1	477
CY207731.1	477	985	8	12	20	477
CY207731.1	480	1310	0	1	1	1310
CY207731.1	488	1597	1	12	13	488
CY207731.1	489	545	0	1	1	545
CY207731.1	508	722	0	1	1	722
CY207731.1	509	1776	0	1	1	1776
CY207731.1	518	1164	1	0	1	518
CY207731.1	526	1608	2	4	6	526
CY207731.1	527	1175	1	0	1	527
CY207731.1	527	1670	0	2	2	1670
CY207731.1	527	1727	0	1	1	1727
CY207731.1	529	1134	0	1	1	1134
CY207731.1	533	1503	0	5	5	1503
CY207731.1	540	1350	0	1	1	1350
CY207731.1	565	1641	6	16	22	565
CY207731.1	568	1204	17	7	24	568
CY207731.1	569	1155	1	0	1	569
CY207731.1	572	1653	0	1	1	1653
CY207731.1	587	1656	1	0	1	587
CY207731.1	587	1755	0	1	1	1755
CY207731.1	593	782	1	1	2	593
CY207731.1	620	914	1	0	1	620
CY207731.1	656	743	1	0	1	656
CY207731.1	657	1388	1	0	1	657
CY207731.1	658	1469	0	1	1	1469
CY207731.1	670	1784	0	1	1	1784
CY207731.1	671	1389	3	3	6	671
CY207731.1	685	1372	1	0	1	685
CY207731.1	703	822	1	0	1	703
CY207731.1	704	1431	1	0	1	704
CY207731.1	734	1035	1	0	1	734
CY207731.1	742	1075	1	0	1	742
CY207731.1	743	1452	1	0	1	743
CY207731.1	755	1701	1	0	1	755
CY207731.1	760	1708	1	0	1	760
CY207731.1	769	1229	1	0	1	769
CY207731.1	807	1309	2	1	3	807
CY207731.1	816	1901	0	1	1	1901
CY207731.1	846	1417	0	1	1	1417
CY207731.1	847	1097	1	0	1	847
CY207731.1	867	1076	4	1	5	867
CY207731.1	868	955	1	0	1	868
CY207731.1	869	1680	1	0	1	869
CY207731.1	881	1192	0	1	1	1192
CY207731.1	911	954	0	1	1	954
CY207731.1	921	943	0	1	1	943
CY207731.1	934	1035	1	0	1	934
CY207731.1	955	1738	1	0	1	955
CY207731.1	968	1500	1	0	1	968
CY207731.1	976	1361	0	1	1	1361
CY207731.1	994	1711	1	0	1	994
CY207732.1	255	581	5	0	5	255
CY207732.1	255	891	1	0	1	255
CY207732.1	263	775	1	0	1	263
CY207732.1	268	550	7	0	7	268
CY207732.1	271	310	1	0	1	271
CY207732.1	272	729	1	0	1	272
CY207732.1	275	848	15	0	15	275
CY207732.1	289	488	1	0	1	289
CY207732.1	291	835	2	0	2	291
CY207732.1	327	361	0	1	1	361
CY207732.1	331	1134	0	1	1	1134
CY207732.1	336	704	0	1	1	704
CY207732.1	342	470	0	1	1	470
CY207732.1	350	412	0	1	1	412
CY207732.1	350	630	0	1	1	630
CY207732.1	355	759	1	3	4	355
CY207732.1	355	956	1	0	1	355
CY207732.1	368	481	0	1	1	481
CY207732.1	368	516	0	1	1	516
CY207732.1	371	669	1	0	1	371
CY207732.1	379	1142	0	1	1	1142
CY207732.1	379	1166	0	1	1	1166
CY207732.1	381	766	0	1	1	766
CY207732.1	388	1138	0	1	1	1138
CY207732.1	388	938	0	1	1	938
CY207732.1	393	898	1	0	1	393
CY207732.1	394	502	1	0	1	394
CY207732.1	407	887	0	1	1	887
CY207732.1	410	984	0	1	1	984
CY207732.1	412	1062	0	1	1	1062
CY207732.1	412	616	1	0	1	412
CY207732.1	434	678	1	4	5	434
CY207732.1	441	1132	0	1	1	1132
CY207732.1	445	863	4	21	25	445
CY207732.1	452	1083	1	0	1	452
CY207732.1	454	489	0	1	1	489
CY207732.1	463	496	0	1	1	496
CY207732.1	477	834	0	1	1	834
CY207732.1	477	848	1	0	1	477
CY207732.1	478	628	1	2	3	478
CY207732.1	478	647	0	1	1	647
CY207732.1	484	798	0	1	1	798
CY207732.1	484	963	1	0	1	484
CY207732.1	488	938	2	10	12	488
CY207732.1	506	586	0	1	1	586
CY207732.1	509	680	0	5	5	680
CY207732.1	511	600	1	4	5	511
CY207732.1	511	836	0	1	1	836
CY207732.1	523	1158	0	1	1	1158
CY207732.1	523	593	0	1	1	593
CY207732.1	523	853	0	1	1	853
CY207732.1	534	912	4	3	7	534
CY207732.1	540	682	0	5	5	682
CY207732.1	550	720	1	0	1	550
CY207732.1	553	966	1	0	1	553
CY207732.1	554	862	1	0	1	554
CY207732.1	555	631	1	1	2	555
CY207732.1	575	887	1	0	1	575
CY207732.1	584	687	0	2	2	687
CY207732.1	588	731	1	0	1	588
CY207732.1	589	862	6	8	14	589
CY207732.1	590	863	1	0	1	590
CY207732.1	593	1023	6	4	10	593
CY207732.1	602	934	1	0	1	602
CY207732.1	612	887	1	1	2	612
CY207732.1	613	708	1	2	3	613
CY207732.1	616	719	0	1	1	719
CY207732.1	616	954	0	1	1	954
CY207732.1	622	824	0	1	1	824
CY207732.1	627	947	1	0	1	627
CY207732.1	631	1047	0	1	1	1047
CY207732.1	637	766	1	0	1	637
CY207732.1	679	815	2	10	12	679
CY207732.1	680	936	0	1	1	936
CY207732.1	683	961	0	1	1	961
CY207732.1	685	839	1	5	6	685
CY207732.1	686	801	0	1	1	801
CY207732.1	691	983	0	1	1	983
CY207732.1	697	772	0	2	2	772
CY207732.1	700	726	1	0	1	700
CY207732.1	701	760	1	2	3	701
CY207732.1	704	1095	0	1	1	1095
CY207732.1	715	965	0	4	4	965
CY207732.1	717	1067	1	0	1	717
CY207732.1	718	860	2	4	6	718
CY207732.1	736	977	1	0	1	736
CY207732.1	746	784	0	1	1	784
CY207732.1	758	954	2	0	2	758
CY207732.1	759	859	4	4	8	759
CY207732.1	760	990	0	1	1	990
CY207732.1	773	912	1	0	1	773
CY207732.1	787	869	1	1	2	787
CY207732.1	804	918	0	2	2	918
CY207732.1	811	1030	0	1	1	1030
CY207732.1	817	866	2	5	7	817
CY207732.1	824	1153	0	1	1	1153
CY207732.1	833	996	1	0	1	833
CY207732.1	858	939	1	0	1	858
CY207732.1	868	1057	1	0	1	868
CY207732.1	878	1017	1	0	1	878
CY207732.1	881	1012	0	1	1	1012
CY207732.1	951	1002	3	1	4	951
CY207732.1	953	977	1	0	1	953
CY207733.1	1026	1438	1	0	1	1026
CY207733.1	1070	1292	0	2	2	1292
CY207733.1	1083	1108	1	0	1	1083
CY207733.1	1182	1367	1	0	1	1182
CY207733.1	1294	1485	2	1	3	1294
CY207733.1	1331	1365	1	0	1	1331
CY207733.1	269	1545	10	0	10	269
CY207733.1	274	596	1	0	1	274
CY207733.1	311	416	0	1	1	416
CY207733.1	381	1444	0	1	1	1444
CY207733.1	387	1099	0	1	1	1099
CY207733.1	394	1353	0	1	1	1353
CY207733.1	402	1101	1	0	1	402
CY207733.1	423	1188	1	5	6	423
CY207733.1	436	1452	3	4	7	436
CY207733.1	438	1055	0	1	1	1055
CY207733.1	460	531	0	1	1	531
CY207733.1	474	1251	3	4	7	474
CY207733.1	513	776	1	0	1	513
CY207733.1	523	1109	1	0	1	523
CY207733.1	546	1270	0	1	1	1270
CY207733.1	558	824	1	0	1	558
CY207733.1	561	1073	5	2	7	561
CY207733.1	563	1087	0	1	1	1087
CY207733.1	571	1014	0	1	1	1014
CY207733.1	574	1078	1	0	1	574
CY207733.1	574	1469	0	1	1	1469
CY207733.1	630	1240	1	0	1	630
CY207733.1	753	1029	3	2	5	753
CY207733.1	760	1036	0	1	1	1036
CY207733.1	761	1018	3	0	3	761
CY207733.1	772	958	1	0	1	772
CY207733.1	782	863	1	0	1	782
CY207733.1	806	1361	0	1	1	1361
CY207733.1	830	946	0	1	1	946
CY207733.1	848	1239	0	1	1	1239
CY207733.1	862	1326	0	1	1	1326
CY207733.1	930	1092	0	1	1	1092
CY207733.1	941	1595	0	1	1	1595
CY207733.1	954	1171	2	0	2	954
CY207734.1	1019	1254	0	1	1	1254
CY207734.1	1029	1093	0	1	1	1093
CY207734.1	1089	1195	1	0	1	1089
CY207734.1	1148	1636	0	1	1	1636
CY207734.1	1161	1545	0	1	1	1545
CY207734.1	1216	1597	2	0	2	1216
CY207734.1	1250	1442	0	1	1	1442
CY207734.1	1283	1591	0	1	1	1591
CY207734.1	1290	1686	0	1	1	1686
CY207734.1	1354	1515	1	0	1	1354
CY207734.1	1369	1597	0	1	1	1597
CY207734.1	1391	1516	0	1	1	1516
CY207734.1	1407	1508	0	1	1	1508
CY207734.1	1435	1512	3	1	4	1435
CY207734.1	1470	1514	0	1	1	1514
CY207734.1	1472	1515	1	0	1	1472
CY207734.1	1555	1585	1	0	1	1555
CY207734.1	1561	1583	3	2	5	1561
CY207734.1	1562	1686	0	5	5	1686
CY207734.1	243	283	1	0	1	243
CY207734.1	246	603	2	0	2	246
CY207734.1	266	754	1	0	1	266
CY207734.1	269	602	1	0	1	269
CY207734.1	272	1097	1	0	1	272
CY207734.1	274	1313	1	0	1	274
CY207734.1	275	1352	1	0	1	275
CY207734.1	281	1356	1	0	1	281
CY207734.1	285	1468	1	0	1	285
CY207734.1	286	1003	1	0	1	286
CY207734.1	288	1457	1	1	2	288
CY207734.1	304	594	1	0	1	304
CY207734.1	313	1387	0	1	1	1387
CY207734.1	343	567	0	1	1	567
CY207734.1	345	657	0	1	1	657
CY207734.1	349	830	0	1	1	830
CY207734.1	379	1468	0	1	1	1468
CY207734.1	381	1519	3	5	8	381
CY207734.1	391	1540	1	0	1	391
CY207734.1	398	824	0	1	1	824
CY207734.1	400	584	0	1	1	584
CY207734.1	401	497	1	0	1	401
CY207734.1	402	1696	0	20	20	1696
CY207734.1	405	1144	0	1	1	1144
CY207734.1	412	1062	0	1	1	1062
CY207734.1	414	1230	0	1	1	1230
CY207734.1	421	940	0	1	1	940
CY207734.1	444	920	0	1	1	920
CY207734.1	457	1101	1	0	1	457
CY207734.1	459	793	0	1	1	793
CY207734.1	478	1229	1	0	1	478
CY207734.1	479	510	2	2	4	479
CY207734.1	484	982	1	0	1	484
CY207734.1	506	769	1	0	1	506
CY207734.1	508	1307	1	0	1	508
CY207734.1	521	841	3	0	3	521
CY207734.1	522	699	0	1	1	699
CY207734.1	524	1411	2	6	8	524
CY207734.1	538	866	0	1	1	866
CY207734.1	547	1588	1	0	1	547
CY207734.1	556	1063	1	0	1	556
CY207734.1	599	1247	1	2	3	599
CY207734.1	611	914	0	1	1	914
CY207734.1	625	1234	1	0	1	625
CY207734.1	664	725	1	3	4	664
CY207734.1	674	1221	1	0	1	674
CY207734.1	700	1495	1	0	1	700
CY207734.1	721	962	2	2	4	721
CY207734.1	730	1058	0	1	1	1058
CY207734.1	745	1096	0	1	1	1096
CY207734.1	752	1340	0	1	1	1340
CY207734.1	762	1110	1	0	1	762
CY207734.1	765	1255	1	0	1	765
CY207734.1	771	980	1	0	1	771
CY207734.1	773	982	0	1	1	982
CY207734.1	814	1103	0	1	1	1103
CY207734.1	814	895	1	0	1	814
CY207734.1	816	1588	0	1	1	1588
CY207734.1	819	1474	1	0	1	819
CY207734.1	833	1511	1	0	1	833
CY207734.1	835	936	0	1	1	936
CY207734.1	841	1312	0	1	1	1312
CY207734.1	841	1622	1	0	1	841
CY207734.1	843	1368	3	2	5	843
CY207734.1	846	1146	1	0	1	846
CY207734.1	866	1044	0	1	1	1044
CY207734.1	866	980	1	0	1	866
CY207734.1	877	1566	0	1	1	1566
CY207734.1	883	1187	1	0	1	883
CY207734.1	906	1407	0	1	1	1407
CY207734.1	906	955	3	3	6	906
CY207734.1	915	1224	0	1	1	1224
CY207734.1	942	1093	0	2	2	1093
CY207734.1	957	1228	1	0	1	957
CY207734.1	958	1043	1	0	1	958
CY207735.1	273	818	26	0	26	273
CY207735.1	355	769	2	13	15	355
CY207735.1	404	911	2	23	25	404
CY207735.1	413	662	2	2	4	413
CY207735.1	414	831	0	1	1	831
CY207735.1	459	845	0	3	3	845
CY207735.1	470	705	1	0	1	470
CY207735.1	475	707	1	0	1	475
CY207735.1	486	667	0	1	1	667
CY207735.1	499	729	3	0	3	499
CY207735.1	511	740	29	88	117	511
CY207735.1	513	678	0	1	1	678
CY207735.1	519	746	3	16	19	519
CY207735.1	533	594	3	2	5	533
CY207735.1	543	571	0	1	1	571
CY207735.1	558	597	1	0	1	558
CY207735.1	640	664	2	1	3	640
CY207735.1	692	840	1	1	2	692
CY207735.1	697	892	2	3	5	697
CY207735.1	886	1032	0	12	12	1032
CY207736.1	1003	1571	2	3	5	1003
CY207736.1	1022	2047	3	4	7	1022
CY207736.1	1035	1831	1	0	1	1035
CY207736.1	1044	1182	0	1	1	1182
CY207736.1	1046	1979	0	1	1	1979
CY207736.1	1064	1544	0	1	1	1544
CY207736.1	1073	1896	0	1	1	1896
CY207736.1	1080	1400	1	0	1	1080
CY207736.1	1085	2266	1	7	8	1085
CY207736.1	1091	1661	0	1	1	1661
CY207736.1	1092	1274	1	0	1	1092
CY207736.1	1093	1625	0	1	1	1625
CY207736.1	1097	1652	2	2	4	1097
CY207736.1	1100	2286	0	1	1	2286
CY207736.1	1123	1760	1	0	1	1123
CY207736.1	1199	1876	0	1	1	1876
CY207736.1	1208	1680	4	1	5	1208
CY207736.1	1209	1957	2	0	2	1209
CY207736.1	1265	1303	1	0	1	1265
CY207736.1	1274	1459	0	1	1	1459
CY207736.1	1284	1973	1	0	1	1284
CY207736.1	1285	1970	1	0	1	1285
CY207736.1	1288	2048	0	1	1	2048
CY207736.1	1311	1406	0	1	1	1406
CY207736.1	1311	1481	1	0	1	1311
CY207736.1	1324	1681	0	1	1	1681
CY207736.1	1340	2152	0	1	1	2152
CY207736.1	1354	1572	1	0	1	1354
CY207736.1	1364	1782	1	0	1	1364
CY207736.1	1386	1713	1	0	1	1386
CY207736.1	1469	1787	0	1	1	1787
CY207736.1	1493	2219	0	1	1	2219
CY207736.1	1524	2067	0	1	1	2067
CY207736.1	1525	1956	0	1	1	1956
CY207736.1	1541	2288	0	1	1	2288
CY207736.1	1544	1677	1	0	1	1544
CY207736.1	1546	1967	2	2	4	1546
CY207736.1	1566	1995	1	2	3	1566
CY207736.1	1571	1892	0	1	1	1892
CY207736.1	1590	1633	0	1	1	1633
CY207736.1	1592	1913	1	0	1	1592
CY207736.1	1602	1626	1	0	1	1602
CY207736.1	1605	1648	0	1	1	1648
CY207736.1	1647	1677	1	0	1	1647
CY207736.1	1652	2069	0	1	1	2069
CY207736.1	1699	1763	0	1	1	1763
CY207736.1	1742	1956	0	1	1	1956
CY207736.1	1885	2281	1	0	1	1885
CY207736.1	1913	2172	0	2	2	2172
CY207736.1	1928	2189	0	1	1	2189
CY207736.1	1937	2027	1	0	1	1937
CY207736.1	1951	2165	0	1	1	2165
CY207736.1	2045	2136	0	1	1	2136
CY207736.1	2104	2299	0	1	1	2299
CY207736.1	267	1818	1	0	1	267
CY207736.1	273	1376	1	0	1	273
CY207736.1	282	1398	10	0	10	282
CY207736.1	283	1399	2	0	2	283
CY207736.1	285	1452	1	0	1	285
CY207736.1	288	1420	1	0	1	288
CY207736.1	313	1393	2	0	2	313
CY207736.1	326	2191	0	2	2	2191
CY207736.1	336	1401	2	0	2	336
CY207736.1	348	1519	0	1	1	1519
CY207736.1	354	1868	0	1	1	1868
CY207736.1	359	481	0	1	1	481
CY207736.1	366	690	1	0	1	366
CY207736.1	375	2148	2	15	17	375
CY207736.1	382	849	1	0	1	382
CY207736.1	384	1011	1	0	1	384
CY207736.1	386	2172	3	7	10	386
CY207736.1	393	417	1	1	2	393
CY207736.1	403	2284	1	0	1	403
CY207736.1	409	2253	0	1	1	2253
CY207736.1	414	1694	0	1	1	1694
CY207736.1	429	1130	0	1	1	1130
CY207736.1	432	2125	2	15	17	432
CY207736.1	439	2031	1	0	1	439
CY207736.1	451	1393	9	1	10	451
CY207736.1	452	1464	0	1	1	1464
CY207736.1	453	1089	6	2	8	453
CY207736.1	453	841	0	1	1	841
CY207736.1	454	1951	4	2	6	454
CY207736.1	459	2043	4	13	17	459
CY207736.1	470	2082	0	1	1	2082
CY207736.1	470	590	1	0	1	470
CY207736.1	479	1487	1	0	1	479
CY207736.1	490	2148	5	7	12	490
CY207736.1	491	1991	1	0	1	491
CY207736.1	494	1599	7	6	13	494
CY207736.1	503	543	1	0	1	503
CY207736.1	504	533	4	0	4	504
CY207736.1	520	2046	1	2	3	520
CY207736.1	531	1008	1	0	1	531
CY207736.1	533	875	1	0	1	533
CY207736.1	551	854	3	0	3	551
CY207736.1	553	1403	3	0	3	553
CY207736.1	555	1999	1	3	4	555
CY207736.1	555	2028	2	1	3	555
CY207736.1	562	2067	0	3	3	2067
CY207736.1	563	1291	1	0	1	563
CY207736.1	563	2001	1	0	1	563
CY207736.1	564	2035	0	1	1	2035
CY207736.1	566	2165	0	1	1	2165
CY207736.1	567	1103	0	1	1	1103
CY207736.1	568	2001	3	1	4	568
CY207736.1	571	2009	1	0	1	571
CY207736.1	579	1950	5	0	5	579
CY207736.1	586	1634	1	0	1	586
CY207736.1	588	941	1	0	1	588
CY207736.1	596	2002	11	7	18	596
CY207736.1	597	1981	5	2	7	597
CY207736.1	598	646	1	0	1	598
CY207736.1	599	1355	1	0	1	599
CY207736.1	603	1538	0	1	1	1538
CY207736.1	616	1894	4	3	7	616
CY207736.1	617	1958	3	1	4	617
CY207736.1	623	1946	7	1	8	623
CY207736.1	630	1885	0	1	1	1885
CY207736.1	634	1227	1	0	1	634
CY207736.1	654	1300	0	1	1	1300
CY207736.1	664	1856	0	1	1	1856
CY207736.1	666	1002	1	0	1	666
CY207736.1	667	1895	3	2	5	667
CY207736.1	672	994	1	0	1	672
CY207736.1	673	1833	0	1	1	1833
CY207736.1	675	1959	1	0	1	675
CY207736.1	678	1955	1	1	2	678
CY207736.1	684	1894	5	6	11	684
CY207736.1	686	1952	4	2	6	686
CY207736.1	689	771	0	1	1	771
CY207736.1	696	812	1	0	1	696
CY207736.1	698	1573	1	0	1	698
CY207736.1	699	1995	0	1	1	1995
CY207736.1	715	1377	1	0	1	715
CY207736.1	719	1860	1	1	2	719
CY207736.1	720	1851	6	3	9	720
CY207736.1	723	1647	1	0	1	723
CY207736.1	723	1994	7	6	13	723
CY207736.1	730	1364	1	0	1	730
CY207736.1	733	1067	1	0	1	733
CY207736.1	743	1662	1	0	1	743
CY207736.1	747	1906	1	0	1	747
CY207736.1	748	1409	1	0	1	748
CY207736.1	748	2055	0	1	1	2055
CY207736.1	750	1986	7	7	14	750
CY207736.1	754	1912	9	6	15	754
CY207736.1	755	1828	23	4	27	755
CY207736.1	756	1681	1	0	1	756
CY207736.1	765	1839	0	1	1	1839
CY207736.1	767	1791	19	7	26	767
CY207736.1	767	1952	1	3	4	767
CY207736.1	773	1458	1	0	1	773
CY207736.1	776	2051	0	1	1	2051
CY207736.1	778	1930	0	1	1	1930
CY207736.1	784	1493	0	1	1	1493
CY207736.1	787	1855	0	1	1	1855
CY207736.1	793	1582	0	2	2	1582
CY207736.1	801	1333	1	0	1	801
CY207736.1	802	1862	7	2	9	802
CY207736.1	804	1812	2	4	6	804
CY207736.1	814	1710	1	0	1	814
CY207736.1	815	1705	1	0	1	815
CY207736.1	822	1884	1	0	1	822
CY207736.1	825	1840	0	1	1	1840
CY207736.1	826	995	0	1	1	995
CY207736.1	832	1297	1	0	1	832
CY207736.1	846	1505	0	1	1	1505
CY207736.1	847	1834	1	0	1	847
CY207736.1	851	1895	1	1	2	851
CY207736.1	853	1391	0	1	1	1391
CY207736.1	865	2345	0	1	1	2345
CY207736.1	880	1912	0	1	1	1912
CY207736.1	890	1882	0	1	1	1882
CY207736.1	908	1745	3	6	9	908
CY207736.1	910	1679	6	2	8	910
CY207736.1	924	1868	0	1	1	1868
CY207736.1	927	2194	0	4	4	2194
CY207736.1	933	1180	0	1	1	1180
CY207736.1	936	1679	0	6	6	1679
CY207736.1	937	1930	1	0	1	937
CY207736.1	939	1845	2	9	11	939
CY207736.1	939	2294	0	1	1	2294
CY207736.1	947	1056	0	1	1	1056
CY207736.1	948	1762	1	3	4	948
CY207736.1	954	1295	0	1	1	1295
CY207736.1	960	1386	1	0	1	960
CY207736.1	962	1800	0	2	2	1800
CY207736.1	967	1325	0	1	1	1325
CY207736.1	988	1107	0	1	1	1107
CY207737.1	1053	1813	0	1	1	1813
CY207737.1	1098	1996	1	0	1	1098
CY207737.1	1141	2449	0	1	1	2449
CY207737.1	1144	1242	0	1	1	1242
CY207737.1	1144	2057	1	0	1	1144
CY207737.1	1161	2236	1	0	1	1161
CY207737.1	1203	1422	0	1	1	1422
CY207737.1	1266	1531	0	1	1	1531
CY207737.1	1270	1386	0	2	2	1386
CY207737.1	1278	2057	1	0	1	1278
CY207737.1	1308	1954	0	3	3	1954
CY207737.1	1318	1371	1	0	1	1318
CY207737.1	1369	2361	0	1	1	2361
CY207737.1	1393	2096	1	1	2	1393
CY207737.1	1423	1835	0	1	1	1835
CY207737.1	1438	1752	0	1	1	1752
CY207737.1	1576	2054	1	0	1	1576
CY207737.1	1593	1642	1	0	1	1593
CY207737.1	1594	2034	0	1	1	2034
CY207737.1	1719	2211	1	0	1	1719
CY207737.1	1741	1797	1	0	1	1741
CY207737.1	1833	2333	1	0	1	1833
CY207737.1	1846	1916	0	1	1	1916
CY207737.1	1975	2292	0	1	1	2292
CY207737.1	1996	2476	0	1	1	2476
CY207737.1	2181	2225	37	98	135	2181
CY207737.1	2321	2358	11	0	11	2321
CY207737.1	2353	2449	0	25	25	2449
CY207737.1	245	2439	2	0	2	245
CY207737.1	254	2438	1	0	1	254
CY207737.1	281	1524	1	0	1	281
CY207737.1	281	2096	0	1	1	2096
CY207737.1	304	2243	1	0	1	304
CY207737.1	330	2103	7	4	11	330
CY207737.1	335	1140	0	1	1	1140
CY207737.1	396	418	0	1	1	418
CY207737.1	460	1081	1	0	1	460
CY207737.1	461	1961	2	0	2	461
CY207737.1	474	1078	1	0	1	474
CY207737.1	491	1994	4	6	10	491
CY207737.1	491	2209	8	13	21	491
CY207737.1	513	2084	0	2	2	2084
CY207737.1	519	568	0	1	1	568
CY207737.1	527	2092	1	0	1	527
CY207737.1	527	2112	0	1	1	2112
CY207737.1	537	2102	3	1	4	537
CY207737.1	549	2027	0	2	2	2027
CY207737.1	559	2198	0	1	1	2198
CY207737.1	571	2099	1	0	1	571
CY207737.1	575	1019	1	0	1	575
CY207737.1	604	1981	0	3	3	1981
CY207737.1	606	1140	0	1	1	1140
CY207737.1	618	1143	0	1	1	1143
CY207737.1	626	2232	0	1	1	2232
CY207737.1	629	1960	1	0	1	629
CY207737.1	645	1426	1	0	1	645
CY207737.1	651	1749	1	0	1	651
CY207737.1	653	1718	2	1	3	653
CY207737.1	657	1721	3	6	9	657
CY207737.1	665	2046	10	0	10	665
CY207737.1	679	1796	1	0	1	679
CY207737.1	679	2243	1	0	1	679
CY207737.1	693	1842	4	6	10	693
CY207737.1	721	2018	4	6	10	721
CY207737.1	725	2372	0	1	1	2372
CY207737.1	735	2028	0	1	1	2028
CY207737.1	743	2019	0	1	1	2019
CY207737.1	754	2002	1	5	6	754
CY207737.1	755	1999	0	2	2	1999
CY207737.1	757	2192	0	1	1	2192
CY207737.1	762	2009	0	1	1	2009
CY207737.1	773	1251	1	0	1	773
CY207737.1	775	1595	3	1	4	775
CY207737.1	775	1974	1	0	1	775
CY207737.1	776	1865	12	8	20	776
CY207737.1	776	1982	6	3	9	776
CY207737.1	778	1944	1	0	1	778
CY207737.1	779	1965	9	8	17	779
CY207737.1	786	1987	7	9	16	786
CY207737.1	793	1612	0	1	1	1612
CY207737.1	793	1677	0	1	1	1677
CY207737.1	797	1979	0	1	1	1979
CY207737.1	798	1963	0	7	7	1963
CY207737.1	802	2250	0	1	1	2250
CY207737.1	812	1827	6	4	10	812
CY207737.1	813	1822	0	4	4	1822
CY207737.1	824	1320	1	0	1	824
CY207737.1	824	1920	0	1	1	1920
CY207737.1	824	1969	2	4	6	824
CY207737.1	827	1201	1	0	1	827
CY207737.1	830	1816	0	1	1	1816
CY207737.1	830	1974	1	1	2	830
CY207737.1	832	858	3	0	3	832
CY207737.1	836	1683	0	1	1	1683
CY207737.1	839	1934	1	0	1	839
CY207737.1	866	1954	1	0	1	866
CY207737.1	883	1898	0	1	1	1898
CY207737.1	889	1532	1	0	1	889
CY207737.1	890	1397	0	1	1	1397
CY207737.1	891	2132	1	0	1	891
CY207737.1	897	2137	2	3	5	897
CY207737.1	915	1019	0	1	1	1019
CY207737.1	917	1633	5	4	9	917
CY207737.1	921	1704	1	0	1	921
CY207737.1	927	1734	4	5	9	927
CY207737.1	930	1856	0	2	2	1856
CY207737.1	954	1579	0	1	1	1579
CY207737.1	958	1198	0	1	1	1198
CY207737.1	962	1827	6	2	8	962
CY207737.1	964	1812	2	2	4	964
CY207737.1	981	1779	1	0	1	981
CY207737.1	990	1688	0	1	1	1688
CY207737.1	990	1715	0	2	2	1715
CY207737.1	994	1867	0	2	2	1867
CY207738.1	1001	1416	1	0	1	1001
CY207738.1	1006	1540	1	2	3	1006
CY207738.1	1038	1718	2	4	6	1038
CY207738.1	1044	1667	1	0	1	1044
CY207738.1	1052	1704	4	3	7	1052
CY207738.1	1060	1806	0	1	1	1806
CY207738.1	1062	2248	12	5	17	1062
CY207738.1	1091	1570	1	0	1	1091
CY207738.1	1105	1353	1	0	1	1105
CY207738.1	1124	2330	3	4	7	1124
CY207738.1	1147	1198	0	1	1	1198
CY207738.1	1152	2256	0	1	1	2256
CY207738.1	1155	1406	0	1	1	1406
CY207738.1	1162	1682	1	0	1	1162
CY207738.1	1189	1722	1	0	1	1189
CY207738.1	1194	1438	1	0	1	1194
CY207738.1	1224	1510	1	0	1	1224
CY207738.1	1249	1308	0	1	1	1308
CY207738.1	1262	1567	0	2	2	1567
CY207738.1	1281	2033	0	1	1	2033
CY207738.1	1299	1653	1	0	1	1299
CY207738.1	1299	1695	0	1	1	1695
CY207738.1	1324	1680	0	1	1	1680
CY207738.1	1414	2107	1	0	1	1414
CY207738.1	1419	2224	0	1	1	2224
CY207738.1	1451	1670	0	1	1	1670
CY207738.1	1460	1643	1	0	1	1460
CY207738.1	1491	1801	2	1	3	1491
CY207738.1	1496	1530	0	1	1	1530
CY207738.1	1503	2035	1	0	1	1503
CY207738.1	1548	1788	1	0	1	1548
CY207738.1	1579	2360	1	1	2	1579
CY207738.1	1586	2221	0	1	1	2221
CY207738.1	1625	2413	0	1	1	2413
CY207738.1	1833	2289	0	1	1	2289
CY207738.1	2030	2331	0	1	1	2331
CY207738.1	2187	2210	6	1	7	2187
CY207738.1	2218	2391	1	0	1	2218
CY207738.1	2310	2403	1	0	1	2310
CY207738.1	241	1221	1	0	1	241
CY207738.1	242	801	1	0	1	242
CY207738.1	244	792	1	0	1	244
CY207738.1	246	815	1	0	1	246
CY207738.1	265	2079	1	0	1	265
CY207738.1	272	2315	1	0	1	272
CY207738.1	279	1538	1	0	1	279
CY207738.1	286	776	1	0	1	286
CY207738.1	328	782	1	0	1	328
CY207738.1	328	941	1	0	1	328
CY207738.1	332	1182	0	1	1	1182
CY207738.1	332	1228	1	0	1	332
CY207738.1	346	2235	1	0	1	346
CY207738.1	351	1501	0	1	1	1501
CY207738.1	357	2246	1	0	1	357
CY207738.1	360	1042	0	1	1	1042
CY207738.1	365	1684	0	1	1	1684
CY207738.1	369	1319	0	1	1	1319
CY207738.1	372	2093	3	9	12	372
CY207738.1	375	1642	1	0	1	375
CY207738.1	390	1036	0	1	1	1036
CY207738.1	390	2368	0	1	1	2368
CY207738.1	393	1968	0	5	5	1968
CY207738.1	394	1059	0	1	1	1059
CY207738.1	402	1898	0	1	1	1898
CY207738.1	415	439	0	1	1	439
CY207738.1	422	518	1	2	3	422
CY207738.1	434	790	1	0	1	434
CY207738.1	437	1938	6	20	26	437
CY207738.1	439	533	0	1	1	533
CY207738.1	442	897	0	4	4	897
CY207738.1	444	1336	0	1	1	1336
CY207738.1	465	2141	4	33	37	465
CY207738.1	469	2141	0	2	2	2141
CY207738.1	477	2230	1	0	1	477
CY207738.1	481	2153	1	2	3	481
CY207738.1	485	2236	14	28	42	485
CY207738.1	488	1968	1	0	1	488
CY207738.1	494	518	0	12	12	518
CY207738.1	504	2135	3	5	8	504
CY207738.1	508	1854	0	1	1	1854
CY207738.1	509	2174	4	12	16	509
CY207738.1	510	2204	6	11	17	510
CY207738.1	511	2231	0	1	1	2231
CY207738.1	514	2070	1	12	13	514
CY207738.1	514	2205	6	16	22	514
CY207738.1	522	2092	0	7	7	2092
CY207738.1	523	2204	4	15	19	523
CY207738.1	523	743	0	1	1	743
CY207738.1	524	1973	0	5	5	1973
CY207738.1	529	2175	1	3	4	529
CY207738.1	543	2278	2	4	6	543
CY207738.1	545	2058	0	2	2	2058
CY207738.1	546	907	1	0	1	546
CY207738.1	555	2042	3	0	3	555
CY207738.1	560	2136	0	1	1	2136
CY207738.1	565	2092	3	9	12	565
CY207738.1	566	2035	1	6	7	566
CY207738.1	572	1745	1	0	1	572
CY207738.1	575	2014	3	12	15	575
CY207738.1	580	2015	2	10	12	580
CY207738.1	581	2111	0	1	1	2111
CY207738.1	591	2015	1	0	1	591
CY207738.1	597	2118	3	4	7	597
CY207738.1	598	1957	3	17	20	598
CY207738.1	606	2098	1	3	4	606
CY207738.1	630	1996	1	0	1	630
CY207738.1	642	2174	2	7	9	642
CY207738.1	643	805	0	1	1	805
CY207738.1	654	2332	1	0	1	654
CY207738.1	657	2015	2	6	8	657
CY207738.1	657	2025	0	2	2	2025
CY207738.1	660	2475	0	1	1	2475
CY207738.1	664	2073	2	4	6	664
CY207738.1	671	2104	2	2	4	671
CY207738.1	679	2089	4	6	10	679
CY207738.1	679	2090	1	0	1	679
CY207738.1	680	2113	0	1	1	2113
CY207738.1	695	2102	0	3	3	2102
CY207738.1	711	1954	2	2	4	711
CY207738.1	711	2031	2	5	7	711
CY207738.1	721	1079	1	0	1	721
CY207738.1	722	748	1	0	1	722
CY207738.1	731	2026	0	1	1	2026
CY207738.1	733	1108	1	0	1	733
CY207738.1	738	1936	0	5	5	1936
CY207738.1	740	2005	0	1	1	2005
CY207738.1	741	1937	2	2	4	741
CY207738.1	743	2024	1	0	1	743
CY207738.1	753	2000	1	3	4	753
CY207738.1	770	2000	1	5	6	770
CY207738.1	812	1141	1	0	1	812
CY207738.1	816	1909	2	0	2	816
CY207738.1	820	1919	5	5	10	820
CY207738.1	822	1616	1	0	1	822
CY207738.1	825	1830	7	3	10	825
CY207738.1	828	1895	2	0	2	828
CY207738.1	829	1834	0	1	1	1834
CY207738.1	831	1693	2	2	4	831
CY207738.1	831	1864	1	0	1	831
CY207738.1	832	1290	1	0	1	832
CY207738.1	832	1825	1	0	1	832
CY207738.1	842	1855	2	1	3	842
CY207738.1	847	1875	5	14	19	847
CY207738.1	848	1861	6	3	9	848
CY207738.1	849	2037	6	5	11	849
CY207738.1	850	1701	1	0	1	850
CY207738.1	850	1855	9	5	14	850
CY207738.1	851	1694	4	1	5	851
CY207738.1	856	2238	1	0	1	856
CY207738.1	857	1724	8	5	13	857
CY207738.1	857	1857	1	2	3	857
CY207738.1	860	1718	1	2	3	860
CY207738.1	861	1763	2	3	5	861
CY207738.1	863	1890	0	1	1	1890
CY207738.1	864	1844	1	0	1	864
CY207738.1	882	1889	9	6	15	882
CY207738.1	887	1046	1	0	1	887
CY207738.1	887	1828	5	2	7	887
CY207738.1	897	1887	0	1	1	1887
CY207738.1	899	1813	4	6	10	899
CY207738.1	916	1921	0	1	1	1921
CY207738.1	918	1774	1	0	1	918
CY207738.1	943	1609	2	2	4	943
CY207738.1	946	1794	1	0	1	946
CY207738.1	952	1827	1	3	4	952
CY207738.1	953	2278	1	5	6	953
CY207738.1	967	2284	0	1	1	2284
CY207738.1	971	1804	2	3	5	971
CY207738.1	974	2271	0	1	1	2271
CY207738.1	978	1955	1	0	1	978
CY207738.1	979	1318	0	2	2	1318
CY207738.1	981	1806	1	0	1	981
CY207738.1	985	1828	0	1	1	1828
CY207738.1	988	1811	4	4	8	988
CY207738.1	995	1858	0	1	1	1858
CY207738.1	998	1203	1	0	1	998
