Segment	Start	Stop	Forward_support	Reverse_support	Total_support	Fuzz_factor
CY207731.1	1003	1260	0	1	1	1260
CY207731.1	1010	1786	0	1	1	1786
CY207731.1	1018	1663	1	0	1	1018
CY207731.1	1022	1179	0	1	1	1179
CY207731.1	1062	1480	1	0	1	1062
CY207731.1	1062	1583	0	1	1	1583
CY207731.1	1073	1409	0	1	1	1409
CY207731.1	1091	1117	0	1	1	1117
CY207731.1	1117	1459	0	1	1	1459
CY207731.1	1128	1775	0	1	1	1775
CY207731.1	1135	1351	0	1	1	1351
CY207731.1	1157	1784	1	0	1	1157
CY207731.1	1172	1426	1	0	1	1172
CY207731.1	1203	1837	0	1	1	1837
CY207731.1	1206	1366	1	0	1	1206
CY207731.1	1209	1328	0	1	1	1328
CY207731.1	1210	1872	0	1	1	1872
CY207731.1	1214	1921	0	1	1	1921
CY207731.1	1224	1663	0	1	1	1663
CY207731.1	1321	1726	1	0	1	1321
CY207731.1	1354	1758	0	1	1	1758
CY207731.1	1413	1820	0	1	1	1820
CY207731.1	1449	1510	1	0	1	1449
CY207731.1	1529	1691	1	0	1	1529
CY207731.1	1555	1684	0	1	1	1684
CY207731.1	1619	1732	0	1	1	1732
CY207731.1	1663	1748	0	1	1	1748
CY207731.1	1751	1798	0	1	1	1798
CY207731.1	264	658	1	0	1	264
CY207731.1	280	1346	1	0	1	280
CY207731.1	289	1598	1	0	1	289
CY207731.1	307	1734	1	0	1	307
CY207731.1	323	404	0	1	1	404
CY207731.1	333	909	0	1	1	909
CY207731.1	351	990	0	1	1	990
CY207731.1	360	1051	1	0	1	360
CY207731.1	364	449	0	1	1	449
CY207731.1	364	464	0	1	1	464
CY207731.1	369	1165	0	1	1	1165
CY207731.1	375	1393	1	0	1	375
CY207731.1	387	788	0	1	1	788
CY207731.1	397	1125	0	1	1	1125
CY207731.1	402	1087	0	1	1	1087
CY207731.1	419	1177	0	1	1	1177
CY207731.1	421	1894	0	1	1	1894
CY207731.1	430	1198	0	1	1	1198
CY207731.1	430	1513	0	1	1	1513
CY207731.1	436	1093	0	1	1	1093
CY207731.1	455	1430	1	0	1	455
CY207731.1	456	1731	1	0	1	456
CY207731.1	457	1805	0	1	1	1805
CY207731.1	462	1369	0	1	1	1369
CY207731.1	473	1482	18	67	85	473
CY207731.1	475	1157	1	0	1	475
CY207731.1	477	1303	1	0	1	477
CY207731.1	497	573	16	34	50	497
CY207731.1	508	732	0	1	1	732
CY207731.1	512	546	0	1	1	546
CY207731.1	518	1118	0	1	1	1118
CY207731.1	518	1235	1	0	1	518
CY207731.1	521	1775	0	1	1	1775
CY207731.1	526	1608	2	0	2	526
CY207731.1	527	1074	1	0	1	527
CY207731.1	527	1727	0	2	2	1727
CY207731.1	529	950	1	0	1	529
CY207731.1	531	595	0	1	1	595
CY207731.1	533	895	0	1	1	895
CY207731.1	535	1289	1	0	1	535
CY207731.1	540	967	0	1	1	967
CY207731.1	541	1517	1	0	1	541
CY207731.1	542	1296	36	43	79	542
CY207731.1	548	610	0	1	1	610
CY207731.1	552	1632	1	0	1	552
CY207731.1	565	1641	45	56	101	565
CY207731.1	571	1611	0	1	1	1611
CY207731.1	574	662	1	0	1	574
CY207731.1	590	808	1	0	1	590
CY207731.1	598	1261	0	1	1	1261
CY207731.1	602	700	0	1	1	700
CY207731.1	692	1587	0	1	1	1587
CY207731.1	706	977	1	0	1	706
CY207731.1	734	1538	1	0	1	734
CY207731.1	742	787	1	0	1	742
CY207731.1	758	1518	0	1	1	1518
CY207731.1	761	870	0	1	1	870
CY207731.1	774	1741	1	0	1	774
CY207731.1	776	1208	0	1	1	1208
CY207731.1	786	1710	1	0	1	786
CY207731.1	791	1171	0	1	1	1171
CY207731.1	819	1479	1	0	1	819
CY207731.1	819	1712	0	1	1	1712
CY207731.1	819	1769	1	0	1	819
CY207731.1	864	1027	1	0	1	864
CY207731.1	866	1413	1	0	1	866
CY207731.1	874	1773	1	0	1	874
CY207731.1	887	1123	0	1	1	1123
CY207731.1	958	1200	0	1	1	1200
CY207731.1	963	1574	1	0	1	963
CY207732.1	1009	1100	1	0	1	1009
CY207732.1	241	921	1	0	1	241
CY207732.1	251	953	3	0	3	251
CY207732.1	259	931	1	0	1	259
CY207732.1	262	751	1	0	1	262
CY207732.1	269	675	1	0	1	269
CY207732.1	271	873	1	0	1	271
CY207732.1	276	307	1	0	1	276
CY207732.1	279	376	1	0	1	279
CY207732.1	285	1069	1	0	1	285
CY207732.1	287	448	1	0	1	287
CY207732.1	313	915	1	0	1	313
CY207732.1	330	454	0	1	1	454
CY207732.1	341	551	0	1	1	551
CY207732.1	342	449	0	1	1	449
CY207732.1	342	512	0	1	1	512
CY207732.1	359	636	1	0	1	359
CY207732.1	366	573	1	0	1	366
CY207732.1	373	450	0	1	1	450
CY207732.1	378	888	0	1	1	888
CY207732.1	379	437	1	0	1	379
CY207732.1	379	534	0	1	1	534
CY207732.1	379	926	0	1	1	926
CY207732.1	380	1024	1	0	1	380
CY207732.1	388	955	1	0	1	388
CY207732.1	390	468	0	1	1	468
CY207732.1	394	703	0	1	1	703
CY207732.1	400	959	0	1	1	959
CY207732.1	401	539	1	0	1	401
CY207732.1	402	1147	0	1	1	1147
CY207732.1	403	552	0	1	1	552
CY207732.1	403	593	0	1	1	593
CY207732.1	403	847	0	1	1	847
CY207732.1	404	467	0	1	1	467
CY207732.1	404	569	0	1	1	569
CY207732.1	405	847	0	1	1	847
CY207732.1	413	718	1	0	1	413
CY207732.1	420	475	0	1	1	475
CY207732.1	426	1138	0	1	1	1138
CY207732.1	430	972	0	1	1	972
CY207732.1	438	546	0	1	1	546
CY207732.1	443	947	0	1	1	947
CY207732.1	445	863	0	1	1	863
CY207732.1	451	784	0	1	1	784
CY207732.1	453	953	0	1	1	953
CY207732.1	456	1091	1	0	1	456
CY207732.1	458	647	0	1	1	647
CY207732.1	463	487	1	0	1	463
CY207732.1	469	912	0	1	1	912
CY207732.1	472	1151	0	1	1	1151
CY207732.1	477	838	0	1	1	838
CY207732.1	478	607	0	1	1	607
CY207732.1	482	766	0	1	1	766
CY207732.1	483	816	0	1	1	816
CY207732.1	490	756	0	1	1	756
CY207732.1	490	798	1	0	1	490
CY207732.1	499	965	1	0	1	499
CY207732.1	507	535	1	0	1	507
CY207732.1	507	895	1	0	1	507
CY207732.1	513	909	1	0	1	513
CY207732.1	521	732	0	1	1	732
CY207732.1	524	823	0	1	1	823
CY207732.1	524	872	0	1	1	872
CY207732.1	533	767	0	1	1	767
CY207732.1	535	608	1	0	1	535
CY207732.1	536	941	0	1	1	941
CY207732.1	538	796	0	1	1	796
CY207732.1	543	677	0	1	1	677
CY207732.1	555	651	0	1	1	651
CY207732.1	558	909	0	1	1	909
CY207732.1	563	1113	0	1	1	1113
CY207732.1	571	973	1	0	1	571
CY207732.1	579	905	1	0	1	579
CY207732.1	580	1064	1	0	1	580
CY207732.1	580	1134	0	1	1	1134
CY207732.1	589	961	15	10	25	589
CY207732.1	599	636	1	0	1	599
CY207732.1	607	939	0	1	1	939
CY207732.1	610	1070	0	1	1	1070
CY207732.1	622	778	1	0	1	622
CY207732.1	626	738	0	1	1	738
CY207732.1	626	910	1	0	1	626
CY207732.1	627	666	0	1	1	666
CY207732.1	629	1063	0	1	1	1063
CY207732.1	641	677	0	1	1	677
CY207732.1	661	860	1	0	1	661
CY207732.1	666	864	1	0	1	666
CY207732.1	685	839	8	12	20	685
CY207732.1	691	715	1	0	1	691
CY207732.1	709	898	0	1	1	898
CY207732.1	718	860	0	2	2	860
CY207732.1	738	787	1	0	1	738
CY207732.1	746	931	1	0	1	746
CY207732.1	756	813	1	0	1	756
CY207732.1	757	1156	0	1	1	1156
CY207732.1	757	808	1	0	1	757
CY207732.1	758	1147	0	1	1	1147
CY207732.1	758	982	1	0	1	758
CY207732.1	764	1141	0	1	1	1141
CY207732.1	786	1058	1	0	1	786
CY207732.1	797	970	1	0	1	797
CY207732.1	809	1151	0	1	1	1151
CY207732.1	812	1073	1	0	1	812
CY207732.1	817	839	1	0	1	817
CY207732.1	817	866	19	18	37	817
CY207732.1	818	854	1	0	1	818
CY207732.1	828	915	0	1	1	915
CY207732.1	889	1167	0	1	1	1167
CY207732.1	924	1040	0	4	4	1040
CY207732.1	951	1106	2	0	2	951
CY207733.1	1026	1237	1	0	1	1026
CY207733.1	1034	1428	0	1	1	1428
CY207733.1	1121	1192	0	1	1	1192
CY207733.1	1131	1517	0	1	1	1517
CY207733.1	1292	1363	0	1	1	1363
CY207733.1	1308	1469	17	11	28	1308
CY207733.1	1395	1582	0	1	1	1582
CY207733.1	1397	1475	1	0	1	1397
CY207733.1	1413	1492	1	0	1	1413
CY207733.1	1487	1565	1	0	1	1487
CY207733.1	1559	1588	1	4	5	1559
CY207733.1	282	1445	1071	13	1084	282
CY207733.1	283	1446	1	0	1	283
CY207733.1	290	1382	1	0	1	290
CY207733.1	300	1402	5	10	15	300
CY207733.1	318	1033	0	2	2	1033
CY207733.1	321	1043	3	10	13	321
CY207733.1	329	1327	4	11	15	329
CY207733.1	330	1427	151	264	415	330
CY207733.1	331	1428	0	1	1	1428
CY207733.1	352	1409	0	1	1	1409
CY207733.1	365	1475	0	3	3	1475
CY207733.1	372	1455	23	29	52	372
CY207733.1	383	528	0	1	1	528
CY207733.1	396	821	1	0	1	396
CY207733.1	429	711	1	0	1	429
CY207733.1	430	1432	30	50	80	430
CY207733.1	440	1578	0	1	1	1578
CY207733.1	462	1005	1	0	1	462
CY207733.1	466	524	1	0	1	466
CY207733.1	471	688	0	1	1	688
CY207733.1	474	516	0	1	1	516
CY207733.1	479	570	0	1	1	570
CY207733.1	485	1262	0	1	1	1262
CY207733.1	517	709	1	0	1	517
CY207733.1	531	1488	0	1	1	1488
CY207733.1	544	1193	0	1	1	1193
CY207733.1	554	1454	1	0	1	554
CY207733.1	646	1337	0	1	1	1337
CY207733.1	762	866	1	0	1	762
CY207733.1	762	904	1	0	1	762
CY207733.1	799	1067	0	1	1	1067
CY207733.1	815	1374	1	0	1	815
CY207733.1	826	952	10	14	24	826
CY207733.1	845	1523	1	0	1	845
CY207733.1	861	914	0	1	1	914
CY207733.1	880	1337	0	1	1	1337
CY207733.1	884	1084	0	1	1	1084
CY207733.1	887	1172	0	1	1	1172
CY207733.1	933	1247	0	1	1	1247
CY207733.1	954	1171	18	0	18	954
CY207733.1	979	1110	1	0	1	979
CY207733.1	998	1575	0	1	1	1575
CY207734.1	1007	1680	0	1	1	1680
CY207734.1	1025	1373	1	0	1	1025
CY207734.1	1043	1399	1	0	1	1043
CY207734.1	1051	1437	1	0	1	1051
CY207734.1	1090	1505	0	1	1	1505
CY207734.1	1102	1463	0	1	1	1463
CY207734.1	1125	1681	0	1	1	1681
CY207734.1	1138	1557	1	0	1	1138
CY207734.1	1148	1375	0	1	1	1375
CY207734.1	1181	1365	0	1	1	1365
CY207734.1	1221	1415	1	0	1	1221
CY207734.1	1293	1491	1	0	1	1293
CY207734.1	1316	1338	6	14	20	1316
CY207734.1	1363	1445	1	0	1	1363
CY207734.1	1421	1544	4	0	4	1421
CY207734.1	1473	1519	0	1	1	1519
CY207734.1	1480	1505	0	1	1	1505
CY207734.1	1562	1686	1	13	14	1562
CY207734.1	246	603	1	0	1	246
CY207734.1	249	811	1	0	1	249
CY207734.1	275	1352	1	0	1	275
CY207734.1	275	1403	1	0	1	275
CY207734.1	280	1480	1	0	1	280
CY207734.1	281	1356	1	0	1	281
CY207734.1	282	1588	1	0	1	282
CY207734.1	282	817	1	0	1	282
CY207734.1	290	1050	1	0	1	290
CY207734.1	291	595	1	0	1	291
CY207734.1	304	730	0	1	1	730
CY207734.1	319	1207	1	0	1	319
CY207734.1	322	1276	1	0	1	322
CY207734.1	332	549	0	1	1	549
CY207734.1	344	1120	0	1	1	1120
CY207734.1	346	817	1	0	1	346
CY207734.1	372	894	0	1	1	894
CY207734.1	376	1532	0	1	1	1532
CY207734.1	397	1506	0	1	1	1506
CY207734.1	398	1040	0	1	1	1040
CY207734.1	411	1368	0	1	1	1368
CY207734.1	419	1117	0	1	1	1117
CY207734.1	419	1398	0	1	1	1398
CY207734.1	419	945	1	0	1	419
CY207734.1	421	940	0	1	1	940
CY207734.1	426	1347	0	1	1	1347
CY207734.1	427	579	0	1	1	579
CY207734.1	434	1388	0	1	1	1388
CY207734.1	436	884	0	1	1	884
CY207734.1	437	1188	0	1	1	1188
CY207734.1	440	957	1	0	1	440
CY207734.1	454	1069	0	1	1	1069
CY207734.1	454	662	0	1	1	662
CY207734.1	461	784	0	1	1	784
CY207734.1	465	673	0	1	1	673
CY207734.1	469	1542	0	1	1	1542
CY207734.1	470	590	0	1	1	590
CY207734.1	471	994	1	0	1	471
CY207734.1	474	1539	2	0	2	474
CY207734.1	475	1030	0	1	1	1030
CY207734.1	475	1618	0	1	1	1618
CY207734.1	476	1445	0	1	1	1445
CY207734.1	478	1239	0	1	1	1239
CY207734.1	506	1032	1	0	1	506
CY207734.1	507	737	1	0	1	507
CY207734.1	521	1691	0	1	1	1691
CY207734.1	527	1065	1	0	1	527
CY207734.1	533	1025	0	1	1	1025
CY207734.1	538	1562	0	1	1	1562
CY207734.1	538	866	1	0	1	538
CY207734.1	545	1561	1	0	1	545
CY207734.1	554	1006	1	0	1	554
CY207734.1	561	1547	1	0	1	561
CY207734.1	562	646	0	1	1	646
CY207734.1	568	1413	1	0	1	568
CY207734.1	580	898	0	1	1	898
CY207734.1	620	812	1	1	2	620
CY207734.1	622	1523	0	1	1	1523
CY207734.1	622	908	1	0	1	622
CY207734.1	626	743	0	1	1	743
CY207734.1	626	846	0	1	1	846
CY207734.1	628	1672	0	1	1	1672
CY207734.1	636	1362	1	0	1	636
CY207734.1	657	1271	1	0	1	657
CY207734.1	657	1310	1	0	1	657
CY207734.1	719	1373	0	1	1	1373
CY207734.1	720	1037	0	1	1	1037
CY207734.1	734	1513	1	0	1	734
CY207734.1	737	1675	0	25	25	1675
CY207734.1	745	780	0	1	1	780
CY207734.1	746	1246	0	1	1	1246
CY207734.1	760	1069	0	1	1	1069
CY207734.1	768	1158	1	0	1	768
CY207734.1	777	1682	0	1	1	1682
CY207734.1	808	1494	0	1	1	1494
CY207734.1	816	1588	0	2	2	1588
CY207734.1	819	1491	1	0	1	819
CY207734.1	825	1192	21	27	48	825
CY207734.1	836	1189	1	0	1	836
CY207734.1	838	1565	0	1	1	1565
CY207734.1	841	1622	0	3	3	1622
CY207734.1	855	1572	0	1	1	1572
CY207734.1	861	1453	0	1	1	1453
CY207734.1	866	971	0	1	1	971
CY207734.1	870	1439	0	1	1	1439
CY207734.1	879	1694	0	1	1	1694
CY207734.1	892	1428	0	1	1	1428
CY207734.1	914	1562	1	0	1	914
CY207734.1	919	1238	1	0	1	919
CY207734.1	923	1435	0	1	1	1435
CY207734.1	986	1560	0	1	1	1560
CY207734.1	986	1683	0	1	1	1683
CY207734.1	994	1540	0	1	1	1540
CY207734.1	996	1079	0	1	1	1079
CY207734.1	997	1042	2	4	6	997
CY207735.1	267	784	1	0	1	267
CY207735.1	287	380	2	0	2	287
CY207735.1	330	867	1	0	1	330
CY207735.1	418	490	0	1	1	490
CY207735.1	500	853	0	1	1	853
CY207735.1	539	603	1	0	1	539
CY207735.1	555	971	0	1	1	971
CY207735.1	652	703	1	0	1	652
CY207735.1	743	799	1	0	1	743
CY207735.1	825	944	0	1	1	944
CY207736.1	1053	1150	1	0	1	1053
CY207736.1	1084	2172	12	15	27	1084
CY207736.1	1111	1428	1	0	1	1111
CY207736.1	1120	1747	1	0	1	1120
CY207736.1	1210	1261	0	1	1	1261
CY207736.1	1210	2312	0	1	1	2312
CY207736.1	1215	2115	1	0	1	1215
CY207736.1	1265	1321	0	1	1	1321
CY207736.1	1281	1521	0	1	1	1521
CY207736.1	1298	1348	0	1	1	1348
CY207736.1	1308	1694	0	1	1	1694
CY207736.1	1324	1838	0	1	1	1838
CY207736.1	1356	2227	0	1	1	2227
CY207736.1	1431	2165	0	1	1	2165
CY207736.1	1463	1966	13	33	46	1463
CY207736.1	1483	1984	0	2	2	1984
CY207736.1	1497	1999	0	1	1	1999
CY207736.1	1498	2008	0	3	3	2008
CY207736.1	1511	2015	0	1	1	2015
CY207736.1	1583	1677	1	0	1	1583
CY207736.1	1600	1628	0	1	1	1628
CY207736.1	1602	1948	0	1	1	1948
CY207736.1	1636	2043	0	1	1	2043
CY207736.1	1662	2198	1	0	1	1662
CY207736.1	1725	1885	0	1	1	1885
CY207736.1	1825	1971	6	15	21	1825
CY207736.1	1847	1899	0	1	1	1899
CY207736.1	1855	2043	1	0	1	1855
CY207736.1	1858	2034	1	0	1	1858
CY207736.1	1937	2296	1	0	1	1937
CY207736.1	2023	2083	0	1	1	2083
CY207736.1	2214	2283	1	3	4	2214
CY207736.1	2222	2259	3	35	38	2222
CY207736.1	258	1139	1	0	1	258
CY207736.1	262	1249	1	0	1	262
CY207736.1	268	300	24	6	30	268
CY207736.1	283	1563	1	0	1	283
CY207736.1	286	1203	1	0	1	286
CY207736.1	298	466	1	0	1	298
CY207736.1	326	362	3	8	11	326
CY207736.1	365	2143	3	32	35	365
CY207736.1	365	821	0	1	1	821
CY207736.1	378	2264	0	1	1	2264
CY207736.1	386	2271	0	1	1	2271
CY207736.1	392	856	1	0	1	392
CY207736.1	393	2135	4	50	54	393
CY207736.1	395	1167	0	1	1	1167
CY207736.1	397	1710	2	0	2	397
CY207736.1	408	2219	0	1	1	2219
CY207736.1	438	496	8	2	10	438
CY207736.1	439	2031	1	0	1	439
CY207736.1	443	1198	0	1	1	1198
CY207736.1	450	2059	11	14	25	450
CY207736.1	451	1393	1	0	1	451
CY207736.1	453	2224	41	13	54	453
CY207736.1	455	2065	0	1	1	2065
CY207736.1	462	1620	0	1	1	1620
CY207736.1	463	951	0	1	1	951
CY207736.1	468	2034	1	0	1	468
CY207736.1	470	2040	0	1	1	2040
CY207736.1	473	2072	0	1	1	2072
CY207736.1	486	2021	0	1	1	2021
CY207736.1	488	1991	1	0	1	488
CY207736.1	491	1258	0	1	1	1258
CY207736.1	492	1996	29	16	45	492
CY207736.1	498	2079	1	0	1	498
CY207736.1	500	2064	40	37	77	500
CY207736.1	522	2145	1	0	1	522
CY207736.1	524	2108	0	1	1	2108
CY207736.1	584	1509	0	1	1	1509
CY207736.1	599	2073	0	1	1	2073
CY207736.1	636	1956	0	1	1	1956
CY207736.1	648	1920	9	6	15	648
CY207736.1	657	1736	12	19	31	657
CY207736.1	664	1874	0	1	1	1874
CY207736.1	665	1875	37	40	77	665
CY207736.1	696	1899	0	1	1	1899
CY207736.1	699	1995	26	36	62	699
CY207736.1	700	789	1	0	1	700
CY207736.1	716	811	4	2	6	716
CY207736.1	720	2049	1	0	1	720
CY207736.1	724	1885	1	0	1	724
CY207736.1	730	1885	4	0	4	730
CY207736.1	736	1890	2	0	2	736
CY207736.1	742	1896	44	29	73	742
CY207736.1	767	1555	0	1	1	1555
CY207736.1	783	1878	1	0	1	783
CY207736.1	788	1833	66	40	106	788
CY207736.1	795	2138	1	0	1	795
CY207736.1	805	1404	1	0	1	805
CY207736.1	807	1857	0	1	1	1857
CY207736.1	814	1710	2	1	3	814
CY207736.1	818	1503	1	0	1	818
CY207736.1	823	1719	1	0	1	823
CY207736.1	839	1368	0	1	1	1368
CY207736.1	842	1621	0	1	1	1621
CY207736.1	849	1647	0	1	1	1647
CY207736.1	860	2344	0	1	1	2344
CY207736.1	914	2215	0	1	1	2215
CY207736.1	917	2357	0	1	1	2357
CY207736.1	922	2349	0	1	1	2349
CY207736.1	924	1610	1	0	1	924
CY207736.1	955	977	0	1	1	977
CY207736.1	956	1194	1	0	1	956
CY207736.1	967	2042	0	1	1	2042
CY207737.1	1001	1674	0	1	1	1674
CY207737.1	1005	2022	0	1	1	2022
CY207737.1	1102	2314	0	1	1	2314
CY207737.1	1136	1523	0	1	1	1523
CY207737.1	1163	1241	1	0	1	1163
CY207737.1	1176	2378	1	0	1	1176
CY207737.1	1230	1261	0	1	1	1261
CY207737.1	1242	1624	1	0	1	1242
CY207737.1	1299	2308	0	1	1	2308
CY207737.1	1376	1977	0	1	1	1977
CY207737.1	1409	2412	1	0	1	1409
CY207737.1	1436	1657	1	0	1	1436
CY207737.1	1772	1900	2	8	10	1772
CY207737.1	1796	1848	0	1	1	1848
CY207737.1	266	1262	1	0	1	266
CY207737.1	281	2346	1	0	1	281
CY207737.1	286	2321	2	0	2	286
CY207737.1	287	1434	1	0	1	287
CY207737.1	287	2346	74	6	80	287
CY207737.1	317	2085	7	4	11	317
CY207737.1	331	401	1	0	1	331
CY207737.1	361	1516	1	0	1	361
CY207737.1	364	1283	3	0	3	364
CY207737.1	371	1301	1	0	1	371
CY207737.1	372	1300	6	1	7	372
CY207737.1	375	919	1	0	1	375
CY207737.1	378	922	1	1	2	378
CY207737.1	383	1609	0	1	1	1609
CY207737.1	384	1315	4	0	4	384
CY207737.1	393	1323	10	0	10	393
CY207737.1	398	1332	96	48	144	398
CY207737.1	402	1265	1	0	1	402
CY207737.1	402	2466	0	1	1	2466
CY207737.1	408	597	1	0	1	408
CY207737.1	436	2243	43	2	45	436
CY207737.1	447	745	1	0	1	447
CY207737.1	499	1580	1	0	1	499
CY207737.1	593	637	0	1	1	637
CY207737.1	595	2277	46	17	63	595
CY207737.1	599	2280	0	1	1	2280
CY207737.1	610	2240	45	33	78	610
CY207737.1	620	2247	0	1	1	2247
CY207737.1	624	1197	1	0	1	624
CY207737.1	637	1611	1	0	1	637
CY207737.1	640	2204	0	1	1	2204
CY207737.1	662	1952	1	0	1	662
CY207737.1	665	2046	2	0	2	665
CY207737.1	678	1961	17	23	40	678
CY207737.1	688	2056	68	64	132	688
CY207737.1	691	1971	0	1	1	1971
CY207737.1	730	2447	0	1	1	2447
CY207737.1	732	2068	0	1	1	2068
CY207737.1	770	2211	0	1	1	2211
CY207737.1	779	900	14	16	30	779
CY207737.1	780	2312	0	1	1	2312
CY207737.1	788	1589	0	1	1	1589
CY207737.1	791	1809	0	1	1	1809
CY207737.1	803	2348	50	12	62	803
CY207737.1	836	863	1	0	1	836
CY207737.1	838	2419	1	0	1	838
CY207737.1	850	2491	0	1	1	2491
CY207737.1	956	1662	1	0	1	956
CY207737.1	962	1813	9	7	16	962
CY207737.1	976	1056	0	1	1	1056
CY207737.1	997	2318	1	0	1	997
CY207738.1	1011	1713	1	0	1	1011
CY207738.1	1108	1203	5	17	22	1108
CY207738.1	1142	1225	0	1	1	1225
CY207738.1	1150	1177	3	4	7	1150
CY207738.1	1232	2079	1	0	1	1232
CY207738.1	1266	1404	0	1	1	1404
CY207738.1	1284	2294	1	0	1	1284
CY207738.1	1299	2148	1	0	1	1299
CY207738.1	1363	2121	0	1	1	2121
CY207738.1	1392	2219	0	1	1	2219
CY207738.1	1466	1640	0	1	1	1640
CY207738.1	1480	1761	1	0	1	1480
CY207738.1	1492	1639	0	1	1	1639
CY207738.1	1494	1634	0	1	1	1634
CY207738.1	1510	2177	0	1	1	2177
CY207738.1	1517	1782	1	0	1	1517
CY207738.1	1899	2188	1	0	1	1899
CY207738.1	1915	1953	0	1	1	1953
CY207738.1	2149	2220	1	0	1	2149
CY207738.1	2218	2391	0	1	1	2391
CY207738.1	2254	2279	0	1	1	2279
CY207738.1	2256	2326	4	3	7	2256
CY207738.1	242	801	1	0	1	242
CY207738.1	255	1138	1	0	1	255
CY207738.1	265	488	1	0	1	265
CY207738.1	285	662	1	0	1	285
CY207738.1	339	1235	0	1	1	1235
CY207738.1	346	2235	1	0	1	346
CY207738.1	357	2246	1	1	2	357
CY207738.1	363	1105	1	0	1	363
CY207738.1	364	499	1	0	1	364
CY207738.1	365	1684	1	0	1	365
CY207738.1	371	417	0	2	2	417
CY207738.1	376	422	58	245	303	376
CY207738.1	376	477	1	0	1	376
CY207738.1	377	423	1	1	2	377
CY207738.1	378	2270	1	0	1	378
CY207738.1	382	1649	1	0	1	382
CY207738.1	383	439	0	1	1	439
CY207738.1	385	436	0	1	1	436
CY207738.1	388	759	0	1	1	759
CY207738.1	395	767	0	1	1	767
CY207738.1	399	771	0	1	1	771
CY207738.1	408	2215	3	0	3	408
CY207738.1	408	2379	1	0	1	408
CY207738.1	408	2387	0	1	1	2387
CY207738.1	412	2391	0	1	1	2391
CY207738.1	414	2221	0	1	1	2221
CY207738.1	415	2283	58	198	256	415
CY207738.1	421	1665	0	1	1	1665
CY207738.1	421	1673	0	1	1	1673
CY207738.1	424	1370	0	1	1	1370
CY207738.1	439	2360	0	1	1	2360
CY207738.1	447	1302	1	0	1	447
CY207738.1	454	2021	0	1	1	2021
CY207738.1	456	2487	0	1	1	2487
CY207738.1	464	2261	1	0	1	464
CY207738.1	470	1990	1	0	1	470
CY207738.1	482	1998	1	0	1	482
CY207738.1	482	2218	52	78	130	482
CY207738.1	485	2001	26	51	77	485
CY207738.1	518	1470	1	0	1	518
CY207738.1	519	1322	0	1	1	1322
CY207738.1	564	1229	1	0	1	564
CY207738.1	567	2133	14	27	41	567
CY207738.1	575	1407	0	1	1	1407
CY207738.1	591	1361	0	1	1	1361
CY207738.1	602	889	1	0	1	602
CY207738.1	605	979	1	0	1	605
CY207738.1	616	2050	1	0	1	616
CY207738.1	625	2311	1	0	1	625
CY207738.1	647	2336	0	2	2	2336
CY207738.1	649	728	0	1	1	728
CY207738.1	655	1252	0	1	1	1252
CY207738.1	658	880	0	1	1	880
CY207738.1	660	2038	1	0	1	660
CY207738.1	669	2051	152	255	407	669
CY207738.1	679	2119	0	1	1	2119
CY207738.1	680	2113	0	1	1	2113
CY207738.1	693	2065	0	1	1	2065
CY207738.1	695	1630	1	0	1	695
CY207738.1	706	1358	0	1	1	1358
CY207738.1	733	1740	1	0	1	733
CY207738.1	763	2115	0	1	1	2115
CY207738.1	786	1883	10	7	17	786
CY207738.1	786	2323	1	0	1	786
CY207738.1	791	2233	1	0	1	791
CY207738.1	821	1964	1	0	1	821
CY207738.1	832	1825	1	0	1	832
CY207738.1	841	2336	1	0	1	841
CY207738.1	858	1856	31	27	58	858
CY207738.1	861	1856	41	43	84	861
CY207738.1	896	1101	1	0	1	896
CY207738.1	935	2463	0	1	1	2463
CY207738.1	988	2422	12	1	13	988
CY207738.1	993	1744	14	11	25	993
CY207738.1	996	1066	0	1	1	1066
CY207738.1	996	1131	1	0	1	996
