Segment	Start	Stop	Forward_support	Reverse_support	Total_support	Fuzz_factor
CY207731.1	1001	1138	0	2	2	1138
CY207731.1	1018	1214	0	1	1	1214
CY207731.1	1032	1117	0	1	1	1117
CY207731.1	1036	1370	1	0	1	1036
CY207731.1	1042	1355	1	0	1	1042
CY207731.1	1043	1327	1	0	1	1043
CY207731.1	1049	1153	1	0	1	1049
CY207731.1	1056	1267	1	0	1	1056
CY207731.1	1064	1324	1	0	1	1064
CY207731.1	1077	1757	1	0	1	1077
CY207731.1	1081	1305	1	0	1	1081
CY207731.1	1082	1820	1	0	1	1082
CY207731.1	1099	1315	1	0	1	1099
CY207731.1	1142	1501	0	1	1	1501
CY207731.1	1172	1438	0	1	1	1438
CY207731.1	1176	1716	0	1	1	1716
CY207731.1	1182	1416	0	1	1	1416
CY207731.1	1197	1743	0	1	1	1743
CY207731.1	1200	1839	1	0	1	1200
CY207731.1	1246	1289	0	1	1	1289
CY207731.1	1268	1495	1	0	1	1268
CY207731.1	1300	1412	0	1	1	1412
CY207731.1	1300	1590	0	1	1	1590
CY207731.1	1303	1673	0	1	1	1673
CY207731.1	1304	1528	0	1	1	1528
CY207731.1	1321	1666	1	0	1	1321
CY207731.1	1392	1751	1	0	1	1392
CY207731.1	1393	1423	1	0	1	1393
CY207731.1	1412	1631	1	0	1	1412
CY207731.1	1413	1710	1	0	1	1413
CY207731.1	1530	1884	0	1	1	1884
CY207731.1	1540	1683	1	0	1	1540
CY207731.1	1563	1725	1	0	1	1563
CY207731.1	1566	1766	1	0	1	1566
CY207731.1	1596	1748	1	0	1	1596
CY207731.1	1607	1778	0	1	1	1778
CY207731.1	1653	1796	1	0	1	1653
CY207731.1	1706	1893	0	1	1	1893
CY207731.1	1734	1887	0	1	1	1887
CY207731.1	1770	1808	1	0	1	1770
CY207731.1	1792	1882	1	1	2	1792
CY207731.1	251	1635	1	0	1	251
CY207731.1	288	1592	1	0	1	288
CY207731.1	289	674	1	0	1	289
CY207731.1	289	927	1	0	1	289
CY207731.1	292	1648	1	0	1	292
CY207731.1	321	855	1	0	1	321
CY207731.1	330	1673	1	3	4	330
CY207731.1	331	1549	1	0	1	331
CY207731.1	349	1725	0	2	2	1725
CY207731.1	361	789	0	2	2	789
CY207731.1	362	518	1	0	1	362
CY207731.1	370	517	1	0	1	370
CY207731.1	371	1733	1	0	1	371
CY207731.1	371	967	0	1	1	967
CY207731.1	379	1598	0	1	1	1598
CY207731.1	386	475	1	0	1	386
CY207731.1	391	1119	0	1	1	1119
CY207731.1	395	454	0	1	1	454
CY207731.1	399	781	0	1	1	781
CY207731.1	409	1605	0	1	1	1605
CY207731.1	414	1336	1	0	1	414
CY207731.1	421	835	0	1	1	835
CY207731.1	432	565	0	1	1	565
CY207731.1	438	1715	0	1	1	1715
CY207731.1	441	1667	1	0	1	441
CY207731.1	449	1216	1	0	1	449
CY207731.1	459	1089	0	1	1	1089
CY207731.1	474	879	0	1	1	879
CY207731.1	482	1302	1	0	1	482
CY207731.1	489	978	0	1	1	978
CY207731.1	492	1308	1	1	2	492
CY207731.1	492	948	0	1	1	948
CY207731.1	509	605	0	1	1	605
CY207731.1	519	1683	0	1	1	1683
CY207731.1	530	725	0	1	1	725
CY207731.1	531	847	1	0	1	531
CY207731.1	543	638	0	1	1	638
CY207731.1	558	1267	1	0	1	558
CY207731.1	561	1018	0	1	1	1018
CY207731.1	561	737	0	1	1	737
CY207731.1	567	1619	1	0	1	567
CY207731.1	567	940	1	0	1	567
CY207731.1	569	1047	2	0	2	569
CY207731.1	573	1503	0	1	1	1503
CY207731.1	574	601	0	1	1	601
CY207731.1	603	1450	0	1	1	1450
CY207731.1	638	1714	1	0	1	638
CY207731.1	642	1089	0	1	1	1089
CY207731.1	649	1023	1	0	1	649
CY207731.1	649	1908	0	1	1	1908
CY207731.1	663	1416	0	1	1	1416
CY207731.1	674	920	0	1	1	920
CY207731.1	698	1705	1	0	1	698
CY207731.1	704	992	0	1	1	992
CY207731.1	727	1509	1	0	1	727
CY207731.1	731	1369	1	0	1	731
CY207731.1	732	1143	0	1	1	1143
CY207731.1	735	1540	0	1	1	1540
CY207731.1	749	1192	0	1	1	1192
CY207731.1	752	938	1	0	1	752
CY207731.1	775	1703	1	0	1	775
CY207731.1	792	1307	0	1	1	1307
CY207731.1	816	1888	0	1	1	1888
CY207731.1	817	1629	0	1	1	1629
CY207731.1	823	1879	0	2	2	1879
CY207731.1	832	1114	0	1	1	1114
CY207731.1	857	1802	1	0	1	857
CY207731.1	870	935	1	0	1	870
CY207731.1	898	1275	0	1	1	1275
CY207731.1	904	1392	0	1	1	1392
CY207731.1	937	1122	0	1	1	1122
CY207731.1	952	976	1	0	1	952
CY207731.1	984	1357	1	0	1	984
CY207732.1	275	848	2	0	2	275
CY207732.1	276	849	2	0	2	276
CY207732.1	286	333	3	0	3	286
CY207732.1	291	805	1	0	1	291
CY207732.1	294	838	4	0	4	294
CY207732.1	334	596	1	0	1	334
CY207732.1	334	856	1	0	1	334
CY207732.1	337	920	0	3	3	920
CY207732.1	341	534	1	0	1	341
CY207732.1	344	885	1	1	2	344
CY207732.1	348	887	0	1	1	887
CY207732.1	355	833	1	0	1	355
CY207732.1	355	961	0	1	1	961
CY207732.1	358	786	2	0	2	358
CY207732.1	366	1148	0	1	1	1148
CY207732.1	366	928	0	1	1	928
CY207732.1	369	858	0	1	1	858
CY207732.1	385	1160	0	1	1	1160
CY207732.1	389	1003	1	0	1	389
CY207732.1	396	850	1	0	1	396
CY207732.1	404	519	0	1	1	519
CY207732.1	410	1023	0	1	1	1023
CY207732.1	412	738	1	0	1	412
CY207732.1	414	1137	0	1	1	1137
CY207732.1	421	905	0	1	1	905
CY207732.1	424	983	0	1	1	983
CY207732.1	428	1029	1	0	1	428
CY207732.1	434	678	0	1	1	678
CY207732.1	434	813	0	1	1	813
CY207732.1	436	466	0	1	1	466
CY207732.1	445	713	1	0	1	445
CY207732.1	445	815	0	1	1	815
CY207732.1	445	863	0	1	1	863
CY207732.1	448	665	0	2	2	665
CY207732.1	449	1003	1	0	1	449
CY207732.1	452	702	0	1	1	702
CY207732.1	456	950	1	0	1	456
CY207732.1	462	867	1	0	1	462
CY207732.1	467	551	0	1	1	551
CY207732.1	478	955	0	1	1	955
CY207732.1	485	791	1	0	1	485
CY207732.1	493	522	1	0	1	493
CY207732.1	509	891	1	0	1	509
CY207732.1	539	666	1	0	1	539
CY207732.1	565	937	1	0	1	565
CY207732.1	584	607	0	1	1	607
CY207732.1	585	802	1	0	1	585
CY207732.1	589	862	1	0	1	589
CY207732.1	593	1023	0	2	2	1023
CY207732.1	599	1041	0	1	1	1041
CY207732.1	601	685	1	0	1	601
CY207732.1	608	659	0	1	1	659
CY207732.1	613	708	1	0	1	613
CY207732.1	622	851	1	0	1	622
CY207732.1	629	1116	0	1	1	1116
CY207732.1	629	960	1	0	1	629
CY207732.1	630	727	0	1	1	727
CY207732.1	632	801	1	0	1	632
CY207732.1	647	1016	0	1	1	1016
CY207732.1	648	968	1	0	1	648
CY207732.1	651	994	1	0	1	651
CY207732.1	654	808	1	0	1	654
CY207732.1	666	1149	0	1	1	1149
CY207732.1	669	969	1	0	1	669
CY207732.1	679	815	1	3	4	679
CY207732.1	680	936	0	1	1	936
CY207732.1	681	964	0	1	1	964
CY207732.1	691	996	0	1	1	996
CY207732.1	695	743	0	1	1	743
CY207732.1	718	860	1	2	3	718
CY207732.1	803	1034	1	0	1	803
CY207732.1	835	1027	1	0	1	835
CY207732.1	846	901	1	0	1	846
CY207732.1	857	888	1	0	1	857
CY207732.1	875	936	0	1	1	936
CY207732.1	890	951	0	1	1	951
CY207732.1	909	937	1	0	1	909
CY207732.1	913	1070	1	0	1	913
CY207732.1	951	1002	1	0	1	951
CY207733.1	1127	1329	1	0	1	1127
CY207733.1	1209	1578	0	1	1	1578
CY207733.1	1571	1593	0	1	1	1593
CY207733.1	247	1433	1	0	1	247
CY207733.1	254	1435	1	0	1	254
CY207733.1	257	779	1	0	1	257
CY207733.1	260	429	1	0	1	260
CY207733.1	270	1353	1	1	2	270
CY207733.1	279	1209	1	0	1	279
CY207733.1	336	1268	1	0	1	336
CY207733.1	348	1085	0	1	1	1085
CY207733.1	370	596	0	1	1	596
CY207733.1	414	503	0	2	2	503
CY207733.1	419	1569	0	2	2	1569
CY207733.1	426	511	1	0	1	426
CY207733.1	452	1228	1	0	1	452
CY207733.1	479	707	0	1	1	707
CY207733.1	485	545	1	0	1	485
CY207733.1	517	1412	1	0	1	517
CY207733.1	559	921	1	0	1	559
CY207733.1	583	1221	1	0	1	583
CY207733.1	651	822	1	0	1	651
CY207733.1	663	766	1	0	1	663
CY207733.1	670	887	1	0	1	670
CY207733.1	691	781	1	0	1	691
CY207733.1	700	1263	0	1	1	1263
CY207733.1	896	981	0	1	1	981
CY207733.1	948	1027	1	1	2	948
CY207733.1	954	1171	0	1	1	1171
CY207733.1	955	1022	0	1	1	1022
CY207733.1	955	1041	1	1	2	955
CY207734.1	1012	1084	0	1	1	1084
CY207734.1	1072	1667	0	1	1	1667
CY207734.1	1191	1285	0	1	1	1285
CY207734.1	1221	1717	0	1	1	1717
CY207734.1	1282	1400	0	1	1	1400
CY207734.1	1299	1378	0	1	1	1378
CY207734.1	1355	1587	0	1	1	1587
CY207734.1	1368	1619	0	1	1	1619
CY207734.1	1391	1592	0	1	1	1592
CY207734.1	1407	1530	0	1	1	1530
CY207734.1	1442	1566	0	1	1	1566
CY207734.1	1580	1697	0	1	1	1697
CY207734.1	1589	1695	0	2	2	1695
CY207734.1	1604	1725	0	1	1	1725
CY207734.1	235	637	1	0	1	235
CY207734.1	240	1523	1	0	1	240
CY207734.1	272	1097	1	0	1	272
CY207734.1	283	1293	1	0	1	283
CY207734.1	304	829	1	0	1	304
CY207734.1	319	1618	0	1	1	1618
CY207734.1	337	1326	0	1	1	1326
CY207734.1	340	1563	0	1	1	1563
CY207734.1	343	801	1	0	1	343
CY207734.1	346	684	1	0	1	346
CY207734.1	384	635	0	1	1	635
CY207734.1	395	1370	1	0	1	395
CY207734.1	408	1445	0	1	1	1445
CY207734.1	439	1179	0	1	1	1179
CY207734.1	444	1147	1	0	1	444
CY207734.1	462	985	0	1	1	985
CY207734.1	464	891	2	1	3	464
CY207734.1	467	1274	0	1	1	1274
CY207734.1	522	1112	1	0	1	522
CY207734.1	522	1392	1	0	1	522
CY207734.1	522	746	0	1	1	746
CY207734.1	534	634	1	0	1	534
CY207734.1	543	1404	1	0	1	543
CY207734.1	585	1631	0	1	1	1631
CY207734.1	617	676	1	0	1	617
CY207734.1	622	861	1	0	1	622
CY207734.1	625	1072	1	0	1	625
CY207734.1	633	683	0	1	1	683
CY207734.1	657	1404	0	1	1	1404
CY207734.1	662	814	1	0	1	662
CY207734.1	673	711	1	0	1	673
CY207734.1	701	1640	1	0	1	701
CY207734.1	706	869	0	1	1	869
CY207734.1	706	926	1	0	1	706
CY207734.1	720	1233	1	0	1	720
CY207734.1	721	1047	1	0	1	721
CY207734.1	724	1485	0	1	1	1485
CY207734.1	737	1675	0	1	1	1675
CY207734.1	738	1481	1	0	1	738
CY207734.1	741	1199	1	0	1	741
CY207734.1	756	1641	1	0	1	756
CY207734.1	757	1194	0	1	1	1194
CY207734.1	766	1051	0	1	1	1051
CY207734.1	786	943	1	0	1	786
CY207734.1	806	1538	1	0	1	806
CY207734.1	833	1511	1	0	1	833
CY207734.1	866	1044	0	1	1	1044
CY207734.1	868	1678	0	1	1	1678
CY207734.1	871	1495	0	1	1	1495
CY207734.1	908	1563	1	0	1	908
CY207734.1	912	1478	1	0	1	912
CY207734.1	920	1723	0	1	1	1723
CY207734.1	927	1447	0	1	1	1447
CY207734.1	937	1308	1	0	1	937
CY207734.1	942	1252	0	1	1	1252
CY207734.1	948	1489	0	1	1	1489
CY207734.1	961	1052	0	1	1	1052
CY207734.1	962	1048	1	0	1	962
CY207734.1	971	1589	1	0	1	971
CY207734.1	974	1589	1	0	1	974
CY207734.1	988	1571	1	0	1	988
CY207734.1	997	1042	0	1	1	1042
CY207734.1	999	1074	1	0	1	999
CY207735.1	1008	1036	0	1	1	1036
CY207735.1	261	583	1	0	1	261
CY207735.1	339	395	1	0	1	339
CY207735.1	351	791	0	1	1	791
CY207735.1	360	788	1	0	1	360
CY207735.1	365	777	0	1	1	777
CY207735.1	415	843	1	0	1	415
CY207735.1	475	707	1	0	1	475
CY207735.1	499	729	3	0	3	499
CY207735.1	511	740	18	38	56	511
CY207735.1	519	746	0	6	6	746
CY207735.1	523	552	0	2	2	552
CY207735.1	527	998	0	1	1	998
CY207735.1	548	839	0	1	1	839
CY207735.1	550	835	0	1	1	835
CY207735.1	608	1020	0	1	1	1020
CY207735.1	719	746	1	0	1	719
CY207736.1	1004	2355	0	1	1	2355
CY207736.1	1010	2245	1	0	1	1010
CY207736.1	1033	2334	0	1	1	2334
CY207736.1	1033	2353	0	2	2	2353
CY207736.1	1055	1397	1	0	1	1055
CY207736.1	1056	1817	0	1	1	1817
CY207736.1	1059	1145	1	0	1	1059
CY207736.1	1067	1158	0	1	1	1158
CY207736.1	1071	1978	0	1	1	1978
CY207736.1	1082	1412	0	1	1	1412
CY207736.1	1084	1627	0	1	1	1627
CY207736.1	1092	2294	0	1	1	2294
CY207736.1	1093	1585	1	0	1	1093
CY207736.1	1111	1973	0	1	1	1973
CY207736.1	1136	2043	0	1	1	2043
CY207736.1	1142	1820	0	1	1	1820
CY207736.1	1169	1489	0	1	1	1489
CY207736.1	1195	1944	1	0	1	1195
CY207736.1	1204	2131	0	1	1	2131
CY207736.1	1205	1227	1	0	1	1205
CY207736.1	1208	1704	1	0	1	1208
CY207736.1	1209	1957	1	0	1	1209
CY207736.1	1233	1401	1	0	1	1233
CY207736.1	1237	2190	1	0	1	1237
CY207736.1	1299	1940	0	1	1	1940
CY207736.1	1312	2057	0	1	1	2057
CY207736.1	1355	1605	1	0	1	1355
CY207736.1	1373	2008	0	1	1	2008
CY207736.1	1415	2256	1	0	1	1415
CY207736.1	1423	1528	1	0	1	1423
CY207736.1	1428	1850	0	1	1	1850
CY207736.1	1431	1868	1	0	1	1431
CY207736.1	1510	2002	0	1	1	2002
CY207736.1	1536	2079	0	1	1	2079
CY207736.1	1543	1790	0	1	1	1790
CY207736.1	1566	1995	0	1	1	1995
CY207736.1	1567	2204	1	1	2	1567
CY207736.1	1576	1771	0	1	1	1771
CY207736.1	1708	1902	0	1	1	1902
CY207736.1	1786	2002	0	1	1	2002
CY207736.1	1789	2006	1	1	2	1789
CY207736.1	1802	1863	1	0	1	1802
CY207736.1	1897	1965	0	1	1	1965
CY207736.1	1978	2222	1	0	1	1978
CY207736.1	2221	2350	0	1	1	2350
CY207736.1	243	297	1	0	1	243
CY207736.1	252	1822	1	0	1	252
CY207736.1	260	2216	1	0	1	260
CY207736.1	265	737	1	0	1	265
CY207736.1	325	2209	1	0	1	325
CY207736.1	325	367	0	1	1	367
CY207736.1	326	1548	0	1	1	1548
CY207736.1	331	2223	0	1	1	2223
CY207736.1	332	2245	0	1	1	2245
CY207736.1	342	2238	0	1	1	2238
CY207736.1	345	2031	0	1	1	2031
CY207736.1	345	2049	0	1	1	2049
CY207736.1	353	1061	0	1	1	1061
CY207736.1	363	2207	1	3	4	363
CY207736.1	365	2120	0	2	2	2120
CY207736.1	377	2155	3	9	12	377
CY207736.1	388	2012	0	1	1	2012
CY207736.1	393	2106	0	1	1	2106
CY207736.1	394	2173	3	12	15	394
CY207736.1	406	2156	0	1	1	2156
CY207736.1	410	2249	1	0	1	410
CY207736.1	427	1065	1	0	1	427
CY207736.1	430	1934	3	0	3	430
CY207736.1	432	2027	1	1	2	432
CY207736.1	436	2141	0	2	2	2141
CY207736.1	437	2036	0	2	2	2036
CY207736.1	438	2066	0	1	1	2066
CY207736.1	448	1458	1	0	1	448
CY207736.1	449	2172	1	0	1	449
CY207736.1	451	1393	1	0	1	451
CY207736.1	453	1089	1	0	1	453
CY207736.1	453	2009	3	2	5	453
CY207736.1	461	2031	0	1	1	2031
CY207736.1	463	1995	0	1	1	1995
CY207736.1	464	2028	0	1	1	2028
CY207736.1	466	1836	1	0	1	466
CY207736.1	473	2072	0	1	1	2072
CY207736.1	490	2040	0	1	1	2040
CY207736.1	492	2009	1	0	1	492
CY207736.1	504	2070	0	1	1	2070
CY207736.1	511	2057	0	4	4	2057
CY207736.1	512	2017	1	1	2	512
CY207736.1	532	2190	1	0	1	532
CY207736.1	538	2064	3	0	3	538
CY207736.1	545	1210	1	0	1	545
CY207736.1	547	977	0	1	1	977
CY207736.1	562	2005	11	8	19	562
CY207736.1	563	1861	1	0	1	563
CY207736.1	563	2001	1	0	1	563
CY207736.1	564	1828	5	4	9	564
CY207736.1	564	2012	1	0	1	564
CY207736.1	564	2029	0	1	1	2029
CY207736.1	564	904	1	0	1	564
CY207736.1	570	2000	1	0	1	570
CY207736.1	583	1919	0	1	1	1919
CY207736.1	583	2188	0	1	1	2188
CY207736.1	586	1878	1	0	1	586
CY207736.1	590	2125	2	1	3	590
CY207736.1	592	1569	0	1	1	1569
CY207736.1	596	2002	2	2	4	596
CY207736.1	602	1521	1	0	1	602
CY207736.1	606	1830	1	0	1	606
CY207736.1	606	1957	1	0	1	606
CY207736.1	609	1955	1	0	1	609
CY207736.1	611	1903	1	0	1	611
CY207736.1	612	2028	1	0	1	612
CY207736.1	622	1946	0	1	1	1946
CY207736.1	629	1949	0	1	1	1949
CY207736.1	636	1875	1	0	1	636
CY207736.1	637	1943	2	0	2	637
CY207736.1	640	1930	2	0	2	640
CY207736.1	645	683	1	0	1	645
CY207736.1	653	1618	0	1	1	1618
CY207736.1	656	1043	0	1	1	1043
CY207736.1	666	1002	1	0	1	666
CY207736.1	673	1839	0	1	1	1839
CY207736.1	673	1870	0	1	1	1870
CY207736.1	674	1590	2	1	3	674
CY207736.1	677	1607	1	2	3	677
CY207736.1	678	1955	0	2	2	1955
CY207736.1	682	1883	1	0	1	682
CY207736.1	684	1656	0	1	1	1656
CY207736.1	687	1733	4	0	4	687
CY207736.1	693	2221	0	2	2	2221
CY207736.1	698	1644	1	0	1	698
CY207736.1	699	1995	0	2	2	1995
CY207736.1	699	2203	0	1	1	2203
CY207736.1	701	1362	1	0	1	701
CY207736.1	701	1816	1	0	1	701
CY207736.1	702	1657	1	0	1	702
CY207736.1	702	1863	0	2	2	1863
CY207736.1	705	1199	1	0	1	705
CY207736.1	713	1770	1	0	1	713
CY207736.1	715	1855	0	1	1	1855
CY207736.1	717	1920	1	0	1	717
CY207736.1	722	2004	0	1	1	2004
CY207736.1	723	1647	1	0	1	723
CY207736.1	723	1910	2	3	5	723
CY207736.1	723	1994	2	6	8	723
CY207736.1	723	2381	0	2	2	2381
CY207736.1	728	1837	0	1	1	1837
CY207736.1	730	1821	1	0	1	730
CY207736.1	731	1777	2	2	4	731
CY207736.1	731	1840	1	0	1	731
CY207736.1	756	1760	1	0	1	756
CY207736.1	758	1789	2	0	2	758
CY207736.1	759	1764	0	1	1	1764
CY207736.1	760	1717	1	0	1	760
CY207736.1	769	2166	0	1	1	2166
CY207736.1	771	2047	1	0	1	771
CY207736.1	773	1825	0	2	2	1825
CY207736.1	773	1827	0	1	1	1827
CY207736.1	777	902	1	0	1	777
CY207736.1	784	1994	0	2	2	1994
CY207736.1	802	2019	0	1	1	2019
CY207736.1	804	1812	0	1	1	1812
CY207736.1	818	1738	0	1	1	1738
CY207736.1	827	2013	1	1	2	827
CY207736.1	828	1965	0	1	1	1965
CY207736.1	835	1726	0	1	1	1726
CY207736.1	842	1071	0	1	1	1071
CY207736.1	842	1825	0	1	1	1825
CY207736.1	842	918	1	0	1	842
CY207736.1	853	918	1	0	1	853
CY207736.1	862	1678	2	0	2	862
CY207736.1	867	1792	0	1	1	1792
CY207736.1	873	2049	2	0	2	873
CY207736.1	874	1718	0	5	5	1718
CY207736.1	878	1977	1	1	2	878
CY207736.1	880	1143	1	0	1	880
CY207736.1	886	1809	1	0	1	886
CY207736.1	890	1927	0	1	1	1927
CY207736.1	896	1128	0	1	1	1128
CY207736.1	907	1768	0	1	1	1768
CY207736.1	917	1725	1	0	1	917
CY207736.1	924	1732	0	1	1	1732
CY207736.1	928	1730	1	0	1	928
CY207736.1	933	997	0	1	1	997
CY207736.1	939	1678	0	1	1	1678
CY207736.1	940	1887	1	0	1	940
CY207736.1	947	1652	1	0	1	947
CY207736.1	975	2050	0	1	1	2050
CY207736.1	982	1601	0	1	1	1601
CY207736.1	985	1047	0	1	1	1047
CY207737.1	1001	1620	0	1	1	1620
CY207737.1	1005	1822	0	1	1	1822
CY207737.1	1005	2204	0	1	1	2204
CY207737.1	1009	1606	1	0	1	1009
CY207737.1	1013	1643	1	0	1	1013
CY207737.1	1023	1124	1	0	1	1023
CY207737.1	1024	1567	0	1	1	1567
CY207737.1	1032	2211	1	0	1	1032
CY207737.1	1039	2216	0	1	1	2216
CY207737.1	1051	2082	0	1	1	2082
CY207737.1	1076	1683	0	1	1	1683
CY207737.1	1102	1745	0	1	1	1745
CY207737.1	1111	2050	0	1	1	2050
CY207737.1	1164	1368	0	1	1	1368
CY207737.1	1179	2239	0	1	1	2239
CY207737.1	1249	2318	1	0	1	1249
CY207737.1	1357	2020	0	1	1	2020
CY207737.1	1361	1691	0	1	1	1691
CY207737.1	1387	2270	0	1	1	2270
CY207737.1	1399	2320	0	1	1	2320
CY207737.1	1431	1855	1	0	1	1431
CY207737.1	1497	1559	0	1	1	1559
CY207737.1	1525	2204	1	0	1	1525
CY207737.1	1533	1640	1	0	1	1533
CY207737.1	1593	1642	0	1	1	1642
CY207737.1	1644	1972	0	1	1	1972
CY207737.1	1978	2249	0	1	1	2249
CY207737.1	2283	2332	1	0	1	2283
CY207737.1	2291	2348	1	0	1	2291
CY207737.1	2322	2356	1	0	1	2322
CY207737.1	239	2285	7	0	7	239
CY207737.1	2418	2453	0	1	1	2453
CY207737.1	241	267	1	0	1	241
CY207737.1	2428	2450	0	1	1	2450
CY207737.1	266	338	1	0	1	266
CY207737.1	274	365	1	0	1	274
CY207737.1	306	889	0	1	1	889
CY207737.1	308	1671	0	1	1	1671
CY207737.1	324	2340	1	0	1	324
CY207737.1	336	2331	1	0	1	336
CY207737.1	337	928	0	1	1	928
CY207737.1	339	395	1	0	1	339
CY207737.1	341	2334	1	0	1	341
CY207737.1	341	2355	1	1	2	341
CY207737.1	363	2188	3	1	4	363
CY207737.1	381	2242	1	0	1	381
CY207737.1	383	2243	1	0	1	383
CY207737.1	391	2182	1	0	1	391
CY207737.1	394	2207	0	1	1	2207
CY207737.1	433	2348	0	1	1	2348
CY207737.1	446	2287	1	0	1	446
CY207737.1	453	2302	1	0	1	453
CY207737.1	459	2189	0	1	1	2189
CY207737.1	461	2267	1	0	1	461
CY207737.1	463	2239	0	1	1	2239
CY207737.1	467	2198	0	1	1	2198
CY207737.1	476	2072	1	0	1	476
CY207737.1	477	2190	0	1	1	2190
CY207737.1	480	2120	0	1	1	2120
CY207737.1	481	1736	1	0	1	481
CY207737.1	494	2167	2	2	4	494
CY207737.1	494	935	0	1	1	935
CY207737.1	500	1206	0	1	1	1206
CY207737.1	502	2086	0	1	1	2086
CY207737.1	543	1910	1	0	1	543
CY207737.1	544	2262	1	0	1	544
CY207737.1	565	2165	2	1	3	565
CY207737.1	583	2019	1	0	1	583
CY207737.1	587	2144	1	0	1	587
CY207737.1	590	2018	0	1	1	2018
CY207737.1	599	2012	0	1	1	2012
CY207737.1	599	2150	1	1	2	599
CY207737.1	610	1952	0	1	1	1952
CY207737.1	613	2292	1	0	1	613
CY207737.1	623	1182	0	1	1	1182
CY207737.1	623	897	0	1	1	897
CY207737.1	624	1920	0	1	1	1920
CY207737.1	635	2013	2	0	2	635
CY207737.1	637	2019	1	0	1	637
CY207737.1	661	2139	0	1	1	2139
CY207737.1	669	1980	1	1	2	669
CY207737.1	674	2087	1	0	1	674
CY207737.1	677	2070	1	0	1	677
CY207737.1	681	2081	1	0	1	681
CY207737.1	688	1954	0	1	1	1954
CY207737.1	688	2062	1	0	1	688
CY207737.1	698	1995	0	1	1	1995
CY207737.1	703	1933	1	0	1	703
CY207737.1	704	1447	1	0	1	704
CY207737.1	706	1894	0	1	1	1894
CY207737.1	708	1897	2	0	2	708
CY207737.1	711	2495	0	1	1	2495
CY207737.1	717	1474	0	1	1	1474
CY207737.1	722	1774	0	1	1	1774
CY207737.1	722	1899	1	1	2	722
CY207737.1	725	1306	1	0	1	725
CY207737.1	732	1929	0	1	1	1929
CY207737.1	746	1997	1	0	1	746
CY207737.1	764	2007	0	1	1	2007
CY207737.1	767	895	0	1	1	895
CY207737.1	775	1979	1	0	1	775
CY207737.1	778	990	1	0	1	778
CY207737.1	790	1960	0	1	1	1960
CY207737.1	794	1841	1	0	1	794
CY207737.1	803	1734	0	1	1	1734
CY207737.1	815	1769	0	1	1	1769
CY207737.1	830	1371	1	0	1	830
CY207737.1	831	1971	0	1	1	1971
CY207737.1	839	1806	0	1	1	1806
CY207737.1	846	1912	1	0	1	846
CY207737.1	853	1836	1	0	1	853
CY207737.1	854	1089	1	0	1	854
CY207737.1	859	1396	1	0	1	859
CY207737.1	870	1749	2	0	2	870
CY207737.1	882	1113	1	0	1	882
CY207737.1	884	1774	0	1	1	1774
CY207737.1	888	1687	0	1	1	1687
CY207737.1	889	1246	0	1	1	1246
CY207737.1	890	1588	1	0	1	890
CY207737.1	898	1761	2	0	2	898
CY207737.1	898	1867	0	2	2	1867
CY207737.1	901	1294	1	0	1	901
CY207737.1	911	1779	0	1	1	1779
CY207737.1	918	2257	0	1	1	2257
CY207737.1	925	1708	1	0	1	925
CY207737.1	925	1714	0	1	1	1714
CY207737.1	928	1413	0	1	1	1413
CY207737.1	936	2174	1	0	1	936
CY207737.1	962	1818	0	1	1	1818
CY207737.1	973	1620	0	1	1	1620
CY207737.1	982	2006	0	1	1	2006
CY207737.1	992	2053	0	1	1	2053
CY207738.1	1009	1772	0	1	1	1772
CY207738.1	1012	2318	1	0	1	1012
CY207738.1	1023	1097	0	1	1	1097
CY207738.1	1030	1252	1	0	1	1030
CY207738.1	1062	2248	1	0	1	1062
CY207738.1	1072	1140	1	0	1	1072
CY207738.1	1104	1178	0	1	1	1178
CY207738.1	1108	1203	0	1	1	1203
CY207738.1	1108	1709	0	1	1	1709
CY207738.1	1119	2405	0	1	1	2405
CY207738.1	1125	2016	1	0	1	1125
CY207738.1	1183	1524	1	0	1	1183
CY207738.1	1192	2207	0	1	1	2207
CY207738.1	1197	1759	1	0	1	1197
CY207738.1	1202	2101	0	1	1	2101
CY207738.1	1227	1781	0	1	1	1781
CY207738.1	1262	1669	0	1	1	1669
CY207738.1	1300	1675	0	1	1	1675
CY207738.1	1326	1811	1	0	1	1326
CY207738.1	1330	1861	1	0	1	1330
CY207738.1	1369	1436	1	0	1	1369
CY207738.1	1370	1509	1	0	1	1370
CY207738.1	1388	1698	0	1	1	1698
CY207738.1	1432	2237	1	0	1	1432
CY207738.1	1461	2244	0	1	1	2244
CY207738.1	1466	2012	0	1	1	2012
CY207738.1	1467	2298	1	0	1	1467
CY207738.1	1511	2251	1	0	1	1511
CY207738.1	1660	1847	1	0	1	1660
CY207738.1	1660	1914	0	1	1	1914
CY207738.1	1672	1949	0	1	1	1949
CY207738.1	1681	2491	0	1	1	2491
CY207738.1	1703	2303	1	0	1	1703
CY207738.1	1727	1959	1	0	1	1727
CY207738.1	1773	1846	1	0	1	1773
CY207738.1	1914	2491	0	1	1	2491
CY207738.1	1949	2462	0	1	1	2462
CY207738.1	1952	2342	1	0	1	1952
CY207738.1	1962	2227	1	0	1	1962
CY207738.1	2012	2320	1	0	1	2012
CY207738.1	247	2338	1	0	1	247
CY207738.1	256	1809	23	0	23	256
CY207738.1	263	1401	1	0	1	263
CY207738.1	270	1089	1	0	1	270
CY207738.1	278	2371	1	0	1	278
CY207738.1	316	2213	0	1	1	2213
CY207738.1	318	1009	1	0	1	318
CY207738.1	332	1228	0	1	1	1228
CY207738.1	339	1665	1	0	1	339
CY207738.1	343	2178	0	1	1	2178
CY207738.1	358	2210	1	5	6	358
CY207738.1	362	2298	1	0	1	362
CY207738.1	368	401	0	2	2	401
CY207738.1	371	2346	1	1	2	371
CY207738.1	380	2313	3	0	3	380
CY207738.1	384	2170	1	1	2	384
CY207738.1	385	2276	0	8	8	2276
CY207738.1	387	2317	0	1	1	2317
CY207738.1	388	2353	0	2	2	2353
CY207738.1	389	2458	0	1	1	2458
CY207738.1	402	2235	0	1	1	2235
CY207738.1	407	2178	0	2	2	2178
CY207738.1	408	2379	0	1	1	2379
CY207738.1	411	2312	1	8	9	411
CY207738.1	416	2051	0	1	1	2051
CY207738.1	430	1588	1	0	1	430
CY207738.1	436	2288	0	1	1	2288
CY207738.1	447	2272	1	0	1	447
CY207738.1	449	2220	1	1	2	449
CY207738.1	453	2267	0	1	1	2267
CY207738.1	454	2169	1	0	1	454
CY207738.1	460	2278	0	2	2	2278
CY207738.1	463	2233	0	1	1	2233
CY207738.1	464	1761	1	0	1	464
CY207738.1	469	2236	1	0	1	469
CY207738.1	470	2164	1	5	6	470
CY207738.1	470	2265	1	6	7	470
CY207738.1	472	2214	1	0	1	472
CY207738.1	473	2238	0	1	1	2238
CY207738.1	481	2115	1	3	4	481
CY207738.1	484	2192	0	1	1	2192
CY207738.1	486	1495	1	0	1	486
CY207738.1	486	2210	1	0	1	486
CY207738.1	489	2173	2	5	7	489
CY207738.1	499	2170	0	1	1	2170
CY207738.1	505	2187	0	1	1	2187
CY207738.1	510	2149	1	0	1	510
CY207738.1	512	2368	1	0	1	512
CY207738.1	516	966	1	0	1	516
CY207738.1	523	2210	0	3	3	2210
CY207738.1	528	2187	0	1	1	2187
CY207738.1	536	1850	1	0	1	536
CY207738.1	536	2170	1	0	1	536
CY207738.1	539	580	1	0	1	539
CY207738.1	543	2059	0	1	1	2059
CY207738.1	552	1424	1	1	2	552
CY207738.1	552	2054	1	0	1	552
CY207738.1	560	2193	1	0	1	560
CY207738.1	563	2169	1	0	1	563
CY207738.1	568	1773	1	0	1	568
CY207738.1	575	2028	1	0	1	575
CY207738.1	581	2102	0	1	1	2102
CY207738.1	585	2232	2	0	2	585
CY207738.1	595	2010	1	2	3	595
CY207738.1	608	774	1	0	1	608
CY207738.1	619	1530	0	1	1	1530
CY207738.1	627	2008	0	1	1	2008
CY207738.1	627	2044	0	1	1	2044
CY207738.1	628	1956	2	0	2	628
CY207738.1	631	2114	1	1	2	631
CY207738.1	640	1815	1	0	1	640
CY207738.1	641	2028	0	1	1	2028
CY207738.1	641	2037	0	1	1	2037
CY207738.1	644	1954	0	1	1	1954
CY207738.1	650	1223	1	0	1	650
CY207738.1	662	2002	1	1	2	662
CY207738.1	667	1831	1	0	1	667
CY207738.1	669	1706	0	1	1	1706
CY207738.1	675	1997	0	1	1	1997
CY207738.1	680	2014	0	1	1	2014
CY207738.1	695	1990	0	1	1	1990
CY207738.1	695	2050	1	1	2	695
CY207738.1	701	1892	1	0	1	701
CY207738.1	707	1960	0	1	1	1960
CY207738.1	715	1793	1	0	1	715
CY207738.1	717	1951	1	0	1	717
CY207738.1	721	1949	1	0	1	721
CY207738.1	732	1940	1	0	1	732
CY207738.1	733	1318	0	1	1	1318
CY207738.1	733	1936	2	0	2	733
CY207738.1	738	2362	1	0	1	738
CY207738.1	739	989	0	1	1	989
CY207738.1	741	1938	1	0	1	741
CY207738.1	749	1900	0	1	1	1900
CY207738.1	751	1939	1	1	2	751
CY207738.1	752	1717	1	1	2	752
CY207738.1	761	1815	6	3	9	761
CY207738.1	764	2010	1	0	1	764
CY207738.1	768	1949	0	1	1	1949
CY207738.1	771	1872	1	0	1	771
CY207738.1	780	1813	0	1	1	1813
CY207738.1	785	1782	0	1	1	1782
CY207738.1	786	1881	1	0	1	786
CY207738.1	803	2288	1	0	1	803
CY207738.1	808	2112	1	0	1	808
CY207738.1	809	1366	0	1	1	1366
CY207738.1	809	1761	1	0	1	809
CY207738.1	814	1842	1	0	1	814
CY207738.1	824	2084	0	1	1	2084
CY207738.1	825	1831	0	1	1	1831
CY207738.1	826	1889	1	0	1	826
CY207738.1	827	1693	1	0	1	827
CY207738.1	828	1871	0	1	1	1871
CY207738.1	839	1814	1	0	1	839
CY207738.1	842	1858	1	0	1	842
CY207738.1	843	1805	0	1	1	1805
CY207738.1	846	1860	0	1	1	1860
CY207738.1	849	1810	1	0	1	849
CY207738.1	851	2474	0	1	1	2474
CY207738.1	853	1743	1	0	1	853
CY207738.1	855	1619	0	1	1	1619
CY207738.1	856	1861	1	1	2	856
CY207738.1	862	1698	1	0	1	862
CY207738.1	870	1658	1	0	1	870
CY207738.1	877	2184	0	1	1	2184
CY207738.1	883	1844	0	1	1	1844
CY207738.1	885	1785	1	0	1	885
CY207738.1	893	1794	1	1	2	893
CY207738.1	895	1819	0	1	1	1819
CY207738.1	896	1101	0	1	1	1101
CY207738.1	906	937	1	0	1	906
CY207738.1	923	2049	1	0	1	923
CY207738.1	924	1881	0	2	2	1881
CY207738.1	945	2470	0	1	1	2470
CY207738.1	952	1626	2	0	2	952
CY207738.1	955	1250	0	1	1	1250
CY207738.1	973	2203	0	1	1	2203
