Segment	Start	Stop	Forward_support	Reverse_support	Total_support	Fuzz_factor
CY207731.1	1019	1534	0	1	1	1534
CY207731.1	1050	1352	1	0	1	1050
CY207731.1	1052	1148	0	1	1	1148
CY207731.1	1063	1728	1	0	1	1063
CY207731.1	1159	1291	1	0	1	1159
CY207731.1	1205	1784	0	1	1	1784
CY207731.1	1227	1630	1	0	1	1227
CY207731.1	1291	1653	1	0	1	1291
CY207731.1	1294	1681	0	1	1	1681
CY207731.1	1360	1720	1	0	1	1360
CY207731.1	1364	1396	0	1	1	1396
CY207731.1	1386	1509	1	0	1	1386
CY207731.1	1459	1525	1	0	1	1459
CY207731.1	1514	1849	1	0	1	1514
CY207731.1	1518	1805	1	0	1	1518
CY207731.1	1684	1777	0	1	1	1777
CY207731.1	245	1796	61	1	62	245
CY207731.1	288	483	1	0	1	288
CY207731.1	289	569	1	0	1	289
CY207731.1	290	563	1	0	1	290
CY207731.1	331	917	1	0	1	331
CY207731.1	365	590	1	0	1	365
CY207731.1	369	890	1	0	1	369
CY207731.1	377	1841	0	1	1	1841
CY207731.1	386	1750	1	0	1	386
CY207731.1	406	911	0	1	1	911
CY207731.1	425	1104	1	0	1	425
CY207731.1	430	1513	1	0	1	430
CY207731.1	431	824	0	1	1	824
CY207731.1	477	1183	0	1	1	1183
CY207731.1	477	1368	1	0	1	477
CY207731.1	493	1536	0	1	1	1536
CY207731.1	493	702	26	57	83	493
CY207731.1	496	1152	0	1	1	1152
CY207731.1	505	1697	0	1	1	1697
CY207731.1	524	1242	1	0	1	524
CY207731.1	552	1205	0	1	1	1205
CY207731.1	565	1641	0	1	1	1641
CY207731.1	598	808	1	0	1	598
CY207731.1	612	1353	1	0	1	612
CY207731.1	618	1320	0	1	1	1320
CY207731.1	651	938	1	0	1	651
CY207731.1	679	1748	1	0	1	679
CY207731.1	682	1444	0	1	1	1444
CY207731.1	691	1365	0	1	1	1365
CY207731.1	692	825	0	1	1	825
CY207731.1	693	918	1	0	1	693
CY207731.1	765	1720	1	0	1	765
CY207731.1	793	843	0	1	1	843
CY207731.1	898	1089	1	0	1	898
CY207731.1	898	1607	1	0	1	898
CY207731.1	925	1541	0	1	1	1541
CY207731.1	948	1416	0	1	1	1416
CY207732.1	263	606	1	0	1	263
CY207732.1	301	767	1	0	1	301
CY207732.1	336	862	1	0	1	336
CY207732.1	338	655	1	0	1	338
CY207732.1	342	443	0	1	1	443
CY207732.1	354	1017	1	0	1	354
CY207732.1	365	448	0	1	1	448
CY207732.1	373	899	0	1	1	899
CY207732.1	379	1043	0	1	1	1043
CY207732.1	384	1133	0	1	1	1133
CY207732.1	396	555	1	0	1	396
CY207732.1	398	604	0	1	1	604
CY207732.1	398	973	0	1	1	973
CY207732.1	400	555	0	1	1	555
CY207732.1	402	430	0	1	1	430
CY207732.1	406	875	0	1	1	875
CY207732.1	413	592	0	1	1	592
CY207732.1	414	556	1	0	1	414
CY207732.1	425	1162	0	1	1	1162
CY207732.1	445	775	0	1	1	775
CY207732.1	488	767	1	0	1	488
CY207732.1	500	1012	1	0	1	500
CY207732.1	500	889	0	1	1	889
CY207732.1	512	1082	1	0	1	512
CY207732.1	526	1138	0	1	1	1138
CY207732.1	536	857	0	1	1	857
CY207732.1	577	950	1	0	1	577
CY207732.1	605	962	0	1	1	962
CY207732.1	627	855	1	0	1	627
CY207732.1	644	839	0	1	1	839
CY207732.1	672	976	0	1	1	976
CY207732.1	679	1022	1	0	1	679
CY207732.1	681	1008	0	1	1	1008
CY207732.1	686	880	0	1	1	880
CY207732.1	694	898	1	0	1	694
CY207732.1	697	901	60	50	110	697
CY207732.1	703	907	0	2	2	907
CY207732.1	715	965	104	66	170	715
CY207732.1	717	887	0	1	1	887
CY207732.1	719	1022	1	0	1	719
CY207732.1	727	753	0	1	1	753
CY207732.1	733	969	0	1	1	969
CY207732.1	769	1017	0	1	1	1017
CY207732.1	793	1009	0	1	1	1009
CY207732.1	823	854	1	0	1	823
CY207732.1	830	879	11	15	26	830
CY207732.1	838	872	0	1	1	872
CY207732.1	842	1070	0	1	1	1070
CY207732.1	857	1028	1	0	1	857
CY207732.1	890	913	0	1	1	913
CY207732.1	922	1073	1	0	1	922
CY207732.1	954	1152	0	1	1	1152
CY207732.1	988	1039	2	0	2	988
CY207733.1	1140	1255	0	1	1	1255
CY207733.1	1237	1433	0	1	1	1433
CY207733.1	1239	1435	1	0	1	1239
CY207733.1	1321	1443	0	1	1	1443
CY207733.1	278	566	1	0	1	278
CY207733.1	334	1215	0	1	1	1215
CY207733.1	402	628	0	1	1	628
CY207733.1	411	856	0	1	1	856
CY207733.1	418	525	0	1	1	525
CY207733.1	455	1152	0	1	1	1152
CY207733.1	479	1152	0	1	1	1152
CY207733.1	559	804	0	1	1	804
CY207733.1	575	1027	1	0	1	575
CY207733.1	578	1036	0	1	1	1036
CY207733.1	599	897	1	0	1	599
CY207733.1	600	720	0	1	1	720
CY207733.1	624	1160	0	1	1	1160
CY207733.1	688	1458	1	0	1	688
CY207733.1	792	1354	1	0	1	792
CY207733.1	894	1338	0	1	1	1338
CY207733.1	978	1440	1	0	1	978
CY207733.1	980	1527	0	1	1	1527
CY207734.1	1079	1350	1	0	1	1079
CY207734.1	1110	1620	0	1	1	1620
CY207734.1	1166	1539	1	0	1	1166
CY207734.1	1254	1326	1	0	1	1254
CY207734.1	1378	1421	0	1	1	1421
CY207734.1	1439	1558	1	0	1	1439
CY207734.1	249	1402	1	0	1	249
CY207734.1	249	1509	1	0	1	249
CY207734.1	270	1218	1	0	1	270
CY207734.1	280	746	1	0	1	280
CY207734.1	297	1213	0	1	1	1213
CY207734.1	325	1483	0	1	1	1483
CY207734.1	343	1059	0	1	1	1059
CY207734.1	405	1082	0	1	1	1082
CY207734.1	422	1195	0	1	1	1195
CY207734.1	423	935	1	0	1	423
CY207734.1	432	1540	1	0	1	432
CY207734.1	439	990	0	1	1	990
CY207734.1	470	1577	1	0	1	470
CY207734.1	521	1502	0	1	1	1502
CY207734.1	522	795	0	1	1	795
CY207734.1	533	1182	1	0	1	533
CY207734.1	546	1200	0	1	1	1200
CY207734.1	555	964	1	0	1	555
CY207734.1	576	1495	1	0	1	576
CY207734.1	599	1239	0	1	1	1239
CY207734.1	600	1417	1	0	1	600
CY207734.1	609	850	1	0	1	609
CY207734.1	623	1250	1	0	1	623
CY207734.1	624	1153	1	0	1	624
CY207734.1	651	1469	1	0	1	651
CY207734.1	691	1313	0	1	1	1313
CY207734.1	692	1150	0	1	1	1150
CY207734.1	723	1268	0	1	1	1268
CY207734.1	737	1158	1	0	1	737
CY207734.1	744	1024	1	0	1	744
CY207734.1	748	810	1	0	1	748
CY207734.1	754	1565	0	1	1	1565
CY207734.1	827	1367	0	1	1	1367
CY207734.1	949	1693	0	1	1	1693
CY207734.1	966	1051	43	36	79	966
CY207735.1	463	653	48	154	202	463
CY207735.1	466	656	1	0	1	466
CY207735.1	545	678	0	1	1	678
CY207735.1	624	805	1	0	1	624
CY207735.1	755	1000	0	1	1	1000
CY207736.1	1111	1661	1	0	1	1111
CY207736.1	1220	2021	1	0	1	1220
CY207736.1	1275	1637	1	0	1	1275
CY207736.1	1345	2309	1	0	1	1345
CY207736.1	1460	1688	1	0	1	1460
CY207736.1	1576	1814	1	0	1	1576
CY207736.1	1608	1973	1	0	1	1608
CY207736.1	1708	2115	0	1	1	2115
CY207736.1	1849	2222	1	0	1	1849
CY207736.1	1849	2263	0	1	1	2263
CY207736.1	1904	2111	1	0	1	1904
CY207736.1	274	1692	1	0	1	274
CY207736.1	377	1471	0	1	1	1471
CY207736.1	470	1942	1	0	1	470
CY207736.1	494	1273	1	0	1	494
CY207736.1	530	1902	1	0	1	530
CY207736.1	551	1914	1	0	1	551
CY207736.1	575	1925	68	42	110	575
CY207736.1	595	1861	1	0	1	595
CY207736.1	600	1877	2	0	2	600
CY207736.1	607	1922	90	64	154	607
CY207736.1	610	1241	0	1	1	1241
CY207736.1	610	1913	1	0	1	610
CY207736.1	611	1913	14	23	37	611
CY207736.1	623	1938	0	1	1	1938
CY207736.1	625	1900	2	0	2	625
CY207736.1	630	1935	62	58	120	630
CY207736.1	638	1945	0	1	1	1945
CY207736.1	671	1812	0	1	1	1812
CY207736.1	677	803	1	0	1	677
CY207736.1	695	1061	1	0	1	695
CY207736.1	785	1684	0	1	1	1684
CY207736.1	818	1718	1	0	1	818
CY207736.1	887	2215	1	0	1	887
CY207736.1	914	2225	34	55	89	914
CY207736.1	933	2254	0	2	2	2254
CY207736.1	946	1629	0	1	1	1629
CY207736.1	952	2277	0	1	1	2277
CY207736.1	957	2248	0	1	1	2248
CY207736.1	960	2036	1	0	1	960
CY207737.1	1063	2153	0	1	1	2153
CY207737.1	1081	1791	1	0	1	1081
CY207737.1	1103	1224	0	1	1	1224
CY207737.1	1283	1774	1	0	1	1283
CY207737.1	1423	1838	1	0	1	1423
CY207737.1	1481	1938	0	1	1	1938
CY207737.1	1536	1976	1	0	1	1536
CY207737.1	1589	2010	0	1	1	2010
CY207737.1	1650	2072	0	1	1	2072
CY207737.1	1712	1835	0	1	1	1835
CY207737.1	1756	2193	0	1	1	2193
CY207737.1	1955	2236	1	0	1	1955
CY207737.1	2182	2367	1	0	1	2182
CY207737.1	500	1493	1	0	1	500
CY207737.1	571	1639	1	0	1	571
CY207737.1	574	2199	1	0	1	574
CY207737.1	615	889	0	1	1	889
CY207737.1	630	1250	0	1	1	1250
CY207737.1	666	1156	1	0	1	666
CY207737.1	689	1402	1	0	1	689
CY207737.1	717	1772	1	0	1	717
CY207737.1	784	2178	0	1	1	2178
CY207737.1	805	1512	1	0	1	805
CY207737.1	838	1015	1	0	1	838
CY207737.1	930	1845	0	1	1	1845
CY207737.1	968	2298	1	0	1	968
CY207737.1	987	1817	0	1	1	1817
CY207738.1	1126	1676	0	1	1	1676
CY207738.1	1420	2068	0	1	1	2068
CY207738.1	1544	1974	1	0	1	1544
CY207738.1	1571	2352	0	1	1	2352
CY207738.1	1579	1917	0	1	1	1917
CY207738.1	1590	1634	0	1	1	1634
CY207738.1	1653	1773	0	1	1	1773
CY207738.1	1712	2172	0	1	1	2172
CY207738.1	1713	1966	0	1	1	1966
CY207738.1	1886	2396	0	1	1	2396
CY207738.1	1948	2052	1	0	1	1948
CY207738.1	1986	2307	1	0	1	1986
CY207738.1	2082	2217	1	0	1	2082
CY207738.1	255	738	1	0	1	255
CY207738.1	280	2061	1	0	1	280
CY207738.1	285	333	1	0	1	285
CY207738.1	304	2334	14	19	33	304
CY207738.1	329	2034	8	54	62	329
CY207738.1	365	736	0	1	1	736
CY207738.1	371	978	0	1	1	978
CY207738.1	376	1261	0	1	1	1261
CY207738.1	402	1142	0	1	1	1142
CY207738.1	412	1730	1	0	1	412
CY207738.1	417	1947	0	1	1	1947
CY207738.1	419	2217	2	16	18	419
CY207738.1	428	2230	0	1	1	2230
CY207738.1	440	1398	0	1	1	1398
CY207738.1	453	1753	1	0	1	453
CY207738.1	484	2170	0	1	1	2170
CY207738.1	507	2203	45	89	134	507
CY207738.1	525	961	1	0	1	525
CY207738.1	550	876	1	0	1	550
CY207738.1	576	2163	0	1	1	2163
CY207738.1	584	2092	66	102	168	584
CY207738.1	598	2309	0	1	1	2309
CY207738.1	609	2475	0	1	1	2475
CY207738.1	619	1160	1	0	1	619
CY207738.1	634	2273	1	0	1	634
CY207738.1	690	1916	63	72	135	690
CY207738.1	701	1636	0	1	1	1636
CY207738.1	707	1934	0	1	1	1934
CY207738.1	728	1693	0	1	1	1693
CY207738.1	774	1505	1	0	1	774
CY207738.1	810	2096	0	1	1	2096
CY207738.1	871	1428	1	0	1	871
CY207738.1	897	1660	0	1	1	1660
CY207738.1	939	2269	0	1	1	2269
CY207738.1	970	1699	1	0	1	970
