Segment	Start	Stop	Forward_support	Reverse_support	Total_support	Fuzz_factor
CY207731.1	1009	1784	0	1	1	1784
CY207731.1	1036	1391	1	0	1	1036
CY207731.1	1087	1758	1	0	1	1087
CY207731.1	1127	1175	0	1	1	1175
CY207731.1	1147	1705	1	0	1	1147
CY207731.1	1299	1651	1	0	1	1299
CY207731.1	1308	1775	1	0	1	1308
CY207731.1	1329	1484	0	1	1	1484
CY207731.1	1494	1651	1	0	1	1494
CY207731.1	251	1390	1	0	1	251
CY207731.1	270	1334	1	0	1	270
CY207731.1	373	1550	0	1	1	1550
CY207731.1	373	1724	1	0	1	373
CY207731.1	396	438	0	1	1	438
CY207731.1	416	1371	1	0	1	416
CY207731.1	426	1685	1	0	1	426
CY207731.1	447	724	0	1	1	724
CY207731.1	451	1735	1	0	1	451
CY207731.1	458	1723	0	1	1	1723
CY207731.1	489	1016	0	1	1	1016
CY207731.1	489	1270	1	0	1	489
CY207731.1	509	1574	1	0	1	509
CY207731.1	513	1056	1	0	1	513
CY207731.1	514	1750	0	1	1	1750
CY207731.1	526	1608	0	1	1	1608
CY207731.1	531	1381	0	1	1	1381
CY207731.1	540	1564	2	0	2	540
CY207731.1	614	1579	0	1	1	1579
CY207731.1	644	975	1	0	1	644
CY207731.1	674	1049	0	1	1	1049
CY207731.1	698	984	0	1	1	984
CY207731.1	716	999	1	0	1	716
CY207731.1	761	897	0	1	1	897
CY207731.1	763	1693	1	0	1	763
CY207731.1	815	1111	0	1	1	1111
CY207731.1	815	1719	0	1	1	1719
CY207731.1	817	1501	0	1	1	1501
CY207731.1	854	1232	0	1	1	1232
CY207731.1	893	1533	1	0	1	893
CY207731.1	901	1467	0	1	1	1467
CY207731.1	913	1618	0	1	1	1618
CY207731.1	972	1324	1	0	1	972
CY207732.1	1034	1069	1	0	1	1034
CY207732.1	239	873	1	0	1	239
CY207732.1	281	448	1	0	1	281
CY207732.1	289	815	1	0	1	289
CY207732.1	341	818	1	0	1	341
CY207732.1	364	582	0	1	1	582
CY207732.1	366	1016	1	0	1	366
CY207732.1	378	864	0	1	1	864
CY207732.1	392	460	0	1	1	460
CY207732.1	393	813	0	1	1	813
CY207732.1	394	1143	0	1	1	1143
CY207732.1	396	613	1	0	1	396
CY207732.1	398	965	0	1	1	965
CY207732.1	407	978	0	1	1	978
CY207732.1	421	624	1	0	1	421
CY207732.1	426	1045	1	0	1	426
CY207732.1	428	516	0	1	1	516
CY207732.1	450	659	0	1	1	659
CY207732.1	452	564	0	1	1	564
CY207732.1	454	1074	0	1	1	1074
CY207732.1	472	731	1	0	1	472
CY207732.1	473	1181	0	1	1	1181
CY207732.1	478	1016	0	1	1	1016
CY207732.1	478	1031	1	0	1	478
CY207732.1	478	595	0	1	1	595
CY207732.1	481	986	0	1	1	986
CY207732.1	487	739	1	0	1	487
CY207732.1	506	976	0	1	1	976
CY207732.1	510	653	0	1	1	653
CY207732.1	519	943	1	0	1	519
CY207732.1	532	665	1	0	1	532
CY207732.1	542	1141	0	1	1	1141
CY207732.1	568	604	0	1	1	604
CY207732.1	626	720	0	1	1	720
CY207732.1	628	904	0	1	1	904
CY207732.1	629	1032	0	1	1	1032
CY207732.1	630	973	0	1	1	973
CY207732.1	674	1182	0	1	1	1182
CY207732.1	684	970	1	0	1	684
CY207732.1	693	851	1	0	1	693
CY207732.1	709	870	1	0	1	709
CY207732.1	709	944	0	1	1	944
CY207732.1	718	860	1	0	1	718
CY207732.1	720	874	0	1	1	874
CY207732.1	740	1061	1	0	1	740
CY207732.1	763	920	1	0	1	763
CY207732.1	788	971	1	0	1	788
CY207732.1	801	1065	1	0	1	801
CY207732.1	810	901	1	0	1	810
CY207732.1	817	997	1	0	1	817
CY207732.1	825	1056	1	0	1	825
CY207732.1	829	949	0	1	1	949
CY207732.1	862	885	1	0	1	862
CY207732.1	916	1025	0	1	1	1025
CY207732.1	923	1138	0	1	1	1138
CY207732.1	937	960	1	0	1	937
CY207732.1	995	1144	0	1	1	1144
CY207733.1	1018	1421	0	1	1	1421
CY207733.1	1204	1410	1	0	1	1204
CY207733.1	258	1117	1	0	1	258
CY207733.1	284	1407	1	0	1	284
CY207733.1	297	1522	0	4	4	1522
CY207733.1	358	1132	1	0	1	358
CY207733.1	384	848	1	0	1	384
CY207733.1	436	1117	0	1	1	1117
CY207733.1	465	507	0	1	1	507
CY207733.1	465	527	0	1	1	527
CY207733.1	490	1556	0	1	1	1556
CY207733.1	501	1130	1	0	1	501
CY207733.1	507	1351	0	1	1	1351
CY207733.1	546	1172	0	1	1	1172
CY207733.1	610	747	1	0	1	610
CY207733.1	611	1231	0	1	1	1231
CY207733.1	615	1154	1	0	1	615
CY207733.1	621	1460	1	0	1	621
CY207733.1	684	732	0	1	1	732
CY207733.1	717	1238	0	1	1	1238
CY207733.1	720	881	0	1	1	881
CY207733.1	862	1390	1	0	1	862
CY207733.1	874	965	21	22	43	874
CY207733.1	928	1268	1	0	1	928
CY207733.1	955	1304	0	1	1	1304
CY207733.1	969	1440	1	0	1	969
CY207734.1	1028	1062	1	0	1	1028
CY207734.1	1094	1588	1	0	1	1094
CY207734.1	1317	1468	1	0	1	1317
CY207734.1	1368	1603	1	0	1	1368
CY207734.1	1604	1725	0	8	8	1725
CY207734.1	246	583	1	0	1	246
CY207734.1	280	1368	1	0	1	280
CY207734.1	350	372	1	0	1	350
CY207734.1	351	633	0	1	1	633
CY207734.1	394	1161	0	1	1	1161
CY207734.1	408	1200	0	1	1	1200
CY207734.1	417	1551	0	1	1	1551
CY207734.1	426	1597	0	1	1	1597
CY207734.1	441	1691	0	1	1	1691
CY207734.1	449	1192	0	1	1	1192
CY207734.1	451	912	1	0	1	451
CY207734.1	455	1033	0	1	1	1033
CY207734.1	480	999	0	1	1	999
CY207734.1	481	657	0	1	1	657
CY207734.1	488	1012	0	1	1	1012
CY207734.1	491	926	0	1	1	926
CY207734.1	522	1390	1	0	1	522
CY207734.1	539	1032	1	0	1	539
CY207734.1	557	792	0	1	1	792
CY207734.1	600	933	1	0	1	600
CY207734.1	619	1027	0	1	1	1027
CY207734.1	620	812	0	1	1	812
CY207734.1	664	1562	0	1	1	1562
CY207734.1	713	1523	1	0	1	713
CY207734.1	717	1458	0	1	1	1458
CY207734.1	745	1023	0	1	1	1023
CY207734.1	760	1107	1	0	1	760
CY207734.1	762	1356	0	1	1	1356
CY207734.1	766	1357	1	0	1	766
CY207734.1	783	895	0	1	1	895
CY207734.1	785	1014	1	0	1	785
CY207734.1	830	1500	1	0	1	830
CY207734.1	835	1318	0	1	1	1318
CY207734.1	868	1441	0	1	1	1441
CY207735.1	511	740	66	160	226	511
CY207735.1	568	841	1	0	1	568
CY207735.1	580	784	0	1	1	784
CY207735.1	621	678	1	0	1	621
CY207735.1	649	688	0	1	1	688
CY207735.1	682	950	0	1	1	950
CY207735.1	774	800	0	1	1	800
CY207735.1	813	856	1	0	1	813
CY207736.1	1025	2048	1	0	1	1025
CY207736.1	1035	1385	1	0	1	1035
CY207736.1	1075	1424	0	1	1	1424
CY207736.1	1204	1737	1	0	1	1204
CY207736.1	1244	1694	1	0	1	1244
CY207736.1	1277	2184	0	1	1	2184
CY207736.1	1358	1578	1	0	1	1358
CY207736.1	1456	2345	0	1	1	2345
CY207736.1	1457	2136	0	1	1	2136
CY207736.1	1510	2002	6	4	10	1510
CY207736.1	1531	2349	0	1	1	2349
CY207736.1	1611	1731	0	1	1	1731
CY207736.1	2037	2064	12	4	16	2037
CY207736.1	2045	2252	1	0	1	2045
CY207736.1	2133	2164	10	7	17	2133
CY207736.1	2167	2216	1	3	4	2167
CY207736.1	2175	2215	8	8	16	2175
CY207736.1	2184	2221	1	0	1	2184
CY207736.1	237	1829	1	0	1	237
CY207736.1	242	754	1	0	1	242
CY207736.1	266	2253	1	0	1	266
CY207736.1	310	363	2	13	15	310
CY207736.1	331	2279	2	0	2	331
CY207736.1	333	2255	25	27	52	333
CY207736.1	350	2275	0	1	1	2275
CY207736.1	352	919	0	1	1	919
CY207736.1	365	2365	0	1	1	2365
CY207736.1	385	1682	0	1	1	1682
CY207736.1	390	2223	14	7	21	390
CY207736.1	406	431	4	1	5	406
CY207736.1	407	2164	0	46	46	2164
CY207736.1	411	1583	1	0	1	411
CY207736.1	438	1599	19	48	67	438
CY207736.1	478	1470	1	0	1	478
CY207736.1	478	2010	5	7	12	478
CY207736.1	490	1949	13	2	15	490
CY207736.1	499	2009	4	3	7	499
CY207736.1	511	2009	11	1	12	511
CY207736.1	555	1941	134	53	187	555
CY207736.1	574	654	1	0	1	574
CY207736.1	580	1429	1	0	1	580
CY207736.1	594	1668	45	34	79	594
CY207736.1	603	1902	0	1	1	1902
CY207736.1	629	1317	1	0	1	629
CY207736.1	674	1843	2	0	2	674
CY207736.1	676	1846	21	50	71	676
CY207736.1	677	2090	1	0	1	677
CY207736.1	690	1899	1	0	1	690
CY207736.1	722	1788	1	0	1	722
CY207736.1	724	1602	1	0	1	724
CY207736.1	727	2005	1	0	1	727
CY207736.1	728	1868	54	55	109	728
CY207736.1	734	1825	2	0	2	734
CY207736.1	737	1828	62	58	120	737
CY207736.1	776	1401	1	0	1	776
CY207736.1	779	1900	0	1	1	1900
CY207736.1	792	1850	0	1	1	1850
CY207736.1	810	1275	1	0	1	810
CY207736.1	811	1454	0	1	1	1454
CY207736.1	814	1710	1	0	1	814
CY207736.1	854	1013	1	0	1	854
CY207736.1	914	1655	0	1	1	1655
CY207736.1	919	2354	0	1	1	2354
CY207736.1	957	1052	0	1	1	1052
CY207736.1	981	1026	0	1	1	1026
CY207736.1	997	1975	1	0	1	997
CY207737.1	1001	2125	0	1	1	2125
CY207737.1	1023	1446	1	0	1	1023
CY207737.1	1036	2409	0	1	1	2409
CY207737.1	1238	2333	1	0	1	1238
CY207737.1	1272	1475	0	1	1	1475
CY207737.1	1288	1454	0	1	1	1454
CY207737.1	1307	1457	0	1	1	1457
CY207737.1	1347	1815	1	0	1	1347
CY207737.1	1368	2032	0	1	1	2032
CY207737.1	1831	1860	0	1	1	1860
CY207737.1	327	2453	0	1	1	2453
CY207737.1	395	424	1	0	1	395
CY207737.1	494	1153	0	1	1	1153
CY207737.1	534	1249	0	1	1	1249
CY207737.1	652	1461	1	0	1	652
CY207737.1	672	1565	1	0	1	672
CY207737.1	748	841	0	1	1	841
CY207737.1	793	1250	1	0	1	793
CY207737.1	953	1817	1	0	1	953
CY207737.1	990	1119	1	0	1	990
CY207738.1	1095	1634	7	10	17	1095
CY207738.1	1101	1601	1	0	1	1101
CY207738.1	1235	1768	0	1	1	1768
CY207738.1	1254	2169	0	1	1	2169
CY207738.1	1297	2316	0	1	1	2316
CY207738.1	1347	1700	0	1	1	1700
CY207738.1	1470	1916	0	1	1	1916
CY207738.1	1673	1781	0	1	1	1781
CY207738.1	1713	2075	1	0	1	1713
CY207738.1	235	1249	1	0	1	235
CY207738.1	247	2338	1	0	1	247
CY207738.1	248	1811	1	0	1	248
CY207738.1	263	2191	1	0	1	263
CY207738.1	270	994	1	0	1	270
CY207738.1	285	2196	74	9	83	285
CY207738.1	304	2374	16	4	20	304
CY207738.1	332	2441	0	1	1	2441
CY207738.1	344	1240	1	0	1	344
CY207738.1	368	437	0	1	1	437
CY207738.1	376	1391	0	1	1	1391
CY207738.1	380	1267	0	1	1	1267
CY207738.1	404	776	0	1	1	776
CY207738.1	407	2481	0	1	1	2481
CY207738.1	426	1176	0	1	1	1176
CY207738.1	429	2279	0	1	1	2279
CY207738.1	463	2027	52	162	214	463
CY207738.1	463	2028	0	2	2	2028
CY207738.1	470	2037	0	1	1	2037
CY207738.1	480	1619	0	1	1	1619
CY207738.1	484	2068	0	1	1	2068
CY207738.1	515	2195	3	10	13	515
CY207738.1	554	2178	14	34	48	554
CY207738.1	692	2052	0	1	1	2052
CY207738.1	695	2055	12	15	27	695
CY207738.1	705	1937	1	0	1	705
CY207738.1	708	1838	1	0	1	708
CY207738.1	715	890	0	1	1	890
CY207738.1	737	2318	1	0	1	737
CY207738.1	784	1991	1	0	1	784
CY207738.1	829	2219	1	0	1	829
CY207738.1	840	1010	0	1	1	1010
CY207738.1	847	1766	1	0	1	847
CY207738.1	896	1101	0	1	1	1101
CY207738.1	897	1302	1	0	1	897
CY207738.1	956	1584	1	0	1	956
CY207738.1	975	2013	0	1	1	2013
