Segment	Start	Stop	Forward_support	Reverse_support	Total_support	Fuzz_factor
CY207731.1	1009	1434	0	1	1	1434
CY207731.1	1012	1447	0	1	1	1447
CY207731.1	1026	1697	0	1	1	1697
CY207731.1	1034	1209	1	0	1	1034
CY207731.1	1042	1433	0	1	1	1433
CY207731.1	1099	1357	0	1	1	1357
CY207731.1	1181	1295	1	0	1	1181
CY207731.1	1210	1711	2	2	4	1210
CY207731.1	1235	1314	1	3	4	1235
CY207731.1	1243	1745	0	1	1	1745
CY207731.1	1246	1901	0	1	1	1901
CY207731.1	1308	1694	1	0	1	1308
CY207731.1	1349	1621	1	0	1	1349
CY207731.1	1375	1921	0	1	1	1921
CY207731.1	1442	1600	1	0	1	1442
CY207731.1	1443	1860	0	1	1	1860
CY207731.1	1519	1637	0	1	1	1637
CY207731.1	1551	1746	1	0	1	1551
CY207731.1	1698	1720	0	1	1	1720
CY207731.1	1778	1889	0	1	1	1889
CY207731.1	289	1064	1	0	1	289
CY207731.1	306	1486	1	0	1	306
CY207731.1	373	1720	0	1	1	1720
CY207731.1	378	1338	0	1	1	1338
CY207731.1	384	477	0	1	1	477
CY207731.1	401	424	0	1	1	424
CY207731.1	405	504	0	1	1	504
CY207731.1	408	1754	0	1	1	1754
CY207731.1	430	784	0	1	1	784
CY207731.1	439	617	0	1	1	617
CY207731.1	457	722	0	1	1	722
CY207731.1	466	1573	0	1	1	1573
CY207731.1	475	1340	1	0	1	475
CY207731.1	480	1641	1	0	1	480
CY207731.1	508	1427	0	1	1	1427
CY207731.1	518	1189	1	0	1	518
CY207731.1	532	1716	0	1	1	1716
CY207731.1	534	1816	1	0	1	534
CY207731.1	541	1517	0	4	4	1517
CY207731.1	577	1230	0	1	1	1230
CY207731.1	605	1162	0	1	1	1162
CY207731.1	632	817	0	1	1	817
CY207731.1	669	807	1	0	1	669
CY207731.1	692	1801	1	0	1	692
CY207731.1	700	1759	1	0	1	700
CY207731.1	734	1085	1	0	1	734
CY207731.1	739	1836	1	0	1	739
CY207731.1	741	1139	0	1	1	1139
CY207731.1	773	1281	0	1	1	1281
CY207731.1	791	857	1	0	1	791
CY207731.1	944	1153	0	1	1	1153
CY207731.1	994	1781	1	0	1	994
CY207731.1	996	1164	0	1	1	1164
CY207732.1	1084	1106	1	0	1	1084
CY207732.1	254	1065	1	0	1	254
CY207732.1	272	460	1	0	1	272
CY207732.1	272	846	1	0	1	272
CY207732.1	275	848	2	0	2	275
CY207732.1	282	1082	1	0	1	282
CY207732.1	302	844	0	1	1	844
CY207732.1	311	593	0	1	1	593
CY207732.1	322	853	1	0	1	322
CY207732.1	385	534	0	1	1	534
CY207732.1	387	932	0	1	1	932
CY207732.1	395	925	0	1	1	925
CY207732.1	417	938	0	1	1	938
CY207732.1	425	963	0	1	1	963
CY207732.1	433	523	0	1	1	523
CY207732.1	442	606	0	1	1	606
CY207732.1	448	674	0	1	1	674
CY207732.1	450	911	0	1	1	911
CY207732.1	451	779	0	1	1	779
CY207732.1	469	596	1	0	1	469
CY207732.1	485	1008	0	1	1	1008
CY207732.1	523	636	1	0	1	523
CY207732.1	544	1030	1	0	1	544
CY207732.1	572	867	1	0	1	572
CY207732.1	580	804	0	1	1	804
CY207732.1	585	677	0	1	1	677
CY207732.1	589	862	0	1	1	862
CY207732.1	602	829	1	0	1	602
CY207732.1	605	874	1	0	1	605
CY207732.1	609	951	1	0	1	609
CY207732.1	621	804	1	0	1	621
CY207732.1	629	854	1	0	1	629
CY207732.1	643	751	0	1	1	751
CY207732.1	676	909	1	0	1	676
CY207732.1	679	815	2	0	2	679
CY207732.1	694	1067	0	1	1	1067
CY207732.1	718	860	1	2	3	718
CY207732.1	753	879	0	1	1	879
CY207732.1	790	956	1	1	2	790
CY207732.1	804	1014	1	0	1	804
CY207732.1	818	867	0	1	1	867
CY207732.1	830	1047	1	0	1	830
CY207732.1	863	962	1	0	1	863
CY207732.1	888	1041	1	0	1	888
CY207732.1	891	935	0	1	1	935
CY207732.1	932	1166	0	1	1	1166
CY207732.1	973	1036	1	0	1	973
CY207733.1	1023	1526	1	0	1	1023
CY207733.1	1079	1163	1	2	3	1079
CY207733.1	1090	1184	0	3	3	1184
CY207733.1	1105	1208	1	0	1	1105
CY207733.1	1294	1485	0	2	2	1485
CY207733.1	345	588	1	0	1	345
CY207733.1	435	1334	0	1	1	1334
CY207733.1	445	708	0	1	1	708
CY207733.1	447	1197	1	0	1	447
CY207733.1	461	895	0	1	1	895
CY207733.1	475	497	0	1	1	497
CY207733.1	489	1446	1	0	1	489
CY207733.1	516	1372	0	1	1	1372
CY207733.1	563	1171	0	1	1	1171
CY207733.1	581	796	1	0	1	581
CY207733.1	678	1237	0	1	1	1237
CY207733.1	710	1246	2	3	5	710
CY207733.1	713	781	0	1	1	781
CY207733.1	747	1430	1	0	1	747
CY207733.1	747	1473	1	0	1	747
CY207733.1	773	866	1	0	1	773
CY207733.1	817	1403	1	0	1	817
CY207733.1	851	1576	0	1	1	1576
CY207733.1	907	931	0	3	3	931
CY207733.1	954	1171	1	0	1	954
CY207733.1	955	1022	2	1	3	955
CY207734.1	1009	1532	1	0	1	1009
CY207734.1	1040	1421	1	0	1	1040
CY207734.1	1098	1301	1	0	1	1098
CY207734.1	1159	1722	0	1	1	1722
CY207734.1	1176	1618	0	1	1	1618
CY207734.1	1343	1495	0	1	1	1495
CY207734.1	1442	1566	3	2	5	1442
CY207734.1	1515	1670	1	0	1	1515
CY207734.1	1589	1695	1	2	3	1589
CY207734.1	271	745	1	0	1	271
CY207734.1	276	1633	1	0	1	276
CY207734.1	280	400	1	0	1	280
CY207734.1	293	988	1	0	1	293
CY207734.1	352	486	1	0	1	352
CY207734.1	370	1130	0	1	1	1130
CY207734.1	386	613	1	0	1	386
CY207734.1	389	1042	0	1	1	1042
CY207734.1	451	546	0	1	1	546
CY207734.1	458	1233	0	1	1	1233
CY207734.1	458	1530	1	0	1	458
CY207734.1	466	1353	0	1	1	1353
CY207734.1	475	790	0	1	1	790
CY207734.1	478	875	0	1	1	875
CY207734.1	480	946	1	0	1	480
CY207734.1	502	1077	1	0	1	502
CY207734.1	516	1182	1	0	1	516
CY207734.1	547	631	0	1	1	631
CY207734.1	552	1204	0	1	1	1204
CY207734.1	556	881	1	0	1	556
CY207734.1	574	866	0	1	1	866
CY207734.1	641	1070	0	1	1	1070
CY207734.1	645	1418	0	1	1	1418
CY207734.1	685	722	1	0	1	685
CY207734.1	695	1283	0	1	1	1283
CY207734.1	702	885	0	1	1	885
CY207734.1	723	1400	0	1	1	1400
CY207734.1	744	788	5	4	9	744
CY207734.1	751	1259	1	0	1	751
CY207734.1	767	832	1	1	2	767
CY207734.1	769	897	1	0	1	769
CY207734.1	781	997	1	0	1	781
CY207734.1	785	1565	0	1	1	1565
CY207734.1	814	1184	1	0	1	814
CY207734.1	814	1465	1	0	1	814
CY207734.1	829	1623	0	1	1	1623
CY207734.1	839	1393	1	0	1	839
CY207734.1	841	1546	1	0	1	841
CY207734.1	848	1285	0	1	1	1285
CY207734.1	882	1511	0	1	1	1511
CY207734.1	955	1078	0	1	1	1078
CY207734.1	962	1048	0	4	4	1048
CY207734.1	989	1536	5	2	7	989
CY207735.1	314	358	0	1	1	358
CY207735.1	324	347	0	1	1	347
CY207735.1	344	1005	0	1	1	1005
CY207735.1	390	1010	0	1	1	1010
CY207735.1	424	497	0	1	1	497
CY207735.1	499	729	1	0	1	499
CY207735.1	511	740	16	24	40	511
CY207735.1	519	746	0	1	1	746
CY207735.1	548	839	2	3	5	548
CY207735.1	892	1034	0	1	1	1034
CY207736.1	1011	2158	0	1	1	2158
CY207736.1	1042	1073	1	0	1	1042
CY207736.1	1073	2355	1	0	1	1073
CY207736.1	1107	2270	0	1	1	2270
CY207736.1	1111	1178	1	0	1	1111
CY207736.1	1130	2128	0	1	1	2128
CY207736.1	1140	1867	0	1	1	1867
CY207736.1	1209	1957	4	9	13	1209
CY207736.1	1216	1299	1	0	1	1216
CY207736.1	1257	2055	0	1	1	2055
CY207736.1	1264	1413	1	0	1	1264
CY207736.1	1294	1347	1	0	1	1294
CY207736.1	1413	1987	0	1	1	1987
CY207736.1	1450	1699	1	0	1	1450
CY207736.1	1604	2115	1	0	1	1604
CY207736.1	1683	1846	0	1	1	1846
CY207736.1	1744	2111	0	1	1	2111
CY207736.1	1897	1937	0	1	1	1937
CY207736.1	2126	2218	1	0	1	2126
CY207736.1	2215	2272	2	3	5	2215
CY207736.1	275	727	1	0	1	275
CY207736.1	289	2130	1	0	1	289
CY207736.1	361	472	1	0	1	361
CY207736.1	371	1997	0	1	1	1997
CY207736.1	392	2132	0	1	1	2132
CY207736.1	405	428	9	9	18	405
CY207736.1	462	656	1	0	1	462
CY207736.1	464	1026	1	0	1	464
CY207736.1	466	1140	1	0	1	466
CY207736.1	500	1928	21	2	23	500
CY207736.1	507	1935	1	0	1	507
CY207736.1	509	1999	8	4	12	509
CY207736.1	511	768	1	0	1	511
CY207736.1	534	2027	7	6	13	534
CY207736.1	539	1841	1	0	1	539
CY207736.1	542	1844	12	11	23	542
CY207736.1	549	2028	0	2	2	2028
CY207736.1	555	2059	2	1	3	555
CY207736.1	560	1705	0	1	1	1705
CY207736.1	596	2002	11	8	19	596
CY207736.1	617	1019	1	0	1	617
CY207736.1	618	1917	7	6	13	618
CY207736.1	627	1942	0	1	1	1942
CY207736.1	678	1955	6	11	17	678
CY207736.1	681	1920	10	3	13	681
CY207736.1	685	1964	0	1	1	1964
CY207736.1	688	1081	1	0	1	688
CY207736.1	699	1995	0	1	1	1995
CY207736.1	707	1802	2	0	2	707
CY207736.1	709	1802	1	0	1	709
CY207736.1	710	1864	3	3	6	710
CY207736.1	711	1310	0	1	1	1310
CY207736.1	712	1815	1	0	1	712
CY207736.1	723	1826	41	30	71	723
CY207736.1	723	1994	1	0	1	723
CY207736.1	739	843	1	0	1	739
CY207736.1	767	1832	0	1	1	1832
CY207736.1	774	1832	23	8	31	774
CY207736.1	787	1855	0	1	1	1855
CY207736.1	790	1043	1	0	1	790
CY207736.1	803	853	1	0	1	803
CY207736.1	840	1950	5	6	11	840
CY207736.1	867	1704	8	6	14	867
CY207736.1	870	2350	0	1	1	2350
CY207736.1	881	2345	0	1	1	2345
CY207736.1	882	1158	0	1	1	1158
CY207736.1	893	1563	0	1	1	1563
CY207736.1	898	1774	4	6	10	898
CY207736.1	927	1805	0	1	1	1805
CY207736.1	989	2048	1	0	1	989
CY207737.1	1016	1504	0	1	1	1504
CY207737.1	1044	1800	0	1	1	1800
CY207737.1	1129	2032	0	1	1	2032
CY207737.1	1292	1330	0	1	1	1330
CY207737.1	1308	1954	3	2	5	1308
CY207737.1	1487	1781	0	1	1	1781
CY207737.1	1739	2160	0	1	1	2160
CY207737.1	1778	2414	1	0	1	1778
CY207737.1	276	1167	1	0	1	276
CY207737.1	366	2461	0	1	1	2461
CY207737.1	378	2262	1	0	1	378
CY207737.1	380	1298	0	1	1	1298
CY207737.1	380	2311	1	1	2	380
CY207737.1	410	2241	7	0	7	410
CY207737.1	472	2153	0	1	1	2153
CY207737.1	530	735	1	0	1	530
CY207737.1	566	2185	0	1	1	2185
CY207737.1	611	1796	1	0	1	611
CY207737.1	618	1810	0	6	6	1810
CY207737.1	656	2032	3	0	3	656
CY207737.1	858	1691	0	1	1	1691
CY207737.1	859	1832	3	3	6	859
CY207737.1	877	2368	1	0	1	877
CY207737.1	893	1876	4	3	7	893
CY207737.1	897	1880	0	1	1	1880
CY207737.1	948	1597	1	0	1	948
CY207737.1	962	1827	1	2	3	962
CY207737.1	994	1786	4	5	9	994
CY207737.1	995	1787	0	1	1	1787
CY207738.1	1029	1130	0	1	1	1130
CY207738.1	1049	1274	0	1	1	1274
CY207738.1	1051	2270	1	0	1	1051
CY207738.1	1141	2172	0	1	1	2172
CY207738.1	1201	1779	1	0	1	1201
CY207738.1	1202	2113	0	1	1	2113
CY207738.1	1247	2325	0	1	1	2325
CY207738.1	1255	2215	1	0	1	1255
CY207738.1	1268	1295	1	0	1	1268
CY207738.1	1352	2348	0	1	1	2348
CY207738.1	1413	2119	0	1	1	2119
CY207738.1	1515	2009	0	1	1	2009
CY207738.1	1534	2237	0	1	1	2237
CY207738.1	1554	2221	0	1	1	2221
CY207738.1	1602	1924	0	1	1	1924
CY207738.1	1657	2168	0	1	1	2168
CY207738.1	1700	1733	1	0	1	1700
CY207738.1	1712	2459	0	1	1	2459
CY207738.1	1891	1953	1	2	3	1891
CY207738.1	1914	2215	1	0	1	1914
CY207738.1	1948	2060	1	0	1	1948
CY207738.1	2256	2326	3	1	4	2256
CY207738.1	263	1237	1	0	1	263
CY207738.1	273	919	1	0	1	273
CY207738.1	286	1808	1	0	1	286
CY207738.1	315	1212	0	1	1	1212
CY207738.1	321	2447	0	1	1	2447
CY207738.1	337	780	0	1	1	780
CY207738.1	353	1846	7	28	35	353
CY207738.1	358	2270	0	6	6	2270
CY207738.1	360	1913	1	0	1	360
CY207738.1	372	2142	0	1	1	2142
CY207738.1	376	2315	0	1	1	2315
CY207738.1	397	1755	7	22	29	397
CY207738.1	403	1920	0	1	1	1920
CY207738.1	420	471	0	1	1	471
CY207738.1	427	2226	1	0	1	427
CY207738.1	441	1334	0	1	1	1334
CY207738.1	516	556	0	1	1	556
CY207738.1	528	2177	3	5	8	528
CY207738.1	544	862	1	0	1	544
CY207738.1	552	2449	0	1	1	2449
CY207738.1	556	774	0	1	1	774
CY207738.1	557	1808	1	0	1	557
CY207738.1	575	1988	0	1	1	1988
CY207738.1	577	829	1	0	1	577
CY207738.1	583	1756	3	3	6	583
CY207738.1	583	2115	7	4	11	583
CY207738.1	611	1918	0	1	1	1918
CY207738.1	618	1989	10	5	15	618
CY207738.1	619	1356	0	1	1	1356
CY207738.1	637	1246	1	0	1	637
CY207738.1	702	1509	0	1	1	1509
CY207738.1	710	1643	1	0	1	710
CY207738.1	716	2342	1	0	1	716
CY207738.1	726	1394	0	1	1	1394
CY207738.1	728	2390	0	1	1	2390
CY207738.1	731	1938	2	3	5	731
CY207738.1	761	990	1	0	1	761
CY207738.1	773	1267	1	0	1	773
CY207738.1	846	1860	6	2	8	846
CY207738.1	868	2071	0	2	2	2071
CY207738.1	877	2184	0	4	4	2184
CY207738.1	896	2203	0	1	1	2203
CY207738.1	900	1877	6	4	10	900
CY207738.1	924	2090	0	1	1	2090
CY207738.1	991	2334	1	0	1	991
