Segment	Start	Stop	Forward_support	Reverse_support	Total_support	Fuzz_factor
CY207731.1	1091	1113	1	0	1	1091
CY207731.1	1173	1623	1	0	1	1173
CY207731.1	1185	1226	1	0	1	1185
CY207731.1	1215	1387	1	0	1	1215
CY207731.1	1281	1634	0	1	1	1634
CY207731.1	1610	1706	1	0	1	1610
CY207731.1	1650	1673	1	1	2	1650
CY207731.1	1706	1893	0	2	2	1893
CY207731.1	286	1821	0	1	1	1821
CY207731.1	311	396	1	1	2	311
CY207731.1	325	1757	0	2	2	1757
CY207731.1	374	870	0	1	1	870
CY207731.1	390	1758	0	1	1	1758
CY207731.1	419	1539	0	1	1	1539
CY207731.1	429	469	0	1	1	469
CY207731.1	430	1513	0	1	1	1513
CY207731.1	445	1351	1	0	1	445
CY207731.1	447	1593	0	1	1	1593
CY207731.1	522	971	1	0	1	522
CY207731.1	529	1066	1	0	1	529
CY207731.1	549	1553	1	0	1	549
CY207731.1	569	1047	0	1	1	1047
CY207731.1	595	1514	0	1	1	1514
CY207731.1	613	1762	1	0	1	613
CY207731.1	702	1281	1	0	1	702
CY207731.1	705	1717	1	0	1	705
CY207731.1	724	1022	0	1	1	1022
CY207731.1	793	1746	1	0	1	793
CY207731.1	828	1707	1	0	1	828
CY207732.1	272	805	1	0	1	272
CY207732.1	275	848	10	0	10	275
CY207732.1	276	933	1	0	1	276
CY207732.1	311	965	0	1	1	965
CY207732.1	338	676	0	1	1	676
CY207732.1	347	573	0	1	1	573
CY207732.1	369	1007	1	0	1	369
CY207732.1	386	1174	0	1	1	1174
CY207732.1	404	907	1	0	1	404
CY207732.1	421	770	0	1	1	770
CY207732.1	422	625	0	1	1	625
CY207732.1	445	737	0	1	1	737
CY207732.1	479	648	0	1	1	648
CY207732.1	485	781	0	1	1	781
CY207732.1	503	1103	1	0	1	503
CY207732.1	507	771	0	1	1	771
CY207732.1	509	1009	0	1	1	1009
CY207732.1	511	600	0	1	1	600
CY207732.1	562	1094	1	0	1	562
CY207732.1	581	909	1	0	1	581
CY207732.1	593	1023	1	0	1	593
CY207732.1	595	996	4	0	4	595
CY207732.1	623	729	1	0	1	623
CY207732.1	626	841	1	0	1	626
CY207732.1	677	874	0	1	1	874
CY207732.1	690	1036	0	1	1	1036
CY207732.1	697	772	1	0	1	697
CY207732.1	706	887	0	1	1	887
CY207732.1	715	965	6	1	7	715
CY207732.1	718	860	0	1	1	860
CY207732.1	733	862	0	1	1	862
CY207732.1	753	1138	0	1	1	1138
CY207732.1	817	866	1	0	1	817
CY207732.1	832	857	1	0	1	832
CY207732.1	975	1000	0	1	1	1000
CY207732.1	987	1039	0	1	1	1039
CY207733.1	1300	1498	0	2	2	1498
CY207733.1	1331	1364	0	1	1	1364
CY207733.1	1400	1432	10	6	16	1400
CY207733.1	1413	1435	2	1	3	1413
CY207733.1	244	275	2	0	2	244
CY207733.1	260	667	0	1	1	667
CY207733.1	265	1418	3	0	3	265
CY207733.1	285	328	1	0	1	285
CY207733.1	328	1266	20	43	63	328
CY207733.1	361	1515	1	0	1	361
CY207733.1	363	1352	4	7	11	363
CY207733.1	385	485	0	1	1	485
CY207733.1	403	1402	2	4	6	403
CY207733.1	438	1351	0	1	1	1351
CY207733.1	440	1333	1	1	2	440
CY207733.1	447	640	0	1	1	640
CY207733.1	475	501	0	1	1	501
CY207733.1	598	757	1	0	1	598
CY207733.1	628	769	1	0	1	628
CY207733.1	632	970	0	1	1	970
CY207733.1	747	1093	0	1	1	1093
CY207733.1	874	1126	0	1	1	1126
CY207733.1	924	1366	0	1	1	1366
CY207734.1	1279	1342	0	1	1	1342
CY207734.1	1287	1565	1	0	1	1287
CY207734.1	1362	1679	0	1	1	1679
CY207734.1	1405	1486	1	0	1	1405
CY207734.1	1433	1517	1	1	2	1433
CY207734.1	1435	1512	1	0	1	1435
CY207734.1	1442	1566	1	0	1	1442
CY207734.1	1562	1686	0	1	1	1686
CY207734.1	1589	1695	0	1	1	1695
CY207734.1	270	1404	1	0	1	270
CY207734.1	271	779	1	0	1	271
CY207734.1	276	1391	1	0	1	276
CY207734.1	281	1308	1	0	1	281
CY207734.1	282	1588	2	0	2	282
CY207734.1	343	435	0	1	1	435
CY207734.1	391	1053	0	1	1	1053
CY207734.1	394	1250	0	1	1	1250
CY207734.1	404	667	1	0	1	404
CY207734.1	412	598	1	0	1	412
CY207734.1	423	784	0	1	1	784
CY207734.1	475	1186	0	1	1	1186
CY207734.1	483	565	0	1	1	565
CY207734.1	522	1620	0	1	1	1620
CY207734.1	530	920	0	1	1	920
CY207734.1	538	866	0	1	1	866
CY207734.1	591	636	1	0	1	591
CY207734.1	618	976	1	0	1	618
CY207734.1	628	1260	1	0	1	628
CY207734.1	673	835	0	1	1	835
CY207734.1	767	1509	1	1	2	767
CY207734.1	780	913	1	0	1	780
CY207734.1	781	811	1	0	1	781
CY207734.1	816	1490	1	0	1	816
CY207734.1	829	1048	0	1	1	1048
CY207734.1	833	1511	2	1	3	833
CY207734.1	841	1124	1	0	1	841
CY207734.1	845	964	0	1	1	964
CY207734.1	927	1449	1	0	1	927
CY207734.1	942	1252	1	0	1	942
CY207734.1	949	1123	0	1	1	1123
CY207734.1	970	1043	1	1	2	970
CY207735.1	316	356	0	1	1	356
CY207735.1	350	865	0	1	1	865
CY207735.1	511	740	6	37	43	511
CY207735.1	519	746	0	2	2	746
CY207736.1	1015	2180	0	1	1	2180
CY207736.1	1092	2294	1	0	1	1092
CY207736.1	1095	1789	1	1	2	1095
CY207736.1	1095	2005	0	2	2	2005
CY207736.1	1116	1605	1	0	1	1116
CY207736.1	1123	2226	0	1	1	2226
CY207736.1	1149	1366	0	1	1	1366
CY207736.1	1161	1936	0	1	1	1936
CY207736.1	1167	1485	1	0	1	1167
CY207736.1	1179	1688	1	0	1	1179
CY207736.1	1242	1686	0	1	1	1686
CY207736.1	1275	1920	0	2	2	1920
CY207736.1	1324	1767	1	0	1	1324
CY207736.1	1357	1617	1	0	1	1357
CY207736.1	1466	2069	0	1	1	2069
CY207736.1	1508	2103	0	1	1	2103
CY207736.1	1510	2002	1	1	2	1510
CY207736.1	1514	1656	0	1	1	1656
CY207736.1	1544	2007	0	1	1	2007
CY207736.1	1683	2289	0	2	2	2289
CY207736.1	1772	1903	1	0	1	1772
CY207736.1	1893	1926	0	2	2	1926
CY207736.1	2063	2089	8	4	12	2063
CY207736.1	2139	2270	1	0	1	2139
CY207736.1	2184	2241	2	0	2	2184
CY207736.1	2193	2225	2	0	2	2193
CY207736.1	2221	2255	49	25	74	2221
CY207736.1	2222	2259	0	1	1	2259
CY207736.1	255	284	1	0	1	255
CY207736.1	260	2010	2	0	2	260
CY207736.1	269	305	1	0	1	269
CY207736.1	277	313	2	0	2	277
CY207736.1	283	327	2	0	2	283
CY207736.1	291	2242	4	3	7	291
CY207736.1	293	2172	4	0	4	293
CY207736.1	301	336	3	5	8	301
CY207736.1	303	2162	0	1	1	2162
CY207736.1	326	2144	0	1	1	2144
CY207736.1	326	2271	0	1	1	2271
CY207736.1	334	2064	17	46	63	334
CY207736.1	334	2153	0	3	3	2153
CY207736.1	334	2207	0	2	2	2207
CY207736.1	334	2213	0	1	1	2213
CY207736.1	345	2147	0	12	12	2147
CY207736.1	349	2031	0	1	1	2031
CY207736.1	360	2147	0	2	2	2147
CY207736.1	371	2255	3	13	16	371
CY207736.1	376	422	0	4	4	422
CY207736.1	377	2143	0	3	3	2143
CY207736.1	384	2244	2	1	3	384
CY207736.1	385	2147	0	1	1	2147
CY207736.1	385	2152	0	1	1	2152
CY207736.1	389	2167	0	4	4	2167
CY207736.1	390	1723	0	1	1	1723
CY207736.1	390	840	0	1	1	840
CY207736.1	391	2140	0	4	4	2140
CY207736.1	395	2171	0	1	1	2171
CY207736.1	402	467	0	1	1	467
CY207736.1	403	2141	0	6	6	2141
CY207736.1	404	2164	0	1	1	2164
CY207736.1	406	2028	0	7	7	2028
CY207736.1	406	2141	0	9	9	2141
CY207736.1	406	2160	0	1	1	2160
CY207736.1	412	2064	0	1	1	2064
CY207736.1	412	2148	0	1	1	2148
CY207736.1	416	2172	1	2	3	416
CY207736.1	432	2140	1	1	2	432
CY207736.1	435	2143	0	1	1	2143
CY207736.1	442	1347	1	0	1	442
CY207736.1	445	1353	1	0	1	445
CY207736.1	446	1862	1	0	1	446
CY207736.1	448	2135	13	71	84	448
CY207736.1	449	2077	2	2	4	449
CY207736.1	455	2029	0	1	1	2029
CY207736.1	458	2144	0	1	1	2144
CY207736.1	460	2060	1	5	6	460
CY207736.1	461	1394	3	0	3	461
CY207736.1	461	2135	0	3	3	2135
CY207736.1	463	2051	1	0	1	463
CY207736.1	475	513	1	1	2	475
CY207736.1	476	2029	0	2	2	2029
CY207736.1	481	1893	1	0	1	481
CY207736.1	482	1894	6	0	6	482
CY207736.1	482	2011	2	3	5	482
CY207736.1	482	2132	0	3	3	2132
CY207736.1	482	2140	1	0	1	482
CY207736.1	483	2168	1	2	3	483
CY207736.1	484	2005	6	4	10	484
CY207736.1	484	2145	1	1	2	484
CY207736.1	485	2064	1	2	3	485
CY207736.1	491	2070	1	2	3	491
CY207736.1	495	2066	2	2	4	495
CY207736.1	499	1926	4	0	4	499
CY207736.1	499	2057	9	3	12	499
CY207736.1	506	2048	1	1	2	506
CY207736.1	511	1950	0	1	1	1950
CY207736.1	512	2029	2	4	6	512
CY207736.1	512	2064	7	8	15	512
CY207736.1	513	540	1	0	1	513
CY207736.1	514	2060	4	1	5	514
CY207736.1	514	2063	1	0	1	514
CY207736.1	517	544	0	1	1	544
CY207736.1	540	1692	0	1	1	1692
CY207736.1	548	2041	1	0	1	548
CY207736.1	552	2011	1	0	1	552
CY207736.1	555	1941	4	0	4	555
CY207736.1	555	2016	2	0	2	555
CY207736.1	574	1733	4	0	4	574
CY207736.1	579	1839	1	0	1	579
CY207736.1	579	1957	1	1	2	579
CY207736.1	595	1861	1	0	1	595
CY207736.1	604	2214	1	0	1	604
CY207736.1	607	1827	1	0	1	607
CY207736.1	610	1830	0	1	1	1830
CY207736.1	612	2064	3	3	6	612
CY207736.1	616	1870	0	1	1	1870
CY207736.1	617	1914	2	1	3	617
CY207736.1	618	1920	4	2	6	618
CY207736.1	636	1956	1	1	2	636
CY207736.1	643	1232	0	1	1	1232
CY207736.1	675	1882	1	0	1	675
CY207736.1	678	1955	1	2	3	678
CY207736.1	696	1707	2	0	2	696
CY207736.1	699	2001	2	2	4	699
CY207736.1	712	1179	1	0	1	712
CY207736.1	717	2024	0	1	1	2024
CY207736.1	733	2009	1	0	1	733
CY207736.1	735	1864	1	2	3	735
CY207736.1	745	1601	1	2	3	745
CY207736.1	753	1789	6	0	6	753
CY207736.1	755	1889	11	0	11	755
CY207736.1	757	1174	0	1	1	1174
CY207736.1	767	1952	1	0	1	767
CY207736.1	771	2047	1	0	1	771
CY207736.1	777	1690	3	0	3	777
CY207736.1	800	2155	0	1	1	2155
CY207736.1	803	1785	2	1	3	803
CY207736.1	825	1040	1	0	1	825
CY207736.1	898	1632	2	0	2	898
CY207736.1	905	1202	0	1	1	1202
CY207736.1	908	1736	4	3	7	908
CY207736.1	918	1905	0	1	1	1905
CY207736.1	957	2248	3	1	4	957
CY207736.1	959	1084	1	1	2	959
CY207736.1	963	1750	0	1	1	1750
CY207736.1	981	1880	0	1	1	1880
CY207736.1	996	1822	0	1	1	1822
CY207737.1	1167	1490	1	1	2	1167
CY207737.1	1218	1419	0	1	1	1419
CY207737.1	1230	1598	0	1	1	1598
CY207737.1	1302	2347	1	0	1	1302
CY207737.1	1306	2043	0	1	1	2043
CY207737.1	1345	1643	0	1	1	1643
CY207737.1	1603	2272	0	1	1	2272
CY207737.1	2010	2111	0	1	1	2111
CY207737.1	2062	2112	1	1	2	2062
CY207737.1	246	2414	1	0	1	246
CY207737.1	271	324	5	0	5	271
CY207737.1	277	333	2	0	2	277
CY207737.1	318	2082	1	0	1	318
CY207737.1	322	2302	0	1	1	2302
CY207737.1	329	2302	2	0	2	329
CY207737.1	330	2238	0	1	1	2238
CY207737.1	335	379	0	1	1	379
CY207737.1	372	2326	1	0	1	372
CY207737.1	391	2091	2	0	2	391
CY207737.1	393	2285	1	0	1	393
CY207737.1	393	762	1	0	1	393
CY207737.1	416	2019	1	0	1	416
CY207737.1	430	2068	1	0	1	430
CY207737.1	443	2182	1	0	1	443
CY207737.1	448	2096	1	0	1	448
CY207737.1	472	2102	0	4	4	2102
CY207737.1	476	2242	1	1	2	476
CY207737.1	478	2149	0	1	1	2149
CY207737.1	492	2338	2	0	2	492
CY207737.1	518	2067	1	0	1	518
CY207737.1	573	2093	2	0	2	573
CY207737.1	574	2112	3	6	9	574
CY207737.1	610	2284	0	1	1	2284
CY207737.1	626	2232	2	0	2	626
CY207737.1	644	1724	1	0	1	644
CY207737.1	646	2019	1	0	1	646
CY207737.1	653	2181	1	0	1	653
CY207737.1	683	1947	2	0	2	683
CY207737.1	688	1793	3	0	3	688
CY207737.1	691	2096	2	1	3	691
CY207737.1	741	1925	0	1	1	1925
CY207737.1	753	1878	0	1	1	1878
CY207737.1	787	1827	4	0	4	787
CY207737.1	823	1828	1	4	5	823
CY207737.1	901	2010	0	5	5	2010
CY207737.1	928	1392	0	1	1	1392
CY207737.1	936	2485	0	1	1	2485
CY207737.1	941	1547	1	0	1	941
CY207737.1	957	1191	0	1	1	1191
CY207737.1	960	1829	1	2	3	960
CY207737.1	962	1823	0	1	1	1823
CY207737.1	975	1808	0	1	1	1808
CY207738.1	1034	2208	0	1	1	2208
CY207738.1	1062	2248	1	2	3	1062
CY207738.1	1068	2284	2	0	2	1068
CY207738.1	1103	2366	0	1	1	2366
CY207738.1	1169	1941	1	0	1	1169
CY207738.1	1183	1576	1	0	1	1183
CY207738.1	1345	2132	0	1	1	2132
CY207738.1	1414	2251	0	1	1	2251
CY207738.1	1560	1859	0	1	1	1859
CY207738.1	1560	2262	0	1	1	2262
CY207738.1	1651	2036	0	1	1	2036
CY207738.1	1738	2363	0	1	1	2363
CY207738.1	1748	1856	1	0	1	1748
CY207738.1	1784	2084	0	1	1	2084
CY207738.1	1912	1967	1	0	1	1912
CY207738.1	241	1221	1	0	1	241
CY207738.1	329	2274	1	0	1	329
CY207738.1	332	2160	1	0	1	332
CY207738.1	343	681	0	1	1	681
CY207738.1	357	2246	0	1	1	2246
CY207738.1	360	1851	0	1	1	1851
CY207738.1	367	2163	0	1	1	2163
CY207738.1	368	2131	0	3	3	2131
CY207738.1	371	2282	2	30	32	371
CY207738.1	372	2237	1	0	1	372
CY207738.1	373	1683	1	0	1	373
CY207738.1	377	2238	0	1	1	2238
CY207738.1	385	2130	4	31	35	385
CY207738.1	385	2240	1	6	7	385
CY207738.1	386	2314	12	46	58	386
CY207738.1	393	2315	2	6	8	393
CY207738.1	401	2113	1	0	1	401
CY207738.1	414	2347	3	0	3	414
CY207738.1	419	2247	0	5	5	2247
CY207738.1	419	2346	1	5	6	419
CY207738.1	421	2282	0	5	5	2282
CY207738.1	424	1185	0	1	1	1185
CY207738.1	437	2262	0	6	6	2262
CY207738.1	440	515	1	0	1	440
CY207738.1	441	2222	1	11	12	441
CY207738.1	445	2251	0	3	3	2251
CY207738.1	448	2383	0	1	1	2383
CY207738.1	465	2458	0	1	1	2458
CY207738.1	466	2358	1	0	1	466
CY207738.1	469	2085	0	1	1	2085
CY207738.1	481	2342	0	1	1	2342
CY207738.1	504	2054	0	1	1	2054
CY207738.1	517	2070	1	2	3	517
CY207738.1	585	2313	1	0	1	585
CY207738.1	644	1981	1	1	2	644
CY207738.1	648	1184	1	0	1	648
CY207738.1	695	1031	0	1	1	1031
CY207738.1	735	1267	1	0	1	735
CY207738.1	735	1951	0	2	2	1951
CY207738.1	755	1187	0	1	1	1187
CY207738.1	755	1474	1	0	1	755
CY207738.1	794	1876	1	0	1	794
CY207738.1	843	1694	1	2	3	843
CY207738.1	855	1850	0	1	1	1850
CY207738.1	861	1671	0	1	1	1671
CY207738.1	881	1657	0	1	1	1657
CY207738.1	930	2069	0	1	1	2069
CY207738.1	947	2132	0	1	1	2132
CY207738.1	971	2456	0	1	1	2456
