Segment	Start	Stop	Forward_support	Reverse_support	Total_support	Fuzz_factor
CY207731.1	1277	1303	0	1	1	1303
CY207731.1	1304	1326	2	6	8	1304
CY207731.1	1343	1685	0	1	1	1685
CY207731.1	1383	1841	0	1	1	1841
CY207731.1	1421	1721	0	1	1	1721
CY207731.1	1505	1759	0	1	1	1759
CY207731.1	239	494	1	0	1	239
CY207731.1	242	926	1	0	1	242
CY207731.1	250	1042	1	0	1	250
CY207731.1	343	621	1	0	1	343
CY207731.1	348	644	0	1	1	644
CY207731.1	419	1636	0	1	1	1636
CY207731.1	435	1731	0	1	1	1731
CY207731.1	435	758	0	1	1	758
CY207731.1	448	507	0	1	1	507
CY207731.1	451	1525	0	1	1	1525
CY207731.1	473	721	0	1	1	721
CY207731.1	476	499	0	1	1	499
CY207731.1	477	1359	0	1	1	1359
CY207731.1	519	1683	0	1	1	1683
CY207731.1	521	559	0	1	1	559
CY207731.1	526	1608	0	1	1	1608
CY207731.1	591	1182	0	1	1	1182
CY207731.1	625	1731	0	1	1	1731
CY207731.1	632	1484	0	1	1	1484
CY207731.1	679	1770	0	1	1	1770
CY207731.1	708	1208	0	1	1	1208
CY207731.1	713	1336	0	1	1	1336
CY207731.1	734	1213	0	1	1	1213
CY207731.1	893	1110	0	1	1	1110
CY207731.1	911	955	1	0	1	911
CY207731.1	955	1520	0	1	1	1520
CY207731.1	977	1245	0	1	1	1245
CY207731.1	997	1252	0	1	1	1252
CY207732.1	253	975	1	0	1	253
CY207732.1	262	937	1	0	1	262
CY207732.1	267	821	1	0	1	267
CY207732.1	267	941	1	0	1	267
CY207732.1	280	1061	1	0	1	280
CY207732.1	289	1017	1	0	1	289
CY207732.1	291	835	7	0	7	291
CY207732.1	352	1146	0	1	1	1146
CY207732.1	356	595	0	1	1	595
CY207732.1	372	731	2	24	26	372
CY207732.1	401	680	0	1	1	680
CY207732.1	459	1145	0	1	1	1145
CY207732.1	629	716	1	0	1	629
CY207732.1	629	957	20	5	25	629
CY207732.1	685	839	5	3	8	685
CY207732.1	718	860	1	1	2	718
CY207732.1	777	820	1	0	1	777
CY207732.1	979	1001	0	1	1	1001
CY207733.1	1329	1392	0	1	1	1392
CY207733.1	329	807	0	1	1	807
CY207733.1	447	644	0	1	1	644
CY207733.1	497	666	0	1	1	666
CY207733.1	503	877	0	1	1	877
CY207733.1	507	1163	1	0	1	507
CY207733.1	643	1159	1	0	1	643
CY207733.1	804	886	1	0	1	804
CY207733.1	832	1160	1	0	1	832
CY207734.1	1307	1597	1	0	1	1307
CY207734.1	1482	1534	0	1	1	1534
CY207734.1	240	1062	1	0	1	240
CY207734.1	271	1598	1	0	1	271
CY207734.1	275	1352	1	0	1	275
CY207734.1	275	805	1	0	1	275
CY207734.1	276	1300	1	0	1	276
CY207734.1	291	816	1	0	1	291
CY207734.1	341	1452	0	1	1	1452
CY207734.1	352	1342	0	1	1	1342
CY207734.1	404	966	0	1	1	966
CY207734.1	421	940	0	1	1	940
CY207734.1	438	998	0	1	1	998
CY207734.1	458	1274	0	1	1	1274
CY207734.1	465	866	1	0	1	465
CY207734.1	480	989	0	1	1	989
CY207734.1	488	1102	0	1	1	1102
CY207734.1	489	1132	0	1	1	1132
CY207734.1	543	1357	6	29	35	543
CY207734.1	546	1463	0	1	1	1463
CY207734.1	555	1048	1	0	1	555
CY207734.1	563	819	1	0	1	563
CY207734.1	620	812	2	0	2	620
CY207734.1	621	801	0	1	1	801
CY207734.1	637	832	1	0	1	637
CY207734.1	670	1322	0	1	1	1322
CY207734.1	671	1102	0	1	1	1102
CY207734.1	774	1467	1	0	1	774
CY207734.1	814	1235	1	0	1	814
CY207734.1	824	1049	0	1	1	1049
CY207734.1	837	1541	0	1	1	1541
CY207734.1	851	1270	0	1	1	1270
CY207734.1	893	1593	1	0	1	893
CY207734.1	969	1075	1	0	1	969
CY207735.1	350	845	0	1	1	845
CY207735.1	511	740	12	50	62	511
CY207735.1	519	746	0	1	1	746
CY207735.1	648	684	1	0	1	648
CY207735.1	697	892	1	0	1	697
CY207736.1	1140	1682	0	1	1	1682
CY207736.1	1179	1981	0	1	1	1981
CY207736.1	1445	1683	0	1	1	1683
CY207736.1	1483	1546	0	1	1	1546
CY207736.1	1546	2001	8	0	8	1546
CY207736.1	1691	2072	3	3	6	1691
CY207736.1	1770	1797	1	0	1	1770
CY207736.1	2156	2282	0	1	1	2282
CY207736.1	278	1205	0	1	1	1205
CY207736.1	353	2205	1	0	1	353
CY207736.1	400	1915	0	1	1	1915
CY207736.1	413	860	0	1	1	860
CY207736.1	425	1127	0	1	1	1127
CY207736.1	428	1056	1	0	1	428
CY207736.1	429	2080	1	0	1	429
CY207736.1	476	2009	0	1	1	2009
CY207736.1	490	2038	1	0	1	490
CY207736.1	494	1453	1	0	1	494
CY207736.1	516	1056	0	1	1	1056
CY207736.1	598	904	9	2	11	598
CY207736.1	616	2063	0	1	1	2063
CY207736.1	687	1815	1	0	1	687
CY207736.1	723	1375	0	1	1	1375
CY207736.1	723	1994	7	6	13	723
CY207736.1	767	1663	1	0	1	767
CY207736.1	814	1710	1	0	1	814
CY207736.1	824	1506	1	0	1	824
CY207736.1	827	978	1	0	1	827
CY207736.1	904	1099	0	1	1	1099
CY207736.1	924	1981	0	1	1	1981
CY207736.1	948	1621	0	1	1	1621
CY207736.1	953	982	0	1	1	982
CY207736.1	961	1003	2	1	3	961
CY207736.1	976	1020	1	0	1	976
CY207736.1	980	1674	1	0	1	980
CY207736.1	986	1521	0	1	1	1521
CY207736.1	994	1251	0	1	1	1251
CY207737.1	1051	1395	0	1	1	1395
CY207737.1	1195	1686	0	1	1	1686
CY207737.1	1396	2312	1	0	1	1396
CY207737.1	1424	1793	0	1	1	1793
CY207737.1	1723	2103	1	0	1	1723
CY207737.1	378	922	0	1	1	922
CY207737.1	383	1609	0	2	2	1609
CY207737.1	476	1156	1	0	1	476
CY207737.1	626	1070	0	1	1	1070
CY207737.1	726	904	0	1	1	904
CY207737.1	824	1920	0	1	1	1920
CY207737.1	866	1535	0	1	1	1535
CY207738.1	1003	1080	0	1	1	1080
CY207738.1	1142	1225	0	1	1	1225
CY207738.1	1296	1650	0	1	1	1650
CY207738.1	1336	1692	0	1	1	1692
CY207738.1	1457	1479	1	0	1	1457
CY207738.1	1629	1691	1	0	1	1629
CY207738.1	1700	1733	1	2	3	1700
CY207738.1	1744	1942	0	7	7	1942
CY207738.1	1912	1967	3	5	8	1912
CY207738.1	241	1221	1	0	1	241
CY207738.1	332	1228	1	0	1	332
CY207738.1	396	1341	0	1	1	1341
CY207738.1	416	1007	1	0	1	416
CY207738.1	488	748	1	0	1	488
CY207738.1	498	1647	0	1	1	1647
CY207738.1	512	1963	1	0	1	512
CY207738.1	621	1986	0	1	1	1986
CY207738.1	633	1471	0	1	1	1471
CY207738.1	703	1073	0	1	1	1073
CY207738.1	723	834	0	1	1	834
CY207738.1	784	1607	1	0	1	784
CY207738.1	861	1255	0	1	1	1255
CY207738.1	896	1101	1	0	1	896
CY207738.1	910	1569	17	16	33	910
