Segment	Start	Stop	Forward_support	Reverse_support	Total_support	Fuzz_factor
CY207731.1	1037	1556	0	1	1	1556
CY207731.1	1038	1243	1	0	1	1038
CY207731.1	1106	1766	0	1	1	1766
CY207731.1	1123	1600	1	0	1	1123
CY207731.1	1151	1897	0	1	1	1897
CY207731.1	1191	1477	0	1	1	1477
CY207731.1	1304	1326	2	1	3	1304
CY207731.1	1322	1873	0	1	1	1873
CY207731.1	1335	1753	0	1	1	1753
CY207731.1	1356	1647	1	2	3	1356
CY207731.1	1370	1395	0	1	1	1395
CY207731.1	1517	1794	0	1	1	1794
CY207731.1	1538	1712	0	1	1	1712
CY207731.1	1549	1775	0	1	1	1775
CY207731.1	1598	1901	0	1	1	1901
CY207731.1	1649	1684	3	0	3	1649
CY207731.1	1713	1755	2	2	4	1713
CY207731.1	252	353	1	0	1	252
CY207731.1	270	1334	1	0	1	270
CY207731.1	333	697	1	0	1	333
CY207731.1	336	1749	1	0	1	336
CY207731.1	350	388	1	4	5	350
CY207731.1	354	1642	1	0	1	354
CY207731.1	377	1592	1	0	1	377
CY207731.1	417	1171	1	0	1	417
CY207731.1	435	1158	0	1	1	1158
CY207731.1	457	880	0	1	1	880
CY207731.1	471	1610	0	1	1	1610
CY207731.1	507	791	1	0	1	507
CY207731.1	540	1320	1	0	1	540
CY207731.1	552	1398	0	1	1	1398
CY207731.1	561	1371	3	0	3	561
CY207731.1	562	1396	2	1	3	562
CY207731.1	565	1641	7	0	7	565
CY207731.1	581	1201	1	0	1	581
CY207731.1	587	1883	0	1	1	1883
CY207731.1	595	1883	0	1	1	1883
CY207731.1	602	662	0	1	1	662
CY207731.1	614	979	0	1	1	979
CY207731.1	620	856	0	1	1	856
CY207731.1	683	1653	1	0	1	683
CY207731.1	687	1185	0	1	1	1185
CY207731.1	687	992	1	0	1	687
CY207731.1	739	788	1	0	1	739
CY207731.1	760	959	0	1	1	959
CY207731.1	810	1691	1	0	1	810
CY207731.1	866	1164	1	0	1	866
CY207731.1	869	1127	0	1	1	1127
CY207731.1	902	1636	0	1	1	1636
CY207732.1	1007	1040	1	0	1	1007
CY207732.1	1011	1133	0	1	1	1133
CY207732.1	1067	1140	0	1	1	1140
CY207732.1	1082	1134	0	1	1	1134
CY207732.1	268	550	3	0	3	268
CY207732.1	268	668	1	0	1	268
CY207732.1	277	974	1	0	1	277
CY207732.1	306	1024	0	1	1	1024
CY207732.1	321	351	1	0	1	321
CY207732.1	372	937	1	0	1	372
CY207732.1	375	704	1	0	1	375
CY207732.1	377	893	0	1	1	893
CY207732.1	392	1011	1	0	1	392
CY207732.1	392	981	1	0	1	392
CY207732.1	394	1024	0	1	1	1024
CY207732.1	400	457	0	1	1	457
CY207732.1	404	931	1	0	1	404
CY207732.1	413	564	0	1	1	564
CY207732.1	418	547	0	1	1	547
CY207732.1	419	706	1	1	2	419
CY207732.1	438	938	1	0	1	438
CY207732.1	445	962	0	1	1	962
CY207732.1	450	824	0	1	1	824
CY207732.1	455	785	0	1	1	785
CY207732.1	484	799	0	1	1	799
CY207732.1	503	984	1	0	1	503
CY207732.1	523	1065	0	1	1	1065
CY207732.1	524	624	0	2	2	624
CY207732.1	567	790	0	1	1	790
CY207732.1	573	871	1	0	1	573
CY207732.1	587	662	0	1	1	662
CY207732.1	593	1023	1	0	1	593
CY207732.1	605	769	1	0	1	605
CY207732.1	605	928	1	0	1	605
CY207732.1	606	752	1	0	1	606
CY207732.1	607	875	0	1	1	875
CY207732.1	620	1062	1	0	1	620
CY207732.1	622	851	0	1	1	851
CY207732.1	622	981	1	0	1	622
CY207732.1	629	897	1	0	1	629
CY207732.1	645	920	1	0	1	645
CY207732.1	661	908	0	1	1	908
CY207732.1	679	815	2	0	2	679
CY207732.1	685	839	2	4	6	685
CY207732.1	697	772	0	1	1	772
CY207732.1	703	907	1	0	1	703
CY207732.1	715	965	0	1	1	965
CY207732.1	718	860	5	5	10	718
CY207732.1	719	935	1	0	1	719
CY207732.1	758	969	0	1	1	969
CY207732.1	770	814	0	1	1	814
CY207732.1	788	825	1	0	1	788
CY207732.1	804	1042	1	0	1	804
CY207732.1	817	866	1	0	1	817
CY207732.1	850	1144	1	0	1	850
CY207732.1	874	996	0	1	1	996
CY207732.1	924	959	1	0	1	924
CY207732.1	973	1036	2	0	2	973
CY207733.1	1001	1329	1	0	1	1001
CY207733.1	1002	1230	1	0	1	1002
CY207733.1	1018	1074	0	2	2	1074
CY207733.1	1024	1392	0	1	1	1392
CY207733.1	1082	1244	0	1	1	1244
CY207733.1	1090	1184	0	1	1	1184
CY207733.1	1097	1142	0	1	1	1142
CY207733.1	1105	1208	1	2	3	1105
CY207733.1	1121	1255	1	0	1	1121
CY207733.1	1139	1424	0	1	1	1424
CY207733.1	1263	1348	0	1	1	1348
CY207733.1	1333	1361	2	0	2	1333
CY207733.1	1472	1508	1	1	2	1472
CY207733.1	247	273	6	0	6	247
CY207733.1	253	422	1	0	1	253
CY207733.1	260	429	4	0	4	260
CY207733.1	265	1501	6	0	6	265
CY207733.1	271	1437	1	0	1	271
CY207733.1	284	1428	7	0	7	284
CY207733.1	288	1401	2	0	2	288
CY207733.1	290	1382	1	0	1	290
CY207733.1	291	823	0	1	1	823
CY207733.1	309	1418	1	0	1	309
CY207733.1	314	1448	2	1	3	314
CY207733.1	328	1358	1	0	1	328
CY207733.1	378	1493	0	2	2	1493
CY207733.1	395	1432	0	1	1	1432
CY207733.1	409	855	0	1	1	855
CY207733.1	436	546	1	0	1	436
CY207733.1	480	1579	0	1	1	1579
CY207733.1	487	1445	1	0	1	487
CY207733.1	510	532	1	0	1	510
CY207733.1	515	1233	0	7	7	1233
CY207733.1	709	1231	1	0	1	709
CY207733.1	718	981	1	0	1	718
CY207733.1	769	1447	1	0	1	769
CY207733.1	772	1431	1	0	1	772
CY207733.1	775	1146	0	1	1	1146
CY207733.1	835	1263	1	0	1	835
CY207733.1	841	1001	1	0	1	841
CY207733.1	881	1487	1	0	1	881
CY207733.1	943	993	1	0	1	943
CY207733.1	952	1030	1	0	1	952
CY207733.1	964	1041	1	1	2	964
CY207733.1	980	1458	0	1	1	1458
CY207733.1	986	1021	0	1	1	1021
CY207733.1	989	1286	0	1	1	1286
CY207733.1	996	1136	1	0	1	996
CY207734.1	1007	1288	0	1	1	1288
CY207734.1	1090	1138	0	1	1	1138
CY207734.1	1124	1539	1	0	1	1124
CY207734.1	1199	1326	1	0	1	1199
CY207734.1	1253	1534	1	0	1	1253
CY207734.1	1279	1342	1	0	1	1279
CY207734.1	1321	1483	0	5	5	1483
CY207734.1	1421	1544	0	1	1	1544
CY207734.1	1435	1512	1	0	1	1435
CY207734.1	1442	1566	0	1	1	1566
CY207734.1	1534	1588	2	0	2	1534
CY207734.1	1569	1723	0	5	5	1723
CY207734.1	1580	1697	0	5	5	1697
CY207734.1	1604	1725	0	4	4	1725
CY207734.1	244	1440	1	0	1	244
CY207734.1	245	1146	1	0	1	245
CY207734.1	246	603	1	0	1	246
CY207734.1	270	1613	1	0	1	270
CY207734.1	274	1492	1	0	1	274
CY207734.1	280	938	1	0	1	280
CY207734.1	288	822	1	0	1	288
CY207734.1	321	1046	0	1	1	1046
CY207734.1	360	1530	0	1	1	1530
CY207734.1	365	645	1	0	1	365
CY207734.1	374	944	0	1	1	944
CY207734.1	382	1678	0	1	1	1678
CY207734.1	396	1263	0	3	3	1263
CY207734.1	429	1395	1	0	1	429
CY207734.1	443	530	0	1	1	530
CY207734.1	444	927	0	1	1	927
CY207734.1	454	1283	0	1	1	1283
CY207734.1	467	514	1	0	1	467
CY207734.1	489	783	1	0	1	489
CY207734.1	510	1470	1	0	1	510
CY207734.1	515	1257	0	1	1	1257
CY207734.1	521	841	1	0	1	521
CY207734.1	530	921	1	0	1	530
CY207734.1	546	746	0	1	1	746
CY207734.1	569	968	0	1	1	968
CY207734.1	591	1364	0	1	1	1364
CY207734.1	591	746	0	1	1	746
CY207734.1	592	1116	0	1	1	1116
CY207734.1	685	863	0	1	1	863
CY207734.1	699	1224	2	2	4	699
CY207734.1	702	757	1	0	1	702
CY207734.1	706	1371	0	1	1	1371
CY207734.1	720	1357	0	1	1	1357
CY207734.1	723	1297	1	0	1	723
CY207734.1	727	983	0	1	1	983
CY207734.1	745	780	0	1	1	780
CY207734.1	754	1074	0	1	1	1074
CY207734.1	765	1484	1	0	1	765
CY207734.1	767	832	0	2	2	832
CY207734.1	803	1054	1	0	1	803
CY207734.1	804	1212	0	1	1	1212
CY207734.1	808	870	1	0	1	808
CY207734.1	810	958	2	0	2	810
CY207734.1	824	1049	1	0	1	824
CY207734.1	829	876	1	0	1	829
CY207734.1	835	1030	1	0	1	835
CY207734.1	841	1332	1	0	1	841
CY207734.1	851	1420	0	1	1	1420
CY207734.1	852	1048	0	1	1	1048
CY207734.1	866	1326	1	0	1	866
CY207734.1	867	1129	1	0	1	867
CY207734.1	868	1328	1	4	5	868
CY207734.1	880	1529	0	1	1	1529
CY207734.1	906	955	1	0	1	906
CY207734.1	918	1564	0	1	1	1564
CY207734.1	923	1179	1	0	1	923
CY207734.1	927	1158	0	1	1	1158
CY207734.1	939	1184	0	1	1	1184
CY207734.1	957	1228	0	1	1	1228
CY207734.1	970	1043	1	0	1	970
CY207734.1	997	1042	0	1	1	1042
CY207735.1	273	808	11	0	11	273
CY207735.1	286	748	1	0	1	286
CY207735.1	291	520	1	0	1	291
CY207735.1	351	979	0	9	9	979
CY207735.1	403	695	0	1	1	695
CY207735.1	413	699	0	2	2	699
CY207735.1	435	559	0	2	2	559
CY207735.1	477	514	1	2	3	477
CY207735.1	489	793	1	1	2	489
CY207735.1	499	729	1	0	1	499
CY207735.1	511	596	0	5	5	596
CY207735.1	511	740	16	37	53	511
CY207735.1	513	786	1	0	1	513
CY207735.1	519	746	0	3	3	746
CY207735.1	523	552	0	3	3	552
CY207735.1	533	594	1	3	4	533
CY207735.1	548	839	3	2	5	548
CY207735.1	594	889	0	1	1	889
CY207735.1	697	892	1	0	1	697
CY207735.1	840	895	3	0	3	840
CY207736.1	1009	2040	0	1	1	2040
CY207736.1	1010	2245	0	1	1	2245
CY207736.1	1046	1979	2	3	5	1046
CY207736.1	1068	2349	0	1	1	2349
CY207736.1	1077	1960	1	1	2	1077
CY207736.1	1080	2362	0	1	1	2362
CY207736.1	1085	2059	1	4	5	1085
CY207736.1	1092	2294	0	1	1	2294
CY207736.1	1155	1807	1	0	1	1155
CY207736.1	1209	1957	0	3	3	1957
CY207736.1	1222	1474	0	1	1	1474
CY207736.1	1237	2190	1	3	4	1237
CY207736.1	1242	1686	1	0	1	1242
CY207736.1	1361	2255	0	2	2	2255
CY207736.1	1438	2361	0	1	1	2361
CY207736.1	1456	1976	1	0	1	1456
CY207736.1	1543	2077	1	1	2	1543
CY207736.1	1544	2007	0	1	1	2007
CY207736.1	1565	1647	1	0	1	1565
CY207736.1	1566	1995	0	2	2	1995
CY207736.1	1672	2347	0	1	1	2347
CY207736.1	1680	2130	0	1	1	2130
CY207736.1	1705	2029	0	1	1	2029
CY207736.1	1805	1913	1	0	1	1805
CY207736.1	1839	1871	0	2	2	1871
CY207736.1	1881	2119	0	1	1	2119
CY207736.1	1899	2278	0	1	1	2278
CY207736.1	1946	2043	1	3	4	1946
CY207736.1	2013	2074	1	0	1	2013
CY207736.1	2086	2123	1	2	3	2086
CY207736.1	2108	2190	0	1	1	2190
CY207736.1	2120	2172	3	2	5	2120
CY207736.1	2126	2164	1	0	1	2126
CY207736.1	2129	2176	1	1	2	2129
CY207736.1	2132	2170	3	0	3	2132
CY207736.1	2140	2163	0	1	1	2163
CY207736.1	2185	2226	3	3	6	2185
CY207736.1	2212	2268	0	1	1	2268
CY207736.1	2215	2271	261	860	1121	2215
CY207736.1	2215	2272	1	4	5	2215
CY207736.1	2221	2350	0	1	1	2350
CY207736.1	2255	2354	0	1	1	2354
CY207736.1	235	1404	7	0	7	235
CY207736.1	244	891	1	0	1	244
CY207736.1	268	291	3	0	3	268
CY207736.1	271	376	2	0	2	271
CY207736.1	277	2170	1	0	1	277
CY207736.1	280	2075	1	0	1	280
CY207736.1	280	2141	1	0	1	280
CY207736.1	282	334	1	0	1	282
CY207736.1	283	2144	1	0	1	283
CY207736.1	284	339	2	0	2	284
CY207736.1	290	2105	2	0	2	290
CY207736.1	290	386	8	0	8	290
CY207736.1	291	1257	1	0	1	291
CY207736.1	298	1350	1	0	1	298
CY207736.1	301	2215	1	0	1	301
CY207736.1	304	2216	89	255	344	304
CY207736.1	310	334	0	1	1	334
CY207736.1	331	2180	1	0	1	331
CY207736.1	332	2149	0	1	1	2149
CY207736.1	333	2290	0	1	1	2290
CY207736.1	334	2208	0	1	1	2208
CY207736.1	335	2157	1	2	3	335
CY207736.1	338	2174	0	1	1	2174
CY207736.1	349	2140	1	4	5	349
CY207736.1	361	2216	1	2	3	361
CY207736.1	361	387	1	0	1	361
CY207736.1	368	2164	1	2	3	368
CY207736.1	375	2133	0	2	2	2133
CY207736.1	383	2059	0	2	2	2059
CY207736.1	389	414	2	1	3	389
CY207736.1	393	2127	0	1	1	2127
CY207736.1	394	2146	1	0	1	394
CY207736.1	398	424	0	2	2	424
CY207736.1	402	2089	0	2	2	2089
CY207736.1	402	428	697	1169	1866	402
CY207736.1	403	2156	0	1	1	2156
CY207736.1	403	2170	2	0	2	403
CY207736.1	403	429	3	5	8	403
CY207736.1	408	2009	0	2	2	2009
CY207736.1	417	2148	0	1	1	2148
CY207736.1	417	455	0	1	1	455
CY207736.1	418	2044	0	4	4	2044
CY207736.1	428	2135	1	0	1	428
CY207736.1	430	1965	3	2	5	430
CY207736.1	443	2156	1	10	11	443
CY207736.1	448	2132	0	1	1	2132
CY207736.1	454	2141	0	1	1	2141
CY207736.1	455	2149	1	0	1	455
CY207736.1	459	2161	0	1	1	2161
CY207736.1	460	2000	1	0	1	460
CY207736.1	462	1674	1	0	1	462
CY207736.1	475	553	2	0	2	475
CY207736.1	477	555	1407	629	2036	477
CY207736.1	478	556	6	3	9	478
CY207736.1	482	2049	0	1	1	2049
CY207736.1	482	2162	1	1	2	482
CY207736.1	483	2010	0	4	4	2010
CY207736.1	483	2168	0	1	1	2168
CY207736.1	487	2011	2	2	4	487
CY207736.1	488	568	2	0	2	488
CY207736.1	489	2009	34	31	65	489
CY207736.1	490	513	1	1	2	490
CY207736.1	493	2153	0	3	3	2153
CY207736.1	497	2170	3	1	4	497
CY207736.1	498	2023	1	2	3	498
CY207736.1	500	2064	0	2	2	2064
CY207736.1	503	2088	0	3	3	2088
CY207736.1	510	1014	1	3	4	510
CY207736.1	511	1903	1	0	1	511
CY207736.1	512	2064	0	3	3	2064
CY207736.1	537	1957	1	0	1	537
CY207736.1	537	2009	0	1	1	2009
CY207736.1	538	1960	7	2	9	538
CY207736.1	538	577	1	0	1	538
CY207736.1	539	566	2	1	3	539
CY207736.1	541	2042	0	1	1	2042
CY207736.1	542	2078	0	2	2	2078
CY207736.1	547	2010	0	2	2	2010
CY207736.1	547	582	0	1	1	582
CY207736.1	549	2032	2	1	3	549
CY207736.1	557	579	12	7	19	557
CY207736.1	564	2004	2	1	3	564
CY207736.1	565	2236	1	0	1	565
CY207736.1	567	744	1	0	1	567
CY207736.1	568	1852	2	0	2	568
CY207736.1	575	1909	1	0	1	575
CY207736.1	586	968	1	0	1	586
CY207736.1	587	2238	0	1	1	2238
CY207736.1	589	1764	0	1	1	1764
CY207736.1	590	1889	2	0	2	590
CY207736.1	595	1836	1	0	1	595
CY207736.1	598	904	1	0	1	598
CY207736.1	606	1918	1	0	1	606
CY207736.1	607	1762	0	2	2	1762
CY207736.1	607	1856	1	0	1	607
CY207736.1	609	1888	0	1	1	1888
CY207736.1	616	2016	3	0	3	616
CY207736.1	616	2063	2	0	2	616
CY207736.1	616	647	3	1	4	616
CY207736.1	625	1900	2	0	2	625
CY207736.1	630	2029	0	1	1	2029
CY207736.1	633	1903	1	0	1	633
CY207736.1	635	1912	10	4	14	635
CY207736.1	638	1830	0	1	1	1830
CY207736.1	640	1870	1	0	1	640
CY207736.1	648	2256	3	1	4	648
CY207736.1	669	2271	0	1	1	2271
CY207736.1	673	1987	0	4	4	1987
CY207736.1	676	1833	1	1	2	676
CY207736.1	678	1955	2	5	7	678
CY207736.1	680	1897	2	1	3	680
CY207736.1	686	1952	2	2	4	686
CY207736.1	688	2094	0	1	1	2094
CY207736.1	689	2046	0	1	1	2046
CY207736.1	689	771	1	0	1	689
CY207736.1	694	2037	1	0	1	694
CY207736.1	695	1938	0	1	1	1938
CY207736.1	699	1995	0	2	2	1995
CY207736.1	702	1871	1	0	1	702
CY207736.1	702	1890	1	2	3	702
CY207736.1	704	1890	0	1	1	1890
CY207736.1	704	1931	0	1	1	1931
CY207736.1	721	791	1	0	1	721
CY207736.1	722	1193	0	1	1	1193
CY207736.1	722	2075	25	2	27	722
CY207736.1	723	1994	1	5	6	723
CY207736.1	724	1101	0	1	1	1101
CY207736.1	726	2104	6	2	8	726
CY207736.1	727	2105	2557	1196	3753	727
CY207736.1	728	1185	1	0	1	728
CY207736.1	728	2106	3	1	4	728
CY207736.1	728	2279	0	1	1	2279
CY207736.1	736	1829	0	1	1	1829
CY207736.1	740	2180	1	5	6	740
CY207736.1	746	2132	2	6	8	746
CY207736.1	749	1828	0	1	1	1828
CY207736.1	749	787	1	0	1	749
CY207736.1	754	776	2	1	3	754
CY207736.1	759	2153	0	3	3	2153
CY207736.1	760	1820	1	0	1	760
CY207736.1	761	1903	3	0	3	761
CY207736.1	769	2166	0	2	2	2166
CY207736.1	774	1872	1	1	2	774
CY207736.1	775	1895	1	0	1	775
CY207736.1	780	2112	0	1	1	2112
CY207736.1	781	2176	1	0	1	781
CY207736.1	792	1979	1	0	1	792
CY207736.1	810	1701	1	0	1	810
CY207736.1	824	2186	0	2	2	2186
CY207736.1	829	2111	0	2	2	2111
CY207736.1	844	1825	0	1	1	1825
CY207736.1	851	1709	2	1	3	851
CY207736.1	852	1728	2	1	3	852
CY207736.1	878	1977	1	0	1	878
CY207736.1	915	1981	2	0	2	915
CY207736.1	967	1832	0	1	1	1832
CY207737.1	1023	1124	2	0	2	1023
CY207737.1	1041	2372	0	1	1	2372
CY207737.1	1193	2082	0	1	1	2082
CY207737.1	1212	1247	0	1	1	1247
CY207737.1	1266	1387	1	0	1	1266
CY207737.1	1335	1424	0	1	1	1424
CY207737.1	1474	1986	1	0	1	1474
CY207737.1	1590	2060	1	0	1	1590
CY207737.1	1593	1642	0	1	1	1642
CY207737.1	2074	2096	2	1	3	2074
CY207737.1	2078	2106	1	0	1	2078
CY207737.1	2180	2205	3	0	3	2180
CY207737.1	2223	2250	17	2	19	2223
CY207737.1	2301	2324	3	1	4	2301
CY207737.1	2320	2359	1	0	1	2320
CY207737.1	239	277	7	0	7	239
CY207737.1	241	2307	15	0	15	241
CY207737.1	246	2302	9	0	9	246
CY207737.1	247	281	5	0	5	247
CY207737.1	253	1633	1	0	1	253
CY207737.1	272	2244	3	0	3	272
CY207737.1	286	2321	1	0	1	286
CY207737.1	288	2322	5	0	5	288
CY207737.1	306	2322	1	0	1	306
CY207737.1	330	2269	2	2	4	330
CY207737.1	334	2302	3	0	3	334
CY207737.1	356	2285	1	0	1	356
CY207737.1	357	469	1	0	1	357
CY207737.1	362	2144	1	0	1	362
CY207737.1	363	1244	1	0	1	363
CY207737.1	369	1552	3	3	6	369
CY207737.1	386	2322	0	1	1	2322
CY207737.1	394	1121	1	0	1	394
CY207737.1	404	1131	1	0	1	404
CY207737.1	422	2176	3	0	3	422
CY207737.1	428	2193	0	1	1	2193
CY207737.1	430	2185	4	0	4	430
CY207737.1	434	2199	1	0	1	434
CY207737.1	435	2189	137	92	229	435
CY207737.1	447	2224	0	2	2	2224
CY207737.1	468	2209	0	1	1	2209
CY207737.1	469	2250	0	1	1	2250
CY207737.1	470	2225	0	1	1	2225
CY207737.1	478	2131	0	3	3	2131
CY207737.1	480	1799	5	1	6	480
CY207737.1	483	1090	0	1	1	1090
CY207737.1	486	2217	0	1	1	2217
CY207737.1	491	1735	1	0	1	491
CY207737.1	521	2121	2	1	3	521
CY207737.1	528	2064	1	3	4	528
CY207737.1	583	2205	0	2	2	2205
CY207737.1	603	1946	4	1	5	603
CY207737.1	604	2013	1	0	1	604
CY207737.1	615	2101	1	0	1	615
CY207737.1	624	2095	0	1	1	2095
CY207737.1	648	994	0	1	1	994
CY207737.1	668	1916	2	0	2	668
CY207737.1	673	2069	3	0	3	673
CY207737.1	679	1888	1	0	1	679
CY207737.1	690	1947	1	1	2	690
CY207737.1	695	1986	0	2	2	1986
CY207737.1	697	1370	1	0	1	697
CY207737.1	748	2013	3	0	3	748
CY207737.1	824	928	1	0	1	824
CY207737.1	830	1819	1	0	1	830
CY207737.1	836	1396	0	1	1	1396
CY207737.1	869	1128	0	1	1	1128
CY207737.1	882	1773	1	2	3	882
CY207737.1	886	1890	0	1	1	1890
CY207737.1	893	1769	2	0	2	893
CY207737.1	919	2282	1	0	1	919
CY207737.1	924	1521	1	0	1	924
CY207737.1	933	1000	2	0	2	933
CY207737.1	933	2467	0	1	1	2467
CY207737.1	938	1823	1	1	2	938
CY207737.1	957	1683	1	0	1	957
CY207737.1	985	1638	1	0	1	985
CY207737.1	991	1800	0	1	1	1800
CY207738.1	1009	1095	0	1	1	1095
CY207738.1	1021	1647	0	1	1	1647
CY207738.1	1032	2303	0	1	1	2303
CY207738.1	1042	1774	0	1	1	1774
CY207738.1	1058	2353	0	1	1	2353
CY207738.1	1124	2330	0	2	2	2330
CY207738.1	1142	1662	1	0	1	1142
CY207738.1	1254	2353	0	1	1	2353
CY207738.1	1406	2449	0	1	1	2449
CY207738.1	1433	1668	0	1	1	1668
CY207738.1	1439	2150	0	1	1	2150
CY207738.1	1442	2204	1	0	1	1442
CY207738.1	1546	1642	0	1	1	1642
CY207738.1	1572	2149	3	0	3	1572
CY207738.1	1678	1790	0	1	1	1790
CY207738.1	1809	1998	0	1	1	1998
CY207738.1	1881	1925	0	1	1	1925
CY207738.1	1987	2210	0	1	1	2210
CY207738.1	2035	2320	0	1	1	2320
CY207738.1	2139	2163	0	3	3	2163
CY207738.1	2186	2268	4	5	9	2186
CY207738.1	2256	2326	1	0	1	2256
CY207738.1	2271	2314	1	5	6	2271
CY207738.1	2312	2371	1	0	1	2312
CY207738.1	2313	2347	2	3	5	2313
CY207738.1	285	662	1	0	1	285
CY207738.1	286	387	3	0	3	286
CY207738.1	291	2240	0	3	3	2240
CY207738.1	316	2334	2	0	2	316
CY207738.1	317	2069	2	0	2	317
CY207738.1	317	2199	0	1	1	2199
CY207738.1	323	2314	0	1	1	2314
CY207738.1	346	2235	1	0	1	346
CY207738.1	365	1684	1	0	1	365
CY207738.1	366	2256	0	1	1	2256
CY207738.1	367	2311	1	1	2	367
CY207738.1	367	2313	0	1	1	2313
CY207738.1	368	2264	0	3	3	2264
CY207738.1	369	2302	0	1	1	2302
CY207738.1	373	2265	0	1	1	2265
CY207738.1	374	2311	0	1	1	2311
CY207738.1	376	2135	0	2	2	2135
CY207738.1	380	2313	2	5	7	380
CY207738.1	383	2348	1	1	2	383
CY207738.1	386	1751	1	4	5	386
CY207738.1	386	2314	0	3	3	2314
CY207738.1	386	2334	0	2	2	2334
CY207738.1	387	2313	0	1	1	2313
CY207738.1	389	2275	1	3	4	389
CY207738.1	395	2155	0	1	1	2155
CY207738.1	396	1053	0	1	1	1053
CY207738.1	404	2199	0	1	1	2199
CY207738.1	411	2262	0	3	3	2262
CY207738.1	417	2196	1	4	5	417
CY207738.1	418	2232	0	1	1	2232
CY207738.1	419	2313	0	4	4	2313
CY207738.1	420	2054	1	3	4	420
CY207738.1	421	2282	0	1	1	2282
CY207738.1	422	2317	0	1	1	2317
CY207738.1	427	2182	1	3	4	427
CY207738.1	431	2263	0	11	11	2263
CY207738.1	432	2199	1	5	6	432
CY207738.1	436	2237	3	7	10	436
CY207738.1	439	2360	0	1	1	2360
CY207738.1	440	2272	2	13	15	440
CY207738.1	446	2262	1	3	4	446
CY207738.1	448	2299	6	12	18	448
CY207738.1	449	946	1	0	1	449
CY207738.1	453	2212	3	5	8	453
CY207738.1	456	682	0	1	1	682
CY207738.1	456	698	0	1	1	698
CY207738.1	457	2057	1	0	1	457
CY207738.1	460	2132	0	4	4	2132
CY207738.1	460	2270	3	5	8	460
CY207738.1	464	2195	0	2	2	2195
CY207738.1	471	2209	4	7	11	471
CY207738.1	472	2131	0	5	5	2131
CY207738.1	483	2182	0	3	3	2182
CY207738.1	489	2244	3	2	5	489
CY207738.1	490	1792	2	4	6	490
CY207738.1	490	2121	5	6	11	490
CY207738.1	507	2163	2	4	6	507
CY207738.1	515	2093	1	1	2	515
CY207738.1	517	2187	1	4	5	517
CY207738.1	523	1979	0	1	1	1979
CY207738.1	536	2187	1	1	2	536
CY207738.1	541	2211	5	10	15	541
CY207738.1	562	803	0	1	1	803
CY207738.1	589	1914	1	2	3	589
CY207738.1	592	2106	1	0	1	592
CY207738.1	594	861	0	1	1	861
CY207738.1	605	2074	1	2	3	605
CY207738.1	615	1633	0	1	1	1633
CY207738.1	627	2004	5	4	9	627
CY207738.1	627	2053	1	1	2	627
CY207738.1	628	2041	0	1	1	2041
CY207738.1	629	1973	1	0	1	629
CY207738.1	637	1789	0	1	1	1789
CY207738.1	646	2058	1	1	2	646
CY207738.1	654	1621	1	0	1	654
CY207738.1	656	2086	1	0	1	656
CY207738.1	662	2000	1	2	3	662
CY207738.1	663	2048	3	2	5	663
CY207738.1	692	1996	0	1	1	1996
CY207738.1	693	2050	1	0	1	693
CY207738.1	694	1894	1	0	1	694
CY207738.1	703	1830	1	2	3	703
CY207738.1	711	2031	0	2	2	2031
CY207738.1	714	1142	0	1	1	1142
CY207738.1	739	895	0	1	1	895
CY207738.1	749	2059	6	4	10	749
CY207738.1	751	1869	1	1	2	751
CY207738.1	777	1998	1	2	3	777
CY207738.1	790	2030	0	1	1	2030
CY207738.1	808	1840	0	1	1	1840
CY207738.1	812	1125	0	1	1	1125
CY207738.1	813	2050	0	1	1	2050
CY207738.1	843	1868	0	1	1	1868
CY207738.1	855	1809	0	1	1	1809
CY207738.1	858	1781	1	3	4	858
CY207738.1	877	1767	2	3	5	877
CY207738.1	896	1101	1	1	2	896
CY207738.1	896	2287	1	0	1	896
CY207738.1	929	1031	0	1	1	1031
CY207738.1	933	1511	1	0	1	933
CY207738.1	966	1387	1	0	1	966
CY207738.1	972	1878	0	1	1	1878
