Segment	Start	Stop	Forward_support	Reverse_support	Total_support	Fuzz_factor
CY207731.1	1061	1691	1	0	1	1061
CY207731.1	1522	1729	1	0	1	1522
CY207731.1	1656	1873	0	1	1	1873
CY207731.1	235	1698	2	0	2	235
CY207731.1	261	1366	1	0	1	261
CY207731.1	269	1672	1	0	1	269
CY207731.1	287	1742	1	0	1	287
CY207731.1	288	1744	1	0	1	288
CY207731.1	289	1744	55	7	62	289
CY207731.1	290	1069	1	0	1	290
CY207731.1	339	1793	0	1	1	1793
CY207731.1	342	938	0	1	1	938
CY207731.1	455	1782	0	1	1	1782
CY207731.1	549	1815	0	1	1	1815
CY207731.1	565	1641	1	0	1	565
CY207731.1	574	601	1	1	2	574
CY207731.1	597	1605	0	1	1	1605
CY207731.1	638	1093	1	0	1	638
CY207731.1	702	1311	1	0	1	702
CY207731.1	714	1519	0	1	1	1519
CY207731.1	793	1713	1	0	1	793
CY207731.1	817	1590	1	0	1	817
CY207731.1	916	951	0	1	1	951
CY207731.1	933	974	2	6	8	933
CY207731.1	969	1783	0	1	1	1783
CY207732.1	1009	1159	0	1	1	1159
CY207732.1	270	630	1	0	1	270
CY207732.1	275	848	51	1	52	275
CY207732.1	281	446	1	0	1	281
CY207732.1	379	424	0	1	1	424
CY207732.1	390	890	0	1	1	890
CY207732.1	394	483	0	1	1	483
CY207732.1	396	917	0	1	1	917
CY207732.1	400	491	1	0	1	400
CY207732.1	402	1075	1	0	1	402
CY207732.1	408	866	0	1	1	866
CY207732.1	424	859	0	1	1	859
CY207732.1	428	559	1	0	1	428
CY207732.1	452	895	0	1	1	895
CY207732.1	454	1019	1	0	1	454
CY207732.1	458	1138	0	1	1	1138
CY207732.1	484	564	0	1	1	564
CY207732.1	497	708	0	1	1	708
CY207732.1	523	633	0	1	1	633
CY207732.1	536	694	1	0	1	536
CY207732.1	546	939	0	1	1	939
CY207732.1	564	661	1	0	1	564
CY207732.1	568	952	0	1	1	952
CY207732.1	584	687	2	5	7	584
CY207732.1	587	611	1	0	1	587
CY207732.1	594	768	0	1	1	768
CY207732.1	600	991	11	6	17	600
CY207732.1	607	711	0	1	1	711
CY207732.1	613	708	0	1	1	708
CY207732.1	676	1066	1	0	1	676
CY207732.1	685	839	9	9	18	685
CY207732.1	689	952	1	0	1	689
CY207732.1	691	1018	0	1	1	1018
CY207732.1	754	1050	1	0	1	754
CY207732.1	817	866	3	1	4	817
CY207732.1	828	907	1	0	1	828
CY207732.1	881	1012	1	0	1	881
CY207733.1	1069	1247	5	3	8	1069
CY207733.1	1090	1184	10	9	19	1090
CY207733.1	1120	1468	0	1	1	1468
CY207733.1	1214	1432	1	0	1	1214
CY207733.1	1451	1496	0	1	1	1496
CY207733.1	1531	1605	0	6	6	1605
CY207733.1	237	1221	1	0	1	237
CY207733.1	242	1226	39	1	40	242
CY207733.1	347	1373	0	1	1	1373
CY207733.1	365	1498	1	0	1	365
CY207733.1	414	503	2	5	7	414
CY207733.1	487	664	0	1	1	664
CY207733.1	508	569	1	0	1	508
CY207733.1	531	564	0	1	1	564
CY207733.1	574	1253	0	1	1	1253
CY207733.1	613	981	0	1	1	981
CY207733.1	659	925	1	0	1	659
CY207733.1	674	1387	1	0	1	674
CY207733.1	924	1283	0	1	1	1283
CY207733.1	933	1460	0	1	1	1460
CY207733.1	955	1022	3	4	7	955
CY207733.1	983	1045	0	1	1	1045
CY207733.1	988	1264	1	0	1	988
CY207734.1	1021	1044	1	0	1	1021
CY207734.1	1028	1452	1	0	1	1028
CY207734.1	1045	1584	0	1	1	1584
CY207734.1	1126	1367	3	8	11	1126
CY207734.1	1157	1383	0	1	1	1383
CY207734.1	1224	1250	0	2	2	1250
CY207734.1	1435	1469	2	4	6	1435
CY207734.1	1580	1697	0	11	11	1697
CY207734.1	242	1575	1	0	1	242
CY207734.1	282	1588	37	0	37	282
CY207734.1	380	678	0	1	1	678
CY207734.1	402	759	0	1	1	759
CY207734.1	418	795	0	1	1	795
CY207734.1	424	1273	0	1	1	1273
CY207734.1	444	1188	0	1	1	1188
CY207734.1	485	812	0	1	1	812
CY207734.1	491	517	1	0	1	491
CY207734.1	522	1246	0	1	1	1246
CY207734.1	647	1280	1	0	1	647
CY207734.1	738	1531	0	1	1	1531
CY207734.1	758	1545	1	0	1	758
CY207734.1	788	1209	0	1	1	1209
CY207734.1	799	858	0	1	1	858
CY207734.1	818	1303	0	1	1	1303
CY207734.1	881	981	0	1	1	981
CY207734.1	942	1252	0	1	1	1252
CY207735.1	447	763	1	0	1	447
CY207735.1	499	729	1	0	1	499
CY207735.1	506	736	1	0	1	506
CY207735.1	511	740	36	84	120	511
CY207735.1	519	746	1	3	4	519
CY207735.1	540	563	0	1	1	563
CY207735.1	594	665	1	0	1	594
CY207736.1	1018	1046	1	0	1	1018
CY207736.1	1042	2262	0	1	1	2262
CY207736.1	1088	2370	0	1	1	2370
CY207736.1	1102	1407	1	0	1	1102
CY207736.1	1109	2020	0	1	1	2020
CY207736.1	1276	1809	0	1	1	1809
CY207736.1	1299	2124	0	1	1	2124
CY207736.1	1562	1589	1	0	1	1562
CY207736.1	1699	1735	11	48	59	1699
CY207736.1	2120	2172	3	4	7	2120
CY207736.1	2221	2255	1	0	1	2221
CY207736.1	2237	2281	0	7	7	2281
CY207736.1	280	2163	37	7	44	280
CY207736.1	307	2242	2	3	5	307
CY207736.1	310	2258	0	4	4	2258
CY207736.1	352	2216	49	66	115	352
CY207736.1	368	2231	0	1	1	2231
CY207736.1	376	2076	1	24	25	376
CY207736.1	385	2132	3	22	25	385
CY207736.1	427	490	1	2	3	427
CY207736.1	441	2238	1	2	3	441
CY207736.1	458	2009	5	1	6	458
CY207736.1	474	2009	2	2	4	474
CY207736.1	476	2149	1	9	10	476
CY207736.1	478	505	1	0	1	478
CY207736.1	483	1628	1	0	1	483
CY207736.1	490	2028	22	19	41	490
CY207736.1	490	513	5	2	7	490
CY207736.1	500	2011	4	4	8	500
CY207736.1	563	2001	1	0	1	563
CY207736.1	570	2009	1	0	1	570
CY207736.1	571	2009	29	23	52	571
CY207736.1	581	1910	3	0	3	581
CY207736.1	581	618	6	3	9	581
CY207736.1	582	979	1	0	1	582
CY207736.1	584	2013	8	3	11	584
CY207736.1	588	2044	0	1	1	2044
CY207736.1	616	2063	12	4	16	616
CY207736.1	630	1943	4	0	4	630
CY207736.1	678	1944	1	0	1	678
CY207736.1	682	1650	0	1	1	1650
CY207736.1	686	1952	5	4	9	686
CY207736.1	692	2183	0	1	1	2183
CY207736.1	728	755	1	1	2	728
CY207736.1	767	1952	19	20	39	767
CY207736.1	775	1995	0	1	1	1995
CY207736.1	811	1629	56	44	100	811
CY207736.1	834	1670	0	1	1	1670
CY207736.1	835	1616	2	0	2	835
CY207736.1	944	1632	0	1	1	1632
CY207736.1	998	2256	26	11	37	998
CY207737.1	1126	1934	0	1	1	1934
CY207737.1	1154	2220	0	1	1	2220
CY207737.1	404	444	1	0	1	404
CY207737.1	422	2176	1	0	1	422
CY207737.1	437	2206	1	0	1	437
CY207737.1	445	2214	8	16	24	445
CY207737.1	582	2282	1	0	1	582
CY207737.1	674	1708	1	0	1	674
CY207737.1	695	2338	64	16	80	695
CY207737.1	760	1888	1	0	1	760
CY207737.1	892	2377	1	0	1	892
CY207737.1	923	1070	1	0	1	923
CY207738.1	1023	1063	2	0	2	1023
CY207738.1	1084	1246	0	1	1	1246
CY207738.1	1141	1795	1	0	1	1141
CY207738.1	1213	1698	6	0	6	1213
CY207738.1	1280	1505	1	0	1	1280
CY207738.1	1299	1678	0	1	1	1678
CY207738.1	1363	2333	1	0	1	1363
CY207738.1	1935	2324	1	0	1	1935
CY207738.1	2269	2351	17	6	23	2269
CY207738.1	384	2314	59	126	185	384
CY207738.1	417	1605	1	0	1	417
CY207738.1	514	544	0	2	2	544
CY207738.1	554	2374	19	7	26	554
CY207738.1	664	696	2	1	3	664
CY207738.1	740	932	0	1	1	932
CY207738.1	769	1081	1	0	1	769
CY207738.1	820	2227	6	6	12	820
CY207738.1	913	1033	0	1	1	1033
CY207738.1	962	996	0	1	1	996
