Segment	Start	Stop	Forward_support	Reverse_support	Total_support	Fuzz_factor
CY207731.1	1196	1252	1	0	1	1196
CY207731.1	1281	1778	1	0	1	1281
CY207731.1	1432	1657	0	1	1	1657
CY207731.1	1610	1851	0	1	1	1851
CY207731.1	1650	1726	2	0	2	1650
CY207731.1	235	604	1	0	1	235
CY207731.1	245	1144	1	0	1	245
CY207731.1	270	1334	1	0	1	270
CY207731.1	289	446	1	0	1	289
CY207731.1	371	1054	0	1	1	1054
CY207731.1	402	1194	1	0	1	402
CY207731.1	416	1340	0	1	1	1340
CY207731.1	421	1489	0	1	1	1489
CY207731.1	427	1242	0	1	1	1242
CY207731.1	452	1162	1	0	1	452
CY207731.1	464	1877	0	1	1	1877
CY207731.1	473	609	1	0	1	473
CY207731.1	547	1720	0	1	1	1720
CY207731.1	583	969	1	0	1	583
CY207731.1	602	912	0	1	1	912
CY207731.1	690	1867	0	1	1	1867
CY207731.1	812	1701	0	1	1	1701
CY207731.1	817	1736	0	1	1	1736
CY207731.1	818	964	1	0	1	818
CY207731.1	874	1323	0	1	1	1323
CY207731.1	883	1086	1	0	1	883
CY207732.1	236	824	1	0	1	236
CY207732.1	260	978	1	0	1	260
CY207732.1	268	573	1	0	1	268
CY207732.1	275	848	1	0	1	275
CY207732.1	276	849	10	0	10	276
CY207732.1	403	949	1	0	1	403
CY207732.1	431	600	0	1	1	600
CY207732.1	466	767	0	1	1	767
CY207732.1	478	748	0	1	1	748
CY207732.1	486	834	1	1	2	486
CY207732.1	507	1137	0	1	1	1137
CY207732.1	554	886	0	1	1	886
CY207732.1	572	706	0	1	1	706
CY207732.1	624	1133	0	1	1	1133
CY207732.1	626	759	1	1	2	626
CY207732.1	632	801	0	2	2	801
CY207732.1	656	697	0	1	1	697
CY207732.1	679	815	2	5	7	679
CY207732.1	685	839	0	1	1	839
CY207732.1	698	994	0	1	1	994
CY207732.1	707	742	0	1	1	742
CY207732.1	717	760	1	1	2	717
CY207732.1	718	860	1	5	6	718
CY207732.1	744	1067	1	0	1	744
CY207732.1	746	1057	1	0	1	746
CY207732.1	759	859	1	0	1	759
CY207732.1	797	1154	0	1	1	1154
CY207732.1	817	866	0	2	2	866
CY207732.1	818	867	1	0	1	818
CY207732.1	818	962	0	1	1	962
CY207732.1	828	877	0	1	1	877
CY207732.1	856	915	0	1	1	915
CY207732.1	856	965	0	2	2	965
CY207732.1	877	1112	0	1	1	1112
CY207732.1	881	1012	0	1	1	1012
CY207732.1	916	1030	1	0	1	916
CY207732.1	924	1040	3	0	3	924
CY207732.1	954	981	1	0	1	954
CY207733.1	1070	1163	0	1	1	1163
CY207733.1	1105	1208	1	1	2	1105
CY207733.1	1106	1189	0	1	1	1189
CY207733.1	1276	1354	0	1	1	1354
CY207733.1	1294	1485	0	1	1	1485
CY207733.1	1299	1486	1	0	1	1299
CY207733.1	1308	1469	1	0	1	1308
CY207733.1	1310	1467	1	1	2	1310
CY207733.1	1369	1585	0	1	1	1585
CY207733.1	265	988	1	0	1	265
CY207733.1	320	625	0	1	1	625
CY207733.1	397	844	1	0	1	397
CY207733.1	638	849	1	0	1	638
CY207733.1	687	1405	1	0	1	687
CY207733.1	789	982	1	0	1	789
CY207733.1	796	1426	1	0	1	796
CY207733.1	883	1021	0	1	1	1021
CY207733.1	955	1022	1	0	1	955
CY207734.1	1046	1673	0	1	1	1673
CY207734.1	1066	1241	0	1	1	1241
CY207734.1	1128	1614	1	0	1	1128
CY207734.1	1143	1576	0	1	1	1576
CY207734.1	1179	1253	0	1	1	1253
CY207734.1	1279	1501	0	1	1	1501
CY207734.1	1467	1595	1	0	1	1467
CY207734.1	1562	1586	1	0	1	1562
CY207734.1	236	1073	1	0	1	236
CY207734.1	280	598	1	0	1	280
CY207734.1	283	1166	1	0	1	283
CY207734.1	290	1615	1	0	1	290
CY207734.1	318	1609	0	1	1	1609
CY207734.1	320	774	0	1	1	774
CY207734.1	333	1146	1	0	1	333
CY207734.1	353	1135	1	0	1	353
CY207734.1	427	834	0	1	1	834
CY207734.1	439	1638	2	0	2	439
CY207734.1	483	1606	0	1	1	1606
CY207734.1	510	775	1	0	1	510
CY207734.1	521	841	2	0	2	521
CY207734.1	565	860	0	1	1	860
CY207734.1	577	1680	0	1	1	1680
CY207734.1	585	1606	0	1	1	1606
CY207734.1	590	1561	1	0	1	590
CY207734.1	625	1280	0	1	1	1280
CY207734.1	647	1451	1	0	1	647
CY207734.1	680	907	1	0	1	680
CY207734.1	697	1486	0	1	1	1486
CY207734.1	725	941	0	1	1	941
CY207734.1	744	1182	0	2	2	1182
CY207734.1	813	1054	0	1	1	1054
CY207734.1	829	1249	1	0	1	829
CY207734.1	841	1415	1	0	1	841
CY207734.1	910	1081	0	1	1	1081
CY207734.1	942	1252	0	2	2	1252
CY207735.1	268	935	3	0	3	268
CY207735.1	410	696	0	1	1	696
CY207735.1	511	740	19	31	50	511
CY207735.1	519	746	0	1	1	746
CY207735.1	533	594	0	1	1	594
CY207735.1	801	902	0	1	1	902
CY207736.1	1151	1268	1	0	1	1151
CY207736.1	1171	1511	0	1	1	1511
CY207736.1	1205	1379	1	1	2	1205
CY207736.1	1213	1298	0	1	1	1298
CY207736.1	1233	1676	2	0	2	1233
CY207736.1	1303	1725	1	0	1	1303
CY207736.1	1305	1412	0	1	1	1412
CY207736.1	1320	2068	0	1	1	2068
CY207736.1	1325	2119	1	0	1	1325
CY207736.1	1337	1960	0	1	1	1960
CY207736.1	1345	1871	0	4	4	1871
CY207736.1	1355	1937	0	1	1	1937
CY207736.1	1514	1872	0	1	1	1872
CY207736.1	1566	1995	0	3	3	1995
CY207736.1	1589	2150	0	1	1	2150
CY207736.1	1700	2114	0	1	1	2114
CY207736.1	1741	1834	1	1	2	1741
CY207736.1	1746	1808	1	0	1	1746
CY207736.1	1795	2060	0	1	1	2060
CY207736.1	325	2179	1	0	1	325
CY207736.1	335	2157	0	1	1	2157
CY207736.1	342	2148	0	5	5	2148
CY207736.1	367	2160	0	1	1	2160
CY207736.1	375	2069	0	1	1	2069
CY207736.1	377	2158	1	4	5	377
CY207736.1	379	1067	1	0	1	379
CY207736.1	383	2141	0	1	1	2141
CY207736.1	386	2131	0	1	1	2131
CY207736.1	449	479	1	1	2	449
CY207736.1	488	1073	1	0	1	488
CY207736.1	531	886	1	0	1	531
CY207736.1	536	2206	2	0	2	536
CY207736.1	547	2010	3	1	4	547
CY207736.1	548	2009	1	0	1	548
CY207736.1	591	1980	4	5	9	591
CY207736.1	596	2002	1	0	1	596
CY207736.1	609	1955	1	0	1	609
CY207736.1	631	1810	1	0	1	631
CY207736.1	632	1587	2	5	7	632
CY207736.1	654	1916	2	0	2	654
CY207736.1	656	1915	1	0	1	656
CY207736.1	678	1955	2	1	3	678
CY207736.1	680	951	0	1	1	951
CY207736.1	686	1952	1	1	2	686
CY207736.1	699	1995	3	6	9	699
CY207736.1	700	1968	1	0	1	700
CY207736.1	716	1786	1	2	3	716
CY207736.1	717	1714	0	1	1	1714
CY207736.1	723	1994	4	6	10	723
CY207736.1	740	1716	2	0	2	740
CY207736.1	745	2144	4	1	5	745
CY207736.1	765	1733	2	0	2	765
CY207736.1	769	2080	3	0	3	769
CY207736.1	781	2237	1	0	1	781
CY207736.1	813	2177	0	1	1	2177
CY207736.1	859	1793	1	2	3	859
CY207736.1	861	2045	0	1	1	2045
CY207736.1	864	1869	0	1	1	1869
CY207736.1	887	919	1	0	1	887
CY207736.1	950	1598	0	1	1	1598
CY207737.1	1025	2136	2	2	4	1025
CY207737.1	1212	1945	0	1	1	1945
CY207737.1	1312	1997	2	0	2	1312
CY207737.1	1403	1642	1	0	1	1403
CY207737.1	1421	1444	0	1	1	1444
CY207737.1	1741	1797	1	2	3	1741
CY207737.1	1758	2463	0	1	1	2463
CY207737.1	2046	2257	1	0	1	2046
CY207737.1	2158	2367	1	0	1	2158
CY207737.1	2282	2304	1	0	1	2282
CY207737.1	2332	2359	0	1	1	2359
CY207737.1	247	289	3	0	3	247
CY207737.1	286	2321	1	0	1	286
CY207737.1	322	1615	1	0	1	322
CY207737.1	330	2334	1	0	1	330
CY207737.1	341	2355	2	5	7	341
CY207737.1	341	614	0	1	1	614
CY207737.1	389	2425	1	0	1	389
CY207737.1	487	1885	0	1	1	1885
CY207737.1	502	2152	3	3	6	502
CY207737.1	537	2167	2	0	2	537
CY207737.1	541	2237	2	0	2	541
CY207737.1	542	2047	1	0	1	542
CY207737.1	674	1357	1	0	1	674
CY207737.1	674	1708	1	0	1	674
CY207737.1	682	2087	2	1	3	682
CY207737.1	745	2017	0	2	2	2017
CY207737.1	759	2078	0	1	1	2078
CY207737.1	791	1809	1	0	1	791
CY207737.1	813	1971	4	2	6	813
CY207737.1	830	1816	1	5	6	830
CY207737.1	831	1819	0	4	4	1819
CY207737.1	832	1818	5	0	5	832
CY207737.1	835	1873	26	11	37	835
CY207737.1	924	1738	3	1	4	924
CY207737.1	924	2062	2	4	6	924
CY207737.1	964	1809	1	1	2	964
CY207738.1	1062	1694	6	2	8	1062
CY207738.1	1231	1798	0	1	1	1798
CY207738.1	1263	1436	0	1	1	1436
CY207738.1	1317	1627	1	0	1	1317
CY207738.1	1365	1449	2	0	2	1365
CY207738.1	1373	1431	1	0	1	1373
CY207738.1	1462	2281	0	1	1	2281
CY207738.1	1489	1685	0	1	1	1685
CY207738.1	1604	1846	1	0	1	1604
CY207738.1	1664	1691	0	1	1	1691
CY207738.1	1917	2117	1	0	1	1917
CY207738.1	2088	2247	1	0	1	2088
CY207738.1	2312	2356	2	0	2	2312
CY207738.1	2332	2378	3	1	4	2332
CY207738.1	250	2413	1	0	1	250
CY207738.1	332	1228	1	0	1	332
CY207738.1	364	2165	1	0	1	364
CY207738.1	367	2217	0	1	1	2217
CY207738.1	367	2313	6	29	35	367
CY207738.1	369	2315	1	0	1	369
CY207738.1	373	2338	3	2	5	373
CY207738.1	397	2131	1	6	7	397
CY207738.1	408	2377	0	1	1	2377
CY207738.1	415	1902	0	2	2	1902
CY207738.1	418	2073	1	0	1	418
CY207738.1	419	2252	0	2	2	2252
CY207738.1	453	2256	0	3	3	2256
CY207738.1	476	2060	3	7	10	476
CY207738.1	477	2300	0	1	1	2300
CY207738.1	481	2153	1	3	4	481
CY207738.1	484	636	0	1	1	636
CY207738.1	494	2167	4	1	5	494
CY207738.1	564	2148	1	0	1	564
CY207738.1	567	2171	1	5	6	567
CY207738.1	579	1741	1	0	1	579
CY207738.1	606	2338	0	1	1	2338
CY207738.1	652	2114	1	0	1	652
CY207738.1	653	1902	2	1	3	653
CY207738.1	658	2119	0	1	1	2119
CY207738.1	685	1911	1	0	1	685
CY207738.1	688	1914	7	2	9	688
CY207738.1	706	1071	0	1	1	1071
CY207738.1	716	1774	0	1	1	1774
CY207738.1	777	1712	6	3	9	777
CY207738.1	801	2018	0	1	1	2018
CY207738.1	846	1852	2	0	2	846
CY207738.1	878	913	1	0	1	878
CY207738.1	879	2156	1	0	1	879
CY207738.1	896	1101	1	0	1	896
CY207738.1	899	1713	1	0	1	899
CY207738.1	899	1750	1	0	1	899
CY207738.1	901	1698	3	0	3	901
CY207738.1	904	1728	10	6	16	904
CY207738.1	988	1936	1	0	1	988
