Segment	Start	Stop	Forward_support	Reverse_support	Total_support	Fuzz_factor
CY207731.1	1042	1276	0	1	1	1276
CY207731.1	1066	1357	0	1	1	1357
CY207731.1	1133	1885	0	1	1	1885
CY207731.1	1172	1591	1	0	1	1172
CY207731.1	1184	1523	0	1	1	1523
CY207731.1	1194	1766	0	1	1	1766
CY207731.1	1246	1375	0	1	1	1375
CY207731.1	1262	1582	0	1	1	1582
CY207731.1	1265	1289	0	1	1	1289
CY207731.1	1273	1870	0	1	1	1870
CY207731.1	1283	1455	0	1	1	1455
CY207731.1	1306	1508	1	0	1	1306
CY207731.1	1308	1920	0	1	1	1920
CY207731.1	1348	1374	0	1	1	1374
CY207731.1	1376	1536	0	1	1	1536
CY207731.1	1413	1788	1	0	1	1413
CY207731.1	1433	1752	0	1	1	1752
CY207731.1	1461	1530	1	0	1	1461
CY207731.1	1478	1605	0	1	1	1605
CY207731.1	1519	1658	1	0	1	1519
CY207731.1	1669	1874	0	1	1	1874
CY207731.1	1695	1746	0	1	1	1746
CY207731.1	1805	1883	0	1	1	1883
CY207731.1	1847	1885	0	1	1	1885
CY207731.1	250	771	1	0	1	250
CY207731.1	276	1036	1	0	1	276
CY207731.1	285	1349	2	0	2	285
CY207731.1	291	1479	1	0	1	291
CY207731.1	293	1659	1	0	1	293
CY207731.1	310	435	0	1	1	435
CY207731.1	323	1116	0	1	1	1116
CY207731.1	324	1246	1	0	1	324
CY207731.1	364	1781	1	0	1	364
CY207731.1	369	1701	0	1	1	1701
CY207731.1	372	1499	1	0	1	372
CY207731.1	377	1756	0	1	1	1756
CY207731.1	379	1193	0	1	1	1193
CY207731.1	381	407	0	1	1	407
CY207731.1	393	982	1	0	1	393
CY207731.1	418	1273	1	0	1	418
CY207731.1	446	1153	0	1	1	1153
CY207731.1	446	874	0	1	1	874
CY207731.1	450	1533	0	1	1	1533
CY207731.1	468	525	1	0	1	468
CY207731.1	475	953	0	1	1	953
CY207731.1	477	985	1	2	3	477
CY207731.1	492	700	0	1	1	700
CY207731.1	494	999	0	1	1	999
CY207731.1	500	1458	0	1	1	1458
CY207731.1	500	547	0	1	1	547
CY207731.1	508	1020	0	1	1	1020
CY207731.1	519	1482	1	0	1	519
CY207731.1	523	1389	0	1	1	1389
CY207731.1	526	1608	1	0	1	526
CY207731.1	533	1503	1	2	3	533
CY207731.1	541	1517	0	1	1	1517
CY207731.1	542	1754	0	1	1	1754
CY207731.1	554	1398	0	1	1	1398
CY207731.1	561	1018	1	0	1	561
CY207731.1	561	1371	2	1	3	561
CY207731.1	565	1641	2	0	2	565
CY207731.1	566	1191	2	0	2	566
CY207731.1	568	1204	3	1	4	568
CY207731.1	569	1047	2	1	3	569
CY207731.1	578	1010	0	1	1	1010
CY207731.1	588	1206	1	0	1	588
CY207731.1	601	1579	1	0	1	601
CY207731.1	603	1188	1	0	1	603
CY207731.1	604	1289	0	1	1	1289
CY207731.1	609	1877	0	1	1	1877
CY207731.1	613	909	0	1	1	909
CY207731.1	624	680	0	1	1	680
CY207731.1	680	813	1	0	1	680
CY207731.1	688	1771	0	1	1	1771
CY207731.1	721	1632	0	1	1	1632
CY207731.1	734	1265	0	1	1	1265
CY207731.1	737	1304	1	1	2	737
CY207731.1	738	1517	1	1	2	738
CY207731.1	810	1418	1	0	1	810
CY207731.1	825	1501	0	1	1	1501
CY207731.1	826	1742	1	0	1	826
CY207731.1	831	1820	1	0	1	831
CY207731.1	834	1603	1	0	1	834
CY207731.1	836	1843	1	0	1	836
CY207731.1	842	1366	0	1	1	1366
CY207731.1	845	1521	1	1	2	845
CY207731.1	852	1416	0	1	1	1416
CY207731.1	919	1822	0	1	1	1822
CY207731.1	939	1388	0	1	1	1388
CY207731.1	948	1041	0	1	1	1041
CY207731.1	960	1450	0	1	1	1450
CY207731.1	995	1129	1	0	1	995
CY207732.1	1058	1168	0	1	1	1168
CY207732.1	254	548	1	0	1	254
CY207732.1	260	390	1	0	1	260
CY207732.1	263	659	1	0	1	263
CY207732.1	268	550	4	0	4	268
CY207732.1	269	476	1	0	1	269
CY207732.1	275	657	2	1	3	275
CY207732.1	275	848	5	0	5	275
CY207732.1	286	775	1	0	1	286
CY207732.1	293	1138	0	1	1	1138
CY207732.1	316	1048	1	0	1	316
CY207732.1	333	945	0	1	1	945
CY207732.1	338	1110	1	0	1	338
CY207732.1	338	460	1	0	1	338
CY207732.1	339	925	0	2	2	925
CY207732.1	340	475	0	1	1	475
CY207732.1	347	573	1	6	7	347
CY207732.1	350	776	1	0	1	350
CY207732.1	357	800	0	2	2	800
CY207732.1	359	607	1	0	1	359
CY207732.1	359	699	1	0	1	359
CY207732.1	362	568	1	0	1	362
CY207732.1	369	938	0	1	1	938
CY207732.1	373	891	0	1	1	891
CY207732.1	374	1004	0	1	1	1004
CY207732.1	407	790	0	1	1	790
CY207732.1	414	1061	0	1	1	1061
CY207732.1	431	1061	1	0	1	431
CY207732.1	434	737	0	1	1	737
CY207732.1	443	847	1	0	1	443
CY207732.1	445	680	1	2	3	445
CY207732.1	445	815	0	1	1	815
CY207732.1	445	863	0	2	2	863
CY207732.1	471	749	0	1	1	749
CY207732.1	482	1056	1	0	1	482
CY207732.1	488	557	1	0	1	488
CY207732.1	497	720	0	1	1	720
CY207732.1	516	907	0	2	2	907
CY207732.1	517	953	0	1	1	953
CY207732.1	523	763	1	0	1	523
CY207732.1	530	851	0	1	1	851
CY207732.1	532	672	0	1	1	672
CY207732.1	535	941	1	0	1	535
CY207732.1	538	821	0	1	1	821
CY207732.1	541	909	0	1	1	909
CY207732.1	549	897	0	1	1	897
CY207732.1	563	732	1	0	1	563
CY207732.1	566	716	0	1	1	716
CY207732.1	571	972	0	1	1	972
CY207732.1	585	925	0	1	1	925
CY207732.1	587	764	0	1	1	764
CY207732.1	589	862	1	0	1	589
CY207732.1	589	961	1	0	1	589
CY207732.1	593	1023	5	2	7	593
CY207732.1	597	953	0	1	1	953
CY207732.1	598	899	2	0	2	598
CY207732.1	599	731	1	0	1	599
CY207732.1	601	995	1	0	1	601
CY207732.1	602	862	1	1	2	602
CY207732.1	610	695	0	1	1	695
CY207732.1	615	908	3	0	3	615
CY207732.1	622	710	0	1	1	710
CY207732.1	626	733	0	1	1	733
CY207732.1	628	723	1	0	1	628
CY207732.1	629	662	1	0	1	629
CY207732.1	629	957	2	1	3	629
CY207732.1	630	958	1	0	1	630
CY207732.1	666	727	1	0	1	666
CY207732.1	679	815	0	3	3	815
CY207732.1	685	839	3	3	6	685
CY207732.1	718	860	3	5	8	718
CY207732.1	718	959	2	0	2	718
CY207732.1	721	862	1	0	1	721
CY207732.1	752	962	0	1	1	962
CY207732.1	753	897	0	1	1	897
CY207732.1	758	954	1	0	1	758
CY207732.1	783	1032	0	1	1	1032
CY207732.1	798	847	0	1	1	847
CY207732.1	798	852	1	1	2	798
CY207732.1	815	969	1	0	1	815
CY207732.1	817	866	1	1	2	817
CY207732.1	849	873	1	0	1	849
CY207732.1	877	967	1	0	1	877
CY207732.1	887	912	1	0	1	887
CY207732.1	926	1013	0	1	1	1013
CY207732.1	933	1019	1	0	1	933
CY207732.1	974	1019	0	1	1	1019
CY207733.1	1019	1413	1	0	1	1019
CY207733.1	1069	1247	1	0	1	1069
CY207733.1	1096	1284	1	0	1	1096
CY207733.1	1101	1206	1	0	1	1101
CY207733.1	1105	1208	0	1	1	1208
CY207733.1	1256	1487	1	0	1	1256
CY207733.1	1284	1436	0	1	1	1436
CY207733.1	1294	1485	3	1	4	1294
CY207733.1	1390	1459	1	0	1	1390
CY207733.1	276	951	1	0	1	276
CY207733.1	283	965	1	0	1	283
CY207733.1	296	1454	1	0	1	296
CY207733.1	351	565	0	1	1	565
CY207733.1	353	1236	1	1	2	353
CY207733.1	385	1419	2	1	3	385
CY207733.1	400	556	0	1	1	556
CY207733.1	404	1392	0	1	1	1392
CY207733.1	405	1387	1	1	2	405
CY207733.1	407	1433	0	1	1	1433
CY207733.1	469	1365	1	0	1	469
CY207733.1	472	1119	0	1	1	1119
CY207733.1	498	1098	1	0	1	498
CY207733.1	519	1172	0	1	1	1172
CY207733.1	520	560	0	1	1	560
CY207733.1	535	1146	1	0	1	535
CY207733.1	544	1070	1	0	1	544
CY207733.1	552	1319	2	1	3	552
CY207733.1	578	1081	1	0	1	578
CY207733.1	586	1065	1	0	1	586
CY207733.1	739	1169	1	0	1	739
CY207733.1	780	1447	0	1	1	1447
CY207733.1	791	913	0	1	1	913
CY207733.1	865	1379	1	0	1	865
CY207733.1	878	1254	0	1	1	1254
CY207733.1	943	1283	1	1	2	943
CY207733.1	954	1171	1	0	1	954
CY207734.1	1023	1442	0	1	1	1442
CY207734.1	1029	1081	0	1	1	1081
CY207734.1	1091	1368	1	0	1	1091
CY207734.1	1281	1304	1	0	1	1281
CY207734.1	1345	1564	0	1	1	1564
CY207734.1	1392	1547	1	0	1	1392
CY207734.1	1421	1544	1	0	1	1421
CY207734.1	1428	1464	0	1	1	1464
CY207734.1	1442	1566	1	1	2	1442
CY207734.1	1443	1567	0	1	1	1567
CY207734.1	265	619	1	0	1	265
CY207734.1	272	304	1	0	1	272
CY207734.1	275	721	1	0	1	275
CY207734.1	313	1042	2	0	2	313
CY207734.1	342	388	1	1	2	342
CY207734.1	363	1423	1	0	1	363
CY207734.1	364	1034	1	0	1	364
CY207734.1	382	824	0	1	1	824
CY207734.1	384	1562	2	3	5	384
CY207734.1	388	1489	0	1	1	1489
CY207734.1	419	1290	1	0	1	419
CY207734.1	426	1562	1	1	2	426
CY207734.1	461	1589	1	0	1	461
CY207734.1	485	1045	0	1	1	1045
CY207734.1	508	558	0	1	1	558
CY207734.1	521	1044	1	0	1	521
CY207734.1	521	841	1	0	1	521
CY207734.1	529	879	1	0	1	529
CY207734.1	559	1565	1	0	1	559
CY207734.1	593	1581	0	1	1	1581
CY207734.1	622	1564	1	0	1	622
CY207734.1	625	813	1	0	1	625
CY207734.1	634	1136	0	1	1	1136
CY207734.1	678	1306	1	0	1	678
CY207734.1	678	1468	0	1	1	1468
CY207734.1	684	1397	1	0	1	684
CY207734.1	691	1327	0	1	1	1327
CY207734.1	697	1129	1	0	1	697
CY207734.1	703	1379	1	0	1	703
CY207734.1	713	757	1	0	1	713
CY207734.1	723	1149	1	0	1	723
CY207734.1	761	1522	0	1	1	1522
CY207734.1	774	1601	0	1	1	1601
CY207734.1	781	1033	2	0	2	781
CY207734.1	794	1230	0	1	1	1230
CY207734.1	820	1385	0	2	2	1385
CY207734.1	825	902	1	0	1	825
CY207734.1	830	957	0	1	1	957
CY207734.1	859	1202	0	1	1	1202
CY207734.1	862	1116	0	1	1	1116
CY207734.1	867	1046	0	1	1	1046
CY207734.1	871	1018	1	0	1	871
CY207734.1	891	1681	0	1	1	1681
CY207734.1	916	1188	0	1	1	1188
CY207734.1	931	1289	1	0	1	931
CY207734.1	934	1166	0	1	1	1166
CY207734.1	958	1028	1	0	1	958
CY207734.1	978	1010	1	0	1	978
CY207734.1	984	1491	1	0	1	984
CY207735.1	250	955	1	0	1	250
CY207735.1	282	963	1	0	1	282
CY207735.1	283	964	7	0	7	283
CY207735.1	287	984	4	0	4	287
CY207735.1	350	865	0	8	8	865
CY207735.1	427	840	1	0	1	427
CY207735.1	432	849	0	3	3	849
CY207735.1	437	778	0	1	1	778
CY207735.1	454	780	0	1	1	780
CY207735.1	511	740	7	9	16	511
CY207735.1	697	892	0	1	1	892
CY207736.1	1038	1333	1	0	1	1038
CY207736.1	1071	1978	1	2	3	1071
CY207736.1	1092	2294	0	1	1	2294
CY207736.1	1113	1607	0	1	1	1607
CY207736.1	1204	2079	0	1	1	2079
CY207736.1	1213	1699	1	0	1	1213
CY207736.1	1253	2115	1	0	1	1253
CY207736.1	1257	2174	0	1	1	2174
CY207736.1	1258	1647	3	1	4	1258
CY207736.1	1283	2034	1	0	1	1283
CY207736.1	1317	1979	0	1	1	1979
CY207736.1	1359	1543	0	1	1	1543
CY207736.1	1375	1995	0	1	1	1995
CY207736.1	1383	1622	0	1	1	1622
CY207736.1	1383	2069	0	1	1	2069
CY207736.1	1386	1742	0	1	1	1742
CY207736.1	1403	2280	0	1	1	2280
CY207736.1	1544	2007	1	0	1	1544
CY207736.1	1567	2018	0	1	1	2018
CY207736.1	1567	2204	0	2	2	2204
CY207736.1	1699	2051	0	1	1	2051
CY207736.1	1706	2297	0	1	1	2297
CY207736.1	1802	1871	2	7	9	1802
CY207736.1	1947	1997	0	1	1	1997
CY207736.1	2013	2074	1	0	1	2013
CY207736.1	2101	2266	0	2	2	2266
CY207736.1	2118	2171	2	0	2	2118
CY207736.1	2129	2209	3	4	7	2129
CY207736.1	2132	2170	1	0	1	2132
CY207736.1	2267	2342	0	2	2	2342
CY207736.1	257	306	1	0	1	257
CY207736.1	263	1498	1	0	1	263
CY207736.1	268	334	2	0	2	268
CY207736.1	282	1398	1	0	1	282
CY207736.1	283	2172	1	0	1	283
CY207736.1	290	977	1	0	1	290
CY207736.1	313	827	0	1	1	827
CY207736.1	331	368	0	2	2	368
CY207736.1	333	2215	1	0	1	333
CY207736.1	334	2064	0	5	5	2064
CY207736.1	359	2061	0	3	3	2061
CY207736.1	359	2133	0	1	1	2133
CY207736.1	359	442	0	3	3	442
CY207736.1	361	1323	1	0	1	361
CY207736.1	363	2133	1	3	4	363
CY207736.1	367	2141	2	7	9	367
CY207736.1	368	2190	0	1	1	2190
CY207736.1	386	2216	1	1	2	386
CY207736.1	392	2150	1	11	12	392
CY207736.1	397	2149	0	1	1	2149
CY207736.1	400	2133	0	5	5	2133
CY207736.1	406	2156	0	5	5	2156
CY207736.1	426	2108	1	0	1	426
CY207736.1	430	2141	0	1	1	2141
CY207736.1	433	2144	0	1	1	2144
CY207736.1	441	471	0	1	1	471
CY207736.1	444	1732	1	0	1	444
CY207736.1	448	2132	2	5	7	448
CY207736.1	452	969	1	0	1	452
CY207736.1	455	2029	0	1	1	2029
CY207736.1	462	2158	0	1	1	2158
CY207736.1	467	2134	0	1	1	2134
CY207736.1	480	1881	0	1	1	1881
CY207736.1	500	2148	0	1	1	2148
CY207736.1	512	2064	0	1	1	2064
CY207736.1	523	1920	1	0	1	523
CY207736.1	528	1891	1	0	1	528
CY207736.1	538	1931	1	2	3	538
CY207736.1	547	1951	5	0	5	547
CY207736.1	548	2009	2	0	2	548
CY207736.1	552	2011	1	1	2	552
CY207736.1	564	904	1	0	1	564
CY207736.1	576	1999	0	1	1	1999
CY207736.1	586	2105	0	1	1	2105
CY207736.1	596	2002	1	2	3	596
CY207736.1	613	653	1	0	1	613
CY207736.1	618	1852	1	0	1	618
CY207736.1	620	2030	14	7	21	620
CY207736.1	620	807	1	0	1	620
CY207736.1	622	989	0	1	1	989
CY207736.1	651	1856	0	1	1	1856
CY207736.1	671	1481	1	0	1	671
CY207736.1	675	1959	1	0	1	675
CY207736.1	677	772	1	0	1	677
CY207736.1	678	1955	1	0	1	678
CY207736.1	681	1920	1	0	1	681
CY207736.1	691	1856	1	0	1	691
CY207736.1	695	760	0	1	1	760
CY207736.1	699	1995	6	10	16	699
CY207736.1	703	2262	0	1	1	2262
CY207736.1	711	1995	0	2	2	1995
CY207736.1	715	2000	0	1	1	2000
CY207736.1	723	1994	0	1	1	1994
CY207736.1	728	2279	2	0	2	728
CY207736.1	731	1827	1	1	2	731
CY207736.1	740	1716	1	0	1	740
CY207736.1	742	2297	0	1	1	2297
CY207736.1	746	1441	0	1	1	1441
CY207736.1	753	1783	1	0	1	753
CY207736.1	757	1785	1	0	1	757
CY207736.1	760	1011	1	0	1	760
CY207736.1	760	1828	10	3	13	760
CY207736.1	767	1952	2	3	5	767
CY207736.1	771	2047	0	1	1	2047
CY207736.1	773	1813	1	1	2	773
CY207736.1	776	1786	1	0	1	776
CY207736.1	787	1694	0	1	1	1694
CY207736.1	787	1744	1	0	1	787
CY207736.1	807	1834	0	1	1	1834
CY207736.1	815	1705	0	1	1	1705
CY207736.1	819	1778	18	9	27	819
CY207736.1	828	1738	0	2	2	1738
CY207736.1	835	1867	1	0	1	835
CY207736.1	844	1198	1	0	1	844
CY207736.1	844	1825	0	1	1	1825
CY207736.1	851	1667	0	1	1	1667
CY207736.1	858	1835	7	3	10	858
CY207736.1	875	2132	1	0	1	875
CY207736.1	891	1838	1	0	1	891
CY207736.1	896	1625	0	1	1	1625
CY207736.1	897	1975	1	2	3	897
CY207736.1	912	1585	1	0	1	912
CY207736.1	936	1487	0	1	1	1487
CY207736.1	940	989	1	0	1	940
CY207736.1	954	1569	1	0	1	954
CY207737.1	1026	1638	1	0	1	1026
CY207737.1	1033	2233	0	1	1	2233
CY207737.1	1036	1594	1	2	3	1036
CY207737.1	1047	1588	0	1	1	1588
CY207737.1	1089	2480	0	1	1	2480
CY207737.1	1111	1393	1	0	1	1111
CY207737.1	1194	1246	1	0	1	1194
CY207737.1	1230	2434	1	0	1	1230
CY207737.1	1370	2132	0	1	1	2132
CY207737.1	1413	1446	0	1	1	1446
CY207737.1	1593	2027	0	1	1	2027
CY207737.1	1630	1841	1	0	1	1630
CY207737.1	1719	2390	1	0	1	1719
CY207737.1	1926	2220	0	1	1	2220
CY207737.1	1931	2311	1	0	1	1931
CY207737.1	2152	2209	0	1	1	2209
CY207737.1	2184	2226	1	1	2	2184
CY207737.1	2321	2451	0	2	2	2451
CY207737.1	2413	2450	0	1	1	2450
CY207737.1	247	2325	2	0	2	247
CY207737.1	288	2412	1	0	1	288
CY207737.1	326	2204	1	1	2	326
CY207737.1	333	394	1	0	1	333
CY207737.1	341	2358	1	0	1	341
CY207737.1	341	614	1	0	1	341
CY207737.1	405	432	0	1	1	432
CY207737.1	425	2214	0	1	1	2214
CY207737.1	477	2199	0	1	1	2199
CY207737.1	536	2076	1	0	1	536
CY207737.1	542	2135	2	0	2	542
CY207737.1	669	851	0	1	1	851
CY207737.1	689	2019	1	0	1	689
CY207737.1	724	1911	2	13	15	724
CY207737.1	745	1331	1	0	1	745
CY207737.1	753	1155	0	1	1	1155
CY207737.1	763	2306	1	0	1	763
CY207737.1	776	1809	0	1	1	1809
CY207737.1	871	2159	0	1	1	2159
CY207737.1	879	1084	1	0	1	879
CY207737.1	897	959	1	0	1	897
CY207737.1	912	1955	0	1	1	1955
CY207737.1	917	1653	1	0	1	917
CY207737.1	953	1331	0	1	1	1331
CY207738.1	1009	1095	1	0	1	1009
CY207738.1	1009	1696	0	1	1	1696
CY207738.1	1017	1058	0	1	1	1058
CY207738.1	1020	1841	7	7	14	1020
CY207738.1	1021	2336	0	1	1	2336
CY207738.1	1069	2256	0	1	1	2256
CY207738.1	1124	2330	2	2	4	1124
CY207738.1	1135	1576	0	1	1	1576
CY207738.1	1149	1173	0	1	1	1173
CY207738.1	1149	1673	0	1	1	1673
CY207738.1	1181	1204	0	1	1	1204
CY207738.1	1223	2447	0	1	1	2447
CY207738.1	1239	2307	0	1	1	2307
CY207738.1	1246	2172	1	0	1	1246
CY207738.1	1252	1569	0	1	1	1569
CY207738.1	1365	1449	2	0	2	1365
CY207738.1	1386	2283	1	0	1	1386
CY207738.1	1393	2039	0	1	1	2039
CY207738.1	1459	1799	0	1	1	1799
CY207738.1	1474	2229	1	0	1	1474
CY207738.1	1476	1705	0	1	1	1705
CY207738.1	1516	1579	0	1	1	1579
CY207738.1	1571	2175	0	1	1	2175
CY207738.1	1736	2380	1	0	1	1736
CY207738.1	1768	2184	1	0	1	1768
CY207738.1	1771	2330	0	1	1	2330
CY207738.1	1836	2116	0	1	1	2116
CY207738.1	1843	1868	0	1	1	1868
CY207738.1	1914	1957	0	1	1	1957
CY207738.1	2097	2294	0	1	1	2294
CY207738.1	241	1198	1	0	1	241
CY207738.1	269	1342	1	0	1	269
CY207738.1	282	2033	1	0	1	282
CY207738.1	282	2335	1	0	1	282
CY207738.1	312	467	1	1	2	312
CY207738.1	321	1029	0	1	1	1029
CY207738.1	332	1228	1	0	1	332
CY207738.1	367	2311	1	6	7	367
CY207738.1	371	2313	4	5	9	371
CY207738.1	385	2281	0	1	1	2281
CY207738.1	390	1045	0	1	1	1045
CY207738.1	391	2171	0	2	2	2171
CY207738.1	394	1668	1	0	1	394
CY207738.1	396	1053	1	0	1	396
CY207738.1	398	2269	0	3	3	2269
CY207738.1	410	2157	0	1	1	2157
CY207738.1	419	2319	0	2	2	2319
CY207738.1	443	1167	1	0	1	443
CY207738.1	443	1966	0	1	1	1966
CY207738.1	464	2217	1	1	2	464
CY207738.1	465	2146	0	1	1	2146
CY207738.1	467	1423	1	0	1	467
CY207738.1	503	2212	1	1	2	503
CY207738.1	509	2336	1	1	2	509
CY207738.1	516	1645	1	0	1	516
CY207738.1	525	2182	1	1	2	525
CY207738.1	525	2188	1	0	1	525
CY207738.1	526	805	1	0	1	526
CY207738.1	527	1346	0	1	1	1346
CY207738.1	531	1678	1	0	1	531
CY207738.1	532	1111	1	0	1	532
CY207738.1	570	1366	0	1	1	1366
CY207738.1	602	1740	0	1	1	1740
CY207738.1	611	1679	1	0	1	611
CY207738.1	643	1179	1	0	1	643
CY207738.1	646	1203	0	1	1	1203
CY207738.1	743	1731	1	0	1	743
CY207738.1	746	1765	2	0	2	746
CY207738.1	770	1832	1	0	1	770
CY207738.1	773	875	1	0	1	773
CY207738.1	795	2200	0	1	1	2200
CY207738.1	797	2325	2	0	2	797
CY207738.1	815	1671	1	0	1	815
CY207738.1	829	1361	0	1	1	1361
CY207738.1	858	1833	1	0	1	858
CY207738.1	869	1852	13	12	25	869
CY207738.1	870	2204	0	1	1	2204
CY207738.1	883	1888	1	1	2	883
CY207738.1	899	1692	1	0	1	899
CY207738.1	899	1887	0	1	1	1887
CY207738.1	915	964	0	1	1	964
CY207738.1	918	1756	1	1	2	918
CY207738.1	975	2146	0	1	1	2146
