Segment	Start	Stop	Forward_support	Reverse_support	Total_support	Fuzz_factor
CY207731.1	1063	1513	1	0	1	1063
CY207731.1	1085	1123	0	1	1	1123
CY207731.1	1108	1241	1	0	1	1108
CY207731.1	1149	1333	1	0	1	1149
CY207731.1	1164	1210	0	1	1	1210
CY207731.1	1164	1486	0	1	1	1486
CY207731.1	1261	1410	0	1	1	1410
CY207731.1	1264	1726	0	1	1	1726
CY207731.1	1264	1787	1	0	1	1264
CY207731.1	1314	1910	0	1	1	1910
CY207731.1	1387	1781	0	1	1	1781
CY207731.1	1493	1561	0	1	1	1561
CY207731.1	1671	1807	1	1	2	1671
CY207731.1	245	1334	1	0	1	245
CY207731.1	368	1797	0	5	5	1797
CY207731.1	384	1589	0	2	2	1589
CY207731.1	398	1293	1	0	1	398
CY207731.1	458	1697	1	0	1	458
CY207731.1	480	659	0	1	1	659
CY207731.1	490	1804	1	0	1	490
CY207731.1	508	819	1	0	1	508
CY207731.1	565	1641	0	1	1	1641
CY207731.1	568	1204	4	8	12	568
CY207731.1	570	1780	0	1	1	1780
CY207731.1	574	601	2	4	6	574
CY207731.1	576	1201	2	1	3	576
CY207731.1	581	1746	1	0	1	581
CY207731.1	587	1755	0	1	1	1755
CY207731.1	625	1140	0	1	1	1140
CY207731.1	644	1421	2	3	5	644
CY207731.1	647	969	0	1	1	969
CY207731.1	690	1277	0	1	1	1277
CY207731.1	723	1128	0	1	1	1128
CY207731.1	726	1032	1	0	1	726
CY207731.1	740	1151	1	0	1	740
CY207731.1	781	1704	1	0	1	781
CY207731.1	789	1799	0	1	1	1799
CY207731.1	813	1035	0	1	1	1035
CY207731.1	815	840	1	0	1	815
CY207731.1	845	1229	0	1	1	1229
CY207731.1	857	907	1	0	1	857
CY207731.1	910	1367	0	1	1	1367
CY207731.1	914	1429	0	1	1	1429
CY207731.1	948	1655	0	1	1	1655
CY207731.1	970	1301	0	1	1	1301
CY207732.1	235	1065	1	0	1	235
CY207732.1	265	1002	1	0	1	265
CY207732.1	312	885	1	0	1	312
CY207732.1	356	890	1	0	1	356
CY207732.1	366	661	0	1	1	661
CY207732.1	370	547	1	0	1	370
CY207732.1	384	425	0	1	1	425
CY207732.1	392	642	0	1	1	642
CY207732.1	403	555	0	1	1	555
CY207732.1	404	565	0	1	1	565
CY207732.1	413	913	0	1	1	913
CY207732.1	422	909	0	1	1	909
CY207732.1	434	678	0	11	11	678
CY207732.1	442	892	0	1	1	892
CY207732.1	471	518	0	1	1	518
CY207732.1	471	728	0	1	1	728
CY207732.1	483	507	0	1	1	507
CY207732.1	592	675	1	0	1	592
CY207732.1	593	1023	3	1	4	593
CY207732.1	603	981	1	0	1	603
CY207732.1	606	809	1	0	1	606
CY207732.1	622	777	1	0	1	622
CY207732.1	651	1063	1	0	1	651
CY207732.1	679	815	1	7	8	679
CY207732.1	681	715	0	1	1	715
CY207732.1	699	888	1	0	1	699
CY207732.1	709	925	1	0	1	709
CY207732.1	712	819	1	0	1	712
CY207732.1	715	965	2	2	4	715
CY207732.1	718	860	3	4	7	718
CY207732.1	817	866	2	2	4	817
CY207732.1	818	854	1	0	1	818
CY207732.1	850	879	0	1	1	879
CY207732.1	880	947	1	0	1	880
CY207732.1	919	1016	1	0	1	919
CY207732.1	923	1017	1	0	1	923
CY207732.1	924	1040	0	1	1	1040
CY207733.1	1003	1142	2	2	4	1003
CY207733.1	1025	1224	0	1	1	1224
CY207733.1	1036	1329	0	1	1	1329
CY207733.1	1105	1208	0	1	1	1208
CY207733.1	1136	1556	0	1	1	1556
CY207733.1	1140	1571	0	1	1	1571
CY207733.1	1178	1209	1	0	1	1178
CY207733.1	1246	1491	0	1	1	1491
CY207733.1	1294	1485	1	1	2	1294
CY207733.1	1297	1361	0	1	1	1361
CY207733.1	1300	1498	1	1	2	1300
CY207733.1	1338	1399	1	0	1	1338
CY207733.1	1400	1552	0	1	1	1552
CY207733.1	1492	1526	1	1	2	1492
CY207733.1	1521	1554	0	2	2	1554
CY207733.1	235	1436	42	0	42	235
CY207733.1	248	1067	2	0	2	248
CY207733.1	251	1362	2	0	2	251
CY207733.1	283	1206	1	0	1	283
CY207733.1	294	1229	1	0	1	294
CY207733.1	300	1236	3	11	14	300
CY207733.1	324	1397	2	1	3	324
CY207733.1	329	1402	42	64	106	329
CY207733.1	331	1481	0	2	2	1481
CY207733.1	337	1402	0	6	6	1402
CY207733.1	365	1475	0	1	1	1475
CY207733.1	377	750	0	1	1	750
CY207733.1	385	1392	0	1	1	1392
CY207733.1	403	1143	0	1	1	1143
CY207733.1	406	666	0	1	1	666
CY207733.1	451	716	0	1	1	716
CY207733.1	461	531	0	1	1	531
CY207733.1	471	1423	1	0	1	471
CY207733.1	478	511	0	1	1	511
CY207733.1	520	618	1	0	1	520
CY207733.1	554	1221	4	7	11	554
CY207733.1	557	1302	1	0	1	557
CY207733.1	568	716	1	0	1	568
CY207733.1	598	1159	1	0	1	598
CY207733.1	755	795	0	1	1	795
CY207733.1	798	1398	0	1	1	1398
CY207733.1	843	1526	1	0	1	843
CY207733.1	864	1297	0	1	1	1297
CY207733.1	883	943	0	2	2	943
CY207733.1	913	947	0	11	11	947
CY207733.1	954	1171	2	2	4	954
CY207733.1	955	1022	0	1	1	1022
CY207733.1	973	1521	1	0	1	973
CY207733.1	989	1179	1	0	1	989
CY207734.1	1004	1192	0	1	1	1192
CY207734.1	1012	1084	1	0	1	1012
CY207734.1	1036	1233	1	0	1	1036
CY207734.1	1160	1343	1	0	1	1160
CY207734.1	1217	1598	0	1	1	1598
CY207734.1	1335	1404	4	2	6	1335
CY207734.1	1346	1371	1	0	1	1346
CY207734.1	1357	1708	0	1	1	1708
CY207734.1	1415	1604	1	0	1	1415
CY207734.1	1418	1443	1	0	1	1418
CY207734.1	1442	1566	4	0	4	1442
CY207734.1	1475	1511	0	1	1	1511
CY207734.1	246	603	3	0	3	246
CY207734.1	273	949	1	0	1	273
CY207734.1	275	805	1	0	1	275
CY207734.1	290	1313	1	0	1	290
CY207734.1	339	366	0	1	1	366
CY207734.1	340	1699	0	1	1	1699
CY207734.1	352	524	1	0	1	352
CY207734.1	353	1344	1	0	1	353
CY207734.1	353	524	1	1	2	353
CY207734.1	354	865	0	1	1	865
CY207734.1	359	1285	0	1	1	1285
CY207734.1	386	1539	0	1	1	1539
CY207734.1	421	940	0	1	1	940
CY207734.1	423	552	1	8	9	423
CY207734.1	425	1152	0	1	1	1152
CY207734.1	427	1435	1	0	1	427
CY207734.1	427	579	0	1	1	579
CY207734.1	432	1022	0	1	1	1022
CY207734.1	432	1440	0	1	1	1440
CY207734.1	440	957	1	1	2	440
CY207734.1	444	1697	0	1	1	1697
CY207734.1	444	565	0	1	1	565
CY207734.1	456	1681	0	1	1	1681
CY207734.1	457	1683	0	1	1	1683
CY207734.1	463	603	0	1	1	603
CY207734.1	464	584	0	1	1	584
CY207734.1	476	1348	5	13	18	476
CY207734.1	478	939	0	1	1	939
CY207734.1	480	989	0	1	1	989
CY207734.1	486	1428	1	12	13	486
CY207734.1	504	547	1	0	1	504
CY207734.1	521	841	0	4	4	841
CY207734.1	559	784	1	0	1	559
CY207734.1	561	839	1	0	1	561
CY207734.1	579	1426	1	1	2	579
CY207734.1	595	1273	1	0	1	595
CY207734.1	610	1460	0	1	1	1460
CY207734.1	653	1541	0	1	1	1541
CY207734.1	660	1383	0	1	1	1383
CY207734.1	716	1243	1	3	4	716
CY207734.1	720	1357	0	1	1	1357
CY207734.1	756	1297	0	1	1	1297
CY207734.1	768	1014	1	0	1	768
CY207734.1	794	1076	0	1	1	1076
CY207734.1	810	958	1	0	1	810
CY207734.1	832	1144	1	0	1	832
CY207734.1	841	1622	0	1	1	1622
CY207734.1	843	1368	0	3	3	1368
CY207734.1	898	1085	0	1	1	1085
CY207734.1	905	1204	2	0	2	905
CY207734.1	906	1079	0	1	1	1079
CY207734.1	936	1559	0	1	1	1559
CY207734.1	951	1373	3	2	5	951
CY207734.1	971	1042	0	1	1	1042
CY207735.1	238	610	4	0	4	238
CY207735.1	273	385	4	0	4	273
CY207735.1	277	392	1	0	1	277
CY207735.1	302	741	1	1	2	302
CY207735.1	308	840	2	2	4	308
CY207735.1	316	357	0	1	1	357
CY207735.1	364	865	0	1	1	865
CY207735.1	371	865	0	1	1	865
CY207735.1	372	858	0	1	1	858
CY207735.1	406	969	0	1	1	969
CY207735.1	456	711	1	0	1	456
CY207735.1	494	616	0	1	1	616
CY207735.1	511	740	8	48	56	511
CY207735.1	519	746	0	1	1	746
CY207735.1	540	563	0	1	1	563
CY207735.1	642	762	0	1	1	762
CY207735.1	776	965	1	2	3	776
CY207736.1	1033	1069	0	1	1	1069
CY207736.1	1071	1978	1	0	1	1071
CY207736.1	1071	2221	0	2	2	2221
CY207736.1	1076	2330	0	1	1	2330
CY207736.1	1085	1525	0	3	3	1525
CY207736.1	1093	1973	1	0	1	1093
CY207736.1	1095	2005	2	4	6	1095
CY207736.1	1150	2164	0	1	1	2164
CY207736.1	1154	1936	0	1	1	1936
CY207736.1	1172	2032	1	0	1	1172
CY207736.1	1237	1940	1	0	1	1237
CY207736.1	1244	1343	1	0	1	1244
CY207736.1	1258	1647	0	2	2	1647
CY207736.1	1261	1283	0	1	1	1283
CY207736.1	1276	2297	0	1	1	2297
CY207736.1	1326	1416	1	0	1	1326
CY207736.1	1391	1468	0	1	1	1468
CY207736.1	1425	2242	1	0	1	1425
CY207736.1	1566	1995	1	5	6	1566
CY207736.1	1631	1693	1	0	1	1631
CY207736.1	1704	1744	0	2	2	1744
CY207736.1	1782	1862	1	0	1	1782
CY207736.1	1803	1914	1	0	1	1803
CY207736.1	1825	1856	0	2	2	1856
CY207736.1	1829	1867	1	1	2	1829
CY207736.1	1897	2135	0	1	1	2135
CY207736.1	1939	1973	2	1	3	1939
CY207736.1	1945	2127	0	1	1	2127
CY207736.1	2004	2027	2	5	7	2004
CY207736.1	2075	2109	0	1	1	2109
CY207736.1	2086	2123	1	0	1	2086
CY207736.1	2096	2143	0	1	1	2143
CY207736.1	2111	2140	1	0	1	2111
CY207736.1	2112	2144	4	14	18	2112
CY207736.1	2121	2145	0	1	1	2145
CY207736.1	2121	2172	2	0	2	2121
CY207736.1	2122	2282	0	1	1	2282
CY207736.1	2128	2152	1	0	1	2128
CY207736.1	2130	2172	2	0	2	2130
CY207736.1	2132	2156	4	8	12	2132
CY207736.1	2141	2267	0	4	4	2267
CY207736.1	2144	2169	1	0	1	2144
CY207736.1	2146	2171	117	237	354	2146
CY207736.1	2153	2187	3	3	6	2153
CY207736.1	2161	2184	0	1	1	2184
CY207736.1	2161	2215	5	2	7	2161
CY207736.1	2172	2215	1	0	1	2172
CY207736.1	2176	2198	2	0	2	2176
CY207736.1	2182	2245	1	0	1	2182
CY207736.1	2185	2226	10	0	10	2185
CY207736.1	2190	2215	3	1	4	2190
CY207736.1	2193	2225	2	0	2	2193
CY207736.1	2198	2231	1	1	2	2198
CY207736.1	2208	2246	12	0	12	2208
CY207736.1	2214	2250	187	66	253	2214
CY207736.1	2214	2258	0	2	2	2258
CY207736.1	2221	2264	6	97	103	2221
CY207736.1	2221	2282	0	2	2	2282
CY207736.1	250	830	1	0	1	250
CY207736.1	269	2042	3	0	3	269
CY207736.1	271	2174	1	0	1	271
CY207736.1	277	1713	2	0	2	277
CY207736.1	283	327	1	0	1	283
CY207736.1	283	362	1	0	1	283
CY207736.1	286	1285	1	0	1	286
CY207736.1	286	2148	2	0	2	286
CY207736.1	286	2212	1	1	2	286
CY207736.1	287	311	19	1	20	287
CY207736.1	288	360	1	0	1	288
CY207736.1	288	370	3	1	4	288
CY207736.1	288	381	1	0	1	288
CY207736.1	290	326	1	0	1	290
CY207736.1	291	556	2	0	2	291
CY207736.1	292	406	1	0	1	292
CY207736.1	303	2058	1	0	1	303
CY207736.1	310	2140	0	1	1	2140
CY207736.1	318	2156	0	5	5	2156
CY207736.1	320	2279	0	1	1	2279
CY207736.1	321	2215	1	1	2	321
CY207736.1	325	2132	0	1	1	2132
CY207736.1	325	2210	2	1	3	325
CY207736.1	326	2150	1	1	2	326
CY207736.1	327	2146	1	8	9	327
CY207736.1	330	2167	2	1	3	330
CY207736.1	333	2215	1	1	2	333
CY207736.1	334	2148	1	19	20	334
CY207736.1	334	2153	1	11	12	334
CY207736.1	334	2163	0	1	1	2163
CY207736.1	334	2210	2	1	3	334
CY207736.1	334	2244	1	1	2	334
CY207736.1	335	2142	0	8	8	2142
CY207736.1	337	2217	3	13	16	337
CY207736.1	337	2248	1	0	1	337
CY207736.1	341	2139	1	0	1	341
CY207736.1	345	2162	0	5	5	2162
CY207736.1	346	2226	1	3	4	346
CY207736.1	347	2086	1	2	3	347
CY207736.1	348	2170	0	2	2	2170
CY207736.1	356	2115	0	1	1	2115
CY207736.1	358	2153	0	5	5	2153
CY207736.1	359	2153	0	1	1	2153
CY207736.1	359	2155	0	1	1	2155
CY207736.1	359	2182	0	6	6	2182
CY207736.1	359	410	0	3	3	410
CY207736.1	360	2155	130	814	944	360
CY207736.1	360	382	1	0	1	360
CY207736.1	360	500	0	1	1	500
CY207736.1	362	2157	0	5	5	2157
CY207736.1	362	2215	3	11	14	362
CY207736.1	363	2153	3	19	22	363
CY207736.1	363	388	1	6	7	363
CY207736.1	363	413	0	7	7	413
CY207736.1	364	2171	0	9	9	2171
CY207736.1	367	2160	1	48	49	367
CY207736.1	367	2170	1	6	7	367
CY207736.1	367	391	13	1	14	367
CY207736.1	369	2133	1	11	12	369
CY207736.1	369	2136	17	170	187	369
CY207736.1	370	2171	32	188	220	370
CY207736.1	375	2177	2	25	27	375
CY207736.1	375	404	0	1	1	404
CY207736.1	379	2185	1	14	15	379
CY207736.1	380	407	0	3	3	407
CY207736.1	383	2177	0	40	40	2177
CY207736.1	384	2064	6	4	10	384
CY207736.1	385	2031	0	3	3	2031
CY207736.1	385	2184	0	7	7	2184
CY207736.1	385	2187	12	30	42	385
CY207736.1	386	2131	18	202	220	386
CY207736.1	386	2144	0	11	11	2144
CY207736.1	387	2189	0	3	3	2189
CY207736.1	388	2133	0	7	7	2133
CY207736.1	391	2183	0	22	22	2183
CY207736.1	392	472	1	0	1	392
CY207736.1	397	2189	0	15	15	2189
CY207736.1	400	2153	0	2	2	2153
CY207736.1	400	2198	1	0	1	400
CY207736.1	402	2143	1	36	37	402
CY207736.1	402	2270	1	1	2	402
CY207736.1	403	1871	1	1	2	403
CY207736.1	403	2064	1	7	8	403
CY207736.1	403	2075	0	12	12	2075
CY207736.1	404	2164	0	39	39	2164
CY207736.1	405	2041	2	15	17	405
CY207736.1	405	2215	2	6	8	405
CY207736.1	405	2245	1	3	4	405
CY207736.1	407	1562	0	1	1	1562
CY207736.1	408	2134	0	3	3	2134
CY207736.1	409	1934	1	0	1	409
CY207736.1	409	2141	0	11	11	2141
CY207736.1	409	437	0	1	1	437
CY207736.1	412	2072	1	0	1	412
CY207736.1	412	2192	2	12	14	412
CY207736.1	414	2215	34	0	34	414
CY207736.1	415	455	2	0	2	415
CY207736.1	416	2145	1	2	3	416
CY207736.1	418	2137	0	3	3	2137
CY207736.1	418	2221	2	1	3	418
CY207736.1	421	2184	0	1	1	2184
CY207736.1	421	2224	561	280	841	421
CY207736.1	422	2225	0	1	1	2225
CY207736.1	427	2140	16	159	175	427
CY207736.1	432	2088	0	11	11	2088
CY207736.1	432	2135	1	4	5	432
CY207736.1	432	454	2	1	3	432
CY207736.1	436	2230	3	0	3	436
CY207736.1	437	2149	0	6	6	2149
CY207736.1	439	2031	2	0	2	439
CY207736.1	441	2064	46	74	120	441
CY207736.1	441	2161	0	3	3	2161
CY207736.1	443	485	3	0	3	443
CY207736.1	448	2063	2	6	8	448
CY207736.1	449	2144	5	10	15	449
CY207736.1	451	2012	2	4	6	451
CY207736.1	453	2104	3	4	7	453
CY207736.1	454	2030	1	2	3	454
CY207736.1	454	2153	1	1	2	454
CY207736.1	454	565	0	2	2	565
CY207736.1	459	501	1	7	8	459
CY207736.1	460	2000	1	0	1	460
CY207736.1	461	1487	1	0	1	461
CY207736.1	462	2241	1	0	1	462
CY207736.1	464	2242	1	0	1	464
CY207736.1	465	1705	0	1	1	1705
CY207736.1	465	2171	0	1	1	2171
CY207736.1	466	1962	1	0	1	466
CY207736.1	466	2011	1	1	2	466
CY207736.1	469	1968	1	0	1	469
CY207736.1	470	2040	2	0	2	470
CY207736.1	470	513	1	0	1	470
CY207736.1	473	2029	2	0	2	473
CY207736.1	473	2035	1	1	2	473
CY207736.1	473	2072	1	0	1	473
CY207736.1	475	2076	9	34	43	475
CY207736.1	475	2223	3	1	4	475
CY207736.1	476	2029	1	0	1	476
CY207736.1	476	2149	0	7	7	2149
CY207736.1	482	2016	1	6	7	482
CY207736.1	482	2031	1	0	1	482
CY207736.1	483	2010	2	1	3	483
CY207736.1	483	2168	0	2	2	2168
CY207736.1	485	2089	0	2	2	2089
CY207736.1	487	2075	0	5	5	2075
CY207736.1	487	2110	3	0	3	487
CY207736.1	490	2043	51	70	121	490
CY207736.1	491	2002	1	0	1	491
CY207736.1	492	2009	3	3	6	492
CY207736.1	492	2041	4	4	8	492
CY207736.1	495	2048	2	10	12	495
CY207736.1	495	2066	2	10	12	495
CY207736.1	499	2144	3	1	4	499
CY207736.1	499	2215	1	0	1	499
CY207736.1	500	2133	5	1	6	500
CY207736.1	503	2049	1	1	2	503
CY207736.1	507	2065	0	2	2	2065
CY207736.1	508	2089	0	3	3	2089
CY207736.1	510	2031	1	0	1	510
CY207736.1	511	1903	4	0	4	511
CY207736.1	512	2017	6	6	12	512
CY207736.1	512	2028	7	8	15	512
CY207736.1	512	2032	199	211	410	512
CY207736.1	512	2034	20	35	55	512
CY207736.1	512	2050	3	5	8	512
CY207736.1	512	2064	4	10	14	512
CY207736.1	512	553	0	1	1	553
CY207736.1	513	2260	14	4	18	513
CY207736.1	520	1994	3	1	4	520
CY207736.1	524	2108	0	1	1	2108
CY207736.1	531	565	15	11	26	531
CY207736.1	532	2049	0	4	4	2049
CY207736.1	534	2027	1	0	1	534
CY207736.1	537	2041	2	12	14	537
CY207736.1	538	2284	1	2	3	538
CY207736.1	546	1870	2	0	2	546
CY207736.1	549	1941	7	2	9	549
CY207736.1	549	2028	1	1	2	549
CY207736.1	549	636	0	1	1	636
CY207736.1	550	1921	1	0	1	550
CY207736.1	552	2059	3	3	6	552
CY207736.1	555	1742	3	1	4	555
CY207736.1	555	2028	4	4	8	555
CY207736.1	560	2019	0	1	1	2019
CY207736.1	561	2064	4	1	5	561
CY207736.1	576	2203	1	0	1	576
CY207736.1	577	2083	0	1	1	2083
CY207736.1	580	1921	2	0	2	580
CY207736.1	580	635	1	0	1	580
CY207736.1	594	2104	0	3	3	2104
CY207736.1	595	2061	25	15	40	595
CY207736.1	600	1946	3	3	6	600
CY207736.1	603	1827	12	7	19	603
CY207736.1	606	2186	2	0	2	606
CY207736.1	607	636	5	1	6	607
CY207736.1	609	1827	2	1	3	609
CY207736.1	609	1960	4	1	5	609
CY207736.1	609	2028	3	2	5	609
CY207736.1	609	650	0	1	1	650
CY207736.1	611	1859	0	1	1	1859
CY207736.1	611	1957	2	5	7	611
CY207736.1	617	1875	1	2	3	617
CY207736.1	618	2007	3	1	4	618
CY207736.1	619	1890	1	1	2	619
CY207736.1	636	1929	1	3	4	636
CY207736.1	641	2196	1	0	1	641
CY207736.1	643	1918	1	0	1	643
CY207736.1	647	1883	2	0	2	647
CY207736.1	653	1871	3	3	6	653
CY207736.1	654	1932	0	1	1	1932
CY207736.1	661	1955	0	1	1	1955
CY207736.1	675	1018	0	1	1	1018
CY207736.1	675	1791	1	0	1	675
CY207736.1	684	1744	0	3	3	1744
CY207736.1	684	1826	1	5	6	684
CY207736.1	686	1857	0	1	1	1857
CY207736.1	689	771	0	1	1	771
CY207736.1	707	1887	0	1	1	1887
CY207736.1	711	1917	1	0	1	711
CY207736.1	716	1885	1	2	3	716
CY207736.1	718	1759	0	1	1	1759
CY207736.1	725	1865	2	1	3	725
CY207736.1	728	1788	2	1	3	728
CY207736.1	737	1736	0	2	2	1736
CY207736.1	749	1871	1	0	1	749
CY207736.1	767	1952	3	2	5	767
CY207736.1	773	1458	1	0	1	773
CY207736.1	773	1736	0	1	1	1736
CY207736.1	775	1827	5	1	6	775
CY207736.1	790	2016	1	0	1	790
CY207736.1	807	1817	0	2	2	1817
CY207736.1	814	1710	4	1	5	814
CY207736.1	835	1735	1	1	2	835
CY207736.1	848	1935	1	0	1	848
CY207736.1	851	1679	2	0	2	851
CY207736.1	852	1712	1	0	1	852
CY207736.1	870	2351	0	1	1	2351
CY207736.1	888	1904	0	1	1	1904
CY207736.1	891	963	1	0	1	891
CY207736.1	915	1517	3	0	3	915
CY207736.1	915	1695	0	1	1	1695
CY207736.1	919	1666	0	2	2	1666
CY207736.1	928	1730	0	1	1	1730
CY207736.1	931	1737	1	2	3	931
CY207736.1	946	2365	0	1	1	2365
CY207736.1	982	1593	1	0	1	982
CY207736.1	984	1314	1	0	1	984
CY207736.1	985	1968	0	1	1	1968
CY207736.1	991	1597	5	2	7	991
CY207737.1	1071	2248	0	1	1	2248
CY207737.1	1122	2018	0	1	1	2018
CY207737.1	1391	2302	1	2	3	1391
CY207737.1	1429	1968	1	0	1	1429
CY207737.1	1449	2384	1	2	3	1449
CY207737.1	1470	2460	0	1	1	2460
CY207737.1	1524	1656	0	1	1	1656
CY207737.1	1605	1759	1	1	2	1605
CY207737.1	1649	2396	0	1	1	2396
CY207737.1	1715	2445	0	1	1	2445
CY207737.1	1753	1822	0	3	3	1822
CY207737.1	1887	2121	0	1	1	2121
CY207737.1	2011	2041	1	0	1	2011
CY207737.1	2046	2137	1	0	1	2046
CY207737.1	2068	2246	8	0	8	2068
CY207737.1	2082	2292	1	0	1	2082
CY207737.1	2141	2207	25	12	37	2141
CY207737.1	2177	2243	1	0	1	2177
CY207737.1	2186	2232	2	21	23	2186
CY207737.1	2187	2209	1	2	3	2187
CY207737.1	2197	2237	23	2	25	2197
CY207737.1	2202	2231	1	0	1	2202
CY207737.1	2210	2239	1	0	1	2210
CY207737.1	2213	2242	225	79	304	2213
CY207737.1	2217	2281	1	0	1	2217
CY207737.1	2273	2302	3	1	4	2273
CY207737.1	2296	2359	210	50	260	2296
CY207737.1	2297	2360	1	0	1	2297
CY207737.1	2312	2359	7	4	11	2312
CY207737.1	2342	2379	0	1	1	2379
CY207737.1	2345	2403	1	0	1	2345
CY207737.1	2355	2380	3	3	6	2355
CY207737.1	240	290	10	1	11	240
CY207737.1	241	294	11	0	11	241
CY207737.1	2426	2454	0	3	3	2454
CY207737.1	244	2306	1	0	1	244
CY207737.1	247	281	11	0	11	247
CY207737.1	247	356	1	0	1	247
CY207737.1	258	1780	1	0	1	258
CY207737.1	268	2195	1	0	1	268
CY207737.1	269	2159	1	0	1	269
CY207737.1	286	2321	3	0	3	286
CY207737.1	287	2302	57	2	59	287
CY207737.1	290	2322	17	0	17	290
CY207737.1	316	2332	0	1	1	2332
CY207737.1	316	2337	1	2	3	316
CY207737.1	317	2471	0	1	1	2471
CY207737.1	317	734	1	0	1	317
CY207737.1	318	2231	0	1	1	2231
CY207737.1	329	2302	3	0	3	329
CY207737.1	336	2242	2	1	3	336
CY207737.1	336	2274	4	1	5	336
CY207737.1	338	2302	1	1	2	338
CY207737.1	350	2358	1	1	2	350
CY207737.1	357	2150	0	7	7	2150
CY207737.1	358	2248	1	1	2	358
CY207737.1	358	770	1	0	1	358
CY207737.1	362	2129	3	1	4	362
CY207737.1	369	2480	0	1	1	2480
CY207737.1	380	2324	1	2	3	380
CY207737.1	381	2303	3	0	3	381
CY207737.1	382	2167	4	0	4	382
CY207737.1	391	2192	2	7	9	391
CY207737.1	392	2188	2	3	5	392
CY207737.1	393	419	0	9	9	419
CY207737.1	399	2246	3	1	4	399
CY207737.1	401	441	1	0	1	401
CY207737.1	404	444	1	0	1	404
CY207737.1	411	2284	4	0	4	411
CY207737.1	416	2295	1	0	1	416
CY207737.1	428	465	1	0	1	428
CY207737.1	431	461	1	0	1	431
CY207737.1	433	463	18	2	20	433
CY207737.1	436	2238	0	10	10	2238
CY207737.1	439	2206	0	1	1	2206
CY207737.1	441	2225	24	67	91	441
CY207737.1	449	2156	1	0	1	449
CY207737.1	453	2134	1	0	1	453
CY207737.1	464	2183	5	25	30	464
CY207737.1	469	2250	0	1	1	2250
CY207737.1	471	2302	6	4	10	471
CY207737.1	472	2142	1	0	1	472
CY207737.1	503	2092	1	0	1	503
CY207737.1	509	2155	3	0	3	509
CY207737.1	520	2165	151	231	382	520
CY207737.1	520	2166	1	0	1	520
CY207737.1	521	2166	0	1	1	2166
CY207737.1	523	1695	1	0	1	523
CY207737.1	523	2021	40	3	43	523
CY207737.1	527	558	0	1	1	558
CY207737.1	534	2101	4	0	4	534
CY207737.1	541	2120	8	9	17	541
CY207737.1	542	2148	5	0	5	542
CY207737.1	549	2050	0	2	2	2050
CY207737.1	553	2002	2	1	3	553
CY207737.1	560	1759	1	2	3	560
CY207737.1	565	1848	0	1	1	1848
CY207737.1	572	2258	1	0	1	572
CY207737.1	576	1924	0	1	1	1924
CY207737.1	579	648	0	1	1	648
CY207737.1	583	833	0	2	2	833
CY207737.1	588	2147	4	0	4	588
CY207737.1	600	1978	1	2	3	600
CY207737.1	602	2091	3	2	5	602
CY207737.1	602	2182	3	3	6	602
CY207737.1	608	1770	7	1	8	608
CY207737.1	610	2135	1	3	4	610
CY207737.1	619	1772	1	1	2	619
CY207737.1	623	1982	1	0	1	623
CY207737.1	640	2204	0	1	1	2204
CY207737.1	645	703	2	3	5	645
CY207737.1	662	2347	8	1	9	662
CY207737.1	667	2111	1	0	1	667
CY207737.1	670	2003	2	0	2	670
CY207737.1	670	2245	0	1	1	2245
CY207737.1	676	2009	1	0	1	676
CY207737.1	681	1720	1	0	1	681
CY207737.1	682	2014	149	101	250	682
CY207737.1	688	2053	3	2	5	688
CY207737.1	691	1730	3	1	4	691
CY207737.1	697	1926	1	1	2	697
CY207737.1	700	869	0	1	1	869
CY207737.1	701	2026	0	2	2	2026
CY207737.1	708	2213	3	2	5	708
CY207737.1	726	1633	0	2	2	1633
CY207737.1	732	2068	0	2	2	2068
CY207737.1	736	1384	1	0	1	736
CY207737.1	743	1882	1	1	2	743
CY207737.1	757	1797	0	1	1	1797
CY207737.1	776	1985	6	1	7	776
CY207737.1	782	844	0	1	1	844
CY207737.1	783	1787	25	15	40	783
CY207737.1	802	1724	0	1	1	1724
CY207737.1	808	1975	0	1	1	1975
CY207737.1	810	856	0	1	1	856
CY207737.1	832	2019	0	1	1	2019
CY207737.1	834	1933	1	1	2	834
CY207737.1	850	907	1	0	1	850
CY207737.1	867	1946	1	3	4	867
CY207737.1	903	1867	0	1	1	1867
CY207737.1	916	1808	0	2	2	1808
CY207737.1	969	2348	1	0	1	969
CY207737.1	976	2115	1	0	1	976
CY207737.1	990	1586	2	0	2	990
CY207738.1	1101	1702	0	1	1	1702
CY207738.1	1124	2330	4	0	4	1124
CY207738.1	1154	2328	1	0	1	1154
CY207738.1	1299	1653	0	1	1	1653
CY207738.1	1328	2386	0	1	1	2386
CY207738.1	1363	2333	1	0	1	1363
CY207738.1	1375	2373	0	1	1	2373
CY207738.1	1537	1569	0	1	1	1569
CY207738.1	1603	1673	0	1	1	1673
CY207738.1	1678	1834	0	1	1	1834
CY207738.1	1705	2024	0	1	1	2024
CY207738.1	1732	2036	1	2	3	1732
CY207738.1	1830	2152	0	1	1	2152
CY207738.1	1918	1952	0	1	1	1952
CY207738.1	2048	2079	0	1	1	2079
CY207738.1	2185	2324	0	1	1	2324
CY207738.1	2269	2351	1	0	1	2269
CY207738.1	2277	2338	0	1	1	2338
CY207738.1	2312	2401	1	0	1	2312
CY207738.1	241	1221	1	0	1	241
CY207738.1	271	615	1	0	1	271
CY207738.1	283	1492	4	0	4	283
CY207738.1	288	407	1	0	1	288
CY207738.1	312	2327	1	0	1	312
CY207738.1	316	2314	0	1	1	2314
CY207738.1	317	2312	1	1	2	317
CY207738.1	323	2312	4	7	11	323
CY207738.1	329	2274	0	1	1	2274
CY207738.1	337	2413	0	1	1	2413
CY207738.1	339	747	0	1	1	747
CY207738.1	340	2316	3	0	3	340
CY207738.1	344	1240	1	0	1	344
CY207738.1	346	2235	2	0	2	346
CY207738.1	353	2293	1	2	3	353
CY207738.1	362	2317	0	1	1	2317
CY207738.1	365	2162	2	5	7	365
CY207738.1	365	2219	7	57	64	365
CY207738.1	367	2313	2	0	2	367
CY207738.1	367	2333	4	6	10	367
CY207738.1	369	2462	0	1	1	2462
CY207738.1	370	2283	1	3	4	370
CY207738.1	371	2313	33	108	141	371
CY207738.1	372	2314	0	1	1	2314
CY207738.1	373	2314	3	17	20	373
CY207738.1	374	2333	284	436	720	374
CY207738.1	375	1642	0	1	1	1642
CY207738.1	375	2334	3	2	5	375
CY207738.1	378	2243	0	2	2	2243
CY207738.1	383	2323	0	2	2	2323
CY207738.1	383	2359	1	5	6	383
CY207738.1	384	2142	0	1	1	2142
CY207738.1	384	2431	0	1	1	2431
CY207738.1	386	2170	3	37	40	386
CY207738.1	386	2334	26	52	78	386
CY207738.1	393	2272	6	102	108	393
CY207738.1	393	423	0	2	2	423
CY207738.1	395	2274	0	1	1	2274
CY207738.1	397	1279	0	1	1	1279
CY207738.1	399	2269	0	17	17	2269
CY207738.1	399	771	0	1	1	771
CY207738.1	400	2263	4	51	55	400
CY207738.1	400	2288	8	57	65	400
CY207738.1	403	2188	5	29	34	403
CY207738.1	407	1352	0	1	1	1352
CY207738.1	408	2379	0	8	8	2379
CY207738.1	411	2312	0	3	3	2312
CY207738.1	411	964	0	1	1	964
CY207738.1	412	2391	0	2	2	2391
CY207738.1	413	2368	4	6	10	413
CY207738.1	414	2221	0	1	1	2221
CY207738.1	419	2195	1	24	25	419
CY207738.1	435	2232	1	10	11	435
CY207738.1	439	2360	1	1	2	439
CY207738.1	440	1398	1	0	1	440
CY207738.1	442	2203	1	0	1	442
CY207738.1	452	2111	0	1	1	2111
CY207738.1	452	2140	2	10	12	452
CY207738.1	452	2267	6	22	28	452
CY207738.1	453	2164	1	2	3	453
CY207738.1	453	485	0	9	9	485
CY207738.1	455	2264	4	5	9	455
CY207738.1	459	2285	2	6	8	459
CY207738.1	460	2267	14	37	51	460
CY207738.1	464	2074	0	1	1	2074
CY207738.1	466	2138	6	15	21	466
CY207738.1	469	2281	1	1	2	469
CY207738.1	470	2113	1	5	6	470
CY207738.1	481	2153	1	0	1	481
CY207738.1	489	2181	2	21	23	489
CY207738.1	494	2241	2	7	9	494
CY207738.1	495	2170	1	7	8	495
CY207738.1	498	2221	2	10	12	498
CY207738.1	498	963	0	1	1	963
CY207738.1	511	2211	8	24	32	511
CY207738.1	511	2406	14	15	29	511
CY207738.1	513	2132	1	3	4	513
CY207738.1	513	2201	6	16	22	513
CY207738.1	515	1933	1	0	1	515
CY207738.1	520	2114	1	1	2	520
CY207738.1	520	2275	0	3	3	2275
CY207738.1	524	2040	2	13	15	524
CY207738.1	524	2131	2	1	3	524
CY207738.1	525	2154	0	1	1	2154
CY207738.1	525	2215	1	11	12	525
CY207738.1	528	2201	0	2	2	2201
CY207738.1	529	2428	0	1	1	2428
CY207738.1	530	1106	0	1	1	1106
CY207738.1	532	2049	0	1	1	2049
CY207738.1	533	2229	2	10	12	533
CY207738.1	536	2067	1	2	3	536
CY207738.1	536	2169	2	2	4	536
CY207738.1	539	2167	7	12	19	539
CY207738.1	541	2317	6	1	7	541
CY207738.1	544	1960	2	2	4	544
CY207738.1	547	1208	0	1	1	1208
CY207738.1	566	2118	3	11	14	566
CY207738.1	575	1988	0	1	1	1988
CY207738.1	585	2030	0	1	1	2030
CY207738.1	589	1748	1	0	1	589
CY207738.1	631	1991	3	2	5	631
CY207738.1	636	1996	0	1	1	1996
CY207738.1	641	1403	1	0	1	641
CY207738.1	645	1904	5	0	5	645
CY207738.1	654	1495	0	1	1	1495
CY207738.1	657	2068	3	4	7	657
CY207738.1	657	2177	0	1	1	2177
CY207738.1	660	2038	0	1	1	2038
CY207738.1	663	2015	3	8	11	663
CY207738.1	678	1451	4	2	6	678
CY207738.1	732	2040	21	25	46	732
CY207738.1	734	2048	2	0	2	734
CY207738.1	773	1958	1	3	4	773
CY207738.1	787	2035	0	1	1	2035
CY207738.1	787	844	0	1	1	844
CY207738.1	795	2072	1	0	1	795
CY207738.1	796	1913	1	2	3	796
CY207738.1	816	2328	1	0	1	816
CY207738.1	827	1828	2	1	3	827
CY207738.1	848	1855	3	2	5	848
CY207738.1	869	1900	1	0	1	869
CY207738.1	896	1800	1	0	1	896
CY207738.1	904	1720	2	1	3	904
CY207738.1	905	1810	2	1	3	905
CY207738.1	950	1944	1	3	4	950
CY207738.1	951	1790	8	2	10	951
