Segment	Start	Stop	Forward_support	Reverse_support	Total_support	Fuzz_factor
CY207731.1	1015	1728	1	0	1	1015
CY207731.1	1043	1624	1	0	1	1043
CY207731.1	1051	1139	0	1	1	1139
CY207731.1	1114	1503	0	1	1	1503
CY207731.1	1155	1196	0	1	1	1196
CY207731.1	1172	1708	1	0	1	1172
CY207731.1	1175	1821	0	1	1	1821
CY207731.1	1176	1716	1	0	1	1176
CY207731.1	1193	1558	0	1	1	1558
CY207731.1	1251	1509	1	0	1	1251
CY207731.1	1263	1685	1	0	1	1263
CY207731.1	1304	1326	0	1	1	1326
CY207731.1	1304	1731	1	0	1	1304
CY207731.1	1354	1502	0	1	1	1502
CY207731.1	1360	1778	1	0	1	1360
CY207731.1	1398	1710	1	0	1	1398
CY207731.1	1400	1426	1	0	1	1400
CY207731.1	1415	1496	0	1	1	1496
CY207731.1	1427	1758	1	0	1	1427
CY207731.1	1432	1502	1	0	1	1432
CY207731.1	1443	1720	0	1	1	1720
CY207731.1	1519	1658	0	1	1	1658
CY207731.1	1538	1778	0	1	1	1778
CY207731.1	1569	1686	0	1	1	1686
CY207731.1	1628	1748	1	0	1	1628
CY207731.1	1630	1716	0	1	1	1716
CY207731.1	1656	1733	1	0	1	1656
CY207731.1	1663	1731	1	0	1	1663
CY207731.1	1695	1800	1	0	1	1695
CY207731.1	1706	1893	0	1	1	1893
CY207731.1	240	1411	1	0	1	240
CY207731.1	269	405	1	0	1	269
CY207731.1	274	1686	1	0	1	274
CY207731.1	287	1298	1	0	1	287
CY207731.1	289	1751	1	0	1	289
CY207731.1	290	513	1	0	1	290
CY207731.1	290	932	1	0	1	290
CY207731.1	293	476	1	0	1	293
CY207731.1	301	352	1	0	1	301
CY207731.1	305	756	1	0	1	305
CY207731.1	350	429	0	1	1	429
CY207731.1	360	1257	0	1	1	1257
CY207731.1	369	1561	0	1	1	1561
CY207731.1	378	448	1	0	1	378
CY207731.1	384	1482	0	1	1	1482
CY207731.1	384	1660	0	1	1	1660
CY207731.1	384	1710	1	0	1	384
CY207731.1	386	1120	0	1	1	1120
CY207731.1	387	1685	3	1	4	387
CY207731.1	394	877	0	1	1	877
CY207731.1	397	979	0	1	1	979
CY207731.1	398	756	0	1	1	756
CY207731.1	406	512	0	1	1	512
CY207731.1	420	725	0	1	1	725
CY207731.1	422	1597	1	0	1	422
CY207731.1	422	1880	0	1	1	1880
CY207731.1	431	781	0	1	1	781
CY207731.1	442	1290	0	1	1	1290
CY207731.1	449	1518	0	1	1	1518
CY207731.1	457	481	1	0	1	457
CY207731.1	462	1867	1	0	1	462
CY207731.1	465	1682	2	0	2	465
CY207731.1	469	1922	0	1	1	1922
CY207731.1	470	1171	1	0	1	470
CY207731.1	480	1007	1	0	1	480
CY207731.1	481	781	0	1	1	781
CY207731.1	489	1203	0	1	1	1203
CY207731.1	491	1416	0	1	1	1416
CY207731.1	492	1308	0	1	1	1308
CY207731.1	508	545	0	1	1	545
CY207731.1	524	1582	0	1	1	1582
CY207731.1	529	1066	1	0	1	529
CY207731.1	539	1456	0	1	1	1456
CY207731.1	559	1037	1	0	1	559
CY207731.1	560	1496	1	0	1	560
CY207731.1	561	1018	2	1	3	561
CY207731.1	562	1396	2	0	2	562
CY207731.1	563	1229	1	0	1	563
CY207731.1	565	1641	1	1	2	565
CY207731.1	567	976	0	1	1	976
CY207731.1	568	1204	4	0	4	568
CY207731.1	569	1047	1	0	1	569
CY207731.1	570	962	1	0	1	570
CY207731.1	574	601	0	1	1	601
CY207731.1	576	1031	1	0	1	576
CY207731.1	576	664	1	0	1	576
CY207731.1	579	1669	0	1	1	1669
CY207731.1	585	1523	0	1	1	1523
CY207731.1	591	1132	1	0	1	591
CY207731.1	600	1188	0	1	1	1188
CY207731.1	600	1265	1	0	1	600
CY207731.1	617	1359	0	1	1	1359
CY207731.1	623	863	1	0	1	623
CY207731.1	624	724	0	1	1	724
CY207731.1	629	1349	1	0	1	629
CY207731.1	630	1273	0	1	1	1273
CY207731.1	644	682	0	1	1	682
CY207731.1	656	1639	0	1	1	1639
CY207731.1	676	807	0	1	1	807
CY207731.1	676	931	0	1	1	931
CY207731.1	679	741	1	0	1	679
CY207731.1	680	1261	0	1	1	1261
CY207731.1	699	1254	1	0	1	699
CY207731.1	702	1763	1	0	1	702
CY207731.1	706	935	1	0	1	706
CY207731.1	708	1820	0	1	1	1820
CY207731.1	723	1180	0	1	1	1180
CY207731.1	737	1673	1	0	1	737
CY207731.1	743	1689	0	1	1	1689
CY207731.1	767	1669	0	1	1	1669
CY207731.1	793	1736	0	1	1	1736
CY207731.1	810	1021	0	1	1	1021
CY207731.1	815	1716	1	0	1	815
CY207731.1	818	1487	1	0	1	818
CY207731.1	820	1871	0	1	1	1871
CY207731.1	831	1047	0	1	1	1047
CY207731.1	831	1829	0	1	1	1829
CY207731.1	858	1758	0	1	1	1758
CY207731.1	873	1187	1	0	1	873
CY207731.1	891	1542	0	1	1	1542
CY207731.1	912	1817	0	1	1	1817
CY207731.1	928	1293	1	0	1	928
CY207731.1	995	1084	0	1	1	1084
CY207731.1	998	1554	0	1	1	1554
CY207731.1	999	1686	1	0	1	999
CY207732.1	235	816	1	0	1	235
CY207732.1	268	550	6	0	6	268
CY207732.1	271	1019	1	0	1	271
CY207732.1	272	1062	1	0	1	272
CY207732.1	275	848	6	1	7	275
CY207732.1	276	983	1	0	1	276
CY207732.1	282	401	1	0	1	282
CY207732.1	293	411	1	0	1	293
CY207732.1	297	475	1	0	1	297
CY207732.1	298	1008	0	1	1	1008
CY207732.1	309	359	1	0	1	309
CY207732.1	311	965	0	1	1	965
CY207732.1	334	914	0	1	1	914
CY207732.1	340	518	1	0	1	340
CY207732.1	340	812	0	1	1	812
CY207732.1	341	1006	1	0	1	341
CY207732.1	344	727	0	1	1	727
CY207732.1	349	1132	0	1	1	1132
CY207732.1	350	1151	0	1	1	1151
CY207732.1	358	840	1	1	2	358
CY207732.1	383	658	0	1	1	658
CY207732.1	393	981	1	0	1	393
CY207732.1	394	695	1	0	1	394
CY207732.1	399	990	1	0	1	399
CY207732.1	407	996	0	1	1	996
CY207732.1	414	488	1	0	1	414
CY207732.1	424	830	1	1	2	424
CY207732.1	434	678	0	1	1	678
CY207732.1	436	1006	1	0	1	436
CY207732.1	440	752	0	1	1	752
CY207732.1	445	680	0	1	1	680
CY207732.1	445	863	1	3	4	445
CY207732.1	447	821	0	6	6	821
CY207732.1	450	824	0	1	1	824
CY207732.1	455	625	0	1	1	625
CY207732.1	477	933	1	0	1	477
CY207732.1	483	1046	1	0	1	483
CY207732.1	488	938	1	2	3	488
CY207732.1	511	600	0	1	1	600
CY207732.1	534	727	1	0	1	534
CY207732.1	544	764	1	0	1	544
CY207732.1	548	703	1	0	1	548
CY207732.1	552	673	1	0	1	552
CY207732.1	557	745	1	0	1	557
CY207732.1	574	978	0	1	1	978
CY207732.1	577	620	1	0	1	577
CY207732.1	585	802	1	0	1	585
CY207732.1	589	862	1	1	2	589
CY207732.1	589	961	2	0	2	589
CY207732.1	595	996	1	0	1	595
CY207732.1	596	680	1	0	1	596
CY207732.1	599	656	1	0	1	599
CY207732.1	624	1013	2	0	2	624
CY207732.1	626	913	1	0	1	626
CY207732.1	628	1175	0	1	1	1175
CY207732.1	635	945	1	0	1	635
CY207732.1	653	893	1	0	1	653
CY207732.1	659	802	0	1	1	802
CY207732.1	664	773	0	1	1	773
CY207732.1	679	815	3	2	5	679
CY207732.1	681	964	1	2	3	681
CY207732.1	703	907	1	0	1	703
CY207732.1	709	1143	0	1	1	1143
CY207732.1	709	1170	0	1	1	1170
CY207732.1	715	965	1	0	1	715
CY207732.1	718	860	2	4	6	718
CY207732.1	718	959	1	0	1	718
CY207732.1	743	931	1	0	1	743
CY207732.1	758	954	1	0	1	758
CY207732.1	763	997	1	0	1	763
CY207732.1	790	833	0	1	1	833
CY207732.1	792	862	1	0	1	792
CY207732.1	803	1034	0	1	1	1034
CY207732.1	804	1014	0	1	1	1014
CY207732.1	818	863	0	1	1	863
CY207732.1	834	914	0	1	1	914
CY207732.1	847	965	0	1	1	965
CY207732.1	854	936	0	1	1	936
CY207732.1	881	1012	1	1	2	881
CY207732.1	919	1016	2	0	2	919
CY207732.1	924	1040	1	0	1	924
CY207732.1	939	1054	1	0	1	939
CY207732.1	941	1066	0	1	1	1066
CY207732.1	943	1077	1	0	1	943
CY207732.1	957	1034	0	1	1	1034
CY207733.1	1090	1184	1	0	1	1090
CY207733.1	1090	1318	0	1	1	1318
CY207733.1	1120	1220	0	1	1	1220
CY207733.1	1166	1316	1	0	1	1166
CY207733.1	1294	1485	2	1	3	1294
CY207733.1	1299	1595	0	1	1	1595
CY207733.1	1310	1467	1	0	1	1310
CY207733.1	1329	1496	0	1	1	1496
CY207733.1	1386	1436	4	1	5	1386
CY207733.1	242	1434	1	0	1	242
CY207733.1	247	1329	2	0	2	247
CY207733.1	254	1214	1	0	1	254
CY207733.1	268	302	3	0	3	268
CY207733.1	272	1100	1	0	1	272
CY207733.1	274	1468	1	0	1	274
CY207733.1	282	1253	3	0	3	282
CY207733.1	317	1383	0	1	1	1383
CY207733.1	318	1464	1	0	1	318
CY207733.1	337	1321	1	0	1	337
CY207733.1	365	1435	1	0	1	365
CY207733.1	385	1328	3	5	8	385
CY207733.1	391	1523	1	0	1	391
CY207733.1	395	1130	1	0	1	395
CY207733.1	395	1437	1	1	2	395
CY207733.1	406	488	1	0	1	406
CY207733.1	408	991	0	1	1	991
CY207733.1	429	1251	2	0	2	429
CY207733.1	435	791	0	1	1	791
CY207733.1	450	871	1	0	1	450
CY207733.1	452	672	0	1	1	672
CY207733.1	458	618	0	1	1	618
CY207733.1	485	1488	0	1	1	1488
CY207733.1	500	1043	0	1	1	1043
CY207733.1	504	1463	1	0	1	504
CY207733.1	519	1172	2	0	2	519
CY207733.1	520	618	1	0	1	520
CY207733.1	547	670	1	0	1	547
CY207733.1	574	1021	1	0	1	574
CY207733.1	577	1163	1	0	1	577
CY207733.1	578	1081	1	0	1	578
CY207733.1	601	948	0	1	1	948
CY207733.1	696	928	0	1	1	928
CY207733.1	697	1147	0	1	1	1147
CY207733.1	732	1025	1	0	1	732
CY207733.1	790	1387	0	1	1	1387
CY207733.1	815	1398	0	1	1	1398
CY207733.1	828	982	1	0	1	828
CY207733.1	851	1499	0	1	1	1499
CY207733.1	894	1184	0	1	1	1184
CY207733.1	901	1186	0	1	1	1186
CY207733.1	950	1413	0	1	1	1413
CY207733.1	954	1171	0	2	2	1171
CY207733.1	961	1265	0	1	1	1265
CY207733.1	993	1402	0	1	1	1402
CY207734.1	1012	1084	0	1	1	1084
CY207734.1	1048	1385	0	1	1	1385
CY207734.1	1051	1370	1	0	1	1051
CY207734.1	1100	1208	0	1	1	1208
CY207734.1	1125	1289	1	0	1	1125
CY207734.1	1147	1194	1	0	1	1147
CY207734.1	1305	1379	1	0	1	1305
CY207734.1	1319	1360	0	1	1	1360
CY207734.1	1345	1460	0	1	1	1460
CY207734.1	1360	1395	0	1	1	1395
CY207734.1	1371	1637	1	1	2	1371
CY207734.1	1408	1439	0	1	1	1439
CY207734.1	1435	1512	1	1	2	1435
CY207734.1	1446	1496	1	0	1	1446
CY207734.1	1452	1517	1	0	1	1452
CY207734.1	1577	1604	1	0	1	1577
CY207734.1	1580	1697	0	3	3	1697
CY207734.1	1589	1695	0	1	1	1695
CY207734.1	1658	1693	1	0	1	1658
CY207734.1	270	315	1	0	1	270
CY207734.1	275	805	1	0	1	275
CY207734.1	276	861	1	0	1	276
CY207734.1	288	822	1	0	1	288
CY207734.1	330	1572	0	1	1	1572
CY207734.1	353	1383	0	1	1	1383
CY207734.1	355	1303	0	1	1	1303
CY207734.1	365	1045	1	0	1	365
CY207734.1	376	1472	0	1	1	1472
CY207734.1	392	693	1	0	1	392
CY207734.1	394	1016	0	1	1	1016
CY207734.1	402	1696	0	1	1	1696
CY207734.1	404	788	1	0	1	404
CY207734.1	405	1091	0	1	1	1091
CY207734.1	408	822	0	1	1	822
CY207734.1	409	1441	0	1	1	1441
CY207734.1	413	501	0	1	1	501
CY207734.1	416	551	1	0	1	416
CY207734.1	427	1542	0	1	1	1542
CY207734.1	429	1405	0	2	2	1405
CY207734.1	429	1538	1	1	2	429
CY207734.1	451	678	1	0	1	451
CY207734.1	453	749	1	0	1	453
CY207734.1	465	1447	1	0	1	465
CY207734.1	477	1414	0	1	1	1414
CY207734.1	479	510	1	0	1	479
CY207734.1	495	972	0	1	1	972
CY207734.1	498	1046	0	1	1	1046
CY207734.1	498	831	1	0	1	498
CY207734.1	501	1457	1	0	1	501
CY207734.1	551	1266	0	1	1	1266
CY207734.1	554	1357	0	1	1	1357
CY207734.1	574	1496	1	0	1	574
CY207734.1	597	799	1	0	1	597
CY207734.1	610	733	1	0	1	610
CY207734.1	625	1187	1	0	1	625
CY207734.1	635	1033	1	0	1	635
CY207734.1	641	926	1	0	1	641
CY207734.1	666	707	0	1	1	707
CY207734.1	703	794	1	0	1	703
CY207734.1	717	961	1	0	1	717
CY207734.1	721	962	1	0	1	721
CY207734.1	724	1498	1	0	1	724
CY207734.1	725	1049	1	0	1	725
CY207734.1	732	1080	1	0	1	732
CY207734.1	747	1454	1	0	1	747
CY207734.1	759	894	1	0	1	759
CY207734.1	760	1673	0	1	1	1673
CY207734.1	762	1324	0	1	1	1324
CY207734.1	780	1142	1	0	1	780
CY207734.1	815	1232	1	1	2	815
CY207734.1	826	1504	1	0	1	826
CY207734.1	828	907	1	0	1	828
CY207734.1	829	1102	0	1	1	1102
CY207734.1	833	1511	1	0	1	833
CY207734.1	841	1066	0	1	1	1066
CY207734.1	851	1122	1	0	1	851
CY207734.1	857	1244	1	0	1	857
CY207734.1	948	1489	1	0	1	948
CY207734.1	949	1563	1	0	1	949
CY207734.1	954	1530	0	1	1	1530
CY207734.1	962	1048	0	1	1	1048
CY207734.1	963	1457	1	0	1	963
CY207735.1	250	873	2	0	2	250
CY207735.1	257	926	1	0	1	257
CY207735.1	284	920	2	0	2	284
CY207735.1	291	972	1	0	1	291
CY207735.1	293	381	1	0	1	293
CY207735.1	326	897	0	1	1	897
CY207735.1	349	690	0	1	1	690
CY207735.1	351	842	4	5	9	351
CY207735.1	384	845	0	1	1	845
CY207735.1	416	861	0	2	2	861
CY207735.1	436	730	1	0	1	436
CY207735.1	463	653	0	2	2	653
CY207735.1	499	729	1	0	1	499
CY207735.1	511	740	14	21	35	511
CY207735.1	519	746	0	2	2	746
CY207735.1	533	594	1	0	1	533
CY207736.1	1045	1951	0	1	1	1951
CY207736.1	1046	1979	4	1	5	1046
CY207736.1	1071	1978	2	0	2	1071
CY207736.1	1072	1363	0	1	1	1363
CY207736.1	1075	1778	1	0	1	1075
CY207736.1	1090	1506	0	1	1	1506
CY207736.1	1090	2186	0	1	1	2186
CY207736.1	1095	2005	2	3	5	1095
CY207736.1	1127	1331	1	0	1	1127
CY207736.1	1138	1398	0	1	1	1398
CY207736.1	1179	2080	0	1	1	2080
CY207736.1	1206	2105	1	0	1	1206
CY207736.1	1208	1704	1	0	1	1208
CY207736.1	1209	1957	1	0	1	1209
CY207736.1	1225	1393	1	0	1	1225
CY207736.1	1231	1797	0	1	1	1797
CY207736.1	1237	1856	0	1	1	1856
CY207736.1	1239	1719	1	0	1	1239
CY207736.1	1240	2289	1	0	1	1240
CY207736.1	1242	1686	0	1	1	1686
CY207736.1	1258	1647	1	0	1	1258
CY207736.1	1285	2253	1	0	1	1285
CY207736.1	1301	1944	0	1	1	1944
CY207736.1	1309	1423	1	0	1	1309
CY207736.1	1315	1610	1	0	1	1315
CY207736.1	1317	2158	0	1	1	2158
CY207736.1	1321	1394	0	1	1	1394
CY207736.1	1382	1618	0	1	1	1618
CY207736.1	1395	2075	0	1	1	2075
CY207736.1	1406	2346	0	1	1	2346
CY207736.1	1438	1599	0	1	1	1599
CY207736.1	1446	2240	1	0	1	1446
CY207736.1	1456	2345	0	1	1	2345
CY207736.1	1460	2233	0	1	1	2233
CY207736.1	1495	1713	0	1	1	1713
CY207736.1	1497	2251	1	0	1	1497
CY207736.1	1510	2002	0	1	1	2002
CY207736.1	1536	2296	0	1	1	2296
CY207736.1	1537	1644	0	1	1	1644
CY207736.1	1557	1911	1	0	1	1557
CY207736.1	1566	1995	1	1	2	1566
CY207736.1	1589	2163	1	0	1	1589
CY207736.1	1595	2209	1	0	1	1595
CY207736.1	1638	2176	1	0	1	1638
CY207736.1	1663	1771	0	1	1	1771
CY207736.1	1677	1700	1	0	1	1677
CY207736.1	1690	2203	0	1	1	2203
CY207736.1	1740	1810	1	0	1	1740
CY207736.1	1741	1965	0	1	1	1965
CY207736.1	1765	1890	3	0	3	1765
CY207736.1	1789	2006	1	1	2	1789
CY207736.1	1868	1933	1	0	1	1868
CY207736.1	1909	2312	1	0	1	1909
CY207736.1	1970	2016	2	0	2	1970
CY207736.1	2008	2092	1	0	1	2008
CY207736.1	2103	2176	0	2	2	2176
CY207736.1	2130	2216	1	0	1	2130
CY207736.1	2132	2170	2	0	2	2132
CY207736.1	2132	2180	1	0	1	2132
CY207736.1	2134	2172	0	1	1	2172
CY207736.1	2139	2272	1	0	1	2139
CY207736.1	2148	2183	0	1	1	2183
CY207736.1	2236	2270	0	1	1	2270
CY207736.1	248	311	1	0	1	248
CY207736.1	266	2253	1	0	1	266
CY207736.1	270	1786	1	0	1	270
CY207736.1	277	1626	1	0	1	277
CY207736.1	279	2255	4	0	4	279
CY207736.1	280	442	1	0	1	280
CY207736.1	282	1398	2	0	2	282
CY207736.1	286	315	1	1	2	286
CY207736.1	290	2239	3	0	3	290
CY207736.1	291	2163	1	0	1	291
CY207736.1	292	2222	0	1	1	2222
CY207736.1	292	371	1	0	1	292
CY207736.1	310	2147	0	2	2	2147
CY207736.1	314	2183	0	5	5	2183
CY207736.1	334	2148	0	1	1	2148
CY207736.1	334	2153	0	2	2	2153
CY207736.1	334	2238	0	1	1	2238
CY207736.1	334	2252	0	1	1	2252
CY207736.1	336	808	0	1	1	808
CY207736.1	341	1014	1	0	1	341
CY207736.1	359	2148	8	56	64	359
CY207736.1	360	2039	1	1	2	360
CY207736.1	360	2132	0	5	5	2132
CY207736.1	360	2147	1	0	1	360
CY207736.1	360	2155	0	1	1	2155
CY207736.1	362	2245	0	1	1	2245
CY207736.1	363	2136	1	0	1	363
CY207736.1	363	2182	3	12	15	363
CY207736.1	365	2143	0	1	1	2143
CY207736.1	367	2160	0	1	1	2160
CY207736.1	367	2182	0	1	1	2182
CY207736.1	367	658	1	0	1	367
CY207736.1	380	2133	0	1	1	2133
CY207736.1	385	2063	1	0	1	385
CY207736.1	390	2180	0	1	1	2180
CY207736.1	391	2140	0	2	2	2140
CY207736.1	397	2252	0	1	1	2252
CY207736.1	403	2004	1	0	1	403
CY207736.1	403	2064	0	2	2	2064
CY207736.1	403	2148	0	1	1	2148
CY207736.1	409	2141	0	1	1	2141
CY207736.1	415	2140	0	1	1	2140
CY207736.1	415	2147	0	3	3	2147
CY207736.1	415	2155	0	6	6	2155
CY207736.1	415	445	1	1	2	415
CY207736.1	415	466	2	4	6	415
CY207736.1	430	2133	1	1	2	430
CY207736.1	433	2033	1	1	2	433
CY207736.1	435	2143	0	25	25	2143
CY207736.1	453	1950	1	0	1	453
CY207736.1	453	2144	0	1	1	2144
CY207736.1	455	1216	1	0	1	455
CY207736.1	458	1581	0	1	1	1581
CY207736.1	458	2076	0	1	1	2076
CY207736.1	462	952	1	0	1	462
CY207736.1	467	1511	0	1	1	1511
CY207736.1	467	952	0	1	1	952
CY207736.1	472	569	1	0	1	472
CY207736.1	475	648	1	0	1	475
CY207736.1	476	2065	1	0	1	476
CY207736.1	477	2027	0	3	3	2027
CY207736.1	482	512	2	0	2	482
CY207736.1	484	2226	5	1	6	484
CY207736.1	500	2032	7	0	7	500
CY207736.1	500	2064	0	1	1	2064
CY207736.1	512	2148	2	0	2	512
CY207736.1	514	2229	0	1	1	2229
CY207736.1	517	1556	0	1	1	1556
CY207736.1	528	870	1	0	1	528
CY207736.1	538	1934	0	1	1	1934
CY207736.1	542	943	1	0	1	542
CY207736.1	547	1893	1	0	1	547
CY207736.1	552	2017	0	1	1	2017
CY207736.1	564	904	2	0	2	564
CY207736.1	580	2031	0	3	3	2031
CY207736.1	582	2005	0	1	1	2005
CY207736.1	583	2339	0	1	1	2339
CY207736.1	584	1961	1	0	1	584
CY207736.1	584	2273	1	1	2	584
CY207736.1	586	2105	0	1	1	2105
CY207736.1	592	874	1	0	1	592
CY207736.1	596	1957	7	2	9	596
CY207736.1	596	2002	1	0	1	596
CY207736.1	601	669	1	0	1	601
CY207736.1	607	1895	1	0	1	607
CY207736.1	607	2038	15	5	20	607
CY207736.1	609	1156	0	1	1	1156
CY207736.1	609	1840	0	2	2	1840
CY207736.1	612	1863	1	0	1	612
CY207736.1	613	1903	2	0	2	613
CY207736.1	617	1939	1	0	1	617
CY207736.1	625	1463	1	0	1	625
CY207736.1	627	1929	1	0	1	627
CY207736.1	627	1942	0	1	1	1942
CY207736.1	630	1889	1	0	1	630
CY207736.1	634	1915	1	0	1	634
CY207736.1	638	1990	0	1	1	1990
CY207736.1	639	1933	1	0	1	639
CY207736.1	643	1116	1	0	1	643
CY207736.1	647	1941	0	1	1	1941
CY207736.1	657	1856	1	0	1	657
CY207736.1	666	1002	2	0	2	666
CY207736.1	673	1870	1	0	1	673
CY207736.1	673	1987	0	1	1	1987
CY207736.1	673	2063	1	0	1	673
CY207736.1	679	1882	0	1	1	1882
CY207736.1	696	1899	0	1	1	1899
CY207736.1	696	779	1	0	1	696
CY207736.1	697	1895	0	2	2	1895
CY207736.1	699	1995	3	2	5	699
CY207736.1	701	1686	0	1	1	1686
CY207736.1	702	1667	1	0	1	702
CY207736.1	711	1827	1	0	1	711
CY207736.1	714	2355	0	1	1	2355
CY207736.1	716	811	1	0	1	716
CY207736.1	723	1647	0	1	1	1647
CY207736.1	723	1994	1	3	4	723
CY207736.1	723	2202	0	1	1	2202
CY207736.1	728	1825	3	1	4	728
CY207736.1	730	1932	0	1	1	1932
CY207736.1	736	1738	2	2	4	736
CY207736.1	736	1766	3	3	6	736
CY207736.1	756	824	0	1	1	824
CY207736.1	767	1952	4	1	5	767
CY207736.1	771	1889	1	0	1	771
CY207736.1	773	1679	0	1	1	1679
CY207736.1	773	1723	1	1	2	773
CY207736.1	773	1895	2	0	2	773
CY207736.1	780	2353	0	1	1	2353
CY207736.1	782	1735	4	0	4	782
CY207736.1	785	843	1	0	1	785
CY207736.1	786	1337	1	0	1	786
CY207736.1	809	1813	0	1	1	1813
CY207736.1	811	1432	1	0	1	811
CY207736.1	878	1977	2	1	3	878
CY207736.1	885	1865	0	1	1	1865
CY207736.1	897	2353	0	1	1	2353
CY207736.1	906	1671	1	0	1	906
CY207736.1	912	1585	1	0	1	912
CY207736.1	925	1173	1	0	1	925
CY207736.1	926	1079	1	0	1	926
CY207736.1	928	1730	0	1	1	1730
CY207736.1	929	2339	0	1	1	2339
CY207736.1	947	1652	1	0	1	947
CY207736.1	951	1343	1	0	1	951
CY207736.1	978	1489	1	2	3	978
CY207736.1	981	1337	1	0	1	981
CY207736.1	981	2012	0	1	1	2012
CY207736.1	997	2239	1	0	1	997
CY207736.1	997	2255	0	1	1	2255
CY207737.1	1000	1648	3	5	8	1000
CY207737.1	1012	1076	0	1	1	1076
CY207737.1	1015	1665	0	1	1	1665
CY207737.1	1063	2388	0	1	1	2388
CY207737.1	1066	1531	1	0	1	1066
CY207737.1	1118	1328	1	0	1	1118
CY207737.1	1120	1872	0	1	1	1872
CY207737.1	1145	1886	0	1	1	1886
CY207737.1	1199	2038	0	1	1	2038
CY207737.1	1262	2034	0	1	1	2034
CY207737.1	1273	1322	0	1	1	1322
CY207737.1	1303	2355	0	1	1	2355
CY207737.1	1306	2043	0	4	4	2043
CY207737.1	1308	1664	1	0	1	1308
CY207737.1	1384	1720	0	1	1	1720
CY207737.1	1385	2256	0	1	1	2256
CY207737.1	1548	2112	1	0	1	1548
CY207737.1	1605	2225	0	1	1	2225
CY207737.1	1606	2352	0	1	1	2352
CY207737.1	1614	2158	1	0	1	1614
CY207737.1	1690	1877	0	1	1	1877
CY207737.1	1706	2134	1	0	1	1706
CY207737.1	1709	2353	0	1	1	2353
CY207737.1	1734	1806	0	1	1	1806
CY207737.1	1741	1797	1	1	2	1741
CY207737.1	1759	2474	0	1	1	2474
CY207737.1	1772	1818	0	1	1	1818
CY207737.1	1951	2033	0	1	1	2033
CY207737.1	2278	2303	0	1	1	2303
CY207737.1	2283	2322	1	0	1	2283
CY207737.1	2294	2394	0	1	1	2394
CY207737.1	2340	2456	0	1	1	2456
CY207737.1	2370	2463	0	1	1	2463
CY207737.1	247	291	2	0	2	247
CY207737.1	248	273	1	0	1	248
CY207737.1	263	2104	2	0	2	263
CY207737.1	267	2329	1	0	1	267
CY207737.1	281	346	1	0	1	281
CY207737.1	288	2334	3	0	3	288
CY207737.1	303	2319	1	0	1	303
CY207737.1	333	2285	1	0	1	333
CY207737.1	343	1097	1	0	1	343
CY207737.1	348	2255	1	0	1	348
CY207737.1	349	2359	0	1	1	2359
CY207737.1	356	2285	1	0	1	356
CY207737.1	363	2225	0	1	1	2225
CY207737.1	388	2209	5	6	11	388
CY207737.1	404	1131	3	2	5	404
CY207737.1	430	2068	1	0	1	430
CY207737.1	454	2370	1	0	1	454
CY207737.1	466	2181	0	1	1	2181
CY207737.1	485	1444	1	0	1	485
CY207737.1	485	2352	0	1	1	2352
CY207737.1	488	2155	0	1	1	2155
CY207737.1	491	514	1	0	1	491
CY207737.1	494	2373	0	2	2	2373
CY207737.1	521	2209	0	3	3	2209
CY207737.1	521	2355	1	0	1	521
CY207737.1	537	1497	1	0	1	537
CY207737.1	547	2144	1	0	1	547
CY207737.1	566	2150	0	1	1	2150
CY207737.1	575	1803	0	1	1	1803
CY207737.1	580	1798	0	1	1	1798
CY207737.1	581	620	0	1	1	620
CY207737.1	584	2095	4	5	9	584
CY207737.1	591	1782	0	1	1	1782
CY207737.1	594	2129	1	0	1	594
CY207737.1	635	1274	1	0	1	635
CY207737.1	635	1885	1	0	1	635
CY207737.1	635	2042	1	0	1	635
CY207737.1	637	1821	1	0	1	637
CY207737.1	643	2020	1	0	1	643
CY207737.1	664	1663	0	1	1	1663
CY207737.1	667	1688	1	0	1	667
CY207737.1	677	1959	1	0	1	677
CY207737.1	682	1991	0	1	1	1991
CY207737.1	698	2026	1	0	1	698
CY207737.1	732	1916	0	1	1	1916
CY207737.1	734	1438	1	0	1	734
CY207737.1	751	2105	1	1	2	751
CY207737.1	759	1997	1	0	1	759
CY207737.1	768	1635	1	0	1	768
CY207737.1	769	905	0	1	1	905
CY207737.1	787	2339	2	0	2	787
CY207737.1	804	1308	0	1	1	1308
CY207737.1	804	1593	0	1	1	1593
CY207737.1	835	1575	0	1	1	1575
CY207737.1	836	1796	1	0	1	836
CY207737.1	840	1800	1	0	1	840
CY207737.1	850	1757	1	0	1	850
CY207737.1	918	1462	0	1	1	1462
CY207737.1	925	2367	1	0	1	925
CY207737.1	935	2259	0	1	1	2259
CY207737.1	941	1988	1	0	1	941
CY207737.1	983	2008	1	0	1	983
CY207738.1	1000	1896	1	0	1	1000
CY207738.1	1009	2278	0	1	1	2278
CY207738.1	1064	2365	0	1	1	2365
CY207738.1	1070	1682	1	0	1	1070
CY207738.1	1111	1745	1	0	1	1111
CY207738.1	1124	2330	1	0	1	1124
CY207738.1	1163	1632	1	0	1	1163
CY207738.1	1184	2304	1	0	1	1184
CY207738.1	1187	2457	0	1	1	2457
CY207738.1	1198	1239	1	0	1	1198
CY207738.1	1199	1940	0	1	1	1940
CY207738.1	1202	1507	0	1	1	1507
CY207738.1	1202	1709	1	0	1	1202
CY207738.1	1202	2110	0	1	1	2110
CY207738.1	1216	1542	0	1	1	1542
CY207738.1	1220	1266	1	0	1	1220
CY207738.1	1228	2209	0	1	1	2209
CY207738.1	1243	1460	0	1	1	1460
CY207738.1	1297	1864	0	1	1	1864
CY207738.1	1298	2078	0	1	1	2078
CY207738.1	1321	2395	0	1	1	2395
CY207738.1	1328	2386	0	1	1	2386
CY207738.1	1393	2039	0	1	1	2039
CY207738.1	1446	2333	1	0	1	1446
CY207738.1	1471	2416	1	0	1	1471
CY207738.1	1513	1941	0	1	1	1941
CY207738.1	1517	2374	1	0	1	1517
CY207738.1	1525	2098	0	1	1	2098
CY207738.1	1539	1981	1	0	1	1539
CY207738.1	1545	1654	1	0	1	1545
CY207738.1	1547	2238	1	0	1	1547
CY207738.1	1599	2223	0	1	1	2223
CY207738.1	1649	1795	0	1	1	1795
CY207738.1	1675	1735	1	0	1	1675
CY207738.1	1702	2147	1	0	1	1702
CY207738.1	1703	2303	1	0	1	1703
CY207738.1	1705	2090	0	1	1	2090
CY207738.1	1740	1802	1	0	1	1740
CY207738.1	1790	2140	0	1	1	2140
CY207738.1	1910	1947	1	0	1	1910
CY207738.1	1914	1954	1	0	1	1914
CY207738.1	1956	2319	0	1	1	2319
CY207738.1	2148	2185	1	0	1	2148
CY207738.1	2156	2317	0	1	1	2317
CY207738.1	2169	2364	0	1	1	2364
CY207738.1	2256	2326	2	0	2	2256
CY207738.1	2409	2492	0	1	1	2492
CY207738.1	266	1300	1	0	1	266
CY207738.1	278	1352	1	0	1	278
CY207738.1	285	1211	1	0	1	285
CY207738.1	287	2030	2	0	2	287
CY207738.1	340	1306	1	0	1	340
CY207738.1	355	2059	0	2	2	2059
CY207738.1	355	2367	0	1	1	2367
CY207738.1	356	1162	0	1	1	1162
CY207738.1	356	2304	3	11	14	356
CY207738.1	363	456	0	1	1	456
CY207738.1	367	2337	0	1	1	2337
CY207738.1	368	2264	0	1	1	2264
CY207738.1	368	2304	0	2	2	2304
CY207738.1	368	398	1	3	4	368
CY207738.1	369	1912	0	1	1	1912
CY207738.1	373	2314	0	2	2	2314
CY207738.1	374	2311	1	3	4	374
CY207738.1	377	1891	0	1	1	1891
CY207738.1	380	1809	0	1	1	1809
CY207738.1	383	2323	0	1	1	2323
CY207738.1	384	2275	2	15	17	384
CY207738.1	385	2290	2	16	18	385
CY207738.1	391	1627	1	0	1	391
CY207738.1	391	1631	0	1	1	1631
CY207738.1	408	2215	0	1	1	2215
CY207738.1	411	800	0	1	1	800
CY207738.1	414	2210	0	1	1	2210
CY207738.1	426	2375	0	1	1	2375
CY207738.1	429	1412	1	0	1	429
CY207738.1	430	2198	1	0	1	430
CY207738.1	433	1406	0	1	1	1406
CY207738.1	433	927	1	0	1	433
CY207738.1	441	2266	0	2	2	2266
CY207738.1	453	2265	2	1	3	453
CY207738.1	468	1011	1	0	1	468
CY207738.1	469	2135	0	1	1	2135
CY207738.1	475	2141	0	1	1	2141
CY207738.1	483	2140	2	0	2	483
CY207738.1	492	2187	0	2	2	2187
CY207738.1	500	1964	1	0	1	500
CY207738.1	506	1853	1	0	1	506
CY207738.1	519	2162	1	2	3	519
CY207738.1	520	2188	1	3	4	520
CY207738.1	520	2363	1	1	2	520
CY207738.1	521	2152	1	1	2	521
CY207738.1	521	2254	0	1	1	2254
CY207738.1	525	1337	0	1	1	1337
CY207738.1	534	2129	4	6	10	534
CY207738.1	542	2328	0	1	1	2328
CY207738.1	543	2172	1	1	2	543
CY207738.1	544	2266	0	1	1	2266
CY207738.1	547	1618	0	1	1	1618
CY207738.1	557	2082	1	0	1	557
CY207738.1	558	1091	1	0	1	558
CY207738.1	588	2030	0	1	1	2030
CY207738.1	594	1437	1	0	1	594
CY207738.1	607	1134	1	0	1	607
CY207738.1	628	2050	1	0	1	628
CY207738.1	630	1851	0	1	1	1851
CY207738.1	637	1980	1	0	1	637
CY207738.1	646	1999	0	1	1	1999
CY207738.1	652	761	1	0	1	652
CY207738.1	653	1927	1	0	1	653
CY207738.1	683	1128	1	0	1	683
CY207738.1	690	2038	0	1	1	2038
CY207738.1	693	934	0	1	1	934
CY207738.1	698	1993	0	1	1	1993
CY207738.1	699	2351	1	0	1	699
CY207738.1	719	1223	0	1	1	1223
CY207738.1	732	2396	0	1	1	2396
CY207738.1	740	860	1	0	1	740
CY207738.1	751	2137	0	1	1	2137
CY207738.1	755	1834	0	1	1	1834
CY207738.1	762	1308	1	0	1	762
CY207738.1	769	1044	0	1	1	1044
CY207738.1	774	1675	0	1	1	1675
CY207738.1	785	2322	1	0	1	785
CY207738.1	793	1860	0	1	1	1860
CY207738.1	794	1801	1	0	1	794
CY207738.1	795	1538	1	0	1	795
CY207738.1	799	1126	0	1	1	1126
CY207738.1	806	1810	1	0	1	806
CY207738.1	806	2238	1	0	1	806
CY207738.1	821	1767	1	1	2	821
CY207738.1	821	2184	1	0	1	821
CY207738.1	843	1815	1	0	1	843
CY207738.1	848	2300	0	1	1	2300
CY207738.1	857	1846	1	0	1	857
CY207738.1	859	1557	0	1	1	1557
CY207738.1	870	2204	1	0	1	870
CY207738.1	889	1916	1	0	1	889
CY207738.1	892	1357	0	1	1	1357
CY207738.1	902	1873	1	0	1	902
CY207738.1	905	1872	0	1	1	1872
CY207738.1	942	2430	0	1	1	2430
CY207738.1	944	1793	2	2	4	944
CY207738.1	946	1794	1	0	1	946
CY207738.1	965	1459	0	1	1	1459
CY207738.1	967	1665	0	1	1	1665
CY207738.1	976	1234	0	1	1	1234
CY207738.1	982	1844	1	0	1	982
CY207738.1	993	1744	1	0	1	993
