Segment	Start	Stop	Forward_support	Reverse_support	Total_support	Fuzz_factor
CY207731.1	1016	1130	1	0	1	1016
CY207731.1	1053	1169	1	0	1	1053
CY207731.1	1061	1593	1	0	1	1061
CY207731.1	1067	1104	1	0	1	1067
CY207731.1	1080	1148	1	0	1	1080
CY207731.1	1084	1348	0	1	1	1348
CY207731.1	1091	1409	0	1	1	1409
CY207731.1	1097	1157	1	1	2	1097
CY207731.1	1116	1203	1	0	1	1116
CY207731.1	1152	1693	1	0	1	1152
CY207731.1	1153	1535	0	1	1	1535
CY207731.1	1165	1831	0	1	1	1831
CY207731.1	1172	1340	0	1	1	1340
CY207731.1	1182	1839	0	1	1	1839
CY207731.1	1250	1710	0	1	1	1710
CY207731.1	1267	1341	1	0	1	1267
CY207731.1	1273	1749	1	0	1	1273
CY207731.1	1274	1351	0	1	1	1351
CY207731.1	1304	1326	0	1	1	1326
CY207731.1	1307	1499	0	1	1	1499
CY207731.1	1314	1796	0	1	1	1796
CY207731.1	1338	1362	1	0	1	1338
CY207731.1	1342	1459	1	0	1	1342
CY207731.1	1348	1753	0	1	1	1753
CY207731.1	1350	1389	1	0	1	1350
CY207731.1	1356	1647	1	0	1	1356
CY207731.1	1357	1416	2	1	3	1357
CY207731.1	1370	1395	0	1	1	1395
CY207731.1	1383	1640	0	1	1	1640
CY207731.1	1390	1451	0	1	1	1451
CY207731.1	1433	1639	1	0	1	1433
CY207731.1	1434	1758	0	1	1	1758
CY207731.1	1456	1651	1	0	1	1456
CY207731.1	1506	1851	0	1	1	1851
CY207731.1	1553	1789	1	0	1	1553
CY207731.1	1665	1729	3	1	4	1665
CY207731.1	1668	1775	0	1	1	1775
CY207731.1	1671	1830	1	0	1	1671
CY207731.1	259	294	1	0	1	259
CY207731.1	266	1709	1	0	1	266
CY207731.1	270	1334	1	0	1	270
CY207731.1	287	1092	1	0	1	287
CY207731.1	293	1807	2	0	2	293
CY207731.1	317	1394	0	1	1	1394
CY207731.1	328	1398	0	1	1	1398
CY207731.1	348	996	1	0	1	348
CY207731.1	349	1125	0	1	1	1125
CY207731.1	370	1609	0	1	1	1609
CY207731.1	371	1599	0	1	1	1599
CY207731.1	372	1738	7	18	25	372
CY207731.1	372	1832	0	1	1	1832
CY207731.1	378	1057	1	0	1	378
CY207731.1	385	1579	5	21	26	385
CY207731.1	391	1703	1	0	1	391
CY207731.1	393	1593	1	7	8	393
CY207731.1	395	763	0	1	1	763
CY207731.1	398	1643	0	1	1	1643
CY207731.1	402	1736	0	1	1	1736
CY207731.1	408	1736	1	0	1	408
CY207731.1	409	1605	1	0	1	409
CY207731.1	413	1494	0	1	1	1494
CY207731.1	419	631	0	1	1	631
CY207731.1	421	1342	1	0	1	421
CY207731.1	421	1344	1	0	1	421
CY207731.1	421	526	0	1	1	526
CY207731.1	436	1695	0	1	1	1695
CY207731.1	437	877	0	1	1	877
CY207731.1	438	1182	0	1	1	1182
CY207731.1	442	1783	0	1	1	1783
CY207731.1	442	918	0	1	1	918
CY207731.1	472	1705	5	1	6	472
CY207731.1	479	1481	1	0	1	479
CY207731.1	483	1452	1	0	1	483
CY207731.1	484	943	1	0	1	484
CY207731.1	492	1235	1	0	1	492
CY207731.1	498	1272	0	1	1	1272
CY207731.1	509	855	1	0	1	509
CY207731.1	528	1382	1	0	1	528
CY207731.1	532	660	0	1	1	660
CY207731.1	532	758	0	1	1	758
CY207731.1	537	1339	0	1	1	1339
CY207731.1	542	1760	1	0	1	542
CY207731.1	549	1384	9	5	14	549
CY207731.1	561	1018	1	1	2	561
CY207731.1	565	1641	0	2	2	1641
CY207731.1	567	1620	1	6	7	567
CY207731.1	580	1244	1	0	1	580
CY207731.1	587	1755	1	0	1	587
CY207731.1	600	1915	0	1	1	1915
CY207731.1	627	1613	0	1	1	1613
CY207731.1	629	781	0	1	1	781
CY207731.1	646	1039	1	0	1	646
CY207731.1	692	909	0	1	1	909
CY207731.1	703	1565	1	1	2	703
CY207731.1	724	1786	1	0	1	724
CY207731.1	731	1181	1	0	1	731
CY207731.1	739	1151	1	0	1	739
CY207731.1	740	1611	1	0	1	740
CY207731.1	742	1704	1	0	1	742
CY207731.1	773	1513	1	0	1	773
CY207731.1	796	1185	0	1	1	1185
CY207731.1	810	1710	0	1	1	1710
CY207731.1	815	1274	1	0	1	815
CY207731.1	819	1320	1	0	1	819
CY207731.1	822	1452	0	1	1	1452
CY207731.1	857	1171	2	0	2	857
CY207731.1	863	1679	1	0	1	863
CY207731.1	865	1046	0	1	1	1046
CY207731.1	874	943	1	0	1	874
CY207731.1	885	1401	0	1	1	1401
CY207731.1	905	1630	1	0	1	905
CY207731.1	957	1019	1	0	1	957
CY207731.1	965	1365	0	1	1	1365
CY207731.1	967	1634	1	0	1	967
CY207731.1	969	1103	1	0	1	969
CY207731.1	984	1518	0	1	1	1518
CY207731.1	993	1112	0	1	1	1112
CY207731.1	993	1232	1	0	1	993
CY207732.1	1033	1164	0	2	2	1164
CY207732.1	247	949	1	0	1	247
CY207732.1	254	548	6	0	6	254
CY207732.1	256	418	1	0	1	256
CY207732.1	260	543	1	0	1	260
CY207732.1	263	431	1	0	1	263
CY207732.1	268	550	1	0	1	268
CY207732.1	269	735	8	0	8	269
CY207732.1	275	848	16	0	16	275
CY207732.1	283	493	1	0	1	283
CY207732.1	311	857	1	2	3	311
CY207732.1	319	493	1	0	1	319
CY207732.1	321	802	1	2	3	321
CY207732.1	332	648	1	0	1	332
CY207732.1	340	1000	0	1	1	1000
CY207732.1	342	1078	1	0	1	342
CY207732.1	350	564	0	1	1	564
CY207732.1	350	709	0	1	1	709
CY207732.1	356	472	1	0	1	356
CY207732.1	359	485	0	1	1	485
CY207732.1	367	840	1	0	1	367
CY207732.1	376	979	1	0	1	376
CY207732.1	389	726	0	1	1	726
CY207732.1	389	825	0	1	1	825
CY207732.1	392	1072	1	0	1	392
CY207732.1	393	979	0	1	1	979
CY207732.1	394	425	1	0	1	394
CY207732.1	394	873	1	0	1	394
CY207732.1	394	901	1	0	1	394
CY207732.1	404	465	0	1	1	465
CY207732.1	413	1054	5	12	17	413
CY207732.1	415	1110	1	0	1	415
CY207732.1	416	727	1	0	1	416
CY207732.1	416	887	0	1	1	887
CY207732.1	419	706	3	9	12	419
CY207732.1	424	830	2	10	12	424
CY207732.1	435	748	0	1	1	748
CY207732.1	439	464	0	1	1	464
CY207732.1	442	694	0	1	1	694
CY207732.1	447	628	0	1	1	628
CY207732.1	450	819	0	1	1	819
CY207732.1	473	496	0	1	1	496
CY207732.1	478	1136	0	1	1	1136
CY207732.1	478	553	0	1	1	553
CY207732.1	478	568	0	1	1	568
CY207732.1	478	819	1	0	1	478
CY207732.1	493	796	1	0	1	493
CY207732.1	494	911	1	0	1	494
CY207732.1	496	1044	0	1	1	1044
CY207732.1	500	673	1	0	1	500
CY207732.1	500	681	1	0	1	500
CY207732.1	501	1076	0	1	1	1076
CY207732.1	518	1030	1	2	3	518
CY207732.1	527	727	0	1	1	727
CY207732.1	549	897	1	3	4	549
CY207732.1	554	985	0	1	1	985
CY207732.1	600	788	1	0	1	600
CY207732.1	600	991	9	3	12	600
CY207732.1	601	685	1	3	4	601
CY207732.1	605	1137	0	1	1	1137
CY207732.1	605	802	0	1	1	802
CY207732.1	613	708	3	1	4	613
CY207732.1	617	957	0	1	1	957
CY207732.1	622	851	2	0	2	622
CY207732.1	622	972	0	1	1	972
CY207732.1	624	812	0	1	1	812
CY207732.1	649	961	0	1	1	961
CY207732.1	652	1050	1	0	1	652
CY207732.1	655	1042	0	1	1	1042
CY207732.1	660	1046	1	0	1	660
CY207732.1	676	1031	1	0	1	676
CY207732.1	679	815	3	7	10	679
CY207732.1	688	1155	0	1	1	1155
CY207732.1	692	1114	0	1	1	1114
CY207732.1	697	826	0	1	1	826
CY207732.1	700	846	1	0	1	700
CY207732.1	709	943	1	0	1	709
CY207732.1	710	784	2	3	5	710
CY207732.1	710	820	1	0	1	710
CY207732.1	712	819	0	1	1	819
CY207732.1	718	860	2	8	10	718
CY207732.1	719	1001	0	1	1	1001
CY207732.1	738	1061	0	1	1	1061
CY207732.1	738	777	0	1	1	777
CY207732.1	742	993	0	1	1	993
CY207732.1	758	1031	1	0	1	758
CY207732.1	764	898	0	1	1	898
CY207732.1	768	850	2	0	2	768
CY207732.1	792	862	0	1	1	862
CY207732.1	797	1021	1	0	1	797
CY207732.1	803	1034	4	0	4	803
CY207732.1	808	907	1	0	1	808
CY207732.1	817	866	1	1	2	817
CY207732.1	819	1018	0	1	1	1018
CY207732.1	839	1060	0	1	1	1060
CY207732.1	862	974	0	1	1	974
CY207732.1	881	1012	1	0	1	881
CY207732.1	924	1134	0	1	1	1134
CY207732.1	933	1019	1	2	3	933
CY207733.1	1008	1360	0	1	1	1360
CY207733.1	1028	1138	0	1	1	1138
CY207733.1	1039	1317	1	0	1	1039
CY207733.1	1090	1184	2	1	3	1090
CY207733.1	1105	1158	1	0	1	1105
CY207733.1	1180	1491	0	1	1	1491
CY207733.1	1191	1549	0	1	1	1549
CY207733.1	1204	1448	1	0	1	1204
CY207733.1	1245	1401	1	0	1	1245
CY207733.1	1246	1471	1	0	1	1246
CY207733.1	1267	1299	1	1	2	1267
CY207733.1	1296	1413	1	0	1	1296
CY207733.1	1301	1431	0	1	1	1431
CY207733.1	1308	1469	1	0	1	1308
CY207733.1	1325	1476	1	0	1	1325
CY207733.1	1328	1368	0	1	1	1368
CY207733.1	1328	1479	1	0	1	1328
CY207733.1	1352	1468	1	0	1	1352
CY207733.1	1355	1555	0	1	1	1555
CY207733.1	1362	1423	1	0	1	1362
CY207733.1	1376	1488	1	0	1	1376
CY207733.1	1378	1493	0	1	1	1493
CY207733.1	1389	1444	4	5	9	1389
CY207733.1	1504	1536	1	0	1	1504
CY207733.1	1513	1554	1	0	1	1513
CY207733.1	269	1482	5	0	5	269
CY207733.1	270	1391	7	1	8	270
CY207733.1	278	1513	1	0	1	278
CY207733.1	280	323	1	0	1	280
CY207733.1	283	1215	1	0	1	283
CY207733.1	300	1402	1	0	1	300
CY207733.1	304	1327	2	12	14	304
CY207733.1	354	386	0	3	3	386
CY207733.1	362	1417	1	0	1	362
CY207733.1	363	1419	4	4	8	363
CY207733.1	366	1131	0	1	1	1131
CY207733.1	366	668	0	1	1	668
CY207733.1	382	1296	0	1	1	1296
CY207733.1	384	572	0	1	1	572
CY207733.1	394	476	0	1	1	476
CY207733.1	395	1373	0	2	2	1373
CY207733.1	402	1311	0	1	1	1311
CY207733.1	424	789	0	1	1	789
CY207733.1	443	913	0	1	1	913
CY207733.1	444	813	0	1	1	813
CY207733.1	488	1164	0	1	1	1164
CY207733.1	497	1014	1	0	1	497
CY207733.1	510	753	0	1	1	753
CY207733.1	531	1433	1	0	1	531
CY207733.1	531	800	0	1	1	800
CY207733.1	578	1163	0	1	1	1163
CY207733.1	579	1493	0	1	1	1493
CY207733.1	582	1051	2	0	2	582
CY207733.1	586	1324	1	0	1	586
CY207733.1	588	1057	2	0	2	588
CY207733.1	588	962	1	0	1	588
CY207733.1	624	1404	1	0	1	624
CY207733.1	643	726	1	0	1	643
CY207733.1	658	1468	1	0	1	658
CY207733.1	667	1124	0	1	1	1124
CY207733.1	678	1596	0	1	1	1596
CY207733.1	679	804	1	0	1	679
CY207733.1	701	1181	0	1	1	1181
CY207733.1	738	1206	1	0	1	738
CY207733.1	765	1249	1	0	1	765
CY207733.1	766	1128	1	0	1	766
CY207733.1	767	1104	0	1	1	1104
CY207733.1	776	833	0	1	1	833
CY207733.1	799	1060	1	0	1	799
CY207733.1	821	847	0	1	1	847
CY207733.1	856	1453	1	0	1	856
CY207733.1	864	1298	0	1	1	1298
CY207733.1	905	1417	0	1	1	1417
CY207733.1	948	1027	0	2	2	1027
CY207733.1	961	1292	0	1	1	1292
CY207733.1	989	1215	1	0	1	989
CY207734.1	1001	1494	0	1	1	1494
CY207734.1	1017	1251	0	1	1	1251
CY207734.1	1032	1585	1	0	1	1032
CY207734.1	1066	1146	1	0	1	1066
CY207734.1	1106	1268	0	1	1	1268
CY207734.1	1163	1437	0	1	1	1437
CY207734.1	1210	1232	0	1	1	1232
CY207734.1	1279	1342	3	0	3	1279
CY207734.1	1288	1366	1	0	1	1288
CY207734.1	1325	1557	0	1	1	1557
CY207734.1	1421	1544	2	0	2	1421
CY207734.1	1423	1547	0	1	1	1547
CY207734.1	1442	1599	0	1	1	1599
CY207734.1	1460	1601	1	0	1	1460
CY207734.1	1522	1568	0	1	1	1568
CY207734.1	1528	1578	1	0	1	1528
CY207734.1	1534	1588	1	0	1	1534
CY207734.1	1589	1695	0	1	1	1695
CY207734.1	1651	1695	0	5	5	1695
CY207734.1	245	1521	1	0	1	245
CY207734.1	246	603	1	0	1	246
CY207734.1	273	1554	1	0	1	273
CY207734.1	277	1092	1	0	1	277
CY207734.1	280	1225	1	0	1	280
CY207734.1	281	1356	1	0	1	281
CY207734.1	288	822	1	0	1	288
CY207734.1	290	1287	1	0	1	290
CY207734.1	313	1387	1	1	2	313
CY207734.1	342	1691	0	1	1	1691
CY207734.1	346	817	1	0	1	346
CY207734.1	355	469	0	1	1	469
CY207734.1	374	1435	0	1	1	1435
CY207734.1	396	1176	0	1	1	1176
CY207734.1	405	936	0	1	1	936
CY207734.1	409	645	0	1	1	645
CY207734.1	409	870	1	4	5	409
CY207734.1	417	1019	1	0	1	417
CY207734.1	419	509	1	0	1	419
CY207734.1	419	918	1	0	1	419
CY207734.1	421	940	1	2	3	421
CY207734.1	423	1437	1	0	1	423
CY207734.1	426	1583	1	0	1	426
CY207734.1	439	1251	0	1	1	1251
CY207734.1	440	957	0	1	1	957
CY207734.1	444	1655	0	1	1	1655
CY207734.1	453	790	0	1	1	790
CY207734.1	455	900	1	0	1	455
CY207734.1	463	1187	0	1	1	1187
CY207734.1	463	792	0	1	1	792
CY207734.1	465	1590	1	0	1	465
CY207734.1	466	797	0	1	1	797
CY207734.1	476	1184	0	1	1	1184
CY207734.1	477	1226	0	1	1	1226
CY207734.1	484	1551	0	1	1	1551
CY207734.1	496	577	1	0	1	496
CY207734.1	498	1461	0	1	1	1461
CY207734.1	501	1067	1	0	1	501
CY207734.1	502	975	1	0	1	502
CY207734.1	515	846	1	0	1	515
CY207734.1	520	618	1	0	1	520
CY207734.1	521	1621	1	2	3	521
CY207734.1	522	841	4	2	6	522
CY207734.1	533	1182	1	0	1	533
CY207734.1	536	1120	1	0	1	536
CY207734.1	538	866	3	2	5	538
CY207734.1	541	651	0	1	1	651
CY207734.1	546	877	0	1	1	877
CY207734.1	556	1583	1	0	1	556
CY207734.1	562	586	1	0	1	562
CY207734.1	588	1353	1	0	1	588
CY207734.1	600	1577	1	0	1	600
CY207734.1	600	760	1	0	1	600
CY207734.1	607	1135	1	0	1	607
CY207734.1	611	1456	1	0	1	611
CY207734.1	631	1576	1	0	1	631
CY207734.1	637	1505	1	0	1	637
CY207734.1	641	836	0	1	1	836
CY207734.1	645	958	1	0	1	645
CY207734.1	669	940	0	1	1	940
CY207734.1	710	1539	0	1	1	1539
CY207734.1	713	1226	1	0	1	713
CY207734.1	713	1399	1	3	4	713
CY207734.1	718	1464	0	1	1	1464
CY207734.1	720	1233	3	6	9	720
CY207734.1	727	1545	1	0	1	727
CY207734.1	729	1511	1	0	1	729
CY207734.1	739	1384	0	1	1	1384
CY207734.1	741	814	0	1	1	814
CY207734.1	784	1084	1	0	1	784
CY207734.1	785	1006	1	0	1	785
CY207734.1	800	1144	0	1	1	1144
CY207734.1	837	1271	0	1	1	1271
CY207734.1	837	1601	0	1	1	1601
CY207734.1	861	937	1	0	1	861
CY207734.1	864	1344	0	1	1	1344
CY207734.1	876	1269	0	1	1	1269
CY207734.1	876	1299	1	0	1	876
CY207734.1	876	1449	1	0	1	876
CY207734.1	892	1141	0	1	1	1141
CY207734.1	898	1085	2	2	4	898
CY207734.1	899	1145	1	0	1	899
CY207734.1	902	1088	0	1	1	1088
CY207734.1	919	1417	1	0	1	919
CY207734.1	936	1272	0	1	1	1272
CY207734.1	948	1489	4	0	4	948
CY207734.1	962	1280	0	1	1	1280
CY207734.1	997	1042	0	1	1	1042
CY207734.1	999	1468	1	0	1	999
CY207735.1	342	576	0	3	3	576
CY207735.1	351	791	1	15	16	351
CY207735.1	441	626	0	1	1	626
CY207735.1	461	563	2	9	11	461
CY207735.1	462	584	0	1	1	584
CY207735.1	475	675	1	0	1	475
CY207735.1	478	712	1	0	1	478
CY207735.1	499	729	2	0	2	499
CY207735.1	511	740	51	107	158	511
CY207735.1	519	746	0	11	11	746
CY207735.1	568	837	1	0	1	568
CY207735.1	608	759	1	0	1	608
CY207735.1	619	699	1	0	1	619
CY207735.1	624	705	0	1	1	705
CY207735.1	646	688	1	0	1	646
CY207735.1	732	865	1	0	1	732
CY207735.1	782	823	1	0	1	782
CY207736.1	1008	1570	0	1	1	1570
CY207736.1	1011	1309	1	0	1	1011
CY207736.1	1033	2353	0	5	5	2353
CY207736.1	1049	1351	1	0	1	1049
CY207736.1	1073	1446	1	0	1	1073
CY207736.1	1078	1403	1	0	1	1078
CY207736.1	1090	1506	2	3	5	1090
CY207736.1	1092	2294	1	2	3	1092
CY207736.1	1094	1510	1	0	1	1094
CY207736.1	1096	2365	0	1	1	2365
CY207736.1	1133	2043	0	1	1	2043
CY207736.1	1157	2369	0	1	1	2369
CY207736.1	1160	1300	1	0	1	1160
CY207736.1	1167	1425	0	1	1	1425
CY207736.1	1178	1400	1	0	1	1178
CY207736.1	1182	1421	0	1	1	1421
CY207736.1	1187	1265	1	0	1	1187
CY207736.1	1192	1943	1	0	1	1192
CY207736.1	1206	2043	0	1	1	2043
CY207736.1	1209	1957	3	3	6	1209
CY207736.1	1247	2167	1	0	1	1247
CY207736.1	1258	1647	0	3	3	1647
CY207736.1	1275	1758	1	5	6	1275
CY207736.1	1303	1618	0	1	1	1618
CY207736.1	1309	2050	1	0	1	1309
CY207736.1	1383	1509	0	1	1	1509
CY207736.1	1407	1738	0	1	1	1738
CY207736.1	1509	1962	1	0	1	1509
CY207736.1	1558	1623	0	1	1	1623
CY207736.1	1566	1995	3	7	10	1566
CY207736.1	1637	2364	0	1	1	2364
CY207736.1	1662	2198	0	3	3	2198
CY207736.1	1705	2316	0	1	1	2316
CY207736.1	1737	2040	0	1	1	2040
CY207736.1	1841	1871	1	1	2	1841
CY207736.1	1859	2231	1	0	1	1859
CY207736.1	1864	1951	0	1	1	1951
CY207736.1	1898	2103	1	0	1	1898
CY207736.1	1919	2296	0	1	1	2296
CY207736.1	1922	2245	0	1	1	2245
CY207736.1	1937	1968	1	0	1	1937
CY207736.1	1964	2344	0	1	1	2344
CY207736.1	2087	2274	0	1	1	2274
CY207736.1	2108	2190	1	1	2	2108
CY207736.1	2141	2171	0	2	2	2171
CY207736.1	2203	2246	1	0	1	2203
CY207736.1	266	1041	1	0	1	266
CY207736.1	267	1694	1	0	1	267
CY207736.1	277	1713	2	0	2	277
CY207736.1	281	2251	1	0	1	281
CY207736.1	282	2222	1	0	1	282
CY207736.1	290	1483	1	0	1	290
CY207736.1	306	2285	0	1	1	2285
CY207736.1	377	1630	1	0	1	377
CY207736.1	383	1734	0	1	1	1734
CY207736.1	385	436	5	30	35	385
CY207736.1	388	1303	0	1	1	1303
CY207736.1	392	2140	1	7	8	392
CY207736.1	394	1345	0	1	1	1345
CY207736.1	397	1710	1	0	1	397
CY207736.1	399	1752	0	2	2	1752
CY207736.1	413	1413	1	0	1	413
CY207736.1	414	1694	0	1	1	1694
CY207736.1	417	1417	1	0	1	417
CY207736.1	427	1065	1	0	1	427
CY207736.1	432	2109	1	1	2	432
CY207736.1	433	695	2	1	3	433
CY207736.1	435	478	2	2	4	435
CY207736.1	440	1436	1	0	1	440
CY207736.1	442	2178	0	1	1	2178
CY207736.1	450	1392	6	0	6	450
CY207736.1	463	1607	1	0	1	463
CY207736.1	475	648	1	0	1	475
CY207736.1	475	878	0	1	1	878
CY207736.1	476	1459	1	0	1	476
CY207736.1	478	2090	0	13	13	2090
CY207736.1	483	1465	1	0	1	483
CY207736.1	483	1628	1	0	1	483
CY207736.1	504	1951	34	3	37	504
CY207736.1	512	2064	5	5	10	512
CY207736.1	546	2027	1	2	3	546
CY207736.1	546	2058	21	19	40	546
CY207736.1	555	1895	34	6	40	555
CY207736.1	555	2040	1	0	1	555
CY207736.1	562	2019	5	2	7	562
CY207736.1	563	1850	1	0	1	563
CY207736.1	563	2009	1	2	3	563
CY207736.1	579	1950	1	3	4	579
CY207736.1	584	1509	1	1	2	584
CY207736.1	584	1961	0	4	4	1961
CY207736.1	593	1045	0	1	1	1045
CY207736.1	596	2002	2	2	4	596
CY207736.1	598	904	1	0	1	598
CY207736.1	616	2027	0	2	2	2027
CY207736.1	619	1956	5	4	9	619
CY207736.1	621	1895	3	7	10	621
CY207736.1	628	1903	0	1	1	1903
CY207736.1	632	1630	1	0	1	632
CY207736.1	638	1891	7	4	11	638
CY207736.1	661	930	1	1	2	661
CY207736.1	665	1437	1	0	1	665
CY207736.1	671	1731	1	0	1	671
CY207736.1	672	806	1	0	1	672
CY207736.1	696	779	1	0	1	696
CY207736.1	699	1995	1	7	8	699
CY207736.1	702	1736	3	4	7	702
CY207736.1	702	1895	29	33	62	702
CY207736.1	716	811	1	2	3	716
CY207736.1	722	2004	1	2	3	722
CY207736.1	723	1994	10	8	18	723
CY207736.1	726	2079	0	1	1	2079
CY207736.1	726	2228	1	0	1	726
CY207736.1	731	1736	2	5	7	731
CY207736.1	733	932	0	1	1	932
CY207736.1	734	1931	0	1	1	1931
CY207736.1	742	1782	2	2	4	742
CY207736.1	753	1756	4	2	6	753
CY207736.1	761	2246	0	1	1	2246
CY207736.1	761	919	1	0	1	761
CY207736.1	767	1952	16	10	26	767
CY207736.1	775	1736	1	2	3	775
CY207736.1	778	1395	1	0	1	778
CY207736.1	786	1972	1	0	1	786
CY207736.1	793	885	1	0	1	793
CY207736.1	800	2155	0	1	1	2155
CY207736.1	810	1275	1	0	1	810
CY207736.1	810	1512	1	0	1	810
CY207736.1	810	1701	1	0	1	810
CY207736.1	812	2149	1	0	1	812
CY207736.1	814	1710	2	0	2	814
CY207736.1	816	1785	0	3	3	1785
CY207736.1	818	1503	1	0	1	818
CY207736.1	821	858	0	1	1	858
CY207736.1	823	1719	1	1	2	823
CY207736.1	826	1529	1	0	1	826
CY207736.1	845	1563	1	0	1	845
CY207736.1	851	1736	4	5	9	851
CY207736.1	853	1791	7	4	11	853
CY207736.1	853	2104	0	1	1	2104
CY207736.1	869	1705	2	0	2	869
CY207736.1	875	1687	1	2	3	875
CY207736.1	878	1414	1	0	1	878
CY207736.1	881	1329	0	1	1	1329
CY207736.1	899	1782	4	4	8	899
CY207736.1	901	1740	0	1	1	1740
CY207736.1	902	1854	0	1	1	1854
CY207736.1	908	1043	0	1	1	1043
CY207736.1	928	1730	3	4	7	928
CY207736.1	935	1572	1	0	1	935
CY207736.1	935	1639	0	1	1	1639
CY207736.1	959	1651	0	1	1	1651
CY207736.1	960	1432	1	0	1	960
CY207736.1	964	1548	0	1	1	1548
CY207736.1	977	1122	1	0	1	977
CY207736.1	992	1140	5	2	7	992
CY207737.1	1064	2372	1	0	1	1064
CY207737.1	1103	1815	0	1	1	1815
CY207737.1	1106	1891	0	1	1	1891
CY207737.1	1133	1979	0	1	1	1979
CY207737.1	1292	2310	1	0	1	1292
CY207737.1	1351	2366	0	1	1	2366
CY207737.1	1403	2172	0	1	1	2172
CY207737.1	1410	2478	0	1	1	2478
CY207737.1	1475	1575	0	1	1	1575
CY207737.1	1476	1701	0	1	1	1701
CY207737.1	1534	1961	0	1	1	1961
CY207737.1	1562	2107	1	0	1	1562
CY207737.1	1667	1900	1	0	1	1667
CY207737.1	1667	2172	0	1	1	2172
CY207737.1	1773	2470	0	1	1	2470
CY207737.1	1873	2460	0	1	1	2460
CY207737.1	1957	2179	0	1	1	2179
CY207737.1	2001	2056	1	0	1	2001
CY207737.1	2010	2355	0	1	1	2355
CY207737.1	2228	2272	1	0	1	2228
CY207737.1	2320	2359	2	0	2	2320
CY207737.1	266	1262	1	0	1	266
CY207737.1	287	2110	2	0	2	287
CY207737.1	313	2120	1	0	1	313
CY207737.1	341	614	3	0	3	341
CY207737.1	376	952	1	0	1	376
CY207737.1	377	1534	1	0	1	377
CY207737.1	378	2216	0	7	7	2216
CY207737.1	415	2233	0	1	1	2233
CY207737.1	428	2060	2	0	2	428
CY207737.1	448	2096	5	0	5	448
CY207737.1	489	921	1	0	1	489
CY207737.1	495	1972	0	1	1	1972
CY207737.1	513	2159	1	0	1	513
CY207737.1	517	1963	5	1	6	517
CY207737.1	542	2169	5	1	6	542
CY207737.1	576	2094	3	4	7	576
CY207737.1	591	825	1	0	1	591
CY207737.1	599	2025	1	1	2	599
CY207737.1	620	894	0	1	1	894
CY207737.1	662	722	1	0	1	662
CY207737.1	678	1263	1	0	1	678
CY207737.1	687	1849	3	2	5	687
CY207737.1	693	2064	1	1	2	693
CY207737.1	725	955	0	1	1	955
CY207737.1	737	1645	1	0	1	737
CY207737.1	763	2136	1	0	1	763
CY207737.1	777	1945	0	1	1	1945
CY207737.1	782	929	1	0	1	782
CY207737.1	785	1280	1	0	1	785
CY207737.1	803	1821	1	0	1	803
CY207737.1	817	1921	1	0	1	817
CY207737.1	824	1920	0	4	4	1920
CY207737.1	839	1934	0	1	1	1934
CY207737.1	842	1383	2	0	2	842
CY207737.1	851	1891	1	0	1	851
CY207737.1	853	1761	0	1	1	1761
CY207737.1	855	1675	1	1	2	855
CY207737.1	898	1351	0	1	1	1351
CY207737.1	909	2162	0	1	1	2162
CY207737.1	933	2291	0	1	1	2291
CY207737.1	971	2307	0	1	1	2307
CY207737.1	978	1711	0	4	4	1711
CY207738.1	1021	1591	1	0	1	1021
CY207738.1	1028	2458	0	1	1	2458
CY207738.1	1032	1741	1	0	1	1032
CY207738.1	1033	1825	1	0	1	1033
CY207738.1	1034	1766	0	1	1	1766
CY207738.1	1063	1252	1	0	1	1063
CY207738.1	1073	1201	1	0	1	1073
CY207738.1	1107	1642	1	0	1	1107
CY207738.1	1109	1387	1	3	4	1109
CY207738.1	1112	1428	1	0	1	1112
CY207738.1	1125	1397	0	1	1	1397
CY207738.1	1127	1819	1	0	1	1127
CY207738.1	1128	1820	0	3	3	1820
CY207738.1	1148	1177	1	1	2	1148
CY207738.1	1148	1382	1	0	1	1148
CY207738.1	1170	1836	0	1	1	1836
CY207738.1	1290	1405	1	3	4	1290
CY207738.1	1344	1470	0	1	1	1470
CY207738.1	1356	2057	0	1	1	2057
CY207738.1	1368	1999	0	1	1	1999
CY207738.1	1384	2243	1	0	1	1384
CY207738.1	1389	2332	1	0	1	1389
CY207738.1	1414	2157	1	0	1	1414
CY207738.1	1436	2022	0	1	1	2022
CY207738.1	1469	1753	1	0	1	1469
CY207738.1	1494	1892	0	1	1	1892
CY207738.1	1513	1700	0	1	1	1700
CY207738.1	1531	2224	1	0	1	1531
CY207738.1	1560	2490	0	1	1	2490
CY207738.1	1574	1797	1	0	1	1574
CY207738.1	1603	2028	1	0	1	1603
CY207738.1	1604	1823	0	1	1	1823
CY207738.1	1625	2447	0	1	1	2447
CY207738.1	1682	2159	0	1	1	2159
CY207738.1	1692	2303	1	0	1	1692
CY207738.1	1770	1852	1	0	1	1770
CY207738.1	1809	2017	0	1	1	2017
CY207738.1	1820	1924	0	1	1	1924
CY207738.1	1912	1967	2	0	2	1912
CY207738.1	1926	2169	1	0	1	1926
CY207738.1	1948	2171	0	1	1	2171
CY207738.1	2024	2355	0	1	1	2355
CY207738.1	2107	2304	0	1	1	2304
CY207738.1	2236	2264	0	1	1	2264
CY207738.1	2256	2326	3	0	3	2256
CY207738.1	2292	2359	0	1	1	2359
CY207738.1	241	1221	1	0	1	241
CY207738.1	284	1473	1	0	1	284
CY207738.1	284	2133	1	0	1	284
CY207738.1	308	1204	0	1	1	1204
CY207738.1	320	2266	1	0	1	320
CY207738.1	329	2274	0	1	1	2274
CY207738.1	332	1228	1	1	2	332
CY207738.1	334	2149	1	0	1	334
CY207738.1	346	2235	2	0	2	346
CY207738.1	357	2246	1	0	1	357
CY207738.1	360	2045	0	1	1	2045
CY207738.1	361	2278	0	1	1	2278
CY207738.1	362	2279	0	4	4	2279
CY207738.1	363	2280	26	190	216	363
CY207738.1	371	2296	2	13	15	371
CY207738.1	380	2179	1	0	1	380
CY207738.1	383	2359	1	1	2	383
CY207738.1	395	2155	22	144	166	395
CY207738.1	397	2158	0	1	1	2158
CY207738.1	401	1346	0	1	1	1346
CY207738.1	404	776	1	0	1	404
CY207738.1	408	2215	0	2	2	2215
CY207738.1	408	2379	0	1	1	2379
CY207738.1	410	2295	0	16	16	2295
CY207738.1	414	2221	0	2	2	2221
CY207738.1	419	2088	1	4	5	419
CY207738.1	424	1370	1	0	1	424
CY207738.1	425	1629	0	1	1	1629
CY207738.1	425	2306	0	2	2	2306
CY207738.1	427	2039	0	1	1	2039
CY207738.1	429	1408	0	1	1	1408
CY207738.1	431	2300	0	1	1	2300
CY207738.1	432	499	1	0	1	432
CY207738.1	439	2226	0	1	1	2226
CY207738.1	439	2360	0	1	1	2360
CY207738.1	449	820	0	1	1	820
CY207738.1	468	2186	7	7	14	468
CY207738.1	469	1753	0	1	1	1753
CY207738.1	486	1746	0	1	1	1746
CY207738.1	491	2217	9	10	19	491
CY207738.1	523	2117	1	0	1	523
CY207738.1	542	2203	1	0	1	542
CY207738.1	562	943	0	1	1	943
CY207738.1	574	1913	6	3	9	574
CY207738.1	579	2069	2	5	7	579
CY207738.1	582	2368	1	0	1	582
CY207738.1	596	1672	0	1	1	1672
CY207738.1	605	1760	1	0	1	605
CY207738.1	614	1003	1	0	1	614
CY207738.1	645	1566	1	0	1	645
CY207738.1	645	2071	1	2	3	645
CY207738.1	648	2026	1	0	1	648
CY207738.1	653	1319	0	1	1	1319
CY207738.1	671	1080	0	1	1	1080
CY207738.1	688	1039	1	0	1	688
CY207738.1	699	1361	1	0	1	699
CY207738.1	713	1971	2	2	4	713
CY207738.1	730	2002	1	1	2	730
CY207738.1	742	1837	1	0	1	742
CY207738.1	766	1570	0	1	1	1570
CY207738.1	793	1851	1	0	1	793
CY207738.1	795	1923	1	2	3	795
CY207738.1	796	1420	0	1	1	1420
CY207738.1	797	2325	5	5	10	797
CY207738.1	804	2067	1	0	1	804
CY207738.1	811	1842	1	0	1	811
CY207738.1	814	2377	0	1	1	2377
CY207738.1	824	2084	0	1	1	2084
CY207738.1	839	1838	0	1	1	1838
CY207738.1	846	1469	1	1	2	846
CY207738.1	858	1718	0	1	1	1718
CY207738.1	860	1989	0	1	1	1989
CY207738.1	877	2184	4	3	7	877
CY207738.1	886	1163	0	2	2	1163
CY207738.1	896	1101	1	3	4	896
CY207738.1	924	2175	1	0	1	924
CY207738.1	942	1263	0	1	1	1263
CY207738.1	947	1118	0	1	1	1118
CY207738.1	964	1007	0	1	1	1007
CY207738.1	988	1834	1	3	4	988
CY207738.1	996	1413	0	1	1	1413
