Segment	Start	Stop	Forward_support	Reverse_support	Total_support	Fuzz_factor
CY207731.1	1007	1412	1	0	1	1007
CY207731.1	1013	1136	1	0	1	1013
CY207731.1	1031	1093	0	1	1	1093
CY207731.1	1064	1263	1	0	1	1064
CY207731.1	1066	1357	1	3	4	1066
CY207731.1	1084	1393	1	0	1	1084
CY207731.1	1085	1177	3	0	3	1085
CY207731.1	1089	1793	1	0	1	1089
CY207731.1	1097	1157	1	2	3	1097
CY207731.1	1117	1456	0	1	1	1456
CY207731.1	1164	1365	0	1	1	1365
CY207731.1	1176	1457	1	0	1	1176
CY207731.1	1176	1800	0	1	1	1800
CY207731.1	1178	1607	0	1	1	1607
CY207731.1	1180	1493	0	1	1	1493
CY207731.1	1182	1756	1	0	1	1182
CY207731.1	1203	1616	0	1	1	1616
CY207731.1	1209	1520	0	1	1	1520
CY207731.1	1213	1821	1	0	1	1213
CY207731.1	1258	1438	1	0	1	1258
CY207731.1	1266	1392	1	0	1	1266
CY207731.1	1274	1737	0	1	1	1737
CY207731.1	1293	1708	1	0	1	1293
CY207731.1	1304	1326	1	1	2	1304
CY207731.1	1305	1660	1	0	1	1305
CY207731.1	1311	1357	3	4	7	1311
CY207731.1	1325	1691	0	1	1	1691
CY207731.1	1352	1494	0	1	1	1494
CY207731.1	1353	1451	1	0	1	1353
CY207731.1	1356	1647	2	5	7	1356
CY207731.1	1357	1416	0	2	2	1416
CY207731.1	1363	1522	0	1	1	1522
CY207731.1	1482	1538	0	1	1	1538
CY207731.1	1592	1748	0	1	1	1748
CY207731.1	1650	1861	0	1	1	1861
CY207731.1	1656	1734	1	0	1	1656
CY207731.1	1690	1742	1	0	1	1690
CY207731.1	248	1859	1	0	1	248
CY207731.1	253	1293	7	0	7	253
CY207731.1	256	1624	1	0	1	256
CY207731.1	267	1778	1	0	1	267
CY207731.1	273	605	0	1	1	605
CY207731.1	286	1499	1	0	1	286
CY207731.1	286	495	1	0	1	286
CY207731.1	294	1786	1	0	1	294
CY207731.1	303	1710	0	1	1	1710
CY207731.1	337	1288	0	1	1	1288
CY207731.1	338	868	0	1	1	868
CY207731.1	349	1189	0	1	1	1189
CY207731.1	350	570	0	1	1	570
CY207731.1	350	851	0	1	1	851
CY207731.1	363	526	0	1	1	526
CY207731.1	373	853	1	0	1	373
CY207731.1	380	536	0	1	1	536
CY207731.1	384	1646	1	11	12	384
CY207731.1	414	757	0	1	1	757
CY207731.1	416	892	0	1	1	892
CY207731.1	421	1771	1	0	1	421
CY207731.1	421	967	1	0	1	421
CY207731.1	430	1513	0	1	1	1513
CY207731.1	430	1734	0	1	1	1734
CY207731.1	441	544	0	1	1	544
CY207731.1	443	573	0	1	1	573
CY207731.1	445	760	0	1	1	760
CY207731.1	448	1460	0	1	1	1460
CY207731.1	450	1544	0	1	1	1544
CY207731.1	453	1805	1	0	1	453
CY207731.1	460	1030	0	1	1	1030
CY207731.1	462	1509	2	7	9	462
CY207731.1	470	1757	1	0	1	470
CY207731.1	474	1526	0	1	1	1526
CY207731.1	477	1505	0	1	1	1505
CY207731.1	481	1553	1	0	1	481
CY207731.1	490	629	1	0	1	490
CY207731.1	502	779	1	0	1	502
CY207731.1	505	994	1	0	1	505
CY207731.1	511	1266	0	1	1	1266
CY207731.1	528	1382	0	1	1	1382
CY207731.1	529	1414	6	4	10	529
CY207731.1	561	1018	2	3	5	561
CY207731.1	565	1020	0	1	1	1020
CY207731.1	565	1641	4	2	6	565
CY207731.1	568	1204	6	0	6	568
CY207731.1	572	1826	0	1	1	1826
CY207731.1	575	607	1	0	1	575
CY207731.1	583	1192	0	1	1	1192
CY207731.1	592	1091	0	1	1	1091
CY207731.1	593	1369	1	0	1	593
CY207731.1	597	1040	0	1	1	1040
CY207731.1	602	1354	0	1	1	1354
CY207731.1	603	976	1	0	1	603
CY207731.1	604	1118	1	0	1	604
CY207731.1	612	1171	0	1	1	1171
CY207731.1	614	1050	0	1	1	1050
CY207731.1	616	1126	1	0	1	616
CY207731.1	620	782	1	0	1	620
CY207731.1	627	1651	0	1	1	1651
CY207731.1	630	1837	1	0	1	630
CY207731.1	631	1421	0	1	1	1421
CY207731.1	646	927	0	1	1	927
CY207731.1	656	1412	1	2	3	656
CY207731.1	671	1199	0	1	1	1199
CY207731.1	687	980	1	0	1	687
CY207731.1	712	1284	0	1	1	1284
CY207731.1	722	1672	1	0	1	722
CY207731.1	760	952	1	0	1	760
CY207731.1	766	1763	0	1	1	1763
CY207731.1	781	1820	1	0	1	781
CY207731.1	789	1496	1	0	1	789
CY207731.1	798	1669	0	1	1	1669
CY207731.1	814	1837	0	1	1	1837
CY207731.1	819	1114	0	1	1	1114
CY207731.1	820	1320	1	0	1	820
CY207731.1	828	1707	0	1	1	1707
CY207731.1	841	1877	0	1	1	1877
CY207731.1	858	1191	0	1	1	1191
CY207731.1	864	1892	0	1	1	1892
CY207731.1	870	983	1	0	1	870
CY207731.1	873	1133	1	0	1	873
CY207731.1	874	1365	1	0	1	874
CY207731.1	882	1010	1	0	1	882
CY207731.1	907	1720	0	1	1	1720
CY207731.1	918	1497	0	1	1	1497
CY207731.1	940	1157	1	0	1	940
CY207731.1	951	1242	1	0	1	951
CY207731.1	952	1424	0	1	1	1424
CY207731.1	998	1423	0	1	1	1423
CY207732.1	1063	1127	0	1	1	1127
CY207732.1	251	961	1	0	1	251
CY207732.1	258	555	1	0	1	258
CY207732.1	276	1084	1	0	1	276
CY207732.1	277	667	1	0	1	277
CY207732.1	278	356	1	0	1	278
CY207732.1	279	839	1	0	1	279
CY207732.1	293	524	0	1	1	524
CY207732.1	298	1137	0	1	1	1137
CY207732.1	320	689	0	1	1	689
CY207732.1	321	802	2	1	3	321
CY207732.1	339	1021	1	0	1	339
CY207732.1	347	573	1	1	2	347
CY207732.1	350	961	1	0	1	350
CY207732.1	356	589	0	1	1	589
CY207732.1	371	559	1	0	1	371
CY207732.1	378	416	0	1	1	416
CY207732.1	379	1134	0	1	1	1134
CY207732.1	381	474	0	1	1	474
CY207732.1	392	434	1	0	1	392
CY207732.1	393	1012	1	0	1	393
CY207732.1	393	1072	1	0	1	393
CY207732.1	394	934	0	1	1	934
CY207732.1	401	1153	0	1	1	1153
CY207732.1	402	697	0	1	1	697
CY207732.1	403	774	0	1	1	774
CY207732.1	405	982	0	1	1	982
CY207732.1	412	656	0	1	1	656
CY207732.1	419	1003	0	1	1	1003
CY207732.1	434	1021	1	0	1	434
CY207732.1	440	488	0	6	6	488
CY207732.1	441	907	0	1	1	907
CY207732.1	450	666	0	1	1	666
CY207732.1	452	690	0	1	1	690
CY207732.1	453	744	0	1	1	744
CY207732.1	458	726	0	1	1	726
CY207732.1	468	724	1	0	1	468
CY207732.1	472	918	1	0	1	472
CY207732.1	478	845	0	1	1	845
CY207732.1	487	1138	0	1	1	1138
CY207732.1	488	544	1	0	1	488
CY207732.1	511	760	1	0	1	511
CY207732.1	518	731	1	0	1	518
CY207732.1	522	977	1	0	1	522
CY207732.1	527	1146	0	1	1	1146
CY207732.1	532	811	1	0	1	532
CY207732.1	535	795	1	0	1	535
CY207732.1	535	900	1	0	1	535
CY207732.1	540	835	2	3	5	540
CY207732.1	569	691	0	1	1	691
CY207732.1	582	1035	0	1	1	1035
CY207732.1	587	719	0	1	1	719
CY207732.1	596	1070	0	1	1	1070
CY207732.1	599	701	0	1	1	701
CY207732.1	601	1044	0	1	1	1044
CY207732.1	602	961	1	2	3	602
CY207732.1	608	638	1	0	1	608
CY207732.1	613	708	0	2	2	708
CY207732.1	616	1161	0	1	1	1161
CY207732.1	621	731	1	0	1	621
CY207732.1	621	812	0	1	1	812
CY207732.1	646	873	0	1	1	873
CY207732.1	659	739	1	0	1	659
CY207732.1	685	839	2	3	5	685
CY207732.1	690	974	3	4	7	690
CY207732.1	697	772	0	1	1	772
CY207732.1	709	741	0	1	1	741
CY207732.1	713	936	2	2	4	713
CY207732.1	715	965	2	2	4	715
CY207732.1	716	798	2	0	2	716
CY207732.1	718	860	3	5	8	718
CY207732.1	718	959	1	1	2	718
CY207732.1	779	840	1	1	2	779
CY207732.1	783	874	0	1	1	874
CY207732.1	790	833	2	1	3	790
CY207732.1	792	1021	0	1	1	1021
CY207732.1	801	904	3	0	3	801
CY207732.1	801	959	1	0	1	801
CY207732.1	804	918	3	3	6	804
CY207732.1	811	1135	0	1	1	1135
CY207732.1	817	866	3	1	4	817
CY207732.1	841	1142	0	1	1	1142
CY207732.1	852	1094	1	0	1	852
CY207732.1	858	917	1	0	1	858
CY207732.1	860	980	1	0	1	860
CY207732.1	871	913	1	1	2	871
CY207732.1	881	1012	0	2	2	1012
CY207732.1	919	1016	1	0	1	919
CY207732.1	941	1066	0	1	1	1066
CY207732.1	951	1002	0	1	1	1002
CY207732.1	959	1035	1	0	1	959
CY207732.1	973	1036	2	1	3	973
CY207733.1	1071	1328	0	1	1	1328
CY207733.1	1079	1163	1	2	3	1079
CY207733.1	1079	1165	1	0	1	1079
CY207733.1	1083	1423	0	1	1	1423
CY207733.1	1096	1275	1	0	1	1096
CY207733.1	1105	1208	0	2	2	1208
CY207733.1	1120	1421	1	0	1	1120
CY207733.1	1141	1194	1	0	1	1141
CY207733.1	1161	1414	0	1	1	1414
CY207733.1	1186	1496	1	0	1	1186
CY207733.1	1293	1414	0	1	1	1414
CY207733.1	1310	1467	1	0	1	1310
CY207733.1	1330	1432	0	1	1	1432
CY207733.1	1538	1570	8	54	62	1538
CY207733.1	1538	1583	1	1	2	1538
CY207733.1	238	968	1	0	1	238
CY207733.1	258	1441	1	0	1	258
CY207733.1	265	1364	1	0	1	265
CY207733.1	269	1308	1	0	1	269
CY207733.1	270	1493	10	0	10	270
CY207733.1	270	354	20	2	22	270
CY207733.1	290	1382	4	0	4	290
CY207733.1	300	1391	22	40	62	300
CY207733.1	307	938	1	0	1	307
CY207733.1	348	1506	2	1	3	348
CY207733.1	351	452	0	1	1	452
CY207733.1	371	1358	2	5	7	371
CY207733.1	380	1444	6	3	9	380
CY207733.1	381	933	0	1	1	933
CY207733.1	382	1371	0	1	1	1371
CY207733.1	396	884	0	1	1	884
CY207733.1	406	443	0	1	1	443
CY207733.1	414	473	0	1	1	473
CY207733.1	440	946	0	2	2	946
CY207733.1	442	1386	4	5	9	442
CY207733.1	447	1025	1	0	1	447
CY207733.1	448	1292	0	1	1	1292
CY207733.1	470	819	0	1	1	819
CY207733.1	496	1251	1	0	1	496
CY207733.1	508	586	1	0	1	508
CY207733.1	531	1396	1	0	1	531
CY207733.1	548	1252	1	0	1	548
CY207733.1	556	942	0	1	1	942
CY207733.1	558	836	0	1	1	836
CY207733.1	560	1128	0	1	1	1128
CY207733.1	569	594	0	1	1	594
CY207733.1	595	625	1	0	1	595
CY207733.1	600	1005	0	1	1	1005
CY207733.1	644	1430	1	0	1	644
CY207733.1	651	1108	0	1	1	1108
CY207733.1	656	1518	1	0	1	656
CY207733.1	659	1109	0	1	1	1109
CY207733.1	676	1586	0	1	1	1586
CY207733.1	677	1508	0	1	1	1508
CY207733.1	694	824	1	0	1	694
CY207733.1	748	869	0	3	3	869
CY207733.1	761	1225	0	1	1	1225
CY207733.1	762	1338	1	0	1	762
CY207733.1	778	1364	0	1	1	1364
CY207733.1	802	864	0	1	1	864
CY207733.1	805	831	0	1	1	831
CY207733.1	877	1338	0	1	1	1338
CY207733.1	928	1134	0	1	1	1134
CY207733.1	965	1054	0	1	1	1054
CY207734.1	1003	1144	1	0	1	1003
CY207734.1	1012	1084	0	1	1	1084
CY207734.1	1022	1100	1	0	1	1022
CY207734.1	1098	1188	0	1	1	1188
CY207734.1	1108	1553	1	0	1	1108
CY207734.1	1136	1534	1	0	1	1136
CY207734.1	1172	1635	0	1	1	1635
CY207734.1	1204	1248	0	1	1	1248
CY207734.1	1257	1504	3	0	3	1257
CY207734.1	1258	1543	1	0	1	1258
CY207734.1	1298	1614	1	0	1	1298
CY207734.1	1319	1512	2	1	3	1319
CY207734.1	1392	1420	0	1	1	1420
CY207734.1	1405	1554	0	1	1	1554
CY207734.1	1421	1544	2	1	3	1421
CY207734.1	1424	1547	0	1	1	1547
CY207734.1	1425	1492	2	0	2	1425
CY207734.1	1433	1613	1	0	1	1433
CY207734.1	1435	1512	1	1	2	1435
CY207734.1	1441	1545	1	2	3	1441
CY207734.1	1451	1645	1	0	1	1451
CY207734.1	1460	1601	0	1	1	1601
CY207734.1	1485	1544	1	0	1	1485
CY207734.1	1560	1616	1	0	1	1560
CY207734.1	1564	1625	2	0	2	1564
CY207734.1	1580	1697	0	1	1	1697
CY207734.1	1589	1695	0	5	5	1695
CY207734.1	246	603	1	0	1	246
CY207734.1	253	608	1	0	1	253
CY207734.1	268	1258	1	0	1	268
CY207734.1	275	647	1	1	2	275
CY207734.1	275	805	1	0	1	275
CY207734.1	284	1046	1	0	1	284
CY207734.1	284	1426	1	0	1	284
CY207734.1	289	749	1	0	1	289
CY207734.1	290	1520	1	1	2	290
CY207734.1	331	1523	0	1	1	1523
CY207734.1	344	1368	0	1	1	1368
CY207734.1	346	1588	0	1	1	1588
CY207734.1	369	496	0	1	1	496
CY207734.1	374	1638	0	1	1	1638
CY207734.1	376	1468	0	1	1	1468
CY207734.1	377	970	0	1	1	970
CY207734.1	402	1717	0	1	1	1717
CY207734.1	407	743	1	0	1	407
CY207734.1	426	590	0	1	1	590
CY207734.1	434	1350	0	1	1	1350
CY207734.1	435	741	0	1	1	741
CY207734.1	439	1400	0	1	1	1400
CY207734.1	445	1227	0	1	1	1227
CY207734.1	457	557	0	1	1	557
CY207734.1	463	1453	0	1	1	1453
CY207734.1	473	1356	0	1	1	1356
CY207734.1	476	760	1	0	1	476
CY207734.1	477	1270	1	0	1	477
CY207734.1	479	1415	0	1	1	1415
CY207734.1	496	1359	0	1	1	1359
CY207734.1	498	982	1	0	1	498
CY207734.1	504	1406	0	1	1	1406
CY207734.1	515	836	1	0	1	515
CY207734.1	521	841	9	14	23	521
CY207734.1	522	560	0	1	1	560
CY207734.1	522	956	1	0	1	522
CY207734.1	533	1359	1	0	1	533
CY207734.1	536	558	0	1	1	558
CY207734.1	536	773	1	1	2	536
CY207734.1	558	1554	1	0	1	558
CY207734.1	572	912	0	1	1	912
CY207734.1	591	1090	1	0	1	591
CY207734.1	593	1618	1	0	1	593
CY207734.1	599	897	1	0	1	599
CY207734.1	617	1422	1	0	1	617
CY207734.1	658	1338	1	0	1	658
CY207734.1	658	1544	0	1	1	1544
CY207734.1	674	1555	1	0	1	674
CY207734.1	707	769	0	1	1	769
CY207734.1	724	1498	5	2	7	724
CY207734.1	741	814	1	1	2	741
CY207734.1	756	1641	1	1	2	756
CY207734.1	778	1094	1	1	2	778
CY207734.1	781	1327	1	0	1	781
CY207734.1	785	1248	0	1	1	1248
CY207734.1	801	1562	1	0	1	801
CY207734.1	808	1399	0	1	1	1399
CY207734.1	808	1707	0	1	1	1707
CY207734.1	820	1385	2	3	5	820
CY207734.1	822	1150	1	0	1	822
CY207734.1	824	1049	1	2	3	824
CY207734.1	824	1374	0	1	1	1374
CY207734.1	830	1014	1	0	1	830
CY207734.1	839	1403	0	1	1	1403
CY207734.1	881	1065	1	0	1	881
CY207734.1	884	1280	0	1	1	1280
CY207734.1	885	1134	1	0	1	885
CY207734.1	943	1031	0	1	1	1031
CY207734.1	947	1308	0	1	1	1308
CY207734.1	958	1139	5	1	6	958
CY207734.1	961	1089	0	1	1	1089
CY207734.1	977	1133	1	0	1	977
CY207734.1	999	1445	0	1	1	1445
CY207734.1	999	1598	0	1	1	1598
CY207735.1	269	588	1	0	1	269
CY207735.1	281	407	1	0	1	281
CY207735.1	314	357	0	1	1	357
CY207735.1	357	577	0	1	1	577
CY207735.1	371	562	0	1	1	562
CY207735.1	404	533	0	1	1	533
CY207735.1	435	533	0	1	1	533
CY207735.1	463	813	0	1	1	813
CY207735.1	499	729	1	0	1	499
CY207735.1	511	740	20	51	71	511
CY207735.1	519	746	0	2	2	746
CY207735.1	554	1035	0	1	1	1035
CY207735.1	585	725	2	1	3	585
CY207735.1	758	886	0	1	1	886
CY207736.1	1005	1592	2	3	5	1005
CY207736.1	1006	1549	2	1	3	1006
CY207736.1	1038	1812	1	0	1	1038
CY207736.1	1050	1593	0	1	1	1593
CY207736.1	1061	2281	0	1	1	2281
CY207736.1	1071	1978	1	0	1	1071
CY207736.1	1090	1506	1	0	1	1090
CY207736.1	1092	2294	2	1	3	1092
CY207736.1	1093	2154	1	0	1	1093
CY207736.1	1095	2005	7	16	23	1095
CY207736.1	1100	2013	0	1	1	2013
CY207736.1	1101	2212	0	1	1	2212
CY207736.1	1109	2020	0	4	4	2020
CY207736.1	1173	1204	1	0	1	1173
CY207736.1	1191	1316	0	2	2	1316
CY207736.1	1207	2112	1	0	1	1207
CY207736.1	1233	1676	1	0	1	1233
CY207736.1	1242	1686	1	3	4	1242
CY207736.1	1244	1287	0	1	1	1287
CY207736.1	1258	1647	1	1	2	1258
CY207736.1	1281	1801	1	0	1	1281
CY207736.1	1311	2088	0	1	1	2088
CY207736.1	1363	1431	1	2	3	1363
CY207736.1	1367	2254	1	0	1	1367
CY207736.1	1418	2253	1	0	1	1418
CY207736.1	1464	2164	0	1	1	2164
CY207736.1	1474	1823	0	1	1	1823
CY207736.1	1486	1628	0	1	1	1628
CY207736.1	1495	2244	1	0	1	1495
CY207736.1	1500	2043	1	1	2	1500
CY207736.1	1544	2007	0	1	1	2007
CY207736.1	1552	1760	1	4	5	1552
CY207736.1	1566	1995	1	1	2	1566
CY207736.1	1702	1834	1	2	3	1702
CY207736.1	1744	1972	0	1	1	1972
CY207736.1	1789	2006	1	0	1	1789
CY207736.1	1806	1871	1	0	1	1806
CY207736.1	2086	2123	0	2	2	2123
CY207736.1	2108	2190	3	2	5	2108
CY207736.1	2128	2152	1	0	1	2128
CY207736.1	2133	2164	53	29	82	2133
CY207736.1	2185	2265	0	1	1	2265
CY207736.1	2221	2350	0	3	3	2350
CY207736.1	2229	2328	0	1	1	2328
CY207736.1	2234	2347	0	1	1	2347
CY207736.1	254	2238	3	0	3	254
CY207736.1	259	1554	2	0	2	259
CY207736.1	259	912	1	0	1	259
CY207736.1	268	359	0	1	1	359
CY207736.1	274	1548	1	0	1	274
CY207736.1	274	1692	1	0	1	274
CY207736.1	274	2329	0	1	1	2329
CY207736.1	282	2063	2	0	2	282
CY207736.1	286	313	2	0	2	286
CY207736.1	288	818	1	0	1	288
CY207736.1	290	2052	1	0	1	290
CY207736.1	291	2216	1	0	1	291
CY207736.1	294	2078	0	1	1	2078
CY207736.1	295	1288	1	0	1	295
CY207736.1	297	1572	0	1	1	1572
CY207736.1	312	1092	1	0	1	312
CY207736.1	328	1194	0	1	1	1194
CY207736.1	337	986	0	1	1	986
CY207736.1	367	2075	1	0	1	367
CY207736.1	379	1059	1	0	1	379
CY207736.1	381	2157	0	1	1	2157
CY207736.1	388	1948	1	0	1	388
CY207736.1	391	835	1	0	1	391
CY207736.1	397	1710	0	1	1	1710
CY207736.1	403	1399	1	0	1	403
CY207736.1	404	710	1	0	1	404
CY207736.1	407	2134	60	67	127	407
CY207736.1	439	1583	1	0	1	439
CY207736.1	448	1412	1	0	1	448
CY207736.1	449	1680	0	1	1	1680
CY207736.1	460	2090	6	15	21	460
CY207736.1	462	1113	0	1	1	1113
CY207736.1	464	1692	0	1	1	1692
CY207736.1	465	1093	1	0	1	465
CY207736.1	483	2168	0	1	1	2168
CY207736.1	492	2041	2	6	8	492
CY207736.1	498	2228	1	0	1	498
CY207736.1	504	2207	1	0	1	504
CY207736.1	515	1910	2	0	2	515
CY207736.1	521	1424	1	0	1	521
CY207736.1	530	1668	2	1	3	530
CY207736.1	540	1879	1	0	1	540
CY207736.1	544	1368	1	0	1	544
CY207736.1	545	1271	1	0	1	545
CY207736.1	551	2002	1	0	1	551
CY207736.1	554	2009	1	0	1	554
CY207736.1	557	2040	3	3	6	557
CY207736.1	564	2035	1	0	1	564
CY207736.1	564	2065	2	1	3	564
CY207736.1	566	1931	1	0	1	566
CY207736.1	581	1927	2	0	2	581
CY207736.1	590	1923	1	1	2	590
CY207736.1	592	1898	1	0	1	592
CY207736.1	596	2002	10	7	17	596
CY207736.1	598	1929	1	0	1	598
CY207736.1	598	904	2	0	2	598
CY207736.1	601	1907	1	1	2	601
CY207736.1	602	803	1	0	1	602
CY207736.1	611	1950	220	174	394	611
CY207736.1	611	674	0	1	1	674
CY207736.1	613	704	0	1	1	704
CY207736.1	617	1914	0	2	2	1914
CY207736.1	622	1172	0	1	1	1172
CY207736.1	627	1889	0	1	1	1889
CY207736.1	639	2068	0	1	1	2068
CY207736.1	641	1525	1	0	1	641
CY207736.1	643	1909	1	1	2	643
CY207736.1	647	2068	0	1	1	2068
CY207736.1	651	1856	1	0	1	651
CY207736.1	677	1402	0	1	1	1402
CY207736.1	677	958	1	0	1	677
CY207736.1	681	2296	0	1	1	2296
CY207736.1	689	771	1	0	1	689
CY207736.1	692	1684	0	1	1	1684
CY207736.1	699	1995	1	0	1	699
CY207736.1	709	1802	2	0	2	709
CY207736.1	715	1835	2	0	2	715
CY207736.1	716	811	0	1	1	811
CY207736.1	719	1829	1	0	1	719
CY207736.1	719	1838	1	0	1	719
CY207736.1	722	1788	2	0	2	722
CY207736.1	723	1994	8	9	17	723
CY207736.1	727	1844	84	75	159	727
CY207736.1	732	1817	1	0	1	732
CY207736.1	748	1675	0	3	3	1675
CY207736.1	753	2267	1	0	1	753
CY207736.1	754	1807	1	0	1	754
CY207736.1	756	945	0	1	1	945
CY207736.1	767	1952	7	7	14	767
CY207736.1	771	1633	0	1	1	1633
CY207736.1	782	1795	1	2	3	782
CY207736.1	784	1573	0	1	1	1573
CY207736.1	806	1736	0	2	2	1736
CY207736.1	811	1495	1	0	1	811
CY207736.1	813	2089	0	1	1	2089
CY207736.1	814	2067	1	0	1	814
CY207736.1	825	1861	0	1	1	1861
CY207736.1	830	1721	2	1	3	830
CY207736.1	830	1838	1	0	1	830
CY207736.1	836	1845	1	0	1	836
CY207736.1	850	1700	0	3	3	1700
CY207736.1	885	1603	3	3	6	885
CY207736.1	893	1656	3	5	8	893
CY207736.1	899	1048	1	0	1	899
CY207736.1	902	1131	1	0	1	902
CY207736.1	907	1577	0	1	1	1577
CY207736.1	908	2184	0	1	1	2184
CY207736.1	914	2086	0	1	1	2086
CY207736.1	917	1676	0	1	1	1676
CY207736.1	919	1571	0	1	1	1571
CY207736.1	925	1173	1	0	1	925
CY207736.1	926	1079	1	2	3	926
CY207736.1	928	1730	1	2	3	928
CY207736.1	949	1093	1	1	2	949
CY207736.1	950	1585	1	0	1	950
CY207736.1	951	1168	0	1	1	1168
CY207736.1	951	1921	0	1	1	1921
CY207736.1	952	2346	0	1	1	2346
CY207736.1	963	1610	0	1	1	1610
CY207736.1	975	1686	1	0	1	975
CY207736.1	976	1599	2	1	3	976
CY207736.1	980	1785	1	0	1	980
CY207736.1	995	1530	1	0	1	995
CY207737.1	1016	1722	0	4	4	1722
CY207737.1	1040	2014	1	0	1	1040
CY207737.1	1088	1573	1	0	1	1088
CY207737.1	1133	1311	0	1	1	1311
CY207737.1	1220	2156	0	1	1	2156
CY207737.1	1266	1739	0	1	1	1739
CY207737.1	1304	1831	0	1	1	1831
CY207737.1	1306	2043	1	1	2	1306
CY207737.1	1361	1744	1	0	1	1361
CY207737.1	1364	2145	2	2	4	1364
CY207737.1	1440	1498	0	1	1	1498
CY207737.1	1535	2253	0	1	1	2253
CY207737.1	1687	2078	1	0	1	1687
CY207737.1	1725	1959	0	1	1	1959
CY207737.1	1744	2063	0	1	1	2063
CY207737.1	1790	2339	1	0	1	1790
CY207737.1	1813	2211	1	0	1	1813
CY207737.1	1814	2278	1	5	6	1814
CY207737.1	1930	1987	0	1	1	1987
CY207737.1	2082	2323	1	0	1	2082
CY207737.1	2141	2198	0	1	1	2198
CY207737.1	2186	2263	0	1	1	2263
CY207737.1	2322	2366	0	1	1	2366
CY207737.1	2413	2450	1	2	3	2413
CY207737.1	247	2452	1	1	2	247
CY207737.1	268	2091	1	0	1	268
CY207737.1	278	2492	1	1	2	278
CY207737.1	313	2120	1	0	1	313
CY207737.1	315	2373	1	0	1	315
CY207737.1	343	1377	1	0	1	343
CY207737.1	373	919	0	1	1	919
CY207737.1	385	2461	0	1	1	2461
CY207737.1	505	1019	1	0	1	505
CY207737.1	552	2111	1	2	3	552
CY207737.1	621	687	3	0	3	621
CY207737.1	673	2091	3	4	7	673
CY207737.1	706	868	2	0	2	706
CY207737.1	734	1829	0	2	2	1829
CY207737.1	755	1829	0	1	1	1829
CY207737.1	755	2001	0	2	2	2001
CY207737.1	797	1960	1	0	1	797
CY207737.1	800	1963	1	0	1	800
CY207737.1	846	1046	1	0	1	846
CY207737.1	879	941	0	1	1	941
CY207737.1	889	1793	0	1	1	1793
CY207737.1	900	2329	1	0	1	900
CY207737.1	935	1753	1	0	1	935
CY207737.1	935	2366	0	1	1	2366
CY207737.1	963	1055	1	0	1	963
CY207737.1	969	1068	1	0	1	969
CY207737.1	978	2333	1	0	1	978
CY207738.1	1004	1213	0	1	1	1213
CY207738.1	1021	1322	1	0	1	1021
CY207738.1	1031	1610	0	1	1	1610
CY207738.1	1034	2452	0	1	1	2452
CY207738.1	1040	1811	1	0	1	1040
CY207738.1	1062	2248	7	13	20	1062
CY207738.1	1080	2022	0	1	1	2022
CY207738.1	1091	1894	0	2	2	1894
CY207738.1	1118	2174	0	1	1	2174
CY207738.1	1124	2330	3	0	3	1124
CY207738.1	1125	2016	0	2	2	2016
CY207738.1	1133	1234	0	1	1	1234
CY207738.1	1140	2150	0	1	1	2150
CY207738.1	1141	1262	0	1	1	1262
CY207738.1	1142	1225	0	1	1	1225
CY207738.1	1143	1817	1	0	1	1143
CY207738.1	1149	1681	0	1	1	1681
CY207738.1	1202	2455	0	1	1	2455
CY207738.1	1210	2307	1	0	1	1210
CY207738.1	1217	1610	0	1	1	1610
CY207738.1	1226	1687	0	1	1	1687
CY207738.1	1252	1609	1	0	1	1252
CY207738.1	1258	2000	0	1	1	2000
CY207738.1	1265	1668	0	1	1	1668
CY207738.1	1302	1656	1	0	1	1302
CY207738.1	1312	2210	0	1	1	2210
CY207738.1	1324	1752	0	3	3	1752
CY207738.1	1469	2146	0	2	2	2146
CY207738.1	1490	1892	1	0	1	1490
CY207738.1	1512	1732	0	1	1	1732
CY207738.1	1540	1649	0	1	1	1649
CY207738.1	1558	1977	0	1	1	1977
CY207738.1	1571	1610	0	2	2	1610
CY207738.1	1593	2274	0	1	1	2274
CY207738.1	1629	1691	1	0	1	1629
CY207738.1	1770	1852	1	1	2	1770
CY207738.1	1804	2225	1	0	1	1804
CY207738.1	1952	1989	1	0	1	1952
CY207738.1	2130	2241	1	0	1	2130
CY207738.1	2174	2298	0	1	1	2298
CY207738.1	2210	2399	1	0	1	2210
CY207738.1	2218	2399	1	0	1	2218
CY207738.1	2256	2326	1	2	3	2256
CY207738.1	240	1361	1	0	1	240
CY207738.1	241	1221	1	0	1	241
CY207738.1	2425	2474	0	1	1	2474
CY207738.1	256	2394	1	0	1	256
CY207738.1	258	1231	1	0	1	258
CY207738.1	264	2294	1	0	1	264
CY207738.1	285	662	1	0	1	285
CY207738.1	286	899	1	0	1	286
CY207738.1	296	2296	1	4	5	296
CY207738.1	298	1677	1	0	1	298
CY207738.1	299	1387	1	0	1	299
CY207738.1	304	2334	1	0	1	304
CY207738.1	329	2151	0	1	1	2151
CY207738.1	332	1228	0	1	1	1228
CY207738.1	333	465	0	1	1	465
CY207738.1	337	1393	0	1	1	1393
CY207738.1	339	1235	0	1	1	1235
CY207738.1	345	1201	1	0	1	345
CY207738.1	346	2235	1	1	2	346
CY207738.1	347	2323	0	1	1	2323
CY207738.1	357	2246	1	0	1	357
CY207738.1	360	2237	0	1	1	2237
CY207738.1	376	1105	0	1	1	1105
CY207738.1	376	1679	0	1	1	1679
CY207738.1	398	678	0	1	1	678
CY207738.1	411	507	0	1	1	507
CY207738.1	412	2391	0	1	1	2391
CY207738.1	419	2217	1	13	14	419
CY207738.1	422	1916	0	1	1	1916
CY207738.1	427	1759	0	1	1	1759
CY207738.1	427	2074	0	1	1	2074
CY207738.1	439	2251	8	9	17	439
CY207738.1	443	1039	0	1	1	1039
CY207738.1	443	2278	0	1	1	2278
CY207738.1	445	2339	1	0	1	445
CY207738.1	449	1938	0	1	1	1938
CY207738.1	450	931	1	0	1	450
CY207738.1	461	1581	1	0	1	461
CY207738.1	485	1830	1	0	1	485
CY207738.1	485	2283	0	1	1	2283
CY207738.1	491	2048	0	1	1	2048
CY207738.1	494	1916	1	0	1	494
CY207738.1	511	1923	2	2	4	511
CY207738.1	514	536	1	0	1	514
CY207738.1	526	1972	0	2	2	1972
CY207738.1	533	1854	1	0	1	533
CY207738.1	551	869	1	0	1	551
CY207738.1	558	1920	1	0	1	558
CY207738.1	561	2479	0	1	1	2479
CY207738.1	568	2297	0	1	1	2297
CY207738.1	570	2098	1	2	3	570
CY207738.1	575	2014	0	2	2	2014
CY207738.1	577	2022	1	0	1	577
CY207738.1	598	1444	1	0	1	598
CY207738.1	605	727	1	0	1	605
CY207738.1	615	2469	0	1	1	2469
CY207738.1	627	2304	1	0	1	627
CY207738.1	642	2086	4	1	5	642
CY207738.1	650	1463	0	1	1	1463
CY207738.1	658	1399	1	0	1	658
CY207738.1	691	1951	1	0	1	691
CY207738.1	695	1972	4	0	4	695
CY207738.1	708	2010	0	1	1	2010
CY207738.1	740	1570	1	0	1	740
CY207738.1	740	1571	0	1	1	1571
CY207738.1	740	1935	2	5	7	740
CY207738.1	751	1078	1	0	1	751
CY207738.1	754	2071	3	7	10	754
CY207738.1	767	1815	2	3	5	767
CY207738.1	781	1920	1	1	2	781
CY207738.1	789	1670	1	0	1	789
CY207738.1	803	1107	0	1	1	1107
CY207738.1	804	2071	0	1	1	2071
CY207738.1	840	967	0	1	1	967
CY207738.1	858	1850	3	5	8	858
CY207738.1	884	1818	3	2	5	884
CY207738.1	896	1101	1	0	1	896
CY207738.1	898	2349	1	1	2	898
CY207738.1	902	926	1	0	1	902
CY207738.1	905	2309	1	0	1	905
CY207738.1	947	1019	0	1	1	1019
CY207738.1	967	1516	1	0	1	967
CY207738.1	968	1253	1	0	1	968
CY207738.1	971	1310	1	0	1	971
CY207738.1	992	1674	1	0	1	992
