Segment	Start	Stop	Forward_support	Reverse_support	Total_support	Fuzz_factor
CY207731.1	1018	1213	0	1	1	1213
CY207731.1	1092	1385	1	0	1	1092
CY207731.1	1232	1340	0	1	1	1340
CY207731.1	1232	1642	1	0	1	1232
CY207731.1	1250	1805	0	1	1	1805
CY207731.1	1306	1611	0	1	1	1611
CY207731.1	1354	1599	1	0	1	1354
CY207731.1	1363	1530	0	1	1	1530
CY207731.1	1592	1750	1	0	1	1592
CY207731.1	1612	1904	0	1	1	1904
CY207731.1	1621	1746	1	0	1	1621
CY207731.1	251	1391	30	1	31	251
CY207731.1	258	502	1	0	1	258
CY207731.1	263	1327	1	0	1	263
CY207731.1	270	1334	1	0	1	270
CY207731.1	271	1069	1	0	1	271
CY207731.1	330	1640	1	0	1	330
CY207731.1	333	1572	1	0	1	333
CY207731.1	366	1585	0	1	1	1585
CY207731.1	406	702	1	0	1	406
CY207731.1	417	1691	0	1	1	1691
CY207731.1	420	985	0	1	1	985
CY207731.1	428	471	0	1	1	471
CY207731.1	432	806	0	1	1	806
CY207731.1	433	463	0	1	1	463
CY207731.1	441	890	0	1	1	890
CY207731.1	482	1875	0	1	1	1875
CY207731.1	506	911	0	1	1	911
CY207731.1	509	872	1	0	1	509
CY207731.1	511	647	0	1	1	647
CY207731.1	518	1164	1	0	1	518
CY207731.1	527	1301	1	0	1	527
CY207731.1	527	1727	1	0	1	527
CY207731.1	552	1632	0	1	1	1632
CY207731.1	556	810	0	1	1	810
CY207731.1	568	1204	0	2	2	1204
CY207731.1	594	1705	1	0	1	594
CY207731.1	602	657	0	1	1	657
CY207731.1	712	1467	0	1	1	1467
CY207731.1	809	1693	1	0	1	809
CY207731.1	842	1366	4	6	10	842
CY207731.1	843	1786	0	1	1	1786
CY207731.1	946	968	7	4	11	946
CY207731.1	967	1237	0	1	1	1237
CY207731.1	969	1092	1	0	1	969
CY207732.1	1000	1141	0	1	1	1141
CY207732.1	247	949	1	0	1	247
CY207732.1	256	1005	1	0	1	256
CY207732.1	267	415	1	0	1	267
CY207732.1	268	550	2	0	2	268
CY207732.1	269	651	1	0	1	269
CY207732.1	275	551	1	0	1	275
CY207732.1	275	657	22	2	24	275
CY207732.1	277	657	1	0	1	277
CY207732.1	279	592	1	0	1	279
CY207732.1	282	1103	0	1	1	1103
CY207732.1	287	645	1	0	1	287
CY207732.1	338	914	1	0	1	338
CY207732.1	342	698	0	1	1	698
CY207732.1	348	707	0	2	2	707
CY207732.1	363	672	1	0	1	363
CY207732.1	366	625	0	1	1	625
CY207732.1	369	657	0	1	1	657
CY207732.1	373	400	0	2	2	400
CY207732.1	398	976	0	1	1	976
CY207732.1	403	698	0	1	1	698
CY207732.1	406	456	0	1	1	456
CY207732.1	412	441	0	1	1	441
CY207732.1	416	783	0	1	1	783
CY207732.1	418	997	1	0	1	418
CY207732.1	432	468	0	1	1	468
CY207732.1	432	488	0	1	1	488
CY207732.1	432	994	1	0	1	432
CY207732.1	435	466	0	1	1	466
CY207732.1	435	726	0	1	1	726
CY207732.1	440	669	0	1	1	669
CY207732.1	480	1146	0	1	1	1146
CY207732.1	497	902	0	1	1	902
CY207732.1	530	825	0	1	1	825
CY207732.1	574	798	0	1	1	798
CY207732.1	585	1137	0	1	1	1137
CY207732.1	589	838	0	1	1	838
CY207732.1	595	996	7	8	15	595
CY207732.1	595	997	0	1	1	997
CY207732.1	602	1148	0	1	1	1148
CY207732.1	605	783	0	1	1	783
CY207732.1	605	831	0	1	1	831
CY207732.1	621	1060	1	0	1	621
CY207732.1	622	911	0	1	1	911
CY207732.1	665	931	1	0	1	665
CY207732.1	676	903	1	0	1	676
CY207732.1	711	1041	1	0	1	711
CY207732.1	718	860	7	13	20	718
CY207732.1	719	858	0	1	1	858
CY207732.1	758	789	0	1	1	789
CY207732.1	824	998	0	1	1	998
CY207732.1	844	1018	1	0	1	844
CY207732.1	845	999	1	0	1	845
CY207732.1	867	1011	0	1	1	1011
CY207732.1	881	1012	3	0	3	881
CY207732.1	931	1047	1	0	1	931
CY207733.1	1018	1074	5	4	9	1018
CY207733.1	1040	1122	0	1	1	1122
CY207733.1	1086	1186	0	1	1	1186
CY207733.1	290	753	1	0	1	290
CY207733.1	350	1218	1	0	1	350
CY207733.1	384	927	0	1	1	927
CY207733.1	452	519	0	1	1	519
CY207733.1	475	1160	1	0	1	475
CY207733.1	520	618	1	0	1	520
CY207733.1	539	1112	0	1	1	1112
CY207733.1	558	1050	0	1	1	1050
CY207733.1	836	942	7	13	20	836
CY207733.1	848	1267	1	0	1	848
CY207733.1	882	904	0	1	1	904
CY207733.1	954	1171	1	0	1	954
CY207733.1	982	1392	1	0	1	982
CY207734.1	1055	1228	0	1	1	1228
CY207734.1	1285	1472	0	1	1	1472
CY207734.1	1364	1409	1	0	1	1364
CY207734.1	282	347	1	0	1	282
CY207734.1	282	817	1	0	1	282
CY207734.1	288	822	1	0	1	288
CY207734.1	289	677	1	0	1	289
CY207734.1	290	443	1	0	1	290
CY207734.1	310	1042	1	0	1	310
CY207734.1	320	1443	1	0	1	320
CY207734.1	346	1017	0	1	1	1017
CY207734.1	391	776	0	1	1	776
CY207734.1	400	1598	1	0	1	400
CY207734.1	427	579	1	0	1	427
CY207734.1	440	957	0	1	1	957
CY207734.1	446	1453	0	1	1	1453
CY207734.1	460	1707	0	1	1	1707
CY207734.1	487	1245	0	1	1	1245
CY207734.1	491	1416	0	1	1	1416
CY207734.1	532	758	0	1	1	758
CY207734.1	563	819	1	0	1	563
CY207734.1	582	1490	0	1	1	1490
CY207734.1	620	812	1	0	1	620
CY207734.1	631	725	1	0	1	631
CY207734.1	722	1683	0	1	1	1683
CY207734.1	765	1100	1	0	1	765
CY207734.1	785	1052	1	0	1	785
CY207734.1	798	912	0	1	1	912
CY207734.1	801	1711	0	1	1	1711
CY207734.1	824	1049	3	7	10	824
CY207734.1	832	1056	0	1	1	1056
CY207734.1	872	920	0	1	1	920
CY207734.1	877	1566	1	0	1	877
CY207734.1	923	1043	1	0	1	923
CY207734.1	995	1087	0	1	1	1087
CY207735.1	285	384	0	1	1	384
CY207735.1	391	494	0	1	1	494
CY207735.1	395	763	0	1	1	763
CY207735.1	408	446	0	1	1	446
CY207735.1	416	467	0	1	1	467
CY207735.1	421	463	0	1	1	463
CY207735.1	435	554	0	1	1	554
CY207735.1	474	511	0	1	1	511
CY207735.1	484	629	0	1	1	629
CY207735.1	488	623	0	1	1	623
CY207735.1	495	525	0	1	1	525
CY207735.1	511	740	32	100	132	511
CY207735.1	519	746	0	2	2	746
CY207735.1	568	844	1	0	1	568
CY207735.1	611	695	0	1	1	695
CY207735.1	643	684	0	1	1	684
CY207736.1	1000	1191	0	1	1	1191
CY207736.1	1090	1506	1	0	1	1090
CY207736.1	1095	2005	0	1	1	2005
CY207736.1	1121	1280	1	0	1	1121
CY207736.1	1160	1300	0	1	1	1300
CY207736.1	1187	1434	1	0	1	1187
CY207736.1	1208	1743	0	1	1	1743
CY207736.1	1265	1979	0	1	1	1979
CY207736.1	1301	2007	1	0	1	1301
CY207736.1	1313	2020	2	2	4	1313
CY207736.1	1336	1529	1	0	1	1336
CY207736.1	1337	1503	0	1	1	1503
CY207736.1	1404	2001	0	1	1	2001
CY207736.1	1537	1721	1	0	1	1537
CY207736.1	1699	1735	8	48	56	1699
CY207736.1	1918	2103	0	1	1	2103
CY207736.1	2092	2274	1	0	1	2092
CY207736.1	2201	2273	0	1	1	2273
CY207736.1	253	304	5	0	5	253
CY207736.1	274	1692	1	0	1	274
CY207736.1	280	1637	1	0	1	280
CY207736.1	280	2163	12	2	14	280
CY207736.1	291	2153	7	0	7	291
CY207736.1	308	2213	1	0	1	308
CY207736.1	310	2258	0	8	8	2258
CY207736.1	335	371	4	1	5	335
CY207736.1	352	2216	46	53	99	352
CY207736.1	352	522	1	0	1	352
CY207736.1	365	2143	1	0	1	365
CY207736.1	368	2231	0	1	1	2231
CY207736.1	385	2132	3	31	34	385
CY207736.1	400	650	0	1	1	650
CY207736.1	421	2157	0	5	5	2157
CY207736.1	427	490	0	1	1	490
CY207736.1	428	815	1	0	1	428
CY207736.1	435	2282	0	9	9	2282
CY207736.1	435	748	1	0	1	435
CY207736.1	453	515	1	0	1	453
CY207736.1	453	841	0	1	1	841
CY207736.1	457	2027	1	0	1	457
CY207736.1	478	505	1	0	1	478
CY207736.1	485	2077	0	1	1	2077
CY207736.1	490	513	2	1	3	490
CY207736.1	511	2057	9	5	14	511
CY207736.1	568	2017	15	7	22	568
CY207736.1	574	1733	0	1	1	1733
CY207736.1	579	1830	1	0	1	579
CY207736.1	581	618	6	2	8	581
CY207736.1	597	1973	1	0	1	597
CY207736.1	609	1871	5	0	5	609
CY207736.1	616	2063	11	5	16	616
CY207736.1	619	1303	0	1	1	1303
CY207736.1	628	1760	2	0	2	628
CY207736.1	630	1943	4	0	4	630
CY207736.1	633	666	0	1	1	666
CY207736.1	651	1766	0	1	1	1766
CY207736.1	655	1535	1	0	1	655
CY207736.1	686	1952	8	7	15	686
CY207736.1	699	1995	13	15	28	699
CY207736.1	723	1994	3	5	8	723
CY207736.1	740	1840	10	11	21	740
CY207736.1	789	929	16	7	23	789
CY207736.1	811	1629	55	25	80	811
CY207736.1	814	1710	1	0	1	814
CY207736.1	831	1308	1	0	1	831
CY207736.1	855	1386	1	0	1	855
CY207736.1	858	1793	1	0	1	858
CY207736.1	894	1073	1	0	1	894
CY207736.1	937	1636	0	1	1	1636
CY207736.1	946	2365	0	1	1	2365
CY207737.1	1162	1207	0	1	1	1207
CY207737.1	1303	1537	1	0	1	1303
CY207737.1	1699	1949	0	1	1	1949
CY207737.1	1888	2362	0	1	1	2362
CY207737.1	2203	2301	10	0	10	2203
CY207737.1	265	1509	1	0	1	265
CY207737.1	404	1131	2	3	5	404
CY207737.1	468	698	0	1	1	698
CY207737.1	484	628	0	1	1	628
CY207737.1	504	692	0	1	1	692
CY207737.1	600	1784	1	0	1	600
CY207737.1	620	801	1	0	1	620
CY207737.1	737	1645	0	1	1	1645
CY207737.1	787	1389	0	1	1	1389
CY207737.1	850	1950	1	0	1	850
CY207738.1	1140	1220	1	0	1	1140
CY207738.1	1150	1179	0	1	1	1179
CY207738.1	1295	1627	1	0	1	1295
CY207738.1	1300	1675	1	0	1	1300
CY207738.1	1328	2386	0	1	1	2386
CY207738.1	1700	1733	6	8	14	1700
CY207738.1	1728	1861	1	0	1	1728
CY207738.1	1802	2123	1	0	1	1802
CY207738.1	263	912	1	0	1	263
CY207738.1	285	662	1	0	1	285
CY207738.1	286	2348	1	0	1	286
CY207738.1	286	776	1	0	1	286
CY207738.1	300	1111	1	0	1	300
CY207738.1	346	2235	1	1	2	346
CY207738.1	357	2246	1	0	1	357
CY207738.1	375	2395	2	7	9	375
CY207738.1	380	1267	0	1	1	1267
CY207738.1	384	2314	29	81	110	384
CY207738.1	386	2314	3	3	6	386
CY207738.1	389	1982	0	1	1	1982
CY207738.1	395	767	1	0	1	395
CY207738.1	397	2013	0	1	1	2013
CY207738.1	398	1377	0	1	1	1377
CY207738.1	424	1370	1	0	1	424
CY207738.1	439	2360	0	1	1	2360
CY207738.1	442	897	1	0	1	442
CY207738.1	459	987	0	1	1	987
CY207738.1	470	2354	7	4	11	470
CY207738.1	478	573	0	1	1	573
CY207738.1	516	1092	0	1	1	1092
CY207738.1	518	2186	0	1	1	2186
CY207738.1	519	1322	0	1	1	1322
CY207738.1	529	1754	0	1	1	1754
CY207738.1	594	654	0	1	1	654
CY207738.1	744	2339	1	0	1	744
CY207738.1	767	1680	1	0	1	767
CY207738.1	769	1905	13	21	34	769
CY207738.1	796	846	1	0	1	796
CY207738.1	896	1101	0	1	1	1101
CY207738.1	900	1338	0	1	1	1338
CY207738.1	933	2304	0	1	1	2304
