Segment	Start	Stop	Forward_support	Reverse_support	Total_support	Fuzz_factor
CY207731.1	1009	1590	0	1	1	1590
CY207731.1	1021	1589	1	0	1	1021
CY207731.1	1042	1306	0	1	1	1306
CY207731.1	1060	1334	0	1	1	1334
CY207731.1	1089	1385	0	1	1	1385
CY207731.1	1099	1631	0	1	1	1631
CY207731.1	1103	1403	1	0	1	1103
CY207731.1	1112	1268	1	0	1	1112
CY207731.1	1115	1220	1	2	3	1115
CY207731.1	1121	1307	0	1	1	1307
CY207731.1	1132	1715	1	0	1	1132
CY207731.1	1148	1186	1	1	2	1148
CY207731.1	1171	1246	0	1	1	1246
CY207731.1	1208	1821	0	1	1	1821
CY207731.1	1223	1775	0	1	1	1775
CY207731.1	1299	1651	1	0	1	1299
CY207731.1	1304	1326	0	2	2	1326
CY207731.1	1305	1406	0	1	1	1406
CY207731.1	1314	1416	0	1	1	1416
CY207731.1	1356	1647	0	2	2	1647
CY207731.1	1363	1522	0	1	1	1522
CY207731.1	1402	1733	1	0	1	1402
CY207731.1	1442	1579	1	3	4	1442
CY207731.1	1457	1799	1	0	1	1457
CY207731.1	1476	1720	1	0	1	1476
CY207731.1	1505	1662	1	0	1	1505
CY207731.1	1518	1789	1	0	1	1518
CY207731.1	1523	1702	1	0	1	1523
CY207731.1	1536	1747	1	0	1	1536
CY207731.1	1549	1896	0	1	1	1896
CY207731.1	1593	1655	0	1	1	1655
CY207731.1	1606	1646	5	4	9	1606
CY207731.1	1606	1684	0	1	1	1684
CY207731.1	1646	1870	0	1	1	1870
CY207731.1	1676	1751	2	1	3	1676
CY207731.1	1690	1742	0	1	1	1742
CY207731.1	1706	1745	0	1	1	1745
CY207731.1	1725	1753	14	0	14	1725
CY207731.1	248	1273	1	0	1	248
CY207731.1	262	1702	1	0	1	262
CY207731.1	262	845	1	0	1	262
CY207731.1	268	1678	19	0	19	268
CY207731.1	279	663	1	0	1	279
CY207731.1	283	1725	13	1	14	283
CY207731.1	285	1807	1	0	1	285
CY207731.1	289	1717	1	0	1	289
CY207731.1	292	341	1	0	1	292
CY207731.1	347	504	1	6	7	347
CY207731.1	359	948	1	0	1	359
CY207731.1	361	1743	0	1	1	1743
CY207731.1	369	1669	8	25	33	369
CY207731.1	372	1838	0	1	1	1838
CY207731.1	381	1505	1	0	1	381
CY207731.1	383	1705	0	3	3	1705
CY207731.1	383	665	1	0	1	383
CY207731.1	384	429	0	10	10	429
CY207731.1	392	1596	2	20	22	392
CY207731.1	402	809	0	1	1	809
CY207731.1	418	1631	0	3	3	1631
CY207731.1	428	1478	2	24	26	428
CY207731.1	430	1694	0	1	1	1694
CY207731.1	430	550	0	1	1	550
CY207731.1	430	723	0	1	1	723
CY207731.1	447	1916	0	1	1	1916
CY207731.1	453	661	0	1	1	661
CY207731.1	461	1906	0	1	1	1906
CY207731.1	465	1301	0	2	2	1301
CY207731.1	485	1922	0	1	1	1922
CY207731.1	494	641	0	1	1	641
CY207731.1	503	1684	9	3	12	503
CY207731.1	506	556	1	3	4	506
CY207731.1	511	1472	0	1	1	1472
CY207731.1	513	1206	0	1	1	1206
CY207731.1	519	618	0	1	1	618
CY207731.1	527	1080	0	1	1	1080
CY207731.1	527	1727	1	0	1	527
CY207731.1	528	1602	0	1	1	1602
CY207731.1	529	1066	0	1	1	1066
CY207731.1	529	1435	0	1	1	1435
CY207731.1	530	1698	0	1	1	1698
CY207731.1	544	928	1	0	1	544
CY207731.1	549	1384	1	0	1	549
CY207731.1	552	1725	0	1	1	1725
CY207731.1	559	1799	1	0	1	559
CY207731.1	561	1018	2	1	3	561
CY207731.1	562	1396	4	1	5	562
CY207731.1	565	1641	1	0	1	565
CY207731.1	568	1530	1	3	4	568
CY207731.1	574	601	2	0	2	574
CY207731.1	581	1746	1	0	1	581
CY207731.1	583	1247	3	1	4	583
CY207731.1	600	1092	1	0	1	600
CY207731.1	608	1469	1	11	12	608
CY207731.1	618	1381	0	1	1	1381
CY207731.1	619	1417	1	0	1	619
CY207731.1	630	734	0	1	1	734
CY207731.1	704	860	0	1	1	860
CY207731.1	734	1695	0	1	1	1695
CY207731.1	767	1284	1	0	1	767
CY207731.1	781	1704	1	0	1	781
CY207731.1	789	892	1	0	1	789
CY207731.1	800	1305	0	1	1	1305
CY207731.1	819	1117	1	0	1	819
CY207731.1	819	878	0	1	1	878
CY207731.1	853	1611	0	1	1	1611
CY207731.1	861	1164	0	1	1	1164
CY207731.1	901	1060	0	1	1	1060
CY207731.1	920	943	0	1	1	943
CY207731.1	920	947	0	1	1	947
CY207731.1	944	1120	2	2	4	944
CY207731.1	946	968	0	1	1	968
CY207731.1	955	1144	0	1	1	1144
CY207731.1	956	1706	1	0	1	956
CY207731.1	961	1600	1	0	1	961
CY207731.1	993	1413	1	0	1	993
CY207731.1	999	1810	1	0	1	999
CY207732.1	247	1030	1	0	1	247
CY207732.1	258	978	1	0	1	258
CY207732.1	275	1037	1	0	1	275
CY207732.1	278	639	1	0	1	278
CY207732.1	287	369	1	0	1	287
CY207732.1	297	1136	0	3	3	1136
CY207732.1	313	1041	1	0	1	313
CY207732.1	322	435	0	1	1	435
CY207732.1	327	384	0	1	1	384
CY207732.1	332	954	1	0	1	332
CY207732.1	341	1164	0	1	1	1164
CY207732.1	347	573	0	3	3	573
CY207732.1	352	1107	1	0	1	352
CY207732.1	354	419	1	0	1	354
CY207732.1	364	832	1	0	1	364
CY207732.1	367	1072	0	1	1	1072
CY207732.1	374	556	0	1	1	556
CY207732.1	374	960	0	1	1	960
CY207732.1	376	1030	0	1	1	1030
CY207732.1	379	572	0	1	1	572
CY207732.1	383	607	1	0	1	383
CY207732.1	383	941	0	1	1	941
CY207732.1	385	520	1	0	1	385
CY207732.1	391	733	0	1	1	733
CY207732.1	392	765	0	1	1	765
CY207732.1	393	756	0	1	1	756
CY207732.1	394	855	0	1	1	855
CY207732.1	395	445	1	0	1	395
CY207732.1	402	479	0	1	1	479
CY207732.1	403	524	0	1	1	524
CY207732.1	404	458	1	0	1	404
CY207732.1	404	779	0	1	1	779
CY207732.1	407	1059	0	1	1	1059
CY207732.1	408	787	0	1	1	787
CY207732.1	408	952	0	1	1	952
CY207732.1	412	826	0	1	1	826
CY207732.1	414	608	1	0	1	414
CY207732.1	419	706	0	1	1	706
CY207732.1	428	900	0	1	1	900
CY207732.1	438	818	0	1	1	818
CY207732.1	443	743	0	1	1	743
CY207732.1	450	709	0	1	1	709
CY207732.1	452	555	0	1	1	555
CY207732.1	472	723	1	0	1	472
CY207732.1	478	600	0	1	1	600
CY207732.1	484	607	0	1	1	607
CY207732.1	488	757	0	1	1	757
CY207732.1	499	669	0	1	1	669
CY207732.1	499	827	0	1	1	827
CY207732.1	499	874	0	1	1	874
CY207732.1	502	608	0	1	1	608
CY207732.1	503	753	0	1	1	753
CY207732.1	506	1131	0	1	1	1131
CY207732.1	508	1020	0	1	1	1020
CY207732.1	519	635	0	1	1	635
CY207732.1	530	636	0	1	1	636
CY207732.1	535	603	0	1	1	603
CY207732.1	535	848	0	1	1	848
CY207732.1	536	769	0	1	1	769
CY207732.1	543	1153	0	1	1	1153
CY207732.1	548	906	1	0	1	548
CY207732.1	567	744	0	1	1	744
CY207732.1	581	986	1	0	1	581
CY207732.1	588	1062	0	1	1	1062
CY207732.1	588	1095	1	0	1	588
CY207732.1	589	862	0	1	1	862
CY207732.1	593	1023	3	0	3	593
CY207732.1	606	1010	1	0	1	606
CY207732.1	617	1001	1	0	1	617
CY207732.1	622	691	0	1	1	691
CY207732.1	628	1095	0	1	1	1095
CY207732.1	636	728	1	0	1	636
CY207732.1	638	969	0	1	1	969
CY207732.1	641	856	0	1	1	856
CY207732.1	649	961	0	1	1	961
CY207732.1	666	695	1	0	1	666
CY207732.1	666	776	1	0	1	666
CY207732.1	671	1112	0	1	1	1112
CY207732.1	672	754	1	0	1	672
CY207732.1	676	752	1	0	1	676
CY207732.1	678	731	1	0	1	678
CY207732.1	679	815	1	3	4	679
CY207732.1	681	964	2	0	2	681
CY207732.1	684	769	1	0	1	684
CY207732.1	685	839	0	1	1	839
CY207732.1	709	862	0	1	1	862
CY207732.1	712	819	1	0	1	712
CY207732.1	715	965	4	2	6	715
CY207732.1	717	962	1	0	1	717
CY207732.1	718	860	5	6	11	718
CY207732.1	718	932	0	4	4	932
CY207732.1	721	849	0	1	1	849
CY207732.1	721	971	0	1	1	971
CY207732.1	723	1043	1	0	1	723
CY207732.1	745	819	0	1	1	819
CY207732.1	758	954	1	1	2	758
CY207732.1	765	799	0	1	1	799
CY207732.1	790	833	0	1	1	833
CY207732.1	792	862	2	1	3	792
CY207732.1	801	904	1	1	2	801
CY207732.1	804	1014	3	2	5	804
CY207732.1	804	918	1	1	2	804
CY207732.1	812	874	0	1	1	874
CY207732.1	825	938	1	0	1	825
CY207732.1	828	939	1	0	1	828
CY207732.1	849	1060	1	0	1	849
CY207732.1	856	963	1	0	1	856
CY207732.1	863	962	1	0	1	863
CY207732.1	881	1012	1	0	1	881
CY207732.1	894	1034	1	0	1	894
CY207732.1	896	984	1	0	1	896
CY207732.1	909	1028	1	0	1	909
CY207732.1	919	1016	1	1	2	919
CY207732.1	920	1053	1	0	1	920
CY207732.1	933	971	1	0	1	933
CY207732.1	950	1094	0	1	1	1094
CY207732.1	953	1017	1	0	1	953
CY207732.1	991	1030	2	0	2	991
CY207733.1	1018	1074	1	1	2	1018
CY207733.1	1024	1523	0	1	1	1523
CY207733.1	1034	1389	0	1	1	1389
CY207733.1	1056	1231	0	2	2	1231
CY207733.1	1079	1163	1	1	2	1079
CY207733.1	1082	1449	0	1	1	1449
CY207733.1	1090	1184	0	1	1	1184
CY207733.1	1173	1249	0	1	1	1249
CY207733.1	1248	1446	1	0	1	1248
CY207733.1	1300	1498	1	0	1	1300
CY207733.1	1493	1517	4	3	7	1493
CY207733.1	274	1308	1	0	1	274
CY207733.1	276	1001	3	0	3	276
CY207733.1	277	315	1	0	1	277
CY207733.1	308	1030	4	2	6	308
CY207733.1	329	1418	0	4	4	1418
CY207733.1	340	827	0	1	1	827
CY207733.1	365	1475	0	1	1	1475
CY207733.1	370	1483	0	2	2	1483
CY207733.1	374	947	0	1	1	947
CY207733.1	392	1434	0	1	1	1434
CY207733.1	394	1493	0	1	1	1493
CY207733.1	395	1349	1	0	1	395
CY207733.1	396	1473	0	1	1	1473
CY207733.1	398	745	0	1	1	745
CY207733.1	411	1358	2	4	6	411
CY207733.1	436	860	0	1	1	860
CY207733.1	446	1121	1	0	1	446
CY207733.1	454	1251	0	1	1	1251
CY207733.1	461	528	0	1	1	528
CY207733.1	484	1141	1	4	5	484
CY207733.1	484	1401	1	2	3	484
CY207733.1	491	970	0	1	1	970
CY207733.1	495	742	1	0	1	495
CY207733.1	500	1069	1	0	1	500
CY207733.1	502	1240	0	1	1	1240
CY207733.1	519	712	0	1	1	712
CY207733.1	520	580	1	0	1	520
CY207733.1	520	939	0	1	1	939
CY207733.1	526	851	0	1	1	851
CY207733.1	555	877	1	0	1	555
CY207733.1	566	1180	6	4	10	566
CY207733.1	587	679	1	0	1	587
CY207733.1	620	974	0	1	1	974
CY207733.1	641	984	0	1	1	984
CY207733.1	643	688	0	1	1	688
CY207733.1	656	1166	1	0	1	656
CY207733.1	670	1217	1	0	1	670
CY207733.1	671	1009	0	1	1	1009
CY207733.1	688	1449	1	0	1	688
CY207733.1	692	888	1	0	1	692
CY207733.1	729	1304	1	0	1	729
CY207733.1	732	1025	1	0	1	732
CY207733.1	743	1034	0	1	1	1034
CY207733.1	747	1474	0	1	1	1474
CY207733.1	779	879	1	0	1	779
CY207733.1	798	838	1	0	1	798
CY207733.1	827	1123	0	1	1	1123
CY207733.1	841	1213	0	1	1	1213
CY207733.1	841	1578	0	1	1	1578
CY207733.1	867	1317	1	0	1	867
CY207733.1	885	1230	0	1	1	1230
CY207733.1	905	1083	0	1	1	1083
CY207733.1	917	1452	0	1	1	1452
CY207734.1	1012	1084	0	2	2	1084
CY207734.1	1015	1523	1	0	1	1015
CY207734.1	1025	1707	0	1	1	1707
CY207734.1	1047	1318	0	1	1	1318
CY207734.1	1121	1156	2	2	4	1121
CY207734.1	1123	1444	1	0	1	1123
CY207734.1	1155	1334	1	0	1	1155
CY207734.1	1205	1328	1	0	1	1205
CY207734.1	1223	1321	0	1	1	1321
CY207734.1	1240	1275	1	0	1	1240
CY207734.1	1269	1516	0	1	1	1516
CY207734.1	1297	1326	1	0	1	1297
CY207734.1	1313	1423	0	1	1	1423
CY207734.1	1319	1512	1	2	3	1319
CY207734.1	1412	1601	1	0	1	1412
CY207734.1	1421	1544	1	1	2	1421
CY207734.1	1435	1512	0	4	4	1512
CY207734.1	1442	1566	1	0	1	1442
CY207734.1	1472	1512	0	1	1	1512
CY207734.1	1478	1509	0	1	1	1509
CY207734.1	1560	1602	0	1	1	1602
CY207734.1	1593	1647	0	1	1	1647
CY207734.1	242	1575	1	0	1	242
CY207734.1	245	1443	1	0	1	245
CY207734.1	246	603	2	0	2	246
CY207734.1	261	1334	1	0	1	261
CY207734.1	271	860	1	0	1	271
CY207734.1	275	805	1	0	1	275
CY207734.1	281	1356	1	0	1	281
CY207734.1	282	637	1	0	1	282
CY207734.1	284	1426	1	0	1	284
CY207734.1	308	1603	0	1	1	1603
CY207734.1	318	888	1	0	1	318
CY207734.1	320	1147	0	1	1	1147
CY207734.1	320	1443	1	0	1	320
CY207734.1	320	748	1	0	1	320
CY207734.1	321	1567	0	1	1	1567
CY207734.1	324	1400	1	0	1	324
CY207734.1	325	878	0	1	1	878
CY207734.1	329	801	0	1	1	801
CY207734.1	337	1692	0	9	9	1692
CY207734.1	337	744	1	0	1	337
CY207734.1	338	1563	1	0	1	338
CY207734.1	346	817	0	1	1	817
CY207734.1	357	860	0	1	1	860
CY207734.1	362	1000	1	0	1	362
CY207734.1	363	633	0	1	1	633
CY207734.1	363	733	0	1	1	733
CY207734.1	369	392	0	1	1	392
CY207734.1	372	1468	0	1	1	1468
CY207734.1	373	911	0	1	1	911
CY207734.1	379	1429	3	18	21	379
CY207734.1	386	674	0	1	1	674
CY207734.1	396	1483	0	1	1	1483
CY207734.1	397	794	0	1	1	794
CY207734.1	402	717	0	1	1	717
CY207734.1	413	1376	0	1	1	1376
CY207734.1	421	940	1	2	3	421
CY207734.1	427	579	0	1	1	579
CY207734.1	427	946	0	1	1	946
CY207734.1	436	1709	0	1	1	1709
CY207734.1	438	1005	0	1	1	1005
CY207734.1	438	1109	1	0	1	438
CY207734.1	439	674	0	1	1	674
CY207734.1	439	986	0	1	1	986
CY207734.1	441	1322	0	3	3	1322
CY207734.1	444	565	0	2	2	565
CY207734.1	444	722	0	1	1	722
CY207734.1	475	1495	0	2	2	1495
CY207734.1	488	1306	0	1	1	1306
CY207734.1	491	903	0	1	1	903
CY207734.1	498	1294	0	1	1	1294
CY207734.1	498	1603	0	1	1	1603
CY207734.1	499	1622	0	1	1	1622
CY207734.1	499	842	0	5	5	842
CY207734.1	521	1565	0	1	1	1565
CY207734.1	521	841	0	8	8	841
CY207734.1	522	1320	0	1	1	1320
CY207734.1	522	712	0	1	1	712
CY207734.1	532	884	1	0	1	532
CY207734.1	534	675	1	0	1	534
CY207734.1	544	1384	1	0	1	544
CY207734.1	552	1238	0	1	1	1238
CY207734.1	556	812	1	1	2	556
CY207734.1	561	1547	1	0	1	561
CY207734.1	563	819	0	1	1	819
CY207734.1	575	853	1	0	1	575
CY207734.1	586	1491	3	2	5	586
CY207734.1	592	1029	1	0	1	592
CY207734.1	597	1205	0	1	1	1205
CY207734.1	597	799	1	1	2	597
CY207734.1	605	1403	1	0	1	605
CY207734.1	608	1284	1	0	1	608
CY207734.1	616	1541	0	1	1	1541
CY207734.1	620	812	1	1	2	620
CY207734.1	641	836	1	0	1	641
CY207734.1	667	695	1	0	1	667
CY207734.1	670	1511	0	1	1	1511
CY207734.1	673	718	1	0	1	673
CY207734.1	691	1605	2	2	4	691
CY207734.1	732	910	1	1	2	732
CY207734.1	741	1633	0	1	1	1633
CY207734.1	756	1583	0	1	1	1583
CY207734.1	765	795	1	0	1	765
CY207734.1	765	924	0	1	1	924
CY207734.1	768	1099	1	0	1	768
CY207734.1	771	1146	0	1	1	1146
CY207734.1	771	1583	0	1	1	1583
CY207734.1	803	982	0	1	1	982
CY207734.1	810	958	1	1	2	810
CY207734.1	816	1142	0	1	1	1142
CY207734.1	825	1507	1	0	1	825
CY207734.1	837	1537	0	1	1	1537
CY207734.1	841	1546	0	1	1	1546
CY207734.1	845	964	0	2	2	964
CY207734.1	855	1572	0	1	1	1572
CY207734.1	861	1451	0	1	1	1451
CY207734.1	864	1257	1	0	1	864
CY207734.1	870	1070	0	1	1	1070
CY207734.1	901	1349	0	1	1	1349
CY207734.1	906	955	0	1	1	955
CY207734.1	926	990	0	1	1	990
CY207734.1	962	1048	1	0	1	962
CY207734.1	966	1051	1	0	1	966
CY207734.1	971	1042	0	1	1	1042
CY207734.1	974	1584	1	0	1	974
CY207734.1	992	1426	1	0	1	992
CY207734.1	996	1137	1	0	1	996
CY207735.1	236	573	7	1	8	236
CY207735.1	247	913	1	0	1	247
CY207735.1	258	824	1	0	1	258
CY207735.1	258	921	6	0	6	258
CY207735.1	266	515	1	0	1	266
CY207735.1	272	302	7	0	7	272
CY207735.1	283	875	1	1	2	283
CY207735.1	342	576	3	11	14	342
CY207735.1	350	1026	0	4	4	1026
CY207735.1	353	638	1	0	1	353
CY207735.1	414	482	0	1	1	482
CY207735.1	446	508	0	2	2	508
CY207735.1	447	850	1	0	1	447
CY207735.1	503	703	0	1	1	703
CY207735.1	511	740	18	71	89	511
CY207735.1	519	746	1	9	10	519
CY207735.1	541	566	0	1	1	566
CY207735.1	561	661	0	1	1	661
CY207735.1	585	782	0	1	1	782
CY207735.1	597	899	1	0	1	597
CY207735.1	610	768	9	2	11	610
CY207735.1	667	712	1	0	1	667
CY207735.1	690	757	1	1	2	690
CY207736.1	1009	2040	3	6	9	1009
CY207736.1	1033	2022	0	1	1	2022
CY207736.1	1055	1089	1	0	1	1055
CY207736.1	1057	1698	1	0	1	1057
CY207736.1	1072	1734	1	0	1	1072
CY207736.1	1092	1966	1	0	1	1092
CY207736.1	1095	2005	2	10	12	1095
CY207736.1	1107	2043	1	0	1	1107
CY207736.1	1131	1578	0	3	3	1578
CY207736.1	1139	1539	0	1	1	1539
CY207736.1	1168	1697	1	0	1	1168
CY207736.1	1171	2246	0	1	1	2246
CY207736.1	1180	1831	0	1	1	1831
CY207736.1	1181	2357	0	1	1	2357
CY207736.1	1205	1537	0	1	1	1537
CY207736.1	1206	1953	1	0	1	1206
CY207736.1	1207	1834	1	1	2	1207
CY207736.1	1207	2192	0	1	1	2192
CY207736.1	1221	1368	2	0	2	1221
CY207736.1	1234	1788	0	1	1	1788
CY207736.1	1236	1307	0	1	1	1307
CY207736.1	1246	1377	1	0	1	1246
CY207736.1	1258	1366	1	0	1	1258
CY207736.1	1258	1451	0	1	1	1451
CY207736.1	1276	1355	1	0	1	1276
CY207736.1	1278	1569	1	0	1	1278
CY207736.1	1301	1830	0	1	1	1830
CY207736.1	1303	2286	0	1	1	2286
CY207736.1	1304	1446	0	1	1	1446
CY207736.1	1305	1412	1	1	2	1305
CY207736.1	1308	2350	0	1	1	2350
CY207736.1	1314	1437	0	1	1	1437
CY207736.1	1325	2236	0	1	1	2236
CY207736.1	1332	1358	0	1	1	1358
CY207736.1	1344	1939	0	1	1	1939
CY207736.1	1397	2290	0	1	1	2290
CY207736.1	1400	1805	0	1	1	1805
CY207736.1	1413	1932	0	1	1	1932
CY207736.1	1432	2228	0	1	1	2228
CY207736.1	1484	1870	2	0	2	1484
CY207736.1	1503	1950	1	0	1	1503
CY207736.1	1507	2188	2	0	2	1507
CY207736.1	1509	1962	1	0	1	1509
CY207736.1	1510	2002	0	1	1	2002
CY207736.1	1512	2296	0	1	1	2296
CY207736.1	1523	2098	0	1	1	2098
CY207736.1	1526	2121	1	0	1	1526
CY207736.1	1531	1565	0	1	1	1565
CY207736.1	1533	2360	0	3	3	2360
CY207736.1	1569	1616	1	0	1	1569
CY207736.1	1569	1735	1	0	1	1569
CY207736.1	1663	1896	0	1	1	1896
CY207736.1	1697	2204	0	1	1	2204
CY207736.1	1701	2296	0	1	1	2296
CY207736.1	1715	2032	0	1	1	2032
CY207736.1	1741	1834	1	0	1	1741
CY207736.1	1758	1792	1	0	1	1758
CY207736.1	1769	1988	0	1	1	1988
CY207736.1	1810	1945	7	1	8	1810
CY207736.1	1823	1972	0	1	1	1972
CY207736.1	1831	2043	1	0	1	1831
CY207736.1	1872	1897	1	0	1	1872
CY207736.1	1879	2301	1	0	1	1879
CY207736.1	1997	2216	1	0	1	1997
CY207736.1	2047	2075	0	1	1	2075
CY207736.1	2116	2282	1	0	1	2116
CY207736.1	2189	2213	1	0	1	2189
CY207736.1	2221	2350	0	3	3	2350
CY207736.1	2223	2312	0	1	1	2312
CY207736.1	2257	2282	0	4	4	2282
CY207736.1	2257	2319	0	1	1	2319
CY207736.1	241	1011	1	0	1	241
CY207736.1	241	2328	2	0	2	241
CY207736.1	241	2371	0	1	1	2371
CY207736.1	254	2367	0	1	1	2367
CY207736.1	257	1501	1	0	1	257
CY207736.1	266	2253	1	0	1	266
CY207736.1	268	312	5	0	5	268
CY207736.1	273	2032	1	0	1	273
CY207736.1	274	2062	1	0	1	274
CY207736.1	275	2111	6	0	6	275
CY207736.1	276	2369	1	0	1	276
CY207736.1	280	2075	1	0	1	280
CY207736.1	282	305	1	1	2	282
CY207736.1	287	2127	1	0	1	287
CY207736.1	289	1700	1	0	1	289
CY207736.1	300	2148	3	9	12	300
CY207736.1	301	336	1	0	1	301
CY207736.1	308	1943	1	0	1	308
CY207736.1	318	1951	2	0	2	318
CY207736.1	327	2217	0	2	2	2217
CY207736.1	331	1355	1	0	1	331
CY207736.1	336	2154	0	7	7	2154
CY207736.1	348	973	0	1	1	973
CY207736.1	351	406	0	1	1	406
CY207736.1	354	975	0	1	1	975
CY207736.1	358	2171	4	11	15	358
CY207736.1	361	827	1	0	1	361
CY207736.1	365	1403	1	0	1	365
CY207736.1	366	2180	0	7	7	2180
CY207736.1	367	2160	0	1	1	2160
CY207736.1	368	2059	1	11	12	368
CY207736.1	368	729	0	1	1	729
CY207736.1	374	1378	0	1	1	1378
CY207736.1	392	2226	0	1	1	2226
CY207736.1	402	444	20	21	41	402
CY207736.1	403	2141	0	10	10	2141
CY207736.1	403	2148	0	19	19	2148
CY207736.1	403	2223	7	11	18	403
CY207736.1	403	437	0	4	4	437
CY207736.1	406	2141	0	9	9	2141
CY207736.1	413	1413	1	0	1	413
CY207736.1	417	2192	0	1	1	2192
CY207736.1	442	540	1	0	1	442
CY207736.1	451	1393	1	0	1	451
CY207736.1	453	1957	1	0	1	453
CY207736.1	453	515	1	0	1	453
CY207736.1	461	2135	0	6	6	2135
CY207736.1	462	1560	0	1	1	1560
CY207736.1	465	1608	1	0	1	465
CY207736.1	465	680	3	0	3	465
CY207736.1	468	2064	2	6	8	468
CY207736.1	472	2136	0	3	3	2136
CY207736.1	473	2072	2	0	2	473
CY207736.1	475	1556	1	0	1	475
CY207736.1	478	2006	0	7	7	2006
CY207736.1	479	953	0	1	1	953
CY207736.1	482	2035	5	5	10	482
CY207736.1	482	2222	0	1	1	2222
CY207736.1	483	2168	0	4	4	2168
CY207736.1	486	2137	2	2	4	486
CY207736.1	487	2040	0	1	1	2040
CY207736.1	490	2028	2	1	3	490
CY207736.1	493	2141	28	44	72	493
CY207736.1	506	1374	1	0	1	506
CY207736.1	512	2034	1	1	2	512
CY207736.1	527	2181	2	0	2	527
CY207736.1	550	1441	1	0	1	550
CY207736.1	552	2050	1	0	1	552
CY207736.1	584	1509	0	1	1	1509
CY207736.1	587	1769	0	1	1	1769
CY207736.1	587	1917	3	1	4	587
CY207736.1	594	1951	2	0	2	594
CY207736.1	596	2002	4	0	4	596
CY207736.1	605	1924	1	0	1	605
CY207736.1	607	1667	2	1	3	607
CY207736.1	608	1957	3	3	6	608
CY207736.1	611	1031	1	0	1	611
CY207736.1	613	1262	1	0	1	613
CY207736.1	626	652	2	3	5	626
CY207736.1	630	1212	1	0	1	630
CY207736.1	635	914	0	1	1	914
CY207736.1	643	1918	2	0	2	643
CY207736.1	644	1914	0	1	1	1914
CY207736.1	649	2017	2	1	3	649
CY207736.1	652	2009	1	2	3	652
CY207736.1	652	674	4	0	4	652
CY207736.1	666	1002	1	0	1	666
CY207736.1	667	1981	1	0	1	667
CY207736.1	672	2002	1	0	1	672
CY207736.1	674	1994	1	0	1	674
CY207736.1	678	1955	1	1	2	678
CY207736.1	683	1175	1	0	1	683
CY207736.1	684	1425	1	0	1	684
CY207736.1	686	1952	0	1	1	1952
CY207736.1	689	1881	1	0	1	689
CY207736.1	689	771	0	1	1	771
CY207736.1	691	1883	1	5	6	691
CY207736.1	698	1808	0	7	7	1808
CY207736.1	714	1871	3	3	6	714
CY207736.1	717	1883	2	3	5	717
CY207736.1	720	1739	1	3	4	720
CY207736.1	723	1774	6	3	9	723
CY207736.1	728	1827	4	7	11	728
CY207736.1	728	1871	3	0	3	728
CY207736.1	737	1829	3	0	3	737
CY207736.1	744	1579	1	0	1	744
CY207736.1	745	943	2	0	2	745
CY207736.1	746	1833	7	2	9	746
CY207736.1	760	1929	4	3	7	760
CY207736.1	761	1968	7	1	8	761
CY207736.1	762	2038	1	0	1	762
CY207736.1	771	2047	1	1	2	771
CY207736.1	774	1789	0	1	1	1789
CY207736.1	776	2051	0	1	1	2051
CY207736.1	777	1701	1	0	1	777
CY207736.1	780	1464	1	0	1	780
CY207736.1	780	1782	1	0	1	780
CY207736.1	783	1929	1	0	1	783
CY207736.1	783	2145	1	0	1	783
CY207736.1	786	1840	19	8	27	786
CY207736.1	787	1864	6	2	8	787
CY207736.1	810	1833	1	0	1	810
CY207736.1	810	2131	0	1	1	2131
CY207736.1	813	1495	0	1	1	1495
CY207736.1	814	1710	2	0	2	814
CY207736.1	824	1830	2	1	3	824
CY207736.1	831	1308	1	0	1	831
CY207736.1	835	1867	10	7	17	835
CY207736.1	837	1755	0	1	1	1755
CY207736.1	840	1950	1	0	1	840
CY207736.1	844	1722	5	2	7	844
CY207736.1	878	1588	1	0	1	878
CY207736.1	878	1977	2	2	4	878
CY207736.1	880	1775	5	4	9	880
CY207736.1	896	1179	0	1	1	1179
CY207736.1	901	1859	0	1	1	1859
CY207736.1	902	1854	1	0	1	902
CY207736.1	904	1166	0	1	1	1166
CY207736.1	911	1155	1	0	1	911
CY207736.1	916	1666	2	2	4	916
CY207736.1	925	1173	1	1	2	925
CY207736.1	928	1216	1	0	1	928
CY207736.1	928	1261	0	1	1	1261
CY207736.1	930	1868	14	35	49	930
CY207736.1	946	2365	0	1	1	2365
CY207736.1	954	980	0	1	1	980
CY207736.1	981	1174	0	1	1	1174
CY207736.1	990	2173	0	1	1	2173
CY207737.1	1000	2165	1	0	1	1000
CY207737.1	1023	1972	0	1	1	1972
CY207737.1	1038	1085	0	1	1	1085
CY207737.1	1039	1149	0	1	1	1149
CY207737.1	1057	1834	0	1	1	1834
CY207737.1	1089	1456	0	1	1	1456
CY207737.1	1135	1564	0	1	1	1564
CY207737.1	1245	1405	0	2	2	1405
CY207737.1	1278	2148	0	1	1	2148
CY207737.1	1336	1928	1	0	1	1336
CY207737.1	1338	2461	0	1	1	2461
CY207737.1	1376	1561	0	1	1	1561
CY207737.1	1382	1468	1	0	1	1382
CY207737.1	1393	1416	1	0	1	1393
CY207737.1	1396	2065	0	1	1	2065
CY207737.1	1410	2491	0	1	1	2491
CY207737.1	1430	1931	1	0	1	1430
CY207737.1	1534	1945	1	0	1	1534
CY207737.1	1560	2330	0	1	1	2330
CY207737.1	1575	2146	0	2	2	2146
CY207737.1	1602	2104	0	1	1	2104
CY207737.1	1650	2069	1	0	1	1650
CY207737.1	1673	2151	1	0	1	1673
CY207737.1	1722	1984	0	1	1	1984
CY207737.1	1741	1797	1	0	1	1741
CY207737.1	1785	1822	0	1	1	1822
CY207737.1	1820	1844	0	1	1	1844
CY207737.1	1855	2339	0	1	1	2339
CY207737.1	1874	2361	1	0	1	1874
CY207737.1	2032	2140	1	0	1	2032
CY207737.1	2241	2269	0	1	1	2269
CY207737.1	2301	2333	4	0	4	2301
CY207737.1	2356	2395	0	1	1	2395
CY207737.1	244	2428	1	0	1	244
CY207737.1	248	2452	2	1	3	248
CY207737.1	248	2492	2	1	3	248
CY207737.1	293	2102	1	0	1	293
CY207737.1	306	344	2	0	2	306
CY207737.1	313	2120	2	0	2	313
CY207737.1	337	899	1	0	1	337
CY207737.1	356	895	1	0	1	356
CY207737.1	361	1516	1	0	1	361
CY207737.1	376	1532	1	0	1	376
CY207737.1	381	2293	1	0	1	381
CY207737.1	391	2302	22	3	25	391
CY207737.1	403	1273	4	3	7	403
CY207737.1	410	1162	1	0	1	410
CY207737.1	431	1133	1	0	1	431
CY207737.1	434	1522	0	1	1	1522
CY207737.1	439	2094	1	0	1	439
CY207737.1	459	2135	1	0	1	459
CY207737.1	467	1578	0	1	1	1578
CY207737.1	493	606	3	0	3	493
CY207737.1	503	2081	2	3	5	503
CY207737.1	521	2094	4	4	8	521
CY207737.1	536	1928	3	0	3	536
CY207737.1	536	2197	1	0	1	536
CY207737.1	537	2136	7	2	9	537
CY207737.1	539	2396	0	1	1	2396
CY207737.1	543	2071	1	0	1	543
CY207737.1	559	1439	0	1	1	1439
CY207737.1	565	1634	1	0	1	565
CY207737.1	565	1848	0	1	1	1848
CY207737.1	602	2302	1	0	1	602
CY207737.1	606	1766	4	1	5	606
CY207737.1	618	1810	0	5	5	1810
CY207737.1	622	1754	1	1	2	622
CY207737.1	627	2019	2	2	4	627
CY207737.1	627	2101	4	0	4	627
CY207737.1	640	2187	3	1	4	640
CY207737.1	655	2037	0	1	1	2037
CY207737.1	669	1786	1	0	1	669
CY207737.1	673	727	7	1	8	673
CY207737.1	697	1370	0	1	1	1370
CY207737.1	698	743	1	0	1	698
CY207737.1	713	1615	1	1	2	713
CY207737.1	723	1467	0	1	1	1467
CY207737.1	729	2024	2	5	7	729
CY207737.1	730	1892	0	5	5	1892
CY207737.1	735	1494	0	1	1	1494
CY207737.1	736	2247	1	0	1	736
CY207737.1	749	1813	0	1	1	1813
CY207737.1	751	2262	0	1	1	2262
CY207737.1	753	1889	1	4	5	753
CY207737.1	756	2185	2	0	2	756
CY207737.1	759	2189	8	1	9	759
CY207737.1	789	2182	9	10	19	789
CY207737.1	792	1298	1	0	1	792
CY207737.1	795	2016	2	1	3	795
CY207737.1	801	1962	0	2	2	1962
CY207737.1	803	1650	1	0	1	803
CY207737.1	807	904	0	1	1	904
CY207737.1	818	1979	0	1	1	1979
CY207737.1	824	1920	0	1	1	1920
CY207737.1	827	1824	1	3	4	827
CY207737.1	837	1275	1	0	1	837
CY207737.1	842	1051	0	1	1	1051
CY207737.1	853	1724	1	0	1	853
CY207737.1	858	1729	2	2	4	858
CY207737.1	866	1855	7	6	13	866
CY207737.1	879	1790	1	0	1	879
CY207737.1	888	1628	4	1	5	888
CY207737.1	888	1768	1	1	2	888
CY207737.1	888	1881	1	1	2	888
CY207737.1	902	2287	0	1	1	2287
CY207737.1	931	1859	0	1	1	1859
CY207737.1	933	2291	1	0	1	933
CY207737.1	939	1861	2	1	3	939
CY207737.1	940	2152	1	4	5	940
CY207737.1	965	1612	0	1	1	1612
CY207737.1	967	1779	1	0	1	967
CY207737.1	967	1820	4	0	4	967
CY207738.1	1000	2348	1	0	1	1000
CY207738.1	1001	1416	1	0	1	1001
CY207738.1	1050	1618	1	0	1	1050
CY207738.1	1118	1429	1	0	1	1118
CY207738.1	1124	2330	0	1	1	2330
CY207738.1	1141	2008	0	1	1	2008
CY207738.1	1145	1902	2	2	4	1145
CY207738.1	1151	2474	0	1	1	2474
CY207738.1	1159	1225	1	0	1	1159
CY207738.1	1167	2302	1	4	5	1167
CY207738.1	1202	1322	0	1	1	1322
CY207738.1	1206	1868	1	0	1	1206
CY207738.1	1249	1318	0	1	1	1318
CY207738.1	1249	1466	0	1	1	1466
CY207738.1	1281	2035	0	6	6	2035
CY207738.1	1294	2202	1	0	1	1294
CY207738.1	1334	2235	1	0	1	1334
CY207738.1	1341	1427	1	0	1	1341
CY207738.1	1393	2039	1	1	2	1393
CY207738.1	1414	2107	2	0	2	1414
CY207738.1	1425	1557	0	1	1	1557
CY207738.1	1435	1893	0	1	1	1893
CY207738.1	1441	1490	0	1	1	1490
CY207738.1	1472	1578	1	0	1	1472
CY207738.1	1476	1503	0	1	1	1503
CY207738.1	1514	1564	1	0	1	1514
CY207738.1	1534	2126	1	0	1	1534
CY207738.1	1546	2039	0	1	1	2039
CY207738.1	1673	1750	0	1	1	1750
CY207738.1	1703	2345	1	0	1	1703
CY207738.1	1744	2494	0	1	1	2494
CY207738.1	1943	2202	1	0	1	1943
CY207738.1	1972	2280	0	1	1	2280
CY207738.1	1980	2365	1	0	1	1980
CY207738.1	2060	2314	1	0	1	2060
CY207738.1	2089	2154	1	0	1	2089
CY207738.1	2152	2342	0	1	1	2342
CY207738.1	2256	2326	1	0	1	2256
CY207738.1	2402	2460	0	1	1	2460
CY207738.1	245	2291	1	0	1	245
CY207738.1	245	804	1	0	1	245
CY207738.1	263	556	1	0	1	263
CY207738.1	286	1808	1	0	1	286
CY207738.1	312	2285	1	0	1	312
CY207738.1	312	2391	2	0	2	312
CY207738.1	321	2324	0	1	1	2324
CY207738.1	332	1228	0	1	1	1228
CY207738.1	333	1300	1	0	1	333
CY207738.1	334	2156	0	1	1	2156
CY207738.1	335	743	0	1	1	743
CY207738.1	339	2328	1	0	1	339
CY207738.1	344	2233	1	0	1	344
CY207738.1	346	793	0	1	1	793
CY207738.1	347	1243	2	0	2	347
CY207738.1	354	760	0	1	1	760
CY207738.1	362	2317	1	0	1	362
CY207738.1	364	1829	0	1	1	1829
CY207738.1	364	2283	0	7	7	2283
CY207738.1	375	1642	0	1	1	1642
CY207738.1	376	411	0	1	1	411
CY207738.1	378	1418	0	1	1	1418
CY207738.1	380	2179	0	1	1	2179
CY207738.1	380	2313	11	42	53	380
CY207738.1	387	1146	0	1	1	1146
CY207738.1	395	1584	0	1	1	1584
CY207738.1	395	767	0	3	3	767
CY207738.1	399	771	0	1	1	771
CY207738.1	400	1901	0	2	2	1901
CY207738.1	402	1529	0	1	1	1529
CY207738.1	404	776	0	1	1	776
CY207738.1	406	1670	0	2	2	1670
CY207738.1	408	2215	0	1	1	2215
CY207738.1	408	2387	0	1	1	2387
CY207738.1	409	1331	0	1	1	1331
CY207738.1	410	2304	1	7	8	410
CY207738.1	417	2330	0	2	2	2330
CY207738.1	418	790	0	1	1	790
CY207738.1	424	1107	1	0	1	424
CY207738.1	428	1890	0	1	1	1890
CY207738.1	429	469	0	1	1	469
CY207738.1	435	2247	6	17	23	435
CY207738.1	451	602	0	1	1	602
CY207738.1	453	2196	0	1	1	2196
CY207738.1	456	1524	0	1	1	1524
CY207738.1	458	1665	0	1	1	1665
CY207738.1	470	2170	1	8	9	470
CY207738.1	477	2338	0	1	1	2338
CY207738.1	496	2324	26	15	41	496
CY207738.1	498	1567	0	1	1	1567
CY207738.1	508	1833	1	0	1	508
CY207738.1	511	1991	1	7	8	511
CY207738.1	516	1092	1	0	1	516
CY207738.1	517	2070	1	0	1	517
CY207738.1	517	818	1	0	1	517
CY207738.1	523	2198	4	8	12	523
CY207738.1	525	1793	1	0	1	525
CY207738.1	528	2177	0	4	4	2177
CY207738.1	529	2084	0	1	1	2084
CY207738.1	530	1106	1	0	1	530
CY207738.1	530	1604	0	1	1	1604
CY207738.1	534	1764	5	6	11	534
CY207738.1	534	820	0	1	1	820
CY207738.1	543	2185	0	7	7	2185
CY207738.1	545	1635	1	0	1	545
CY207738.1	564	2409	0	1	1	2409
CY207738.1	568	2050	3	4	7	568
CY207738.1	570	2073	1	0	1	570
CY207738.1	580	2087	1	0	1	580
CY207738.1	584	1914	6	3	9	584
CY207738.1	588	1917	0	1	1	1917
CY207738.1	590	926	0	1	1	926
CY207738.1	592	2069	1	0	1	592
CY207738.1	592	2313	0	1	1	2313
CY207738.1	593	2070	3	7	10	593
CY207738.1	594	1978	0	1	1	1978
CY207738.1	596	883	0	1	1	883
CY207738.1	611	2371	1	0	1	611
CY207738.1	612	2085	0	1	1	2085
CY207738.1	622	1972	0	1	1	1972
CY207738.1	639	1821	1	0	1	639
CY207738.1	662	2008	1	1	2	662
CY207738.1	672	1997	1	2	3	672
CY207738.1	677	900	1	0	1	677
CY207738.1	685	1719	0	1	1	1719
CY207738.1	688	1381	4	1	5	688
CY207738.1	693	2040	20	20	40	693
CY207738.1	700	2244	1	0	1	700
CY207738.1	701	1567	1	0	1	701
CY207738.1	702	1944	1	0	1	702
CY207738.1	713	1739	14	2	16	713
CY207738.1	714	1955	2	2	4	714
CY207738.1	714	2357	0	1	1	2357
CY207738.1	715	1008	1	0	1	715
CY207738.1	721	1955	0	1	1	1955
CY207738.1	741	1751	0	1	1	1751
CY207738.1	744	1355	0	1	1	1355
CY207738.1	747	1251	1	0	1	747
CY207738.1	764	2417	1	0	1	764
CY207738.1	790	1696	0	1	1	1696
CY207738.1	810	990	0	1	1	990
CY207738.1	822	879	2	0	2	822
CY207738.1	829	1938	1	0	1	829
CY207738.1	832	2102	0	1	1	2102
CY207738.1	834	1424	0	1	1	1424
CY207738.1	835	1900	1	1	2	835
CY207738.1	836	1533	1	0	1	836
CY207738.1	840	1597	1	0	1	840
CY207738.1	842	1855	4	2	6	842
CY207738.1	846	1225	0	1	1	1225
CY207738.1	846	1701	10	3	13	846
CY207738.1	856	2394	1	0	1	856
CY207738.1	857	2070	0	2	2	2070
CY207738.1	896	1101	2	1	3	896
CY207738.1	898	1676	0	1	1	1676
CY207738.1	902	1380	0	1	1	1380
CY207738.1	908	1649	1	0	1	908
CY207738.1	911	1719	1	2	3	911
CY207738.1	918	2071	0	2	2	2071
CY207738.1	925	2052	0	1	1	2052
CY207738.1	946	1794	2	0	2	946
CY207738.1	951	1097	0	1	1	1097
CY207738.1	954	1802	4	0	4	954
CY207738.1	968	1163	1	0	1	968
CY207738.1	975	1218	1	0	1	975
CY207738.1	978	1656	3	2	5	978
CY207738.1	979	1318	1	0	1	979
CY207738.1	983	1136	0	1	1	1136
CY207738.1	983	1395	0	1	1	1395
