Segment	Start	Stop	Forward_support	Reverse_support	Total_support	Fuzz_factor
CY207731.1	1001	1363	1	0	1	1001
CY207731.1	1008	1455	0	1	1	1455
CY207731.1	1008	1892	0	1	1	1892
CY207731.1	1018	1901	1	0	1	1018
CY207731.1	1040	1100	0	1	1	1100
CY207731.1	1056	1842	0	1	1	1842
CY207731.1	1064	1366	0	1	1	1366
CY207731.1	1122	1400	0	1	1	1400
CY207731.1	1143	1188	0	1	1	1188
CY207731.1	1174	1592	0	1	1	1592
CY207731.1	1175	1215	0	1	1	1215
CY207731.1	1180	1602	0	1	1	1602
CY207731.1	1193	1215	0	1	1	1215
CY207731.1	1259	1616	0	1	1	1616
CY207731.1	1259	1627	0	1	1	1627
CY207731.1	1267	1341	0	1	1	1341
CY207731.1	1268	1316	1	0	1	1268
CY207731.1	1276	1338	1	0	1	1276
CY207731.1	1299	1436	1	0	1	1299
CY207731.1	1299	1651	0	1	1	1651
CY207731.1	1309	1574	0	1	1	1574
CY207731.1	1317	1885	0	1	1	1885
CY207731.1	1345	1381	0	1	1	1381
CY207731.1	1360	1708	1	0	1	1360
CY207731.1	1383	1493	0	1	1	1493
CY207731.1	1393	1480	1	0	1	1393
CY207731.1	1402	1610	1	0	1	1402
CY207731.1	1445	1751	1	0	1	1445
CY207731.1	1479	1600	1	0	1	1479
CY207731.1	1497	1805	3	0	3	1497
CY207731.1	1571	1781	1	0	1	1571
CY207731.1	1652	1702	1	0	1	1652
CY207731.1	1667	1834	1	0	1	1667
CY207731.1	257	1069	1	0	1	257
CY207731.1	283	1203	1	0	1	283
CY207731.1	284	789	1	0	1	284
CY207731.1	298	828	1	1	2	298
CY207731.1	354	1791	0	1	1	1791
CY207731.1	356	436	0	1	1	436
CY207731.1	360	1630	0	1	1	1630
CY207731.1	367	1410	1	0	1	367
CY207731.1	367	1688	0	1	1	1688
CY207731.1	368	425	0	1	1	425
CY207731.1	373	1668	1	0	1	373
CY207731.1	381	1018	0	1	1	1018
CY207731.1	402	1777	0	1	1	1777
CY207731.1	412	723	0	1	1	723
CY207731.1	416	1840	1	0	1	416
CY207731.1	421	814	0	1	1	814
CY207731.1	422	1807	0	1	1	1807
CY207731.1	446	1086	1	0	1	446
CY207731.1	449	1375	1	0	1	449
CY207731.1	453	1587	3	39	42	453
CY207731.1	475	1116	0	1	1	1116
CY207731.1	487	1150	1	0	1	487
CY207731.1	490	952	0	1	1	952
CY207731.1	508	1539	0	1	1	1539
CY207731.1	508	609	1	0	1	508
CY207731.1	520	742	1	0	1	520
CY207731.1	521	1330	1	0	1	521
CY207731.1	527	1727	0	1	1	1727
CY207731.1	528	1100	1	0	1	528
CY207731.1	529	1356	0	1	1	1356
CY207731.1	550	1638	1	0	1	550
CY207731.1	565	919	1	0	1	565
CY207731.1	590	653	0	1	1	653
CY207731.1	629	1555	0	1	1	1555
CY207731.1	647	969	0	1	1	969
CY207731.1	695	902	1	0	1	695
CY207731.1	704	1320	1	0	1	704
CY207731.1	706	1082	1	0	1	706
CY207731.1	716	1638	0	1	1	1638
CY207731.1	727	1701	0	1	1	1701
CY207731.1	779	1309	0	1	1	1309
CY207731.1	786	1140	1	0	1	786
CY207731.1	797	1207	0	1	1	1207
CY207731.1	808	1250	1	0	1	808
CY207731.1	813	845	0	1	1	845
CY207731.1	819	1079	0	1	1	1079
CY207731.1	823	958	1	0	1	823
CY207731.1	829	1003	1	0	1	829
CY207731.1	835	1570	0	1	1	1570
CY207731.1	851	1085	1	0	1	851
CY207731.1	894	1417	0	1	1	1417
CY207731.1	964	1136	1	0	1	964
CY207731.1	995	1046	1	0	1	995
CY207732.1	244	916	1	0	1	244
CY207732.1	270	984	1	0	1	270
CY207732.1	276	334	1	0	1	276
CY207732.1	278	602	1	0	1	278
CY207732.1	288	1062	1	0	1	288
CY207732.1	290	731	1	1	2	290
CY207732.1	305	903	1	0	1	305
CY207732.1	332	695	0	1	1	695
CY207732.1	332	856	1	0	1	332
CY207732.1	370	448	1	0	1	370
CY207732.1	377	602	0	1	1	602
CY207732.1	379	1107	0	1	1	1107
CY207732.1	379	475	1	0	1	379
CY207732.1	379	919	0	1	1	919
CY207732.1	380	670	0	1	1	670
CY207732.1	383	655	0	1	1	655
CY207732.1	393	995	1	0	1	393
CY207732.1	404	458	1	0	1	404
CY207732.1	407	635	1	0	1	407
CY207732.1	417	1103	1	0	1	417
CY207732.1	419	676	0	1	1	676
CY207732.1	421	638	0	1	1	638
CY207732.1	421	639	0	1	1	639
CY207732.1	434	702	0	1	1	702
CY207732.1	434	813	0	2	2	813
CY207732.1	440	462	0	1	1	462
CY207732.1	442	477	1	0	1	442
CY207732.1	444	734	0	1	1	734
CY207732.1	449	614	0	1	1	614
CY207732.1	472	720	1	0	1	472
CY207732.1	472	777	0	1	1	777
CY207732.1	483	954	0	1	1	954
CY207732.1	500	1165	0	1	1	1165
CY207732.1	500	575	0	1	1	575
CY207732.1	538	605	0	1	1	605
CY207732.1	538	776	1	0	1	538
CY207732.1	538	943	0	1	1	943
CY207732.1	541	900	0	1	1	900
CY207732.1	554	627	0	1	1	627
CY207732.1	557	955	1	0	1	557
CY207732.1	592	673	0	1	1	673
CY207732.1	622	765	0	1	1	765
CY207732.1	622	998	1	0	1	622
CY207732.1	625	848	0	1	1	848
CY207732.1	640	739	1	0	1	640
CY207732.1	648	1083	0	1	1	1083
CY207732.1	702	1019	1	0	1	702
CY207732.1	716	789	8	13	21	716
CY207732.1	718	860	0	1	1	860
CY207732.1	719	903	0	1	1	903
CY207732.1	747	973	1	0	1	747
CY207732.1	766	904	1	0	1	766
CY207732.1	783	852	1	0	1	783
CY207732.1	792	862	10	9	19	792
CY207732.1	813	1026	1	0	1	813
CY207732.1	834	949	0	1	1	949
CY207732.1	850	987	1	0	1	850
CY207732.1	897	987	0	1	1	987
CY207732.1	951	1015	0	1	1	1015
CY207732.1	954	981	1	1	2	954
CY207732.1	973	1068	1	0	1	973
CY207733.1	1090	1184	5	8	13	1090
CY207733.1	1105	1160	0	1	1	1160
CY207733.1	1105	1324	1	0	1	1105
CY207733.1	1240	1355	4	5	9	1240
CY207733.1	1266	1360	1	0	1	1266
CY207733.1	266	374	1	0	1	266
CY207733.1	271	300	1	0	1	271
CY207733.1	273	803	1	0	1	273
CY207733.1	329	373	0	1	1	373
CY207733.1	350	1475	0	1	1	1475
CY207733.1	362	1318	0	1	1	1318
CY207733.1	365	1475	0	4	4	1475
CY207733.1	366	502	1	1	2	366
CY207733.1	374	707	0	1	1	707
CY207733.1	445	743	1	0	1	445
CY207733.1	461	1153	0	1	1	1153
CY207733.1	466	523	0	1	1	523
CY207733.1	477	499	0	1	1	499
CY207733.1	496	1040	1	0	1	496
CY207733.1	532	1373	0	1	1	1373
CY207733.1	546	609	1	0	1	546
CY207733.1	558	1225	1	0	1	558
CY207733.1	635	858	1	0	1	635
CY207733.1	636	1365	1	0	1	636
CY207733.1	669	1339	0	1	1	1339
CY207733.1	724	746	1	0	1	724
CY207733.1	737	1464	1	0	1	737
CY207733.1	780	1013	1	0	1	780
CY207733.1	800	1202	0	1	1	1202
CY207733.1	840	948	0	1	1	948
CY207733.1	845	1124	1	0	1	845
CY207733.1	963	1257	0	1	1	1257
CY207734.1	1048	1182	0	1	1	1182
CY207734.1	1060	1691	0	1	1	1691
CY207734.1	1085	1677	0	1	1	1677
CY207734.1	1111	1708	0	1	1	1708
CY207734.1	1124	1169	0	1	1	1169
CY207734.1	1124	1519	0	1	1	1519
CY207734.1	1129	1548	1	0	1	1129
CY207734.1	1131	1241	0	1	1	1241
CY207734.1	1179	1353	0	1	1	1353
CY207734.1	1188	1393	0	1	1	1393
CY207734.1	1258	1518	0	1	1	1518
CY207734.1	1279	1342	1	0	1	1279
CY207734.1	1325	1441	0	1	1	1441
CY207734.1	1389	1453	0	1	1	1453
CY207734.1	1435	1512	11	10	21	1435
CY207734.1	1447	1635	1	0	1	1447
CY207734.1	1461	1514	0	1	1	1514
CY207734.1	1558	1595	1	0	1	1558
CY207734.1	1563	1644	0	1	1	1644
CY207734.1	244	281	1	0	1	244
CY207734.1	253	608	1	0	1	253
CY207734.1	256	611	1	0	1	256
CY207734.1	269	1134	1	0	1	269
CY207734.1	270	1037	1	0	1	270
CY207734.1	275	647	1	0	1	275
CY207734.1	277	687	1	0	1	277
CY207734.1	284	1046	1	0	1	284
CY207734.1	285	1277	1	0	1	285
CY207734.1	314	1122	1	0	1	314
CY207734.1	324	889	1	0	1	324
CY207734.1	330	1584	0	1	1	1584
CY207734.1	397	1022	0	1	1	1022
CY207734.1	397	898	0	1	1	898
CY207734.1	400	1151	0	1	1	1151
CY207734.1	401	1304	0	1	1	1304
CY207734.1	404	561	0	1	1	561
CY207734.1	404	767	0	1	1	767
CY207734.1	412	539	0	1	1	539
CY207734.1	448	1412	0	1	1	1412
CY207734.1	456	1681	0	1	1	1681
CY207734.1	457	1238	0	1	1	1238
CY207734.1	458	1258	0	1	1	1258
CY207734.1	477	1384	0	1	1	1384
CY207734.1	480	675	0	1	1	675
CY207734.1	487	711	0	1	1	711
CY207734.1	520	739	1	0	1	520
CY207734.1	521	592	0	1	1	592
CY207734.1	527	758	1	0	1	527
CY207734.1	529	1525	0	1	1	1525
CY207734.1	534	1393	0	1	1	1393
CY207734.1	536	814	1	0	1	536
CY207734.1	538	1410	1	0	1	538
CY207734.1	541	1370	0	1	1	1370
CY207734.1	546	1589	0	1	1	1589
CY207734.1	558	1133	0	1	1	1133
CY207734.1	604	1065	1	0	1	604
CY207734.1	613	645	0	1	1	645
CY207734.1	623	824	0	1	1	824
CY207734.1	634	1400	0	1	1	1400
CY207734.1	650	1402	1	0	1	650
CY207734.1	656	1101	0	1	1	1101
CY207734.1	658	1580	1	0	1	658
CY207734.1	663	1067	1	0	1	663
CY207734.1	676	1581	1	0	1	676
CY207734.1	680	1469	0	1	1	1469
CY207734.1	680	1690	0	1	1	1690
CY207734.1	687	1134	1	0	1	687
CY207734.1	697	864	0	1	1	864
CY207734.1	698	1055	0	1	1	1055
CY207734.1	705	1143	0	1	1	1143
CY207734.1	710	878	0	1	1	878
CY207734.1	727	1331	0	1	1	1331
CY207734.1	738	1591	1	0	1	738
CY207734.1	763	805	0	1	1	805
CY207734.1	788	1391	1	0	1	788
CY207734.1	808	1042	1	0	1	808
CY207734.1	816	1588	0	1	1	1588
CY207734.1	844	1693	0	1	1	1693
CY207734.1	845	964	1	0	1	845
CY207734.1	863	1577	1	0	1	863
CY207734.1	866	1708	0	1	1	1708
CY207734.1	882	1571	0	1	1	1571
CY207734.1	894	1027	0	1	1	1027
CY207734.1	909	1005	0	1	1	1005
CY207734.1	940	1307	1	0	1	940
CY207734.1	952	1452	0	1	1	1452
CY207735.1	277	528	1	0	1	277
CY207735.1	282	863	1	0	1	282
CY207735.1	283	383	1	0	1	283
CY207735.1	351	688	0	1	1	688
CY207735.1	420	464	0	1	1	464
CY207735.1	508	581	0	1	1	581
CY207735.1	579	836	1	0	1	579
CY207736.1	1043	1113	0	1	1	1113
CY207736.1	1045	1732	0	1	1	1732
CY207736.1	1051	1726	1	0	1	1051
CY207736.1	1068	1458	0	1	1	1458
CY207736.1	1118	2130	1	0	1	1118
CY207736.1	1121	2049	1	0	1	1121
CY207736.1	1155	2170	1	0	1	1155
CY207736.1	1165	1425	0	1	1	1425
CY207736.1	1189	2345	0	1	1	2345
CY207736.1	1222	1838	0	1	1	1838
CY207736.1	1231	1393	1	0	1	1231
CY207736.1	1246	1987	1	0	1	1246
CY207736.1	1261	2075	0	1	1	2075
CY207736.1	1336	2352	0	1	1	2352
CY207736.1	1358	1869	1	0	1	1358
CY207736.1	1379	2048	1	0	1	1379
CY207736.1	1404	1810	0	1	1	1810
CY207736.1	1415	2256	1	0	1	1415
CY207736.1	1423	1573	1	0	1	1423
CY207736.1	1427	2158	0	1	1	2158
CY207736.1	1476	2133	0	1	1	2133
CY207736.1	1511	1596	1	0	1	1511
CY207736.1	1535	2291	0	1	1	2291
CY207736.1	1566	1995	0	1	1	1995
CY207736.1	1584	1645	1	0	1	1584
CY207736.1	1590	1634	0	1	1	1634
CY207736.1	1671	1694	0	1	1	1694
CY207736.1	1697	2036	0	1	1	2036
CY207736.1	1766	2253	1	0	1	1766
CY207736.1	1767	1948	1	0	1	1767
CY207736.1	1805	1857	1	1	2	1805
CY207736.1	1968	2005	0	1	1	2005
CY207736.1	1975	2185	0	1	1	2185
CY207736.1	2130	2303	6	4	10	2130
CY207736.1	2257	2319	0	1	1	2319
CY207736.1	238	814	1	0	1	238
CY207736.1	261	1216	1	0	1	261
CY207736.1	263	1166	1	0	1	263
CY207736.1	263	1385	1	0	1	263
CY207736.1	271	1624	1	0	1	271
CY207736.1	282	390	2	0	2	282
CY207736.1	289	1141	1	0	1	289
CY207736.1	301	967	1	0	1	301
CY207736.1	318	1755	0	1	1	1755
CY207736.1	355	2045	1	0	1	355
CY207736.1	361	1084	1	0	1	361
CY207736.1	368	2089	0	1	1	2089
CY207736.1	372	1971	0	1	1	1971
CY207736.1	375	749	1	0	1	375
CY207736.1	383	2069	0	1	1	2069
CY207736.1	411	1495	0	1	1	1495
CY207736.1	413	2312	1	0	1	413
CY207736.1	416	2079	0	1	1	2079
CY207736.1	418	2137	0	1	1	2137
CY207736.1	433	1090	0	1	1	1090
CY207736.1	443	1198	1	0	1	443
CY207736.1	464	1417	1	0	1	464
CY207736.1	471	2164	0	3	3	2164
CY207736.1	474	2036	0	1	1	2036
CY207736.1	485	2032	2	0	2	485
CY207736.1	492	2041	0	1	1	2041
CY207736.1	500	1620	1	0	1	500
CY207736.1	502	1521	0	1	1	1521
CY207736.1	529	2215	1	0	1	529
CY207736.1	564	944	0	1	1	944
CY207736.1	592	1019	0	1	1	1019
CY207736.1	592	1135	0	1	1	1135
CY207736.1	605	1191	1	0	1	605
CY207736.1	614	1384	0	1	1	1384
CY207736.1	639	1940	0	1	1	1940
CY207736.1	675	1837	0	1	1	1837
CY207736.1	687	710	0	1	1	710
CY207736.1	699	1995	5	7	12	699
CY207736.1	724	1687	0	1	1	1687
CY207736.1	738	1950	0	1	1	1950
CY207736.1	741	802	0	1	1	802
CY207736.1	773	1458	0	1	1	1458
CY207736.1	773	2125	0	1	1	2125
CY207736.1	811	1238	1	0	1	811
CY207736.1	814	1710	2	0	2	814
CY207736.1	817	1102	0	1	1	1102
CY207736.1	823	1719	1	0	1	823
CY207736.1	845	937	1	0	1	845
CY207736.1	847	1740	0	1	1	1740
CY207736.1	856	2338	0	1	1	2338
CY207736.1	882	1996	1	0	1	882
CY207736.1	886	938	0	1	1	938
CY207736.1	888	1049	0	1	1	1049
CY207736.1	889	1104	1	0	1	889
CY207736.1	911	1484	0	1	1	1484
CY207736.1	912	1203	0	1	1	1203
CY207736.1	924	2226	0	1	1	2226
CY207736.1	932	1589	0	1	1	1589
CY207736.1	934	1723	0	1	1	1723
CY207736.1	936	964	1	0	1	936
CY207736.1	946	2365	0	1	1	2365
CY207736.1	960	1412	0	1	1	1412
CY207736.1	962	1661	1	0	1	962
CY207736.1	964	1612	0	1	1	1612
CY207736.1	973	1064	1	1	2	973
CY207737.1	1268	1901	1	0	1	1268
CY207737.1	1380	2105	0	1	1	2105
CY207737.1	1400	1531	0	1	1	1531
CY207737.1	1525	2305	1	0	1	1525
CY207737.1	1588	1941	0	1	1	1941
CY207737.1	1619	1825	1	0	1	1619
CY207737.1	1621	2259	0	1	1	2259
CY207737.1	1643	2257	0	1	1	2257
CY207737.1	1945	2455	0	1	1	2455
CY207737.1	2161	2195	1	0	1	2161
CY207737.1	2184	2414	1	0	1	2184
CY207737.1	2259	2390	1	0	1	2259
CY207737.1	2361	2387	1	0	1	2361
CY207737.1	266	1262	1	0	1	266
CY207737.1	288	2322	1	0	1	288
CY207737.1	361	1516	1	0	1	361
CY207737.1	374	2063	1	0	1	374
CY207737.1	377	1534	1	1	2	377
CY207737.1	396	1552	0	1	1	1552
CY207737.1	470	1609	0	1	1	1609
CY207737.1	506	1325	1	0	1	506
CY207737.1	599	1620	1	0	1	599
CY207737.1	610	2301	1	0	1	610
CY207737.1	703	2444	0	1	1	2444
CY207737.1	719	1794	1	0	1	719
CY207737.1	737	1876	1	0	1	737
CY207737.1	753	1893	2	17	19	753
CY207737.1	764	1879	0	25	25	1879
CY207737.1	769	1917	0	1	1	1917
CY207737.1	772	2370	1	0	1	772
CY207737.1	797	1718	0	1	1	1718
CY207737.1	807	1502	0	1	1	1502
CY207737.1	824	1920	0	2	2	1920
CY207737.1	901	1153	1	0	1	901
CY207737.1	937	1309	1	0	1	937
CY207737.1	977	1861	0	1	1	1861
CY207738.1	1032	1667	0	1	1	1667
CY207738.1	1037	1237	1	0	1	1037
CY207738.1	1088	1498	1	0	1	1088
CY207738.1	1100	2077	0	1	1	2077
CY207738.1	1115	2329	0	1	1	2329
CY207738.1	1142	1180	0	1	1	1180
CY207738.1	1177	2025	0	1	1	2025
CY207738.1	1197	1269	0	1	1	1269
CY207738.1	1204	1311	1	0	1	1204
CY207738.1	1318	1673	1	0	1	1318
CY207738.1	1405	1702	0	1	1	1702
CY207738.1	1429	2380	0	1	1	2380
CY207738.1	1446	2067	0	1	1	2067
CY207738.1	1468	1507	1	0	1	1468
CY207738.1	1469	1702	1	0	1	1469
CY207738.1	1576	1816	1	0	1	1576
CY207738.1	1607	1907	1	1	2	1607
CY207738.1	1803	2273	0	1	1	2273
CY207738.1	1832	1876	0	1	1	1876
CY207738.1	241	1221	1	0	1	241
CY207738.1	246	589	1	0	1	246
CY207738.1	247	2442	1	0	1	247
CY207738.1	261	651	1	0	1	261
CY207738.1	279	600	1	0	1	279
CY207738.1	286	1808	0	1	1	1808
CY207738.1	316	713	1	0	1	316
CY207738.1	325	1696	0	1	1	1696
CY207738.1	332	1228	0	1	1	1228
CY207738.1	333	1300	0	1	1	1300
CY207738.1	357	2246	1	1	2	357
CY207738.1	358	1127	0	1	1	1127
CY207738.1	369	1673	0	1	1	1673
CY207738.1	375	2393	1	0	1	375
CY207738.1	378	407	0	1	1	407
CY207738.1	380	1267	0	1	1	1267
CY207738.1	389	683	0	1	1	683
CY207738.1	394	1670	0	1	1	1670
CY207738.1	397	1850	0	1	1	1850
CY207738.1	403	2462	0	1	1	2462
CY207738.1	404	776	0	2	2	776
CY207738.1	408	2215	0	2	2	2215
CY207738.1	408	2379	1	0	1	408
CY207738.1	411	1259	0	1	1	1259
CY207738.1	416	1620	0	1	1	1620
CY207738.1	416	1694	0	1	1	1694
CY207738.1	416	996	0	1	1	996
CY207738.1	434	790	0	1	1	790
CY207738.1	453	2330	1	0	1	453
CY207738.1	461	637	0	1	1	637
CY207738.1	484	555	1	0	1	484
CY207738.1	488	2200	23	36	59	488
CY207738.1	493	1885	1	0	1	493
CY207738.1	508	655	0	1	1	655
CY207738.1	513	2221	0	1	1	2221
CY207738.1	517	684	1	0	1	517
CY207738.1	566	663	0	1	1	663
CY207738.1	567	1712	1	0	1	567
CY207738.1	594	942	0	1	1	942
CY207738.1	625	2473	0	1	1	2473
CY207738.1	633	1758	1	0	1	633
CY207738.1	695	1245	0	1	1	1245
CY207738.1	695	1348	0	1	1	1348
CY207738.1	727	1654	0	1	1	1654
CY207738.1	771	1976	0	1	1	1976
CY207738.1	788	1591	1	0	1	788
CY207738.1	829	1351	1	0	1	829
CY207738.1	849	2037	1	2	3	849
CY207738.1	855	1814	1	0	1	855
CY207738.1	896	1101	1	1	2	896
CY207738.1	899	2345	1	0	1	899
CY207738.1	948	1530	1	0	1	948
CY207738.1	961	1692	0	1	1	1692
CY207738.1	963	1271	0	1	1	1271
CY207738.1	978	1881	0	1	1	1881
CY207738.1	993	2360	1	0	1	993
