Segment	Start	Stop	Forward_support	Reverse_support	Total_support	Fuzz_factor
CY207731.1	1015	1804	1	0	1	1015
CY207731.1	1021	1355	0	1	1	1355
CY207731.1	1023	1872	0	1	1	1872
CY207731.1	1026	1225	1	0	1	1026
CY207731.1	1083	1378	0	1	1	1378
CY207731.1	1094	1175	1	0	1	1094
CY207731.1	1094	1793	1	0	1	1094
CY207731.1	1105	1604	1	0	1	1105
CY207731.1	1107	1208	0	1	1	1208
CY207731.1	1114	1329	0	1	1	1329
CY207731.1	1132	1824	1	0	1	1132
CY207731.1	1148	1799	1	0	1	1148
CY207731.1	1159	1875	0	1	1	1875
CY207731.1	1167	1206	1	0	1	1167
CY207731.1	1175	1243	1	0	1	1175
CY207731.1	1222	1439	0	1	1	1439
CY207731.1	1245	1883	0	1	1	1883
CY207731.1	1247	1774	1	0	1	1247
CY207731.1	1260	1702	1	0	1	1260
CY207731.1	1264	1699	0	1	1	1699
CY207731.1	1273	1743	0	1	1	1743
CY207731.1	1280	1736	0	1	1	1736
CY207731.1	1283	1777	0	1	1	1777
CY207731.1	1286	1406	0	1	1	1406
CY207731.1	1308	1402	0	1	1	1402
CY207731.1	1308	1730	0	1	1	1730
CY207731.1	1368	1786	1	0	1	1368
CY207731.1	1456	1606	1	0	1	1456
CY207731.1	1485	1545	1	0	1	1485
CY207731.1	1497	1634	0	1	1	1634
CY207731.1	1518	1840	1	0	1	1518
CY207731.1	1520	1892	0	1	1	1892
CY207731.1	1530	1889	0	1	1	1889
CY207731.1	1554	1688	1	0	1	1554
CY207731.1	1566	1588	1	0	1	1566
CY207731.1	1634	1833	0	1	1	1833
CY207731.1	237	436	1	0	1	237
CY207731.1	270	1719	1	0	1	270
CY207731.1	281	1451	1	1	2	281
CY207731.1	281	724	1	0	1	281
CY207731.1	282	1560	1	0	1	282
CY207731.1	286	570	1	0	1	286
CY207731.1	289	1205	1	0	1	289
CY207731.1	289	903	1	0	1	289
CY207731.1	310	1402	0	1	1	1402
CY207731.1	322	569	0	1	1	569
CY207731.1	332	530	0	1	1	530
CY207731.1	337	862	1	0	1	337
CY207731.1	337	964	1	0	1	337
CY207731.1	347	1213	0	1	1	1213
CY207731.1	391	1318	1	0	1	391
CY207731.1	391	1519	1	0	1	391
CY207731.1	393	1503	0	1	1	1503
CY207731.1	396	1037	0	1	1	1037
CY207731.1	398	1643	1	0	1	398
CY207731.1	400	1494	0	1	1	1494
CY207731.1	403	1540	0	1	1	1540
CY207731.1	411	1329	0	1	1	1329
CY207731.1	421	1485	0	1	1	1485
CY207731.1	422	493	1	1	2	422
CY207731.1	422	519	0	1	1	519
CY207731.1	424	525	0	1	1	525
CY207731.1	430	1080	0	1	1	1080
CY207731.1	431	1127	0	1	1	1127
CY207731.1	434	1515	0	1	1	1515
CY207731.1	456	1907	0	1	1	1907
CY207731.1	475	1761	1	0	1	475
CY207731.1	476	1894	0	1	1	1894
CY207731.1	480	1853	1	0	1	480
CY207731.1	480	922	0	1	1	922
CY207731.1	481	660	0	1	1	660
CY207731.1	482	1670	0	1	1	1670
CY207731.1	489	1287	1	0	1	489
CY207731.1	491	824	1	0	1	491
CY207731.1	492	1308	1	0	1	492
CY207731.1	508	660	0	1	1	660
CY207731.1	525	887	0	1	1	887
CY207731.1	527	1727	0	1	1	1727
CY207731.1	528	1348	0	1	1	1348
CY207731.1	529	1498	0	1	1	1498
CY207731.1	529	1622	1	0	1	529
CY207731.1	530	1363	1	0	1	530
CY207731.1	531	1697	0	1	1	1697
CY207731.1	534	1274	0	1	1	1274
CY207731.1	553	1383	2	0	2	553
CY207731.1	562	1396	53	76	129	562
CY207731.1	570	598	0	1	1	598
CY207731.1	570	599	1	0	1	570
CY207731.1	578	657	1	0	1	578
CY207731.1	579	693	0	1	1	693
CY207731.1	593	623	1	0	1	593
CY207731.1	599	1734	1	0	1	599
CY207731.1	602	696	1	0	1	602
CY207731.1	619	1507	1	0	1	619
CY207731.1	628	1238	0	1	1	1238
CY207731.1	631	743	1	0	1	631
CY207731.1	632	1106	1	0	1	632
CY207731.1	646	1360	0	1	1	1360
CY207731.1	647	761	0	1	1	761
CY207731.1	679	822	0	1	1	822
CY207731.1	683	705	1	0	1	683
CY207731.1	684	1799	0	1	1	1799
CY207731.1	706	1235	0	1	1	1235
CY207731.1	711	965	1	0	1	711
CY207731.1	718	1687	1	0	1	718
CY207731.1	731	1497	0	1	1	1497
CY207731.1	731	1540	0	1	1	1540
CY207731.1	744	1303	0	1	1	1303
CY207731.1	751	1199	0	1	1	1199
CY207731.1	775	1698	0	2	2	1698
CY207731.1	777	1125	1	0	1	777
CY207731.1	806	1871	0	1	1	1871
CY207731.1	812	1640	1	0	1	812
CY207731.1	817	1186	1	0	1	817
CY207731.1	844	1073	0	1	1	1073
CY207731.1	849	1032	1	0	1	849
CY207731.1	857	1537	1	0	1	857
CY207731.1	890	1482	0	1	1	1482
CY207731.1	934	1486	1	0	1	934
CY207731.1	936	1199	1	0	1	936
CY207731.1	944	1710	0	1	1	1710
CY207731.1	946	1780	1	0	1	946
CY207731.1	959	1061	1	0	1	959
CY207731.1	967	1059	1	0	1	967
CY207731.1	987	1163	0	1	1	1163
CY207732.1	262	917	1	0	1	262
CY207732.1	269	532	1	0	1	269
CY207732.1	273	490	1	0	1	273
CY207732.1	306	832	0	1	1	832
CY207732.1	337	905	0	1	1	905
CY207732.1	350	1017	0	1	1	1017
CY207732.1	380	699	0	1	1	699
CY207732.1	387	1137	0	1	1	1137
CY207732.1	396	737	0	1	1	737
CY207732.1	405	534	0	1	1	534
CY207732.1	406	1153	0	1	1	1153
CY207732.1	413	568	1	0	1	413
CY207732.1	413	623	0	1	1	623
CY207732.1	413	763	1	0	1	413
CY207732.1	414	451	0	1	1	451
CY207732.1	414	524	1	0	1	414
CY207732.1	415	855	0	1	1	855
CY207732.1	421	607	0	1	1	607
CY207732.1	427	609	0	1	1	609
CY207732.1	427	889	1	0	1	427
CY207732.1	434	580	0	1	1	580
CY207732.1	435	814	0	1	1	814
CY207732.1	436	1043	1	0	1	436
CY207732.1	443	826	0	1	1	826
CY207732.1	444	1019	0	1	1	1019
CY207732.1	445	863	29	112	141	445
CY207732.1	445	877	0	1	1	877
CY207732.1	446	567	0	1	1	567
CY207732.1	468	490	0	1	1	490
CY207732.1	479	911	0	1	1	911
CY207732.1	481	519	1	0	1	481
CY207732.1	482	1136	1	0	1	482
CY207732.1	482	965	1	0	1	482
CY207732.1	483	981	1	0	1	483
CY207732.1	485	936	1	0	1	485
CY207732.1	498	533	0	1	1	533
CY207732.1	500	1047	1	0	1	500
CY207732.1	501	1000	1	0	1	501
CY207732.1	501	725	0	1	1	725
CY207732.1	502	1069	1	0	1	502
CY207732.1	506	1164	0	1	1	1164
CY207732.1	509	600	0	1	1	600
CY207732.1	535	775	0	1	1	775
CY207732.1	543	1139	0	1	1	1139
CY207732.1	576	679	1	0	1	576
CY207732.1	605	1117	1	0	1	605
CY207732.1	606	701	0	1	1	701
CY207732.1	619	947	1	0	1	619
CY207732.1	628	929	1	0	1	628
CY207732.1	633	661	1	0	1	633
CY207732.1	647	756	0	1	1	756
CY207732.1	654	983	1	0	1	654
CY207732.1	655	719	1	0	1	655
CY207732.1	659	802	1	0	1	659
CY207732.1	672	747	1	0	1	672
CY207732.1	679	815	14	19	33	679
CY207732.1	680	755	10	13	23	680
CY207732.1	685	839	32	34	66	685
CY207732.1	692	982	0	1	1	982
CY207732.1	704	968	1	0	1	704
CY207732.1	716	862	1	0	1	716
CY207732.1	718	860	0	1	1	860
CY207732.1	723	1174	0	1	1	1174
CY207732.1	748	880	1	0	1	748
CY207732.1	750	773	0	1	1	773
CY207732.1	765	1121	1	0	1	765
CY207732.1	774	1058	0	1	1	1058
CY207732.1	783	1089	0	1	1	1089
CY207732.1	785	891	0	1	1	891
CY207732.1	790	833	1	0	1	790
CY207732.1	795	848	1	0	1	795
CY207732.1	798	1059	0	1	1	1059
CY207732.1	811	976	0	1	1	976
CY207732.1	816	1068	0	1	1	1068
CY207732.1	818	854	1	0	1	818
CY207732.1	818	935	1	0	1	818
CY207732.1	847	982	1	0	1	847
CY207732.1	858	1001	1	0	1	858
CY207732.1	880	903	0	1	1	903
CY207732.1	909	1167	0	1	1	1167
CY207732.1	914	1100	0	1	1	1100
CY207732.1	924	1040	0	14	14	1040
CY207732.1	952	1060	0	1	1	1060
CY207732.1	975	1076	0	1	1	1076
CY207732.1	977	1002	0	1	1	1002
CY207733.1	1017	1093	1	0	1	1017
CY207733.1	1105	1208	6	7	13	1105
CY207733.1	1243	1512	1	0	1	1243
CY207733.1	1246	1473	1	0	1	1246
CY207733.1	1256	1487	18	2	20	1256
CY207733.1	267	1138	1	0	1	267
CY207733.1	272	1376	1	0	1	272
CY207733.1	272	418	1	0	1	272
CY207733.1	282	330	1	0	1	282
CY207733.1	324	457	0	1	1	457
CY207733.1	360	1095	0	1	1	1095
CY207733.1	371	1128	0	1	1	1128
CY207733.1	386	953	1	0	1	386
CY207733.1	389	1016	0	1	1	1016
CY207733.1	439	907	1	0	1	439
CY207733.1	454	1018	1	0	1	454
CY207733.1	454	517	0	1	1	517
CY207733.1	482	505	1	0	1	482
CY207733.1	497	1493	1	0	1	497
CY207733.1	518	939	0	1	1	939
CY207733.1	549	623	1	0	1	549
CY207733.1	555	957	1	0	1	555
CY207733.1	576	1112	1	0	1	576
CY207733.1	618	943	1	0	1	618
CY207733.1	651	822	0	1	1	822
CY207733.1	653	858	0	1	1	858
CY207733.1	676	966	0	1	1	966
CY207733.1	685	891	0	1	1	891
CY207733.1	712	884	0	1	1	884
CY207733.1	715	1030	1	0	1	715
CY207733.1	720	796	0	1	1	796
CY207733.1	752	1470	0	1	1	1470
CY207733.1	836	1016	1	0	1	836
CY207733.1	851	1485	1	0	1	851
CY207733.1	919	1166	0	1	1	1166
CY207733.1	921	947	13	28	41	921
CY207734.1	1000	1694	0	1	1	1694
CY207734.1	1012	1188	0	1	1	1188
CY207734.1	1014	1229	1	0	1	1014
CY207734.1	1015	1497	0	1	1	1497
CY207734.1	1043	1238	0	1	1	1238
CY207734.1	1052	1319	0	1	1	1319
CY207734.1	1086	1306	1	0	1	1086
CY207734.1	1102	1125	0	1	1	1125
CY207734.1	1107	1330	1	0	1	1107
CY207734.1	1127	1190	0	1	1	1190
CY207734.1	1207	1358	1	0	1	1207
CY207734.1	1299	1464	1	0	1	1299
CY207734.1	1348	1487	0	1	1	1487
CY207734.1	1381	1518	0	1	1	1518
CY207734.1	1389	1492	0	1	1	1492
CY207734.1	1407	1678	0	1	1	1678
CY207734.1	1421	1544	1	0	1	1421
CY207734.1	1467	1595	0	1	1	1595
CY207734.1	1471	1514	0	1	1	1514
CY207734.1	1488	1678	0	1	1	1678
CY207734.1	1508	1583	1	0	1	1508
CY207734.1	1566	1590	1	0	1	1566
CY207734.1	255	784	1	0	1	255
CY207734.1	269	1073	1	0	1	269
CY207734.1	269	1141	1	0	1	269
CY207734.1	275	1052	1	0	1	275
CY207734.1	276	1305	1	0	1	276
CY207734.1	280	517	1	0	1	280
CY207734.1	281	539	1	0	1	281
CY207734.1	288	943	1	0	1	288
CY207734.1	290	1103	1	0	1	290
CY207734.1	313	1387	0	1	1	1387
CY207734.1	336	1093	1	0	1	336
CY207734.1	342	1125	1	0	1	342
CY207734.1	343	466	1	0	1	343
CY207734.1	348	1579	1	0	1	348
CY207734.1	353	1543	0	1	1	1543
CY207734.1	357	1235	0	1	1	1235
CY207734.1	369	626	0	1	1	626
CY207734.1	376	1073	0	1	1	1073
CY207734.1	386	1552	1	0	1	386
CY207734.1	391	1635	0	1	1	1635
CY207734.1	391	958	1	0	1	391
CY207734.1	398	960	0	1	1	960
CY207734.1	419	729	0	1	1	729
CY207734.1	421	940	0	2	2	940
CY207734.1	426	529	0	1	1	529
CY207734.1	427	579	0	3	3	579
CY207734.1	427	927	1	0	1	427
CY207734.1	430	773	1	0	1	430
CY207734.1	439	1529	1	0	1	439
CY207734.1	439	991	1	0	1	439
CY207734.1	440	957	0	2	2	957
CY207734.1	442	1030	1	0	1	442
CY207734.1	444	1170	1	0	1	444
CY207734.1	448	839	0	1	1	839
CY207734.1	449	1402	1	0	1	449
CY207734.1	456	885	1	0	1	456
CY207734.1	457	922	1	0	1	457
CY207734.1	459	1051	0	1	1	1051
CY207734.1	465	1583	0	1	1	1583
CY207734.1	470	558	0	1	1	558
CY207734.1	508	1598	0	1	1	1598
CY207734.1	516	1147	1	0	1	516
CY207734.1	519	742	0	1	1	742
CY207734.1	521	1438	0	1	1	1438
CY207734.1	523	1180	1	0	1	523
CY207734.1	524	640	0	1	1	640
CY207734.1	545	748	1	0	1	545
CY207734.1	563	819	0	1	1	819
CY207734.1	575	1332	0	1	1	1332
CY207734.1	577	1616	0	1	1	1616
CY207734.1	591	1532	0	1	1	1532
CY207734.1	600	1620	0	1	1	1620
CY207734.1	608	1299	0	1	1	1299
CY207734.1	614	1450	1	0	1	614
CY207734.1	620	812	1	0	1	620
CY207734.1	621	1614	0	1	1	1614
CY207734.1	634	1476	1	0	1	634
CY207734.1	647	1584	0	1	1	1584
CY207734.1	661	746	1	0	1	661
CY207734.1	663	1276	1	0	1	663
CY207734.1	678	943	1	0	1	678
CY207734.1	683	1034	1	0	1	683
CY207734.1	717	801	1	0	1	717
CY207734.1	742	1008	1	0	1	742
CY207734.1	743	817	0	1	1	817
CY207734.1	764	921	1	0	1	764
CY207734.1	794	1295	1	0	1	794
CY207734.1	796	890	1	0	1	796
CY207734.1	816	1588	1	0	1	816
CY207734.1	822	1170	1	0	1	822
CY207734.1	828	1559	1	0	1	828
CY207734.1	840	1376	0	1	1	1376
CY207734.1	841	1215	0	1	1	1215
CY207734.1	843	1443	0	1	1	1443
CY207734.1	844	892	0	1	1	892
CY207734.1	845	1194	0	1	1	1194
CY207734.1	851	940	1	0	1	851
CY207734.1	853	1314	0	1	1	1314
CY207734.1	856	887	1	0	1	856
CY207734.1	862	960	0	1	1	960
CY207734.1	868	1306	0	1	1	1306
CY207734.1	892	1199	1	0	1	892
CY207734.1	911	1595	0	1	1	1595
CY207734.1	912	1098	0	1	1	1098
CY207734.1	916	1452	1	0	1	916
CY207734.1	938	1495	0	1	1	1495
CY207734.1	946	1494	1	0	1	946
CY207734.1	955	1163	0	1	1	1163
CY207734.1	958	1363	0	1	1	1363
CY207734.1	974	1247	0	1	1	1247
CY207735.1	283	383	1	0	1	283
CY207735.1	323	358	1	0	1	323
CY207735.1	341	820	1	0	1	341
CY207735.1	354	513	1	0	1	354
CY207735.1	375	905	0	1	1	905
CY207735.1	383	799	0	1	1	799
CY207735.1	475	707	2	0	2	475
CY207735.1	499	729	1	0	1	499
CY207735.1	511	740	59	117	176	511
CY207735.1	519	746	0	2	2	746
CY207735.1	540	752	0	1	1	752
CY207735.1	636	1012	0	1	1	1012
CY207735.1	645	798	0	1	1	798
CY207735.1	847	934	1	0	1	847
CY207736.1	1040	1921	1	0	1	1040
CY207736.1	1051	2226	0	1	1	2226
CY207736.1	1060	1194	0	1	1	1194
CY207736.1	1068	2349	0	1	1	2349
CY207736.1	1075	1808	1	0	1	1075
CY207736.1	1080	2362	0	1	1	2362
CY207736.1	1081	1852	0	1	1	1852
CY207736.1	1102	1186	1	0	1	1102
CY207736.1	1151	1689	0	1	1	1689
CY207736.1	1200	1746	0	1	1	1746
CY207736.1	1203	1484	0	1	1	1484
CY207736.1	1231	2093	0	1	1	2093
CY207736.1	1262	1613	0	1	1	1613
CY207736.1	1263	2117	0	1	1	2117
CY207736.1	1309	1600	0	1	1	1600
CY207736.1	1317	2197	0	1	1	2197
CY207736.1	1329	2350	0	1	1	2350
CY207736.1	1454	1481	0	1	1	1481
CY207736.1	1566	1995	0	1	1	1995
CY207736.1	1577	1616	1	0	1	1577
CY207736.1	1676	1958	1	0	1	1676
CY207736.1	1676	2344	0	1	1	2344
CY207736.1	1811	2029	0	1	1	2029
CY207736.1	1821	2372	0	1	1	2372
CY207736.1	1849	1948	0	1	1	1948
CY207736.1	1880	2043	0	1	1	2043
CY207736.1	1885	2200	0	1	1	2200
CY207736.1	1947	2084	0	1	1	2084
CY207736.1	1948	2343	0	1	1	2343
CY207736.1	2036	2151	0	1	1	2151
CY207736.1	2132	2177	46	49	95	2132
CY207736.1	2214	2258	3	20	23	2214
CY207736.1	241	761	1	0	1	241
CY207736.1	256	1448	1	0	1	256
CY207736.1	274	1692	1	0	1	274
CY207736.1	283	1511	1	0	1	283
CY207736.1	291	2182	1	0	1	291
CY207736.1	296	1540	1	0	1	296
CY207736.1	317	955	0	1	1	955
CY207736.1	334	384	14	9	23	334
CY207736.1	360	2176	30	75	105	360
CY207736.1	361	2177	0	1	1	2177
CY207736.1	367	2160	1	5	6	367
CY207736.1	370	1548	1	1	2	370
CY207736.1	375	2180	57	153	210	375
CY207736.1	377	2120	28	124	152	377
CY207736.1	385	2147	0	1	1	2147
CY207736.1	390	1341	0	1	1	1341
CY207736.1	405	2134	0	1	1	2134
CY207736.1	425	2149	6	18	24	425
CY207736.1	427	1891	1	0	1	427
CY207736.1	453	1089	0	1	1	1089
CY207736.1	461	852	0	1	1	852
CY207736.1	467	2150	1	0	1	467
CY207736.1	470	2040	2	0	2	470
CY207736.1	476	1942	145	7	152	476
CY207736.1	477	2162	15	108	123	477
CY207736.1	483	2168	0	4	4	2168
CY207736.1	484	1952	1	0	1	484
CY207736.1	484	516	1	0	1	484
CY207736.1	495	2066	44	29	73	495
CY207736.1	496	1778	1	0	1	496
CY207736.1	504	548	4	4	8	504
CY207736.1	538	1895	68	22	90	538
CY207736.1	563	819	0	1	1	819
CY207736.1	565	1474	5	0	5	565
CY207736.1	566	1160	1	0	1	566
CY207736.1	566	1931	0	1	1	1931
CY207736.1	572	1481	32	18	50	572
CY207736.1	579	1945	0	1	1	1945
CY207736.1	580	1980	61	57	118	580
CY207736.1	582	1258	1	0	1	582
CY207736.1	582	1982	1	0	1	582
CY207736.1	584	1509	0	1	1	1509
CY207736.1	587	1267	1	0	1	587
CY207736.1	591	620	0	1	1	620
CY207736.1	597	2001	0	2	2	2001
CY207736.1	599	1549	0	1	1	1549
CY207736.1	604	1841	83	155	238	604
CY207736.1	616	999	1	0	1	616
CY207736.1	618	1677	1	0	1	618
CY207736.1	618	1852	0	2	2	1852
CY207736.1	626	690	0	1	1	690
CY207736.1	631	695	0	2	2	695
CY207736.1	636	2129	1	0	1	636
CY207736.1	638	1830	1	0	1	638
CY207736.1	638	1839	1	0	1	638
CY207736.1	643	2122	0	1	1	2122
CY207736.1	644	1854	1	0	1	644
CY207736.1	646	1799	0	1	1	1799
CY207736.1	649	1871	196	250	446	649
CY207736.1	686	1651	1	0	1	686
CY207736.1	699	1691	1	0	1	699
CY207736.1	714	1854	0	1	1	1854
CY207736.1	723	1474	0	1	1	1474
CY207736.1	730	1040	1	0	1	730
CY207736.1	761	835	0	1	1	835
CY207736.1	764	1126	1	0	1	764
CY207736.1	767	1952	1	0	1	767
CY207736.1	770	1127	1	0	1	770
CY207736.1	785	1856	1	0	1	785
CY207736.1	797	2015	1	0	1	797
CY207736.1	812	2332	1	0	1	812
CY207736.1	814	1710	1	0	1	814
CY207736.1	815	1035	0	1	1	1035
CY207736.1	815	1705	1	0	1	815
CY207736.1	821	2169	0	1	1	2169
CY207736.1	842	1695	140	138	278	842
CY207736.1	842	1697	0	1	1	1697
CY207736.1	845	1698	0	3	3	1698
CY207736.1	846	1036	0	1	1	1036
CY207736.1	862	1668	0	1	1	1668
CY207736.1	877	2104	0	1	1	2104
CY207736.1	880	1836	1	0	1	880
CY207736.1	915	947	1	0	1	915
CY207736.1	918	1905	0	1	1	1905
CY207736.1	925	1173	14	22	36	925
CY207736.1	930	1704	0	1	1	1704
CY207736.1	946	2365	0	1	1	2365
CY207736.1	949	2000	1	0	1	949
CY207736.1	950	1103	1	0	1	950
CY207736.1	951	980	0	1	1	980
CY207736.1	961	2119	0	1	1	2119
CY207736.1	993	1092	0	1	1	1092
CY207737.1	1021	1816	0	1	1	1816
CY207737.1	1031	2270	1	0	1	1031
CY207737.1	1040	2092	0	1	1	2092
CY207737.1	1069	2333	0	1	1	2333
CY207737.1	1103	2151	1	0	1	1103
CY207737.1	1151	1218	0	1	1	1218
CY207737.1	1213	1998	0	1	1	1998
CY207737.1	1266	2362	0	1	1	2362
CY207737.1	1278	2334	0	1	1	2334
CY207737.1	1369	2046	1	0	1	1369
CY207737.1	1378	1611	0	1	1	1611
CY207737.1	1396	2189	0	1	1	2189
CY207737.1	1443	1561	0	1	1	1561
CY207737.1	1497	1870	0	1	1	1870
CY207737.1	1639	2159	1	0	1	1639
CY207737.1	1650	2101	0	1	1	2101
CY207737.1	1667	1812	0	1	1	1812
CY207737.1	1677	1780	1	0	1	1677
CY207737.1	1688	2385	1	0	1	1688
CY207737.1	1705	1975	1	0	1	1705
CY207737.1	1836	2104	0	1	1	2104
CY207737.1	1846	2461	0	1	1	2461
CY207737.1	1923	2146	0	1	1	2146
CY207737.1	1984	2103	1	0	1	1984
CY207737.1	2066	2212	0	1	1	2212
CY207737.1	2158	2370	0	1	1	2370
CY207737.1	2217	2281	1	0	1	2217
CY207737.1	2357	2379	99	14	113	2357
CY207737.1	317	734	1	0	1	317
CY207737.1	325	1685	0	1	1	1685
CY207737.1	349	2203	1	0	1	349
CY207737.1	358	2210	1	0	1	358
CY207737.1	359	2232	1	0	1	359
CY207737.1	363	2238	19	2	21	363
CY207737.1	368	1575	0	1	1	1575
CY207737.1	372	2367	0	1	1	2367
CY207737.1	374	1056	1	0	1	374
CY207737.1	382	2322	1	0	1	382
CY207737.1	389	2202	1	0	1	389
CY207737.1	394	2207	23	56	79	394
CY207737.1	402	2216	0	1	1	2216
CY207737.1	403	2461	0	1	1	2461
CY207737.1	428	2274	4	0	4	428
CY207737.1	438	2286	87	0	87	438
CY207737.1	496	1001	1	0	1	496
CY207737.1	523	2446	0	1	1	2446
CY207737.1	556	2106	1	0	1	556
CY207737.1	574	2282	1	0	1	574
CY207737.1	611	1796	1	0	1	611
CY207737.1	613	2194	0	1	1	2194
CY207737.1	623	1910	2	0	2	623
CY207737.1	627	1916	52	43	95	627
CY207737.1	639	1846	4	1	5	639
CY207737.1	644	2078	1	0	1	644
CY207737.1	651	1242	0	1	1	1242
CY207737.1	651	1925	0	1	1	1925
CY207737.1	662	1933	0	2	2	1933
CY207737.1	677	1928	0	3	3	1928
CY207737.1	693	2281	0	1	1	2281
CY207737.1	697	1567	0	1	1	1567
CY207737.1	697	1963	0	1	1	1963
CY207737.1	735	1342	0	1	1	1342
CY207737.1	775	1865	2	0	2	775
CY207737.1	777	1867	36	29	65	777
CY207737.1	793	1329	1	0	1	793
CY207737.1	824	1920	0	1	1	1920
CY207737.1	830	1980	1	0	1	830
CY207737.1	834	2102	0	1	1	2102
CY207737.1	879	1343	1	0	1	879
CY207737.1	892	2146	1	0	1	892
CY207737.1	908	1208	0	1	1	1208
CY207737.1	910	1461	0	1	1	1461
CY207737.1	930	1564	0	1	1	1564
CY207737.1	962	1674	5	7	12	962
CY207737.1	963	2481	0	1	1	2481
CY207737.1	980	1711	1	0	1	980
CY207737.1	982	1713	14	39	53	982
CY207737.1	995	1768	34	40	74	995
CY207738.1	1009	2312	0	1	1	2312
CY207738.1	1012	1187	0	1	1	1187
CY207738.1	1023	1070	1	0	1	1023
CY207738.1	1036	1825	1	0	1	1036
CY207738.1	1044	1615	0	1	1	1615
CY207738.1	1045	1169	0	1	1	1169
CY207738.1	1077	2062	0	1	1	2062
CY207738.1	1155	1967	1	0	1	1155
CY207738.1	1181	1726	0	1	1	1726
CY207738.1	1203	2255	0	1	1	2255
CY207738.1	1208	1627	1	0	1	1208
CY207738.1	1258	2265	0	1	1	2265
CY207738.1	1300	1935	1	0	1	1300
CY207738.1	1338	1704	0	1	1	1704
CY207738.1	1396	1846	1	0	1	1396
CY207738.1	1455	1872	0	1	1	1872
CY207738.1	1477	2363	1	0	1	1477
CY207738.1	1539	1651	1	0	1	1539
CY207738.1	1555	1997	0	1	1	1997
CY207738.1	1556	1840	0	1	1	1840
CY207738.1	1571	2386	0	1	1	2386
CY207738.1	1597	1653	1	0	1	1597
CY207738.1	1598	1803	1	0	1	1598
CY207738.1	1648	2358	1	0	1	1648
CY207738.1	1657	1684	1	0	1	1657
CY207738.1	1687	2454	0	1	1	2454
CY207738.1	1752	2389	1	0	1	1752
CY207738.1	1789	2374	1	0	1	1789
CY207738.1	1897	1931	1	0	1	1897
CY207738.1	1901	2445	0	1	1	2445
CY207738.1	1906	2265	1	0	1	1906
CY207738.1	1932	2185	1	0	1	1932
CY207738.1	1948	2486	0	1	1	2486
CY207738.1	2080	2184	7	25	32	2080
CY207738.1	238	1252	1	0	1	238
CY207738.1	241	1221	1	0	1	241
CY207738.1	2432	2463	1	1	2	2432
CY207738.1	259	483	1	0	1	259
CY207738.1	271	1741	1	0	1	271
CY207738.1	278	2098	1	0	1	278
CY207738.1	278	610	1	0	1	278
CY207738.1	279	471	1	0	1	279
CY207738.1	289	1242	1	0	1	289
CY207738.1	322	1251	0	1	1	1251
CY207738.1	332	1228	0	2	2	1228
CY207738.1	334	656	1	0	1	334
CY207738.1	339	1235	0	1	1	1235
CY207738.1	342	2345	1	0	1	342
CY207738.1	344	1240	2	1	3	344
CY207738.1	346	2235	1	1	2	346
CY207738.1	349	907	0	1	1	907
CY207738.1	357	2246	0	1	1	2246
CY207738.1	358	1766	0	1	1	1766
CY207738.1	360	1444	0	1	1	1444
CY207738.1	367	2313	0	1	1	2313
CY207738.1	372	2263	18	112	130	372
CY207738.1	374	1629	0	1	1	1629
CY207738.1	377	1028	1	0	1	377
CY207738.1	381	1933	0	1	1	1933
CY207738.1	389	2275	0	1	1	2275
CY207738.1	392	817	1	0	1	392
CY207738.1	397	2283	0	1	1	2283
CY207738.1	401	1346	0	1	1	1346
CY207738.1	421	1658	1	0	1	421
CY207738.1	424	1370	0	1	1	1370
CY207738.1	429	2279	0	2	2	2279
CY207738.1	433	846	1	0	1	433
CY207738.1	440	1398	0	1	1	1398
CY207738.1	456	2297	1	0	1	456
CY207738.1	460	492	1	0	1	460
CY207738.1	466	491	0	1	1	491
CY207738.1	469	2076	1	0	1	469
CY207738.1	470	1082	1	0	1	470
CY207738.1	475	996	1	0	1	475
CY207738.1	480	996	1	0	1	480
CY207738.1	485	1384	0	1	1	1384
CY207738.1	485	936	0	1	1	936
CY207738.1	489	1774	1	0	1	489
CY207738.1	495	2198	26	55	81	495
CY207738.1	519	1022	1	0	1	519
CY207738.1	519	937	0	1	1	937
CY207738.1	521	1232	1	0	1	521
CY207738.1	568	1571	0	1	1	1571
CY207738.1	580	1552	0	1	1	1552
CY207738.1	605	2188	0	1	1	2188
CY207738.1	614	695	1	0	1	614
CY207738.1	620	670	1	0	1	620
CY207738.1	658	1066	1	0	1	658
CY207738.1	675	2112	1	0	1	675
CY207738.1	679	1199	0	1	1	1199
CY207738.1	692	2017	1	0	1	692
CY207738.1	712	1544	1	0	1	712
CY207738.1	758	1957	0	1	1	1957
CY207738.1	765	2240	1	0	1	765
CY207738.1	771	2256	0	1	1	2256
CY207738.1	779	866	1	0	1	779
CY207738.1	791	1537	0	1	1	1537
CY207738.1	837	1691	1	0	1	837
CY207738.1	843	1872	20	18	38	843
CY207738.1	853	2343	0	1	1	2343
CY207738.1	854	1785	0	1	1	1785
CY207738.1	876	2106	1	0	1	876
CY207738.1	922	2297	0	1	1	2297
CY207738.1	968	1055	1	0	1	968
CY207738.1	968	1958	1	0	1	968
CY207738.1	975	1880	1	0	1	975
