Segment	Start	Stop	Forward_support	Reverse_support	Total_support	Fuzz_factor
CY207731.1	1032	1872	0	1	1	1872
CY207731.1	1078	1914	0	1	1	1914
CY207731.1	1089	1743	1	0	1	1089
CY207731.1	1123	1374	0	1	1	1374
CY207731.1	1139	1900	0	1	1	1900
CY207731.1	1224	1663	0	1	1	1663
CY207731.1	1229	1729	1	0	1	1229
CY207731.1	1237	1711	1	0	1	1237
CY207731.1	1274	1676	1	0	1	1274
CY207731.1	1282	1369	1	0	1	1282
CY207731.1	1309	1898	0	1	1	1898
CY207731.1	1311	1357	3	2	5	1311
CY207731.1	1311	1816	0	1	1	1816
CY207731.1	1317	1417	0	1	1	1417
CY207731.1	1330	1898	0	1	1	1898
CY207731.1	1358	1555	1	0	1	1358
CY207731.1	1393	1555	1	0	1	1393
CY207731.1	1412	1892	0	1	1	1892
CY207731.1	1418	1710	1	0	1	1418
CY207731.1	1434	1631	1	0	1	1434
CY207731.1	1474	1514	1	0	1	1474
CY207731.1	1486	1736	1	0	1	1486
CY207731.1	1512	1883	0	1	1	1883
CY207731.1	1605	1736	0	1	1	1736
CY207731.1	1628	1662	0	1	1	1662
CY207731.1	1631	1739	0	1	1	1739
CY207731.1	239	789	1	0	1	239
CY207731.1	248	1859	2	0	2	248
CY207731.1	250	1861	1	0	1	250
CY207731.1	267	1432	1	0	1	267
CY207731.1	278	632	1	0	1	278
CY207731.1	282	839	1	0	1	282
CY207731.1	290	1758	1	0	1	290
CY207731.1	339	1578	0	1	1	1578
CY207731.1	346	449	0	1	1	449
CY207731.1	393	1677	1	0	1	393
CY207731.1	394	1734	0	1	1	1734
CY207731.1	402	1254	0	1	1	1254
CY207731.1	410	1184	0	1	1	1184
CY207731.1	416	1461	0	1	1	1461
CY207731.1	421	984	0	1	1	984
CY207731.1	428	1693	0	1	1	1693
CY207731.1	431	1187	0	1	1	1187
CY207731.1	432	948	0	1	1	948
CY207731.1	437	1162	0	1	1	1162
CY207731.1	441	484	1	0	1	441
CY207731.1	449	1085	0	1	1	1085
CY207731.1	456	1090	0	1	1	1090
CY207731.1	457	1900	0	1	1	1900
CY207731.1	469	1433	1	0	1	469
CY207731.1	470	526	0	1	1	526
CY207731.1	473	901	0	1	1	901
CY207731.1	521	1281	0	1	1	1281
CY207731.1	527	1888	0	1	1	1888
CY207731.1	530	1807	1	0	1	530
CY207731.1	531	1212	0	1	1	1212
CY207731.1	542	1101	1	0	1	542
CY207731.1	548	1442	0	1	1	1442
CY207731.1	553	1879	0	1	1	1879
CY207731.1	561	765	2	2	4	561
CY207731.1	573	1123	0	1	1	1123
CY207731.1	580	1546	1	0	1	580
CY207731.1	601	810	0	1	1	810
CY207731.1	646	1314	0	1	1	1314
CY207731.1	664	1481	0	1	1	1481
CY207731.1	676	1112	1	0	1	676
CY207731.1	677	714	1	0	1	677
CY207731.1	754	1228	1	0	1	754
CY207731.1	771	1166	1	0	1	771
CY207731.1	792	820	1	0	1	792
CY207731.1	818	1043	0	1	1	1043
CY207731.1	822	1685	1	0	1	822
CY207731.1	837	1157	1	0	1	837
CY207731.1	843	1275	0	1	1	1275
CY207731.1	889	1123	1	0	1	889
CY207731.1	907	1015	0	1	1	1015
CY207731.1	911	933	0	1	1	933
CY207731.1	912	1171	0	1	1	1171
CY207731.1	946	968	1	3	4	946
CY207731.1	969	1921	0	1	1	1921
CY207731.1	977	1390	0	1	1	1390
CY207731.1	979	1049	0	1	1	1049
CY207731.1	989	1381	1	0	1	989
CY207732.1	252	710	1	0	1	252
CY207732.1	261	878	1	0	1	261
CY207732.1	274	802	1	0	1	274
CY207732.1	290	975	1	0	1	290
CY207732.1	332	476	1	0	1	332
CY207732.1	334	521	0	1	1	521
CY207732.1	348	613	2	3	5	348
CY207732.1	371	781	0	1	1	781
CY207732.1	373	1008	1	0	1	373
CY207732.1	377	827	0	1	1	827
CY207732.1	380	1152	0	1	1	1152
CY207732.1	381	964	0	1	1	964
CY207732.1	393	631	0	1	1	631
CY207732.1	393	636	0	1	1	636
CY207732.1	393	698	0	1	1	698
CY207732.1	394	535	0	1	1	535
CY207732.1	396	476	0	1	1	476
CY207732.1	396	497	1	0	1	396
CY207732.1	400	927	1	0	1	400
CY207732.1	402	805	0	1	1	805
CY207732.1	402	999	1	0	1	402
CY207732.1	403	958	0	1	1	958
CY207732.1	404	559	0	1	1	559
CY207732.1	410	535	1	0	1	410
CY207732.1	419	921	1	0	1	419
CY207732.1	420	1018	1	0	1	420
CY207732.1	425	564	0	1	1	564
CY207732.1	426	827	0	1	1	827
CY207732.1	427	648	1	0	1	427
CY207732.1	427	938	1	0	1	427
CY207732.1	435	953	1	0	1	435
CY207732.1	441	1054	0	1	1	1054
CY207732.1	443	655	0	1	1	655
CY207732.1	454	743	1	0	1	454
CY207732.1	458	1028	2	0	2	458
CY207732.1	458	1148	0	1	1	1148
CY207732.1	464	1001	1	0	1	464
CY207732.1	467	868	0	1	1	868
CY207732.1	474	839	1	0	1	474
CY207732.1	476	1007	0	1	1	1007
CY207732.1	477	656	0	1	1	656
CY207732.1	478	1066	1	0	1	478
CY207732.1	480	1094	1	0	1	480
CY207732.1	481	827	0	1	1	827
CY207732.1	489	987	1	0	1	489
CY207732.1	489	997	0	1	1	997
CY207732.1	490	1136	0	1	1	1136
CY207732.1	491	1022	0	1	1	1022
CY207732.1	496	1050	1	0	1	496
CY207732.1	500	923	0	1	1	923
CY207732.1	512	1033	0	1	1	1033
CY207732.1	512	608	1	0	1	512
CY207732.1	516	785	1	0	1	516
CY207732.1	517	642	1	0	1	517
CY207732.1	522	1071	0	1	1	1071
CY207732.1	523	972	1	0	1	523
CY207732.1	527	997	1	0	1	527
CY207732.1	532	1134	0	1	1	1134
CY207732.1	533	743	0	1	1	743
CY207732.1	537	1130	1	2	3	537
CY207732.1	538	1131	0	1	1	1131
CY207732.1	543	704	0	1	1	704
CY207732.1	552	1061	0	1	1	1061
CY207732.1	552	737	1	0	1	552
CY207732.1	554	1006	1	0	1	554
CY207732.1	555	890	0	1	1	890
CY207732.1	556	889	1	0	1	556
CY207732.1	560	830	0	1	1	830
CY207732.1	562	776	1	0	1	562
CY207732.1	566	829	1	0	1	566
CY207732.1	580	1035	1	0	1	580
CY207732.1	589	679	3	1	4	589
CY207732.1	589	862	0	2	2	862
CY207732.1	596	729	1	0	1	596
CY207732.1	596	793	1	0	1	596
CY207732.1	597	912	1	0	1	597
CY207732.1	598	1022	0	1	1	1022
CY207732.1	599	805	1	0	1	599
CY207732.1	602	788	1	0	1	602
CY207732.1	607	631	0	1	1	631
CY207732.1	608	783	1	0	1	608
CY207732.1	609	986	0	1	1	986
CY207732.1	615	741	1	0	1	615
CY207732.1	622	774	0	1	1	774
CY207732.1	622	981	0	1	1	981
CY207732.1	637	1042	0	1	1	1042
CY207732.1	656	1173	0	1	1	1173
CY207732.1	659	948	1	0	1	659
CY207732.1	661	964	1	0	1	661
CY207732.1	665	796	1	0	1	665
CY207732.1	679	1030	0	1	1	1030
CY207732.1	679	815	1	2	3	679
CY207732.1	681	1066	1	0	1	681
CY207732.1	684	825	0	1	1	825
CY207732.1	709	930	1	0	1	709
CY207732.1	713	936	11	7	18	713
CY207732.1	718	860	1	1	2	718
CY207732.1	720	772	0	1	1	772
CY207732.1	720	913	1	0	1	720
CY207732.1	727	786	0	1	1	786
CY207732.1	731	942	0	1	1	942
CY207732.1	732	1099	1	0	1	732
CY207732.1	743	811	0	1	1	811
CY207732.1	765	813	0	1	1	813
CY207732.1	768	898	1	3	4	768
CY207732.1	774	1142	0	1	1	1142
CY207732.1	776	1053	0	1	1	1053
CY207732.1	781	910	0	1	1	910
CY207732.1	814	1058	0	1	1	1058
CY207732.1	824	978	0	1	1	978
CY207732.1	826	1020	1	0	1	826
CY207732.1	868	1158	0	1	1	1158
CY207732.1	871	1082	1	0	1	871
CY207732.1	888	932	1	0	1	888
CY207732.1	895	932	0	1	1	932
CY207732.1	900	1052	1	0	1	900
CY207732.1	903	1081	0	1	1	1081
CY207732.1	914	1059	1	0	1	914
CY207732.1	919	1152	0	1	1	1152
CY207732.1	957	1112	0	1	1	1112
CY207732.1	978	1155	0	1	1	1155
CY207732.1	982	1024	1	0	1	982
CY207733.1	1090	1184	3	6	9	1090
CY207733.1	1165	1548	1	0	1	1165
CY207733.1	1284	1375	1	0	1	1284
CY207733.1	1351	1594	0	1	1	1594
CY207733.1	236	303	1	0	1	236
CY207733.1	240	1010	1	0	1	240
CY207733.1	247	896	1	0	1	247
CY207733.1	386	1233	0	1	1	1233
CY207733.1	389	851	1	0	1	389
CY207733.1	399	1223	1	0	1	399
CY207733.1	399	1367	0	1	1	1367
CY207733.1	406	797	1	0	1	406
CY207733.1	413	746	1	0	1	413
CY207733.1	414	1360	2	0	2	414
CY207733.1	420	1366	4	1	5	420
CY207733.1	420	1511	0	1	1	1511
CY207733.1	426	1367	1	0	1	426
CY207733.1	433	1316	14	0	14	433
CY207733.1	435	1370	0	1	1	1370
CY207733.1	436	480	0	1	1	480
CY207733.1	441	1376	383	836	1219	441
CY207733.1	442	1377	0	1	1	1377
CY207733.1	458	1385	0	6	6	1385
CY207733.1	471	1119	0	1	1	1119
CY207733.1	491	1010	1	0	1	491
CY207733.1	508	1054	0	1	1	1054
CY207733.1	519	816	0	1	1	816
CY207733.1	590	1117	0	1	1	1117
CY207733.1	669	1382	1	0	1	669
CY207733.1	719	1254	1	0	1	719
CY207733.1	733	855	3	6	9	733
CY207733.1	851	1596	0	1	1	1596
CY207733.1	946	1286	0	1	1	1286
CY207733.1	956	1337	0	2	2	1337
CY207734.1	1001	1043	0	1	1	1043
CY207734.1	1003	1694	0	1	1	1694
CY207734.1	1005	1531	1	0	1	1005
CY207734.1	1022	1364	1	0	1	1022
CY207734.1	1067	1307	1	0	1	1067
CY207734.1	1106	1417	0	1	1	1417
CY207734.1	1119	1491	0	1	1	1491
CY207734.1	1123	1422	0	1	1	1422
CY207734.1	1123	1565	0	1	1	1565
CY207734.1	1153	1226	0	1	1	1226
CY207734.1	1185	1352	0	1	1	1352
CY207734.1	1306	1689	0	1	1	1689
CY207734.1	1414	1596	1	0	1	1414
CY207734.1	1441	1545	4	7	11	1441
CY207734.1	1509	1702	0	1	1	1702
CY207734.1	239	1067	1	0	1	239
CY207734.1	255	1542	1	0	1	255
CY207734.1	276	1114	1	0	1	276
CY207734.1	276	438	1	0	1	276
CY207734.1	280	1137	1	0	1	280
CY207734.1	286	1315	1	0	1	286
CY207734.1	286	986	1	0	1	286
CY207734.1	313	1093	0	1	1	1093
CY207734.1	313	1649	1	0	1	313
CY207734.1	319	1507	1	0	1	319
CY207734.1	319	866	1	0	1	319
CY207734.1	320	1515	0	1	1	1515
CY207734.1	324	710	1	0	1	324
CY207734.1	348	1409	0	1	1	1409
CY207734.1	371	1532	0	1	1	1532
CY207734.1	385	1468	0	1	1	1468
CY207734.1	405	1539	0	1	1	1539
CY207734.1	406	1039	1	0	1	406
CY207734.1	407	1530	0	1	1	1530
CY207734.1	408	887	1	0	1	408
CY207734.1	426	855	0	1	1	855
CY207734.1	434	1592	1	0	1	434
CY207734.1	473	1607	0	1	1	1607
CY207734.1	498	603	1	0	1	498
CY207734.1	515	1468	0	1	1	1468
CY207734.1	526	1066	1	0	1	526
CY207734.1	528	1073	1	0	1	528
CY207734.1	533	1525	1	0	1	533
CY207734.1	538	840	0	1	1	840
CY207734.1	591	955	0	1	1	955
CY207734.1	593	1506	0	1	1	1506
CY207734.1	601	1373	0	1	1	1373
CY207734.1	645	1022	1	0	1	645
CY207734.1	701	731	0	1	1	731
CY207734.1	710	822	0	1	1	822
CY207734.1	716	1167	1	0	1	716
CY207734.1	734	1445	1	0	1	734
CY207734.1	742	1182	1	0	1	742
CY207734.1	742	1350	1	0	1	742
CY207734.1	745	1593	0	1	1	1593
CY207734.1	745	899	1	0	1	745
CY207734.1	794	851	0	1	1	851
CY207734.1	809	1281	1	0	1	809
CY207734.1	810	958	10	7	17	810
CY207734.1	814	1089	1	0	1	814
CY207734.1	815	838	1	0	1	815
CY207734.1	816	1588	1	0	1	816
CY207734.1	845	1539	1	0	1	845
CY207734.1	845	964	0	1	1	964
CY207734.1	853	1373	0	1	1	1373
CY207734.1	859	1059	1	0	1	859
CY207734.1	878	1468	0	1	1	1468
CY207734.1	883	1016	0	1	1	1016
CY207734.1	902	950	1	0	1	902
CY207734.1	906	955	10	2	12	906
CY207734.1	910	1547	1	0	1	910
CY207734.1	919	964	1	0	1	919
CY207734.1	941	1610	0	1	1	1610
CY207734.1	943	1031	1	0	1	943
CY207734.1	966	1051	4	11	15	966
CY207734.1	970	1100	0	1	1	1100
CY207734.1	991	1014	1	0	1	991
CY207735.1	254	586	1	0	1	254
CY207735.1	499	729	1	0	1	499
CY207735.1	511	740	16	34	50	511
CY207735.1	694	818	1	0	1	694
CY207735.1	783	916	1	0	1	783
CY207736.1	1007	1168	1	0	1	1007
CY207736.1	1014	1178	1	0	1	1014
CY207736.1	1033	1829	0	1	1	1829
CY207736.1	1038	1341	0	1	1	1341
CY207736.1	1041	1513	0	1	1	1513
CY207736.1	1094	1649	1	0	1	1094
CY207736.1	1095	2005	6	15	21	1095
CY207736.1	1097	1652	11	9	20	1097
CY207736.1	1098	1614	0	1	1	1614
CY207736.1	1109	2020	1	2	3	1109
CY207736.1	1110	1872	1	0	1	1110
CY207736.1	1234	2272	1	0	1	1234
CY207736.1	1261	1535	1	0	1	1261
CY207736.1	1276	2239	1	0	1	1276
CY207736.1	1313	1412	0	1	1	1412
CY207736.1	1325	1614	0	1	1	1614
CY207736.1	1330	2202	0	1	1	2202
CY207736.1	1386	2361	0	1	1	2361
CY207736.1	1398	1972	0	1	1	1972
CY207736.1	1441	1833	0	1	1	1833
CY207736.1	1444	2201	0	1	1	2201
CY207736.1	1514	1656	4	3	7	1514
CY207736.1	1552	1760	0	1	1	1760
CY207736.1	1554	1836	18	13	31	1554
CY207736.1	1576	1675	8	8	16	1576
CY207736.1	1590	1979	1	0	1	1590
CY207736.1	1608	2231	1	0	1	1608
CY207736.1	1635	2332	0	1	1	2332
CY207736.1	1653	2244	1	0	1	1653
CY207736.1	1672	1810	0	1	1	1810
CY207736.1	1862	2185	0	1	1	2185
CY207736.1	1879	2301	0	1	1	2301
CY207736.1	1934	1960	1	0	1	1934
CY207736.1	2041	2090	3	13	16	2041
CY207736.1	2087	2134	0	1	1	2134
CY207736.1	2129	2152	5	3	8	2129
CY207736.1	2132	2170	20	17	37	2132
CY207736.1	2147	2180	3	4	7	2147
CY207736.1	2257	2319	0	1	1	2319
CY207736.1	248	1817	1	0	1	248
CY207736.1	260	1347	1	0	1	260
CY207736.1	265	2281	1	0	1	265
CY207736.1	265	323	1	0	1	265
CY207736.1	272	330	2	0	2	272
CY207736.1	283	1038	2	0	2	283
CY207736.1	289	2094	1	0	1	289
CY207736.1	290	1505	1	0	1	290
CY207736.1	291	404	7	0	7	291
CY207736.1	308	2213	1	0	1	308
CY207736.1	315	2214	1	0	1	315
CY207736.1	325	2195	1	0	1	325
CY207736.1	331	2153	0	4	4	2153
CY207736.1	334	2133	1	17	18	334
CY207736.1	334	2207	7	2	9	334
CY207736.1	334	2238	81	71	152	334
CY207736.1	334	368	0	1	1	368
CY207736.1	335	2224	15	10	25	335
CY207736.1	336	2240	0	1	1	2240
CY207736.1	354	2042	6	23	29	354
CY207736.1	358	604	1	0	1	358
CY207736.1	360	382	0	1	1	382
CY207736.1	375	404	3	55	58	375
CY207736.1	384	2212	11	19	30	384
CY207736.1	388	2148	0	51	51	2148
CY207736.1	392	2150	2	10	12	392
CY207736.1	404	2164	0	3	3	2164
CY207736.1	410	2180	1	0	1	410
CY207736.1	416	1462	1	0	1	416
CY207736.1	417	2133	23	129	152	417
CY207736.1	425	1596	1	0	1	425
CY207736.1	425	508	1	0	1	425
CY207736.1	431	1196	1	0	1	431
CY207736.1	432	1987	3	0	3	432
CY207736.1	432	512	1	0	1	432
CY207736.1	434	2169	0	1	1	2169
CY207736.1	435	2041	0	4	4	2041
CY207736.1	436	1697	0	1	1	1697
CY207736.1	437	2149	5	53	58	437
CY207736.1	440	2104	25	28	53	440
CY207736.1	449	1499	1	0	1	449
CY207736.1	449	516	12	41	53	449
CY207736.1	449	548	16	5	21	449
CY207736.1	453	1950	2	0	2	453
CY207736.1	453	551	443	171	614	453
CY207736.1	454	2163	0	1	1	2163
CY207736.1	460	2000	5	0	5	460
CY207736.1	462	2002	1	0	1	462
CY207736.1	463	1222	1	0	1	463
CY207736.1	466	1929	1	0	1	466
CY207736.1	467	2002	33	0	33	467
CY207736.1	468	2001	4	0	4	468
CY207736.1	468	2028	2	8	10	468
CY207736.1	468	564	1	0	1	468
CY207736.1	470	1614	0	1	1	1614
CY207736.1	470	513	7	0	7	470
CY207736.1	472	2001	1	0	1	472
CY207736.1	472	569	0	2	2	569
CY207736.1	475	2007	2	0	2	475
CY207736.1	478	2010	400	246	646	478
CY207736.1	479	2011	0	3	3	2011
CY207736.1	480	2135	16	62	78	480
CY207736.1	481	2080	0	1	1	2080
CY207736.1	483	1628	1	1	2	483
CY207736.1	483	2168	0	1	1	2168
CY207736.1	489	2041	8	18	26	489
CY207736.1	490	2156	0	2	2	2156
CY207736.1	492	2019	6	9	15	492
CY207736.1	495	2030	1	0	1	495
CY207736.1	498	2078	1	1	2	498
CY207736.1	499	2079	40	58	98	499
CY207736.1	509	2006	10	6	16	509
CY207736.1	510	2176	1	0	1	510
CY207736.1	512	1990	1	0	1	512
CY207736.1	512	2064	6	3	9	512
CY207736.1	518	1961	1	0	1	518
CY207736.1	518	1964	150	43	193	518
CY207736.1	528	1140	0	1	1	1140
CY207736.1	528	2258	0	1	1	2258
CY207736.1	534	2027	0	2	2	2027
CY207736.1	536	1894	1	0	1	536
CY207736.1	548	1937	2	1	3	548
CY207736.1	548	2112	4	4	8	548
CY207736.1	549	2038	0	1	1	2038
CY207736.1	554	1957	36	13	49	554
CY207736.1	559	2006	17	9	26	559
CY207736.1	572	658	2	0	2	572
CY207736.1	574	1733	26	6	32	574
CY207736.1	574	1907	25	8	33	574
CY207736.1	574	1933	1	0	1	574
CY207736.1	584	2013	2	1	3	584
CY207736.1	585	1095	0	1	1	1095
CY207736.1	586	1878	1	0	1	586
CY207736.1	587	1917	5	1	6	587
CY207736.1	588	2044	2	0	2	588
CY207736.1	590	1923	1	0	1	590
CY207736.1	591	2031	0	1	1	2031
CY207736.1	593	2011	0	1	1	2011
CY207736.1	594	2051	0	1	1	2051
CY207736.1	595	2034	0	1	1	2034
CY207736.1	602	1069	1	0	1	602
CY207736.1	602	2021	0	1	1	2021
CY207736.1	603	1941	30	1	31	603
CY207736.1	605	2024	0	1	1	2024
CY207736.1	606	2076	17	13	30	606
CY207736.1	611	1950	40	28	68	611
CY207736.1	616	1940	7	4	11	616
CY207736.1	620	1944	1	0	1	620
CY207736.1	621	1941	10	16	26	621
CY207736.1	627	1889	1	0	1	627
CY207736.1	640	1911	2	1	3	640
CY207736.1	650	1909	28	28	56	650
CY207736.1	656	1909	5	6	11	656
CY207736.1	660	1913	46	31	77	660
CY207736.1	668	764	1	0	1	668
CY207736.1	674	711	2	10	12	674
CY207736.1	677	940	0	1	1	940
CY207736.1	678	1955	1	2	3	678
CY207736.1	679	1956	9	15	24	679
CY207736.1	680	1495	1	0	1	680
CY207736.1	680	1672	1	0	1	680
CY207736.1	681	1920	0	1	1	1920
CY207736.1	683	1924	1	0	1	683
CY207736.1	684	2162	1	1	2	684
CY207736.1	687	941	1	0	1	687
CY207736.1	689	771	1	0	1	689
CY207736.1	696	779	0	1	1	779
CY207736.1	697	2180	196	558	754	697
CY207736.1	699	1691	1	0	1	699
CY207736.1	699	2182	0	5	5	2182
CY207736.1	702	1775	0	2	2	1775
CY207736.1	709	1800	1	0	1	709
CY207736.1	715	1518	15	19	34	715
CY207736.1	717	1944	17	14	31	717
CY207736.1	720	2209	0	1	1	2209
CY207736.1	722	1683	5	0	5	722
CY207736.1	723	2202	0	9	9	2202
CY207736.1	724	1741	18	14	32	724
CY207736.1	724	2187	0	1	1	2187
CY207736.1	725	1702	1	0	1	725
CY207736.1	727	1783	1	0	1	727
CY207736.1	728	1863	19	19	38	728
CY207736.1	732	2193	0	4	4	2193
CY207736.1	737	1695	61	60	121	737
CY207736.1	738	2214	0	2	2	2214
CY207736.1	740	1716	8	0	8	740
CY207736.1	741	1813	1	0	1	741
CY207736.1	744	2234	0	1	1	2234
CY207736.1	749	1736	79	152	231	749
CY207736.1	750	1737	0	2	2	1737
CY207736.1	755	1828	13	0	13	755
CY207736.1	764	2212	0	1	1	2212
CY207736.1	765	1839	9	0	9	765
CY207736.1	767	1952	30	19	49	767
CY207736.1	770	1844	7	7	14	770
CY207736.1	777	1701	0	1	1	1701
CY207736.1	778	2179	0	1	1	2179
CY207736.1	782	1839	675	263	938	782
CY207736.1	792	1850	1	20	21	792
CY207736.1	810	1701	0	1	1	1701
CY207736.1	810	2009	0	1	1	2009
CY207736.1	820	1383	1	0	1	820
CY207736.1	824	2186	0	2	2	2186
CY207736.1	825	2293	1	0	1	825
CY207736.1	828	2296	1	0	1	828
CY207736.1	831	1308	1	0	1	831
CY207736.1	840	1864	1	0	1	840
CY207736.1	840	1950	0	1	1	1950
CY207736.1	853	1743	0	1	1	1743
CY207736.1	859	1599	1	0	1	859
CY207736.1	871	2298	0	1	1	2298
CY207736.1	893	1608	0	1	1	1608
CY207736.1	893	1975	0	1	1	1975
CY207736.1	901	1786	1	7	8	901
CY207736.1	902	1854	0	1	1	1854
CY207736.1	924	2072	0	1	1	2072
CY207736.1	925	1173	0	1	1	1173
CY207736.1	925	2251	0	1	1	2251
CY207736.1	935	968	0	1	1	968
CY207736.1	946	2365	0	1	1	2365
CY207736.1	956	2185	1	0	1	956
CY207736.1	959	2338	0	1	1	2338
CY207736.1	986	1626	13	18	31	986
CY207737.1	1032	2221	0	1	1	2221
CY207737.1	1076	2320	1	0	1	1076
CY207737.1	1091	2074	1	0	1	1091
CY207737.1	1144	1974	0	1	1	1974
CY207737.1	1187	1470	1	0	1	1187
CY207737.1	1209	2328	1	0	1	1209
CY207737.1	1255	2367	0	1	1	2367
CY207737.1	1276	2274	1	0	1	1276
CY207737.1	1313	2103	1	0	1	1313
CY207737.1	1371	2035	1	0	1	1371
CY207737.1	1487	1763	0	1	1	1763
CY207737.1	1559	2341	1	0	1	1559
CY207737.1	1593	2263	19	21	40	1593
CY207737.1	1599	2210	0	1	1	2210
CY207737.1	1621	2412	1	0	1	1621
CY207737.1	1629	2299	0	1	1	2299
CY207737.1	1757	2381	0	1	1	2381
CY207737.1	1780	2347	1	0	1	1780
CY207737.1	1830	2495	0	1	1	2495
CY207737.1	1842	1921	1	0	1	1842
CY207737.1	1951	2062	0	1	1	2062
CY207737.1	1996	2020	0	1	1	2020
CY207737.1	2005	2306	1	0	1	2005
CY207737.1	2059	2269	1	0	1	2059
CY207737.1	2087	2307	1	0	1	2087
CY207737.1	2165	2193	4	14	18	2165
CY207737.1	2259	2335	0	1	1	2335
CY207737.1	2259	2375	0	1	1	2375
CY207737.1	2281	2418	0	1	1	2418
CY207737.1	240	290	20	0	20	240
CY207737.1	248	273	4	0	4	248
CY207737.1	256	2344	1	0	1	256
CY207737.1	258	2161	1	0	1	258
CY207737.1	258	885	1	0	1	258
CY207737.1	268	2195	2	0	2	268
CY207737.1	269	2159	1	0	1	269
CY207737.1	285	314	1	0	1	285
CY207737.1	287	2110	1	0	1	287
CY207737.1	311	2162	1	0	1	311
CY207737.1	315	2167	2	0	2	315
CY207737.1	317	2186	2	0	2	317
CY207737.1	322	2098	1	0	1	322
CY207737.1	328	2447	0	1	1	2447
CY207737.1	330	2392	1	0	1	330
CY207737.1	339	2185	1	0	1	339
CY207737.1	353	2203	0	3	3	2203
CY207737.1	354	2203	2	1	3	354
CY207737.1	357	439	1	0	1	357
CY207737.1	357	915	0	1	1	915
CY207737.1	358	2208	650	1259	1909	358
CY207737.1	358	2210	0	1	1	2210
CY207737.1	364	2355	1	0	1	364
CY207737.1	368	443	1	0	1	368
CY207737.1	370	2334	0	1	1	2334
CY207737.1	372	2112	2	0	2	372
CY207737.1	378	2230	0	1	1	2230
CY207737.1	378	2262	1	0	1	378
CY207737.1	392	2243	9	0	9	392
CY207737.1	419	2232	2	0	2	419
CY207737.1	431	2248	27	2	29	431
CY207737.1	443	2350	0	1	1	2350
CY207737.1	446	2238	3	0	3	446
CY207737.1	446	2278	1	0	1	446
CY207737.1	468	496	0	1	1	496
CY207737.1	479	1802	1	0	1	479
CY207737.1	485	1303	0	1	1	1303
CY207737.1	512	2320	1	0	1	512
CY207737.1	522	2065	18	7	25	522
CY207737.1	527	2092	0	1	1	2092
CY207737.1	535	2170	3	0	3	535
CY207737.1	548	2178	229	126	355	548
CY207737.1	553	2186	0	1	1	2186
CY207737.1	559	2198	0	10	10	2198
CY207737.1	564	1946	3	13	16	564
CY207737.1	568	2207	0	1	1	2207
CY207737.1	574	1545	1	0	1	574
CY207737.1	581	1966	0	1	1	1966
CY207737.1	589	1970	0	1	1	1970
CY207737.1	590	1750	2	0	2	590
CY207737.1	591	1976	0	1	1	1976
CY207737.1	593	1978	0	1	1	1978
CY207737.1	594	1479	1	0	1	594
CY207737.1	601	1984	0	1	1	1984
CY207737.1	611	1757	3	0	3	611
CY207737.1	613	1925	1	0	1	613
CY207737.1	613	1979	0	1	1	1979
CY207737.1	615	1763	46	42	88	615
CY207737.1	621	2279	2	0	2	621
CY207737.1	622	1759	28	10	38	622
CY207737.1	623	1977	0	1	1	1977
CY207737.1	623	1982	0	1	1	1982
CY207737.1	625	2033	13	16	29	625
CY207737.1	626	2232	1	1	2	626
CY207737.1	636	1780	0	1	1	1780
CY207737.1	637	1791	0	1	1	1791
CY207737.1	638	1727	1	0	1	638
CY207737.1	641	1913	0	1	1	1913
CY207737.1	645	1793	0	1	1	1793
CY207737.1	651	1970	1	0	1	651
CY207737.1	651	2255	2	0	2	651
CY207737.1	659	1980	39	63	102	659
CY207737.1	663	2292	14	0	14	663
CY207737.1	665	2046	0	1	1	2046
CY207737.1	669	1980	23	20	43	669
CY207737.1	673	2296	210	84	294	673
CY207737.1	679	2025	0	1	1	2025
CY207737.1	689	2214	1	0	1	689
CY207737.1	697	1644	0	1	1	1644
CY207737.1	718	2332	0	1	1	2332
CY207737.1	723	1977	8	0	8	723
CY207737.1	723	1982	2	0	2	723
CY207737.1	725	2066	1	0	1	725
CY207737.1	731	1989	22	1	23	731
CY207737.1	731	1999	4	0	4	731
CY207737.1	734	1438	1	0	1	734
CY207737.1	734	2313	0	1	1	2313
CY207737.1	736	1994	4	0	4	736
CY207737.1	736	2019	0	1	1	2019
CY207737.1	739	923	1	0	1	739
CY207737.1	741	2003	10	1	11	741
CY207737.1	743	2489	0	1	1	2489
CY207737.1	747	2012	671	1194	1865	747
CY207737.1	753	2018	0	2	2	2018
CY207737.1	768	2034	1	2	3	768
CY207737.1	786	2060	0	1	1	2060
CY207737.1	789	1776	1	0	1	789
CY207737.1	811	1985	12	12	24	811
CY207737.1	832	2019	0	1	1	2019
CY207737.1	833	1775	18	15	33	833
CY207737.1	834	1795	14	8	22	834
CY207737.1	847	2492	0	1	1	2492
CY207737.1	858	1770	1	0	1	858
CY207737.1	882	1519	1	0	1	882
CY207737.1	886	1815	0	1	1	1815
CY207737.1	918	2346	0	1	1	2346
CY207737.1	918	2447	0	1	1	2447
CY207737.1	924	1422	0	1	1	1422
CY207737.1	949	1752	1	0	1	949
CY207738.1	1021	1499	0	1	1	1499
CY207738.1	1202	2042	1	0	1	1202
CY207738.1	1218	2355	1	0	1	1218
CY207738.1	1247	2325	0	1	1	2325
CY207738.1	1260	2471	0	1	1	2471
CY207738.1	1298	1842	0	1	1	1842
CY207738.1	1335	2126	0	1	1	2126
CY207738.1	1358	2044	0	1	1	2044
CY207738.1	1406	1984	0	1	1	1984
CY207738.1	1460	1962	0	1	1	1962
CY207738.1	1484	1534	1	0	1	1484
CY207738.1	1504	1884	0	1	1	1884
CY207738.1	1515	2455	0	1	1	2455
CY207738.1	1561	1916	0	1	1	1916
CY207738.1	1571	1721	1	0	1	1571
CY207738.1	1607	1830	1	0	1	1607
CY207738.1	1633	2036	0	1	1	2036
CY207738.1	1636	1954	1	0	1	1636
CY207738.1	1686	2175	0	1	1	2175
CY207738.1	1687	2178	1	0	1	1687
CY207738.1	1711	2426	1	0	1	1711
CY207738.1	1780	2003	0	9	9	2003
CY207738.1	1790	1973	0	1	1	1973
CY207738.1	1805	2492	0	1	1	2492
CY207738.1	1920	1948	0	1	1	1948
CY207738.1	2019	2172	1	0	1	2019
CY207738.1	2061	2319	1	0	1	2061
CY207738.1	2145	2340	1	0	1	2145
CY207738.1	2216	2484	0	1	1	2484
CY207738.1	2256	2326	5	10	15	2256
CY207738.1	2341	2386	0	1	1	2386
CY207738.1	2345	2371	719	630	1349	2345
CY207738.1	2345	2372	1	0	1	2345
CY207738.1	2346	2372	2	1	3	2346
CY207738.1	2428	2487	0	1	1	2487
CY207738.1	247	2338	1	0	1	247
CY207738.1	263	1516	1	0	1	263
CY207738.1	272	2171	1	0	1	272
CY207738.1	278	1753	1	0	1	278
CY207738.1	282	1901	1	0	1	282
CY207738.1	329	2274	3	1	4	329
CY207738.1	330	1919	15	35	50	330
CY207738.1	332	1228	1	0	1	332
CY207738.1	334	2149	1	0	1	334
CY207738.1	344	1240	1	0	1	344
CY207738.1	345	2386	0	1	1	2386
CY207738.1	346	2235	9	2	11	346
CY207738.1	346	2314	1	0	1	346
CY207738.1	349	1959	0	1	1	1959
CY207738.1	352	2371	0	1	1	2371
CY207738.1	357	2246	1	0	1	357
CY207738.1	364	2159	1	0	1	364
CY207738.1	365	2278	1	0	1	365
CY207738.1	366	2267	1	2	3	366
CY207738.1	369	818	0	1	1	818
CY207738.1	370	1950	1	0	1	370
CY207738.1	370	2204	0	1	1	2204
CY207738.1	370	2283	107	627	734	370
CY207738.1	372	633	0	1	1	633
CY207738.1	374	2247	9	47	56	374
CY207738.1	374	2313	133	343	476	374
CY207738.1	376	1953	5	84	89	376
CY207738.1	376	2315	2	1	3	376
CY207738.1	382	1649	0	1	1	1649
CY207738.1	383	2295	82	409	491	383
CY207738.1	383	2323	0	9	9	2323
CY207738.1	383	2359	0	2	2	2359
CY207738.1	384	2296	0	1	1	2296
CY207738.1	386	2215	24	140	164	386
CY207738.1	386	2314	0	1	1	2314
CY207738.1	393	1968	0	2	2	1968
CY207738.1	394	970	0	1	1	970
CY207738.1	395	500	1	0	1	395
CY207738.1	397	2131	3	0	3	397
CY207738.1	403	481	1	0	1	403
CY207738.1	404	2222	0	1	1	2222
CY207738.1	407	2214	3	0	3	407
CY207738.1	407	2331	0	2	2	2331
CY207738.1	408	2379	0	1	1	2379
CY207738.1	409	1700	1	0	1	409
CY207738.1	410	2157	2	0	2	410
CY207738.1	411	2215	21	121	142	411
CY207738.1	412	2231	39	117	156	412
CY207738.1	413	2286	2	46	48	413
CY207738.1	414	2457	0	1	1	2457
CY207738.1	417	1991	0	2	2	1991
CY207738.1	417	2278	0	1	1	2278
CY207738.1	417	2330	0	16	16	2330
CY207738.1	418	2170	0	3	3	2170
CY207738.1	421	2173	973	3049	4022	421
CY207738.1	421	2174	2	7	9	421
CY207738.1	421	2239	0	1	1	2239
CY207738.1	422	2174	0	6	6	2174
CY207738.1	425	2306	0	7	7	2306
CY207738.1	427	2241	0	1	1	2241
CY207738.1	429	2279	0	1	1	2279
CY207738.1	430	2066	0	1	1	2066
CY207738.1	431	2300	0	2	2	2300
CY207738.1	434	2118	65	281	346	434
CY207738.1	438	2323	0	2	2	2323
CY207738.1	439	2360	1	1	2	439
CY207738.1	441	2199	0	1	1	2199
CY207738.1	441	2231	30	117	147	441
CY207738.1	442	2203	3	51	54	442
CY207738.1	445	2339	0	1	1	2339
CY207738.1	450	2209	0	1	1	2209
CY207738.1	453	2412	19	30	49	453
CY207738.1	454	2021	2	1	3	454
CY207738.1	457	2139	0	1	1	2139
CY207738.1	457	2230	0	2	2	2230
CY207738.1	461	2219	0	4	4	2219
CY207738.1	464	1908	0	1	1	1908
CY207738.1	465	2146	1	1	2	465
CY207738.1	470	2055	2	0	2	470
CY207738.1	471	2120	18	54	72	471
CY207738.1	481	2153	6	14	20	481
CY207738.1	481	2320	0	1	1	2320
CY207738.1	482	2234	1	0	1	482
CY207738.1	483	2118	37	86	123	483
CY207738.1	495	2199	5	15	20	495
CY207738.1	495	2425	1	0	1	495
CY207738.1	498	2152	1	0	1	498
CY207738.1	505	2312	0	1	1	2312
CY207738.1	507	2195	1	0	1	507
CY207738.1	509	2136	0	1	1	2136
CY207738.1	514	2209	155	251	406	514
CY207738.1	520	2215	3	0	3	520
CY207738.1	521	2383	2	0	2	521
CY207738.1	522	1981	2	45	47	522
CY207738.1	523	2164	2	0	2	523
CY207738.1	523	2188	6	9	15	523
CY207738.1	523	2218	40	60	100	523
CY207738.1	525	807	1	0	1	525
CY207738.1	526	2048	1	0	1	526
CY207738.1	528	2223	1	1	2	528
CY207738.1	529	1756	1	0	1	529
CY207738.1	529	2072	31	113	144	529
CY207738.1	530	2073	0	1	1	2073
CY207738.1	530	2173	4	0	4	530
CY207738.1	530	2174	153	295	448	530
CY207738.1	532	2056	2	0	2	532
CY207738.1	532	2176	0	1	1	2176
CY207738.1	537	2060	3	0	3	537
CY207738.1	537	2395	1	0	1	537
CY207738.1	541	2399	9	11	20	541
CY207738.1	543	2044	1	2	3	543
CY207738.1	544	2068	242	390	632	544
CY207738.1	544	2347	20	8	28	544
CY207738.1	545	1566	0	1	1	1566
CY207738.1	545	2129	3	6	9	545
CY207738.1	545	2197	0	2	2	2197
CY207738.1	551	2098	0	1	1	2098
CY207738.1	554	702	1	0	1	554
CY207738.1	562	2214	0	1	1	2214
CY207738.1	565	2134	6	13	19	565
CY207738.1	569	2199	0	1	1	2199
CY207738.1	569	2222	1	0	1	569
CY207738.1	570	2108	1	0	1	570
CY207738.1	594	2116	24	57	81	594
CY207738.1	595	2117	0	1	1	2117
CY207738.1	602	1998	0	3	3	1998
CY207738.1	603	2051	1	0	1	603
CY207738.1	612	2063	15	21	36	612
CY207738.1	614	1237	1	0	1	614
CY207738.1	615	1416	0	1	1	1416
CY207738.1	643	2322	0	1	1	2322
CY207738.1	654	2332	0	1	1	2332
CY207738.1	656	2053	3	0	3	656
CY207738.1	673	1917	1	0	1	673
CY207738.1	702	1966	20	8	28	702
CY207738.1	707	2008	5	10	15	707
CY207738.1	710	1924	4	0	4	710
CY207738.1	716	1793	0	1	1	1793
CY207738.1	718	1898	8	0	8	718
CY207738.1	720	2071	9	7	16	720
CY207738.1	725	1949	0	1	1	1949
CY207738.1	730	1938	93	126	219	730
CY207738.1	730	2111	0	1	1	2111
CY207738.1	733	1933	3	0	3	733
CY207738.1	733	1936	109	149	258	733
CY207738.1	739	1949	0	2	2	1949
CY207738.1	745	1960	0	1	1	1960
CY207738.1	745	1995	0	1	1	1995
CY207738.1	751	1999	0	2	2	1999
CY207738.1	771	1938	15	16	31	771
CY207738.1	775	2199	1	0	1	775
CY207738.1	780	1813	1	0	1	780
CY207738.1	781	1920	0	1	1	1920
CY207738.1	786	2001	11	17	28	786
CY207738.1	796	1877	1	0	1	796
CY207738.1	797	2325	33	15	48	797
CY207738.1	801	2018	1	1	2	801
CY207738.1	804	2048	1	0	1	804
CY207738.1	813	2053	22	48	70	813
CY207738.1	822	879	1	0	1	822
CY207738.1	824	2084	0	5	5	2084
CY207738.1	825	1831	17	12	29	825
CY207738.1	827	2067	0	1	1	2067
CY207738.1	831	1864	1	0	1	831
CY207738.1	839	1825	0	1	1	1825
CY207738.1	843	1868	27	15	42	843
CY207738.1	844	1713	34	28	62	844
CY207738.1	844	1869	1	0	1	844
CY207738.1	847	1751	1	0	1	847
CY207738.1	856	2348	1	0	1	856
CY207738.1	863	1752	0	1	1	1752
CY207738.1	887	1706	1	0	1	887
CY207738.1	893	2496	0	1	1	2496
CY207738.1	911	1719	1	0	1	911
CY207738.1	917	1727	8	9	17	917
CY207738.1	944	1732	0	1	1	1732
CY207738.1	963	1776	2	0	2	963
CY207738.1	966	1782	52	48	100	966
CY207738.1	972	1788	0	1	1	1788
CY207738.1	981	1806	1	2	3	981
