Segment	Start	Stop	Forward_support	Reverse_support	Total_support	Fuzz_factor
CY207731.1	247	1908	0	1	1	1908
CY207731.1	426	478	0	2	2	478
CY207731.1	459	510	0	1	1	510
CY207731.1	921	946	0	1	1	946
CY207732.1	240	796	1	0	1	240
CY207732.1	275	848	1	0	1	275
CY207732.1	401	725	0	1	1	725
CY207732.1	630	766	1	0	1	630
CY207732.1	954	982	0	1	1	982
CY207733.1	1105	1208	1	5	6	1105
CY207733.1	1180	1256	7	9	16	1180
CY207733.1	1448	1490	8	5	13	1448
CY207733.1	441	1376	0	1	1	1376
CY207733.1	497	1366	1	0	1	497
CY207733.1	699	778	2	0	2	699
CY207734.1	1435	1512	13	5	18	1435
CY207734.1	246	603	1	0	1	246
CY207734.1	268	1560	1	0	1	268
CY207734.1	376	636	0	1	1	636
CY207734.1	395	621	0	1	1	621
CY207734.1	427	579	0	1	1	579
CY207734.1	452	572	1	0	1	452
CY207734.1	541	1079	0	1	1	1079
CY207734.1	833	1511	33	13	46	833
CY207735.1	538	567	0	1	1	567
CY207735.1	605	928	1	0	1	605
CY207735.1	918	940	8	2	10	918
CY207736.1	360	2155	0	14	14	2155
CY207736.1	453	504	2	0	2	453
CY207736.1	596	2002	13	6	19	596
CY207736.1	640	1720	15	13	28	640
CY207736.1	684	1882	15	7	22	684
CY207736.1	689	1888	0	1	1	1888
CY207736.1	697	1985	0	6	6	1985
CY207736.1	728	982	0	1	1	982
CY207737.1	626	2232	12	5	17	626
CY207737.1	839	1934	0	1	1	1934
CY207738.1	1058	2353	27	6	33	1058
CY207738.1	1159	2409	0	1	1	2409
CY207738.1	1390	1423	1	0	1	1390
CY207738.1	418	2212	0	2	2	2212
CY207738.1	544	2068	1	0	1	544
CY207738.1	910	1863	2	4	6	910
