Segment	Start	Stop	Forward_support	Reverse_support	Total_support	Fuzz_factor
CY207731.1	1016	1181	1	0	1	1016
CY207731.1	1022	1270	0	1	1	1270
CY207731.1	1030	1891	0	1	1	1891
CY207731.1	1079	1480	1	0	1	1079
CY207731.1	1088	1429	0	1	1	1429
CY207731.1	1110	1352	0	1	1	1352
CY207731.1	1132	1817	0	1	1	1817
CY207731.1	1176	1716	1	0	1	1176
CY207731.1	1178	1371	0	1	1	1371
CY207731.1	1186	1243	0	1	1	1243
CY207731.1	1194	1407	0	1	1	1407
CY207731.1	1197	1791	0	1	1	1791
CY207731.1	1232	1658	1	0	1	1232
CY207731.1	1242	1669	9	3	12	1242
CY207731.1	1246	1736	1	0	1	1246
CY207731.1	1249	1573	0	1	1	1573
CY207731.1	1264	1487	1	0	1	1264
CY207731.1	1309	1530	0	1	1	1530
CY207731.1	1310	1352	0	1	1	1352
CY207731.1	1321	1669	1	0	1	1321
CY207731.1	1430	1591	2	4	6	1430
CY207731.1	1495	1562	1	0	1	1495
CY207731.1	1519	1658	8	0	8	1519
CY207731.1	1537	1748	1	0	1	1537
CY207731.1	1557	1889	0	1	1	1889
CY207731.1	1561	1892	0	1	1	1892
CY207731.1	1633	1754	0	1	1	1754
CY207731.1	1636	1884	0	1	1	1884
CY207731.1	1686	1893	0	1	1	1893
CY207731.1	235	1564	1	0	1	235
CY207731.1	240	495	1	0	1	240
CY207731.1	245	393	1	0	1	245
CY207731.1	248	1859	1	0	1	248
CY207731.1	269	405	1	0	1	269
CY207731.1	270	405	12	0	12	270
CY207731.1	276	1328	1	0	1	276
CY207731.1	283	971	1	0	1	283
CY207731.1	288	397	1	0	1	288
CY207731.1	289	1057	1	0	1	289
CY207731.1	371	1277	0	1	1	1277
CY207731.1	391	724	1	0	1	391
CY207731.1	394	705	0	1	1	705
CY207731.1	406	1002	1	0	1	406
CY207731.1	413	759	0	1	1	759
CY207731.1	420	513	1	0	1	420
CY207731.1	423	1222	0	1	1	1222
CY207731.1	429	732	0	1	1	732
CY207731.1	431	1161	1	0	1	431
CY207731.1	431	1315	0	1	1	1315
CY207731.1	431	969	0	1	1	969
CY207731.1	439	1516	0	1	1	1516
CY207731.1	447	1750	1	0	1	447
CY207731.1	481	1362	0	1	1	1362
CY207731.1	482	1537	0	1	1	1537
CY207731.1	491	1378	0	1	1	1378
CY207731.1	491	1641	0	1	1	1641
CY207731.1	509	621	0	1	1	621
CY207731.1	528	1532	0	1	1	1532
CY207731.1	548	1181	0	1	1	1181
CY207731.1	576	996	0	1	1	996
CY207731.1	594	1260	1	0	1	594
CY207731.1	597	696	0	1	1	696
CY207731.1	654	1268	0	1	1	1268
CY207731.1	655	1592	0	1	1	1592
CY207731.1	667	1716	1	0	1	667
CY207731.1	684	725	1	0	1	684
CY207731.1	698	1862	0	1	1	1862
CY207731.1	717	884	0	1	1	884
CY207731.1	721	1360	1	0	1	721
CY207731.1	746	1092	0	1	1	1092
CY207731.1	748	934	1	0	1	748
CY207731.1	781	1729	1	0	1	781
CY207731.1	781	1822	0	1	1	1822
CY207731.1	781	809	1	0	1	781
CY207731.1	785	1303	0	1	1	1303
CY207731.1	790	871	1	0	1	790
CY207731.1	811	1057	1	0	1	811
CY207731.1	831	1388	1	0	1	831
CY207731.1	832	995	1	0	1	832
CY207731.1	857	1262	1	0	1	857
CY207731.1	861	1567	1	0	1	861
CY207731.1	862	1682	1	0	1	862
CY207731.1	864	1036	1	0	1	864
CY207731.1	910	1407	0	1	1	1407
CY207731.1	918	1583	0	1	1	1583
CY207731.1	921	1396	1	0	1	921
CY207731.1	938	1283	1	0	1	938
CY207731.1	978	1174	0	1	1	1174
CY207731.1	994	1634	0	1	1	1634
CY207732.1	1004	1138	1	2	3	1004
CY207732.1	1005	1145	0	1	1	1145
CY207732.1	1077	1138	0	1	1	1138
CY207732.1	250	927	1	0	1	250
CY207732.1	253	1025	1	0	1	253
CY207732.1	256	728	1	0	1	256
CY207732.1	267	840	1	0	1	267
CY207732.1	275	657	1	0	1	275
CY207732.1	275	848	22	0	22	275
CY207732.1	286	720	1	0	1	286
CY207732.1	291	835	9	1	10	291
CY207732.1	306	1024	1	1	2	306
CY207732.1	311	857	3	0	3	311
CY207732.1	332	593	1	0	1	332
CY207732.1	341	557	0	1	1	557
CY207732.1	342	444	0	1	1	444
CY207732.1	353	460	0	1	1	460
CY207732.1	355	952	1	0	1	355
CY207732.1	357	800	2	8	10	357
CY207732.1	393	1085	1	0	1	393
CY207732.1	393	906	0	1	1	906
CY207732.1	394	952	0	1	1	952
CY207732.1	396	914	1	0	1	396
CY207732.1	402	1145	0	1	1	1145
CY207732.1	407	797	0	1	1	797
CY207732.1	414	1027	1	0	1	414
CY207732.1	418	727	1	0	1	418
CY207732.1	423	592	0	1	1	592
CY207732.1	433	499	1	0	1	433
CY207732.1	441	886	0	1	1	886
CY207732.1	445	863	2	16	18	445
CY207732.1	447	507	0	1	1	507
CY207732.1	450	891	1	0	1	450
CY207732.1	473	717	0	1	1	717
CY207732.1	478	834	0	1	1	834
CY207732.1	487	640	1	0	1	487
CY207732.1	495	911	0	1	1	911
CY207732.1	496	731	1	0	1	496
CY207732.1	523	825	0	1	1	825
CY207732.1	524	1151	0	1	1	1151
CY207732.1	530	1059	0	1	1	1059
CY207732.1	531	1056	0	1	1	1056
CY207732.1	535	825	0	1	1	825
CY207732.1	542	820	0	1	1	820
CY207732.1	571	796	1	0	1	571
CY207732.1	630	687	0	1	1	687
CY207732.1	630	813	0	1	1	813
CY207732.1	667	771	0	1	1	771
CY207732.1	679	815	5	0	5	679
CY207732.1	681	856	0	2	2	856
CY207732.1	684	1000	0	1	1	1000
CY207732.1	685	839	1	4	5	685
CY207732.1	693	738	0	1	1	738
CY207732.1	698	1003	1	0	1	698
CY207732.1	700	1152	0	1	1	1152
CY207732.1	716	789	0	1	1	789
CY207732.1	718	860	8	12	20	718
CY207732.1	720	973	0	1	1	973
CY207732.1	742	1151	0	1	1	1151
CY207732.1	743	887	0	1	1	887
CY207732.1	746	862	0	1	1	862
CY207732.1	761	800	1	0	1	761
CY207732.1	774	887	1	0	1	774
CY207732.1	783	875	1	0	1	783
CY207732.1	791	936	0	1	1	936
CY207732.1	797	858	8	1	9	797
CY207732.1	809	1057	1	0	1	809
CY207732.1	817	866	4	2	6	817
CY207732.1	824	1010	1	0	1	824
CY207732.1	827	862	1	0	1	827
CY207732.1	834	998	1	0	1	834
CY207732.1	879	905	1	0	1	879
CY207732.1	898	1103	1	0	1	898
CY207732.1	933	1019	5	2	7	933
CY207733.1	1073	1473	0	1	1	1473
CY207733.1	1202	1224	1	0	1	1202
CY207733.1	1227	1296	1	0	1	1227
CY207733.1	1330	1358	4	3	7	1330
CY207733.1	1338	1363	1	1	2	1338
CY207733.1	1390	1436	13	3	16	1390
CY207733.1	1400	1432	8	1	9	1400
CY207733.1	286	1456	2	0	2	286
CY207733.1	302	1468	2	2	4	302
CY207733.1	333	1054	1	0	1	333
CY207733.1	343	1339	0	1	1	1339
CY207733.1	349	1307	1	0	1	349
CY207733.1	367	1331	1	0	1	367
CY207733.1	367	705	1	0	1	367
CY207733.1	374	554	1	0	1	374
CY207733.1	380	1174	1	4	5	380
CY207733.1	380	1308	1	0	1	380
CY207733.1	384	1343	59	94	153	384
CY207733.1	408	1529	0	1	1	1529
CY207733.1	420	1064	0	1	1	1064
CY207733.1	421	1596	0	1	1	1596
CY207733.1	425	463	4	30	34	425
CY207733.1	434	515	0	14	14	515
CY207733.1	437	519	0	1	1	519
CY207733.1	441	1376	2	2	4	441
CY207733.1	447	1220	4	21	25	447
CY207733.1	451	1051	1	0	1	451
CY207733.1	487	1162	1	0	1	487
CY207733.1	522	1209	0	1	1	1209
CY207733.1	542	1179	7	0	7	542
CY207733.1	572	1327	9	10	19	572
CY207733.1	576	1033	0	1	1	1033
CY207733.1	589	1187	1	0	1	589
CY207733.1	595	972	1	0	1	595
CY207733.1	600	1294	1	0	1	600
CY207733.1	607	1087	1	0	1	607
CY207733.1	610	1054	0	1	1	1054
CY207733.1	658	702	1	0	1	658
CY207733.1	660	883	0	1	1	883
CY207733.1	663	763	1	0	1	663
CY207733.1	767	1187	1	0	1	767
CY207733.1	774	935	0	1	1	935
CY207733.1	796	1209	0	1	1	1209
CY207733.1	889	1284	0	1	1	1284
CY207733.1	942	1255	2	2	4	942
CY207733.1	955	1022	1	0	1	955
CY207733.1	969	1039	2	2	4	969
CY207733.1	975	1007	2	1	3	975
CY207734.1	1012	1084	0	3	3	1084
CY207734.1	1033	1202	0	1	1	1202
CY207734.1	1043	1093	1	0	1	1043
CY207734.1	1043	1194	0	1	1	1194
CY207734.1	1063	1259	1	0	1	1063
CY207734.1	1068	1293	0	1	1	1293
CY207734.1	1086	1116	2	1	3	1086
CY207734.1	1125	1289	1	2	3	1125
CY207734.1	1181	1618	0	1	1	1618
CY207734.1	1189	1284	1	0	1	1189
CY207734.1	1220	1252	0	4	4	1252
CY207734.1	1239	1418	0	1	1	1418
CY207734.1	1354	1520	5	1	6	1354
CY207734.1	1366	1686	0	1	1	1686
CY207734.1	1435	1512	0	1	1	1512
CY207734.1	1497	1599	1	0	1	1497
CY207734.1	1563	1615	1	0	1	1563
CY207734.1	243	1423	1	0	1	243
CY207734.1	264	629	2	0	2	264
CY207734.1	279	531	1	0	1	279
CY207734.1	280	1330	1	0	1	280
CY207734.1	287	1400	1	0	1	287
CY207734.1	288	822	1	0	1	288
CY207734.1	290	1225	1	0	1	290
CY207734.1	318	773	1	0	1	318
CY207734.1	330	1371	1	0	1	330
CY207734.1	333	437	1	0	1	333
CY207734.1	357	1427	1	0	1	357
CY207734.1	374	1469	0	1	1	1469
CY207734.1	382	1073	0	1	1	1073
CY207734.1	388	449	1	0	1	388
CY207734.1	391	876	0	1	1	876
CY207734.1	393	1397	0	1	1	1397
CY207734.1	393	769	1	0	1	393
CY207734.1	405	1492	2	0	2	405
CY207734.1	411	1004	0	1	1	1004
CY207734.1	417	1551	0	1	1	1551
CY207734.1	432	1563	1	0	1	432
CY207734.1	443	1111	1	0	1	443
CY207734.1	453	659	0	1	1	659
CY207734.1	457	1274	0	1	1	1274
CY207734.1	467	817	1	0	1	467
CY207734.1	469	837	1	0	1	469
CY207734.1	480	1597	0	1	1	1597
CY207734.1	491	838	1	0	1	491
CY207734.1	507	1131	0	1	1	1131
CY207734.1	508	1156	0	1	1	1156
CY207734.1	515	1527	0	1	1	1527
CY207734.1	520	862	0	1	1	862
CY207734.1	534	1324	1	0	1	534
CY207734.1	562	1573	0	1	1	1573
CY207734.1	574	1452	1	0	1	574
CY207734.1	612	814	1	0	1	612
CY207734.1	617	1587	1	0	1	617
CY207734.1	619	1390	0	1	1	1390
CY207734.1	622	1234	0	1	1	1234
CY207734.1	641	1148	1	0	1	641
CY207734.1	669	908	2	0	2	669
CY207734.1	676	1522	1	0	1	676
CY207734.1	697	1693	0	1	1	1693
CY207734.1	703	1379	2	2	4	703
CY207734.1	718	1584	0	1	1	1584
CY207734.1	723	1491	0	1	1	1491
CY207734.1	741	1206	0	1	1	1206
CY207734.1	765	1465	0	1	1	1465
CY207734.1	772	1121	0	1	1	1121
CY207734.1	778	1716	0	1	1	1716
CY207734.1	799	1483	0	1	1	1483
CY207734.1	810	958	0	1	1	958
CY207734.1	828	1449	0	1	1	1449
CY207734.1	841	1154	1	0	1	841
CY207734.1	843	1368	0	1	1	1368
CY207734.1	861	1685	0	1	1	1685
CY207734.1	890	1343	1	0	1	890
CY207734.1	902	1043	1	2	3	902
CY207734.1	920	1161	1	0	1	920
CY207734.1	928	962	1	0	1	928
CY207734.1	938	1469	0	1	1	1469
CY207734.1	957	1228	0	5	5	1228
CY207735.1	1002	1031	0	8	8	1031
CY207735.1	276	460	1	0	1	276
CY207735.1	366	790	1	5	6	366
CY207735.1	401	611	1	0	1	401
CY207735.1	470	705	1	0	1	470
CY207735.1	511	740	27	100	127	511
CY207735.1	519	746	0	3	3	746
CY207735.1	653	730	7	9	16	653
CY207735.1	678	706	1	0	1	678
CY207736.1	1009	2299	0	1	1	2299
CY207736.1	1036	1346	0	1	1	1346
CY207736.1	1103	1478	0	1	1	1478
CY207736.1	1119	2172	1	0	1	1119
CY207736.1	1167	1755	0	1	1	1755
CY207736.1	1171	1241	0	1	1	1241
CY207736.1	1186	1624	0	1	1	1624
CY207736.1	1198	1647	0	1	1	1647
CY207736.1	1209	1957	5	3	8	1209
CY207736.1	1231	1985	0	1	1	1985
CY207736.1	1238	2026	1	0	1	1238
CY207736.1	1251	1342	0	1	1	1342
CY207736.1	1258	1647	10	10	20	1258
CY207736.1	1263	1381	0	1	1	1381
CY207736.1	1274	1603	0	1	1	1603
CY207736.1	1283	1348	1	0	1	1283
CY207736.1	1305	1393	2	0	2	1305
CY207736.1	1314	1412	0	1	1	1412
CY207736.1	1355	2015	1	0	1	1355
CY207736.1	1443	1679	0	1	1	1679
CY207736.1	1490	1686	0	1	1	1686
CY207736.1	1503	1950	4	1	5	1503
CY207736.1	1557	2179	1	0	1	1557
CY207736.1	1576	2237	1	0	1	1576
CY207736.1	1586	1610	1	0	1	1586
CY207736.1	1589	1896	1	0	1	1589
CY207736.1	1641	2076	0	1	1	2076
CY207736.1	1700	1878	1	0	1	1700
CY207736.1	1914	2027	1	0	1	1914
CY207736.1	1998	2071	3	2	5	1998
CY207736.1	2011	2098	0	1	1	2098
CY207736.1	2013	2074	0	1	1	2074
CY207736.1	2132	2199	1	0	1	2132
CY207736.1	2132	2213	18	5	23	2132
CY207736.1	2305	2330	0	2	2	2330
CY207736.1	242	754	1	0	1	242
CY207736.1	254	878	1	0	1	254
CY207736.1	266	2253	1	0	1	266
CY207736.1	277	833	1	0	1	277
CY207736.1	287	1607	1	0	1	287
CY207736.1	293	337	15	0	15	293
CY207736.1	333	2215	1	2	3	333
CY207736.1	354	1467	0	1	1	1467
CY207736.1	400	2141	1	22	23	400
CY207736.1	405	2215	0	4	4	2215
CY207736.1	412	2072	1	0	1	412
CY207736.1	417	2133	0	1	1	2133
CY207736.1	417	2148	2	10	12	417
CY207736.1	427	1891	1	0	1	427
CY207736.1	429	2095	5	6	11	429
CY207736.1	435	2112	16	113	129	435
CY207736.1	441	1756	0	1	1	1756
CY207736.1	465	1785	1	0	1	465
CY207736.1	478	2010	2	1	3	478
CY207736.1	479	517	3	0	3	479
CY207736.1	481	1900	1	0	1	481
CY207736.1	481	2080	0	1	1	2080
CY207736.1	484	2040	0	1	1	2040
CY207736.1	495	2072	23	33	56	495
CY207736.1	511	1909	119	20	139	511
CY207736.1	512	2156	44	88	132	512
CY207736.1	520	1661	1	0	1	520
CY207736.1	521	2262	0	1	1	2262
CY207736.1	527	1925	0	1	1	1925
CY207736.1	538	2035	31	32	63	538
CY207736.1	548	581	5	1	6	548
CY207736.1	556	1869	1	0	1	556
CY207736.1	559	1924	1	0	1	559
CY207736.1	563	2001	1	0	1	563
CY207736.1	566	1931	0	1	1	1931
CY207736.1	570	2010	6	2	8	570
CY207736.1	574	1929	1	0	1	574
CY207736.1	580	1894	2	0	2	580
CY207736.1	584	1961	1	0	1	584
CY207736.1	585	1839	0	1	1	1839
CY207736.1	589	1999	2	1	3	589
CY207736.1	589	2008	0	1	1	2008
CY207736.1	598	1992	8	3	11	598
CY207736.1	604	836	1	0	1	604
CY207736.1	607	637	3	3	6	607
CY207736.1	611	1999	2	3	5	611
CY207736.1	615	2022	0	1	1	2022
CY207736.1	618	1542	1	0	1	618
CY207736.1	618	1852	1	0	1	618
CY207736.1	620	966	1	0	1	620
CY207736.1	631	1171	0	1	1	1171
CY207736.1	632	1874	8	2	10	632
CY207736.1	666	1002	5	5	10	666
CY207736.1	667	1454	1	0	1	667
CY207736.1	671	1923	7	6	13	671
CY207736.1	678	1955	1	0	1	678
CY207736.1	679	1835	1	0	1	679
CY207736.1	682	1646	1	0	1	682
CY207736.1	683	1924	1	0	1	683
CY207736.1	689	1941	0	1	1	1941
CY207736.1	698	1876	15	7	22	698
CY207736.1	700	2111	1	5	6	700
CY207736.1	701	1622	1	0	1	701
CY207736.1	701	1816	1	1	2	701
CY207736.1	712	1633	11	4	15	712
CY207736.1	723	1994	4	5	9	723
CY207736.1	735	1868	10	4	14	735
CY207736.1	736	1890	0	1	1	1890
CY207736.1	740	1863	5	1	6	740
CY207736.1	749	1736	0	1	1	1736
CY207736.1	749	1912	2	0	2	749
CY207736.1	754	1807	14	11	25	754
CY207736.1	756	1643	1	0	1	756
CY207736.1	757	1775	11	6	17	757
CY207736.1	760	1923	8	5	13	760
CY207736.1	762	1583	14	4	18	762
CY207736.1	767	1952	11	4	15	767
CY207736.1	777	1818	29	12	41	777
CY207736.1	778	842	1	0	1	778
CY207736.1	799	1842	0	1	1	1842
CY207736.1	802	1989	1	0	1	802
CY207736.1	814	1710	1	0	1	814
CY207736.1	820	1560	4	0	4	820
CY207736.1	830	1838	0	1	1	1838
CY207736.1	834	1749	1	6	7	834
CY207736.1	840	2001	0	1	1	2001
CY207736.1	853	1725	6	1	7	853
CY207736.1	903	1354	11	7	18	903
CY207736.1	912	1585	1	0	1	912
CY207736.1	926	1079	1	0	1	926
CY207736.1	935	1468	0	1	1	1468
CY207736.1	944	1649	2	0	2	944
CY207736.1	947	1652	1	4	5	947
CY207736.1	951	1901	0	1	1	1901
CY207736.1	953	1397	1	0	1	953
CY207736.1	964	1610	0	1	1	1610
CY207736.1	965	1307	1	0	1	965
CY207736.1	970	1615	1	0	1	970
CY207736.1	986	2104	0	1	1	2104
CY207736.1	988	1011	1	0	1	988
CY207736.1	996	1822	2	5	7	996
CY207737.1	1033	1649	1	0	1	1033
CY207737.1	1126	1887	0	1	1	1887
CY207737.1	1129	2036	0	1	1	2036
CY207737.1	1169	1820	1	0	1	1169
CY207737.1	1213	1627	0	1	1	1627
CY207737.1	1249	1289	0	1	1	1289
CY207737.1	1278	2445	0	1	1	2445
CY207737.1	1285	1943	0	1	1	1943
CY207737.1	1303	1476	0	1	1	1476
CY207737.1	1306	1957	0	1	1	1957
CY207737.1	1306	2043	6	5	11	1306
CY207737.1	1413	1940	0	1	1	1940
CY207737.1	1487	1904	0	1	1	1904
CY207737.1	1492	2387	0	1	1	2387
CY207737.1	1503	1935	0	1	1	1935
CY207737.1	1513	2359	0	1	1	2359
CY207737.1	1560	1582	1	0	1	1560
CY207737.1	1576	1611	1	1	2	1576
CY207737.1	1591	1934	0	1	1	1934
CY207737.1	1591	2360	0	1	1	2360
CY207737.1	1630	2193	0	1	1	2193
CY207737.1	1637	2051	1	0	1	1637
CY207737.1	1666	2020	0	1	1	2020
CY207737.1	1705	1807	0	1	1	1807
CY207737.1	1813	2276	1	0	1	1813
CY207737.1	1835	1859	0	1	1	1859
CY207737.1	1889	2081	1	0	1	1889
CY207737.1	2009	2037	1	0	1	2009
CY207737.1	2064	2102	2	1	3	2064
CY207737.1	235	2273	1	0	1	235
CY207737.1	337	2167	11	34	45	337
CY207737.1	347	2322	9	2	11	347
CY207737.1	358	2208	2	9	11	358
CY207737.1	377	1534	1	0	1	377
CY207737.1	384	432	1	0	1	384
CY207737.1	392	447	12	1	13	392
CY207737.1	402	2446	0	1	1	2446
CY207737.1	422	2176	1	0	1	422
CY207737.1	427	2313	76	12	88	427
CY207737.1	452	1256	1	0	1	452
CY207737.1	453	2069	0	1	1	2069
CY207737.1	455	1853	1	0	1	455
CY207737.1	472	2207	0	1	1	2207
CY207737.1	477	1271	16	16	32	477
CY207737.1	480	2216	0	5	5	2216
CY207737.1	495	1066	0	1	1	1066
CY207737.1	517	1890	1	0	1	517
CY207737.1	521	2229	42	136	178	521
CY207737.1	523	1896	22	15	37	523
CY207737.1	526	1964	2	1	3	526
CY207737.1	537	2112	2	1	3	537
CY207737.1	539	2253	0	3	3	2253
CY207737.1	544	2241	0	1	1	2241
CY207737.1	567	1185	0	1	1	1185
CY207737.1	574	2148	2	0	2	574
CY207737.1	576	2071	8	2	10	576
CY207737.1	578	2049	0	1	1	2049
CY207737.1	591	2024	5	6	11	591
CY207737.1	598	1779	1	0	1	598
CY207737.1	624	1367	1	0	1	624
CY207737.1	638	1341	1	0	1	638
CY207737.1	648	1628	1	1	2	648
CY207737.1	652	2039	6	9	15	652
CY207737.1	653	1373	16	0	16	653
CY207737.1	653	2034	1	0	1	653
CY207737.1	654	1375	63	29	92	654
CY207737.1	655	1409	0	1	1	1409
CY207737.1	661	1381	0	3	3	1381
CY207737.1	663	1707	1	1	2	663
CY207737.1	665	2046	5	2	7	665
CY207737.1	670	2071	6	2	8	670
CY207737.1	676	2052	11	9	20	676
CY207737.1	680	743	1	0	1	680
CY207737.1	683	1947	5	11	16	683
CY207737.1	688	2062	0	1	1	2062
CY207737.1	695	1438	1	0	1	695
CY207737.1	702	2086	1	0	1	702
CY207737.1	705	2091	19	33	52	705
CY207737.1	732	2068	0	1	1	2068
CY207737.1	747	2012	5	9	14	747
CY207737.1	759	1997	8	24	32	759
CY207737.1	766	801	0	1	1	801
CY207737.1	783	2297	1	0	1	783
CY207737.1	788	2371	0	1	1	2371
CY207737.1	790	1855	7	8	15	790
CY207737.1	794	2388	1	0	1	794
CY207737.1	824	1826	0	1	1	1826
CY207737.1	834	2244	0	1	1	2244
CY207737.1	835	1726	1	0	1	835
CY207737.1	839	1934	0	1	1	1934
CY207737.1	861	2155	1	0	1	861
CY207737.1	865	2208	0	1	1	2208
CY207737.1	865	920	0	1	1	920
CY207737.1	918	1041	0	1	1	1041
CY207737.1	933	1952	1	0	1	933
CY207737.1	940	1853	0	1	1	1853
CY207737.1	947	1799	0	1	1	1799
CY207737.1	948	1396	1	0	1	948
CY207737.1	953	1965	5	10	15	953
CY207737.1	968	1053	0	1	1	1053
CY207738.1	1020	1686	6	5	11	1020
CY207738.1	1030	1701	0	1	1	1701
CY207738.1	1091	2058	1	0	1	1091
CY207738.1	1105	2492	0	1	1	2492
CY207738.1	1106	1916	1	0	1	1106
CY207738.1	1130	1686	1	0	1	1130
CY207738.1	1145	1241	1	0	1	1145
CY207738.1	1158	1800	1	0	1	1158
CY207738.1	1159	1619	0	1	1	1619
CY207738.1	1194	1999	0	1	1	1999
CY207738.1	1228	1322	1	1	2	1228
CY207738.1	1229	1587	1	0	1	1229
CY207738.1	1253	1557	0	1	1	1557
CY207738.1	1270	2033	0	1	1	2033
CY207738.1	1302	2304	1	0	1	1302
CY207738.1	1306	1331	0	1	1	1331
CY207738.1	1337	1548	0	1	1	1548
CY207738.1	1351	1570	0	1	1	1570
CY207738.1	1353	1462	1	2	3	1353
CY207738.1	1374	2262	0	1	1	2262
CY207738.1	1380	1424	1	0	1	1380
CY207738.1	1413	1992	0	1	1	1992
CY207738.1	1461	1491	0	1	1	1491
CY207738.1	1563	1966	2	1	3	1563
CY207738.1	1646	1763	1	0	1	1646
CY207738.1	1653	2288	1	0	1	1653
CY207738.1	1700	1733	0	1	1	1733
CY207738.1	1733	1997	0	1	1	1997
CY207738.1	1777	1808	1	0	1	1777
CY207738.1	2035	2094	0	1	1	2094
CY207738.1	2240	2328	0	1	1	2328
CY207738.1	2256	2326	6	1	7	2256
CY207738.1	2345	2371	3	2	5	2345
CY207738.1	241	1221	1	0	1	241
CY207738.1	248	2231	1	0	1	248
CY207738.1	265	1557	1	0	1	265
CY207738.1	280	1720	1	0	1	280
CY207738.1	280	451	1	0	1	280
CY207738.1	285	757	1	0	1	285
CY207738.1	288	407	1	0	1	288
CY207738.1	317	2211	3	4	7	317
CY207738.1	353	2293	1	0	1	353
CY207738.1	364	2141	0	16	16	2141
CY207738.1	370	2153	0	1	1	2153
CY207738.1	370	2283	1	1	2	370
CY207738.1	371	2312	1	0	1	371
CY207738.1	373	2314	182	406	588	373
CY207738.1	373	442	1	0	1	373
CY207738.1	375	2316	2	2	4	375
CY207738.1	383	2323	1	10	11	383
CY207738.1	384	456	0	1	1	456
CY207738.1	407	2331	0	2	2	2331
CY207738.1	408	2379	0	1	1	2379
CY207738.1	413	2038	4	25	29	413
CY207738.1	414	788	0	1	1	788
CY207738.1	417	2330	1	3	4	417
CY207738.1	419	2187	4	34	38	419
CY207738.1	419	2313	36	91	127	419
CY207738.1	421	2173	1	14	15	421
CY207738.1	422	2317	0	1	1	2317
CY207738.1	431	2241	8	30	38	431
CY207738.1	433	2330	0	2	2	2330
CY207738.1	434	2118	0	1	1	2118
CY207738.1	442	2203	0	1	1	2203
CY207738.1	459	2285	45	112	157	459
CY207738.1	462	2202	13	23	36	462
CY207738.1	463	2266	3	26	29	463
CY207738.1	465	2146	2	2	4	465
CY207738.1	473	1511	0	1	1	1511
CY207738.1	493	2488	0	1	1	2488
CY207738.1	494	2251	0	1	1	2251
CY207738.1	498	1415	1	0	1	498
CY207738.1	505	1052	1	0	1	505
CY207738.1	508	2228	4	0	4	508
CY207738.1	511	2231	209	252	461	511
CY207738.1	513	2233	0	1	1	2233
CY207738.1	515	2195	5	8	13	515
CY207738.1	519	2111	0	1	1	2111
CY207738.1	523	2204	1	0	1	523
CY207738.1	523	2426	0	2	2	2426
CY207738.1	525	1631	1	1	2	525
CY207738.1	527	2430	0	1	1	2430
CY207738.1	529	2175	3	8	11	529
CY207738.1	530	2174	0	1	1	2174
CY207738.1	534	2259	1	2	3	534
CY207738.1	550	2275	0	2	2	2275
CY207738.1	551	655	0	1	1	655
CY207738.1	559	1581	0	1	1	1581
CY207738.1	562	2481	0	1	1	2481
CY207738.1	567	2133	100	162	262	567
CY207738.1	569	2222	0	1	1	2222
CY207738.1	587	1682	3	2	5	587
CY207738.1	589	2126	2	7	9	589
CY207738.1	605	899	0	1	1	899
CY207738.1	614	1358	0	1	1	1358
CY207738.1	625	2311	1	0	1	625
CY207738.1	627	2053	7	5	12	627
CY207738.1	650	2060	0	1	1	2060
CY207738.1	686	1025	1	0	1	686
CY207738.1	687	1987	0	4	4	1987
CY207738.1	691	1636	1	0	1	691
CY207738.1	695	1641	22	9	31	695
CY207738.1	708	1519	1	0	1	708
CY207738.1	733	1831	9	6	15	733
CY207738.1	762	1783	1	0	1	762
CY207738.1	769	1424	0	1	1	1424
CY207738.1	775	1850	8	9	17	775
CY207738.1	777	1686	9	6	15	777
CY207738.1	796	1251	0	1	1	1251
CY207738.1	807	1943	1	0	1	807
CY207738.1	808	1840	8	6	14	808
CY207738.1	813	2053	1	0	1	813
CY207738.1	818	2350	0	1	1	2350
CY207738.1	822	2230	1	0	1	822
CY207738.1	826	2429	0	1	1	2429
CY207738.1	827	1720	1	0	1	827
CY207738.1	851	1740	1	0	1	851
CY207738.1	865	1762	12	11	23	865
CY207738.1	870	2204	4	8	12	870
CY207738.1	880	1619	1	0	1	880
CY207738.1	896	1101	3	1	4	896
CY207738.1	897	1993	2	0	2	897
CY207738.1	898	1634	1	0	1	898
CY207738.1	900	1643	6	13	19	900
CY207738.1	900	1996	15	28	43	900
CY207738.1	906	2448	0	1	1	2448
CY207738.1	910	2325	1	0	1	910
CY207738.1	916	2008	0	2	2	2008
CY207738.1	922	1104	0	1	1	1104
CY207738.1	933	1728	11	4	15	933
CY207738.1	964	1648	2	0	2	964
CY207738.1	967	1309	1	0	1	967
CY207738.1	979	1754	0	1	1	1754
