Segment	Start	Stop	Forward_support	Reverse_support	Total_support	Fuzz_factor
CY207731.1	1014	1667	1	0	1	1014
CY207731.1	1016	1703	0	2	2	1703
CY207731.1	1018	1385	1	0	1	1018
CY207731.1	1020	1718	1	0	1	1020
CY207731.1	1022	1070	0	2	2	1070
CY207731.1	1023	1250	0	1	1	1250
CY207731.1	1026	1483	1	0	1	1026
CY207731.1	1034	1659	1	0	1	1034
CY207731.1	1054	1347	1	0	1	1054
CY207731.1	1060	1284	1	0	1	1060
CY207731.1	1063	1087	0	1	1	1087
CY207731.1	1066	1152	1	0	1	1066
CY207731.1	1066	1357	1	0	1	1066
CY207731.1	1068	1438	1	0	1	1068
CY207731.1	1086	1772	0	1	1	1772
CY207731.1	1154	1540	1	0	1	1154
CY207731.1	1158	1417	1	0	1	1158
CY207731.1	1175	1821	1	0	1	1175
CY207731.1	1185	1244	0	1	1	1244
CY207731.1	1200	1668	1	0	1	1200
CY207731.1	1211	1283	1	1	2	1211
CY207731.1	1264	1350	1	0	1	1264
CY207731.1	1267	1341	2	1	3	1267
CY207731.1	1301	1524	0	1	1	1524
CY207731.1	1304	1326	0	1	1	1326
CY207731.1	1309	1772	1	0	1	1309
CY207731.1	1311	1720	0	1	1	1720
CY207731.1	1334	1557	1	0	1	1334
CY207731.1	1351	1759	0	1	1	1759
CY207731.1	1356	1647	1	0	1	1356
CY207731.1	1360	1911	0	1	1	1911
CY207731.1	1367	1566	0	1	1	1566
CY207731.1	1393	1907	0	1	1	1907
CY207731.1	1402	1528	1	0	1	1402
CY207731.1	1447	1786	1	0	1	1447
CY207731.1	1452	1598	0	1	1	1598
CY207731.1	1462	1762	0	1	1	1762
CY207731.1	1521	1660	0	1	1	1660
CY207731.1	1553	1587	0	1	1	1587
CY207731.1	1557	1749	1	0	1	1557
CY207731.1	1566	1662	1	0	1	1566
CY207731.1	1570	1690	0	1	1	1690
CY207731.1	1610	1877	0	1	1	1877
CY207731.1	1690	1742	1	1	2	1690
CY207731.1	1701	1746	1	0	1	1701
CY207731.1	1706	1893	0	1	1	1893
CY207731.1	1731	1755	17	23	40	1731
CY207731.1	237	787	1	0	1	237
CY207731.1	251	1247	1	0	1	251
CY207731.1	252	1323	1	0	1	252
CY207731.1	262	354	4	0	4	262
CY207731.1	265	1687	6	0	6	265
CY207731.1	267	473	1	0	1	267
CY207731.1	269	1693	1	0	1	269
CY207731.1	284	558	1	1	2	284
CY207731.1	286	1144	1	0	1	286
CY207731.1	289	343	1	0	1	289
CY207731.1	289	594	1	0	1	289
CY207731.1	292	1736	1	0	1	292
CY207731.1	311	1696	6	6	12	311
CY207731.1	319	1705	1	0	1	319
CY207731.1	323	1423	0	1	1	1423
CY207731.1	333	416	0	1	1	416
CY207731.1	337	1870	0	1	1	1870
CY207731.1	349	1693	2	1	3	349
CY207731.1	361	789	1	1	2	361
CY207731.1	366	1600	0	1	1	1600
CY207731.1	368	428	1	0	1	368
CY207731.1	369	1694	0	1	1	1694
CY207731.1	369	537	1	0	1	369
CY207731.1	381	840	0	1	1	840
CY207731.1	391	792	1	0	1	391
CY207731.1	393	1130	0	1	1	1130
CY207731.1	393	1810	2	1	3	393
CY207731.1	397	854	0	1	1	854
CY207731.1	411	1394	1	0	1	411
CY207731.1	413	865	0	1	1	865
CY207731.1	417	1092	0	1	1	1092
CY207731.1	417	1228	1	0	1	417
CY207731.1	418	1560	0	3	3	1560
CY207731.1	422	1422	1	0	1	422
CY207731.1	422	780	0	1	1	780
CY207731.1	424	1697	0	1	1	1697
CY207731.1	433	1239	0	4	4	1239
CY207731.1	438	1163	0	1	1	1163
CY207731.1	438	1515	0	1	1	1515
CY207731.1	443	1039	0	1	1	1039
CY207731.1	445	1163	0	1	1	1163
CY207731.1	452	1717	0	1	1	1717
CY207731.1	453	1693	0	1	1	1693
CY207731.1	456	1106	0	1	1	1106
CY207731.1	459	1587	0	1	1	1587
CY207731.1	464	1887	0	1	1	1887
CY207731.1	467	563	1	0	1	467
CY207731.1	470	1020	0	1	1	1020
CY207731.1	471	780	1	0	1	471
CY207731.1	477	1022	0	1	1	1022
CY207731.1	477	1551	1	0	1	477
CY207731.1	477	971	1	0	1	477
CY207731.1	490	1138	1	0	1	490
CY207731.1	490	1368	0	1	1	1368
CY207731.1	491	1580	0	1	1	1580
CY207731.1	491	1633	0	1	1	1633
CY207731.1	499	1783	0	1	1	1783
CY207731.1	509	1893	0	1	1	1893
CY207731.1	519	1683	1	0	1	519
CY207731.1	527	1727	1	1	2	527
CY207731.1	528	1185	1	2	3	528
CY207731.1	550	1193	0	1	1	1193
CY207731.1	561	1018	1	0	1	561
CY207731.1	561	1357	1	0	1	561
CY207731.1	565	1641	4	2	6	565
CY207731.1	565	1654	0	1	1	1654
CY207731.1	565	968	0	1	1	968
CY207731.1	568	1204	0	2	2	1204
CY207731.1	569	1047	0	2	2	1047
CY207731.1	572	625	1	0	1	572
CY207731.1	574	1014	1	1	2	574
CY207731.1	574	1504	0	1	1	1504
CY207731.1	579	835	1	0	1	579
CY207731.1	589	1077	0	1	1	1077
CY207731.1	594	1217	0	1	1	1217
CY207731.1	594	1251	0	1	1	1251
CY207731.1	598	1121	1	0	1	598
CY207731.1	600	1494	1	0	1	600
CY207731.1	601	1831	1	0	1	601
CY207731.1	613	681	0	1	1	681
CY207731.1	620	1507	1	0	1	620
CY207731.1	627	1082	0	1	1	1082
CY207731.1	628	1191	1	0	1	628
CY207731.1	630	1635	0	1	1	1635
CY207731.1	633	914	1	0	1	633
CY207731.1	651	1081	0	1	1	1081
CY207731.1	658	980	1	0	1	658
CY207731.1	668	1640	1	0	1	668
CY207731.1	677	1642	1	0	1	677
CY207731.1	688	716	0	1	1	716
CY207731.1	698	806	0	1	1	806
CY207731.1	706	780	0	1	1	780
CY207731.1	708	1192	0	1	1	1192
CY207731.1	708	1193	0	1	1	1193
CY207731.1	716	1901	0	1	1	1901
CY207731.1	718	1392	0	1	1	1392
CY207731.1	721	1696	1	0	1	721
CY207731.1	734	1132	0	1	1	1132
CY207731.1	737	1304	0	1	1	1304
CY207731.1	758	1182	2	1	3	758
CY207731.1	778	1059	0	1	1	1059
CY207731.1	805	1244	3	4	7	805
CY207731.1	823	1609	1	0	1	823
CY207731.1	845	1521	2	0	2	845
CY207731.1	873	1271	0	1	1	1271
CY207731.1	877	1300	0	1	1	1300
CY207731.1	940	1523	1	0	1	940
CY207731.1	941	1197	1	0	1	941
CY207731.1	970	1660	1	0	1	970
CY207731.1	972	1479	0	1	1	1479
CY207731.1	974	1183	0	1	1	1183
CY207731.1	977	1619	0	1	1	1619
CY207731.1	984	1389	0	1	1	1389
CY207731.1	994	1873	0	1	1	1873
CY207731.1	996	1550	1	0	1	996
CY207731.1	998	1158	1	0	1	998
CY207732.1	1064	1124	1	0	1	1064
CY207732.1	251	953	1	0	1	251
CY207732.1	254	912	1	0	1	254
CY207732.1	267	985	1	0	1	267
CY207732.1	268	550	4	0	4	268
CY207732.1	275	848	6	0	6	275
CY207732.1	276	670	1	0	1	276
CY207732.1	282	943	1	0	1	282
CY207732.1	285	1085	1	0	1	285
CY207732.1	315	796	1	0	1	315
CY207732.1	321	802	2	0	2	321
CY207732.1	323	1012	0	1	1	1012
CY207732.1	334	689	0	1	1	689
CY207732.1	351	832	0	1	1	832
CY207732.1	358	840	0	1	1	840
CY207732.1	361	938	0	1	1	938
CY207732.1	368	652	0	1	1	652
CY207732.1	370	828	1	0	1	370
CY207732.1	379	685	0	1	1	685
CY207732.1	385	437	0	1	1	437
CY207732.1	388	532	0	1	1	532
CY207732.1	388	726	0	1	1	726
CY207732.1	393	586	0	1	1	586
CY207732.1	394	532	1	0	1	394
CY207732.1	394	981	1	0	1	394
CY207732.1	396	798	0	1	1	798
CY207732.1	418	548	1	2	3	418
CY207732.1	418	751	0	1	1	751
CY207732.1	419	706	0	3	3	706
CY207732.1	425	667	1	0	1	425
CY207732.1	429	519	0	1	1	519
CY207732.1	434	813	0	1	1	813
CY207732.1	445	863	1	3	4	445
CY207732.1	445	935	1	1	2	445
CY207732.1	448	672	0	2	2	672
CY207732.1	450	1009	0	1	1	1009
CY207732.1	453	533	0	1	1	533
CY207732.1	453	867	0	1	1	867
CY207732.1	454	917	0	1	1	917
CY207732.1	477	529	2	0	2	477
CY207732.1	477	873	1	0	1	477
CY207732.1	482	822	1	0	1	482
CY207732.1	486	834	0	2	2	834
CY207732.1	498	636	0	1	1	636
CY207732.1	500	1149	0	1	1	1149
CY207732.1	509	824	1	0	1	509
CY207732.1	509	914	1	0	1	509
CY207732.1	523	710	2	1	3	523
CY207732.1	528	910	0	1	1	910
CY207732.1	534	1173	0	1	1	1173
CY207732.1	545	1053	0	1	1	1053
CY207732.1	549	897	3	1	4	549
CY207732.1	558	981	0	1	1	981
CY207732.1	571	1070	0	1	1	1070
CY207732.1	579	601	0	1	1	601
CY207732.1	582	865	1	0	1	582
CY207732.1	587	662	1	1	2	587
CY207732.1	588	995	1	0	1	588
CY207732.1	589	862	3	1	4	589
CY207732.1	589	961	1	1	2	589
CY207732.1	590	616	0	1	1	616
CY207732.1	593	1023	1	0	1	593
CY207732.1	595	996	3	1	4	595
CY207732.1	605	777	0	1	1	777
CY207732.1	612	887	0	1	1	887
CY207732.1	629	676	1	0	1	629
CY207732.1	629	957	2	0	2	629
CY207732.1	679	815	5	4	9	679
CY207732.1	680	936	2	0	2	680
CY207732.1	681	964	1	0	1	681
CY207732.1	682	760	1	0	1	682
CY207732.1	685	839	1	2	3	685
CY207732.1	686	948	0	1	1	948
CY207732.1	688	954	0	1	1	954
CY207732.1	705	1016	1	0	1	705
CY207732.1	713	936	0	1	1	936
CY207732.1	715	965	1	2	3	715
CY207732.1	718	860	4	7	11	718
CY207732.1	759	859	0	1	1	859
CY207732.1	768	850	2	0	2	768
CY207732.1	782	820	1	0	1	782
CY207732.1	789	1075	0	1	1	1075
CY207732.1	789	950	1	0	1	789
CY207732.1	791	1164	0	1	1	1164
CY207732.1	792	862	2	2	4	792
CY207732.1	797	978	0	1	1	978
CY207732.1	800	937	1	0	1	800
CY207732.1	803	1034	1	1	2	803
CY207732.1	810	913	0	1	1	913
CY207732.1	810	980	0	1	1	980
CY207732.1	817	866	4	2	6	817
CY207732.1	818	863	2	1	3	818
CY207732.1	834	914	2	1	3	834
CY207732.1	849	898	1	0	1	849
CY207732.1	856	965	4	0	4	856
CY207732.1	862	962	1	1	2	862
CY207732.1	868	952	0	1	1	952
CY207732.1	880	948	0	1	1	948
CY207732.1	881	1012	1	0	1	881
CY207732.1	883	1016	1	0	1	883
CY207732.1	919	1132	0	1	1	1132
CY207732.1	955	1020	1	0	1	955
CY207733.1	1068	1435	0	1	1	1435
CY207733.1	1080	1473	0	1	1	1473
CY207733.1	1084	1463	1	0	1	1084
CY207733.1	1134	1160	1	0	1	1134
CY207733.1	1163	1293	1	0	1	1163
CY207733.1	1188	1337	1	0	1	1188
CY207733.1	1237	1337	0	1	1	1337
CY207733.1	1244	1273	0	1	1	1273
CY207733.1	1329	1580	0	1	1	1580
CY207733.1	1355	1454	0	1	1	1454
CY207733.1	1537	1565	4	0	4	1537
CY207733.1	267	1493	5	0	5	267
CY207733.1	276	1442	1	0	1	276
CY207733.1	283	549	1	0	1	283
CY207733.1	322	1391	1	0	1	322
CY207733.1	336	585	0	1	1	585
CY207733.1	349	507	0	1	1	507
CY207733.1	359	1426	1	0	1	359
CY207733.1	373	705	1	0	1	373
CY207733.1	381	411	0	1	1	411
CY207733.1	385	1265	0	1	1	1265
CY207733.1	430	1143	1	0	1	430
CY207733.1	447	1166	0	1	1	1166
CY207733.1	480	1219	1	0	1	480
CY207733.1	497	1208	0	1	1	1208
CY207733.1	502	1293	0	1	1	1293
CY207733.1	519	1172	1	0	1	519
CY207733.1	520	618	1	0	1	520
CY207733.1	529	1239	4	2	6	529
CY207733.1	538	920	0	1	1	920
CY207733.1	548	1147	0	2	2	1147
CY207733.1	579	1073	0	1	1	1073
CY207733.1	587	1526	0	1	1	1526
CY207733.1	589	1160	1	0	1	589
CY207733.1	620	1209	0	1	1	1209
CY207733.1	635	1133	0	1	1	1133
CY207733.1	637	1095	0	1	1	1095
CY207733.1	655	746	0	1	1	746
CY207733.1	675	1159	0	1	1	1159
CY207733.1	695	866	1	0	1	695
CY207733.1	753	1188	0	1	1	1188
CY207733.1	767	1142	0	1	1	1142
CY207733.1	804	1034	0	1	1	1034
CY207733.1	928	982	0	1	1	982
CY207733.1	935	1000	0	1	1	1000
CY207733.1	990	1212	0	1	1	1212
CY207734.1	1000	1167	1	0	1	1000
CY207734.1	1001	1370	0	1	1	1370
CY207734.1	1012	1084	1	1	2	1012
CY207734.1	1019	1361	0	1	1	1361
CY207734.1	1022	1314	0	1	1	1314
CY207734.1	1029	1093	0	1	1	1093
CY207734.1	1033	1695	0	1	1	1695
CY207734.1	1064	1379	1	0	1	1064
CY207734.1	1081	1188	0	1	1	1188
CY207734.1	1082	1144	1	0	1	1082
CY207734.1	1088	1148	0	1	1	1148
CY207734.1	1102	1452	1	0	1	1102
CY207734.1	1124	1188	0	1	1	1188
CY207734.1	1126	1233	1	0	1	1126
CY207734.1	1138	1494	0	1	1	1494
CY207734.1	1151	1271	1	0	1	1151
CY207734.1	1170	1276	0	1	1	1276
CY207734.1	1193	1250	0	1	1	1250
CY207734.1	1217	1385	0	1	1	1385
CY207734.1	1220	1510	1	1	2	1220
CY207734.1	1267	1584	1	0	1	1267
CY207734.1	1316	1340	0	1	1	1340
CY207734.1	1354	1378	0	1	1	1378
CY207734.1	1440	1533	1	0	1	1440
CY207734.1	1480	1624	0	1	1	1624
CY207734.1	1580	1697	0	2	2	1697
CY207734.1	1589	1695	0	1	1	1695
CY207734.1	267	517	1	0	1	267
CY207734.1	271	1217	1	0	1	271
CY207734.1	271	1584	1	0	1	271
CY207734.1	272	800	1	0	1	272
CY207734.1	276	1124	1	0	1	276
CY207734.1	280	778	1	0	1	280
CY207734.1	286	1590	1	0	1	286
CY207734.1	350	1586	1	0	1	350
CY207734.1	374	641	0	1	1	641
CY207734.1	380	1088	0	1	1	1088
CY207734.1	383	1227	0	1	1	1227
CY207734.1	387	884	1	0	1	387
CY207734.1	388	1034	0	1	1	1034
CY207734.1	389	1166	0	1	1	1166
CY207734.1	391	1581	0	1	1	1581
CY207734.1	393	1076	1	0	1	393
CY207734.1	419	497	0	1	1	497
CY207734.1	420	541	0	1	1	541
CY207734.1	427	579	0	1	1	579
CY207734.1	439	768	1	0	1	439
CY207734.1	440	860	0	1	1	860
CY207734.1	447	1340	0	1	1	1340
CY207734.1	450	1360	1	0	1	450
CY207734.1	457	1254	0	1	1	1254
CY207734.1	465	616	1	0	1	465
CY207734.1	471	1438	0	1	1	1438
CY207734.1	472	1480	18	38	56	472
CY207734.1	483	1170	0	1	1	1170
CY207734.1	485	1617	0	1	1	1617
CY207734.1	518	930	1	0	1	518
CY207734.1	521	1299	1	0	1	521
CY207734.1	521	841	4	2	6	521
CY207734.1	523	1509	1	0	1	523
CY207734.1	524	1411	0	2	2	1411
CY207734.1	526	1412	4	1	5	526
CY207734.1	527	1499	0	2	2	1499
CY207734.1	534	1385	0	1	1	1385
CY207734.1	542	1205	1	0	1	542
CY207734.1	545	664	1	0	1	545
CY207734.1	546	974	1	0	1	546
CY207734.1	554	1187	0	1	1	1187
CY207734.1	557	773	0	1	1	773
CY207734.1	568	1138	1	0	1	568
CY207734.1	574	935	0	1	1	935
CY207734.1	582	1490	0	1	1	1490
CY207734.1	590	1041	0	1	1	1041
CY207734.1	625	1269	0	1	1	1269
CY207734.1	634	1453	1	0	1	634
CY207734.1	662	1043	1	0	1	662
CY207734.1	662	1139	1	0	1	662
CY207734.1	673	907	1	0	1	673
CY207734.1	695	1269	0	1	1	1269
CY207734.1	696	1126	0	1	1	1126
CY207734.1	698	979	1	0	1	698
CY207734.1	699	1501	1	0	1	699
CY207734.1	703	1495	0	1	1	1495
CY207734.1	713	821	2	0	2	713
CY207734.1	745	1452	1	0	1	745
CY207734.1	746	1306	1	0	1	746
CY207734.1	757	1302	0	1	1	1302
CY207734.1	767	1194	1	0	1	767
CY207734.1	773	861	0	1	1	861
CY207734.1	810	1135	1	0	1	810
CY207734.1	815	1232	0	2	2	1232
CY207734.1	829	1395	1	0	1	829
CY207734.1	830	1368	1	0	1	830
CY207734.1	830	957	1	0	1	830
CY207734.1	843	1698	0	3	3	1698
CY207734.1	866	1044	0	1	1	1044
CY207734.1	892	1489	1	0	1	892
CY207734.1	898	1227	0	1	1	1227
CY207734.1	924	1713	0	1	1	1713
CY207734.1	951	1373	4	1	5	951
CY207734.1	957	998	0	1	1	998
CY207734.1	962	1048	1	0	1	962
CY207734.1	971	1042	0	1	1	1042
CY207734.1	981	1397	0	1	1	1397
CY207734.1	997	1363	1	0	1	997
CY207734.1	998	1473	1	0	1	998
CY207735.1	287	864	6	0	6	287
CY207735.1	373	757	1	0	1	373
CY207735.1	395	675	1	0	1	395
CY207735.1	436	918	0	1	1	918
CY207735.1	499	729	3	0	3	499
CY207735.1	511	740	29	57	86	511
CY207735.1	519	746	0	9	9	746
CY207735.1	563	863	0	1	1	863
CY207735.1	844	1036	0	14	14	1036
CY207736.1	1003	1579	1	0	1	1003
CY207736.1	1003	1725	3	1	4	1003
CY207736.1	1015	1841	0	1	1	1841
CY207736.1	1020	2247	1	0	1	1020
CY207736.1	1033	2044	0	1	1	2044
CY207736.1	1033	2338	0	1	1	2338
CY207736.1	1034	1598	0	1	1	1598
CY207736.1	1039	1095	0	1	1	1095
CY207736.1	1067	1442	1	0	1	1067
CY207736.1	1068	2147	0	1	1	2147
CY207736.1	1071	1978	1	3	4	1071
CY207736.1	1072	1166	1	0	1	1072
CY207736.1	1073	2355	0	2	2	2355
CY207736.1	1083	1580	3	2	5	1083
CY207736.1	1085	2059	0	1	1	2059
CY207736.1	1091	1528	1	0	1	1091
CY207736.1	1095	2005	8	3	11	1095
CY207736.1	1097	1652	1	1	2	1097
CY207736.1	1099	1306	0	1	1	1306
CY207736.1	1100	2013	0	1	1	2013
CY207736.1	1102	1359	0	1	1	1359
CY207736.1	1103	2272	1	0	1	1103
CY207736.1	1108	1686	0	1	1	1686
CY207736.1	1109	2020	0	1	1	2020
CY207736.1	1117	1222	0	1	1	1222
CY207736.1	1119	1962	0	1	1	1962
CY207736.1	1124	2034	0	1	1	2034
CY207736.1	1150	2247	1	0	1	1150
CY207736.1	1162	1980	0	1	1	1980
CY207736.1	1163	2029	0	1	1	2029
CY207736.1	1172	1671	0	1	1	1671
CY207736.1	1180	2255	0	1	1	2255
CY207736.1	1209	1957	1	2	3	1209
CY207736.1	1218	2072	1	0	1	1218
CY207736.1	1221	2255	1	0	1	1221
CY207736.1	1240	2035	0	1	1	2035
CY207736.1	1244	1531	1	0	1	1244
CY207736.1	1255	2354	0	1	1	2354
CY207736.1	1258	1647	2	2	4	1258
CY207736.1	1265	1925	1	0	1	1265
CY207736.1	1275	1316	1	0	1	1275
CY207736.1	1276	2297	0	1	1	2297
CY207736.1	1281	2153	1	0	1	1281
CY207736.1	1311	1505	0	1	1	1505
CY207736.1	1332	2272	0	2	2	2272
CY207736.1	1341	1933	0	1	1	1933
CY207736.1	1352	1607	1	0	1	1352
CY207736.1	1358	1823	1	0	1	1358
CY207736.1	1359	1387	0	1	1	1387
CY207736.1	1362	1449	0	1	1	1449
CY207736.1	1383	1590	0	1	1	1590
CY207736.1	1388	1607	1	0	1	1388
CY207736.1	1391	2246	1	0	1	1391
CY207736.1	1432	1976	0	1	1	1976
CY207736.1	1462	1900	0	2	2	1900
CY207736.1	1512	2296	0	2	2	2296
CY207736.1	1544	2007	1	0	1	1544
CY207736.1	1548	1628	0	1	1	1628
CY207736.1	1566	1995	4	6	10	1566
CY207736.1	1567	2204	0	1	1	2204
CY207736.1	1581	2134	0	1	1	2134
CY207736.1	1584	2138	1	0	1	1584
CY207736.1	1593	1971	1	0	1	1593
CY207736.1	1599	1694	1	0	1	1599
CY207736.1	1600	2216	0	1	1	2216
CY207736.1	1604	1635	1	0	1	1604
CY207736.1	1608	2248	0	1	1	2248
CY207736.1	1635	1661	0	1	1	1661
CY207736.1	1650	2290	0	2	2	2290
CY207736.1	1694	1723	0	1	1	1723
CY207736.1	1735	2166	0	1	1	2166
CY207736.1	1741	1965	0	1	1	1965
CY207736.1	1758	1898	1	0	1	1758
CY207736.1	1780	2003	0	1	1	2003
CY207736.1	1785	1918	3	1	4	1785
CY207736.1	1789	2006	1	2	3	1789
CY207736.1	1796	2055	0	1	1	2055
CY207736.1	1824	1895	1	0	1	1824
CY207736.1	1838	1864	0	1	1	1864
CY207736.1	1854	1891	1	1	2	1854
CY207736.1	1868	2029	1	0	1	1868
CY207736.1	1869	1918	0	1	1	1918
CY207736.1	1869	2218	0	1	1	2218
CY207736.1	1884	2377	0	1	1	2377
CY207736.1	2013	2074	1	0	1	2013
CY207736.1	2086	2137	1	0	1	2086
CY207736.1	2129	2182	4	5	9	2129
CY207736.1	2132	2213	2	1	3	2132
CY207736.1	2221	2293	0	4	4	2293
CY207736.1	2221	2350	0	1	1	2350
CY207736.1	2249	2272	0	1	1	2272
CY207736.1	236	1713	1	0	1	236
CY207736.1	244	1858	1	0	1	244
CY207736.1	247	1499	4	0	4	247
CY207736.1	263	878	1	0	1	263
CY207736.1	277	571	1	0	1	277
CY207736.1	282	490	2	0	2	282
CY207736.1	286	1713	1	0	1	286
CY207736.1	289	2002	1	0	1	289
CY207736.1	289	767	1	0	1	289
CY207736.1	291	2078	1	0	1	291
CY207736.1	333	2256	0	2	2	2256
CY207736.1	334	2011	0	2	2	2011
CY207736.1	334	2259	0	1	1	2259
CY207736.1	335	2224	1	2	3	335
CY207736.1	336	1401	1	0	1	336
CY207736.1	340	1349	1	0	1	340
CY207736.1	360	396	84	119	203	360
CY207736.1	361	397	0	1	1	397
CY207736.1	385	2063	0	6	6	2063
CY207736.1	400	1831	0	1	1	1831
CY207736.1	403	455	1	0	1	403
CY207736.1	408	2151	3	16	19	408
CY207736.1	416	2105	3	13	16	416
CY207736.1	431	913	1	0	1	431
CY207736.1	436	2141	1	7	8	436
CY207736.1	439	2031	0	2	2	2031
CY207736.1	451	1393	3	0	3	451
CY207736.1	455	2208	1	0	1	455
CY207736.1	493	2043	0	1	1	2043
CY207736.1	497	539	2	0	2	497
CY207736.1	499	534	1	0	1	499
CY207736.1	507	1323	1	0	1	507
CY207736.1	511	547	141	47	188	511
CY207736.1	512	2028	5	1	6	512
CY207736.1	518	1509	2	2	4	518
CY207736.1	527	566	0	1	1	566
CY207736.1	537	2215	0	1	1	2215
CY207736.1	538	1941	2	0	2	538
CY207736.1	544	869	1	0	1	544
CY207736.1	548	1985	1	0	1	548
CY207736.1	552	2011	1	0	1	552
CY207736.1	557	1543	0	1	1	1543
CY207736.1	559	1924	1	0	1	559
CY207736.1	564	2035	0	1	1	2035
CY207736.1	565	1968	0	1	1	1968
CY207736.1	566	1008	0	1	1	1008
CY207736.1	569	1789	1	0	1	569
CY207736.1	569	2175	1	0	1	569
CY207736.1	575	1937	1	0	1	575
CY207736.1	576	1868	1	0	1	576
CY207736.1	576	750	1	0	1	576
CY207736.1	586	2105	1	0	1	586
CY207736.1	592	1700	0	1	1	1700
CY207736.1	594	1578	0	1	1	1578
CY207736.1	595	921	0	1	1	921
CY207736.1	608	1864	1	0	1	608
CY207736.1	616	1670	1	0	1	616
CY207736.1	616	1870	9	1	10	616
CY207736.1	616	644	0	1	1	644
CY207736.1	623	1391	1	0	1	623
CY207736.1	624	697	2	1	3	624
CY207736.1	626	1535	0	1	1	1535
CY207736.1	627	1889	0	1	1	1889
CY207736.1	636	1872	2	1	3	636
CY207736.1	640	1867	1	0	1	640
CY207736.1	641	1299	1	0	1	641
CY207736.1	666	1002	3	1	4	666
CY207736.1	672	1824	1	0	1	672
CY207736.1	673	1987	0	1	1	1987
CY207736.1	674	1843	2	0	2	674
CY207736.1	676	1833	1	0	1	676
CY207736.1	676	1887	44	31	75	676
CY207736.1	677	1242	1	0	1	677
CY207736.1	677	1429	1	0	1	677
CY207736.1	678	1889	0	2	2	1889
CY207736.1	678	1955	3	2	5	678
CY207736.1	679	1835	5	0	5	679
CY207736.1	680	2168	0	1	1	2168
CY207736.1	686	1796	1	0	1	686
CY207736.1	687	1880	1	0	1	687
CY207736.1	688	1900	0	2	2	1900
CY207736.1	689	1888	2	3	5	689
CY207736.1	689	1890	2	1	3	689
CY207736.1	695	1938	0	2	2	1938
CY207736.1	696	1126	1	0	1	696
CY207736.1	699	1691	3	2	5	699
CY207736.1	699	1995	9	11	20	699
CY207736.1	706	1842	1	0	1	706
CY207736.1	707	1988	1	0	1	707
CY207736.1	715	1853	1	0	1	715
CY207736.1	716	1789	0	1	1	1789
CY207736.1	716	811	1	1	2	716
CY207736.1	717	2296	0	2	2	2296
CY207736.1	718	1759	1	0	1	718
CY207736.1	723	1994	7	4	11	723
CY207736.1	724	1862	229	179	408	724
CY207736.1	725	1863	1	5	6	725
CY207736.1	727	1844	2	0	2	727
CY207736.1	728	2279	1	1	2	728
CY207736.1	729	1813	2	5	7	729
CY207736.1	736	1890	0	8	8	1890
CY207736.1	736	1924	0	1	1	1924
CY207736.1	736	2012	5	5	10	736
CY207736.1	737	1944	0	1	1	1944
CY207736.1	754	1883	1	0	1	754
CY207736.1	757	1854	1	0	1	757
CY207736.1	759	1856	14	2	16	759
CY207736.1	767	1952	7	2	9	767
CY207736.1	769	2080	1	1	2	769
CY207736.1	770	1840	13	3	16	770
CY207736.1	771	1498	1	0	1	771
CY207736.1	777	1919	3	2	5	777
CY207736.1	779	1887	0	1	1	1887
CY207736.1	779	1900	0	2	2	1900
CY207736.1	781	950	0	1	1	950
CY207736.1	793	2264	0	1	1	2264
CY207736.1	802	2234	1	0	1	802
CY207736.1	811	2375	0	1	1	2375
CY207736.1	826	1143	1	0	1	826
CY207736.1	837	904	1	0	1	837
CY207736.1	840	1781	0	1	1	1781
CY207736.1	851	1667	2	1	3	851
CY207736.1	853	1725	3	1	4	853
CY207736.1	865	1495	1	0	1	865
CY207736.1	871	916	1	0	1	871
CY207736.1	879	1643	0	2	2	1643
CY207736.1	886	933	1	1	2	886
CY207736.1	897	2302	0	1	1	2302
CY207736.1	899	1178	1	0	1	899
CY207736.1	901	1470	0	1	1	1470
CY207736.1	913	1035	1	0	1	913
CY207736.1	917	1273	1	0	1	917
CY207736.1	918	1586	1	0	1	918
CY207736.1	921	1654	0	1	1	1654
CY207736.1	925	1194	1	0	1	925
CY207736.1	934	1565	0	1	1	1565
CY207736.1	946	2365	0	1	1	2365
CY207736.1	950	1126	0	1	1	1126
CY207736.1	951	1566	1	0	1	951
CY207736.1	960	2362	0	1	1	2362
CY207736.1	962	1552	0	1	1	1552
CY207736.1	989	2048	1	0	1	989
CY207736.1	996	2176	1	0	1	996
CY207737.1	1014	1572	0	1	1	1572
CY207737.1	1023	1124	0	1	1	1124
CY207737.1	1026	2134	1	0	1	1026
CY207737.1	1036	1694	1	1	2	1036
CY207737.1	1045	1730	0	1	1	1730
CY207737.1	1071	1619	0	1	1	1619
CY207737.1	1108	2359	0	1	1	2359
CY207737.1	1117	1927	1	0	1	1117
CY207737.1	1132	1499	1	0	1	1132
CY207737.1	1172	1235	1	0	1	1172
CY207737.1	1176	1541	0	1	1	1541
CY207737.1	1282	2340	0	1	1	2340
CY207737.1	1292	2310	3	1	4	1292
CY207737.1	1300	1413	0	1	1	1413
CY207737.1	1308	2053	1	0	1	1308
CY207737.1	1368	1494	1	0	1	1368
CY207737.1	1383	1915	1	0	1	1383
CY207737.1	1387	2270	1	1	2	1387
CY207737.1	1389	2116	0	1	1	2116
CY207737.1	1412	1575	0	1	1	1575
CY207737.1	1413	1999	1	0	1	1413
CY207737.1	1428	2270	1	0	1	1428
CY207737.1	1446	1565	0	1	1	1565
CY207737.1	1464	2085	0	1	1	2085
CY207737.1	1497	1810	0	1	1	1810
CY207737.1	1508	1754	0	1	1	1754
CY207737.1	1533	1728	0	1	1	1728
CY207737.1	1550	1706	0	1	1	1706
CY207737.1	1568	1650	0	1	1	1650
CY207737.1	1591	2003	0	2	2	2003
CY207737.1	1606	1760	0	1	1	1760
CY207737.1	1607	2023	1	0	1	1607
CY207737.1	1626	1908	1	0	1	1626
CY207737.1	1637	2332	0	1	1	2332
CY207737.1	1663	1992	0	1	1	1992
CY207737.1	1681	1779	0	1	1	1779
CY207737.1	1681	2151	1	0	1	1681
CY207737.1	1686	1734	0	1	1	1734
CY207737.1	1686	2050	1	0	1	1686
CY207737.1	1717	2099	1	0	1	1717
CY207737.1	1741	1797	0	1	1	1797
CY207737.1	1754	2251	0	1	1	2251
CY207737.1	1779	1917	1	0	1	1779
CY207737.1	1890	2404	0	1	1	2404
CY207737.1	1981	2019	0	1	1	2019
CY207737.1	2065	2193	0	1	1	2193
CY207737.1	2127	2251	1	0	1	2127
CY207737.1	2357	2463	0	1	1	2463
CY207737.1	240	290	8	0	8	240
CY207737.1	2413	2450	0	2	2	2450
CY207737.1	2414	2450	1	4	5	2414
CY207737.1	244	2461	1	0	1	244
CY207737.1	281	1524	1	0	1	281
CY207737.1	328	2336	1	0	1	328
CY207737.1	344	1107	1	0	1	344
CY207737.1	350	2301	1	0	1	350
CY207737.1	351	2081	0	1	1	2081
CY207737.1	374	1109	0	1	1	1109
CY207737.1	399	2246	5	0	5	399
CY207737.1	404	1131	1	3	4	404
CY207737.1	425	1278	0	1	1	1278
CY207737.1	429	2193	1	0	1	429
CY207737.1	437	2206	0	2	2	2206
CY207737.1	447	590	1	0	1	447
CY207737.1	461	2218	2	2	4	461
CY207737.1	463	2093	1	0	1	463
CY207737.1	473	2303	2	5	7	473
CY207737.1	476	2093	2	3	5	476
CY207737.1	477	1271	3	4	7	477
CY207737.1	482	1695	1	0	1	482
CY207737.1	486	1244	0	1	1	1244
CY207737.1	512	1532	1	0	1	512
CY207737.1	519	2363	1	0	1	519
CY207737.1	549	2151	0	1	1	2151
CY207737.1	557	1290	1	0	1	557
CY207737.1	567	1526	1	0	1	567
CY207737.1	572	2359	0	1	1	2359
CY207737.1	574	2199	3	0	3	574
CY207737.1	575	1532	1	0	1	575
CY207737.1	583	1929	1	0	1	583
CY207737.1	610	2039	0	2	2	2039
CY207737.1	611	1757	3	0	3	611
CY207737.1	626	2232	2	5	7	626
CY207737.1	632	1884	1	0	1	632
CY207737.1	639	1846	0	1	1	1846
CY207737.1	648	1985	0	1	1	1985
CY207737.1	650	2047	1	0	1	650
CY207737.1	681	1444	0	1	1	1444
CY207737.1	683	1947	0	1	1	1947
CY207737.1	685	1815	1	0	1	685
CY207737.1	686	2091	1	0	1	686
CY207737.1	702	1052	0	1	1	1052
CY207737.1	715	2451	0	1	1	2451
CY207737.1	719	1306	0	1	1	1306
CY207737.1	726	975	0	1	1	975
CY207737.1	727	1987	0	1	1	1987
CY207737.1	728	1326	0	1	1	1326
CY207737.1	786	1952	3	0	3	786
CY207737.1	788	1292	1	0	1	788
CY207737.1	795	1960	1	0	1	795
CY207737.1	803	1650	0	1	1	1650
CY207737.1	807	904	0	1	1	904
CY207737.1	849	873	1	0	1	849
CY207737.1	851	2156	0	1	1	2156
CY207737.1	864	2067	1	0	1	864
CY207737.1	892	1745	0	1	1	1745
CY207737.1	893	1597	1	1	2	893
CY207737.1	910	1924	0	1	1	1924
CY207737.1	914	1565	1	0	1	914
CY207737.1	929	1854	3	2	5	929
CY207737.1	937	1859	2	0	2	937
CY207737.1	940	1082	1	0	1	940
CY207737.1	942	1832	1	0	1	942
CY207737.1	950	1560	1	0	1	950
CY207737.1	967	1446	1	0	1	967
CY207737.1	999	1891	0	1	1	1891
CY207737.1	999	2273	0	1	1	2273
CY207738.1	1009	1540	1	0	1	1009
CY207738.1	1011	1557	1	0	1	1011
CY207738.1	1011	2171	0	1	1	2171
CY207738.1	1012	2309	1	0	1	1012
CY207738.1	1041	1134	0	1	1	1134
CY207738.1	1062	2248	1	4	5	1062
CY207738.1	1066	1571	0	1	1	1571
CY207738.1	1069	2256	0	1	1	2256
CY207738.1	1106	1823	0	1	1	1823
CY207738.1	1108	1286	1	0	1	1108
CY207738.1	1117	1259	1	0	1	1117
CY207738.1	1124	2330	1	0	1	1124
CY207738.1	1125	2016	1	1	2	1125
CY207738.1	1140	1166	1	0	1	1140
CY207738.1	1149	1881	1	0	1	1149
CY207738.1	1179	1925	1	1	2	1179
CY207738.1	1196	1749	1	0	1	1196
CY207738.1	1199	2486	0	1	1	2486
CY207738.1	1202	2004	2	0	2	1202
CY207738.1	1207	2377	1	0	1	1207
CY207738.1	1220	1794	1	1	2	1220
CY207738.1	1228	1647	0	1	1	1647
CY207738.1	1288	1658	0	1	1	1658
CY207738.1	1288	1736	0	1	1	1736
CY207738.1	1289	1662	2	1	3	1289
CY207738.1	1295	1829	0	1	1	1829
CY207738.1	1300	1675	1	0	1	1300
CY207738.1	1301	1330	0	1	1	1330
CY207738.1	1321	1718	1	0	1	1321
CY207738.1	1367	1554	1	0	1	1367
CY207738.1	1390	2300	1	0	1	1390
CY207738.1	1392	2099	0	1	1	2099
CY207738.1	1429	2032	0	1	1	2032
CY207738.1	1451	2182	0	1	1	2182
CY207738.1	1485	1891	0	1	1	1891
CY207738.1	1530	2232	1	0	1	1530
CY207738.1	1539	2023	0	1	1	2023
CY207738.1	1571	1610	1	0	1	1571
CY207738.1	1571	2175	1	1	2	1571
CY207738.1	1607	2125	0	1	1	2125
CY207738.1	1625	2074	0	1	1	2074
CY207738.1	1630	2113	0	1	1	2113
CY207738.1	1655	1891	1	1	2	1655
CY207738.1	1702	2147	1	0	1	1702
CY207738.1	1703	2303	0	1	1	2303
CY207738.1	1726	1860	1	0	1	1726
CY207738.1	1748	2078	0	1	1	2078
CY207738.1	1751	2219	0	1	1	2219
CY207738.1	1768	2186	0	2	2	2186
CY207738.1	1791	2468	0	1	1	2468
CY207738.1	1806	2462	0	1	1	2462
CY207738.1	1807	2127	0	1	1	2127
CY207738.1	1898	1993	1	1	2	1898
CY207738.1	1923	2236	0	1	1	2236
CY207738.1	2006	2247	1	0	1	2006
CY207738.1	2073	2144	0	1	1	2144
CY207738.1	2206	2470	0	1	1	2470
CY207738.1	2218	2391	0	1	1	2391
CY207738.1	2256	2326	2	0	2	2256
CY207738.1	235	1286	1	0	1	235
CY207738.1	254	1463	1	0	1	254
CY207738.1	270	861	1	0	1	270
CY207738.1	281	1561	1	0	1	281
CY207738.1	306	2372	2	2	4	306
CY207738.1	318	1935	1	0	1	318
CY207738.1	324	1784	1	0	1	324
CY207738.1	336	902	0	1	1	902
CY207738.1	346	2235	1	0	1	346
CY207738.1	365	1794	0	1	1	1794
CY207738.1	365	1819	0	3	3	1819
CY207738.1	367	2234	4	9	13	367
CY207738.1	367	2313	5	4	9	367
CY207738.1	369	2237	2	4	6	369
CY207738.1	376	1798	0	1	1	1798
CY207738.1	386	703	0	1	1	703
CY207738.1	390	1051	0	1	1	1051
CY207738.1	396	2342	0	1	1	2342
CY207738.1	407	1037	1	0	1	407
CY207738.1	415	1573	1	0	1	415
CY207738.1	415	714	1	0	1	415
CY207738.1	427	2003	1	0	1	427
CY207738.1	431	1701	0	1	1	1701
CY207738.1	436	2283	0	2	2	2283
CY207738.1	436	840	0	1	1	840
CY207738.1	439	2360	0	1	1	2360
CY207738.1	453	1521	1	0	1	453
CY207738.1	453	567	0	1	1	567
CY207738.1	456	658	1	0	1	456
CY207738.1	460	1291	0	1	1	1291
CY207738.1	463	2266	1	2	3	463
CY207738.1	466	2210	2	3	5	466
CY207738.1	474	1259	1	0	1	474
CY207738.1	479	1884	0	1	1	1884
CY207738.1	481	2342	1	0	1	481
CY207738.1	483	1172	1	0	1	483
CY207738.1	484	2243	1	0	1	484
CY207738.1	485	621	1	0	1	485
CY207738.1	485	793	1	0	1	485
CY207738.1	495	2425	1	0	1	495
CY207738.1	498	1490	0	1	1	1490
CY207738.1	516	1673	1	0	1	516
CY207738.1	544	2071	3	8	11	544
CY207738.1	545	2098	0	1	1	2098
CY207738.1	546	1651	0	1	1	1651
CY207738.1	546	2094	1	1	2	546
CY207738.1	552	2260	0	1	1	2260
CY207738.1	566	629	0	1	1	629
CY207738.1	568	2057	2	3	5	568
CY207738.1	575	2132	0	6	6	2132
CY207738.1	584	2272	1	0	1	584
CY207738.1	595	2145	0	1	1	2145
CY207738.1	605	1422	1	0	1	605
CY207738.1	605	1678	0	1	1	1678
CY207738.1	612	1617	1	0	1	612
CY207738.1	631	1991	1	0	1	631
CY207738.1	635	2041	0	1	1	2041
CY207738.1	636	1957	0	1	1	1957
CY207738.1	646	1939	1	3	4	646
CY207738.1	664	2015	0	1	1	2015
CY207738.1	667	1526	1	0	1	667
CY207738.1	671	2207	0	1	1	2207
CY207738.1	675	2155	0	1	1	2155
CY207738.1	696	821	1	0	1	696
CY207738.1	711	971	0	1	1	971
CY207738.1	725	1126	0	1	1	1126
CY207738.1	730	1846	1	0	1	730
CY207738.1	740	1709	1	0	1	740
CY207738.1	742	851	0	1	1	851
CY207738.1	764	2339	1	0	1	764
CY207738.1	776	1914	0	3	3	1914
CY207738.1	782	1288	0	1	1	1288
CY207738.1	786	2416	1	0	1	786
CY207738.1	795	1841	0	1	1	1841
CY207738.1	797	2325	1	0	1	797
CY207738.1	797	2332	2	0	2	797
CY207738.1	802	2189	1	5	6	802
CY207738.1	802	954	1	0	1	802
CY207738.1	809	1915	1	0	1	809
CY207738.1	810	2080	0	1	1	2080
CY207738.1	816	1840	0	1	1	1840
CY207738.1	821	1767	3	1	4	821
CY207738.1	824	1971	2	1	3	824
CY207738.1	824	925	0	1	1	925
CY207738.1	836	1911	0	2	2	1911
CY207738.1	839	1809	46	19	65	839
CY207738.1	840	2108	0	1	1	2108
CY207738.1	849	2037	0	2	2	2037
CY207738.1	851	1649	0	1	1	1649
CY207738.1	853	1146	1	0	1	853
CY207738.1	858	1708	2	0	2	858
CY207738.1	883	2153	1	0	1	883
CY207738.1	896	1101	0	1	1	1101
CY207738.1	903	1792	0	1	1	1792
CY207738.1	904	1428	1	0	1	904
CY207738.1	905	1216	1	0	1	905
CY207738.1	905	1697	4	3	7	905
CY207738.1	911	1280	1	0	1	911
CY207738.1	913	1598	1	0	1	913
CY207738.1	913	1979	1	0	1	913
CY207738.1	917	1747	3	0	3	917
CY207738.1	921	1549	1	0	1	921
CY207738.1	924	1048	0	1	1	1048
CY207738.1	924	1780	0	2	2	1780
CY207738.1	929	1188	0	1	1	1188
CY207738.1	936	2395	0	1	1	2395
CY207738.1	947	1634	0	1	1	1634
CY207738.1	975	2146	1	2	3	975
CY207738.1	981	1874	1	0	1	981
CY207738.1	992	1358	1	0	1	992
