Segment	Start	Stop	Forward_support	Reverse_support	Total_support	Fuzz_factor
CY207731.1	1000	1639	1	0	1	1000
CY207731.1	1007	1653	1	0	1	1007
CY207731.1	1046	1732	1	0	1	1046
CY207731.1	1101	1451	0	1	1	1451
CY207731.1	1139	1336	1	0	1	1139
CY207731.1	1224	1355	0	1	1	1355
CY207731.1	1267	1341	0	2	2	1341
CY207731.1	1304	1326	1	1	2	1304
CY207731.1	1349	1474	0	3	3	1474
CY207731.1	1357	1416	1	3	4	1357
CY207731.1	1407	1904	0	1	1	1904
CY207731.1	1443	1549	0	2	2	1549
CY207731.1	1578	1643	0	1	1	1643
CY207731.1	1579	1759	0	1	1	1759
CY207731.1	1598	1735	0	1	1	1735
CY207731.1	1650	1673	2	0	2	1650
CY207731.1	1654	1798	1	0	1	1654
CY207731.1	255	1676	1	0	1	255
CY207731.1	262	1702	1	0	1	262
CY207731.1	285	1318	1	0	1	285
CY207731.1	287	1735	22	2	24	287
CY207731.1	289	1152	1	0	1	289
CY207731.1	356	436	0	1	1	436
CY207731.1	369	553	0	1	1	553
CY207731.1	376	547	1	0	1	376
CY207731.1	393	701	0	1	1	701
CY207731.1	417	613	0	1	1	613
CY207731.1	424	1692	1	0	1	424
CY207731.1	425	665	0	1	1	665
CY207731.1	437	1235	0	1	1	1235
CY207731.1	447	1593	1	2	3	447
CY207731.1	450	868	0	1	1	868
CY207731.1	451	507	0	1	1	507
CY207731.1	460	892	1	0	1	460
CY207731.1	465	684	1	0	1	465
CY207731.1	503	1748	0	1	1	1748
CY207731.1	506	781	1	0	1	506
CY207731.1	507	1001	0	1	1	1001
CY207731.1	527	1727	0	1	1	1727
CY207731.1	529	1221	1	0	1	529
CY207731.1	533	1725	0	1	1	1725
CY207731.1	547	1304	0	1	1	1304
CY207731.1	566	601	0	1	1	601
CY207731.1	566	658	1	0	1	566
CY207731.1	569	1047	1	0	1	569
CY207731.1	584	617	0	1	1	617
CY207731.1	595	1862	1	0	1	595
CY207731.1	606	1245	1	0	1	606
CY207731.1	632	734	1	0	1	632
CY207731.1	639	1140	1	0	1	639
CY207731.1	641	1155	0	1	1	1155
CY207731.1	644	885	0	1	1	885
CY207731.1	663	1143	0	1	1	1143
CY207731.1	751	1441	0	1	1	1441
CY207731.1	754	1685	1	0	1	754
CY207731.1	835	865	0	1	1	865
CY207731.1	907	1717	1	0	1	907
CY207731.1	911	1027	1	0	1	911
CY207731.1	958	1874	0	1	1	1874
CY207732.1	266	1047	1	0	1	266
CY207732.1	272	937	1	0	1	272
CY207732.1	273	1072	1	0	1	273
CY207732.1	283	505	1	0	1	283
CY207732.1	347	573	0	1	1	573
CY207732.1	350	597	0	1	1	597
CY207732.1	352	1160	0	1	1	1160
CY207732.1	355	602	0	1	1	602
CY207732.1	372	499	1	0	1	372
CY207732.1	382	1133	0	1	1	1133
CY207732.1	407	604	0	1	1	604
CY207732.1	422	601	0	1	1	601
CY207732.1	422	726	0	1	1	726
CY207732.1	434	637	0	1	1	637
CY207732.1	434	973	0	1	1	973
CY207732.1	437	459	0	1	1	459
CY207732.1	445	863	2	6	8	445
CY207732.1	447	821	0	10	10	821
CY207732.1	467	1001	0	1	1	1001
CY207732.1	467	872	0	1	1	872
CY207732.1	494	1058	0	1	1	1058
CY207732.1	500	606	1	2	3	500
CY207732.1	511	600	2	6	8	511
CY207732.1	520	787	0	4	4	787
CY207732.1	522	589	0	1	1	589
CY207732.1	523	710	1	9	10	523
CY207732.1	589	862	0	2	2	862
CY207732.1	594	849	1	1	2	594
CY207732.1	614	709	1	0	1	614
CY207732.1	622	1052	1	0	1	622
CY207732.1	649	722	2	1	3	649
CY207732.1	679	815	1	2	3	679
CY207732.1	680	936	1	3	4	680
CY207732.1	706	887	0	1	1	887
CY207732.1	716	789	1	1	2	716
CY207732.1	718	860	1	3	4	718
CY207732.1	749	1100	0	1	1	1100
CY207732.1	767	1137	0	1	1	1137
CY207732.1	783	865	0	1	1	865
CY207732.1	785	840	2	0	2	785
CY207732.1	817	866	3	2	5	817
CY207732.1	818	854	0	2	2	854
CY207732.1	822	936	1	0	1	822
CY207732.1	836	978	0	1	1	978
CY207732.1	870	914	1	0	1	870
CY207732.1	918	1019	1	0	1	918
CY207732.1	973	1036	1	1	2	973
CY207733.1	1018	1074	2	0	2	1018
CY207733.1	1079	1163	0	1	1	1163
CY207733.1	1079	1292	0	1	1	1292
CY207733.1	1105	1208	0	2	2	1208
CY207733.1	1277	1312	0	1	1	1312
CY207733.1	1294	1485	1	1	2	1294
CY207733.1	1299	1471	1	0	1	1299
CY207733.1	1311	1366	1	0	1	1311
CY207733.1	1400	1432	3	3	6	1400
CY207733.1	1432	1461	0	1	1	1461
CY207733.1	258	842	1	0	1	258
CY207733.1	269	1545	1	0	1	269
CY207733.1	270	1418	1	0	1	270
CY207733.1	272	1406	2	0	2	272
CY207733.1	304	1402	1	0	1	304
CY207733.1	328	1266	36	59	95	328
CY207733.1	346	897	0	1	1	897
CY207733.1	363	1352	1	1	2	363
CY207733.1	365	1415	0	4	4	1415
CY207733.1	365	1475	0	1	1	1475
CY207733.1	366	1359	1	0	1	366
CY207733.1	391	1379	0	1	1	1379
CY207733.1	403	1402	14	17	31	403
CY207733.1	410	476	0	1	1	476
CY207733.1	426	1154	1	0	1	426
CY207733.1	435	1081	0	1	1	1081
CY207733.1	444	1105	1	0	1	444
CY207733.1	464	531	0	1	1	531
CY207733.1	466	844	1	0	1	466
CY207733.1	473	511	1	0	1	473
CY207733.1	474	499	0	1	1	499
CY207733.1	475	519	0	1	1	519
CY207733.1	488	1210	0	1	1	1210
CY207733.1	492	1405	0	1	1	1405
CY207733.1	533	1103	0	1	1	1103
CY207733.1	563	719	1	0	1	563
CY207733.1	573	676	0	1	1	676
CY207733.1	651	683	0	1	1	683
CY207733.1	743	778	1	0	1	743
CY207733.1	769	825	1	0	1	769
CY207733.1	809	894	0	1	1	894
CY207733.1	826	952	1	0	1	826
CY207733.1	853	1577	0	1	1	1577
CY207733.1	917	1398	0	1	1	1398
CY207733.1	955	1022	1	2	3	955
CY207734.1	1013	1457	1	0	1	1013
CY207734.1	1029	1093	1	1	2	1029
CY207734.1	1030	1110	0	1	1	1110
CY207734.1	1124	1474	1	0	1	1124
CY207734.1	1135	1417	0	1	1	1417
CY207734.1	1279	1342	0	1	1	1342
CY207734.1	1393	1520	1	0	1	1393
CY207734.1	1402	1455	1	0	1	1402
CY207734.1	1429	1507	1	0	1	1429
CY207734.1	1435	1512	1	0	1	1435
CY207734.1	1441	1539	1	0	1	1441
CY207734.1	1471	1517	0	1	1	1517
CY207734.1	1509	1677	0	1	1	1677
CY207734.1	1569	1723	0	6	6	1723
CY207734.1	1589	1695	0	3	3	1695
CY207734.1	1603	1651	0	1	1	1651
CY207734.1	246	603	1	0	1	246
CY207734.1	272	754	1	0	1	272
CY207734.1	280	1564	1	0	1	280
CY207734.1	342	539	0	1	1	539
CY207734.1	344	999	0	1	1	999
CY207734.1	351	566	0	1	1	566
CY207734.1	352	1691	0	1	1	1691
CY207734.1	353	1577	0	1	1	1577
CY207734.1	353	698	0	1	1	698
CY207734.1	375	1146	0	1	1	1146
CY207734.1	394	449	0	1	1	449
CY207734.1	407	1162	0	1	1	1162
CY207734.1	409	432	0	1	1	432
CY207734.1	419	1481	0	1	1	1481
CY207734.1	420	951	1	0	1	420
CY207734.1	422	1164	0	1	1	1164
CY207734.1	423	1708	0	1	1	1708
CY207734.1	423	505	0	1	1	505
CY207734.1	427	579	0	1	1	579
CY207734.1	432	1400	0	1	1	1400
CY207734.1	441	861	0	1	1	861
CY207734.1	444	943	1	0	1	444
CY207734.1	457	765	0	1	1	765
CY207734.1	482	1054	0	1	1	1054
CY207734.1	483	614	0	1	1	614
CY207734.1	493	1391	1	0	1	493
CY207734.1	503	1423	3	6	9	503
CY207734.1	521	1019	1	0	1	521
CY207734.1	521	841	1	2	3	521
CY207734.1	522	718	0	1	1	718
CY207734.1	541	965	1	0	1	541
CY207734.1	613	1667	0	1	1	1667
CY207734.1	620	812	2	0	2	620
CY207734.1	624	766	1	0	1	624
CY207734.1	634	668	1	0	1	634
CY207734.1	641	836	1	0	1	641
CY207734.1	688	724	2	2	4	688
CY207734.1	740	822	1	0	1	740
CY207734.1	773	982	1	0	1	773
CY207734.1	786	1680	0	1	1	1680
CY207734.1	810	958	1	0	1	810
CY207734.1	840	1135	0	1	1	1135
CY207734.1	853	1452	0	1	1	1452
CY207734.1	866	1623	1	0	1	866
CY207734.1	870	1397	1	0	1	870
CY207734.1	880	1289	1	0	1	880
CY207734.1	898	1147	0	1	1	1147
CY207734.1	899	1141	1	0	1	899
CY207734.1	906	955	1	1	2	906
CY207734.1	943	1031	1	0	1	943
CY207734.1	962	1048	1	0	1	962
CY207734.1	971	1042	1	1	2	971
CY207735.1	288	865	1	0	1	288
CY207735.1	314	355	0	1	1	355
CY207735.1	499	729	1	0	1	499
CY207735.1	511	740	22	84	106	511
CY207736.1	1000	2262	1	0	1	1000
CY207736.1	1004	1187	0	1	1	1187
CY207736.1	1022	2047	0	1	1	2047
CY207736.1	1031	2301	0	1	1	2301
CY207736.1	1034	1727	0	1	1	1727
CY207736.1	1055	1992	0	1	1	1992
CY207736.1	1090	1506	0	3	3	1506
CY207736.1	1092	2294	2	2	4	1092
CY207736.1	1094	1673	1	0	1	1094
CY207736.1	1095	2005	2	2	4	1095
CY207736.1	1169	1525	0	1	1	1525
CY207736.1	1242	1996	0	1	1	1996
CY207736.1	1258	1375	0	1	1	1375
CY207736.1	1258	1647	3	3	6	1258
CY207736.1	1259	1535	0	1	1	1535
CY207736.1	1297	1714	1	0	1	1297
CY207736.1	1400	1448	0	1	1	1448
CY207736.1	1418	1593	0	1	1	1593
CY207736.1	1428	1638	0	1	1	1638
CY207736.1	1448	1477	0	1	1	1477
CY207736.1	1510	2002	1	0	1	1510
CY207736.1	1538	1994	1	0	1	1538
CY207736.1	1545	1969	1	0	1	1545
CY207736.1	1549	1725	1	0	1	1549
CY207736.1	1570	1652	0	1	1	1652
CY207736.1	1581	1644	0	1	1	1644
CY207736.1	1603	2286	0	1	1	2286
CY207736.1	1867	1889	1	1	2	1867
CY207736.1	1972	2006	1	0	1	1972
CY207736.1	2009	2077	3	2	5	2009
CY207736.1	2060	2242	8	0	8	2060
CY207736.1	2063	2089	13	17	30	2063
CY207736.1	2075	2147	0	2	2	2147
CY207736.1	2131	2215	2	1	3	2131
CY207736.1	2139	2270	6	0	6	2139
CY207736.1	2184	2241	4	0	4	2184
CY207736.1	2221	2255	74	51	125	2221
CY207736.1	2234	2327	0	1	1	2327
CY207736.1	242	754	1	0	1	242
CY207736.1	249	1896	1	0	1	249
CY207736.1	260	1972	1	0	1	260
CY207736.1	260	2010	3	0	3	260
CY207736.1	272	2025	1	0	1	272
CY207736.1	273	2032	1	0	1	273
CY207736.1	273	2203	1	0	1	273
CY207736.1	275	2036	2	0	2	275
CY207736.1	278	450	1	0	1	278
CY207736.1	279	2059	5	1	6	279
CY207736.1	279	2217	0	1	1	2217
CY207736.1	280	2075	2	0	2	280
CY207736.1	280	2238	4	0	4	280
CY207736.1	282	1292	1	0	1	282
CY207736.1	282	409	2	0	2	282
CY207736.1	286	1949	1	0	1	286
CY207736.1	288	2038	2	0	2	288
CY207736.1	289	2002	1	0	1	289
CY207736.1	290	2215	1	0	1	290
CY207736.1	291	2242	4	3	7	291
CY207736.1	293	2172	8	0	8	293
CY207736.1	300	2259	2	0	2	300
CY207736.1	301	336	5	4	9	301
CY207736.1	304	2239	1	0	1	304
CY207736.1	308	2148	0	1	1	2148
CY207736.1	310	2135	0	1	1	2135
CY207736.1	325	2132	0	1	1	2132
CY207736.1	325	2169	0	6	6	2169
CY207736.1	333	2309	0	1	1	2309
CY207736.1	334	2064	32	73	105	334
CY207736.1	334	2071	0	3	3	2071
CY207736.1	334	2207	0	2	2	2207
CY207736.1	335	2157	0	1	1	2157
CY207736.1	335	2224	1	3	4	335
CY207736.1	342	2069	0	1	1	2069
CY207736.1	347	1008	0	1	1	1008
CY207736.1	359	2198	0	1	1	2198
CY207736.1	363	391	0	1	1	391
CY207736.1	365	2181	1	5	6	365
CY207736.1	367	2160	0	1	1	2160
CY207736.1	367	391	0	2	2	391
CY207736.1	368	1982	1	0	1	368
CY207736.1	371	2255	5	16	21	371
CY207736.1	374	2255	1	0	1	374
CY207736.1	376	422	0	5	5	422
CY207736.1	377	2143	1	24	25	377
CY207736.1	382	1821	0	1	1	1821
CY207736.1	383	2118	0	2	2	2118
CY207736.1	385	2140	2	10	12	385
CY207736.1	385	2162	1	12	13	385
CY207736.1	386	2121	0	16	16	2121
CY207736.1	389	2245	5	6	11	389
CY207736.1	393	1603	0	1	1	1603
CY207736.1	393	1831	2	5	7	393
CY207736.1	394	1761	0	1	1	1761
CY207736.1	402	467	4	14	18	402
CY207736.1	403	1920	1	0	1	403
CY207736.1	404	2151	0	1	1	2151
CY207736.1	406	2141	3	25	28	406
CY207736.1	409	2156	0	4	4	2156
CY207736.1	410	2154	0	16	16	2154
CY207736.1	412	2148	0	3	3	2148
CY207736.1	435	2121	0	3	3	2121
CY207736.1	435	2215	2	0	2	435
CY207736.1	439	1937	1	0	1	439
CY207736.1	439	2031	1	0	1	439
CY207736.1	441	2207	1	1	2	441
CY207736.1	442	1347	1	0	1	442
CY207736.1	448	2135	20	136	156	448
CY207736.1	449	2136	0	1	1	2136
CY207736.1	452	2035	0	5	5	2035
CY207736.1	453	1951	1	0	1	453
CY207736.1	454	2133	1	0	1	454
CY207736.1	455	2029	2	9	11	455
CY207736.1	455	2149	0	4	4	2149
CY207736.1	458	2144	0	1	1	2144
CY207736.1	461	1394	16	0	16	461
CY207736.1	461	2135	0	9	9	2135
CY207736.1	463	1607	0	1	1	1607
CY207736.1	476	2029	3	5	8	476
CY207736.1	477	1946	6	1	7	477
CY207736.1	481	1887	2	0	2	481
CY207736.1	482	1894	7	1	8	482
CY207736.1	483	2168	1	0	1	483
CY207736.1	484	2005	12	6	18	484
CY207736.1	485	2064	3	0	3	485
CY207736.1	492	515	1	0	1	492
CY207736.1	495	2066	5	2	7	495
CY207736.1	499	1926	5	1	6	499
CY207736.1	499	2057	15	11	26	499
CY207736.1	503	1132	1	0	1	503
CY207736.1	506	2048	0	7	7	2048
CY207736.1	512	2001	2	0	2	512
CY207736.1	512	2029	13	12	25	512
CY207736.1	512	2064	17	15	32	512
CY207736.1	518	2033	0	1	1	2033
CY207736.1	528	1563	0	1	1	1563
CY207736.1	538	2064	0	3	3	2064
CY207736.1	547	2010	1	0	1	547
CY207736.1	548	1971	3	0	3	548
CY207736.1	550	2006	1	0	1	550
CY207736.1	556	1786	0	1	1	1786
CY207736.1	573	1994	0	2	2	1994
CY207736.1	574	1733	1	0	1	574
CY207736.1	576	1913	3	0	3	576
CY207736.1	578	1936	1	0	1	578
CY207736.1	579	1957	2	0	2	579
CY207736.1	581	1938	3	0	3	581
CY207736.1	596	2002	1	1	2	596
CY207736.1	606	2005	1	0	1	606
CY207736.1	607	1412	0	1	1	1412
CY207736.1	612	2064	1	0	1	612
CY207736.1	616	1870	1	0	1	616
CY207736.1	617	1914	6	3	9	617
CY207736.1	618	1920	6	0	6	618
CY207736.1	629	1213	1	0	1	629
CY207736.1	629	1920	2	0	2	629
CY207736.1	634	1864	1	1	2	634
CY207736.1	640	1894	2	0	2	640
CY207736.1	653	1963	1	0	1	653
CY207736.1	666	1002	5	0	5	666
CY207736.1	670	1635	1	0	1	670
CY207736.1	684	1870	3	0	3	684
CY207736.1	686	1952	2	0	2	686
CY207736.1	689	771	1	0	1	689
CY207736.1	696	1899	1	0	1	696
CY207736.1	704	1678	1	2	3	704
CY207736.1	704	1912	2	0	2	704
CY207736.1	716	811	2	1	3	716
CY207736.1	722	2010	0	1	1	2010
CY207736.1	727	1790	2	5	7	727
CY207736.1	731	1859	1	0	1	731
CY207736.1	740	1678	2	0	2	740
CY207736.1	745	1601	1	0	1	745
CY207736.1	749	1871	3	1	4	749
CY207736.1	754	1868	5	0	5	754
CY207736.1	755	1828	5	0	5	755
CY207736.1	757	1941	1	0	1	757
CY207736.1	761	1793	1	0	1	761
CY207736.1	786	1711	0	1	1	1711
CY207736.1	799	1690	1	0	1	799
CY207736.1	810	2249	1	0	1	810
CY207736.1	814	1710	0	1	1	1710
CY207736.1	815	2090	0	1	1	2090
CY207736.1	831	1308	1	0	1	831
CY207736.1	841	1713	0	1	1	1713
CY207736.1	850	1991	0	1	1	1991
CY207736.1	851	1612	0	1	1	1612
CY207736.1	873	1784	2	0	2	873
CY207736.1	899	1910	2	1	3	899
CY207736.1	901	1334	0	1	1	1334
CY207736.1	908	1736	4	3	7	908
CY207736.1	933	1195	0	1	1	1195
CY207736.1	939	1379	1	0	1	939
CY207736.1	939	1927	0	1	1	1927
CY207737.1	1001	1202	0	1	1	1202
CY207737.1	1023	1124	0	3	3	1124
CY207737.1	1054	1633	0	1	1	1633
CY207737.1	1122	1566	1	0	1	1122
CY207737.1	1133	2218	0	1	1	2218
CY207737.1	1147	1509	1	0	1	1147
CY207737.1	1210	1883	0	1	1	1883
CY207737.1	1261	2188	0	1	1	2188
CY207737.1	1262	2186	1	0	1	1262
CY207737.1	1306	2043	0	3	3	2043
CY207737.1	1308	1954	2	0	2	1308
CY207737.1	1389	2074	0	1	1	2074
CY207737.1	1422	2036	1	1	2	1422
CY207737.1	1553	1900	1	0	1	1553
CY207737.1	1717	1757	0	1	1	1757
CY207737.1	1789	2241	1	0	1	1789
CY207737.1	1928	2003	0	1	1	2003
CY207737.1	1994	2116	1	0	1	1994
CY207737.1	2066	2111	1	1	2	2066
CY207737.1	2232	2274	1	0	1	2232
CY207737.1	240	2237	1	0	1	240
CY207737.1	2413	2450	0	6	6	2450
CY207737.1	245	1251	1	0	1	245
CY207737.1	287	2110	2	0	2	287
CY207737.1	313	2120	1	0	1	313
CY207737.1	314	2282	2	0	2	314
CY207737.1	329	2302	2	0	2	329
CY207737.1	330	2238	1	1	2	330
CY207737.1	330	2322	1	1	2	330
CY207737.1	331	2340	0	1	1	2340
CY207737.1	352	2302	9	0	9	352
CY207737.1	362	2302	1	0	1	362
CY207737.1	375	2228	0	3	3	2228
CY207737.1	389	2205	0	5	5	2205
CY207737.1	393	2285	10	1	11	393
CY207737.1	404	1131	2	8	10	404
CY207737.1	404	444	3	0	3	404
CY207737.1	408	2300	1	0	1	408
CY207737.1	420	2356	1	0	1	420
CY207737.1	424	2187	1	3	4	424
CY207737.1	435	2192	0	1	1	2192
CY207737.1	443	2091	2	0	2	443
CY207737.1	448	2096	1	0	1	448
CY207737.1	476	1021	1	0	1	476
CY207737.1	479	1499	1	0	1	479
CY207737.1	527	1929	1	0	1	527
CY207737.1	574	2112	6	3	9	574
CY207737.1	605	1443	0	1	1	1443
CY207737.1	700	1299	0	1	1	1299
CY207737.1	708	1730	0	2	2	1730
CY207737.1	728	1087	1	0	1	728
CY207737.1	787	1931	2	2	4	787
CY207737.1	836	1926	0	1	1	1926
CY207737.1	861	1781	2	2	4	861
CY207737.1	887	1506	1	1	2	887
CY207737.1	897	1874	0	1	1	1874
CY207737.1	902	1752	1	0	1	902
CY207737.1	937	1859	1	0	1	937
CY207737.1	939	1642	1	2	3	939
CY207737.1	952	2250	0	1	1	2250
CY207737.1	958	1122	1	0	1	958
CY207737.1	981	1813	0	1	1	1813
CY207738.1	1009	1148	1	0	1	1009
CY207738.1	1033	1409	1	0	1	1033
CY207738.1	1108	2043	1	0	1	1108
CY207738.1	1141	2470	0	1	1	2470
CY207738.1	1159	1893	1	0	1	1159
CY207738.1	1201	1605	0	1	1	1605
CY207738.1	1289	1585	1	0	1	1289
CY207738.1	1296	1650	0	1	1	1650
CY207738.1	1329	2235	0	1	1	2235
CY207738.1	1345	2132	1	3	4	1345
CY207738.1	1383	1818	0	1	1	1818
CY207738.1	1393	2039	1	1	2	1393
CY207738.1	1463	2237	0	1	1	2237
CY207738.1	1473	1499	1	0	1	1473
CY207738.1	1479	2287	0	1	1	2287
CY207738.1	1540	2344	1	0	1	1540
CY207738.1	1571	1610	2	2	4	1571
CY207738.1	1639	1700	1	0	1	1639
CY207738.1	1650	2272	0	1	1	2272
CY207738.1	1686	2062	0	1	1	2062
CY207738.1	1700	1733	1	0	1	1700
CY207738.1	1702	2147	0	1	1	2147
CY207738.1	1804	2363	1	0	1	1804
CY207738.1	1912	1967	1	1	2	1912
CY207738.1	1963	2225	0	1	1	2225
CY207738.1	1987	2375	2	0	2	1987
CY207738.1	2218	2391	2	1	3	2218
CY207738.1	2256	2326	1	1	2	2256
CY207738.1	2276	2392	0	1	1	2392
CY207738.1	2332	2371	2	1	3	2332
CY207738.1	273	326	1	0	1	273
CY207738.1	280	1188	1	0	1	280
CY207738.1	335	941	0	1	1	941
CY207738.1	342	681	0	1	1	681
CY207738.1	346	2235	1	0	1	346
CY207738.1	350	615	0	1	1	615
CY207738.1	364	2297	7	10	17	364
CY207738.1	367	2252	0	7	7	2252
CY207738.1	367	2298	1	2	3	367
CY207738.1	368	2131	0	2	2	2131
CY207738.1	371	2282	2	73	75	371
CY207738.1	372	2237	1	0	1	372
CY207738.1	376	1245	0	1	1	1245
CY207738.1	385	2240	0	8	8	2240
CY207738.1	386	2314	13	60	73	386
CY207738.1	393	1188	0	1	1	1188
CY207738.1	393	2315	1	6	7	393
CY207738.1	396	2321	1	2	3	396
CY207738.1	397	1661	0	1	1	1661
CY207738.1	399	2247	0	4	4	2247
CY207738.1	401	1346	0	1	1	1346
CY207738.1	401	2113	1	5	6	401
CY207738.1	410	2404	0	1	1	2404
CY207738.1	441	2222	6	43	49	441
CY207738.1	445	2251	3	4	7	445
CY207738.1	450	1071	0	1	1	1071
CY207738.1	452	2086	1	8	9	452
CY207738.1	452	2301	13	10	23	452
CY207738.1	481	2342	0	1	1	2342
CY207738.1	484	2210	3	4	7	484
CY207738.1	495	1843	1	0	1	495
CY207738.1	529	556	1	0	1	529
CY207738.1	533	2347	1	1	2	533
CY207738.1	595	1471	0	1	1	1471
CY207738.1	604	1516	1	0	1	604
CY207738.1	612	1532	1	1	2	612
CY207738.1	647	1065	1	0	1	647
CY207738.1	650	2174	1	0	1	650
CY207738.1	695	1488	0	1	1	1488
CY207738.1	695	1928	1	0	1	695
CY207738.1	768	1989	2	0	2	768
CY207738.1	788	1793	2	1	3	788
CY207738.1	798	1249	0	1	1	1249
CY207738.1	825	1748	2	0	2	825
CY207738.1	831	1473	0	1	1	1473
CY207738.1	839	1867	1	1	2	839
CY207738.1	845	1805	1	0	1	845
CY207738.1	847	1807	3	3	6	847
CY207738.1	855	1814	0	1	1	1814
CY207738.1	860	1850	0	1	1	1850
CY207738.1	878	1597	0	1	1	1597
CY207738.1	878	2092	2	3	5	878
CY207738.1	899	1020	0	1	1	1020
CY207738.1	921	1053	0	1	1	1053
CY207738.1	926	1871	0	1	1	1871
CY207738.1	953	1826	1	0	1	953
CY207738.1	978	1683	3	1	4	978
