Segment	Start	Stop	Forward_support	Reverse_support	Total_support	Fuzz_factor
CY207731.1	1064	1192	0	1	1	1192
CY207731.1	1131	1694	1	0	1	1131
CY207731.1	1133	1736	0	1	1	1736
CY207731.1	1176	1716	1	4	5	1176
CY207731.1	1242	1637	1	0	1	1242
CY207731.1	1260	1638	0	1	1	1638
CY207731.1	1309	1427	0	1	1	1427
CY207731.1	1311	1751	0	1	1	1751
CY207731.1	1324	1673	0	1	1	1673
CY207731.1	1327	1879	0	1	1	1879
CY207731.1	1348	1637	1	0	1	1348
CY207731.1	1381	1496	1	0	1	1381
CY207731.1	1452	1600	1	0	1	1452
CY207731.1	1509	1607	1	1	2	1509
CY207731.1	1519	1658	7	6	13	1519
CY207731.1	1521	1660	0	1	1	1660
CY207731.1	1570	1692	0	1	1	1692
CY207731.1	1664	1788	1	2	3	1664
CY207731.1	1867	1889	0	1	1	1889
CY207731.1	245	393	1	0	1	245
CY207731.1	269	405	1	0	1	269
CY207731.1	270	405	17	0	17	270
CY207731.1	289	1182	1	0	1	289
CY207731.1	289	1245	1	0	1	289
CY207731.1	337	531	1	0	1	337
CY207731.1	351	1085	0	1	1	1085
CY207731.1	353	698	1	0	1	353
CY207731.1	361	1718	0	1	1	1718
CY207731.1	386	1710	0	1	1	1710
CY207731.1	394	881	0	1	1	881
CY207731.1	398	706	0	1	1	706
CY207731.1	399	1837	0	1	1	1837
CY207731.1	410	1062	0	1	1	1062
CY207731.1	422	573	0	1	1	573
CY207731.1	433	673	1	0	1	433
CY207731.1	434	483	1	0	1	434
CY207731.1	457	1539	0	1	1	1539
CY207731.1	477	1538	1	0	1	477
CY207731.1	483	1036	1	0	1	483
CY207731.1	495	1523	1	0	1	495
CY207731.1	521	1118	1	0	1	521
CY207731.1	538	1074	1	0	1	538
CY207731.1	565	1157	0	1	1	1157
CY207731.1	571	1149	0	1	1	1149
CY207731.1	572	1154	1	0	1	572
CY207731.1	574	1821	1	0	1	574
CY207731.1	591	622	1	0	1	591
CY207731.1	597	937	1	0	1	597
CY207731.1	650	1193	1	0	1	650
CY207731.1	678	897	0	1	1	897
CY207731.1	682	1381	0	1	1	1381
CY207731.1	687	1656	1	0	1	687
CY207731.1	698	1328	0	1	1	1328
CY207731.1	703	753	1	0	1	703
CY207731.1	705	932	1	0	1	705
CY207731.1	712	1172	0	1	1	1172
CY207731.1	721	779	1	0	1	721
CY207731.1	725	1352	1	0	1	725
CY207731.1	733	1225	1	0	1	733
CY207731.1	812	1498	0	1	1	1498
CY207731.1	820	1327	0	1	1	1327
CY207731.1	826	1633	0	1	1	1633
CY207731.1	894	1652	0	1	1	1652
CY207731.1	909	1174	0	1	1	1174
CY207731.1	912	1359	0	1	1	1359
CY207731.1	915	1668	0	1	1	1668
CY207731.1	919	1439	1	0	1	919
CY207731.1	984	1398	0	1	1	1398
CY207731.1	994	1417	1	0	1	994
CY207731.1	995	1072	1	0	1	995
CY207732.1	1004	1138	0	3	3	1138
CY207732.1	1088	1116	1	0	1	1088
CY207732.1	267	929	1	0	1	267
CY207732.1	272	825	1	0	1	272
CY207732.1	275	906	1	0	1	275
CY207732.1	281	502	1	0	1	281
CY207732.1	281	624	1	0	1	281
CY207732.1	299	945	1	0	1	299
CY207732.1	303	503	1	0	1	303
CY207732.1	311	959	2	2	4	311
CY207732.1	311	965	4	6	10	311
CY207732.1	317	863	1	0	1	317
CY207732.1	339	908	1	0	1	339
CY207732.1	347	497	0	1	1	497
CY207732.1	351	1151	0	1	1	1151
CY207732.1	356	434	1	0	1	356
CY207732.1	358	629	0	1	1	629
CY207732.1	358	922	0	1	1	922
CY207732.1	365	1133	0	1	1	1133
CY207732.1	366	1142	0	1	1	1142
CY207732.1	378	727	1	0	1	378
CY207732.1	383	636	0	1	1	636
CY207732.1	384	865	0	1	1	865
CY207732.1	386	512	0	1	1	512
CY207732.1	392	1047	0	1	1	1047
CY207732.1	393	434	0	1	1	434
CY207732.1	394	637	0	1	1	637
CY207732.1	398	625	1	0	1	398
CY207732.1	403	677	0	1	1	677
CY207732.1	420	475	0	1	1	475
CY207732.1	443	1059	0	1	1	1059
CY207732.1	445	863	0	2	2	863
CY207732.1	467	998	1	0	1	467
CY207732.1	472	1034	1	0	1	472
CY207732.1	479	990	0	1	1	990
CY207732.1	482	1058	1	0	1	482
CY207732.1	490	1178	0	1	1	1178
CY207732.1	495	964	1	0	1	495
CY207732.1	548	917	0	1	1	917
CY207732.1	580	750	0	1	1	750
CY207732.1	589	862	2	5	7	589
CY207732.1	593	1023	10	3	13	593
CY207732.1	622	1015	1	0	1	622
CY207732.1	626	675	0	1	1	675
CY207732.1	637	1059	1	0	1	637
CY207732.1	647	1043	1	0	1	647
CY207732.1	647	810	0	1	1	810
CY207732.1	656	1005	1	0	1	656
CY207732.1	679	706	1	0	1	679
CY207732.1	679	815	1	4	5	679
CY207732.1	682	967	1	0	1	682
CY207732.1	685	839	3	0	3	685
CY207732.1	686	903	1	0	1	686
CY207732.1	709	747	0	1	1	747
CY207732.1	709	989	1	0	1	709
CY207732.1	710	781	0	1	1	781
CY207732.1	718	860	4	3	7	718
CY207732.1	723	936	0	1	1	936
CY207732.1	749	814	1	0	1	749
CY207732.1	757	1061	1	0	1	757
CY207732.1	801	877	0	1	1	877
CY207732.1	810	980	1	4	5	810
CY207732.1	817	866	1	1	2	817
CY207732.1	823	999	1	0	1	823
CY207732.1	834	856	1	0	1	834
CY207732.1	841	935	1	0	1	841
CY207732.1	859	890	1	0	1	859
CY207732.1	876	958	0	1	1	958
CY207732.1	881	1012	3	0	3	881
CY207732.1	973	1036	4	1	5	973
CY207733.1	1067	1179	0	1	1	1179
CY207733.1	1090	1273	1	3	4	1090
CY207733.1	1390	1436	11	2	13	1390
CY207733.1	1488	1521	1	0	1	1488
CY207733.1	262	1509	1	0	1	262
CY207733.1	265	554	1	0	1	265
CY207733.1	285	1103	1	0	1	285
CY207733.1	302	1468	8	4	12	302
CY207733.1	365	1475	0	1	1	1475
CY207733.1	380	1174	0	1	1	1174
CY207733.1	384	1343	32	101	133	384
CY207733.1	386	1345	0	1	1	1345
CY207733.1	434	515	3	12	15	434
CY207733.1	440	1285	0	1	1	1285
CY207733.1	441	1287	1	10	11	441
CY207733.1	442	1574	0	1	1	1574
CY207733.1	448	920	1	0	1	448
CY207733.1	513	1327	1	0	1	513
CY207733.1	527	1215	0	1	1	1215
CY207733.1	572	1327	10	3	13	572
CY207733.1	607	872	1	0	1	607
CY207733.1	614	1007	0	1	1	1007
CY207733.1	677	1112	1	0	1	677
CY207733.1	696	1419	1	0	1	696
CY207733.1	703	997	0	1	1	997
CY207733.1	712	1512	0	1	1	1512
CY207733.1	727	1051	0	1	1	1051
CY207733.1	749	963	1	0	1	749
CY207733.1	754	1011	1	0	1	754
CY207733.1	761	1018	2	3	5	761
CY207733.1	771	1511	0	1	1	1511
CY207733.1	776	1034	0	1	1	1034
CY207733.1	789	855	1	0	1	789
CY207733.1	805	1103	0	1	1	1103
CY207733.1	846	993	1	0	1	846
CY207733.1	964	1051	0	1	1	1051
CY207733.1	980	1375	1	0	1	980
CY207733.1	988	1373	0	1	1	1373
CY207734.1	1018	1103	1	0	1	1018
CY207734.1	1125	1289	1	5	6	1125
CY207734.1	1126	1441	0	1	1	1441
CY207734.1	1135	1419	1	0	1	1135
CY207734.1	1179	1616	0	1	1	1616
CY207734.1	1247	1371	1	0	1	1247
CY207734.1	1340	1442	0	1	1	1442
CY207734.1	1392	1684	0	1	1	1684
CY207734.1	1442	1566	1	0	1	1442
CY207734.1	264	388	1	0	1	264
CY207734.1	281	1356	1	0	1	281
CY207734.1	286	1315	1	0	1	286
CY207734.1	304	651	0	1	1	651
CY207734.1	313	1387	1	0	1	313
CY207734.1	397	1249	0	1	1	1249
CY207734.1	399	1457	0	1	1	1457
CY207734.1	400	608	0	1	1	608
CY207734.1	406	775	0	1	1	775
CY207734.1	409	1188	1	0	1	409
CY207734.1	423	1336	0	1	1	1336
CY207734.1	426	1265	0	1	1	1265
CY207734.1	431	1212	1	0	1	431
CY207734.1	498	1565	0	1	1	1565
CY207734.1	518	1341	1	0	1	518
CY207734.1	520	1469	0	1	1	1469
CY207734.1	521	841	1	3	4	521
CY207734.1	575	1388	1	0	1	575
CY207734.1	590	1145	1	0	1	590
CY207734.1	594	662	0	1	1	662
CY207734.1	617	1455	0	1	1	1455
CY207734.1	635	1400	1	0	1	635
CY207734.1	681	761	0	1	1	761
CY207734.1	691	1517	1	0	1	691
CY207734.1	719	980	0	1	1	980
CY207734.1	795	912	0	1	1	912
CY207734.1	837	1155	1	0	1	837
CY207734.1	838	1182	0	1	1	1182
CY207734.1	890	1389	0	2	2	1389
CY207734.1	901	1382	1	0	1	901
CY207734.1	927	1693	0	1	1	1693
CY207734.1	936	1644	0	1	1	1644
CY207734.1	948	1184	1	0	1	948
CY207734.1	949	1051	1	0	1	949
CY207734.1	971	1042	2	0	2	971
CY207734.1	973	1262	0	1	1	1262
CY207735.1	254	865	1	0	1	254
CY207735.1	363	561	0	1	1	561
CY207735.1	475	707	1	0	1	475
CY207735.1	499	729	1	0	1	499
CY207735.1	503	768	4	6	10	503
CY207735.1	511	740	18	67	85	511
CY207735.1	519	746	1	8	9	519
CY207735.1	659	744	0	1	1	744
CY207736.1	1005	2060	0	1	1	2060
CY207736.1	1076	1861	0	1	1	1861
CY207736.1	1078	1808	1	3	4	1078
CY207736.1	1170	2042	1	0	1	1170
CY207736.1	1178	1291	0	1	1	1291
CY207736.1	1194	1973	0	1	1	1973
CY207736.1	1210	1444	0	1	1	1444
CY207736.1	1299	1530	1	0	1	1299
CY207736.1	1419	2032	0	1	1	2032
CY207736.1	1423	1751	1	0	1	1423
CY207736.1	1433	1504	1	0	1	1433
CY207736.1	1514	1656	6	3	9	1514
CY207736.1	1522	1563	1	0	1	1522
CY207736.1	1533	1726	0	1	1	1726
CY207736.1	1567	2204	3	4	7	1567
CY207736.1	1573	1848	1	0	1	1573
CY207736.1	1743	1864	0	1	1	1864
CY207736.1	1745	1872	1	0	1	1745
CY207736.1	1847	1923	0	1	1	1923
CY207736.1	2006	2043	5	3	8	2006
CY207736.1	2013	2074	0	1	1	2074
CY207736.1	2075	2219	1	0	1	2075
CY207736.1	2112	2135	3	2	5	2112
CY207736.1	2113	2213	0	1	1	2213
CY207736.1	2132	2213	6	2	8	2132
CY207736.1	252	1044	1	0	1	252
CY207736.1	260	1519	1	0	1	260
CY207736.1	285	1008	1	0	1	285
CY207736.1	287	2239	2	1	3	287
CY207736.1	293	337	8	1	9	293
CY207736.1	308	2213	1	0	1	308
CY207736.1	334	2238	8	13	21	334
CY207736.1	400	2141	2	17	19	400
CY207736.1	405	2143	2	21	23	405
CY207736.1	405	2215	11	14	25	405
CY207736.1	417	2148	2	2	4	417
CY207736.1	429	2095	13	2	15	429
CY207736.1	432	953	1	0	1	432
CY207736.1	435	2112	4	56	60	435
CY207736.1	436	2133	0	9	9	2133
CY207736.1	447	1867	4	1	5	447
CY207736.1	474	1909	2	0	2	474
CY207736.1	479	517	1	0	1	479
CY207736.1	484	2086	14	15	29	484
CY207736.1	484	2259	1	0	1	484
CY207736.1	495	2072	7	4	11	495
CY207736.1	500	2038	1	5	6	500
CY207736.1	500	2167	1	0	1	500
CY207736.1	511	1909	64	18	82	511
CY207736.1	512	2156	28	25	53	512
CY207736.1	516	1792	1	0	1	516
CY207736.1	528	656	1	0	1	528
CY207736.1	531	1929	1	0	1	531
CY207736.1	538	2035	3	1	4	538
CY207736.1	548	581	1	1	2	548
CY207736.1	559	635	2	2	4	559
CY207736.1	580	1894	7	1	8	580
CY207736.1	588	1743	3	4	7	588
CY207736.1	596	2002	1	2	3	596
CY207736.1	598	1992	11	23	34	598
CY207736.1	605	1955	2	4	6	605
CY207736.1	607	1840	10	6	16	607
CY207736.1	608	1713	1	0	1	608
CY207736.1	611	1999	1	0	1	611
CY207736.1	612	636	1	1	2	612
CY207736.1	620	648	1	0	1	620
CY207736.1	632	1874	3	2	5	632
CY207736.1	670	1583	1	0	1	670
CY207736.1	670	1988	3	4	7	670
CY207736.1	671	1923	7	5	12	671
CY207736.1	674	1674	1	0	1	674
CY207736.1	681	1920	9	4	13	681
CY207736.1	686	1952	4	1	5	686
CY207736.1	695	1938	0	1	1	1938
CY207736.1	698	1876	9	18	27	698
CY207736.1	700	2111	0	2	2	2111
CY207736.1	701	1816	4	4	8	701
CY207736.1	705	1014	1	0	1	705
CY207736.1	720	1897	5	3	8	720
CY207736.1	740	1716	1	0	1	740
CY207736.1	748	776	9	3	12	748
CY207736.1	754	1807	14	4	18	754
CY207736.1	757	1775	6	4	10	757
CY207736.1	757	1836	2	0	2	757
CY207736.1	765	1870	3	0	3	765
CY207736.1	768	2237	2	0	2	768
CY207736.1	771	1721	14	4	18	771
CY207736.1	771	2047	2	1	3	771
CY207736.1	776	2051	0	1	1	2051
CY207736.1	777	1818	17	9	26	777
CY207736.1	788	1038	0	1	1	1038
CY207736.1	810	1512	1	0	1	810
CY207736.1	829	1668	9	2	11	829
CY207736.1	835	1811	5	5	10	835
CY207736.1	853	2302	1	0	1	853
CY207736.1	875	1973	1	0	1	875
CY207736.1	879	957	0	1	1	957
CY207736.1	903	1354	2	0	2	903
CY207736.1	907	1661	1	0	1	907
CY207736.1	908	1620	3	5	8	908
CY207736.1	915	1667	6	21	27	915
CY207736.1	928	1730	7	8	15	928
CY207736.1	948	1484	1	0	1	948
CY207736.1	972	1674	0	1	1	1674
CY207737.1	1006	1102	1	0	1	1006
CY207737.1	1141	1793	0	1	1	1793
CY207737.1	1372	1534	1	0	1	1372
CY207737.1	1617	2230	0	1	1	2230
CY207737.1	1810	1842	0	1	1	1842
CY207737.1	1825	1854	0	1	1	1854
CY207737.1	2028	2135	1	0	1	2028
CY207737.1	2069	2136	1	4	5	2069
CY207737.1	248	2452	1	1	2	248
CY207737.1	269	1531	1	0	1	269
CY207737.1	337	2167	6	40	46	337
CY207737.1	361	1516	1	0	1	361
CY207737.1	392	447	6	0	6	392
CY207737.1	422	2176	1	0	1	422
CY207737.1	427	2313	59	24	83	427
CY207737.1	443	2182	0	2	2	2182
CY207737.1	455	2098	1	0	1	455
CY207737.1	482	1901	1	0	1	482
CY207737.1	483	2142	9	17	26	483
CY207737.1	512	2108	1	0	1	512
CY207737.1	521	2229	26	101	127	521
CY207737.1	523	1896	11	7	18	523
CY207737.1	537	2112	10	6	16	537
CY207737.1	539	2253	0	1	1	2253
CY207737.1	547	2247	0	1	1	2247
CY207737.1	553	708	1	0	1	553
CY207737.1	556	2253	0	1	1	2253
CY207737.1	572	2259	0	1	1	2259
CY207737.1	576	2071	4	3	7	576
CY207737.1	611	1796	1	0	1	611
CY207737.1	613	1316	1	0	1	613
CY207737.1	620	2014	11	8	19	620
CY207737.1	627	1916	8	4	12	627
CY207737.1	628	2007	1	0	1	628
CY207737.1	631	2013	1	0	1	631
CY207737.1	638	1341	2	0	2	638
CY207737.1	645	1346	2	0	2	645
CY207737.1	653	1373	16	0	16	653
CY207737.1	654	1375	75	43	118	654
CY207737.1	661	1381	0	1	1	1381
CY207737.1	663	1707	10	16	26	663
CY207737.1	670	2071	22	14	36	670
CY207737.1	676	2052	6	4	10	676
CY207737.1	680	2281	1	0	1	680
CY207737.1	682	2127	5	4	9	682
CY207737.1	683	1947	4	1	5	683
CY207737.1	705	2091	11	11	22	705
CY207737.1	723	1977	1	0	1	723
CY207737.1	754	1993	0	1	1	1993
CY207737.1	759	1997	6	24	30	759
CY207737.1	784	1754	6	10	16	784
CY207737.1	789	1759	0	1	1	1759
CY207737.1	822	2068	0	1	1	2068
CY207737.1	833	1918	1	0	1	833
CY207737.1	871	1932	1	0	1	871
CY207737.1	878	2337	1	0	1	878
CY207737.1	902	2345	0	1	1	2345
CY207737.1	925	1741	0	2	2	1741
CY207738.1	1028	1449	0	1	1	1449
CY207738.1	1030	2239	1	0	1	1030
CY207738.1	1073	2089	1	0	1	1073
CY207738.1	1108	1512	0	1	1	1512
CY207738.1	1125	2016	1	1	2	1125
CY207738.1	1140	2029	0	1	1	2029
CY207738.1	1189	2373	1	0	1	1189
CY207738.1	1190	1251	1	0	1	1190
CY207738.1	1306	1331	0	2	2	1331
CY207738.1	1423	1890	0	1	1	1890
CY207738.1	1446	2100	1	0	1	1446
CY207738.1	1595	1798	1	0	1	1595
CY207738.1	1596	1866	1	0	1	1596
CY207738.1	1598	1674	1	0	1	1598
CY207738.1	1709	2059	0	1	1	2059
CY207738.1	1742	2132	1	0	1	1742
CY207738.1	1915	1951	1	0	1	1915
CY207738.1	2001	2061	0	1	1	2061
CY207738.1	2256	2326	2	3	5	2256
CY207738.1	2268	2293	3	16	19	2268
CY207738.1	262	2120	1	0	1	262
CY207738.1	269	2037	2	0	2	269
CY207738.1	278	2150	15	0	15	278
CY207738.1	294	1315	0	1	1	1315
CY207738.1	294	1941	0	1	1	1941
CY207738.1	305	2411	0	1	1	2411
CY207738.1	316	2299	14	15	29	316
CY207738.1	323	1831	0	1	1	1831
CY207738.1	329	2274	2	0	2	329
CY207738.1	331	1464	1	0	1	331
CY207738.1	332	785	0	1	1	785
CY207738.1	346	2235	1	1	2	346
CY207738.1	353	2293	1	0	1	353
CY207738.1	357	2246	1	1	2	357
CY207738.1	364	2141	1	19	20	364
CY207738.1	369	422	1	0	1	369
CY207738.1	371	2312	0	1	1	2312
CY207738.1	371	2313	2	9	11	371
CY207738.1	373	2159	0	1	1	2159
CY207738.1	373	2265	0	1	1	2265
CY207738.1	373	2314	145	342	487	373
CY207738.1	383	2323	1	11	12	383
CY207738.1	391	1273	0	1	1	1273
CY207738.1	393	1898	1	0	1	393
CY207738.1	395	1111	1	0	1	395
CY207738.1	408	2215	0	1	1	2215
CY207738.1	408	2379	0	4	4	2379
CY207738.1	408	468	0	1	1	468
CY207738.1	415	479	0	1	1	479
CY207738.1	417	2330	0	7	7	2330
CY207738.1	419	2187	2	26	28	419
CY207738.1	419	2313	26	67	93	419
CY207738.1	421	1776	0	1	1	1776
CY207738.1	432	746	0	1	1	746
CY207738.1	439	2360	0	2	2	2360
CY207738.1	444	1103	1	0	1	444
CY207738.1	452	2278	0	1	1	2278
CY207738.1	454	2232	1	4	5	454
CY207738.1	458	1665	0	1	1	1665
CY207738.1	459	2285	57	90	147	459
CY207738.1	460	1941	1	0	1	460
CY207738.1	468	1484	0	1	1	1484
CY207738.1	481	2342	0	1	1	2342
CY207738.1	485	974	0	1	1	974
CY207738.1	508	2228	1	0	1	508
CY207738.1	511	2231	112	140	252	511
CY207738.1	515	2195	10	19	29	515
CY207738.1	534	2259	0	3	3	2259
CY207738.1	536	2324	1	0	1	536
CY207738.1	537	587	0	1	1	587
CY207738.1	545	1868	1	0	1	545
CY207738.1	550	2275	0	2	2	2275
CY207738.1	554	1988	2	1	3	554
CY207738.1	565	2090	4	7	11	565
CY207738.1	567	2133	58	91	149	567
CY207738.1	579	2096	2	4	6	579
CY207738.1	587	1682	4	3	7	587
CY207738.1	646	2042	3	0	3	646
CY207738.1	647	1483	0	1	1	1483
CY207738.1	650	880	0	1	1	880
CY207738.1	669	1997	1	1	2	669
CY207738.1	681	1626	2	0	2	681
CY207738.1	695	1641	18	11	29	695
CY207738.1	695	1819	8	7	15	695
CY207738.1	721	1955	3	5	8	721
CY207738.1	729	1138	0	1	1	1138
CY207738.1	733	1831	1	6	7	733
CY207738.1	740	2005	0	1	1	2005
CY207738.1	740	2372	0	1	1	2372
CY207738.1	740	940	1	0	1	740
CY207738.1	751	1939	0	1	1	1939
CY207738.1	762	1783	1	0	1	762
CY207738.1	766	2154	1	2	3	766
CY207738.1	777	1686	3	3	6	777
CY207738.1	779	899	0	1	1	899
CY207738.1	780	1863	0	1	1	1863
CY207738.1	783	1273	0	1	1	1273
CY207738.1	787	1700	0	1	1	1700
CY207738.1	808	1840	3	4	7	808
CY207738.1	811	1752	4	3	7	811
CY207738.1	816	1909	1	0	1	816
CY207738.1	832	1936	4	4	8	832
CY207738.1	846	1716	1	0	1	846
CY207738.1	849	1868	2	3	5	849
CY207738.1	853	1975	0	1	1	1975
CY207738.1	865	1762	6	2	8	865
CY207738.1	897	1993	1	0	1	897
CY207738.1	900	1643	0	1	1	1643
CY207738.1	900	1996	8	14	22	900
CY207738.1	901	1084	1	0	1	901
CY207738.1	901	1810	3	2	5	901
CY207738.1	912	1957	0	1	1	1957
CY207738.1	933	1728	5	4	9	933
CY207738.1	945	1712	1	0	1	945
CY207738.1	946	1794	0	1	1	1794
CY207738.1	998	1727	0	1	1	1727
