Segment	Start	Stop	Forward_support	Reverse_support	Total_support	Fuzz_factor
CY207731.1	1004	1032	1	0	1	1004
CY207731.1	1004	1277	1	0	1	1004
CY207731.1	1013	1599	1	0	1	1013
CY207731.1	1017	1405	0	1	1	1405
CY207731.1	1050	1739	1	0	1	1050
CY207731.1	1054	1347	1	0	1	1054
CY207731.1	1060	1354	1	0	1	1060
CY207731.1	1079	1542	0	1	1	1542
CY207731.1	1089	1777	1	0	1	1089
CY207731.1	1090	1893	0	1	1	1893
CY207731.1	1132	1656	1	0	1	1132
CY207731.1	1144	1554	0	1	1	1554
CY207731.1	1145	1651	1	0	1	1145
CY207731.1	1172	1776	1	0	1	1172
CY207731.1	1184	1890	0	1	1	1890
CY207731.1	1185	1486	0	1	1	1486
CY207731.1	1185	1787	1	0	1	1185
CY207731.1	1199	1682	0	1	1	1682
CY207731.1	1215	1334	0	1	1	1334
CY207731.1	1236	1773	0	1	1	1773
CY207731.1	1246	1638	1	0	1	1246
CY207731.1	1248	1480	1	0	1	1248
CY207731.1	1255	1610	1	0	1	1255
CY207731.1	1255	1733	1	0	1	1255
CY207731.1	1263	1417	0	1	1	1417
CY207731.1	1266	1778	0	1	1	1778
CY207731.1	1284	1312	0	1	1	1312
CY207731.1	1286	1443	1	0	1	1286
CY207731.1	1317	1736	0	1	1	1736
CY207731.1	1328	1627	1	0	1	1328
CY207731.1	1336	1613	0	1	1	1613
CY207731.1	1347	1895	0	1	1	1895
CY207731.1	1363	1522	7	8	15	1363
CY207731.1	1397	1820	1	0	1	1397
CY207731.1	1442	1579	3	2	5	1442
CY207731.1	1449	1581	1	0	1	1449
CY207731.1	1452	1669	0	1	1	1669
CY207731.1	1465	1550	0	1	1	1550
CY207731.1	1481	1907	0	1	1	1907
CY207731.1	1483	1708	1	0	1	1483
CY207731.1	1486	1513	0	1	1	1513
CY207731.1	1487	1729	1	0	1	1487
CY207731.1	1495	1699	1	0	1	1495
CY207731.1	1512	1705	1	0	1	1512
CY207731.1	1512	1710	1	0	1	1512
CY207731.1	1519	1658	0	1	1	1658
CY207731.1	1531	1638	0	1	1	1638
CY207731.1	1538	1786	0	1	1	1786
CY207731.1	1545	1785	1	0	1	1545
CY207731.1	1580	1685	0	1	1	1685
CY207731.1	1611	1717	1	0	1	1611
CY207731.1	1726	1769	1	0	1	1726
CY207731.1	1769	1815	1	0	1	1769
CY207731.1	248	1859	1	0	1	248
CY207731.1	263	786	1	0	1	263
CY207731.1	274	1072	1	0	1	274
CY207731.1	280	1381	1	0	1	280
CY207731.1	283	1416	1	0	1	283
CY207731.1	286	1153	1	0	1	286
CY207731.1	331	595	1	0	1	331
CY207731.1	348	1167	0	1	1	1167
CY207731.1	350	867	0	1	1	867
CY207731.1	354	518	1	0	1	354
CY207731.1	356	948	0	1	1	948
CY207731.1	360	1053	1	0	1	360
CY207731.1	361	1114	0	1	1	1114
CY207731.1	364	438	0	1	1	438
CY207731.1	369	1264	1	0	1	369
CY207731.1	372	1111	0	1	1	1111
CY207731.1	377	892	0	1	1	892
CY207731.1	377	923	1	0	1	377
CY207731.1	379	1499	0	1	1	1499
CY207731.1	381	1512	1	0	1	381
CY207731.1	385	1736	0	1	1	1736
CY207731.1	399	1170	0	1	1	1170
CY207731.1	399	1776	0	1	1	1776
CY207731.1	412	1038	1	0	1	412
CY207731.1	415	1013	0	1	1	1013
CY207731.1	415	449	0	1	1	449
CY207731.1	421	1874	0	1	1	1874
CY207731.1	432	1172	0	1	1	1172
CY207731.1	432	1892	0	1	1	1892
CY207731.1	439	1837	1	0	1	439
CY207731.1	441	1371	0	1	1	1371
CY207731.1	443	1163	0	1	1	1163
CY207731.1	444	1337	0	1	1	1337
CY207731.1	444	685	0	1	1	685
CY207731.1	457	1389	1	0	1	457
CY207731.1	457	557	0	1	1	557
CY207731.1	464	1225	0	1	1	1225
CY207731.1	464	792	0	1	1	792
CY207731.1	466	1202	0	1	1	1202
CY207731.1	471	927	1	0	1	471
CY207731.1	472	1872	0	1	1	1872
CY207731.1	474	1491	0	1	1	1491
CY207731.1	477	1868	1	0	1	477
CY207731.1	486	1540	1	0	1	486
CY207731.1	508	1553	0	1	1	1553
CY207731.1	509	898	1	0	1	509
CY207731.1	515	901	0	1	1	901
CY207731.1	518	1710	1	0	1	518
CY207731.1	525	1229	1	0	1	525
CY207731.1	527	1727	0	1	1	1727
CY207731.1	527	863	0	1	1	863
CY207731.1	529	1066	0	1	1	1066
CY207731.1	529	1605	0	1	1	1605
CY207731.1	540	780	0	1	1	780
CY207731.1	548	1870	0	1	1	1870
CY207731.1	553	1234	0	1	1	1234
CY207731.1	554	1904	0	1	1	1904
CY207731.1	565	1641	13	6	19	565
CY207731.1	571	1303	0	1	1	1303
CY207731.1	571	1394	1	0	1	571
CY207731.1	572	1026	0	1	1	1026
CY207731.1	573	1503	1	0	1	573
CY207731.1	574	601	0	1	1	601
CY207731.1	574	739	0	1	1	739
CY207731.1	581	1746	1	0	1	581
CY207731.1	584	1289	0	1	1	1289
CY207731.1	587	1101	0	1	1	1101
CY207731.1	594	1682	0	1	1	1682
CY207731.1	594	1891	0	1	1	1891
CY207731.1	597	763	0	1	1	763
CY207731.1	618	1212	1	0	1	618
CY207731.1	620	1044	1	0	1	620
CY207731.1	622	866	0	1	1	866
CY207731.1	623	856	0	1	1	856
CY207731.1	636	736	1	0	1	636
CY207731.1	642	1392	1	0	1	642
CY207731.1	647	1587	1	0	1	647
CY207731.1	656	1537	0	1	1	1537
CY207731.1	682	1798	1	0	1	682
CY207731.1	705	1034	0	1	1	1034
CY207731.1	712	1568	0	1	1	1568
CY207731.1	726	1067	1	0	1	726
CY207731.1	735	1028	1	0	1	735
CY207731.1	737	1711	1	0	1	737
CY207731.1	760	1094	0	1	1	1094
CY207731.1	760	1123	1	0	1	760
CY207731.1	799	1267	1	0	1	799
CY207731.1	819	1663	0	1	1	1663
CY207731.1	829	1627	0	1	1	1627
CY207731.1	836	1326	1	0	1	836
CY207731.1	842	1748	1	0	1	842
CY207731.1	845	1475	1	0	1	845
CY207731.1	853	1220	0	1	1	1220
CY207731.1	853	1454	0	1	1	1454
CY207731.1	861	1415	0	1	1	1415
CY207731.1	877	1537	1	0	1	877
CY207731.1	889	1338	0	1	1	1338
CY207731.1	927	1258	1	0	1	927
CY207731.1	938	1805	0	1	1	1805
CY207731.1	945	1112	0	1	1	1112
CY207731.1	950	1314	1	0	1	950
CY207731.1	952	1671	1	0	1	952
CY207731.1	966	1594	0	1	1	1594
CY207731.1	985	1418	0	1	1	1418
CY207731.1	999	1690	1	0	1	999
CY207732.1	1104	1136	0	1	1	1136
CY207732.1	267	954	1	0	1	267
CY207732.1	270	1010	1	0	1	270
CY207732.1	270	1042	1	0	1	270
CY207732.1	272	619	1	0	1	272
CY207732.1	273	517	1	0	1	273
CY207732.1	275	657	13	0	13	275
CY207732.1	278	607	1	0	1	278
CY207732.1	281	844	1	0	1	281
CY207732.1	289	1041	1	0	1	289
CY207732.1	321	802	3	10	13	321
CY207732.1	328	980	1	0	1	328
CY207732.1	335	504	0	1	1	504
CY207732.1	341	447	0	1	1	447
CY207732.1	341	801	0	1	1	801
CY207732.1	341	840	1	0	1	341
CY207732.1	343	584	1	0	1	343
CY207732.1	347	573	3	7	10	347
CY207732.1	350	375	1	0	1	350
CY207732.1	356	556	1	0	1	356
CY207732.1	357	663	1	0	1	357
CY207732.1	359	909	4	23	27	359
CY207732.1	363	630	1	0	1	363
CY207732.1	364	468	0	1	1	468
CY207732.1	369	607	0	1	1	607
CY207732.1	371	936	1	0	1	371
CY207732.1	374	905	0	1	1	905
CY207732.1	378	710	0	1	1	710
CY207732.1	392	530	0	1	1	530
CY207732.1	394	421	1	0	1	394
CY207732.1	394	715	0	1	1	715
CY207732.1	394	798	0	1	1	798
CY207732.1	394	858	0	1	1	858
CY207732.1	394	987	0	1	1	987
CY207732.1	396	625	0	1	1	625
CY207732.1	402	1149	0	1	1	1149
CY207732.1	403	765	0	1	1	765
CY207732.1	403	789	0	1	1	789
CY207732.1	404	825	0	1	1	825
CY207732.1	405	800	1	0	1	405
CY207732.1	409	606	0	1	1	606
CY207732.1	415	533	0	1	1	533
CY207732.1	421	548	0	1	1	548
CY207732.1	421	589	0	1	1	589
CY207732.1	431	632	0	1	1	632
CY207732.1	431	840	0	1	1	840
CY207732.1	435	1043	0	1	1	1043
CY207732.1	443	801	1	0	1	443
CY207732.1	449	594	0	1	1	594
CY207732.1	450	1142	0	1	1	1142
CY207732.1	461	894	0	1	1	894
CY207732.1	467	492	0	1	1	492
CY207732.1	471	978	1	0	1	471
CY207732.1	477	894	0	1	1	894
CY207732.1	478	1111	1	0	1	478
CY207732.1	483	786	0	1	1	786
CY207732.1	489	968	1	0	1	489
CY207732.1	495	944	0	1	1	944
CY207732.1	500	662	0	1	1	662
CY207732.1	502	751	0	1	1	751
CY207732.1	507	1010	1	0	1	507
CY207732.1	509	969	1	0	1	509
CY207732.1	515	998	0	1	1	998
CY207732.1	520	1041	1	0	1	520
CY207732.1	520	726	1	0	1	520
CY207732.1	522	656	1	0	1	522
CY207732.1	535	1004	1	0	1	535
CY207732.1	536	1034	1	0	1	536
CY207732.1	551	1043	0	1	1	1043
CY207732.1	554	992	0	1	1	992
CY207732.1	578	859	0	1	1	859
CY207732.1	582	630	1	0	1	582
CY207732.1	584	981	1	0	1	584
CY207732.1	595	1071	0	1	1	1071
CY207732.1	596	847	1	0	1	596
CY207732.1	606	1171	0	1	1	1171
CY207732.1	606	811	1	1	2	606
CY207732.1	606	832	0	1	1	832
CY207732.1	607	817	0	1	1	817
CY207732.1	613	740	1	0	1	613
CY207732.1	622	815	1	0	1	622
CY207732.1	624	725	1	0	1	624
CY207732.1	625	938	1	0	1	625
CY207732.1	626	705	0	1	1	705
CY207732.1	627	890	0	1	1	890
CY207732.1	629	1168	0	1	1	1168
CY207732.1	629	957	1	0	1	629
CY207732.1	630	826	0	1	1	826
CY207732.1	632	915	1	0	1	632
CY207732.1	649	961	13	9	22	649
CY207732.1	654	930	1	0	1	654
CY207732.1	655	711	1	1	2	655
CY207732.1	665	768	0	1	1	768
CY207732.1	679	815	11	21	32	679
CY207732.1	682	910	1	0	1	682
CY207732.1	683	902	1	0	1	683
CY207732.1	686	947	0	1	1	947
CY207732.1	687	936	1	3	4	687
CY207732.1	690	1142	0	1	1	1142
CY207732.1	697	772	2	5	7	697
CY207732.1	709	1038	1	0	1	709
CY207732.1	711	1055	0	1	1	1055
CY207732.1	715	965	9	6	15	715
CY207732.1	718	860	0	1	1	860
CY207732.1	726	1090	1	0	1	726
CY207732.1	752	1003	1	0	1	752
CY207732.1	760	959	0	1	1	959
CY207732.1	776	821	1	0	1	776
CY207732.1	796	848	1	0	1	796
CY207732.1	800	910	0	1	1	910
CY207732.1	808	873	1	0	1	808
CY207732.1	809	1085	0	1	1	1085
CY207732.1	815	1131	0	1	1	1131
CY207732.1	817	866	1	2	3	817
CY207732.1	832	1143	0	1	1	1143
CY207732.1	853	1035	0	1	1	1035
CY207732.1	861	1054	1	0	1	861
CY207732.1	872	1008	1	0	1	872
CY207732.1	880	1034	0	1	1	1034
CY207732.1	897	1016	1	0	1	897
CY207732.1	907	1041	1	0	1	907
CY207732.1	919	1016	8	5	13	919
CY207732.1	922	1134	0	1	1	1134
CY207732.1	933	1019	7	2	9	933
CY207733.1	1033	1576	0	1	1	1576
CY207733.1	1054	1385	0	1	1	1385
CY207733.1	1079	1292	1	2	3	1079
CY207733.1	1090	1184	3	3	6	1090
CY207733.1	1147	1424	0	1	1	1424
CY207733.1	1178	1411	1	0	1	1178
CY207733.1	1231	1267	1	0	1	1231
CY207733.1	1266	1360	1	0	1	1266
CY207733.1	237	891	1	0	1	237
CY207733.1	242	1226	1	0	1	242
CY207733.1	244	1185	1	0	1	244
CY207733.1	247	578	1	0	1	247
CY207733.1	254	523	1	0	1	254
CY207733.1	256	642	1	0	1	256
CY207733.1	261	576	1	0	1	261
CY207733.1	272	895	1	0	1	272
CY207733.1	276	951	1	1	2	276
CY207733.1	333	1240	2	2	4	333
CY207733.1	339	1025	1	0	1	339
CY207733.1	345	861	0	1	1	861
CY207733.1	360	1483	1	3	4	360
CY207733.1	365	1475	0	1	1	1475
CY207733.1	401	1173	0	1	1	1173
CY207733.1	406	730	1	1	2	406
CY207733.1	427	917	0	1	1	917
CY207733.1	430	596	0	1	1	596
CY207733.1	436	1339	0	1	1	1339
CY207733.1	444	1144	0	1	1	1144
CY207733.1	457	497	2	13	15	457
CY207733.1	488	728	0	1	1	728
CY207733.1	497	1268	1	0	1	497
CY207733.1	498	850	0	1	1	850
CY207733.1	517	766	0	1	1	766
CY207733.1	520	618	1	0	1	520
CY207733.1	529	633	0	1	1	633
CY207733.1	546	1434	1	0	1	546
CY207733.1	550	625	0	1	1	625
CY207733.1	550	734	0	1	1	734
CY207733.1	573	676	1	2	3	573
CY207733.1	609	751	1	0	1	609
CY207733.1	610	747	1	0	1	610
CY207733.1	620	1358	0	1	1	1358
CY207733.1	639	811	1	0	1	639
CY207733.1	640	716	0	1	1	716
CY207733.1	642	694	1	0	1	642
CY207733.1	655	798	1	0	1	655
CY207733.1	710	1052	0	1	1	1052
CY207733.1	721	994	0	1	1	994
CY207733.1	744	1224	0	1	1	1224
CY207733.1	753	823	0	1	1	823
CY207733.1	776	1034	1	0	1	776
CY207733.1	788	866	1	0	1	788
CY207733.1	882	1120	1	0	1	882
CY207733.1	920	1328	1	0	1	920
CY207733.1	941	1346	1	0	1	941
CY207733.1	948	1027	3	3	6	948
CY207734.1	1011	1118	0	1	1	1118
CY207734.1	1012	1084	7	5	12	1012
CY207734.1	1015	1509	1	0	1	1015
CY207734.1	1022	1718	0	1	1	1718
CY207734.1	1030	1638	1	0	1	1030
CY207734.1	1072	1362	1	0	1	1072
CY207734.1	1093	1540	0	1	1	1540
CY207734.1	1148	1258	0	1	1	1258
CY207734.1	1155	1498	1	0	1	1155
CY207734.1	1181	1233	0	1	1	1233
CY207734.1	1193	1511	0	1	1	1511
CY207734.1	1195	1468	0	1	1	1468
CY207734.1	1280	1393	0	1	1	1393
CY207734.1	1283	1319	0	1	1	1319
CY207734.1	1293	1400	1	0	1	1293
CY207734.1	1316	1638	0	1	1	1638
CY207734.1	1318	1546	1	0	1	1318
CY207734.1	1324	1381	0	1	1	1381
CY207734.1	1325	1531	1	0	1	1325
CY207734.1	1328	1417	0	1	1	1417
CY207734.1	1354	1560	1	0	1	1354
CY207734.1	1413	1473	1	0	1	1413
CY207734.1	1442	1566	9	9	18	1442
CY207734.1	1495	1552	1	0	1	1495
CY207734.1	1585	1629	1	0	1	1585
CY207734.1	1604	1725	0	4	4	1725
CY207734.1	253	608	2	0	2	253
CY207734.1	264	1207	1	0	1	264
CY207734.1	271	491	1	0	1	271
CY207734.1	274	1147	1	0	1	274
CY207734.1	281	1356	1	0	1	281
CY207734.1	287	1468	1	0	1	287
CY207734.1	290	1042	1	0	1	290
CY207734.1	310	1540	1	0	1	310
CY207734.1	313	1387	0	1	1	1387
CY207734.1	325	866	1	0	1	325
CY207734.1	336	1294	1	0	1	336
CY207734.1	346	817	0	1	1	817
CY207734.1	350	773	0	1	1	773
CY207734.1	359	813	0	1	1	813
CY207734.1	373	1723	0	1	1	1723
CY207734.1	373	481	0	1	1	481
CY207734.1	379	1704	0	1	1	1704
CY207734.1	385	1192	0	1	1	1192
CY207734.1	385	1539	0	1	1	1539
CY207734.1	389	1123	0	1	1	1123
CY207734.1	397	657	0	1	1	657
CY207734.1	401	1188	1	0	1	401
CY207734.1	401	1254	0	1	1	1254
CY207734.1	405	841	0	1	1	841
CY207734.1	424	1380	1	0	1	424
CY207734.1	426	550	0	1	1	550
CY207734.1	430	1584	0	1	1	1584
CY207734.1	430	902	1	0	1	430
CY207734.1	438	803	0	1	1	803
CY207734.1	440	957	0	1	1	957
CY207734.1	441	1392	0	1	1	1392
CY207734.1	442	577	0	1	1	577
CY207734.1	444	1040	1	0	1	444
CY207734.1	446	958	1	0	1	446
CY207734.1	450	750	1	0	1	450
CY207734.1	460	1435	0	1	1	1435
CY207734.1	461	1295	0	1	1	1295
CY207734.1	484	1364	0	1	1	1364
CY207734.1	486	1481	0	1	1	1481
CY207734.1	487	551	0	1	1	551
CY207734.1	490	1342	1	1	2	490
CY207734.1	509	728	0	1	1	728
CY207734.1	510	1617	0	1	1	1617
CY207734.1	523	851	1	0	1	523
CY207734.1	528	1442	1	0	1	528
CY207734.1	529	1298	1	0	1	529
CY207734.1	535	620	0	1	1	620
CY207734.1	540	1298	0	1	1	1298
CY207734.1	540	649	0	1	1	649
CY207734.1	545	1264	1	0	1	545
CY207734.1	546	1481	0	1	1	1481
CY207734.1	547	1265	1	0	1	547
CY207734.1	552	1193	1	0	1	552
CY207734.1	552	1270	1	0	1	552
CY207734.1	553	1282	1	0	1	553
CY207734.1	558	1517	1	0	1	558
CY207734.1	558	872	1	0	1	558
CY207734.1	578	1322	1	0	1	578
CY207734.1	591	1336	1	0	1	591
CY207734.1	591	1530	0	1	1	1530
CY207734.1	597	1205	1	1	2	597
CY207734.1	602	814	0	1	1	814
CY207734.1	617	747	0	1	1	747
CY207734.1	619	1175	1	0	1	619
CY207734.1	621	1695	0	1	1	1695
CY207734.1	625	1309	1	0	1	625
CY207734.1	625	878	1	0	1	625
CY207734.1	641	836	0	1	1	836
CY207734.1	657	866	0	1	1	866
CY207734.1	678	1562	1	0	1	678
CY207734.1	685	747	1	0	1	685
CY207734.1	687	1506	0	1	1	1506
CY207734.1	690	1053	1	0	1	690
CY207734.1	691	973	1	0	1	691
CY207734.1	695	1294	0	1	1	1294
CY207734.1	697	1314	0	1	1	1314
CY207734.1	706	1496	1	0	1	706
CY207734.1	713	1287	0	1	1	1287
CY207734.1	718	982	1	0	1	718
CY207734.1	738	1135	1	0	1	738
CY207734.1	739	813	0	1	1	813
CY207734.1	749	1055	3	2	5	749
CY207734.1	754	1147	1	0	1	754
CY207734.1	758	825	1	0	1	758
CY207734.1	759	970	0	1	1	970
CY207734.1	764	1389	0	1	1	1389
CY207734.1	775	1441	0	1	1	1441
CY207734.1	787	1505	0	1	1	1505
CY207734.1	813	1281	0	1	1	1281
CY207734.1	816	1588	0	1	1	1588
CY207734.1	826	1606	0	1	1	1606
CY207734.1	830	1439	1	0	1	830
CY207734.1	832	1244	0	1	1	1244
CY207734.1	866	1141	0	1	1	1141
CY207734.1	866	1437	0	1	1	1437
CY207734.1	866	950	0	1	1	950
CY207734.1	871	1523	1	0	1	871
CY207734.1	876	1044	0	1	1	1044
CY207734.1	881	981	0	1	1	981
CY207734.1	884	1494	0	1	1	1494
CY207734.1	884	1598	0	1	1	1598
CY207734.1	890	1368	0	1	1	1368
CY207734.1	902	1051	0	1	1	1051
CY207734.1	923	1240	0	1	1	1240
CY207734.1	937	1416	0	1	1	1416
CY207734.1	942	1093	1	8	9	942
CY207734.1	951	1406	0	1	1	1406
CY207734.1	958	1325	0	1	1	1325
CY207734.1	970	1217	0	1	1	1217
CY207734.1	971	1042	1	6	7	971
CY207734.1	976	1152	0	1	1	1152
CY207734.1	997	1042	0	1	1	1042
CY207735.1	321	867	0	1	1	867
CY207735.1	418	820	7	36	43	418
CY207735.1	447	515	0	1	1	515
CY207735.1	470	705	1	1	2	470
CY207735.1	475	707	1	0	1	475
CY207735.1	511	740	25	106	131	511
CY207735.1	519	746	0	6	6	746
CY207735.1	540	570	0	1	1	570
CY207735.1	629	816	0	1	1	816
CY207735.1	720	825	1	0	1	720
CY207735.1	916	1019	0	1	1	1019
CY207736.1	1020	2185	0	1	1	2185
CY207736.1	1059	1145	2	3	5	1059
CY207736.1	1071	2116	0	1	1	2116
CY207736.1	1076	2345	0	1	1	2345
CY207736.1	1100	2013	0	1	1	2013
CY207736.1	1148	1694	1	0	1	1148
CY207736.1	1158	1877	0	1	1	1877
CY207736.1	1162	2059	0	1	1	2059
CY207736.1	1167	1415	0	1	1	1415
CY207736.1	1171	2297	0	1	1	2297
CY207736.1	1177	2126	0	1	1	2126
CY207736.1	1196	2017	1	0	1	1196
CY207736.1	1197	1825	1	0	1	1197
CY207736.1	1208	1434	1	0	1	1208
CY207736.1	1222	2354	0	1	1	2354
CY207736.1	1225	1353	0	1	1	1353
CY207736.1	1276	1409	1	0	1	1276
CY207736.1	1315	2208	0	2	2	2208
CY207736.1	1343	1424	0	1	1	1424
CY207736.1	1348	2299	1	0	1	1348
CY207736.1	1360	1801	1	0	1	1360
CY207736.1	1400	1782	0	1	1	1782
CY207736.1	1441	1490	1	0	1	1441
CY207736.1	1449	1477	2	0	2	1449
CY207736.1	1462	1967	0	1	1	1967
CY207736.1	1488	1577	0	1	1	1577
CY207736.1	1514	2039	0	1	1	2039
CY207736.1	1554	2177	0	1	1	2177
CY207736.1	1572	2003	0	1	1	2003
CY207736.1	1574	1751	1	0	1	1574
CY207736.1	1607	1713	0	1	1	1713
CY207736.1	1733	2238	1	0	1	1733
CY207736.1	1760	2093	1	0	1	1760
CY207736.1	1768	2253	1	0	1	1768
CY207736.1	1817	1915	0	1	1	1915
CY207736.1	1834	2002	1	1	2	1834
CY207736.1	1859	2005	0	1	1	2005
CY207736.1	1884	1951	0	1	1	1951
CY207736.1	1922	2245	18	11	29	1922
CY207736.1	2069	2141	0	1	1	2141
CY207736.1	283	1926	1	0	1	283
CY207736.1	283	2072	1	0	1	283
CY207736.1	286	1503	1	0	1	286
CY207736.1	289	1786	1	0	1	289
CY207736.1	294	1942	1	0	1	294
CY207736.1	376	920	0	1	1	920
CY207736.1	382	1803	1	0	1	382
CY207736.1	382	1879	1	0	1	382
CY207736.1	386	1689	1	0	1	386
CY207736.1	403	1399	8	9	17	403
CY207736.1	417	838	0	1	1	838
CY207736.1	461	1013	1	0	1	461
CY207736.1	479	669	1	0	1	479
CY207736.1	483	1628	1	0	1	483
CY207736.1	513	2044	1	0	1	513
CY207736.1	513	2172	1	0	1	513
CY207736.1	514	1247	0	1	1	1247
CY207736.1	522	2122	4	0	4	522
CY207736.1	537	565	0	1	1	565
CY207736.1	540	1083	0	1	1	1083
CY207736.1	544	1617	0	1	1	1617
CY207736.1	545	1145	1	0	1	545
CY207736.1	551	1830	1	0	1	551
CY207736.1	557	1564	1	0	1	557
CY207736.1	560	1006	0	1	1	1006
CY207736.1	563	1169	1	0	1	563
CY207736.1	573	605	0	1	1	605
CY207736.1	575	1311	1	0	1	575
CY207736.1	575	1413	1	0	1	575
CY207736.1	596	1397	1	0	1	596
CY207736.1	597	1495	1	0	1	597
CY207736.1	616	656	0	1	1	656
CY207736.1	621	1369	1	0	1	621
CY207736.1	640	1403	0	1	1	1403
CY207736.1	664	1871	1	0	1	664
CY207736.1	672	1297	0	1	1	1297
CY207736.1	678	1955	1	1	2	678
CY207736.1	689	771	0	1	1	771
CY207736.1	697	1413	1	0	1	697
CY207736.1	703	1681	1	0	1	703
CY207736.1	704	1731	0	1	1	1731
CY207736.1	705	1199	0	1	1	1199
CY207736.1	723	1608	0	1	1	1608
CY207736.1	727	1109	1	0	1	727
CY207736.1	756	1681	1	0	1	756
CY207736.1	787	828	0	1	1	828
CY207736.1	793	1393	1	0	1	793
CY207736.1	802	2021	1	0	1	802
CY207736.1	810	1701	1	0	1	810
CY207736.1	817	1739	0	1	1	1739
CY207736.1	819	1639	1	0	1	819
CY207736.1	819	1885	0	1	1	1885
CY207736.1	821	1704	5	1	6	821
CY207736.1	827	1394	1	0	1	827
CY207736.1	837	1036	1	0	1	837
CY207736.1	837	2175	0	1	1	2175
CY207736.1	844	1967	1	0	1	844
CY207736.1	852	1069	0	1	1	1069
CY207736.1	853	1962	0	1	1	1962
CY207736.1	859	1356	1	0	1	859
CY207736.1	879	1713	0	1	1	1713
CY207736.1	899	1670	4	4	8	899
CY207736.1	906	947	0	1	1	947
CY207736.1	912	1880	0	1	1	1880
CY207736.1	917	2361	0	1	1	2361
CY207736.1	919	1629	1	0	1	919
CY207736.1	920	1640	0	1	1	1640
CY207736.1	933	958	0	1	1	958
CY207736.1	937	996	4	2	6	937
CY207736.1	939	2229	0	1	1	2229
CY207736.1	954	2244	0	1	1	2244
CY207736.1	955	1583	1	0	1	955
CY207736.1	957	2064	0	1	1	2064
CY207736.1	970	1799	0	1	1	1799
CY207736.1	981	1409	5	5	10	981
CY207736.1	991	1420	0	1	1	1420
CY207737.1	1024	2352	1	0	1	1024
CY207737.1	1039	1480	1	0	1	1039
CY207737.1	1063	1870	0	1	1	1870
CY207737.1	1104	2036	1	0	1	1104
CY207737.1	1113	1239	1	0	1	1113
CY207737.1	1161	1190	1	0	1	1161
CY207737.1	1270	1484	1	0	1	1270
CY207737.1	1306	2043	4	9	13	1306
CY207737.1	1330	2074	0	1	1	2074
CY207737.1	1341	1755	0	1	1	1755
CY207737.1	1341	2331	0	1	1	2331
CY207737.1	1446	1649	1	1	2	1446
CY207737.1	1552	1816	0	1	1	1816
CY207737.1	1581	2256	8	5	13	1581
CY207737.1	1589	1692	1	0	1	1589
CY207737.1	1590	2259	10	13	23	1590
CY207737.1	1591	1934	0	1	1	1934
CY207737.1	1592	2245	0	1	1	2245
CY207737.1	1593	2263	7	10	17	1593
CY207737.1	1594	1908	1	0	1	1594
CY207737.1	1594	2132	0	1	1	2132
CY207737.1	1599	2252	32	26	58	1599
CY207737.1	1606	1760	4	7	11	1606
CY207737.1	1629	2299	0	2	2	2299
CY207737.1	1631	2292	0	1	1	2292
CY207737.1	1647	2297	0	1	1	2297
CY207737.1	1647	2489	0	1	1	2489
CY207737.1	1673	2318	1	0	1	1673
CY207737.1	1714	1745	1	0	1	1714
CY207737.1	1803	1881	0	1	1	1881
CY207737.1	1946	2373	1	0	1	1946
CY207737.1	1951	2066	1	0	1	1951
CY207737.1	1967	2134	0	1	1	2134
CY207737.1	2273	2345	1	0	1	2273
CY207737.1	240	751	1	0	1	240
CY207737.1	245	1306	1	0	1	245
CY207737.1	255	2449	3	3	6	255
CY207737.1	266	1355	1	0	1	266
CY207737.1	269	2159	1	0	1	269
CY207737.1	317	2186	1	7	8	317
CY207737.1	341	614	2	0	2	341
CY207737.1	404	1637	0	1	1	1637
CY207737.1	482	1974	0	1	1	1974
CY207737.1	492	1490	0	1	1	1490
CY207737.1	496	1978	1	0	1	496
CY207737.1	515	902	1	0	1	515
CY207737.1	538	1164	1	0	1	538
CY207737.1	549	1023	1	0	1	549
CY207737.1	555	2200	1	0	1	555
CY207737.1	557	1602	1	0	1	557
CY207737.1	641	792	0	1	1	792
CY207737.1	650	2230	1	0	1	650
CY207737.1	683	1774	1	0	1	683
CY207737.1	687	2050	1	0	1	687
CY207737.1	696	2489	0	1	1	2489
CY207737.1	702	942	1	0	1	702
CY207737.1	714	1105	1	0	1	714
CY207737.1	755	1325	0	1	1	1325
CY207737.1	755	816	0	1	1	816
CY207737.1	762	799	0	1	1	799
CY207737.1	787	1018	1	0	1	787
CY207737.1	803	1821	0	1	1	1821
CY207737.1	817	2003	1	0	1	817
CY207737.1	820	1106	1	0	1	820
CY207737.1	826	2328	1	0	1	826
CY207737.1	834	1599	1	0	1	834
CY207737.1	837	1368	1	0	1	837
CY207737.1	874	1409	0	1	1	1409
CY207737.1	898	1566	1	0	1	898
CY207737.1	926	1392	1	0	1	926
CY207737.1	933	1651	0	1	1	1651
CY207737.1	934	2298	0	1	1	2298
CY207737.1	941	1975	1	0	1	941
CY207737.1	946	1754	1	0	1	946
CY207737.1	954	2083	1	0	1	954
CY207737.1	967	2044	0	1	1	2044
CY207737.1	984	1228	1	0	1	984
CY207738.1	1015	1198	0	1	1	1198
CY207738.1	1073	1362	0	1	1	1362
CY207738.1	1078	1793	1	0	1	1078
CY207738.1	1081	1251	0	1	1	1251
CY207738.1	1092	1850	0	1	1	1850
CY207738.1	1100	1509	0	1	1	1509
CY207738.1	1104	1484	0	1	1	1484
CY207738.1	1108	1802	1	0	1	1108
CY207738.1	1112	2227	1	0	1	1112
CY207738.1	1125	2201	1	0	1	1125
CY207738.1	1127	2259	4	19	23	1127
CY207738.1	1131	2337	1	0	1	1131
CY207738.1	1139	2272	0	1	1	2272
CY207738.1	1142	1225	0	1	1	1225
CY207738.1	1142	2337	1	0	1	1142
CY207738.1	1159	2310	0	1	1	2310
CY207738.1	1174	1645	0	1	1	1645
CY207738.1	1188	2340	1	0	1	1188
CY207738.1	1207	2248	0	1	1	2248
CY207738.1	1213	1891	1	0	1	1213
CY207738.1	1214	2144	0	1	1	2144
CY207738.1	1220	1780	1	0	1	1220
CY207738.1	1226	2334	0	1	1	2334
CY207738.1	1239	1636	0	1	1	1636
CY207738.1	1245	1497	1	0	1	1245
CY207738.1	1292	1651	1	0	1	1292
CY207738.1	1312	1371	1	0	1	1312
CY207738.1	1329	2192	1	0	1	1329
CY207738.1	1342	1468	0	1	1	1468
CY207738.1	1361	1991	0	1	1	1991
CY207738.1	1388	1963	1	0	1	1388
CY207738.1	1393	1972	0	1	1	1972
CY207738.1	1393	2039	3	6	9	1393
CY207738.1	1444	1515	0	1	1	1515
CY207738.1	1457	1488	0	1	1	1488
CY207738.1	1485	2243	1	0	1	1485
CY207738.1	1496	2045	0	1	1	2045
CY207738.1	1501	1523	1	0	1	1501
CY207738.1	1514	2351	0	1	1	2351
CY207738.1	1522	2374	0	1	1	2374
CY207738.1	1548	2462	0	1	1	2462
CY207738.1	1566	2458	0	1	1	2458
CY207738.1	1570	1940	0	1	1	1940
CY207738.1	1585	2228	0	1	1	2228
CY207738.1	1608	1859	0	1	1	1859
CY207738.1	1627	2232	1	0	1	1627
CY207738.1	1647	2052	1	0	1	1647
CY207738.1	1665	2305	1	0	1	1665
CY207738.1	1672	2042	1	0	1	1672
CY207738.1	1707	2357	1	0	1	1707
CY207738.1	1711	1868	0	1	1	1868
CY207738.1	1715	1765	0	1	1	1765
CY207738.1	1723	2044	1	0	1	1723
CY207738.1	1752	2030	1	0	1	1752
CY207738.1	1753	1974	0	1	1	1974
CY207738.1	1753	2072	1	0	1	1753
CY207738.1	1841	2187	1	0	1	1841
CY207738.1	1894	2404	5	4	9	1894
CY207738.1	1901	2346	1	0	1	1901
CY207738.1	1920	2237	1	0	1	1920
CY207738.1	1926	2098	1	0	1	1926
CY207738.1	1980	2203	0	1	1	2203
CY207738.1	1987	2210	0	1	1	2210
CY207738.1	2003	2054	0	1	1	2054
CY207738.1	2177	2204	0	1	1	2204
CY207738.1	2235	2333	7	0	7	2235
CY207738.1	247	1132	1	0	1	247
CY207738.1	324	1552	1	0	1	324
CY207738.1	332	1228	1	1	2	332
CY207738.1	337	2413	0	1	1	2413
CY207738.1	339	1235	0	1	1	1235
CY207738.1	356	2027	0	1	1	2027
CY207738.1	359	1109	0	1	1	1109
CY207738.1	391	1273	0	1	1	1273
CY207738.1	398	1450	0	1	1	1450
CY207738.1	404	1808	0	1	1	1808
CY207738.1	408	2387	0	1	1	2387
CY207738.1	410	2059	0	1	1	2059
CY207738.1	411	2135	0	1	1	2135
CY207738.1	416	1636	0	1	1	1636
CY207738.1	421	521	0	1	1	521
CY207738.1	430	2412	0	1	1	2412
CY207738.1	440	1398	1	1	2	440
CY207738.1	440	2076	0	1	1	2076
CY207738.1	444	1027	0	1	1	1027
CY207738.1	444	1103	1	0	1	444
CY207738.1	445	1529	1	0	1	445
CY207738.1	446	1308	0	1	1	1308
CY207738.1	452	1720	1	0	1	452
CY207738.1	459	2280	1	0	1	459
CY207738.1	465	1672	0	1	1	1672
CY207738.1	465	760	0	1	1	760
CY207738.1	467	2253	0	1	1	2253
CY207738.1	476	1752	0	1	1	1752
CY207738.1	484	2312	44	20	64	484
CY207738.1	493	1380	0	1	1	1380
CY207738.1	493	1598	1	0	1	493
CY207738.1	501	2458	0	1	1	2458
CY207738.1	508	1095	2	0	2	508
CY207738.1	513	895	1	1	2	513
CY207738.1	519	1103	0	1	1	1103
CY207738.1	529	980	2	0	2	529
CY207738.1	553	1369	0	1	1	1369
CY207738.1	579	1269	0	1	1	1269
CY207738.1	603	2234	0	1	1	2234
CY207738.1	608	776	1	0	1	608
CY207738.1	612	758	1	0	1	612
CY207738.1	639	1400	0	1	1	1400
CY207738.1	639	1992	1	0	1	639
CY207738.1	709	1148	1	0	1	709
CY207738.1	715	2293	1	0	1	715
CY207738.1	751	991	1	0	1	751
CY207738.1	760	1992	11	11	22	760
CY207738.1	787	2035	0	1	1	2035
CY207738.1	802	2220	0	1	1	2220
CY207738.1	829	888	1	0	1	829
CY207738.1	832	1753	0	1	1	1753
CY207738.1	847	1020	0	1	1	1020
CY207738.1	896	1101	1	4	5	896
CY207738.1	897	1372	1	0	1	897
CY207738.1	940	2177	0	1	1	2177
CY207738.1	943	2336	0	1	1	2336
CY207738.1	979	2141	6	10	16	979
