Segment	Start	Stop	Forward_support	Reverse_support	Total_support	Fuzz_factor
CY207731.1	1018	1214	2	13	15	1018
CY207731.1	1685	1753	1	0	1	1685
CY207731.1	355	438	0	1	1	438
CY207731.1	381	409	0	1	1	409
CY207731.1	383	1734	5	46	51	383
CY207731.1	423	1913	0	1	1	1913
CY207731.1	436	1631	0	1	1	1631
CY207731.1	526	1608	1	0	1	526
CY207731.1	602	1798	1	0	1	602
CY207731.1	913	953	1	0	1	913
CY207731.1	949	1066	1	0	1	949
CY207732.1	279	957	0	1	1	957
CY207732.1	341	992	0	1	1	992
CY207732.1	718	860	0	1	1	860
CY207732.1	725	756	0	1	1	756
CY207732.1	790	833	1	0	1	790
CY207733.1	1153	1186	0	1	1	1186
CY207733.1	247	1410	1	0	1	247
CY207733.1	659	811	0	1	1	811
CY207734.1	1562	1686	0	6	6	1686
CY207734.1	286	713	1	0	1	286
CY207734.1	437	1681	0	1	1	1681
CY207734.1	440	957	1	0	1	440
CY207734.1	563	819	0	1	1	819
CY207734.1	583	765	1	0	1	583
CY207734.1	786	1525	1	0	1	786
CY207734.1	985	1096	0	1	1	1096
CY207735.1	511	740	4	5	9	511
CY207736.1	1086	1588	0	1	1	1588
CY207736.1	1088	2370	0	1	1	2370
CY207736.1	1447	1631	1	0	1	1447
CY207736.1	304	2077	1	3	4	304
CY207736.1	345	367	0	5	5	367
CY207736.1	388	2285	0	3	3	2285
CY207736.1	448	500	5	23	28	448
CY207736.1	449	1914	0	1	1	1914
CY207736.1	507	2029	2	0	2	507
CY207736.1	539	566	6	6	12	539
CY207736.1	638	1891	6	0	6	638
CY207736.1	657	1895	0	1	1	1895
CY207736.1	737	1896	9	6	15	737
CY207736.1	895	1476	0	1	1	1476
CY207737.1	1015	2050	6	10	16	1015
CY207737.1	1320	1921	0	1	1	1921
CY207737.1	248	273	3	0	3	248
CY207737.1	510	675	0	1	1	675
CY207737.1	520	2101	1	1	2	520
CY207737.1	740	1263	1	0	1	740
CY207737.1	778	1879	0	1	1	1879
CY207738.1	1311	2287	1	1	2	1311
CY207738.1	1923	1947	0	1	1	1947
CY207738.1	366	2320	12	24	36	366
CY207738.1	395	767	0	1	1	767
CY207738.1	435	634	0	1	1	634
CY207738.1	482	2218	1	0	1	482
CY207738.1	729	1859	1	1	2	729
CY207738.1	747	2031	5	6	11	747
CY207738.1	824	2084	7	6	13	824
