Segment	Start	Stop	Forward_support	Reverse_support	Total_support	Fuzz_factor
CY207731.1	1012	1083	0	1	1	1083
CY207731.1	1072	1714	0	1	1	1714
CY207731.1	1089	1283	1	0	1	1089
CY207731.1	1115	1191	0	1	1	1191
CY207731.1	1122	1248	1	0	1	1122
CY207731.1	1282	1522	0	1	1	1522
CY207731.1	1309	1761	1	0	1	1309
CY207731.1	1310	1900	0	1	1	1900
CY207731.1	1357	1416	3	4	7	1357
CY207731.1	1471	1750	0	1	1	1750
CY207731.1	1624	1667	0	1	1	1667
CY207731.1	1695	1746	4	2	6	1695
CY207731.1	252	1534	1	0	1	252
CY207731.1	279	570	1	0	1	279
CY207731.1	332	438	1	0	1	332
CY207731.1	355	658	1	0	1	355
CY207731.1	364	1497	0	1	1	1497
CY207731.1	372	1673	0	1	1	1673
CY207731.1	404	1583	0	1	1	1583
CY207731.1	413	1329	0	1	1	1329
CY207731.1	419	1254	1	0	1	419
CY207731.1	421	582	0	1	1	582
CY207731.1	481	716	0	1	1	716
CY207731.1	490	972	1	0	1	490
CY207731.1	499	1177	0	1	1	1177
CY207731.1	556	736	0	1	1	736
CY207731.1	563	872	0	1	1	872
CY207731.1	573	663	0	1	1	663
CY207731.1	574	1625	1	0	1	574
CY207731.1	590	986	0	1	1	986
CY207731.1	603	1734	1	0	1	603
CY207731.1	636	1582	0	1	1	1582
CY207731.1	646	1330	1	0	1	646
CY207731.1	658	980	1	1	2	658
CY207731.1	663	1069	1	0	1	663
CY207731.1	708	797	1	0	1	708
CY207731.1	746	1655	0	1	1	1655
CY207731.1	846	1505	1	0	1	846
CY207731.1	861	1755	1	0	1	861
CY207731.1	874	1502	0	1	1	1502
CY207731.1	912	1412	0	1	1	1412
CY207731.1	918	1239	1	0	1	918
CY207731.1	970	1659	1	0	1	970
CY207732.1	240	977	1	0	1	240
CY207732.1	266	951	1	0	1	266
CY207732.1	268	550	5	0	5	268
CY207732.1	268	639	1	0	1	268
CY207732.1	268	819	1	0	1	268
CY207732.1	273	745	1	0	1	273
CY207732.1	275	848	3	0	3	275
CY207732.1	287	434	1	0	1	287
CY207732.1	341	672	0	1	1	672
CY207732.1	347	573	0	6	6	573
CY207732.1	355	608	0	1	1	608
CY207732.1	374	426	0	1	1	426
CY207732.1	377	1054	0	1	1	1054
CY207732.1	380	889	0	1	1	889
CY207732.1	382	632	0	1	1	632
CY207732.1	387	936	0	1	1	936
CY207732.1	407	1066	0	1	1	1066
CY207732.1	408	798	0	1	1	798
CY207732.1	419	998	1	0	1	419
CY207732.1	421	1025	0	1	1	1025
CY207732.1	435	467	0	1	1	467
CY207732.1	438	604	0	1	1	604
CY207732.1	441	884	4	30	34	441
CY207732.1	442	483	0	11	11	483
CY207732.1	477	636	1	0	1	477
CY207732.1	483	527	0	1	1	527
CY207732.1	483	954	0	1	1	954
CY207732.1	491	853	0	1	1	853
CY207732.1	495	856	0	1	1	856
CY207732.1	498	645	0	1	1	645
CY207732.1	500	1015	1	0	1	500
CY207732.1	500	716	1	0	1	500
CY207732.1	504	631	0	1	1	631
CY207732.1	524	980	1	0	1	524
CY207732.1	535	924	0	1	1	924
CY207732.1	553	795	1	0	1	553
CY207732.1	566	1057	1	0	1	566
CY207732.1	566	716	1	0	1	566
CY207732.1	577	1038	1	0	1	577
CY207732.1	585	1011	1	0	1	585
CY207732.1	609	658	3	4	7	609
CY207732.1	622	860	1	0	1	622
CY207732.1	678	793	1	0	1	678
CY207732.1	697	772	1	4	5	697
CY207732.1	718	860	0	1	1	860
CY207732.1	749	1093	0	1	1	1093
CY207732.1	788	983	1	0	1	788
CY207732.1	801	978	0	1	1	978
CY207732.1	804	1014	11	1	12	804
CY207732.1	817	866	7	3	10	817
CY207732.1	817	992	0	1	1	992
CY207732.1	818	854	2	6	8	818
CY207732.1	880	1159	0	1	1	1159
CY207732.1	881	1012	3	2	5	881
CY207732.1	908	1089	0	1	1	1089
CY207732.1	943	972	1	0	1	943
CY207732.1	985	1133	0	1	1	1133
CY207733.1	1006	1102	0	1	1	1102
CY207733.1	1039	1412	0	1	1	1412
CY207733.1	1127	1350	0	1	1	1350
CY207733.1	1150	1224	1	2	3	1150
CY207733.1	1237	1499	0	1	1	1499
CY207733.1	1293	1481	0	1	1	1481
CY207733.1	1310	1467	2	1	3	1310
CY207733.1	1354	1390	1	0	1	1354
CY207733.1	244	1043	1	0	1	244
CY207733.1	329	1493	0	4	4	1493
CY207733.1	385	1419	1	6	7	385
CY207733.1	418	1304	1	0	1	418
CY207733.1	427	1109	0	1	1	1109
CY207733.1	435	528	0	1	1	528
CY207733.1	448	585	0	1	1	585
CY207733.1	489	1350	1	0	1	489
CY207733.1	554	595	0	1	1	595
CY207733.1	589	744	1	0	1	589
CY207733.1	602	758	1	0	1	602
CY207733.1	614	811	0	1	1	811
CY207733.1	799	1513	0	1	1	1513
CY207733.1	905	1092	0	1	1	1092
CY207733.1	950	984	0	1	1	984
CY207733.1	953	1419	0	1	1	1419
CY207734.1	1170	1534	1	0	1	1170
CY207734.1	1279	1342	2	2	4	1279
CY207734.1	1279	1694	0	1	1	1694
CY207734.1	1421	1544	2	1	3	1421
CY207734.1	1545	1580	0	1	1	1580
CY207734.1	242	1575	1	0	1	242
CY207734.1	245	1521	1	0	1	245
CY207734.1	275	1352	1	0	1	275
CY207734.1	319	770	0	1	1	770
CY207734.1	339	1237	0	1	1	1237
CY207734.1	364	1494	1	0	1	364
CY207734.1	388	1373	0	1	1	1373
CY207734.1	456	1095	0	1	1	1095
CY207734.1	469	1624	0	1	1	1624
CY207734.1	481	544	1	0	1	481
CY207734.1	515	1107	0	1	1	1107
CY207734.1	549	1204	1	0	1	549
CY207734.1	561	1388	1	0	1	561
CY207734.1	596	738	0	1	1	738
CY207734.1	619	1248	1	0	1	619
CY207734.1	633	1186	1	0	1	633
CY207734.1	680	1469	7	4	11	680
CY207734.1	725	986	1	5	6	725
CY207734.1	744	886	0	1	1	886
CY207734.1	824	1049	4	3	7	824
CY207734.1	842	1623	1	0	1	842
CY207734.1	877	1337	1	0	1	877
CY207734.1	896	1186	0	2	2	1186
CY207734.1	905	1485	0	1	1	1485
CY207734.1	941	1053	1	0	1	941
CY207734.1	942	1252	3	6	9	942
CY207734.1	976	1509	10	7	17	976
CY207735.1	345	1022	0	1	1	1022
CY207735.1	476	761	0	1	1	761
CY207735.1	511	740	30	80	110	511
CY207736.1	1056	1557	0	1	1	1557
CY207736.1	1168	2011	1	0	1	1168
CY207736.1	1211	2336	0	1	1	2336
CY207736.1	1219	1950	0	1	1	1950
CY207736.1	1234	1429	0	1	1	1429
CY207736.1	1308	2345	0	1	1	2345
CY207736.1	1448	2067	0	1	1	2067
CY207736.1	1509	1962	3	6	9	1509
CY207736.1	1519	1974	0	1	1	1974
CY207736.1	1563	1972	1	0	1	1563
CY207736.1	1583	2270	1	0	1	1583
CY207736.1	1828	1924	1	0	1	1828
CY207736.1	1846	2039	0	1	1	2039
CY207736.1	1922	2245	1	8	9	1922
CY207736.1	1929	2253	0	1	1	2253
CY207736.1	2215	2271	1	0	1	2215
CY207736.1	2218	2327	1	0	1	2218
CY207736.1	386	1038	1	0	1	386
CY207736.1	386	2168	0	1	1	2168
CY207736.1	402	428	0	1	1	428
CY207736.1	434	2144	0	1	1	2144
CY207736.1	449	516	1	0	1	449
CY207736.1	477	555	3	1	4	477
CY207736.1	478	2010	1	1	2	478
CY207736.1	596	2002	1	2	3	596
CY207736.1	598	646	2	0	2	598
CY207736.1	604	878	1	0	1	604
CY207736.1	628	1945	6	5	11	628
CY207736.1	723	1994	2	6	8	723
CY207736.1	727	2105	1	2	3	727
CY207736.1	749	1736	0	1	1	1736
CY207736.1	810	1035	1	0	1	810
CY207736.1	830	1840	0	1	1	1840
CY207736.1	842	1934	5	3	8	842
CY207736.1	843	2341	0	1	1	2341
CY207736.1	908	1657	2	1	3	908
CY207736.1	985	1496	0	1	1	1496
CY207736.1	996	1822	3	5	8	996
CY207737.1	1282	2371	1	0	1	1282
CY207737.1	1354	2165	1	0	1	1354
CY207737.1	1410	2103	0	1	1	2103
CY207737.1	1741	1797	5	3	8	1741
CY207737.1	1789	1895	0	1	1	1895
CY207737.1	2028	2135	1	3	4	2028
CY207737.1	282	725	1	0	1	282
CY207737.1	357	2272	1	0	1	357
CY207737.1	358	2208	0	3	3	2208
CY207737.1	362	2205	4	28	32	362
CY207737.1	459	1431	0	1	1	1431
CY207737.1	470	2225	0	1	1	2225
CY207737.1	474	2256	1	0	1	474
CY207737.1	501	2490	0	9	9	2490
CY207737.1	509	2497	0	1	1	2497
CY207737.1	556	829	0	1	1	829
CY207737.1	663	1279	0	1	1	1279
CY207737.1	748	2013	2	1	3	748
CY207737.1	774	1710	1	0	1	774
CY207737.1	911	1114	0	1	1	1114
CY207737.1	935	2095	0	1	1	2095
CY207738.1	1115	2182	3	10	13	1115
CY207738.1	1202	2363	1	0	1	1202
CY207738.1	1204	2217	1	4	5	1204
CY207738.1	1323	2174	0	1	1	2174
CY207738.1	1476	2136	1	0	1	1476
CY207738.1	1597	2474	0	1	1	2474
CY207738.1	1618	1678	0	1	1	1678
CY207738.1	1652	1713	0	1	1	1713
CY207738.1	1690	1883	0	1	1	1883
CY207738.1	1692	1795	0	1	1	1795
CY207738.1	1719	1757	1	0	1	1719
CY207738.1	1756	2373	1	0	1	1756
CY207738.1	2096	2184	0	3	3	2184
CY207738.1	2345	2371	0	1	1	2371
CY207738.1	247	2338	1	0	1	247
CY207738.1	272	1659	1	0	1	272
CY207738.1	288	407	1	0	1	288
CY207738.1	303	2401	1	0	1	303
CY207738.1	346	1330	0	1	1	1330
CY207738.1	367	2365	5	20	25	367
CY207738.1	406	1577	0	1	1	1577
CY207738.1	421	2173	0	3	3	2173
CY207738.1	421	2461	0	1	1	2461
CY207738.1	425	833	0	1	1	833
CY207738.1	435	2217	4	54	58	435
CY207738.1	436	2395	0	1	1	2395
CY207738.1	532	2364	0	1	1	2364
CY207738.1	547	1712	0	1	1	1712
CY207738.1	565	1318	0	1	1	1318
CY207738.1	616	1787	0	1	1	1787
CY207738.1	616	875	1	0	1	616
CY207738.1	651	1884	0	1	1	1884
CY207738.1	706	1688	1	0	1	706
CY207738.1	730	1938	0	1	1	1938
CY207738.1	784	1884	0	1	1	1884
CY207738.1	861	1691	1	0	1	861
CY207738.1	862	2457	0	1	1	2457
CY207738.1	875	2106	1	0	1	875
CY207738.1	935	2016	2	6	8	935
CY207738.1	951	1330	0	1	1	1330
