Segment	Start	Stop	Forward_support	Reverse_support	Total_support	Fuzz_factor
CY207731.1	1001	1284	0	1	1	1284
CY207731.1	1002	1908	0	1	1	1908
CY207731.1	1018	1214	0	3	3	1214
CY207731.1	1025	1707	0	1	1	1707
CY207731.1	1044	1876	0	1	1	1876
CY207731.1	1044	1877	0	1	1	1877
CY207731.1	1061	1801	1	0	1	1061
CY207731.1	1064	1100	1	0	1	1064
CY207731.1	1064	1888	0	1	1	1888
CY207731.1	1089	1782	1	0	1	1089
CY207731.1	1102	1228	0	1	1	1228
CY207731.1	1104	1406	0	1	1	1406
CY207731.1	1140	1216	0	1	1	1216
CY207731.1	1150	1700	1	0	1	1150
CY207731.1	1176	1716	0	1	1	1716
CY207731.1	1245	1558	1	0	1	1245
CY207731.1	1246	1855	0	1	1	1855
CY207731.1	1248	1410	1	0	1	1248
CY207731.1	1306	1414	1	0	1	1306
CY207731.1	1357	1416	0	1	1	1416
CY207731.1	1419	1553	0	1	1	1553
CY207731.1	1484	1574	0	1	1	1574
CY207731.1	1497	1883	0	1	1	1883
CY207731.1	1631	1706	0	5	5	1706
CY207731.1	1634	1694	0	1	1	1694
CY207731.1	1681	1705	2	0	2	1681
CY207731.1	1731	1755	0	1	1	1755
CY207731.1	243	289	1	0	1	243
CY207731.1	245	300	1	0	1	245
CY207731.1	252	330	5	0	5	252
CY207731.1	262	1169	1	0	1	262
CY207731.1	266	1670	8	0	8	266
CY207731.1	266	295	2	0	2	266
CY207731.1	269	1672	1	0	1	269
CY207731.1	273	1399	2	0	2	273
CY207731.1	297	1750	1	0	1	297
CY207731.1	321	1419	49	43	92	321
CY207731.1	321	1706	0	3	3	1706
CY207731.1	322	1420	0	1	1	1420
CY207731.1	336	1749	1	0	1	336
CY207731.1	348	1593	0	2	2	1593
CY207731.1	349	1816	0	1	1	1816
CY207731.1	359	1511	0	4	4	1511
CY207731.1	375	1357	1	0	1	375
CY207731.1	377	1592	0	1	1	1592
CY207731.1	377	1747	0	2	2	1747
CY207731.1	377	493	0	1	1	493
CY207731.1	380	1464	0	1	1	1464
CY207731.1	383	1093	0	1	1	1093
CY207731.1	385	1749	1	0	1	385
CY207731.1	393	1593	3	2	5	393
CY207731.1	398	488	0	1	1	488
CY207731.1	401	475	0	1	1	475
CY207731.1	415	438	1	0	1	415
CY207731.1	419	1593	0	1	1	1593
CY207731.1	419	1685	2	1	3	419
CY207731.1	421	1613	0	1	1	1613
CY207731.1	423	1694	1	2	3	423
CY207731.1	423	1755	0	1	1	1755
CY207731.1	424	1582	0	1	1	1582
CY207731.1	435	1349	1	0	1	435
CY207731.1	447	495	0	1	1	495
CY207731.1	449	1375	0	1	1	1375
CY207731.1	452	1588	1	4	5	452
CY207731.1	455	1590	0	1	1	1590
CY207731.1	456	1665	1	0	1	456
CY207731.1	463	946	1	0	1	463
CY207731.1	472	1616	0	1	1	1616
CY207731.1	476	1593	3	4	7	476
CY207731.1	476	845	1	0	1	476
CY207731.1	477	985	0	1	1	985
CY207731.1	479	525	0	1	1	525
CY207731.1	485	1577	4	7	11	485
CY207731.1	493	1491	0	1	1	1491
CY207731.1	494	999	1	0	1	494
CY207731.1	498	530	0	1	1	530
CY207731.1	500	522	1	0	1	500
CY207731.1	518	1560	1	0	1	518
CY207731.1	536	1581	0	1	1	1581
CY207731.1	549	1211	1	0	1	549
CY207731.1	553	1383	1	0	1	553
CY207731.1	561	1018	0	2	2	1018
CY207731.1	562	1396	2	0	2	562
CY207731.1	565	1641	1	1	2	565
CY207731.1	575	1426	10	0	10	575
CY207731.1	591	1057	0	1	1	1057
CY207731.1	613	1613	0	1	1	1613
CY207731.1	636	1157	0	1	1	1157
CY207731.1	654	1013	1	0	1	654
CY207731.1	676	927	0	1	1	927
CY207731.1	750	1131	0	1	1	1131
CY207731.1	793	1216	0	1	1	1216
CY207731.1	809	1417	0	1	1	1417
CY207731.1	814	1218	0	1	1	1218
CY207731.1	851	1390	0	1	1	1390
CY207731.1	858	1562	1	0	1	858
CY207731.1	964	1040	1	0	1	964
CY207731.1	977	1884	0	1	1	1884
CY207731.1	981	1123	1	0	1	981
CY207731.1	984	1282	0	1	1	1282
CY207731.1	993	1773	0	1	1	1773
CY207731.1	996	1432	1	0	1	996
CY207732.1	1058	1157	0	1	1	1157
CY207732.1	267	1182	0	1	1	1182
CY207732.1	267	840	2	0	2	267
CY207732.1	268	897	1	0	1	268
CY207732.1	285	693	1	0	1	285
CY207732.1	341	742	1	0	1	341
CY207732.1	342	600	0	2	2	600
CY207732.1	344	732	0	1	1	732
CY207732.1	347	573	0	1	1	573
CY207732.1	348	643	0	1	1	643
CY207732.1	348	887	0	1	1	887
CY207732.1	357	476	0	1	1	476
CY207732.1	361	551	0	1	1	551
CY207732.1	363	1062	1	0	1	363
CY207732.1	363	710	0	1	1	710
CY207732.1	366	1160	0	1	1	1160
CY207732.1	378	666	0	1	1	666
CY207732.1	382	1002	1	0	1	382
CY207732.1	402	945	0	1	1	945
CY207732.1	404	632	0	1	1	632
CY207732.1	410	1052	1	0	1	410
CY207732.1	414	541	0	1	1	541
CY207732.1	419	735	1	0	1	419
CY207732.1	421	468	0	1	1	468
CY207732.1	427	454	0	1	1	454
CY207732.1	434	678	1	4	5	434
CY207732.1	434	937	1	0	1	434
CY207732.1	440	496	1	0	1	440
CY207732.1	441	884	0	1	1	884
CY207732.1	445	467	0	1	1	467
CY207732.1	445	863	1	0	1	445
CY207732.1	457	873	0	1	1	873
CY207732.1	458	1182	0	1	1	1182
CY207732.1	461	1071	1	0	1	461
CY207732.1	470	948	1	0	1	470
CY207732.1	477	1027	0	1	1	1027
CY207732.1	484	730	0	1	1	730
CY207732.1	485	632	0	1	1	632
CY207732.1	485	660	0	1	1	660
CY207732.1	485	748	0	1	1	748
CY207732.1	523	800	1	0	1	523
CY207732.1	524	624	0	1	1	624
CY207732.1	529	1022	0	1	1	1022
CY207732.1	529	593	0	1	1	593
CY207732.1	533	1021	1	0	1	533
CY207732.1	541	836	0	3	3	836
CY207732.1	544	936	1	0	1	544
CY207732.1	548	994	0	1	1	994
CY207732.1	566	824	0	1	1	824
CY207732.1	583	846	0	1	1	846
CY207732.1	589	862	2	0	2	589
CY207732.1	622	954	0	1	1	954
CY207732.1	629	999	1	0	1	629
CY207732.1	633	710	0	1	1	710
CY207732.1	679	815	0	1	1	815
CY207732.1	681	736	0	1	1	736
CY207732.1	715	965	1	0	1	715
CY207732.1	716	896	1	0	1	716
CY207732.1	718	860	0	1	1	860
CY207732.1	718	959	0	1	1	959
CY207732.1	720	1068	1	0	1	720
CY207732.1	720	882	0	1	1	882
CY207732.1	781	910	1	0	1	781
CY207732.1	803	1034	2	0	2	803
CY207732.1	817	866	0	1	1	866
CY207732.1	818	854	0	1	1	854
CY207732.1	908	1087	0	1	1	1087
CY207732.1	915	1030	0	1	1	1030
CY207733.1	1001	1432	0	1	1	1432
CY207733.1	1061	1111	1	0	1	1061
CY207733.1	1092	1433	1	0	1	1092
CY207733.1	1169	1588	0	1	1	1588
CY207733.1	1256	1487	1	0	1	1256
CY207733.1	1298	1352	0	1	1	1352
CY207733.1	1480	1553	1	1	2	1480
CY207733.1	1531	1605	0	1	1	1605
CY207733.1	263	1493	1	0	1	263
CY207733.1	270	747	1	0	1	270
CY207733.1	272	1481	1	0	1	272
CY207733.1	289	1445	1	0	1	289
CY207733.1	310	1467	5	0	5	310
CY207733.1	331	1444	1	0	1	331
CY207733.1	335	998	0	1	1	998
CY207733.1	338	383	0	1	1	383
CY207733.1	359	1427	1	0	1	359
CY207733.1	360	1413	1	0	1	360
CY207733.1	360	1433	1	0	1	360
CY207733.1	375	1080	0	1	1	1080
CY207733.1	380	1414	0	1	1	1414
CY207733.1	380	1493	2	0	2	380
CY207733.1	382	1371	1	0	1	382
CY207733.1	385	1419	0	1	1	1419
CY207733.1	393	1392	0	1	1	1392
CY207733.1	395	1496	32	25	57	395
CY207733.1	404	1252	3	1	4	404
CY207733.1	439	1116	1	0	1	439
CY207733.1	443	1334	0	1	1	1334
CY207733.1	461	1158	0	1	1	1158
CY207733.1	466	998	1	0	1	466
CY207733.1	507	754	0	1	1	754
CY207733.1	515	1121	0	1	1	1121
CY207733.1	552	835	1	0	1	552
CY207733.1	580	657	1	0	1	580
CY207733.1	588	1231	1	0	1	588
CY207733.1	640	1346	1	0	1	640
CY207733.1	664	1268	0	1	1	1268
CY207733.1	671	879	0	1	1	879
CY207733.1	719	820	0	1	1	820
CY207733.1	733	1406	1	0	1	733
CY207733.1	802	1172	1	0	1	802
CY207733.1	803	1209	0	1	1	1209
CY207733.1	839	1369	0	1	1	1369
CY207733.1	852	1477	0	1	1	1477
CY207733.1	893	959	0	1	1	959
CY207733.1	905	1120	0	1	1	1120
CY207733.1	948	1027	2	1	3	948
CY207733.1	958	1472	1	0	1	958
CY207733.1	985	1256	1	0	1	985
CY207733.1	990	1329	1	0	1	990
CY207734.1	1014	1449	1	0	1	1014
CY207734.1	1139	1230	0	1	1	1230
CY207734.1	1181	1617	1	0	1	1181
CY207734.1	1192	1513	0	1	1	1513
CY207734.1	1224	1250	0	1	1	1250
CY207734.1	1230	1392	0	1	1	1392
CY207734.1	1260	1670	0	1	1	1670
CY207734.1	1292	1373	1	0	1	1292
CY207734.1	1326	1490	1	0	1	1326
CY207734.1	1341	1437	1	0	1	1341
CY207734.1	1349	1388	0	1	1	1388
CY207734.1	1366	1693	0	1	1	1693
CY207734.1	1397	1541	1	0	1	1397
CY207734.1	1398	1533	0	1	1	1533
CY207734.1	1406	1595	0	1	1	1595
CY207734.1	1435	1469	0	1	1	1469
CY207734.1	1435	1512	0	1	1	1512
CY207734.1	1461	1565	0	1	1	1565
CY207734.1	1488	1701	0	1	1	1701
CY207734.1	1493	1558	0	1	1	1558
CY207734.1	1536	1572	1	0	1	1536
CY207734.1	1561	1597	0	1	1	1597
CY207734.1	1562	1586	1	0	1	1562
CY207734.1	1562	1686	0	1	1	1686
CY207734.1	1572	1598	1	0	1	1572
CY207734.1	1580	1697	0	1	1	1697
CY207734.1	1604	1725	0	1	1	1725
CY207734.1	1622	1712	0	1	1	1712
CY207734.1	1651	1695	0	1	1	1695
CY207734.1	246	603	1	0	1	246
CY207734.1	246	690	1	0	1	246
CY207734.1	255	1432	1	0	1	255
CY207734.1	259	1622	1	0	1	259
CY207734.1	279	1278	1	0	1	279
CY207734.1	331	360	0	1	1	360
CY207734.1	339	1340	0	1	1	1340
CY207734.1	371	978	1	0	1	371
CY207734.1	374	485	0	1	1	485
CY207734.1	375	1127	1	0	1	375
CY207734.1	377	1034	0	1	1	1034
CY207734.1	377	1577	0	1	1	1577
CY207734.1	396	1505	2	2	4	396
CY207734.1	402	1696	0	1	1	1696
CY207734.1	402	543	1	0	1	402
CY207734.1	414	749	0	1	1	749
CY207734.1	418	1350	0	1	1	1350
CY207734.1	418	486	1	0	1	418
CY207734.1	428	608	0	1	1	608
CY207734.1	429	1491	0	1	1	1491
CY207734.1	434	539	1	0	1	434
CY207734.1	437	1490	0	1	1	1490
CY207734.1	437	1537	0	1	1	1537
CY207734.1	448	1255	1	0	1	448
CY207734.1	462	1344	0	1	1	1344
CY207734.1	462	1437	1	0	1	462
CY207734.1	465	493	1	0	1	465
CY207734.1	470	1356	1	0	1	470
CY207734.1	477	919	1	0	1	477
CY207734.1	478	1662	0	1	1	1662
CY207734.1	492	910	0	1	1	910
CY207734.1	498	1694	0	1	1	1694
CY207734.1	500	562	0	1	1	562
CY207734.1	510	1362	0	2	2	1362
CY207734.1	514	1588	1	0	1	514
CY207734.1	521	609	0	1	1	609
CY207734.1	521	841	1	0	1	521
CY207734.1	522	695	0	1	1	695
CY207734.1	523	1067	1	0	1	523
CY207734.1	528	763	1	0	1	528
CY207734.1	547	748	1	0	1	547
CY207734.1	554	1357	1	0	1	554
CY207734.1	559	1219	0	1	1	1219
CY207734.1	577	1522	1	0	1	577
CY207734.1	591	1253	0	1	1	1253
CY207734.1	591	668	1	0	1	591
CY207734.1	593	1235	1	0	1	593
CY207734.1	598	1429	0	1	1	1429
CY207734.1	599	1337	2	0	2	599
CY207734.1	600	1513	1	0	1	600
CY207734.1	601	1237	1	0	1	601
CY207734.1	652	935	1	0	1	652
CY207734.1	653	1210	0	1	1	1210
CY207734.1	668	1263	0	1	1	1263
CY207734.1	676	1364	1	0	1	676
CY207734.1	718	868	1	0	1	718
CY207734.1	719	1420	1	0	1	719
CY207734.1	719	900	0	1	1	900
CY207734.1	722	1500	0	1	1	1500
CY207734.1	731	1561	1	0	1	731
CY207734.1	734	1029	1	0	1	734
CY207734.1	752	1193	1	0	1	752
CY207734.1	765	1540	1	0	1	765
CY207734.1	784	957	0	1	1	957
CY207734.1	788	1086	1	0	1	788
CY207734.1	795	870	0	1	1	870
CY207734.1	798	1416	0	1	1	1416
CY207734.1	800	1551	0	1	1	1551
CY207734.1	802	1522	0	1	1	1522
CY207734.1	824	1049	1	0	1	824
CY207734.1	836	992	1	0	1	836
CY207734.1	845	964	1	0	1	845
CY207734.1	873	1204	0	1	1	1204
CY207734.1	880	1008	0	1	1	1008
CY207734.1	906	955	0	1	1	955
CY207734.1	917	1121	1	0	1	917
CY207734.1	925	1203	0	1	1	1203
CY207734.1	937	1485	1	0	1	937
CY207734.1	954	1184	0	1	1	1184
CY207734.1	996	1491	0	1	1	1491
CY207735.1	235	880	3	0	3	235
CY207735.1	236	644	1	0	1	236
CY207735.1	236	945	8	0	8	236
CY207735.1	247	281	1	0	1	247
CY207735.1	251	273	1	0	1	251
CY207735.1	259	442	1	0	1	259
CY207735.1	272	964	1	0	1	272
CY207735.1	277	862	1	0	1	277
CY207735.1	287	954	1	0	1	287
CY207735.1	342	576	0	4	4	576
CY207735.1	344	404	1	0	1	344
CY207735.1	349	843	0	1	1	843
CY207735.1	350	845	2	0	2	350
CY207735.1	366	892	0	1	1	892
CY207735.1	376	843	0	2	2	843
CY207735.1	403	889	1	4	5	403
CY207735.1	415	693	0	1	1	693
CY207735.1	416	454	0	1	1	454
CY207735.1	425	1000	0	1	1	1000
CY207735.1	467	602	1	0	1	467
CY207735.1	470	705	1	0	1	470
CY207735.1	476	732	0	1	1	732
CY207735.1	511	740	17	0	17	511
CY207735.1	519	746	1	5	6	519
CY207735.1	532	978	0	1	1	978
CY207735.1	560	785	1	0	1	560
CY207735.1	611	865	1	1	2	611
CY207735.1	683	855	1	0	1	683
CY207735.1	841	1024	0	1	1	1024
CY207735.1	912	1002	0	1	1	1002
CY207735.1	924	958	3	0	3	924
CY207735.1	933	957	1	0	1	933
CY207735.1	933	965	1	0	1	933
CY207735.1	934	976	0	2	2	976
CY207735.1	989	1020	0	1	1	1020
CY207736.1	1009	2040	0	1	1	2040
CY207736.1	1011	2246	1	0	1	1011
CY207736.1	1022	2047	1	0	1	1022
CY207736.1	1033	2353	0	1	1	2353
CY207736.1	1034	1955	0	1	1	1955
CY207736.1	1046	1837	0	1	1	1837
CY207736.1	1051	2066	1	0	1	1051
CY207736.1	1051	2227	1	0	1	1051
CY207736.1	1077	1654	1	0	1	1077
CY207736.1	1079	1171	0	1	1	1171
CY207736.1	1080	2362	0	1	1	2362
CY207736.1	1107	1187	0	1	1	1187
CY207736.1	1166	2351	0	1	1	2351
CY207736.1	1258	1647	1	0	1	1258
CY207736.1	1276	2153	0	1	1	2153
CY207736.1	1294	1697	2	0	2	1294
CY207736.1	1332	1611	0	1	1	1611
CY207736.1	1355	2355	0	1	1	2355
CY207736.1	1356	2112	0	1	1	2112
CY207736.1	1375	1995	0	1	1	1995
CY207736.1	1383	2231	1	0	1	1383
CY207736.1	1397	2290	1	0	1	1397
CY207736.1	1441	1490	1	0	1	1441
CY207736.1	1509	1861	0	1	1	1861
CY207736.1	1509	1962	1	1	2	1509
CY207736.1	1515	2267	1	0	1	1515
CY207736.1	1527	2293	1	0	1	1527
CY207736.1	1544	2007	0	1	1	2007
CY207736.1	1546	1814	1	0	1	1546
CY207736.1	1608	2126	0	1	1	2126
CY207736.1	1638	2176	0	1	1	2176
CY207736.1	1656	1812	0	1	1	1812
CY207736.1	1662	2198	0	5	5	2198
CY207736.1	1663	1759	0	1	1	1759
CY207736.1	1705	1859	0	1	1	1859
CY207736.1	1718	2185	1	0	1	1718
CY207736.1	1728	2194	0	1	1	2194
CY207736.1	1743	2190	0	2	2	2190
CY207736.1	1750	2055	0	1	1	2055
CY207736.1	1949	2078	0	1	1	2078
CY207736.1	1954	2089	1	0	1	1954
CY207736.1	1973	2300	1	0	1	1973
CY207736.1	1990	2129	1	0	1	1990
CY207736.1	1998	2070	1	0	1	1998
CY207736.1	2026	2120	1	0	1	2026
CY207736.1	2032	2077	1	0	1	2032
CY207736.1	2086	2123	1	0	1	2086
CY207736.1	2088	2147	1	0	1	2088
CY207736.1	2088	2148	2	0	2	2088
CY207736.1	2089	2190	1	0	1	2089
CY207736.1	2091	2129	0	1	1	2129
CY207736.1	2098	2125	1	0	1	2098
CY207736.1	2108	2190	2	0	2	2108
CY207736.1	2109	2170	1	0	1	2109
CY207736.1	2120	2172	0	1	1	2172
CY207736.1	2121	2145	5	0	5	2121
CY207736.1	2128	2152	20	0	20	2128
CY207736.1	2132	2177	0	2	2	2177
CY207736.1	2133	2164	9	0	9	2133
CY207736.1	2135	2163	1	0	1	2135
CY207736.1	2144	2167	0	1	1	2167
CY207736.1	2144	2187	6	6	12	2144
CY207736.1	2147	2170	324	121	445	2147
CY207736.1	2159	2230	1	0	1	2159
CY207736.1	2178	2247	1	0	1	2178
CY207736.1	2188	2259	1	0	1	2188
CY207736.1	2190	2271	32	16	48	2190
CY207736.1	2221	2350	0	3	3	2350
CY207736.1	235	1818	1	0	1	235
CY207736.1	238	2124	1	0	1	238
CY207736.1	240	360	1	0	1	240
CY207736.1	256	294	10	0	10	256
CY207736.1	257	295	1	0	1	257
CY207736.1	260	2010	1	0	1	260
CY207736.1	260	294	1	0	1	260
CY207736.1	265	323	1	1	2	265
CY207736.1	269	294	34	4	38	269
CY207736.1	269	296	13	1	14	269
CY207736.1	270	2158	1	0	1	270
CY207736.1	270	2305	1	0	1	270
CY207736.1	271	313	1	0	1	271
CY207736.1	272	336	1	0	1	272
CY207736.1	273	304	2	0	2	273
CY207736.1	274	2062	1	0	1	274
CY207736.1	279	1442	1	0	1	279
CY207736.1	279	326	1	0	1	279
CY207736.1	280	2004	2	0	2	280
CY207736.1	280	304	9	0	9	280
CY207736.1	282	312	2	0	2	282
CY207736.1	283	2105	1	0	1	283
CY207736.1	283	2271	1	0	1	283
CY207736.1	284	1573	1	0	1	284
CY207736.1	285	2189	1	0	1	285
CY207736.1	286	315	1	0	1	286
CY207736.1	290	2052	1	1	2	290
CY207736.1	291	314	3	2	5	291
CY207736.1	291	368	4	0	4	291
CY207736.1	293	327	2	0	2	293
CY207736.1	295	2123	1	0	1	295
CY207736.1	296	2270	1	0	1	296
CY207736.1	296	416	2	2	4	296
CY207736.1	298	363	1	0	1	298
CY207736.1	303	2039	9	13	22	303
CY207736.1	304	2271	0	1	1	2271
CY207736.1	306	2177	1	0	1	306
CY207736.1	311	2271	2	0	2	311
CY207736.1	318	392	0	1	1	392
CY207736.1	321	2040	0	1	1	2040
CY207736.1	322	2148	0	1	1	2148
CY207736.1	324	2143	19	37	56	324
CY207736.1	325	2132	0	3	3	2132
CY207736.1	325	2152	1	1	2	325
CY207736.1	325	2179	17	45	62	325
CY207736.1	325	2182	0	1	1	2182
CY207736.1	328	2182	0	2	2	2182
CY207736.1	331	2141	0	2	2	2141
CY207736.1	331	2163	11	29	40	331
CY207736.1	331	2180	10	16	26	331
CY207736.1	333	2084	0	2	2	2084
CY207736.1	333	2143	10	27	37	333
CY207736.1	333	2184	0	1	1	2184
CY207736.1	333	2185	2	1	3	333
CY207736.1	333	2282	0	1	1	2282
CY207736.1	333	386	1	0	1	333
CY207736.1	334	2064	0	1	1	2064
CY207736.1	334	2110	1	0	1	334
CY207736.1	334	2133	11	39	50	334
CY207736.1	334	2148	0	1	1	2148
CY207736.1	334	2153	0	1	1	2153
CY207736.1	334	2177	0	1	1	2177
CY207736.1	334	2180	0	1	1	2180
CY207736.1	334	2182	0	6	6	2182
CY207736.1	334	391	0	1	1	391
CY207736.1	334	392	4	2	6	334
CY207736.1	335	2063	1	5	6	335
CY207736.1	335	2157	2	13	15	335
CY207736.1	335	2175	25	35	60	335
CY207736.1	335	2193	0	3	3	2193
CY207736.1	335	2267	1	0	1	335
CY207736.1	335	365	24	11	35	335
CY207736.1	335	377	4	10	14	335
CY207736.1	336	2144	2	0	2	336
CY207736.1	338	2174	2	0	2	338
CY207736.1	345	2169	19	51	70	345
CY207736.1	345	2182	0	4	4	2182
CY207736.1	350	2191	0	1	1	2191
CY207736.1	351	2181	2	11	13	351
CY207736.1	352	2182	1	0	1	352
CY207736.1	359	2182	50	124	174	359
CY207736.1	359	2258	1	0	1	359
CY207736.1	360	2147	0	1	1	2147
CY207736.1	360	2162	1	0	1	360
CY207736.1	360	382	1	0	1	360
CY207736.1	361	2172	3	13	16	361
CY207736.1	362	386	0	1	1	386
CY207736.1	363	2043	1	8	9	363
CY207736.1	363	2188	9	2	11	363
CY207736.1	363	391	18	47	65	363
CY207736.1	363	442	0	1	1	442
CY207736.1	364	2171	1	0	1	364
CY207736.1	366	1515	0	1	1	1515
CY207736.1	367	2160	1	3	4	367
CY207736.1	367	2170	0	1	1	2170
CY207736.1	367	391	1	2	3	367
CY207736.1	367	401	0	4	4	401
CY207736.1	368	2154	4	8	12	368
CY207736.1	372	2066	0	1	1	2066
CY207736.1	375	2069	50	285	335	375
CY207736.1	375	2148	3	7	10	375
CY207736.1	375	2163	1	2	3	375
CY207736.1	376	2070	0	1	1	2070
CY207736.1	377	2120	5	0	5	377
CY207736.1	377	2285	0	1	1	2285
CY207736.1	380	2133	0	1	1	2133
CY207736.1	380	428	0	1	1	428
CY207736.1	381	2142	1	4	5	381
CY207736.1	382	2186	0	2	2	2186
CY207736.1	383	2141	8	46	54	383
CY207736.1	383	2153	0	1	1	2153
CY207736.1	383	2177	0	1	1	2177
CY207736.1	383	2178	0	1	1	2178
CY207736.1	385	2107	0	1	1	2107
CY207736.1	385	2140	37	122	159	385
CY207736.1	385	2147	0	1	1	2147
CY207736.1	385	2169	0	8	8	2169
CY207736.1	386	2121	0	1	1	2121
CY207736.1	386	2131	5	33	38	386
CY207736.1	387	2043	0	1	1	2043
CY207736.1	388	2108	2	0	2	388
CY207736.1	388	2133	0	1	1	2133
CY207736.1	389	2171	1	3	4	389
CY207736.1	391	2047	0	1	1	2047
CY207736.1	392	2113	11	50	61	392
CY207736.1	392	2147	20	70	90	392
CY207736.1	392	2152	1	0	1	392
CY207736.1	392	2169	0	3	3	2169
CY207736.1	393	1605	1	0	1	393
CY207736.1	393	2112	0	6	6	2112
CY207736.1	393	2148	0	1	1	2148
CY207736.1	394	2079	0	4	4	2079
CY207736.1	394	2146	1	1	2	394
CY207736.1	400	2156	0	1	1	2156
CY207736.1	400	843	0	1	1	843
CY207736.1	401	2111	0	1	1	2111
CY207736.1	402	2112	0	2	2	2112
CY207736.1	402	2290	0	1	1	2290
CY207736.1	403	2064	1	0	1	403
CY207736.1	403	2141	5	6	11	403
CY207736.1	403	2142	1	0	1	403
CY207736.1	403	2148	28	77	105	403
CY207736.1	403	2346	0	1	1	2346
CY207736.1	404	2134	2	6	8	404
CY207736.1	404	2164	1	8	9	404
CY207736.1	404	2282	0	1	1	2282
CY207736.1	405	2104	4	2	6	405
CY207736.1	405	2120	2	5	7	405
CY207736.1	405	2143	1	0	1	405
CY207736.1	406	2110	0	1	1	2110
CY207736.1	406	2148	4	13	17	406
CY207736.1	406	2156	38	79	117	406
CY207736.1	406	556	2	0	2	406
CY207736.1	407	2134	0	1	1	2134
CY207736.1	417	2153	10	15	25	417
CY207736.1	417	451	1	0	1	417
CY207736.1	424	2180	0	1	1	2180
CY207736.1	427	2042	1	4	5	427
CY207736.1	427	2132	6	3	9	427
CY207736.1	427	2147	93	109	202	427
CY207736.1	427	2152	85	95	180	427
CY207736.1	427	2182	36	33	69	427
CY207736.1	430	2141	19	1	20	430
CY207736.1	432	2070	1	7	8	432
CY207736.1	434	2169	0	2	2	2169
CY207736.1	435	483	0	1	1	483
CY207736.1	436	556	1	1	2	436
CY207736.1	441	2148	6	5	11	441
CY207736.1	441	2160	1	4	5	441
CY207736.1	442	1950	1	0	1	442
CY207736.1	442	2178	0	2	2	2178
CY207736.1	443	2182	0	2	2	2182
CY207736.1	446	2171	13	3	16	446
CY207736.1	447	571	1	0	1	447
CY207736.1	448	2169	1	1	2	448
CY207736.1	449	1951	0	1	1	1951
CY207736.1	449	2186	0	1	1	2186
CY207736.1	450	2043	1	6	7	450
CY207736.1	453	2077	9	12	21	453
CY207736.1	453	2167	0	1	1	2167
CY207736.1	454	2005	3	0	3	454
CY207736.1	456	1600	0	1	1	1600
CY207736.1	457	1933	1	0	1	457
CY207736.1	459	2068	4	13	17	459
CY207736.1	470	2040	1	0	1	470
CY207736.1	473	2072	2	0	2	473
CY207736.1	475	2062	0	1	1	2062
CY207736.1	475	2075	0	1	1	2075
CY207736.1	475	2163	2	0	2	475
CY207736.1	476	2065	1	0	1	476
CY207736.1	477	2027	0	1	1	2027
CY207736.1	477	2063	0	6	6	2063
CY207736.1	478	2010	0	2	2	2010
CY207736.1	478	2016	2	0	2	478
CY207736.1	478	548	1	0	1	478
CY207736.1	481	2080	2	0	2	481
CY207736.1	482	2147	6	6	12	482
CY207736.1	482	512	0	1	1	512
CY207736.1	483	1465	1	0	1	483
CY207736.1	483	2006	2	0	2	483
CY207736.1	483	2168	0	4	4	2168
CY207736.1	486	2137	1	0	1	486
CY207736.1	487	2064	3	4	7	487
CY207736.1	487	2148	0	1	1	2148
CY207736.1	489	2041	0	2	2	2041
CY207736.1	489	2057	1	0	1	489
CY207736.1	490	2064	0	1	1	2064
CY207736.1	490	2141	6	1	7	490
CY207736.1	491	2294	4	0	4	491
CY207736.1	492	1830	0	1	1	1830
CY207736.1	492	2119	1	0	1	492
CY207736.1	493	2004	4	1	5	493
CY207736.1	493	2120	46	16	62	493
CY207736.1	495	2066	3	5	8	495
CY207736.1	498	2134	4	0	4	498
CY207736.1	500	2059	1	0	1	500
CY207736.1	500	2149	151	108	259	500
CY207736.1	500	2163	0	1	1	2163
CY207736.1	501	2157	0	1	1	2157
CY207736.1	503	1954	1	0	1	503
CY207736.1	503	2027	0	1	1	2027
CY207736.1	503	2063	14	17	31	503
CY207736.1	503	2147	49	27	76	503
CY207736.1	503	2169	1	0	1	503
CY207736.1	504	2010	0	1	1	2010
CY207736.1	507	2065	0	1	1	2065
CY207736.1	509	1856	2	0	2	509
CY207736.1	509	2040	0	1	1	2040
CY207736.1	510	2178	0	4	4	2178
CY207736.1	511	2009	54	20	74	511
CY207736.1	511	581	3	3	6	511
CY207736.1	512	2170	2	0	2	512
CY207736.1	513	557	1	0	1	513
CY207736.1	514	2063	0	1	1	2063
CY207736.1	519	2074	0	1	1	2074
CY207736.1	521	2010	6	1	7	521
CY207736.1	528	2045	1	0	1	528
CY207736.1	532	2049	0	3	3	2049
CY207736.1	540	2179	2	0	2	540
CY207736.1	548	2009	2	1	3	548
CY207736.1	548	2112	1	0	1	548
CY207736.1	549	1941	43	44	87	549
CY207736.1	549	2050	3	9	12	549
CY207736.1	549	2059	5	5	10	549
CY207736.1	557	1721	0	1	1	1721
CY207736.1	558	591	1	0	1	558
CY207736.1	562	2051	1	1	2	562
CY207736.1	563	2038	1	0	1	563
CY207736.1	564	2062	0	1	1	2062
CY207736.1	573	1913	1	3	4	573
CY207736.1	574	2063	9	13	22	574
CY207736.1	578	1762	2	0	2	578
CY207736.1	578	1895	1	0	1	578
CY207736.1	578	2001	1	0	1	578
CY207736.1	579	1950	1	0	1	579
CY207736.1	580	1729	1	0	1	580
CY207736.1	582	1569	1	0	1	582
CY207736.1	583	1920	8	1	9	583
CY207736.1	583	2188	0	1	1	2188
CY207736.1	588	2044	5	2	7	588
CY207736.1	590	1923	1	0	1	590
CY207736.1	595	1962	1	0	1	595
CY207736.1	597	2036	1	0	1	597
CY207736.1	606	2143	11	4	15	606
CY207736.1	608	1963	1	0	1	608
CY207736.1	610	1957	1	0	1	610
CY207736.1	612	2028	0	1	1	2028
CY207736.1	620	1912	20	9	29	620
CY207736.1	620	2009	1	0	1	620
CY207736.1	622	1930	6	5	11	622
CY207736.1	627	1889	1	0	1	627
CY207736.1	634	1915	1	0	1	634
CY207736.1	635	1856	2	0	2	635
CY207736.1	635	1920	7	10	17	635
CY207736.1	637	1943	0	1	1	1943
CY207736.1	647	1922	1	0	1	647
CY207736.1	647	1934	2	1	3	647
CY207736.1	657	1856	0	3	3	1856
CY207736.1	657	1888	1	0	1	657
CY207736.1	659	1691	1	0	1	659
CY207736.1	666	1002	1	0	1	666
CY207736.1	667	1981	1	0	1	667
CY207736.1	675	975	0	1	1	975
CY207736.1	689	1888	1	0	1	689
CY207736.1	693	1871	2	1	3	693
CY207736.1	700	1921	7	3	10	700
CY207736.1	712	1921	11	5	16	712
CY207736.1	722	2004	0	2	2	2004
CY207736.1	723	1647	1	0	1	723
CY207736.1	728	1819	1	0	1	728
CY207736.1	732	1825	1	0	1	732
CY207736.1	736	1936	1	0	1	736
CY207736.1	744	1735	7	2	9	744
CY207736.1	755	1828	2	0	2	755
CY207736.1	757	1874	0	1	1	1874
CY207736.1	759	1596	1	0	1	759
CY207736.1	769	2166	1	0	1	769
CY207736.1	771	1517	1	0	1	771
CY207736.1	773	1871	3	5	8	773
CY207736.1	775	1723	1	1	2	775
CY207736.1	775	1827	5	3	8	775
CY207736.1	779	1645	0	1	1	1645
CY207736.1	802	1848	0	1	1	1848
CY207736.1	807	2002	1	0	1	807
CY207736.1	810	1701	20	1	21	810
CY207736.1	814	1710	1	1	2	814
CY207736.1	815	1705	0	1	1	1705
CY207736.1	825	2293	1	0	1	825
CY207736.1	831	1308	1	0	1	831
CY207736.1	836	1725	1	0	1	836
CY207736.1	847	2177	1	0	1	847
CY207736.1	848	1736	8	3	11	848
CY207736.1	850	1589	12	3	15	850
CY207736.1	851	1736	1	0	1	851
CY207736.1	863	1498	0	1	1	1498
CY207736.1	906	1565	1	0	1	906
CY207736.1	928	2145	1	0	1	928
CY207736.1	931	2000	1	0	1	931
CY207736.1	932	1619	1	0	1	932
CY207736.1	947	1652	1	1	2	947
CY207736.1	967	1883	0	1	1	1883
CY207736.1	976	2011	1	0	1	976
CY207736.1	998	1182	1	0	1	998
CY207737.1	1005	1807	0	1	1	1807
CY207737.1	1027	2322	2	3	5	1027
CY207737.1	1034	1724	0	1	1	1724
CY207737.1	1038	2347	0	1	1	2347
CY207737.1	1047	1293	1	0	1	1047
CY207737.1	1087	2285	0	1	1	2285
CY207737.1	1262	1498	0	1	1	1498
CY207737.1	1267	2213	1	0	1	1267
CY207737.1	1268	1814	0	1	1	1814
CY207737.1	1288	1871	1	0	1	1288
CY207737.1	1292	2310	1	0	1	1292
CY207737.1	1306	2043	2	0	2	1306
CY207737.1	1307	2247	1	0	1	1307
CY207737.1	1333	1957	0	1	1	1957
CY207737.1	1418	2250	0	1	1	2250
CY207737.1	1481	2393	1	0	1	1481
CY207737.1	1593	1642	1	1	2	1593
CY207737.1	1621	2446	0	1	1	2446
CY207737.1	1639	2059	1	0	1	1639
CY207737.1	1663	2464	0	1	1	2464
CY207737.1	1741	1797	1	1	2	1741
CY207737.1	1772	1961	1	0	1	1772
CY207737.1	1926	2156	1	0	1	1926
CY207737.1	1998	2067	1	0	1	1998
CY207737.1	2030	2346	0	1	1	2346
CY207737.1	2056	2303	1	0	1	2056
CY207737.1	2132	2187	0	1	1	2187
CY207737.1	2145	2194	1	0	1	2145
CY207737.1	2152	2209	1	0	1	2152
CY207737.1	2180	2205	1	2	3	2180
CY207737.1	2180	2243	28	9	37	2180
CY207737.1	2213	2237	1	0	1	2213
CY207737.1	2241	2345	1	0	1	2241
CY207737.1	2280	2333	45	11	56	2280
CY207737.1	2282	2304	11	1	12	2282
CY207737.1	2283	2358	0	2	2	2358
CY207737.1	2301	2324	5	3	8	2301
CY207737.1	2322	2356	32	1	33	2322
CY207737.1	2331	2451	0	1	1	2451
CY207737.1	2337	2366	1	0	1	2337
CY207737.1	2341	2386	1	0	1	2341
CY207737.1	238	272	30	2	32	238
CY207737.1	239	2206	1	0	1	239
CY207737.1	2403	2451	0	3	3	2451
CY207737.1	240	263	1	0	1	240
CY207737.1	240	288	1	0	1	240
CY207737.1	240	291	1	0	1	240
CY207737.1	241	1348	1	0	1	241
CY207737.1	241	267	1	0	1	241
CY207737.1	241	294	1	0	1	241
CY207737.1	2422	2449	0	1	1	2449
CY207737.1	2428	2450	0	3	3	2450
CY207737.1	244	1289	1	0	1	244
CY207737.1	244	2306	1	0	1	244
CY207737.1	244	2329	1	0	1	244
CY207737.1	246	381	55	1	56	246
CY207737.1	247	273	11	0	11	247
CY207737.1	247	289	3	0	3	247
CY207737.1	247	291	1	0	1	247
CY207737.1	247	307	8	0	8	247
CY207737.1	247	351	1	0	1	247
CY207737.1	248	273	3	0	3	248
CY207737.1	257	2288	1	0	1	257
CY207737.1	269	1679	1	0	1	269
CY207737.1	270	2402	1	0	1	270
CY207737.1	277	2322	1	0	1	277
CY207737.1	284	2385	1	0	1	284
CY207737.1	286	2321	5	0	5	286
CY207737.1	288	2334	4	0	4	288
CY207737.1	288	2355	1	0	1	288
CY207737.1	291	2340	1	0	1	291
CY207737.1	297	2339	1	0	1	297
CY207737.1	305	2402	10	0	10	305
CY207737.1	306	2451	0	4	4	2451
CY207737.1	312	2254	2	0	2	312
CY207737.1	314	2282	1	0	1	314
CY207737.1	317	2186	1	0	1	317
CY207737.1	320	2279	2	0	2	320
CY207737.1	324	2302	24	1	25	324
CY207737.1	327	2331	1	0	1	327
CY207737.1	327	2336	0	1	1	2336
CY207737.1	329	2281	9	0	9	329
CY207737.1	329	2302	6	1	7	329
CY207737.1	329	2345	1	1	2	329
CY207737.1	330	2322	25	9	34	330
CY207737.1	330	2325	19	11	30	330
CY207737.1	330	2334	31	17	48	330
CY207737.1	330	2379	0	1	1	2379
CY207737.1	331	365	7	1	8	331
CY207737.1	332	2249	0	1	1	2249
CY207737.1	334	2292	4	0	4	334
CY207737.1	335	2276	11	3	14	335
CY207737.1	336	2321	0	1	1	2321
CY207737.1	336	2354	2	3	5	336
CY207737.1	338	495	1	0	1	338
CY207737.1	345	1754	0	1	1	1754
CY207737.1	351	2295	1	0	1	351
CY207737.1	354	1094	1	0	1	354
CY207737.1	355	2278	1	0	1	355
CY207737.1	357	2249	1	0	1	357
CY207737.1	362	2302	2	0	2	362
CY207737.1	363	2322	4	0	4	363
CY207737.1	369	1552	1	0	1	369
CY207737.1	370	401	0	2	2	401
CY207737.1	377	1132	0	1	1	1132
CY207737.1	377	2205	0	1	1	2205
CY207737.1	381	2208	2	10	12	381
CY207737.1	381	2293	2	0	2	381
CY207737.1	381	2303	1	0	1	381
CY207737.1	382	2302	1	0	1	382
CY207737.1	383	2238	5	0	5	383
CY207737.1	387	2359	0	3	3	2359
CY207737.1	388	2181	0	1	1	2181
CY207737.1	388	2322	71	6	77	388
CY207737.1	390	2244	1	0	1	390
CY207737.1	390	2245	1	0	1	390
CY207737.1	391	2273	1	0	1	391
CY207737.1	391	2302	3	0	3	391
CY207737.1	394	1615	1	0	1	394
CY207737.1	394	2249	7	2	9	394
CY207737.1	403	2450	0	1	1	2450
CY207737.1	404	1131	1	0	1	404
CY207737.1	405	2093	1	0	1	405
CY207737.1	417	2226	0	2	2	2226
CY207737.1	424	2076	1	0	1	424
CY207737.1	424	2237	1	0	1	424
CY207737.1	424	2246	41	1	42	424
CY207737.1	425	2247	1	0	1	425
CY207737.1	428	2282	1	0	1	428
CY207737.1	433	2287	1	0	1	433
CY207737.1	433	2451	0	1	1	2451
CY207737.1	434	2248	2	1	3	434
CY207737.1	436	2121	1	0	1	436
CY207737.1	436	2223	0	1	1	2223
CY207737.1	436	2260	1	0	1	436
CY207737.1	440	2173	1	1	2	440
CY207737.1	442	2444	1	1	2	442
CY207737.1	445	2091	4	1	5	445
CY207737.1	445	2135	1	1	2	445
CY207737.1	445	2165	10	0	10	445
CY207737.1	445	2273	3	0	3	445
CY207737.1	446	2322	41	4	45	446
CY207737.1	447	2255	1	0	1	447
CY207737.1	448	2237	1	0	1	448
CY207737.1	451	2452	0	1	1	2452
CY207737.1	453	2232	1	0	1	453
CY207737.1	455	2230	0	1	1	2230
CY207737.1	457	2237	1	0	1	457
CY207737.1	459	1982	0	1	1	1982
CY207737.1	459	2167	1	0	1	459
CY207737.1	461	2091	0	1	1	2091
CY207737.1	462	2205	5	17	22	462
CY207737.1	462	2334	4	3	7	462
CY207737.1	466	1597	0	1	1	1597
CY207737.1	466	1946	1	0	1	466
CY207737.1	470	825	1	0	1	470
CY207737.1	472	2188	0	1	1	2188
CY207737.1	474	2238	0	1	1	2238
CY207737.1	477	1271	1	1	2	477
CY207737.1	486	2217	0	1	1	2217
CY207737.1	489	2368	0	1	1	2368
CY207737.1	491	687	1	0	1	491
CY207737.1	492	2093	2	1	3	492
CY207737.1	493	2136	2	2	4	493
CY207737.1	493	2470	0	1	1	2470
CY207737.1	508	1662	1	0	1	508
CY207737.1	508	2474	0	1	1	2474
CY207737.1	509	2155	2	0	2	509
CY207737.1	512	2108	1	0	1	512
CY207737.1	513	2243	1	0	1	513
CY207737.1	521	2094	1	2	3	521
CY207737.1	524	2135	1	0	1	524
CY207737.1	536	2237	1	0	1	536
CY207737.1	537	2166	24	1	25	537
CY207737.1	537	2167	239	147	386	537
CY207737.1	539	2169	0	2	2	2169
CY207737.1	543	2087	0	1	1	2087
CY207737.1	549	2096	7	13	20	549
CY207737.1	553	2186	0	3	3	2186
CY207737.1	582	2182	0	3	3	2182
CY207737.1	584	2095	0	5	5	2095
CY207737.1	618	2123	0	1	1	2123
CY207737.1	620	2247	0	1	1	2247
CY207737.1	621	2307	3	0	3	621
CY207737.1	624	1641	1	0	1	624
CY207737.1	624	1970	1	0	1	624
CY207737.1	624	2262	1	0	1	624
CY207737.1	624	695	0	1	1	695
CY207737.1	624	734	1	0	1	624
CY207737.1	653	1985	9	4	13	653
CY207737.1	665	696	1	0	1	665
CY207737.1	669	1064	1	0	1	669
CY207737.1	687	846	1	0	1	687
CY207737.1	689	1894	1	0	1	689
CY207737.1	692	2066	0	1	1	2066
CY207737.1	701	734	1	0	1	701
CY207737.1	703	2420	1	0	1	703
CY207737.1	716	1460	1	0	1	716
CY207737.1	721	1465	0	1	1	1465
CY207737.1	725	1988	0	3	3	1988
CY207737.1	726	2093	1	0	1	726
CY207737.1	731	1657	0	1	1	1657
CY207737.1	735	2047	0	1	1	2047
CY207737.1	755	1750	0	1	1	1750
CY207737.1	778	1865	0	1	1	1865
CY207737.1	790	833	0	1	1	833
CY207737.1	803	1572	1	1	2	803
CY207737.1	824	1920	1	0	1	824
CY207737.1	825	888	0	1	1	888
CY207737.1	833	2288	1	0	1	833
CY207737.1	835	885	0	1	1	885
CY207737.1	843	1934	0	1	1	1934
CY207737.1	853	2457	0	1	1	2457
CY207737.1	857	1714	1	0	1	857
CY207737.1	864	1744	1	0	1	864
CY207737.1	864	1911	1	0	1	864
CY207737.1	870	1636	2	0	2	870
CY207737.1	870	1763	0	1	1	1763
CY207737.1	874	2334	2	0	2	874
CY207737.1	907	1567	1	0	1	907
CY207737.1	909	1738	1	0	1	909
CY207737.1	928	1723	1	0	1	928
CY207737.1	945	1453	0	1	1	1453
CY207737.1	949	1610	0	1	1	1610
CY207737.1	967	1419	0	1	1	1419
CY207737.1	968	1963	0	1	1	1963
CY207737.1	973	2397	0	1	1	2397
CY207738.1	1007	1957	0	1	1	1957
CY207738.1	1052	1601	1	0	1	1052
CY207738.1	1056	2074	0	1	1	2074
CY207738.1	1058	1520	0	1	1	1520
CY207738.1	1096	2114	0	1	1	2114
CY207738.1	1124	2330	1	0	1	1124
CY207738.1	1134	1479	0	1	1	1479
CY207738.1	1189	1471	1	0	1	1189
CY207738.1	1192	2128	0	1	1	2128
CY207738.1	1249	2075	0	1	1	2075
CY207738.1	1318	2261	0	1	1	2261
CY207738.1	1333	2348	1	0	1	1333
CY207738.1	1353	2111	1	0	1	1353
CY207738.1	1357	1403	1	0	1	1357
CY207738.1	1370	2256	0	1	1	2256
CY207738.1	1385	2297	0	1	1	2297
CY207738.1	1448	1661	1	0	1	1448
CY207738.1	1516	1893	0	1	1	1893
CY207738.1	1613	2190	1	0	1	1613
CY207738.1	1736	2280	0	1	1	2280
CY207738.1	1760	2293	1	0	1	1760
CY207738.1	1796	2033	0	1	1	2033
CY207738.1	1975	2429	0	1	1	2429
CY207738.1	1984	2495	0	1	1	2495
CY207738.1	2262	2333	1	0	1	2262
CY207738.1	2269	2351	0	1	1	2351
CY207738.1	2274	2304	0	1	1	2304
CY207738.1	2286	2313	122	88	210	2286
CY207738.1	2318	2355	1	2	3	2318
CY207738.1	2318	2367	15	3	18	2318
CY207738.1	2332	2378	759	384	1143	2332
CY207738.1	2332	2379	0	1	1	2379
CY207738.1	2332	2401	17	4	21	2332
CY207738.1	2333	2379	1	1	2	2333
CY207738.1	2345	2401	1	3	4	2345
CY207738.1	238	2268	1	0	1	238
CY207738.1	264	1759	1	0	1	264
CY207738.1	289	1242	1	0	1	289
CY207738.1	289	2267	1	0	1	289
CY207738.1	311	1991	0	1	1	1991
CY207738.1	311	2295	28	32	60	311
CY207738.1	312	2334	10	3	13	312
CY207738.1	316	2314	0	1	1	2314
CY207738.1	331	428	1	0	1	331
CY207738.1	335	2175	0	1	1	2175
CY207738.1	339	1235	1	0	1	339
CY207738.1	345	2386	0	1	1	2386
CY207738.1	346	2235	2	0	2	346
CY207738.1	353	2293	1	1	2	353
CY207738.1	356	2209	1	0	1	356
CY207738.1	356	2307	1	0	1	356
CY207738.1	367	2209	21	140	161	367
CY207738.1	367	2217	2	88	90	367
CY207738.1	367	2234	7	53	60	367
CY207738.1	367	2313	1	1	2	367
CY207738.1	367	2317	1	0	1	367
CY207738.1	368	2210	0	1	1	2210
CY207738.1	368	398	2	7	9	368
CY207738.1	371	2247	60	170	230	371
CY207738.1	371	2311	9	36	45	371
CY207738.1	372	721	1	0	1	372
CY207738.1	373	562	0	1	1	562
CY207738.1	374	2247	29	103	132	374
CY207738.1	374	2250	0	2	2	2250
CY207738.1	374	2256	0	2	2	2256
CY207738.1	374	2311	6	22	28	374
CY207738.1	374	2313	2	1	3	374
CY207738.1	375	2186	0	1	1	2186
CY207738.1	378	2243	0	4	4	2243
CY207738.1	382	2312	0	1	1	2312
CY207738.1	384	2267	0	1	1	2267
CY207738.1	386	2132	0	1	1	2132
CY207738.1	386	2314	16	40	56	386
CY207738.1	386	2334	1	0	1	386
CY207738.1	386	2347	0	1	1	2347
CY207738.1	387	2313	2	5	7	387
CY207738.1	389	2275	0	4	4	2275
CY207738.1	400	2241	2	0	2	400
CY207738.1	400	2302	1	1	2	400
CY207738.1	401	2365	0	1	1	2365
CY207738.1	402	2133	0	1	1	2133
CY207738.1	404	2222	0	1	1	2222
CY207738.1	407	2311	1	1	2	407
CY207738.1	408	2215	1	0	1	408
CY207738.1	418	2073	2	0	2	418
CY207738.1	419	2187	0	1	1	2187
CY207738.1	420	1729	1	1	2	420
CY207738.1	420	2135	0	1	1	2135
CY207738.1	420	2209	25	123	148	420
CY207738.1	421	2282	2	30	32	421
CY207738.1	426	2288	0	1	1	2288
CY207738.1	428	2230	0	1	1	2230
CY207738.1	431	2281	0	1	1	2281
CY207738.1	434	2177	1	0	1	434
CY207738.1	434	2232	4	1	5	434
CY207738.1	435	2187	0	1	1	2187
CY207738.1	436	2235	1	0	1	436
CY207738.1	436	809	0	1	1	809
CY207738.1	438	2318	1	0	1	438
CY207738.1	451	2254	1	2	3	451
CY207738.1	453	2064	0	1	1	2064
CY207738.1	453	2196	0	1	1	2196
CY207738.1	453	2256	310	5547	5857	453
CY207738.1	453	2257	2	2	4	453
CY207738.1	453	2258	0	1	1	2258
CY207738.1	454	2257	0	4	4	2257
CY207738.1	456	1376	1	0	1	456
CY207738.1	459	2285	0	1	1	2285
CY207738.1	469	2281	1	0	1	469
CY207738.1	471	2217	0	1	1	2217
CY207738.1	471	2319	0	1	1	2319
CY207738.1	483	2263	0	1	1	2263
CY207738.1	484	2264	0	1	1	2264
CY207738.1	488	2169	1	4	5	488
CY207738.1	504	2135	1	0	1	504
CY207738.1	507	1863	6	15	21	507
CY207738.1	507	2259	0	2	2	2259
CY207738.1	509	2182	0	4	4	2182
CY207738.1	513	2325	22	15	37	513
CY207738.1	515	2186	0	3	3	2186
CY207738.1	520	2128	0	1	1	2128
CY207738.1	520	2204	0	1	1	2204
CY207738.1	523	1285	0	1	1	1285
CY207738.1	528	1891	0	1	1	1891
CY207738.1	545	2474	0	1	1	2474
CY207738.1	553	2118	0	3	3	2118
CY207738.1	554	1341	1	0	1	554
CY207738.1	566	2020	0	1	1	2020
CY207738.1	567	2454	0	1	1	2454
CY207738.1	575	2068	0	1	1	2068
CY207738.1	584	1912	1	0	1	584
CY207738.1	596	2021	1	6	7	596
CY207738.1	616	1767	1	0	1	616
CY207738.1	645	1573	0	1	1	1573
CY207738.1	648	1283	1	0	1	648
CY207738.1	650	1803	0	1	1	1803
CY207738.1	692	2030	0	1	1	2030
CY207738.1	693	2057	4	2	6	693
CY207738.1	723	1422	1	0	1	723
CY207738.1	729	1632	1	0	1	729
CY207738.1	755	833	0	1	1	833
CY207738.1	777	1998	1	0	1	777
CY207738.1	777	2214	0	1	1	2214
CY207738.1	785	1872	0	1	1	1872
CY207738.1	814	2377	1	0	1	814
CY207738.1	815	1671	1	0	1	815
CY207738.1	823	1312	1	0	1	823
CY207738.1	831	1917	1	0	1	831
CY207738.1	834	1943	2	3	5	834
CY207738.1	836	1875	2	0	2	836
CY207738.1	843	1810	1	0	1	843
CY207738.1	896	1101	1	0	1	896
CY207738.1	928	1374	0	1	1	1374
CY207738.1	971	1310	1	0	1	971
