Segment	Start	Stop	Forward_support	Reverse_support	Total_support	Fuzz_factor
CY207731.1	1002	1535	1	0	1	1002
CY207731.1	1020	1387	1	0	1	1020
CY207731.1	1022	1049	1	0	1	1022
CY207731.1	1037	1669	1	0	1	1037
CY207731.1	1068	1438	1	0	1	1068
CY207731.1	1114	1352	0	1	1	1352
CY207731.1	1135	1561	0	1	1	1561
CY207731.1	1146	1720	1	0	1	1146
CY207731.1	1153	1362	1	0	1	1153
CY207731.1	1172	1796	0	1	1	1796
CY207731.1	1175	1888	0	1	1	1888
CY207731.1	1176	1229	1	0	1	1176
CY207731.1	1176	1506	1	0	1	1176
CY207731.1	1177	1704	0	1	1	1704
CY207731.1	1200	1294	0	1	1	1294
CY207731.1	1205	1304	0	1	1	1304
CY207731.1	1205	1551	0	1	1	1551
CY207731.1	1210	1711	0	1	1	1711
CY207731.1	1215	1387	1	1	2	1215
CY207731.1	1225	1275	1	0	1	1225
CY207731.1	1231	1736	0	1	1	1736
CY207731.1	1244	1593	1	0	1	1244
CY207731.1	1256	1627	1	0	1	1256
CY207731.1	1305	1759	1	0	1	1305
CY207731.1	1320	1731	1	0	1	1320
CY207731.1	1337	1457	1	0	1	1337
CY207731.1	1353	1652	0	1	1	1652
CY207731.1	1363	1522	0	1	1	1522
CY207731.1	1376	1536	0	1	1	1536
CY207731.1	1376	1736	0	1	1	1736
CY207731.1	1409	1717	1	0	1	1409
CY207731.1	1415	1640	1	0	1	1415
CY207731.1	1430	1591	0	1	1	1591
CY207731.1	1445	1476	0	1	1	1476
CY207731.1	1479	1659	0	1	1	1659
CY207731.1	1495	1714	1	0	1	1495
CY207731.1	1625	1815	1	0	1	1625
CY207731.1	1636	1761	1	0	1	1636
CY207731.1	1665	1700	0	1	1	1700
CY207731.1	1665	1736	1	0	1	1665
CY207731.1	1690	1742	1	0	1	1690
CY207731.1	1724	1747	4	0	4	1724
CY207731.1	1729	1820	1	0	1	1729
CY207731.1	1827	1891	0	1	1	1891
CY207731.1	260	1646	1	0	1	260
CY207731.1	262	1062	1	0	1	262
CY207731.1	263	1324	1	0	1	263
CY207731.1	266	1746	1	1	2	266
CY207731.1	266	295	2	0	2	266
CY207731.1	277	321	1	0	1	277
CY207731.1	286	1094	1	0	1	286
CY207731.1	287	1727	3	0	3	287
CY207731.1	287	1747	6	0	6	287
CY207731.1	294	1669	1	0	1	294
CY207731.1	316	1185	1	0	1	316
CY207731.1	338	1330	2	0	2	338
CY207731.1	351	421	0	1	1	421
CY207731.1	362	1717	1	0	1	362
CY207731.1	370	1655	0	2	2	1655
CY207731.1	372	1586	0	1	1	1586
CY207731.1	372	1794	0	1	1	1794
CY207731.1	377	1592	0	1	1	1592
CY207731.1	384	1593	1	5	6	384
CY207731.1	384	1708	1	0	1	384
CY207731.1	386	1672	5	0	5	386
CY207731.1	393	1660	0	3	3	1660
CY207731.1	417	844	0	1	1	844
CY207731.1	433	1308	0	1	1	1308
CY207731.1	437	746	1	0	1	437
CY207731.1	439	1169	0	1	1	1169
CY207731.1	443	556	0	1	1	556
CY207731.1	449	1375	2	2	4	449
CY207731.1	459	495	0	1	1	495
CY207731.1	460	1140	1	0	1	460
CY207731.1	468	1371	1	0	1	468
CY207731.1	469	1548	0	1	1	1548
CY207731.1	489	1471	0	1	1	1471
CY207731.1	490	528	0	1	1	528
CY207731.1	491	1417	1	0	1	491
CY207731.1	492	1116	0	1	1	1116
CY207731.1	494	999	2	1	3	494
CY207731.1	496	542	1	0	1	496
CY207731.1	501	1510	1	2	3	501
CY207731.1	503	953	0	1	1	953
CY207731.1	504	579	0	1	1	579
CY207731.1	510	1268	1	0	1	510
CY207731.1	521	1563	0	1	1	1563
CY207731.1	523	814	0	1	1	814
CY207731.1	527	1727	0	1	1	1727
CY207731.1	528	1330	1	0	1	528
CY207731.1	528	825	0	1	1	825
CY207731.1	544	1031	0	1	1	1031
CY207731.1	550	731	1	0	1	550
CY207731.1	562	1396	1	0	1	562
CY207731.1	563	1229	1	1	2	563
CY207731.1	565	1641	1	1	2	565
CY207731.1	568	1204	4	1	5	568
CY207731.1	568	923	1	0	1	568
CY207731.1	569	1047	6	2	8	569
CY207731.1	570	668	0	1	1	668
CY207731.1	571	1697	1	0	1	571
CY207731.1	577	1252	1	0	1	577
CY207731.1	584	1191	0	1	1	1191
CY207731.1	588	1427	1	0	1	588
CY207731.1	611	892	0	1	1	892
CY207731.1	677	1803	1	0	1	677
CY207731.1	705	1159	0	1	1	1159
CY207731.1	711	1084	1	0	1	711
CY207731.1	731	771	0	1	1	771
CY207731.1	750	1500	0	1	1	1500
CY207731.1	757	1133	0	1	1	1133
CY207731.1	760	1554	1	0	1	760
CY207731.1	762	1726	1	0	1	762
CY207731.1	770	1767	0	1	1	1767
CY207731.1	771	1625	1	0	1	771
CY207731.1	779	1357	0	1	1	1357
CY207731.1	809	1072	0	1	1	1072
CY207731.1	876	1204	1	0	1	876
CY207731.1	925	960	1	0	1	925
CY207731.1	940	1668	1	0	1	940
CY207731.1	970	1209	1	0	1	970
CY207732.1	1025	1138	0	1	1	1138
CY207732.1	1077	1138	0	1	1	1138
CY207732.1	246	390	1	0	1	246
CY207732.1	258	607	1	0	1	258
CY207732.1	260	975	1	0	1	260
CY207732.1	267	631	1	0	1	267
CY207732.1	271	602	1	0	1	271
CY207732.1	275	848	6	0	6	275
CY207732.1	276	901	1	0	1	276
CY207732.1	277	966	1	0	1	277
CY207732.1	287	825	1	0	1	287
CY207732.1	304	331	0	1	1	331
CY207732.1	311	716	0	1	1	716
CY207732.1	317	647	0	1	1	647
CY207732.1	344	434	0	1	1	434
CY207732.1	355	1031	1	0	1	355
CY207732.1	356	427	1	0	1	356
CY207732.1	356	567	0	1	1	567
CY207732.1	360	563	1	0	1	360
CY207732.1	361	506	1	0	1	361
CY207732.1	362	801	0	1	1	801
CY207732.1	367	402	0	1	1	402
CY207732.1	367	575	1	0	1	367
CY207732.1	380	417	0	1	1	417
CY207732.1	385	863	0	1	1	863
CY207732.1	392	565	0	1	1	565
CY207732.1	394	940	1	0	1	394
CY207732.1	403	1132	0	1	1	1132
CY207732.1	403	1138	0	1	1	1138
CY207732.1	403	499	0	1	1	499
CY207732.1	403	805	0	1	1	805
CY207732.1	403	981	1	0	1	403
CY207732.1	412	609	0	1	1	609
CY207732.1	434	678	0	2	2	678
CY207732.1	434	813	1	1	2	434
CY207732.1	439	753	0	1	1	753
CY207732.1	445	815	0	1	1	815
CY207732.1	447	476	1	0	1	447
CY207732.1	447	821	0	3	3	821
CY207732.1	462	951	1	0	1	462
CY207732.1	471	672	1	0	1	471
CY207732.1	483	857	1	0	1	483
CY207732.1	498	939	0	1	1	939
CY207732.1	499	901	1	0	1	499
CY207732.1	500	551	0	1	1	551
CY207732.1	502	608	0	1	1	608
CY207732.1	503	987	0	1	1	987
CY207732.1	507	887	0	1	1	887
CY207732.1	534	912	0	1	1	912
CY207732.1	543	825	1	0	1	543
CY207732.1	556	609	1	0	1	556
CY207732.1	556	851	1	0	1	556
CY207732.1	569	766	1	0	1	569
CY207732.1	572	834	1	0	1	572
CY207732.1	581	1134	0	1	1	1134
CY207732.1	589	862	0	2	2	862
CY207732.1	602	934	1	0	1	602
CY207732.1	616	1017	1	0	1	616
CY207732.1	622	1134	0	1	1	1134
CY207732.1	626	884	1	0	1	626
CY207732.1	629	957	0	1	1	957
CY207732.1	647	758	1	0	1	647
CY207732.1	648	820	0	1	1	820
CY207732.1	679	815	1	1	2	679
CY207732.1	681	856	1	0	1	681
CY207732.1	684	732	0	1	1	732
CY207732.1	685	839	0	3	3	839
CY207732.1	706	887	0	1	1	887
CY207732.1	707	740	1	0	1	707
CY207732.1	711	866	1	1	2	711
CY207732.1	712	897	1	0	1	712
CY207732.1	718	860	3	2	5	718
CY207732.1	733	1142	0	1	1	1142
CY207732.1	767	828	1	0	1	767
CY207732.1	769	1062	1	0	1	769
CY207732.1	772	1021	1	0	1	772
CY207732.1	792	814	1	0	1	792
CY207732.1	798	884	0	1	1	884
CY207732.1	804	918	0	2	2	918
CY207732.1	817	866	1	1	2	817
CY207732.1	818	934	1	0	1	818
CY207732.1	836	1152	0	1	1	1152
CY207732.1	851	1017	1	0	1	851
CY207732.1	857	879	1	0	1	857
CY207732.1	863	909	1	0	1	863
CY207732.1	866	936	0	1	1	936
CY207732.1	895	1070	0	1	1	1070
CY207732.1	909	1051	0	1	1	1051
CY207732.1	915	1032	0	1	1	1032
CY207732.1	917	1133	0	1	1	1133
CY207732.1	935	957	0	1	1	957
CY207732.1	951	1002	1	0	1	951
CY207732.1	952	1058	1	0	1	952
CY207732.1	973	1036	0	1	1	1036
CY207732.1	974	1077	0	1	1	1077
CY207733.1	1009	1233	0	1	1	1233
CY207733.1	1015	1222	0	1	1	1222
CY207733.1	1018	1074	1	0	1	1018
CY207733.1	1053	1506	1	0	1	1053
CY207733.1	1069	1247	1	0	1	1069
CY207733.1	1090	1184	0	1	1	1184
CY207733.1	1190	1338	0	1	1	1338
CY207733.1	1203	1365	0	1	1	1365
CY207733.1	1220	1409	1	0	1	1220
CY207733.1	1224	1446	1	0	1	1224
CY207733.1	1247	1298	0	1	1	1298
CY207733.1	1253	1423	1	0	1	1253
CY207733.1	1276	1430	0	1	1	1430
CY207733.1	1278	1435	0	1	1	1435
CY207733.1	1300	1498	1	0	1	1300
CY207733.1	1301	1486	0	1	1	1486
CY207733.1	1333	1359	0	1	1	1359
CY207733.1	1394	1463	0	1	1	1463
CY207733.1	1401	1436	2	0	2	1401
CY207733.1	266	935	1	0	1	266
CY207733.1	270	301	6	0	6	270
CY207733.1	277	1027	4	0	4	277
CY207733.1	280	1029	1	0	1	280
CY207733.1	298	1396	1	0	1	298
CY207733.1	299	363	2	0	2	299
CY207733.1	318	592	0	1	1	592
CY207733.1	355	819	0	1	1	819
CY207733.1	385	1392	0	2	2	1392
CY207733.1	395	1447	5	3	8	395
CY207733.1	417	494	1	0	1	417
CY207733.1	462	1452	0	1	1	1452
CY207733.1	465	779	0	1	1	779
CY207733.1	497	1134	0	1	1	1134
CY207733.1	497	1147	1	0	1	497
CY207733.1	524	1422	0	1	1	1422
CY207733.1	533	572	1	0	1	533
CY207733.1	561	936	1	0	1	561
CY207733.1	565	1459	0	1	1	1459
CY207733.1	572	1235	1	1	2	572
CY207733.1	578	1081	1	0	1	578
CY207733.1	591	1268	0	1	1	1268
CY207733.1	593	1236	1	0	1	593
CY207733.1	596	640	0	1	1	640
CY207733.1	636	1179	0	1	1	1179
CY207733.1	749	1327	1	0	1	749
CY207733.1	776	1381	1	0	1	776
CY207733.1	782	872	0	1	1	872
CY207733.1	826	952	0	1	1	952
CY207733.1	844	1254	1	0	1	844
CY207733.1	856	1312	0	1	1	1312
CY207733.1	884	1172	0	1	1	1172
CY207733.1	890	923	0	2	2	923
CY207733.1	912	1146	1	0	1	912
CY207733.1	935	1063	0	1	1	1063
CY207733.1	948	1027	0	1	1	1027
CY207733.1	950	1452	1	0	1	950
CY207733.1	952	1526	1	0	1	952
CY207733.1	954	1171	0	1	1	1171
CY207733.1	955	1022	0	1	1	1022
CY207733.1	962	1281	0	1	1	1281
CY207733.1	992	1499	1	0	1	992
CY207733.1	999	1251	0	1	1	1251
CY207734.1	1000	1190	0	1	1	1190
CY207734.1	1012	1084	1	1	2	1012
CY207734.1	1066	1193	1	0	1	1066
CY207734.1	1108	1247	1	0	1	1108
CY207734.1	1113	1170	1	0	1	1113
CY207734.1	1126	1233	0	1	1	1233
CY207734.1	1145	1591	0	1	1	1591
CY207734.1	1192	1518	0	1	1	1518
CY207734.1	1230	1487	0	1	1	1487
CY207734.1	1287	1400	0	1	1	1400
CY207734.1	1314	1363	1	0	1	1314
CY207734.1	1367	1468	1	0	1	1367
CY207734.1	1367	1698	0	1	1	1698
CY207734.1	1369	1482	0	1	1	1482
CY207734.1	1388	1464	1	0	1	1388
CY207734.1	1442	1566	0	1	1	1566
CY207734.1	1562	1686	0	1	1	1686
CY207734.1	1589	1695	0	1	1	1695
CY207734.1	1595	1711	0	1	1	1711
CY207734.1	266	1561	1	0	1	266
CY207734.1	268	371	1	0	1	268
CY207734.1	289	1575	1	0	1	289
CY207734.1	290	440	1	0	1	290
CY207734.1	290	475	1	0	1	290
CY207734.1	290	827	1	0	1	290
CY207734.1	318	1597	1	0	1	318
CY207734.1	326	1449	0	1	1	1449
CY207734.1	357	643	0	1	1	643
CY207734.1	364	1511	1	0	1	364
CY207734.1	393	1394	0	1	1	1394
CY207734.1	399	645	0	1	1	645
CY207734.1	401	779	1	0	1	401
CY207734.1	402	459	0	1	1	459
CY207734.1	421	940	0	1	1	940
CY207734.1	433	1005	1	0	1	433
CY207734.1	474	1428	0	1	1	1428
CY207734.1	484	1416	1	0	1	484
CY207734.1	491	726	1	0	1	491
CY207734.1	507	916	1	0	1	507
CY207734.1	519	1369	1	0	1	519
CY207734.1	521	841	0	1	1	841
CY207734.1	526	1412	0	1	1	1412
CY207734.1	527	1024	1	0	1	527
CY207734.1	529	1362	1	0	1	529
CY207734.1	529	1363	1	0	1	529
CY207734.1	534	656	1	0	1	534
CY207734.1	536	1324	0	1	1	1324
CY207734.1	553	769	0	1	1	769
CY207734.1	556	1251	0	1	1	1251
CY207734.1	561	905	0	1	1	905
CY207734.1	594	629	1	0	1	594
CY207734.1	603	1352	0	1	1	1352
CY207734.1	634	804	0	1	1	804
CY207734.1	657	712	1	0	1	657
CY207734.1	663	827	0	1	1	827
CY207734.1	673	991	1	0	1	673
CY207734.1	676	1044	1	0	1	676
CY207734.1	725	986	1	0	1	725
CY207734.1	727	1603	1	0	1	727
CY207734.1	734	1055	1	0	1	734
CY207734.1	739	1332	1	0	1	739
CY207734.1	772	1207	0	1	1	1207
CY207734.1	782	881	1	0	1	782
CY207734.1	783	845	1	0	1	783
CY207734.1	816	926	0	1	1	926
CY207734.1	820	1385	0	1	1	1385
CY207734.1	823	1500	0	1	1	1500
CY207734.1	829	1402	0	1	1	1402
CY207734.1	833	1511	1	0	1	833
CY207734.1	835	1117	1	0	1	835
CY207734.1	841	1102	1	0	1	841
CY207734.1	845	1431	0	1	1	1431
CY207734.1	866	1200	0	1	1	1200
CY207734.1	869	1112	0	1	1	1112
CY207734.1	876	1043	1	0	1	876
CY207734.1	876	964	1	0	1	876
CY207734.1	890	1489	0	1	1	1489
CY207734.1	893	1427	1	0	1	893
CY207734.1	897	1361	1	0	1	897
CY207734.1	907	1432	1	0	1	907
CY207734.1	908	1668	0	1	1	1668
CY207734.1	910	1081	0	1	1	1081
CY207734.1	911	1471	1	0	1	911
CY207734.1	930	1397	0	1	1	1397
CY207734.1	939	1046	1	0	1	939
CY207734.1	944	1040	0	1	1	1040
CY207734.1	950	1565	0	1	1	1565
CY207734.1	959	1087	0	1	1	1087
CY207734.1	959	1342	0	1	1	1342
CY207734.1	983	1530	1	0	1	983
CY207734.1	989	1036	1	1	2	989
CY207735.1	237	462	1	0	1	237
CY207735.1	248	832	1	0	1	248
CY207735.1	272	964	2	0	2	272
CY207735.1	273	955	1	0	1	273
CY207735.1	290	936	5	0	5	290
CY207735.1	290	948	6	1	7	290
CY207735.1	340	385	0	1	1	385
CY207735.1	344	965	0	1	1	965
CY207735.1	348	876	0	1	1	876
CY207735.1	399	675	0	1	1	675
CY207735.1	459	845	0	1	1	845
CY207735.1	463	709	1	1	2	463
CY207735.1	499	729	3	0	3	499
CY207735.1	511	740	27	58	85	511
CY207735.1	519	746	0	1	1	746
CY207735.1	536	680	1	0	1	536
CY207735.1	835	910	1	0	1	835
CY207735.1	847	895	1	0	1	847
CY207736.1	1031	1231	0	1	1	1231
CY207736.1	1032	2059	0	1	1	2059
CY207736.1	1044	1899	0	1	1	1899
CY207736.1	1045	1137	1	0	1	1045
CY207736.1	1062	1095	1	0	1	1062
CY207736.1	1066	1504	1	0	1	1066
CY207736.1	1082	1516	0	1	1	1516
CY207736.1	1095	1789	0	1	1	1789
CY207736.1	1111	1908	1	0	1	1111
CY207736.1	1115	1754	0	1	1	1754
CY207736.1	1118	1999	1	0	1	1118
CY207736.1	1144	1615	0	1	1	1615
CY207736.1	1181	1520	0	1	1	1520
CY207736.1	1186	1382	1	0	1	1186
CY207736.1	1192	1943	1	0	1	1192
CY207736.1	1205	1751	0	1	1	1751
CY207736.1	1206	1344	1	0	1	1206
CY207736.1	1206	2231	0	1	1	2231
CY207736.1	1207	1785	0	1	1	1785
CY207736.1	1209	1957	0	1	1	1957
CY207736.1	1234	2078	1	0	1	1234
CY207736.1	1242	1686	1	0	1	1242
CY207736.1	1258	1647	2	0	2	1258
CY207736.1	1277	1962	0	1	1	1962
CY207736.1	1291	2163	0	1	1	2163
CY207736.1	1293	1872	0	1	1	1872
CY207736.1	1409	1600	1	0	1	1409
CY207736.1	1445	1473	1	0	1	1445
CY207736.1	1446	1651	1	0	1	1446
CY207736.1	1509	1962	1	0	1	1509
CY207736.1	1528	1943	1	0	1	1528
CY207736.1	1534	1713	0	1	1	1713
CY207736.1	1552	1957	1	0	1	1552
CY207736.1	1567	2204	0	1	1	2204
CY207736.1	1583	1981	0	1	1	1981
CY207736.1	1606	1685	1	0	1	1606
CY207736.1	1621	1644	1	0	1	1621
CY207736.1	1662	2198	1	0	1	1662
CY207736.1	1690	2203	1	4	5	1690
CY207736.1	1695	1872	1	2	3	1695
CY207736.1	1699	2062	0	1	1	2062
CY207736.1	1724	2006	0	1	1	2006
CY207736.1	1740	2345	0	1	1	2345
CY207736.1	1792	2201	1	0	1	1792
CY207736.1	1839	1871	0	1	1	1871
CY207736.1	1877	1914	1	2	3	1877
CY207736.1	1879	2301	1	0	1	1879
CY207736.1	1889	1936	9	17	26	1889
CY207736.1	1922	2245	1	0	1	1922
CY207736.1	1953	2274	0	1	1	2274
CY207736.1	1955	2102	0	1	1	2102
CY207736.1	1974	2302	0	1	1	2302
CY207736.1	2013	2074	0	1	1	2074
CY207736.1	2039	2064	0	2	2	2064
CY207736.1	2100	2171	1	0	1	2100
CY207736.1	2103	2132	0	2	2	2132
CY207736.1	2130	2186	1	0	1	2130
CY207736.1	2153	2231	1	0	1	2153
CY207736.1	2155	2182	0	1	1	2182
CY207736.1	2163	2239	2	2	4	2163
CY207736.1	2206	2238	1	0	1	2206
CY207736.1	2233	2278	0	1	1	2278
CY207736.1	2237	2259	0	1	1	2259
CY207736.1	266	2253	1	0	1	266
CY207736.1	269	296	10	0	10	269
CY207736.1	272	304	2	0	2	272
CY207736.1	281	2252	1	0	1	281
CY207736.1	282	2237	1	0	1	282
CY207736.1	282	334	2	0	2	282
CY207736.1	283	2172	1	0	1	283
CY207736.1	292	2147	1	0	1	292
CY207736.1	292	2265	0	1	1	2265
CY207736.1	321	2215	0	1	1	2215
CY207736.1	325	2152	1	0	1	325
CY207736.1	325	2195	1	0	1	325
CY207736.1	333	2264	0	1	1	2264
CY207736.1	334	2133	0	1	1	2133
CY207736.1	334	2207	5	2	7	334
CY207736.1	335	2142	0	1	1	2142
CY207736.1	335	2224	1	0	1	335
CY207736.1	351	612	1	0	1	351
CY207736.1	358	2171	1	0	1	358
CY207736.1	360	2157	0	3	3	2157
CY207736.1	360	2258	2	4	6	360
CY207736.1	361	2216	0	2	2	2216
CY207736.1	363	2148	1	0	1	363
CY207736.1	364	2171	0	3	3	2171
CY207736.1	365	2143	0	7	7	2143
CY207736.1	365	2225	0	3	3	2225
CY207736.1	367	2160	0	1	1	2160
CY207736.1	376	1777	1	0	1	376
CY207736.1	377	2120	1	0	1	377
CY207736.1	377	2158	0	1	1	2158
CY207736.1	379	1932	1	0	1	379
CY207736.1	385	2063	1	1	2	385
CY207736.1	385	2169	0	1	1	2169
CY207736.1	385	2184	0	2	2	2184
CY207736.1	391	2156	0	4	4	2156
CY207736.1	391	2180	0	3	3	2180
CY207736.1	391	2213	7	12	19	391
CY207736.1	392	2150	2	15	17	392
CY207736.1	393	2283	1	0	1	393
CY207736.1	402	428	1	0	1	402
CY207736.1	403	2148	2	12	14	403
CY207736.1	403	2170	0	3	3	2170
CY207736.1	404	2134	0	2	2	2134
CY207736.1	404	2164	0	1	1	2164
CY207736.1	406	1888	1	0	1	406
CY207736.1	406	2156	0	3	3	2156
CY207736.1	409	2064	2	7	9	409
CY207736.1	411	2134	0	2	2	2134
CY207736.1	411	2215	2	1	3	411
CY207736.1	415	2063	2	8	10	415
CY207736.1	434	881	0	1	1	881
CY207736.1	436	2153	0	1	1	2153
CY207736.1	438	2066	9	6	15	438
CY207736.1	441	2133	0	1	1	2133
CY207736.1	441	2163	0	9	9	2163
CY207736.1	443	1556	0	1	1	1556
CY207736.1	444	665	1	0	1	444
CY207736.1	452	2126	0	3	3	2126
CY207736.1	453	2130	0	1	1	2130
CY207736.1	456	2103	1	0	1	456
CY207736.1	472	2242	1	0	1	472
CY207736.1	475	1623	0	1	1	1623
CY207736.1	477	555	0	1	1	555
CY207736.1	483	1628	1	0	1	483
CY207736.1	489	2005	1	1	2	489
CY207736.1	490	513	4	4	8	490
CY207736.1	493	2069	1	0	1	493
CY207736.1	500	1895	2	0	2	500
CY207736.1	511	2057	0	1	1	2057
CY207736.1	514	1690	0	1	1	1690
CY207736.1	520	2162	2	1	3	520
CY207736.1	540	896	0	1	1	896
CY207736.1	544	913	1	0	1	544
CY207736.1	555	1843	0	1	1	1843
CY207736.1	571	1732	0	1	1	1732
CY207736.1	586	624	2	0	2	586
CY207736.1	592	1055	1	0	1	592
CY207736.1	596	2002	3	1	4	596
CY207736.1	616	1826	0	1	1	1826
CY207736.1	636	1956	0	1	1	1956
CY207736.1	640	1894	1	0	1	640
CY207736.1	644	1861	1	0	1	644
CY207736.1	659	705	0	2	2	705
CY207736.1	666	1002	0	2	2	1002
CY207736.1	673	1894	1	1	2	673
CY207736.1	674	1843	1	0	1	674
CY207736.1	674	1845	1	0	1	674
CY207736.1	675	1910	1	0	1	675
CY207736.1	678	1955	1	0	1	678
CY207736.1	678	2022	0	1	1	2022
CY207736.1	684	1853	0	1	1	1853
CY207736.1	684	1873	1	2	3	684
CY207736.1	684	2202	0	1	1	2202
CY207736.1	709	1749	2	0	2	709
CY207736.1	710	1283	0	1	1	1283
CY207736.1	711	1498	1	0	1	711
CY207736.1	716	1760	0	1	1	1760
CY207736.1	725	2117	1	0	1	725
CY207736.1	727	1844	1	0	1	727
CY207736.1	728	1679	1	0	1	728
CY207736.1	728	1759	17	27	44	728
CY207736.1	728	2279	2	0	2	728
CY207736.1	740	1196	0	1	1	1196
CY207736.1	743	1688	0	2	2	1688
CY207736.1	767	1952	2	2	4	767
CY207736.1	773	1736	0	2	2	1736
CY207736.1	780	898	0	1	1	898
CY207736.1	810	1861	1	0	1	810
CY207736.1	812	1999	0	1	1	1999
CY207736.1	814	1696	2	1	3	814
CY207736.1	814	1710	1	0	1	814
CY207736.1	821	1737	0	1	1	1737
CY207736.1	825	1755	1	0	1	825
CY207736.1	836	1845	1	0	1	836
CY207736.1	842	1667	1	0	1	842
CY207736.1	850	1686	2	2	4	850
CY207736.1	915	1517	1	0	1	915
CY207736.1	923	2184	0	1	1	2184
CY207736.1	925	1960	1	1	2	925
CY207736.1	926	1079	0	2	2	1079
CY207736.1	935	1863	0	1	1	1863
CY207736.1	936	1711	0	1	1	1711
CY207736.1	937	2214	1	0	1	937
CY207736.1	950	2295	0	1	1	2295
CY207736.1	951	1700	1	0	1	951
CY207736.1	951	1792	1	0	1	951
CY207737.1	1003	1346	1	0	1	1003
CY207737.1	1016	1269	1	0	1	1016
CY207737.1	1034	1123	0	1	1	1123
CY207737.1	1102	2100	1	0	1	1102
CY207737.1	1220	1378	1	1	2	1220
CY207737.1	1263	1744	0	1	1	1744
CY207737.1	1302	2190	1	0	1	1302
CY207737.1	1306	2043	3	2	5	1306
CY207737.1	1326	1397	0	1	1	1397
CY207737.1	1327	1541	1	0	1	1327
CY207737.1	1333	1794	1	0	1	1333
CY207737.1	1375	1419	1	0	1	1375
CY207737.1	1414	2048	0	1	1	2048
CY207737.1	1526	2043	0	1	1	2043
CY207737.1	1539	1866	1	0	1	1539
CY207737.1	1907	2344	1	0	1	1907
CY207737.1	2055	2120	0	1	1	2120
CY207737.1	2191	2228	1	1	2	2191
CY207737.1	2192	2362	0	1	1	2362
CY207737.1	2193	2334	0	1	1	2334
CY207737.1	2203	2301	1	0	1	2203
CY207737.1	2203	2302	3	0	3	2203
CY207737.1	2267	2303	0	1	1	2303
CY207737.1	2318	2447	0	1	1	2447
CY207737.1	2331	2355	987	234	1221	2331
CY207737.1	2332	2356	1	1	2	2332
CY207737.1	2396	2451	0	3	3	2451
CY207737.1	2397	2452	0	1	1	2452
CY207737.1	240	278	3	0	3	240
CY207737.1	247	2397	3	0	3	247
CY207737.1	248	273	17	0	17	248
CY207737.1	263	291	1	0	1	263
CY207737.1	267	2358	1	0	1	267
CY207737.1	271	307	1	0	1	271
CY207737.1	288	2322	1	0	1	288
CY207737.1	288	2337	4	1	5	288
CY207737.1	318	2231	0	1	1	2231
CY207737.1	321	1462	0	1	1	1462
CY207737.1	334	2211	1	1	2	334
CY207737.1	335	2334	1	0	1	335
CY207737.1	339	2348	0	2	2	2348
CY207737.1	341	2325	1	1	2	341
CY207737.1	341	2355	0	1	1	2355
CY207737.1	343	2209	2	0	2	343
CY207737.1	355	2243	435	125	560	355
CY207737.1	360	2322	1	0	1	360
CY207737.1	364	2206	7	17	24	364
CY207737.1	366	2135	1	0	1	366
CY207737.1	378	2262	0	1	1	2262
CY207737.1	380	2184	0	1	1	2184
CY207737.1	382	1346	0	1	1	1346
CY207737.1	383	2238	1	0	1	383
CY207737.1	389	2202	1	0	1	389
CY207737.1	392	2322	2	0	2	392
CY207737.1	404	1131	0	1	1	1131
CY207737.1	414	1295	1	0	1	414
CY207737.1	426	2153	2	0	2	426
CY207737.1	435	2165	3	0	3	435
CY207737.1	439	491	3	9	12	439
CY207737.1	443	2182	1	0	1	443
CY207737.1	444	2209	5	9	14	444
CY207737.1	446	2209	0	3	3	2209
CY207737.1	464	2215	0	1	1	2215
CY207737.1	469	2026	0	3	3	2026
CY207737.1	470	2225	0	1	1	2225
CY207737.1	472	1523	1	0	1	472
CY207737.1	473	2144	0	1	1	2144
CY207737.1	474	2280	0	1	1	2280
CY207737.1	477	2130	0	2	2	2130
CY207737.1	485	2373	1	0	1	485
CY207737.1	489	1307	1	0	1	489
CY207737.1	490	1908	0	2	2	1908
CY207737.1	492	2093	0	2	2	2093
CY207737.1	512	2108	0	1	1	2108
CY207737.1	512	2213	1	0	1	512
CY207737.1	520	2304	1	2	3	520
CY207737.1	541	2204	5	5	10	541
CY207737.1	573	2093	1	0	1	573
CY207737.1	582	1997	1	3	4	582
CY207737.1	603	2094	2	1	3	603
CY207737.1	606	2103	1	0	1	606
CY207737.1	627	1996	0	2	2	1996
CY207737.1	627	2012	0	1	1	2012
CY207737.1	647	2335	1	0	1	647
CY207737.1	682	1916	0	1	1	1916
CY207737.1	682	710	2	2	4	682
CY207737.1	701	752	1	0	1	701
CY207737.1	708	1730	2	1	3	708
CY207737.1	716	1098	1	0	1	716
CY207737.1	746	1979	0	1	1	1979
CY207737.1	750	2199	1	0	1	750
CY207737.1	761	1946	1	1	2	761
CY207737.1	761	1947	1	0	1	761
CY207737.1	777	1303	0	1	1	1303
CY207737.1	792	1298	1	0	1	792
CY207737.1	814	862	1	0	1	814
CY207737.1	823	2212	1	0	1	823
CY207737.1	824	1920	0	1	1	1920
CY207737.1	871	1577	1	0	1	871
CY207737.1	903	1516	2	0	2	903
CY207737.1	914	1769	1	0	1	914
CY207737.1	918	1335	1	0	1	918
CY207737.1	921	2365	1	0	1	921
CY207737.1	937	2384	0	1	1	2384
CY207737.1	966	1043	0	1	1	1043
CY207738.1	1050	2260	0	1	1	2260
CY207738.1	1054	1717	0	1	1	1717
CY207738.1	1062	2248	6	10	16	1062
CY207738.1	1072	2040	1	1	2	1072
CY207738.1	1079	2315	0	1	1	2315
CY207738.1	1118	1552	1	0	1	1118
CY207738.1	1139	1201	1	0	1	1139
CY207738.1	1159	2191	0	1	1	2191
CY207738.1	1178	2262	1	0	1	1178
CY207738.1	1211	1365	0	1	1	1365
CY207738.1	1217	1789	1	0	1	1217
CY207738.1	1243	1752	0	1	1	1752
CY207738.1	1246	1821	0	1	1	1821
CY207738.1	1359	1406	0	1	1	1406
CY207738.1	1395	2025	0	1	1	2025
CY207738.1	1486	1662	0	1	1	1662
CY207738.1	1488	1579	1	0	1	1488
CY207738.1	1510	1959	1	0	1	1510
CY207738.1	1531	2325	1	0	1	1531
CY207738.1	1549	1616	0	1	1	1616
CY207738.1	1651	1733	1	1	2	1651
CY207738.1	1651	2036	0	1	1	2036
CY207738.1	1655	1753	0	1	1	1753
CY207738.1	1787	1872	0	1	1	1872
CY207738.1	1797	2241	0	1	1	2241
CY207738.1	1894	2086	1	0	1	1894
CY207738.1	1928	2447	0	1	1	2447
CY207738.1	2073	2462	0	1	1	2462
CY207738.1	2145	2387	0	1	1	2387
CY207738.1	2218	2391	1	1	2	2218
CY207738.1	2233	2386	0	1	1	2386
CY207738.1	2256	2326	1	1	2	2256
CY207738.1	2294	2346	1	3	4	2294
CY207738.1	2311	2347	2	0	2	2311
CY207738.1	235	1286	1	0	1	235
CY207738.1	241	1221	1	0	1	241
CY207738.1	268	1850	2	0	2	268
CY207738.1	282	458	1	0	1	282
CY207738.1	282	821	1	0	1	282
CY207738.1	285	2327	1	0	1	285
CY207738.1	285	987	1	0	1	285
CY207738.1	286	1808	1	0	1	286
CY207738.1	294	2334	1	0	1	294
CY207738.1	298	986	1	0	1	298
CY207738.1	313	2348	0	1	1	2348
CY207738.1	347	2483	0	1	1	2483
CY207738.1	350	2208	0	1	1	2208
CY207738.1	360	1469	1	0	1	360
CY207738.1	360	1892	1	0	1	360
CY207738.1	365	2254	0	1	1	2254
CY207738.1	365	2300	1	0	1	365
CY207738.1	367	2187	0	1	1	2187
CY207738.1	367	2313	0	1	1	2313
CY207738.1	368	2372	1	1	2	368
CY207738.1	370	2138	0	1	1	2138
CY207738.1	373	412	0	1	1	412
CY207738.1	385	2280	0	1	1	2280
CY207738.1	386	2201	0	20	20	2201
CY207738.1	389	928	1	0	1	389
CY207738.1	399	598	0	1	1	598
CY207738.1	412	2319	0	1	1	2319
CY207738.1	419	2195	0	1	1	2195
CY207738.1	419	2209	0	1	1	2209
CY207738.1	422	2086	0	1	1	2086
CY207738.1	433	653	1	0	1	433
CY207738.1	437	467	0	2	2	467
CY207738.1	439	2360	1	0	1	439
CY207738.1	442	1224	0	1	1	1224
CY207738.1	454	2021	3	1	4	454
CY207738.1	455	673	0	1	1	673
CY207738.1	467	1770	0	1	1	1770
CY207738.1	468	2313	2	2	4	468
CY207738.1	469	1824	1	0	1	469
CY207738.1	469	2085	159	256	415	469
CY207738.1	472	1073	0	1	1	1073
CY207738.1	473	2088	0	1	1	2088
CY207738.1	475	2093	0	1	1	2093
CY207738.1	480	2055	0	3	3	2055
CY207738.1	481	2153	0	2	2	2153
CY207738.1	482	2113	0	1	1	2113
CY207738.1	490	2474	0	1	1	2474
CY207738.1	493	2147	0	1	1	2147
CY207738.1	505	1771	0	2	2	1771
CY207738.1	515	2135	1	0	1	515
CY207738.1	533	2056	0	2	2	2056
CY207738.1	536	2187	1	3	4	536
CY207738.1	543	2130	0	1	1	2130
CY207738.1	564	689	0	1	1	689
CY207738.1	575	2210	1	0	1	575
CY207738.1	580	1515	0	1	1	1515
CY207738.1	642	1330	1	0	1	642
CY207738.1	700	2129	0	2	2	2129
CY207738.1	702	1787	0	1	1	1787
CY207738.1	710	2038	0	1	1	2038
CY207738.1	712	1992	0	1	1	1992
CY207738.1	740	1169	0	1	1	1169
CY207738.1	740	923	0	1	1	923
CY207738.1	759	1657	1	0	1	759
CY207738.1	771	2349	1	0	1	771
CY207738.1	786	1469	0	1	1	1469
CY207738.1	792	1922	1	0	1	792
CY207738.1	796	1470	1	0	1	796
CY207738.1	802	2342	1	0	1	802
CY207738.1	829	1849	0	1	1	1849
CY207738.1	829	2196	0	1	1	2196
CY207738.1	866	1884	1	0	1	866
CY207738.1	870	2204	2	5	7	870
CY207738.1	896	1101	1	0	1	896
CY207738.1	942	1579	1	0	1	942
CY207738.1	945	1752	1	1	2	945
