Segment	Start	Stop	Forward_support	Reverse_support	Total_support	Fuzz_factor
CY207731.1	1015	1479	0	1	1	1479
CY207731.1	1017	1364	0	1	1	1364
CY207731.1	1025	1607	1	0	1	1025
CY207731.1	1032	1866	0	1	1	1866
CY207731.1	1043	1763	0	1	1	1763
CY207731.1	1054	1263	1	0	1	1054
CY207731.1	1062	1547	1	0	1	1062
CY207731.1	1063	1114	1	0	1	1063
CY207731.1	1095	1210	1	0	1	1095
CY207731.1	1111	1181	1	0	1	1111
CY207731.1	1114	1185	1	0	1	1114
CY207731.1	1132	1879	0	1	1	1879
CY207731.1	1172	1901	0	1	1	1901
CY207731.1	1181	1614	1	0	1	1181
CY207731.1	1215	1387	2	7	9	1215
CY207731.1	1243	1553	1	0	1	1243
CY207731.1	1263	1369	1	0	1	1263
CY207731.1	1264	1288	0	1	1	1288
CY207731.1	1281	1385	0	1	1	1385
CY207731.1	1303	1536	0	1	1	1536
CY207731.1	1304	1483	1	0	1	1304
CY207731.1	1309	1702	0	1	1	1702
CY207731.1	1311	1647	0	1	1	1647
CY207731.1	1322	1843	1	0	1	1322
CY207731.1	1361	1692	0	1	1	1692
CY207731.1	1362	1885	0	1	1	1885
CY207731.1	1403	1704	1	0	1	1403
CY207731.1	1445	1658	1	0	1	1445
CY207731.1	1452	1652	1	0	1	1452
CY207731.1	1456	1573	0	1	1	1573
CY207731.1	1476	1681	1	0	1	1476
CY207731.1	1486	1805	0	1	1	1805
CY207731.1	1495	1651	1	0	1	1495
CY207731.1	1497	1575	1	0	1	1497
CY207731.1	1512	1901	0	1	1	1901
CY207731.1	1566	1702	1	0	1	1566
CY207731.1	1673	1755	0	1	1	1755
CY207731.1	1677	1882	0	1	1	1882
CY207731.1	1690	1754	0	1	1	1754
CY207731.1	250	1563	1	0	1	250
CY207731.1	269	1198	1	0	1	269
CY207731.1	270	1334	1	0	1	270
CY207731.1	280	1681	1	0	1	280
CY207731.1	313	464	1	0	1	313
CY207731.1	329	953	0	1	1	953
CY207731.1	339	1578	0	1	1	1578
CY207731.1	355	1304	0	1	1	1304
CY207731.1	359	1298	0	1	1	1298
CY207731.1	364	1638	0	1	1	1638
CY207731.1	378	412	0	1	1	412
CY207731.1	386	982	0	1	1	982
CY207731.1	406	1343	0	1	1	1343
CY207731.1	406	1678	0	1	1	1678
CY207731.1	430	1513	1	0	1	430
CY207731.1	430	925	0	1	1	925
CY207731.1	431	1291	0	1	1	1291
CY207731.1	441	1382	0	1	1	1382
CY207731.1	455	1430	0	1	1	1430
CY207731.1	455	943	0	1	1	943
CY207731.1	460	1786	1	0	1	460
CY207731.1	473	498	0	1	1	498
CY207731.1	474	558	0	1	1	558
CY207731.1	480	1032	1	0	1	480
CY207731.1	480	624	0	1	1	624
CY207731.1	485	1084	1	0	1	485
CY207731.1	492	1185	0	1	1	1185
CY207731.1	508	663	0	1	1	663
CY207731.1	522	1820	1	0	1	522
CY207731.1	526	1608	1	0	1	526
CY207731.1	527	1006	1	0	1	527
CY207731.1	527	1727	0	1	1	1727
CY207731.1	529	615	0	1	1	615
CY207731.1	533	1701	1	0	1	533
CY207731.1	534	1696	1	0	1	534
CY207731.1	536	614	0	1	1	614
CY207731.1	542	1898	0	1	1	1898
CY207731.1	546	1775	0	1	1	1775
CY207731.1	571	1507	0	1	1	1507
CY207731.1	571	604	0	1	1	604
CY207731.1	572	662	0	1	1	662
CY207731.1	576	763	1	0	1	576
CY207731.1	578	1541	0	1	1	1541
CY207731.1	592	1652	1	0	1	592
CY207731.1	613	1681	1	0	1	613
CY207731.1	624	655	0	1	1	655
CY207731.1	632	1610	0	1	1	1610
CY207731.1	656	1362	1	0	1	656
CY207731.1	666	1840	1	0	1	666
CY207731.1	680	1509	1	0	1	680
CY207731.1	680	1814	0	1	1	1814
CY207731.1	684	1290	1	0	1	684
CY207731.1	687	1900	0	1	1	1900
CY207731.1	737	1330	0	1	1	1330
CY207731.1	751	1086	1	0	1	751
CY207731.1	779	1312	0	1	1	1312
CY207731.1	781	1893	0	1	1	1893
CY207731.1	798	1309	0	1	1	1309
CY207731.1	807	946	0	1	1	946
CY207731.1	816	1292	1	0	1	816
CY207731.1	843	1192	0	1	1	1192
CY207731.1	849	1748	1	0	1	849
CY207731.1	862	1324	0	1	1	1324
CY207731.1	874	1655	1	0	1	874
CY207731.1	876	925	0	1	1	925
CY207731.1	897	1624	1	0	1	897
CY207731.1	908	1163	1	0	1	908
CY207731.1	911	951	0	1	1	951
CY207731.1	935	1389	0	1	1	1389
CY207731.1	944	1511	0	1	1	1511
CY207731.1	972	1316	0	1	1	1316
CY207731.1	973	1507	0	1	1	1507
CY207732.1	235	825	1	0	1	235
CY207732.1	238	387	1	0	1	238
CY207732.1	252	376	1	0	1	252
CY207732.1	253	541	1	0	1	253
CY207732.1	256	724	1	0	1	256
CY207732.1	259	391	1	0	1	259
CY207732.1	269	641	1	0	1	269
CY207732.1	271	563	1	0	1	271
CY207732.1	281	644	1	0	1	281
CY207732.1	290	325	1	0	1	290
CY207732.1	323	353	0	1	1	353
CY207732.1	335	982	1	0	1	335
CY207732.1	351	555	0	1	1	555
CY207732.1	361	868	1	0	1	361
CY207732.1	364	485	1	0	1	364
CY207732.1	368	540	0	1	1	540
CY207732.1	372	897	0	1	1	897
CY207732.1	378	723	0	1	1	723
CY207732.1	381	684	1	0	1	381
CY207732.1	385	821	1	0	1	385
CY207732.1	392	1056	1	0	1	392
CY207732.1	392	471	0	1	1	471
CY207732.1	396	981	1	1	2	396
CY207732.1	399	467	1	0	1	399
CY207732.1	400	461	0	1	1	461
CY207732.1	403	948	0	1	1	948
CY207732.1	416	1059	0	1	1	1059
CY207732.1	420	475	0	1	1	475
CY207732.1	429	768	0	1	1	768
CY207732.1	430	873	0	1	1	873
CY207732.1	433	999	0	1	1	999
CY207732.1	434	466	0	1	1	466
CY207732.1	444	540	0	1	1	540
CY207732.1	450	981	0	1	1	981
CY207732.1	458	1143	0	1	1	1143
CY207732.1	458	1160	0	1	1	1160
CY207732.1	461	555	0	1	1	555
CY207732.1	466	492	0	1	1	492
CY207732.1	466	494	0	1	1	494
CY207732.1	472	828	1	0	1	472
CY207732.1	477	1183	0	1	1	1183
CY207732.1	477	619	0	1	1	619
CY207732.1	477	977	0	1	1	977
CY207732.1	478	941	1	0	1	478
CY207732.1	479	963	0	1	1	963
CY207732.1	482	1053	1	0	1	482
CY207732.1	500	1038	0	1	1	1038
CY207732.1	519	719	1	0	1	519
CY207732.1	523	877	1	0	1	523
CY207732.1	524	870	0	1	1	870
CY207732.1	538	573	1	0	1	538
CY207732.1	547	974	1	0	1	547
CY207732.1	557	862	1	0	1	557
CY207732.1	570	922	1	0	1	570
CY207732.1	573	840	0	1	1	840
CY207732.1	581	801	1	0	1	581
CY207732.1	581	821	0	1	1	821
CY207732.1	589	668	6	6	12	589
CY207732.1	589	862	2	13	15	589
CY207732.1	593	801	0	1	1	801
CY207732.1	598	1002	1	0	1	598
CY207732.1	605	938	0	1	1	938
CY207732.1	613	774	1	0	1	613
CY207732.1	622	981	1	0	1	622
CY207732.1	624	999	1	0	1	624
CY207732.1	637	887	0	1	1	887
CY207732.1	650	825	0	1	1	825
CY207732.1	654	829	0	1	1	829
CY207732.1	664	726	1	0	1	664
CY207732.1	667	731	1	0	1	667
CY207732.1	667	918	0	1	1	918
CY207732.1	667	943	1	0	1	667
CY207732.1	672	810	0	1	1	810
CY207732.1	679	1142	0	1	1	1142
CY207732.1	679	815	2	1	3	679
CY207732.1	685	839	3	4	7	685
CY207732.1	689	878	0	1	1	878
CY207732.1	710	906	1	0	1	710
CY207732.1	718	860	1	1	2	718
CY207732.1	729	887	1	0	1	729
CY207732.1	768	850	6	5	11	768
CY207732.1	783	1058	0	1	1	1058
CY207732.1	783	970	1	0	1	783
CY207732.1	788	922	1	0	1	788
CY207732.1	797	1016	0	1	1	1016
CY207732.1	808	861	0	1	1	861
CY207732.1	811	1033	1	0	1	811
CY207732.1	821	892	1	0	1	821
CY207732.1	829	991	1	0	1	829
CY207732.1	841	1143	0	1	1	1143
CY207732.1	857	952	0	1	1	952
CY207732.1	911	1050	0	1	1	1050
CY207732.1	925	1008	1	0	1	925
CY207732.1	954	1014	1	0	1	954
CY207732.1	966	1019	1	0	1	966
CY207732.1	968	997	1	0	1	968
CY207733.1	1010	1051	0	1	1	1051
CY207733.1	1024	1100	0	1	1	1100
CY207733.1	1036	1461	0	1	1	1461
CY207733.1	1067	1179	1	0	1	1067
CY207733.1	1072	1366	0	1	1	1366
CY207733.1	1125	1219	1	0	1	1125
CY207733.1	1129	1198	0	1	1	1198
CY207733.1	1136	1399	0	1	1	1399
CY207733.1	1204	1414	1	0	1	1204
CY207733.1	1208	1413	1	0	1	1208
CY207733.1	1220	1591	0	1	1	1591
CY207733.1	1320	1466	3	0	3	1320
CY207733.1	1332	1437	6	3	9	1332
CY207733.1	1356	1453	0	1	1	1453
CY207733.1	1431	1573	0	1	1	1573
CY207733.1	1480	1524	0	2	2	1524
CY207733.1	238	1316	1	0	1	238
CY207733.1	242	378	1	0	1	242
CY207733.1	247	1410	1	0	1	247
CY207733.1	266	374	1	0	1	266
CY207733.1	283	707	1	0	1	283
CY207733.1	290	1382	1	0	1	290
CY207733.1	300	1418	7	3	10	300
CY207733.1	322	1428	120	161	281	322
CY207733.1	362	1435	24	32	56	362
CY207733.1	362	1443	1	0	1	362
CY207733.1	365	1442	2	1	3	365
CY207733.1	365	1475	0	2	2	1475
CY207733.1	365	770	0	1	1	770
CY207733.1	367	1185	1	0	1	367
CY207733.1	368	1483	1	14	15	368
CY207733.1	369	1446	10	1	11	369
CY207733.1	370	1447	133	219	352	370
CY207733.1	380	749	0	1	1	749
CY207733.1	381	1171	0	1	1	1171
CY207733.1	390	1432	0	1	1	1432
CY207733.1	392	856	0	1	1	856
CY207733.1	406	1399	0	1	1	1399
CY207733.1	406	690	0	1	1	690
CY207733.1	411	1497	0	1	1	1497
CY207733.1	461	1255	5	13	18	461
CY207733.1	462	528	0	1	1	528
CY207733.1	468	1052	0	1	1	1052
CY207733.1	468	1371	1	0	1	468
CY207733.1	563	1383	1	0	1	563
CY207733.1	576	1027	1	0	1	576
CY207733.1	588	1427	9	10	19	588
CY207733.1	592	618	1	3	4	592
CY207733.1	602	1488	0	1	1	1488
CY207733.1	628	894	1	0	1	628
CY207733.1	648	1257	1	0	1	648
CY207733.1	658	1458	0	1	1	1458
CY207733.1	658	805	0	1	1	805
CY207733.1	669	1270	0	1	1	1270
CY207733.1	678	1148	0	1	1	1148
CY207733.1	826	952	1	0	1	826
CY207733.1	832	1574	0	1	1	1574
CY207733.1	909	1229	1	0	1	909
CY207733.1	946	1286	1	0	1	946
CY207734.1	1013	1372	0	1	1	1372
CY207734.1	1013	1458	1	0	1	1013
CY207734.1	1022	1069	0	1	1	1069
CY207734.1	1055	1485	0	1	1	1485
CY207734.1	1099	1405	1	0	1	1099
CY207734.1	1104	1372	0	1	1	1372
CY207734.1	1138	1718	0	1	1	1718
CY207734.1	1235	1428	0	1	1	1428
CY207734.1	1275	1375	1	0	1	1275
CY207734.1	1289	1325	0	1	1	1325
CY207734.1	1325	1457	0	1	1	1457
CY207734.1	1364	1392	0	1	1	1392
CY207734.1	1368	1564	0	1	1	1564
CY207734.1	1399	1424	1	0	1	1399
CY207734.1	1412	1568	1	0	1	1412
CY207734.1	1532	1652	0	1	1	1652
CY207734.1	1545	1622	0	1	1	1622
CY207734.1	1548	1591	4	1	5	1548
CY207734.1	1589	1695	0	14	14	1695
CY207734.1	1604	1725	0	1	1	1725
CY207734.1	244	1560	1	0	1	244
CY207734.1	246	603	1	0	1	246
CY207734.1	248	968	1	0	1	248
CY207734.1	290	1529	1	0	1	290
CY207734.1	354	1397	0	1	1	1397
CY207734.1	354	1518	1	0	1	354
CY207734.1	355	1370	1	0	1	355
CY207734.1	358	408	0	1	1	408
CY207734.1	360	580	0	1	1	580
CY207734.1	362	1118	0	1	1	1118
CY207734.1	370	411	0	1	1	411
CY207734.1	389	1480	0	1	1	1480
CY207734.1	401	922	0	1	1	922
CY207734.1	405	1054	0	1	1	1054
CY207734.1	406	1087	0	1	1	1087
CY207734.1	425	916	0	1	1	916
CY207734.1	430	861	0	1	1	861
CY207734.1	432	555	1	0	1	432
CY207734.1	437	588	0	2	2	588
CY207734.1	437	700	1	0	1	437
CY207734.1	439	484	1	0	1	439
CY207734.1	439	724	1	0	1	439
CY207734.1	443	1040	0	1	1	1040
CY207734.1	448	1297	0	1	1	1297
CY207734.1	450	498	1	0	1	450
CY207734.1	458	1583	0	1	1	1583
CY207734.1	464	1724	0	1	1	1724
CY207734.1	465	1590	0	1	1	1590
CY207734.1	476	1300	1	0	1	476
CY207734.1	478	756	0	1	1	756
CY207734.1	478	866	0	1	1	866
CY207734.1	487	1502	1	0	1	487
CY207734.1	522	750	0	1	1	750
CY207734.1	530	1268	0	1	1	1268
CY207734.1	555	1043	1	0	1	555
CY207734.1	560	612	0	1	1	612
CY207734.1	568	757	1	0	1	568
CY207734.1	576	1208	0	1	1	1208
CY207734.1	584	1725	0	1	1	1725
CY207734.1	589	882	1	0	1	589
CY207734.1	591	616	0	1	1	616
CY207734.1	601	1443	0	1	1	1443
CY207734.1	619	938	1	0	1	619
CY207734.1	620	812	1	0	1	620
CY207734.1	633	1573	1	0	1	633
CY207734.1	639	1344	0	1	1	1344
CY207734.1	647	1362	3	2	5	647
CY207734.1	678	1056	1	0	1	678
CY207734.1	678	1432	0	1	1	1432
CY207734.1	690	799	0	1	1	799
CY207734.1	725	1462	0	1	1	1462
CY207734.1	746	1137	0	1	1	1137
CY207734.1	800	1093	0	1	1	1093
CY207734.1	809	1173	1	0	1	809
CY207734.1	810	1508	0	1	1	1508
CY207734.1	856	931	1	0	1	856
CY207734.1	858	1192	1	0	1	858
CY207734.1	861	1238	0	1	1	1238
CY207734.1	875	1187	0	1	1	1187
CY207734.1	882	1571	1	0	1	882
CY207734.1	891	1116	1	0	1	891
CY207734.1	892	1679	0	1	1	1679
CY207734.1	908	1217	1	0	1	908
CY207734.1	917	1522	0	1	1	1522
CY207734.1	941	1066	1	0	1	941
CY207734.1	947	1624	1	0	1	947
CY207734.1	955	1537	0	1	1	1537
CY207734.1	977	1313	1	0	1	977
CY207734.1	985	1643	0	1	1	1643
CY207734.1	996	1415	1	0	1	996
CY207735.1	247	385	0	1	1	385
CY207735.1	253	904	2	0	2	253
CY207735.1	349	851	0	6	6	851
CY207735.1	404	478	0	1	1	478
CY207735.1	421	492	0	18	18	492
CY207735.1	454	664	0	1	1	664
CY207735.1	492	829	0	1	1	829
CY207735.1	511	740	22	99	121	511
CY207735.1	531	581	0	1	1	581
CY207735.1	573	748	1	0	1	573
CY207735.1	584	656	4	8	12	584
CY207735.1	656	727	0	1	1	727
CY207735.1	844	915	6	1	7	844
CY207736.1	1016	1133	0	1	1	1133
CY207736.1	1088	2370	0	1	1	2370
CY207736.1	1101	1585	0	1	1	1585
CY207736.1	1101	2032	4	21	25	1101
CY207736.1	1133	2228	1	0	1	1133
CY207736.1	1148	1930	1	0	1	1148
CY207736.1	1166	2192	0	1	1	2192
CY207736.1	1238	2184	1	0	1	1238
CY207736.1	1246	2241	1	0	1	1246
CY207736.1	1273	2216	1	0	1	1273
CY207736.1	1330	2043	0	1	1	2043
CY207736.1	1339	1714	0	1	1	1714
CY207736.1	1372	2217	1	0	1	1372
CY207736.1	1387	1810	0	1	1	1810
CY207736.1	1432	1481	0	1	1	1481
CY207736.1	1463	1860	0	1	1	1860
CY207736.1	1464	2354	0	1	1	2354
CY207736.1	1537	1646	1	0	1	1537
CY207736.1	1582	1644	0	1	1	1644
CY207736.1	1589	1801	1	0	1	1589
CY207736.1	1647	1869	0	1	1	1869
CY207736.1	1683	2043	0	1	1	2043
CY207736.1	1728	1806	1	0	1	1728
CY207736.1	1859	2018	1	0	1	1859
CY207736.1	1877	2377	0	1	1	2377
CY207736.1	1884	2316	0	1	1	2316
CY207736.1	2086	2123	0	1	1	2123
CY207736.1	2088	2132	59	45	104	2088
CY207736.1	2130	2172	0	1	1	2172
CY207736.1	2161	2270	6	77	83	2161
CY207736.1	2164	2359	0	1	1	2359
CY207736.1	2167	2216	17	8	25	2167
CY207736.1	2169	2237	0	1	1	2237
CY207736.1	2209	2238	37	14	51	2209
CY207736.1	2221	2245	15	4	19	2221
CY207736.1	2221	2271	1	11	12	2221
CY207736.1	2255	2283	2	8	10	2255
CY207736.1	249	1896	1	0	1	249
CY207736.1	262	1984	1	0	1	262
CY207736.1	263	1877	1	0	1	263
CY207736.1	272	1743	1	0	1	272
CY207736.1	274	2062	1	0	1	274
CY207736.1	275	2036	1	0	1	275
CY207736.1	282	1398	1	0	1	282
CY207736.1	287	2225	17	6	23	287
CY207736.1	292	2157	1	0	1	292
CY207736.1	325	2195	2	0	2	325
CY207736.1	325	367	3	8	11	325
CY207736.1	328	2182	1	0	1	328
CY207736.1	331	2141	1	23	24	331
CY207736.1	333	1651	1	0	1	333
CY207736.1	333	2215	69	41	110	333
CY207736.1	333	361	2	10	12	333
CY207736.1	334	2207	41	24	65	334
CY207736.1	334	368	15	5	20	334
CY207736.1	335	365	1	2	3	335
CY207736.1	336	1401	1	0	1	336
CY207736.1	347	2077	1	0	1	347
CY207736.1	358	2171	5	8	13	358
CY207736.1	367	2160	0	1	1	2160
CY207736.1	367	2177	3	11	14	367
CY207736.1	375	2180	0	1	1	2180
CY207736.1	377	2171	0	1	1	2171
CY207736.1	385	2155	8	91	99	385
CY207736.1	386	434	5	17	22	386
CY207736.1	386	479	8	19	27	386
CY207736.1	387	2138	14	78	92	387
CY207736.1	390	2177	25	35	60	390
CY207736.1	392	2154	74	349	423	392
CY207736.1	394	2026	1	0	1	394
CY207736.1	394	2146	0	1	1	2146
CY207736.1	404	2164	1	12	13	404
CY207736.1	406	2148	0	10	10	2148
CY207736.1	406	2156	3	19	22	406
CY207736.1	406	2180	2	1	3	406
CY207736.1	412	2071	23	79	102	412
CY207736.1	416	2172	3	5	8	416
CY207736.1	417	2110	3	5	8	417
CY207736.1	430	2004	8	6	14	430
CY207736.1	433	2172	6	0	6	433
CY207736.1	436	2156	5	18	23	436
CY207736.1	443	2141	0	2	2	2141
CY207736.1	444	1181	0	1	1	1181
CY207736.1	448	512	3	1	4	448
CY207736.1	453	2167	12	187	199	453
CY207736.1	455	1942	76	6	82	455
CY207736.1	463	2274	0	1	1	2274
CY207736.1	466	1962	1	0	1	466
CY207736.1	468	501	8	1	9	468
CY207736.1	473	2072	2	0	2	473
CY207736.1	475	2111	0	1	1	2111
CY207736.1	476	2029	1	1	2	476
CY207736.1	479	2028	6	11	17	479
CY207736.1	481	1284	1	0	1	481
CY207736.1	481	2080	0	2	2	2080
CY207736.1	483	2168	0	1	1	2168
CY207736.1	485	1895	12	1	13	485
CY207736.1	485	2148	123	123	246	485
CY207736.1	490	2061	0	2	2	2061
CY207736.1	490	2064	1	0	1	490
CY207736.1	490	2156	8	25	33	490
CY207736.1	493	2156	0	1	1	2156
CY207736.1	493	539	1	0	1	493
CY207736.1	498	2058	3	3	6	498
CY207736.1	500	2029	4	4	8	500
CY207736.1	500	2163	0	1	1	2163
CY207736.1	501	2157	0	2	2	2157
CY207736.1	503	2006	4	1	5	503
CY207736.1	504	2010	7	12	19	504
CY207736.1	505	2076	10	11	21	505
CY207736.1	507	1650	1	0	1	507
CY207736.1	509	1999	9	4	13	509
CY207736.1	509	2064	15	19	34	509
CY207736.1	510	2178	1	0	1	510
CY207736.1	511	2143	12	23	35	511
CY207736.1	513	2044	2	12	14	513
CY207736.1	525	1816	3	1	4	525
CY207736.1	525	2007	1	1	2	525
CY207736.1	530	556	6	0	6	530
CY207736.1	544	1808	1	0	1	544
CY207736.1	548	1844	15	13	28	548
CY207736.1	551	1589	1	0	1	551
CY207736.1	561	1874	0	1	1	1874
CY207736.1	562	1950	0	1	1	1950
CY207736.1	562	2051	0	1	1	2051
CY207736.1	563	1814	1	0	1	563
CY207736.1	563	1995	22	5	27	563
CY207736.1	564	2040	8	7	15	564
CY207736.1	571	2116	3	2	5	571
CY207736.1	575	2009	15	10	25	575
CY207736.1	581	1964	9	1	10	581
CY207736.1	584	1509	1	0	1	584
CY207736.1	589	1764	0	1	1	1764
CY207736.1	592	1423	0	1	1	1423
CY207736.1	599	1972	14	10	24	599
CY207736.1	605	2024	0	1	1	2024
CY207736.1	606	1950	22	7	29	606
CY207736.1	607	636	12	4	16	607
CY207736.1	619	2030	0	1	1	2030
CY207736.1	620	966	1	0	1	620
CY207736.1	629	1798	1	0	1	629
CY207736.1	629	668	9	6	15	629
CY207736.1	639	2068	0	1	1	2068
CY207736.1	643	1115	1	0	1	643
CY207736.1	647	1863	17	13	30	647
CY207736.1	647	1871	12	13	25	647
CY207736.1	653	1871	34	22	56	653
CY207736.1	654	1872	2	0	2	654
CY207736.1	666	1002	13	3	16	666
CY207736.1	670	2143	5	4	9	670
CY207736.1	685	1215	0	1	1	1215
CY207736.1	699	1995	5	9	14	699
CY207736.1	702	1871	7	4	11	702
CY207736.1	707	1154	1	0	1	707
CY207736.1	713	1770	1	0	1	713
CY207736.1	715	1855	14	21	35	715
CY207736.1	722	1788	1	0	1	722
CY207736.1	735	1777	19	12	31	735
CY207736.1	740	1823	2	0	2	740
CY207736.1	745	2357	0	1	1	2357
CY207736.1	748	1864	18	9	27	748
CY207736.1	749	1827	23	12	35	749
CY207736.1	750	1925	5	4	9	750
CY207736.1	754	1594	22	7	29	754
CY207736.1	758	1815	1	0	1	758
CY207736.1	762	1861	1	0	1	762
CY207736.1	763	1628	0	1	1	1628
CY207736.1	765	1839	1	0	1	765
CY207736.1	766	1845	27	14	41	766
CY207736.1	767	1952	0	1	1	1952
CY207736.1	769	1848	0	1	1	1848
CY207736.1	771	1889	0	1	1	1889
CY207736.1	773	1871	10	9	19	773
CY207736.1	777	1164	1	0	1	777
CY207736.1	802	1103	1	0	1	802
CY207736.1	802	971	1	0	1	802
CY207736.1	818	1503	1	0	1	818
CY207736.1	824	1727	1	0	1	824
CY207736.1	827	979	0	1	1	979
CY207736.1	882	1584	1	0	1	882
CY207736.1	893	1066	1	0	1	893
CY207736.1	907	1760	2	18	20	907
CY207736.1	913	1061	1	0	1	913
CY207736.1	916	1667	2	2	4	916
CY207736.1	920	1773	0	1	1	1773
CY207736.1	935	1615	0	1	1	1615
CY207736.1	937	2259	0	1	1	2259
CY207736.1	953	1542	1	0	1	953
CY207737.1	1002	1128	0	1	1	1128
CY207737.1	1016	2278	0	1	1	2278
CY207737.1	1027	1808	1	13	14	1027
CY207737.1	1062	2010	0	1	1	2010
CY207737.1	1063	1745	2	0	2	1063
CY207737.1	1069	1751	11	8	19	1069
CY207737.1	1073	2339	1	0	1	1073
CY207737.1	1077	1758	0	1	1	1758
CY207737.1	1080	2312	1	0	1	1080
CY207737.1	1084	1899	0	1	1	1899
CY207737.1	1090	1741	0	1	1	1741
CY207737.1	1109	1790	0	1	1	1790
CY207737.1	1119	1398	1	0	1	1119
CY207737.1	1120	2034	1	0	1	1120
CY207737.1	1139	1496	1	0	1	1139
CY207737.1	1188	1994	0	1	1	1994
CY207737.1	1234	1549	1	0	1	1234
CY207737.1	1241	1974	1	0	1	1241
CY207737.1	1282	2161	0	1	1	2161
CY207737.1	1288	1403	1	0	1	1288
CY207737.1	1364	2363	1	0	1	1364
CY207737.1	1447	1749	0	1	1	1749
CY207737.1	1509	2281	1	0	1	1509
CY207737.1	1532	2233	1	0	1	1532
CY207737.1	1549	1875	1	0	1	1549
CY207737.1	1550	2355	0	1	1	2355
CY207737.1	1582	2385	0	1	1	2385
CY207737.1	1634	2171	1	0	1	1634
CY207737.1	1751	2394	0	1	1	2394
CY207737.1	1788	1898	0	1	1	1898
CY207737.1	1793	1894	0	1	1	1894
CY207737.1	1835	2199	0	1	1	2199
CY207737.1	1994	2111	1	0	1	1994
CY207737.1	2075	2165	3	0	3	2075
CY207737.1	2215	2282	2	0	2	2215
CY207737.1	2216	2284	1	0	1	2216
CY207737.1	2281	2379	0	1	1	2379
CY207737.1	2319	2356	0	1	1	2356
CY207737.1	2321	2358	29	45	74	2321
CY207737.1	239	308	6	1	7	239
CY207737.1	239	332	34	0	34	239
CY207737.1	2414	2450	23	126	149	2414
CY207737.1	2416	2452	0	1	1	2452
CY207737.1	2433	2480	0	1	1	2480
CY207737.1	246	2267	1	0	1	246
CY207737.1	247	291	180	4	184	247
CY207737.1	248	273	37	1	38	248
CY207737.1	256	336	99	1	100	256
CY207737.1	271	463	1	0	1	271
CY207737.1	278	2025	1	0	1	278
CY207737.1	315	2361	1	0	1	315
CY207737.1	315	2373	1	0	1	315
CY207737.1	325	522	5	10	15	325
CY207737.1	326	2279	6	0	6	326
CY207737.1	327	2309	1	0	1	327
CY207737.1	330	2337	2	1	3	330
CY207737.1	331	2285	14	13	27	331
CY207737.1	355	2334	29	1	30	355
CY207737.1	357	2249	4	0	4	357
CY207737.1	363	2355	18	17	35	363
CY207737.1	369	2280	1	0	1	369
CY207737.1	378	2262	1	0	1	378
CY207737.1	379	2211	0	1	1	2211
CY207737.1	381	2293	2	0	2	381
CY207737.1	384	2488	1	2	3	384
CY207737.1	391	2302	16	2	18	391
CY207737.1	393	2285	7	0	7	393
CY207737.1	393	419	0	1	1	419
CY207737.1	404	1131	13	9	22	404
CY207737.1	405	2383	0	6	6	2383
CY207737.1	415	2182	10	15	25	415
CY207737.1	426	2243	14	2	16	426
CY207737.1	428	2193	0	1	1	2193
CY207737.1	428	2282	1	0	1	428
CY207737.1	435	2211	1	2	3	435
CY207737.1	435	464	132	7	139	435
CY207737.1	436	2332	21	10	31	436
CY207737.1	445	2273	0	1	1	2273
CY207737.1	446	2209	0	1	1	2209
CY207737.1	453	2232	6	0	6	453
CY207737.1	454	2238	10	11	21	454
CY207737.1	462	2243	55	201	256	462
CY207737.1	466	2298	0	2	2	2298
CY207737.1	469	2250	0	7	7	2250
CY207737.1	489	2305	1	0	1	489
CY207737.1	491	1409	1	0	1	491
CY207737.1	518	2315	87	35	122	518
CY207737.1	521	682	0	1	1	682
CY207737.1	542	2360	108	56	164	542
CY207737.1	556	2369	6	1	7	556
CY207737.1	568	2077	9	7	16	568
CY207737.1	575	1958	1	0	1	575
CY207737.1	597	2006	3	0	3	597
CY207737.1	598	2055	10	11	21	598
CY207737.1	602	2090	2	0	2	602
CY207737.1	603	2094	13	13	26	603
CY207737.1	604	1990	15	34	49	604
CY207737.1	604	2013	8	17	25	604
CY207737.1	605	1991	0	1	1	1991
CY207737.1	608	2237	92	10	102	608
CY207737.1	611	2068	0	1	1	2068
CY207737.1	613	1501	1	0	1	613
CY207737.1	620	2247	1	0	1	620
CY207737.1	621	2137	1	1	2	621
CY207737.1	624	2026	0	1	1	2026
CY207737.1	628	2007	0	2	2	2007
CY207737.1	628	2095	1	2	3	628
CY207737.1	638	2095	4	1	5	638
CY207737.1	643	2121	3	2	5	643
CY207737.1	646	2205	7	6	13	646
CY207737.1	650	2119	0	1	1	2119
CY207737.1	660	1907	1	0	1	660
CY207737.1	662	2086	7	0	7	662
CY207737.1	664	1663	4	0	4	664
CY207737.1	666	1205	1	0	1	666
CY207737.1	672	704	1	0	1	672
CY207737.1	683	2095	151	161	312	683
CY207737.1	684	2096	2	0	2	684
CY207737.1	686	1825	1	0	1	686
CY207737.1	690	1675	13	17	30	690
CY207737.1	696	2106	1	22	23	696
CY207737.1	706	868	0	1	1	868
CY207737.1	714	990	1	0	1	714
CY207737.1	726	2149	0	1	1	2149
CY207737.1	739	2145	0	4	4	2145
CY207737.1	747	2125	0	3	3	2125
CY207737.1	749	1956	0	1	1	1956
CY207737.1	751	2230	0	1	1	2230
CY207737.1	753	1893	0	13	13	1893
CY207737.1	755	1429	0	1	1	1429
CY207737.1	768	1994	1	2	3	768
CY207737.1	780	2127	0	1	1	2127
CY207737.1	787	1931	0	3	3	1931
CY207737.1	789	853	1	0	1	789
CY207737.1	793	2161	1	0	1	793
CY207737.1	800	1137	1	0	1	800
CY207737.1	803	1650	0	1	1	1650
CY207737.1	806	2448	0	1	1	2448
CY207737.1	832	2019	0	1	1	2019
CY207737.1	848	1791	1	0	1	848
CY207737.1	850	907	1	0	1	850
CY207737.1	858	1770	1	0	1	858
CY207737.1	875	1813	4	12	16	875
CY207737.1	900	1887	0	1	1	1887
CY207737.1	906	1362	1	0	1	906
CY207737.1	913	1749	1	9	10	913
CY207737.1	982	1398	1	0	1	982
CY207738.1	1020	2017	0	1	1	2017
CY207738.1	1021	1069	1	0	1	1021
CY207738.1	1034	2472	0	1	1	2472
CY207738.1	1065	1549	0	1	1	1549
CY207738.1	1118	2042	0	1	1	2042
CY207738.1	1142	1225	1	0	1	1142
CY207738.1	1144	1868	1	0	1	1144
CY207738.1	1145	2132	1	0	1	1145
CY207738.1	1178	1411	0	1	1	1411
CY207738.1	1232	1616	0	1	1	1616
CY207738.1	1237	1323	0	1	1	1323
CY207738.1	1246	1412	1	0	1	1246
CY207738.1	1252	1361	0	1	1	1361
CY207738.1	1257	1581	1	0	1	1257
CY207738.1	1391	1794	1	0	1	1391
CY207738.1	1393	2039	2	8	10	1393
CY207738.1	1431	2089	0	1	1	2089
CY207738.1	1440	1950	0	1	1	1950
CY207738.1	1490	2327	0	1	1	2327
CY207738.1	1503	1552	0	1	1	1552
CY207738.1	1545	2333	1	0	1	1545
CY207738.1	1558	1975	1	0	1	1558
CY207738.1	1573	1898	1	2	3	1573
CY207738.1	1679	1972	0	1	1	1972
CY207738.1	1745	1842	1	0	1	1745
CY207738.1	1763	2474	0	1	1	2474
CY207738.1	1768	2186	0	1	1	2186
CY207738.1	1850	2207	0	1	1	2207
CY207738.1	1908	1962	1	0	1	1908
CY207738.1	1925	2340	1	0	1	1925
CY207738.1	2060	2110	1	0	1	2060
CY207738.1	2108	2233	0	1	1	2233
CY207738.1	286	1808	2	0	2	286
CY207738.1	291	1126	1	0	1	291
CY207738.1	291	1665	0	1	1	1665
CY207738.1	302	2207	1	0	1	302
CY207738.1	305	1846	3	0	3	305
CY207738.1	306	2296	1	4	5	306
CY207738.1	317	384	1	9	10	317
CY207738.1	329	2274	9	0	9	329
CY207738.1	346	2235	11	0	11	346
CY207738.1	350	2305	0	1	1	2305
CY207738.1	353	2293	3	0	3	353
CY207738.1	357	393	0	1	1	393
CY207738.1	362	2317	379	658	1037	362
CY207738.1	362	2318	0	1	1	2318
CY207738.1	365	2320	0	17	17	2320
CY207738.1	367	2209	10	53	63	367
CY207738.1	374	2333	0	4	4	2333
CY207738.1	383	2359	0	3	3	2359
CY207738.1	384	2431	0	1	1	2431
CY207738.1	390	1691	1	0	1	390
CY207738.1	395	767	0	1	1	767
CY207738.1	397	2261	0	1	1	2261
CY207738.1	403	2327	0	1	1	2327
CY207738.1	404	2222	0	1	1	2222
CY207738.1	407	2331	0	2	2	2331
CY207738.1	408	2215	1	0	1	408
CY207738.1	408	2379	0	3	3	2379
CY207738.1	408	943	0	1	1	943
CY207738.1	413	2003	0	1	1	2003
CY207738.1	414	2221	0	3	3	2221
CY207738.1	417	2330	0	3	3	2330
CY207738.1	420	2190	5	46	51	420
CY207738.1	422	1947	0	1	1	1947
CY207738.1	428	2230	0	1	1	2230
CY207738.1	429	468	1	0	1	429
CY207738.1	435	1656	0	1	1	1656
CY207738.1	435	2266	1	36	37	435
CY207738.1	437	1890	1	0	1	437
CY207738.1	439	2360	0	1	1	2360
CY207738.1	440	2171	1	0	1	440
CY207738.1	440	967	0	1	1	967
CY207738.1	442	2203	0	2	2	2203
CY207738.1	453	2196	79	193	272	453
CY207738.1	454	2021	1	0	1	454
CY207738.1	454	2197	0	1	1	2197
CY207738.1	459	1162	1	0	1	459
CY207738.1	459	2280	0	1	1	2280
CY207738.1	463	2213	0	1	1	2213
CY207738.1	467	2034	1	0	1	467
CY207738.1	468	2024	0	8	8	2024
CY207738.1	476	2423	0	1	1	2423
CY207738.1	481	2342	1	1	2	481
CY207738.1	484	1240	0	1	1	1240
CY207738.1	484	2192	0	1	1	2192
CY207738.1	486	2113	0	1	1	2113
CY207738.1	489	2116	1	11	12	489
CY207738.1	494	2157	1	7	8	494
CY207738.1	495	2425	0	1	1	2425
CY207738.1	498	2498	0	1	1	2498
CY207738.1	504	2186	10	31	41	504
CY207738.1	505	1200	0	1	1	1200
CY207738.1	509	2136	0	1	1	2136
CY207738.1	514	2169	1	1	2	514
CY207738.1	514	2209	11	31	42	514
CY207738.1	558	1183	0	1	1	1183
CY207738.1	565	766	0	1	1	766
CY207738.1	573	910	0	1	1	910
CY207738.1	575	2201	8	10	18	575
CY207738.1	641	1239	0	1	1	1239
CY207738.1	674	2108	3	7	10	674
CY207738.1	680	1618	1	0	1	680
CY207738.1	680	2113	0	1	1	2113
CY207738.1	686	1636	1	0	1	686
CY207738.1	692	1980	16	13	29	692
CY207738.1	702	1510	1	0	1	702
CY207738.1	703	897	1	0	1	703
CY207738.1	721	1546	0	1	1	1546
CY207738.1	732	1874	2	2	4	732
CY207738.1	740	2005	0	1	1	2005
CY207738.1	768	1789	0	1	1	1789
CY207738.1	792	1784	2	0	2	792
CY207738.1	794	1786	4	5	9	794
CY207738.1	798	1249	0	1	1	1249
CY207738.1	808	1945	5	14	19	808
CY207738.1	817	1954	0	3	3	1954
CY207738.1	818	2072	1	0	1	818
CY207738.1	827	1720	1	0	1	827
CY207738.1	829	868	1	0	1	829
CY207738.1	836	1730	1	1	2	836
CY207738.1	844	1973	1	0	1	844
CY207738.1	845	1974	4	11	15	845
CY207738.1	878	1815	1	0	1	878
CY207738.1	883	1831	7	21	28	883
CY207738.1	895	1149	1	0	1	895
CY207738.1	906	1753	1	0	1	906
CY207738.1	938	2416	1	0	1	938
CY207738.1	954	2164	1	0	1	954
CY207738.1	960	1655	1	0	1	960
CY207738.1	965	1225	1	0	1	965
CY207738.1	965	1570	0	1	1	1570
CY207738.1	979	1318	0	1	1	1318
CY207738.1	979	1505	1	0	1	979
CY207738.1	991	2338	0	1	1	2338
