Segment	Start	Stop	Forward_support	Reverse_support	Total_support	Fuzz_factor
CY207731.1	1001	1898	0	1	1	1898
CY207731.1	1011	1125	1	0	1	1011
CY207731.1	1026	1836	1	0	1	1026
CY207731.1	1038	1837	1	0	1	1038
CY207731.1	1066	1799	0	1	1	1799
CY207731.1	1138	1679	1	0	1	1138
CY207731.1	1144	1451	0	1	1	1451
CY207731.1	1173	1381	1	0	1	1173
CY207731.1	1205	1264	0	1	1	1264
CY207731.1	1224	1803	0	1	1	1803
CY207731.1	1260	1902	0	1	1	1902
CY207731.1	1264	1398	1	0	1	1264
CY207731.1	1274	1601	1	0	1	1274
CY207731.1	1327	1475	1	0	1	1327
CY207731.1	1515	1669	1	0	1	1515
CY207731.1	1519	1658	0	1	1	1658
CY207731.1	1896	1918	0	6	6	1918
CY207731.1	236	660	3	0	3	236
CY207731.1	258	1077	1	0	1	258
CY207731.1	264	1367	1	0	1	264
CY207731.1	265	403	1	0	1	265
CY207731.1	283	1515	1	0	1	283
CY207731.1	285	1349	2	0	2	285
CY207731.1	287	997	1	0	1	287
CY207731.1	288	662	1	0	1	288
CY207731.1	289	591	1	0	1	289
CY207731.1	301	988	1	0	1	301
CY207731.1	337	1072	1	0	1	337
CY207731.1	350	1685	1	0	1	350
CY207731.1	359	1183	0	1	1	1183
CY207731.1	386	669	0	1	1	669
CY207731.1	392	1705	0	1	1	1705
CY207731.1	393	1758	2	1	3	393
CY207731.1	418	1336	0	1	1	1336
CY207731.1	432	759	1	0	1	432
CY207731.1	442	1647	1	0	1	442
CY207731.1	447	1059	0	1	1	1059
CY207731.1	447	1478	0	1	1	1478
CY207731.1	449	1375	0	5	5	1375
CY207731.1	452	1387	0	1	1	1387
CY207731.1	453	1317	0	1	1	1317
CY207731.1	466	1710	0	1	1	1710
CY207731.1	474	1812	1	0	1	474
CY207731.1	476	829	0	1	1	829
CY207731.1	477	1325	1	0	1	477
CY207731.1	486	991	0	1	1	991
CY207731.1	489	978	1	1	2	489
CY207731.1	492	1042	1	0	1	492
CY207731.1	494	999	1	0	1	494
CY207731.1	498	943	0	1	1	943
CY207731.1	501	1625	1	0	1	501
CY207731.1	509	781	1	0	1	509
CY207731.1	519	1683	1	0	1	519
CY207731.1	519	1697	4	1	5	519
CY207731.1	523	1492	1	0	1	523
CY207731.1	525	1127	1	0	1	525
CY207731.1	525	708	1	0	1	525
CY207731.1	526	1608	0	1	1	1608
CY207731.1	528	1817	0	1	1	1817
CY207731.1	529	1621	0	1	1	1621
CY207731.1	530	1559	1	0	1	530
CY207731.1	530	602	0	1	1	602
CY207731.1	533	1503	1	0	1	533
CY207731.1	536	1581	0	1	1	1581
CY207731.1	541	1517	1	2	3	541
CY207731.1	561	1018	2	0	2	561
CY207731.1	562	1396	2	0	2	562
CY207731.1	565	1641	1	2	3	565
CY207731.1	566	1695	0	1	1	1695
CY207731.1	567	1619	0	1	1	1619
CY207731.1	568	1204	1	2	3	568
CY207731.1	579	1321	1	0	1	579
CY207731.1	581	1063	0	1	1	1063
CY207731.1	593	782	0	1	1	782
CY207731.1	597	1255	0	1	1	1255
CY207731.1	634	1791	0	1	1	1791
CY207731.1	640	1625	0	1	1	1625
CY207731.1	656	1594	0	1	1	1594
CY207731.1	667	1308	1	0	1	667
CY207731.1	671	1389	0	1	1	1389
CY207731.1	685	1776	1	0	1	685
CY207731.1	696	1227	0	1	1	1227
CY207731.1	720	1688	1	0	1	720
CY207731.1	726	1763	1	0	1	726
CY207731.1	759	817	1	0	1	759
CY207731.1	769	1453	0	1	1	1453
CY207731.1	823	1357	1	0	1	823
CY207731.1	843	1397	0	1	1	1397
CY207731.1	846	1214	1	0	1	846
CY207731.1	903	1018	0	1	1	1018
CY207731.1	926	1162	0	1	1	1162
CY207731.1	951	1238	0	1	1	1238
CY207731.1	954	1740	1	0	1	954
CY207731.1	963	996	1	0	1	963
CY207731.1	987	1125	0	1	1	1125
CY207731.1	994	1734	1	0	1	994
CY207732.1	241	555	1	0	1	241
CY207732.1	251	534	1	0	1	251
CY207732.1	254	548	1	0	1	254
CY207732.1	254	895	1	0	1	254
CY207732.1	261	998	1	0	1	261
CY207732.1	268	550	4	0	4	268
CY207732.1	268	897	3	0	3	268
CY207732.1	269	763	1	0	1	269
CY207732.1	274	364	1	0	1	274
CY207732.1	275	657	2	0	2	275
CY207732.1	275	848	3	1	4	275
CY207732.1	291	835	1	0	1	291
CY207732.1	311	965	0	1	1	965
CY207732.1	316	936	0	1	1	936
CY207732.1	321	436	1	0	1	321
CY207732.1	321	802	1	0	1	321
CY207732.1	341	449	0	1	1	449
CY207732.1	348	887	0	1	1	887
CY207732.1	350	796	1	0	1	350
CY207732.1	357	800	0	2	2	800
CY207732.1	382	939	0	1	1	939
CY207732.1	386	824	1	0	1	386
CY207732.1	394	712	0	1	1	712
CY207732.1	398	952	0	1	1	952
CY207732.1	402	687	0	1	1	687
CY207732.1	411	763	0	1	1	763
CY207732.1	419	706	1	0	1	419
CY207732.1	425	861	1	0	1	425
CY207732.1	427	1065	0	1	1	1065
CY207732.1	428	1172	0	1	1	1172
CY207732.1	434	678	0	3	3	678
CY207732.1	438	604	1	0	1	438
CY207732.1	439	624	0	1	1	624
CY207732.1	440	1173	0	1	1	1173
CY207732.1	442	964	1	0	1	442
CY207732.1	445	863	1	3	4	445
CY207732.1	462	568	0	1	1	568
CY207732.1	467	983	0	1	1	983
CY207732.1	478	900	0	1	1	900
CY207732.1	500	575	1	0	1	500
CY207732.1	501	790	0	1	1	790
CY207732.1	538	791	0	1	1	791
CY207732.1	549	897	1	1	2	549
CY207732.1	564	719	1	0	1	564
CY207732.1	571	882	1	0	1	571
CY207732.1	584	633	0	1	1	633
CY207732.1	584	687	0	1	1	687
CY207732.1	589	862	1	1	2	589
CY207732.1	589	961	1	0	1	589
CY207732.1	593	1023	1	1	2	593
CY207732.1	593	797	0	1	1	797
CY207732.1	595	996	1	0	1	595
CY207732.1	618	1266	1	0	1	618
CY207732.1	629	957	3	0	3	629
CY207732.1	630	1077	0	1	1	1077
CY207732.1	677	1134	0	1	1	1134
CY207732.1	679	815	1	0	1	679
CY207732.1	680	936	1	0	1	680
CY207732.1	683	879	0	1	1	879
CY207732.1	685	839	0	1	1	839
CY207732.1	686	903	0	1	1	903
CY207732.1	706	746	0	1	1	746
CY207732.1	718	860	1	1	2	718
CY207732.1	720	1017	1	0	1	720
CY207732.1	740	1058	1	0	1	740
CY207732.1	758	954	1	0	1	758
CY207732.1	762	865	0	1	1	865
CY207732.1	783	932	0	1	1	932
CY207732.1	802	1087	0	1	1	1087
CY207732.1	808	935	1	0	1	808
CY207732.1	817	866	0	1	1	866
CY207732.1	825	1034	1	0	1	825
CY207732.1	864	981	0	1	1	981
CY207732.1	869	971	0	1	1	971
CY207732.1	915	1068	1	0	1	915
CY207732.1	944	976	1	0	1	944
CY207732.1	957	979	0	1	1	979
CY207732.1	973	1036	0	1	1	1036
CY207733.1	1018	1074	2	0	2	1018
CY207733.1	1069	1247	1	1	2	1069
CY207733.1	1084	1413	0	1	1	1413
CY207733.1	1095	1182	0	1	1	1182
CY207733.1	1106	1433	1	0	1	1106
CY207733.1	1140	1252	0	1	1	1252
CY207733.1	1201	1228	1	0	1	1201
CY207733.1	1300	1498	0	1	1	1498
CY207733.1	1328	1356	1	0	1	1328
CY207733.1	1379	1401	0	1	1	1401
CY207733.1	269	1237	1	0	1	269
CY207733.1	270	1498	1	0	1	270
CY207733.1	281	828	1	0	1	281
CY207733.1	282	1253	3	0	3	282
CY207733.1	315	836	1	0	1	315
CY207733.1	338	1467	0	1	1	1467
CY207733.1	339	1312	1	0	1	339
CY207733.1	345	1510	1	0	1	345
CY207733.1	349	1467	1	0	1	349
CY207733.1	352	1402	1	0	1	352
CY207733.1	380	1273	0	1	1	1273
CY207733.1	397	1133	0	1	1	1133
CY207733.1	407	853	0	1	1	853
CY207733.1	436	1452	0	1	1	1452
CY207733.1	438	944	0	1	1	944
CY207733.1	471	1444	0	1	1	1444
CY207733.1	502	1126	0	1	1	1126
CY207733.1	517	660	0	1	1	660
CY207733.1	569	1123	0	1	1	1123
CY207733.1	573	1035	1	0	1	573
CY207733.1	620	1451	1	0	1	620
CY207733.1	622	993	1	0	1	622
CY207733.1	718	877	0	1	1	877
CY207733.1	739	946	0	1	1	946
CY207733.1	776	1112	1	0	1	776
CY207733.1	799	1393	1	0	1	799
CY207733.1	806	888	0	1	1	888
CY207733.1	824	970	1	0	1	824
CY207733.1	855	1548	0	1	1	1548
CY207733.1	862	1574	0	1	1	1574
CY207733.1	889	1350	1	0	1	889
CY207733.1	948	1027	0	1	1	1027
CY207733.1	955	1022	1	0	1	955
CY207733.1	966	1432	1	0	1	966
CY207734.1	1018	1126	1	0	1	1018
CY207734.1	1029	1093	1	0	1	1029
CY207734.1	1032	1443	0	1	1	1443
CY207734.1	1070	1337	0	1	1	1337
CY207734.1	1080	1174	0	1	1	1174
CY207734.1	1117	1167	1	0	1	1117
CY207734.1	1125	1468	1	0	1	1125
CY207734.1	1144	1362	0	1	1	1362
CY207734.1	1159	1598	0	1	1	1598
CY207734.1	1160	1216	0	1	1	1216
CY207734.1	1207	1284	0	1	1	1284
CY207734.1	1312	1425	0	1	1	1425
CY207734.1	1317	1506	1	0	1	1317
CY207734.1	240	598	1	0	1	240
CY207734.1	242	1045	1	0	1	242
CY207734.1	280	746	1	0	1	280
CY207734.1	280	846	1	0	1	280
CY207734.1	282	817	2	0	2	282
CY207734.1	288	822	2	0	2	288
CY207734.1	289	626	1	0	1	289
CY207734.1	313	1649	1	0	1	313
CY207734.1	346	1119	1	0	1	346
CY207734.1	349	528	0	1	1	528
CY207734.1	351	591	0	1	1	591
CY207734.1	381	1286	0	1	1	1286
CY207734.1	402	1587	1	1	2	402
CY207734.1	402	1696	0	1	1	1696
CY207734.1	411	851	1	0	1	411
CY207734.1	419	1323	0	1	1	1323
CY207734.1	419	978	1	0	1	419
CY207734.1	422	1185	0	2	2	1185
CY207734.1	429	1395	1	0	1	429
CY207734.1	439	829	0	1	1	829
CY207734.1	440	637	0	1	1	637
CY207734.1	448	479	0	1	1	479
CY207734.1	453	1087	0	1	1	1087
CY207734.1	464	1724	0	1	1	1724
CY207734.1	480	1494	0	1	1	1494
CY207734.1	487	844	0	1	1	844
CY207734.1	492	1372	0	1	1	1372
CY207734.1	499	1713	0	1	1	1713
CY207734.1	521	1422	1	0	1	521
CY207734.1	521	841	0	1	1	841
CY207734.1	526	1412	0	1	1	1412
CY207734.1	527	1499	1	0	1	527
CY207734.1	549	1542	1	0	1	549
CY207734.1	582	1241	1	0	1	582
CY207734.1	584	1725	0	1	1	1725
CY207734.1	592	1282	0	1	1	1282
CY207734.1	620	812	0	1	1	812
CY207734.1	622	1019	1	0	1	622
CY207734.1	660	964	1	0	1	660
CY207734.1	678	744	2	0	2	678
CY207734.1	718	876	1	0	1	718
CY207734.1	752	864	1	0	1	752
CY207734.1	794	874	0	1	1	874
CY207734.1	805	1494	0	1	1	1494
CY207734.1	810	839	0	1	1	839
CY207734.1	841	1289	1	0	1	841
CY207734.1	896	1186	0	1	1	1186
CY207734.1	898	923	0	1	1	923
CY207734.1	899	989	0	1	1	989
CY207734.1	907	1641	0	1	1	1641
CY207734.1	927	1506	0	1	1	1506
CY207734.1	940	1225	0	1	1	1225
CY207734.1	971	1042	1	0	1	971
CY207734.1	972	1203	2	1	3	972
CY207734.1	986	1084	0	1	1	1084
CY207734.1	987	1415	1	0	1	987
CY207734.1	997	1042	1	0	1	997
CY207735.1	236	907	1	0	1	236
CY207735.1	267	864	1	0	1	267
CY207735.1	268	310	1	0	1	268
CY207735.1	269	917	1	0	1	269
CY207735.1	283	942	4	0	4	283
CY207735.1	287	943	1	0	1	287
CY207735.1	289	888	1	0	1	289
CY207735.1	342	576	2	0	2	342
CY207735.1	361	1022	0	1	1	1022
CY207735.1	428	768	0	1	1	768
CY207735.1	497	652	0	1	1	652
CY207735.1	499	729	2	0	2	499
CY207735.1	511	740	14	40	54	511
CY207735.1	519	746	0	2	2	746
CY207735.1	548	839	1	0	1	548
CY207735.1	600	649	1	0	1	600
CY207735.1	834	895	1	0	1	834
CY207735.1	847	895	0	1	1	895
CY207735.1	916	1019	0	1	1	1019
CY207735.1	963	1004	0	1	1	1004
CY207736.1	1009	2040	0	1	1	2040
CY207736.1	1022	2047	0	1	1	2047
CY207736.1	1038	2090	0	1	1	2090
CY207736.1	1060	1514	0	1	1	1514
CY207736.1	1083	1471	1	0	1	1083
CY207736.1	1085	2266	0	1	1	2266
CY207736.1	1092	2294	1	0	1	1092
CY207736.1	1095	1789	1	1	2	1095
CY207736.1	1095	2005	0	1	1	2005
CY207736.1	1109	2020	0	1	1	2020
CY207736.1	1125	1543	1	0	1	1125
CY207736.1	1149	2059	1	0	1	1149
CY207736.1	1151	1764	1	0	1	1151
CY207736.1	1174	1412	1	0	1	1174
CY207736.1	1196	1718	0	1	1	1718
CY207736.1	1208	2252	1	0	1	1208
CY207736.1	1237	2190	0	1	1	2190
CY207736.1	1268	2056	0	1	1	2056
CY207736.1	1276	2297	0	1	1	2297
CY207736.1	1281	1724	1	0	1	1281
CY207736.1	1284	1747	1	0	1	1284
CY207736.1	1292	1841	0	1	1	1841
CY207736.1	1494	1586	0	1	1	1586
CY207736.1	1495	2235	0	1	1	2235
CY207736.1	1533	2360	0	1	1	2360
CY207736.1	1566	1691	1	0	1	1566
CY207736.1	1566	1995	1	1	2	1566
CY207736.1	1589	1898	1	0	1	1589
CY207736.1	1741	2136	0	1	1	2136
CY207736.1	1791	1819	1	0	1	1791
CY207736.1	1805	1884	4	4	8	1805
CY207736.1	1895	1948	2	0	2	1895
CY207736.1	1940	1985	1	0	1	1940
CY207736.1	1958	2066	1	0	1	1958
CY207736.1	2013	2074	2	0	2	2013
CY207736.1	2039	2163	0	1	1	2163
CY207736.1	2060	2164	1	0	1	2060
CY207736.1	2100	2203	1	0	1	2100
CY207736.1	2132	2156	1	0	1	2132
CY207736.1	2140	2163	1	0	1	2140
CY207736.1	2215	2273	0	1	1	2273
CY207736.1	239	295	12	0	12	239
CY207736.1	265	292	1	0	1	265
CY207736.1	279	1465	1	0	1	279
CY207736.1	280	1993	1	0	1	280
CY207736.1	280	2075	1	0	1	280
CY207736.1	290	326	1	0	1	290
CY207736.1	291	2148	1	0	1	291
CY207736.1	312	418	0	1	1	418
CY207736.1	328	2160	0	4	4	2160
CY207736.1	332	392	1	1	2	332
CY207736.1	334	2153	0	3	3	2153
CY207736.1	334	2242	1	0	1	334
CY207736.1	360	669	0	1	1	669
CY207736.1	363	2032	1	4	5	363
CY207736.1	367	432	0	1	1	432
CY207736.1	383	2153	0	1	1	2153
CY207736.1	383	2156	0	4	4	2156
CY207736.1	387	2153	0	3	3	2153
CY207736.1	391	2047	0	1	1	2047
CY207736.1	392	2010	0	1	1	2010
CY207736.1	394	2217	2	3	5	394
CY207736.1	402	2270	0	1	1	2270
CY207736.1	403	2156	0	9	9	2156
CY207736.1	406	2156	0	2	2	2156
CY207736.1	408	2120	1	0	1	408
CY207736.1	409	2141	0	1	1	2141
CY207736.1	410	2154	0	1	1	2154
CY207736.1	411	1360	1	0	1	411
CY207736.1	415	2135	0	3	3	2135
CY207736.1	415	2237	2	1	3	415
CY207736.1	430	608	0	1	1	608
CY207736.1	435	2104	0	1	1	2104
CY207736.1	436	2153	1	1	2	436
CY207736.1	438	2162	1	15	16	438
CY207736.1	441	1683	0	1	1	1683
CY207736.1	448	2042	1	0	1	448
CY207736.1	451	1692	1	0	1	451
CY207736.1	453	841	0	1	1	841
CY207736.1	454	1721	1	0	1	454
CY207736.1	455	2035	11	36	47	455
CY207736.1	467	2002	1	0	1	467
CY207736.1	470	2040	0	1	1	2040
CY207736.1	477	2031	1	1	2	477
CY207736.1	478	2010	2	0	2	478
CY207736.1	482	2010	1	0	1	482
CY207736.1	486	514	1	0	1	486
CY207736.1	490	2182	6	0	6	490
CY207736.1	500	2064	6	4	10	500
CY207736.1	504	1301	0	1	1	1301
CY207736.1	504	2010	2	0	2	504
CY207736.1	511	1951	0	1	1	1951
CY207736.1	511	2009	1	0	1	511
CY207736.1	511	2130	0	1	1	2130
CY207736.1	512	2030	1	0	1	512
CY207736.1	524	1929	1	0	1	524
CY207736.1	528	870	1	0	1	528
CY207736.1	538	1941	1	0	1	538
CY207736.1	539	566	4	2	6	539
CY207736.1	551	2032	0	1	1	2032
CY207736.1	551	2172	0	1	1	2172
CY207736.1	551	713	1	0	1	551
CY207736.1	554	1913	2	0	2	554
CY207736.1	554	2009	1	0	1	554
CY207736.1	555	2011	4	1	5	555
CY207736.1	564	1837	1	0	1	564
CY207736.1	568	1827	1	0	1	568
CY207736.1	572	1481	1	0	1	572
CY207736.1	574	1733	1	0	1	574
CY207736.1	575	1957	2	0	2	575
CY207736.1	576	2156	0	1	1	2156
CY207736.1	581	1919	1	0	1	581
CY207736.1	581	1959	0	1	1	1959
CY207736.1	583	2188	0	3	3	2188
CY207736.1	584	1509	2	1	3	584
CY207736.1	584	2000	1	0	1	584
CY207736.1	584	680	1	0	1	584
CY207736.1	585	1794	1	0	1	585
CY207736.1	587	1450	1	0	1	587
CY207736.1	595	1962	1	0	1	595
CY207736.1	596	2002	4	0	4	596
CY207736.1	598	904	2	0	2	598
CY207736.1	603	972	1	0	1	603
CY207736.1	606	2041	1	0	1	606
CY207736.1	608	1913	0	1	1	1913
CY207736.1	610	1826	1	1	2	610
CY207736.1	617	1958	54	43	97	617
CY207736.1	624	1083	1	0	1	624
CY207736.1	630	1943	1	0	1	630
CY207736.1	643	2217	2	0	2	643
CY207736.1	659	1871	6	4	10	659
CY207736.1	661	1822	1	0	1	661
CY207736.1	665	1928	1	0	1	665
CY207736.1	667	1981	0	1	1	1981
CY207736.1	668	1047	0	1	1	1047
CY207736.1	670	1861	0	1	1	1861
CY207736.1	674	1843	1	0	1	674
CY207736.1	678	1912	1	2	3	678
CY207736.1	678	1955	2	2	4	678
CY207736.1	679	2127	1	0	1	679
CY207736.1	686	1952	0	2	2	1952
CY207736.1	689	1889	0	1	1	1889
CY207736.1	694	1943	1	1	2	694
CY207736.1	699	1691	1	0	1	699
CY207736.1	699	1995	1	0	1	699
CY207736.1	700	1655	5	1	6	700
CY207736.1	709	1749	1	0	1	709
CY207736.1	714	760	2	5	7	714
CY207736.1	715	1853	1	0	1	715
CY207736.1	716	811	0	1	1	811
CY207736.1	718	1956	1	1	2	718
CY207736.1	719	765	0	1	1	765
CY207736.1	723	1690	1	0	1	723
CY207736.1	723	1994	4	3	7	723
CY207736.1	730	1661	1	0	1	730
CY207736.1	730	1898	0	1	1	1898
CY207736.1	731	1859	0	1	1	1859
CY207736.1	734	1972	0	1	1	1972
CY207736.1	742	1250	1	0	1	742
CY207736.1	748	1842	1	0	1	748
CY207736.1	749	1555	0	1	1	1555
CY207736.1	749	1827	2	0	2	749
CY207736.1	759	2040	1	0	1	759
CY207736.1	762	1677	1	0	1	762
CY207736.1	767	1832	1	0	1	767
CY207736.1	767	1952	2	0	2	767
CY207736.1	769	2080	1	0	1	769
CY207736.1	779	1182	0	1	1	1182
CY207736.1	783	918	0	1	1	918
CY207736.1	786	1834	1	0	1	786
CY207736.1	812	1400	0	1	1	1400
CY207736.1	817	1412	1	0	1	817
CY207736.1	819	1778	3	0	3	819
CY207736.1	823	963	1	0	1	823
CY207736.1	826	1694	2	0	2	826
CY207736.1	827	1953	0	1	1	1953
CY207736.1	831	1515	0	1	1	1515
CY207736.1	835	1893	0	1	1	1893
CY207736.1	840	1089	0	1	1	1089
CY207736.1	848	1699	1	0	1	848
CY207736.1	878	1977	1	0	1	878
CY207736.1	882	1509	2	0	2	882
CY207736.1	887	2215	1	0	1	887
CY207736.1	894	1919	0	1	1	1919
CY207736.1	895	1636	1	0	1	895
CY207736.1	912	1736	0	1	1	1736
CY207736.1	915	1667	0	1	1	1667
CY207736.1	915	1736	18	13	31	915
CY207736.1	922	1666	2	0	2	922
CY207736.1	935	1920	1	0	1	935
CY207736.1	944	1649	1	0	1	944
CY207736.1	973	1064	1	1	2	973
CY207736.1	975	2050	0	1	1	2050
CY207736.1	983	1958	0	1	1	1958
CY207736.1	998	1182	1	0	1	998
CY207737.1	1026	1638	1	0	1	1026
CY207737.1	1028	1500	0	1	1	1500
CY207737.1	1033	1571	0	1	1	1571
CY207737.1	1198	2281	0	1	1	2281
CY207737.1	1286	1364	1	0	1	1286
CY207737.1	1291	1829	0	1	1	1829
CY207737.1	1509	2322	0	1	1	2322
CY207737.1	1519	2241	0	1	1	2241
CY207737.1	1571	1966	0	1	1	1966
CY207737.1	1593	1642	0	1	1	1642
CY207737.1	1622	2337	0	1	1	2337
CY207737.1	1792	1939	0	1	1	1939
CY207737.1	2152	2181	1	0	1	2152
CY207737.1	2422	2449	0	1	1	2449
CY207737.1	245	1483	1	0	1	245
CY207737.1	256	620	1	0	1	256
CY207737.1	272	2244	1	0	1	272
CY207737.1	278	2045	1	0	1	278
CY207737.1	280	767	1	0	1	280
CY207737.1	287	2302	1	0	1	287
CY207737.1	288	2269	1	0	1	288
CY207737.1	305	551	1	0	1	305
CY207737.1	325	1685	0	1	1	1685
CY207737.1	333	2252	1	0	1	333
CY207737.1	353	2325	0	1	1	2325
CY207737.1	392	2308	1	2	3	392
CY207737.1	400	2244	1	0	1	400
CY207737.1	412	2323	1	0	1	412
CY207737.1	417	2448	0	1	1	2448
CY207737.1	421	2247	1	0	1	421
CY207737.1	431	2329	1	0	1	431
CY207737.1	435	2211	1	0	1	435
CY207737.1	442	2242	1	0	1	442
CY207737.1	443	1109	1	0	1	443
CY207737.1	445	2192	1	0	1	445
CY207737.1	450	2150	1	0	1	450
CY207737.1	462	2298	1	1	2	462
CY207737.1	463	2237	0	1	1	2237
CY207737.1	472	2094	1	0	1	472
CY207737.1	476	2184	0	1	1	2184
CY207737.1	482	1053	1	0	1	482
CY207737.1	490	2189	0	2	2	2189
CY207737.1	530	2445	0	1	1	2445
CY207737.1	531	2225	1	0	1	531
CY207737.1	541	2450	0	1	1	2450
CY207737.1	542	2135	2	0	2	542
CY207737.1	547	2205	1	0	1	547
CY207737.1	603	1824	0	1	1	1824
CY207737.1	610	1763	1	0	1	610
CY207737.1	611	1796	1	0	1	611
CY207737.1	622	1681	1	0	1	622
CY207737.1	667	2135	1	0	1	667
CY207737.1	673	1688	1	0	1	673
CY207737.1	682	1651	1	0	1	682
CY207737.1	706	868	1	0	1	706
CY207737.1	708	1730	1	0	1	708
CY207737.1	766	1823	0	1	1	1823
CY207737.1	766	1985	1	0	1	766
CY207737.1	785	2451	0	1	1	2451
CY207737.1	808	1722	0	1	1	1722
CY207737.1	814	1830	1	1	2	814
CY207737.1	834	1083	1	0	1	834
CY207737.1	835	1161	0	1	1	1161
CY207737.1	857	2205	1	0	1	857
CY207737.1	865	920	1	0	1	865
CY207737.1	890	1757	1	0	1	890
CY207737.1	931	2060	1	0	1	931
CY207737.1	932	1813	1	0	1	932
CY207737.1	937	1721	1	0	1	937
CY207737.1	988	1368	1	0	1	988
CY207737.1	996	1538	1	0	1	996
CY207738.1	1007	2292	1	0	1	1007
CY207738.1	1105	1521	0	1	1	1521
CY207738.1	1124	2330	0	1	1	2330
CY207738.1	1142	2215	1	0	1	1142
CY207738.1	1143	1634	1	0	1	1143
CY207738.1	1298	1494	1	0	1	1298
CY207738.1	1308	2118	1	0	1	1308
CY207738.1	1383	2078	0	1	1	2078
CY207738.1	1408	1977	0	1	1	1977
CY207738.1	1461	1811	1	0	1	1461
CY207738.1	1476	1928	1	0	1	1476
CY207738.1	1564	1670	0	1	1	1670
CY207738.1	1651	2036	1	0	1	1651
CY207738.1	1708	1975	0	1	1	1975
CY207738.1	1844	2115	1	0	1	1844
CY207738.1	1998	2208	0	1	1	2208
CY207738.1	2347	2399	0	1	1	2399
CY207738.1	247	2338	1	0	1	247
CY207738.1	250	1160	1	0	1	250
CY207738.1	265	1260	1	0	1	265
CY207738.1	269	1711	3	0	3	269
CY207738.1	276	733	1	0	1	276
CY207738.1	287	2030	2	0	2	287
CY207738.1	303	2320	0	1	1	2320
CY207738.1	329	2274	2	0	2	329
CY207738.1	330	1586	0	1	1	1586
CY207738.1	339	1235	0	1	1	1235
CY207738.1	346	2235	1	0	1	346
CY207738.1	373	2297	38	138	176	373
CY207738.1	385	2295	0	1	1	2295
CY207738.1	386	2314	0	1	1	2314
CY207738.1	392	2356	0	1	1	2356
CY207738.1	410	1104	0	1	1	1104
CY207738.1	412	1164	1	0	1	412
CY207738.1	414	2221	0	1	1	2221
CY207738.1	436	1154	0	1	1	1154
CY207738.1	439	2243	0	1	1	2243
CY207738.1	443	2268	0	1	1	2268
CY207738.1	445	684	1	0	1	445
CY207738.1	459	2371	0	1	1	2371
CY207738.1	466	2230	0	1	1	2230
CY207738.1	467	1297	0	1	1	1297
CY207738.1	468	1895	0	1	1	1895
CY207738.1	468	2261	0	1	1	2261
CY207738.1	484	2161	0	2	2	2161
CY207738.1	485	2020	0	1	1	2020
CY207738.1	489	890	1	0	1	489
CY207738.1	509	2130	2	5	7	509
CY207738.1	510	2199	0	7	7	2199
CY207738.1	516	1643	1	0	1	516
CY207738.1	522	2140	0	1	1	2140
CY207738.1	524	554	0	1	1	554
CY207738.1	528	2070	0	1	1	2070
CY207738.1	546	2158	0	1	1	2158
CY207738.1	555	2112	2	0	2	555
CY207738.1	563	2221	1	0	1	563
CY207738.1	574	2053	1	0	1	574
CY207738.1	580	2118	1	2	3	580
CY207738.1	605	1892	1	0	1	605
CY207738.1	607	1876	1	0	1	607
CY207738.1	612	2163	1	0	1	612
CY207738.1	616	674	0	1	1	674
CY207738.1	646	1131	1	0	1	646
CY207738.1	673	1973	1	5	6	673
CY207738.1	675	1731	1	0	1	675
CY207738.1	676	1736	1	0	1	676
CY207738.1	677	2008	0	1	1	2008
CY207738.1	686	1449	1	0	1	686
CY207738.1	710	2077	1	0	1	710
CY207738.1	714	1955	1	0	1	714
CY207738.1	716	2089	0	1	1	2089
CY207738.1	720	1919	1	0	1	720
CY207738.1	721	1955	0	1	1	1955
CY207738.1	732	1945	2	1	3	732
CY207738.1	755	1351	1	0	1	755
CY207738.1	757	1816	0	1	1	1816
CY207738.1	777	1786	1	0	1	777
CY207738.1	777	1998	9	24	33	777
CY207738.1	786	1820	1	0	1	786
CY207738.1	788	1897	0	1	1	1897
CY207738.1	797	2325	0	1	1	2325
CY207738.1	814	2377	1	0	1	814
CY207738.1	822	1141	0	1	1	1141
CY207738.1	824	1949	1	0	1	824
CY207738.1	831	1777	1	0	1	831
CY207738.1	832	1791	0	1	1	1791
CY207738.1	836	1875	0	1	1	1875
CY207738.1	839	1816	1	0	1	839
CY207738.1	843	1815	1	1	2	843
CY207738.1	851	1694	1	0	1	851
CY207738.1	851	2244	1	0	1	851
CY207738.1	854	1881	1	0	1	854
CY207738.1	855	1814	2	0	2	855
CY207738.1	879	1888	1	0	1	879
CY207738.1	886	1755	0	1	1	1755
CY207738.1	886	1828	1	0	1	886
CY207738.1	892	1890	1	0	1	892
CY207738.1	942	2423	0	1	1	2423
CY207738.1	954	1801	1	0	1	954
CY207738.1	975	2228	0	1	1	2228
CY207738.1	983	1584	0	1	1	1584
CY207738.1	993	1744	1	0	1	993
CY207738.1	996	1115	1	0	1	996
