Segment	Start	Stop	Forward_support	Reverse_support	Total_support	Fuzz_factor
CY207731.1	1008	1090	1	0	1	1008
CY207731.1	1015	1316	1	0	1	1015
CY207731.1	1048	1742	1	0	1	1048
CY207731.1	1063	1638	1	0	1	1063
CY207731.1	1170	1532	1	0	1	1170
CY207731.1	1175	1591	1	0	1	1175
CY207731.1	1176	1716	1	0	1	1176
CY207731.1	1180	1502	0	1	1	1502
CY207731.1	1200	1431	1	0	1	1200
CY207731.1	1212	1634	0	1	1	1634
CY207731.1	1227	1476	0	1	1	1476
CY207731.1	1266	1691	1	0	1	1266
CY207731.1	1354	1685	1	0	1	1354
CY207731.1	1376	1536	0	1	1	1536
CY207731.1	1400	1426	0	1	1	1426
CY207731.1	1518	1742	0	1	1	1742
CY207731.1	1679	1819	0	1	1	1819
CY207731.1	1696	1746	1	0	1	1696
CY207731.1	277	1736	0	1	1	1736
CY207731.1	317	1000	0	1	1	1000
CY207731.1	344	391	0	1	1	391
CY207731.1	346	560	0	1	1	560
CY207731.1	347	687	0	1	1	687
CY207731.1	356	1188	0	1	1	1188
CY207731.1	357	897	0	1	1	897
CY207731.1	367	1314	1	0	1	367
CY207731.1	371	1648	0	1	1	1648
CY207731.1	372	1688	1	0	1	372
CY207731.1	378	1360	0	1	1	1360
CY207731.1	379	765	0	1	1	765
CY207731.1	386	669	1	2	3	386
CY207731.1	389	1806	0	1	1	1806
CY207731.1	393	1667	1	0	1	393
CY207731.1	394	471	0	1	1	471
CY207731.1	395	1229	0	1	1	1229
CY207731.1	407	1325	0	1	1	1325
CY207731.1	438	1822	1	0	1	438
CY207731.1	446	1737	1	0	1	446
CY207731.1	472	1512	1	0	1	472
CY207731.1	476	1582	0	3	3	1582
CY207731.1	489	735	1	0	1	489
CY207731.1	489	822	0	1	1	822
CY207731.1	505	1487	0	1	1	1487
CY207731.1	508	663	1	0	1	508
CY207731.1	531	1369	1	0	1	531
CY207731.1	561	1018	1	0	1	561
CY207731.1	561	970	1	0	1	561
CY207731.1	567	976	3	0	3	567
CY207731.1	582	1754	1	0	1	582
CY207731.1	591	872	0	1	1	872
CY207731.1	592	1760	1	0	1	592
CY207731.1	593	893	1	0	1	593
CY207731.1	613	1308	1	0	1	613
CY207731.1	616	1615	1	0	1	616
CY207731.1	630	1169	1	0	1	630
CY207731.1	650	1558	1	0	1	650
CY207731.1	661	1803	0	1	1	1803
CY207731.1	663	1572	0	3	3	1572
CY207731.1	675	1712	1	0	1	675
CY207731.1	676	1513	0	1	1	1513
CY207731.1	687	1230	1	0	1	687
CY207731.1	698	1872	0	1	1	1872
CY207731.1	700	1544	1	0	1	700
CY207731.1	705	1097	0	1	1	1097
CY207731.1	718	1665	1	0	1	718
CY207731.1	763	1772	1	0	1	763
CY207731.1	815	1187	1	0	1	815
CY207731.1	842	1820	1	0	1	842
CY207731.1	857	1069	1	0	1	857
CY207731.1	889	1093	1	0	1	889
CY207732.1	1001	1103	1	0	1	1001
CY207732.1	261	561	1	0	1	261
CY207732.1	266	922	1	0	1	266
CY207732.1	273	1031	1	0	1	273
CY207732.1	273	535	1	0	1	273
CY207732.1	275	848	2	0	2	275
CY207732.1	297	343	0	1	1	343
CY207732.1	317	790	1	0	1	317
CY207732.1	332	445	0	1	1	445
CY207732.1	355	672	0	1	1	672
CY207732.1	374	894	0	1	1	894
CY207732.1	375	925	0	1	1	925
CY207732.1	380	963	0	1	1	963
CY207732.1	393	889	0	1	1	889
CY207732.1	407	719	0	1	1	719
CY207732.1	409	910	0	1	1	910
CY207732.1	418	1016	1	0	1	418
CY207732.1	427	1066	0	1	1	1066
CY207732.1	438	823	0	1	1	823
CY207732.1	440	752	1	3	4	440
CY207732.1	447	1042	0	1	1	1042
CY207732.1	447	821	0	9	9	821
CY207732.1	451	781	0	1	1	781
CY207732.1	453	738	0	1	1	738
CY207732.1	461	568	0	1	1	568
CY207732.1	475	977	1	0	1	475
CY207732.1	485	743	0	1	1	743
CY207732.1	485	969	0	1	1	969
CY207732.1	499	825	1	0	1	499
CY207732.1	507	625	0	1	1	625
CY207732.1	508	684	0	1	1	684
CY207732.1	509	626	0	1	1	626
CY207732.1	520	604	1	0	1	520
CY207732.1	523	710	0	1	1	710
CY207732.1	530	1146	0	1	1	1146
CY207732.1	585	646	1	0	1	585
CY207732.1	589	862	0	1	1	862
CY207732.1	593	1023	2	0	2	593
CY207732.1	597	655	0	1	1	655
CY207732.1	606	879	1	0	1	606
CY207732.1	614	653	0	1	1	653
CY207732.1	622	710	0	1	1	710
CY207732.1	641	943	1	0	1	641
CY207732.1	644	888	0	1	1	888
CY207732.1	648	766	0	1	1	766
CY207732.1	654	824	0	1	1	824
CY207732.1	679	815	0	1	1	815
CY207732.1	684	751	0	1	1	751
CY207732.1	685	839	1	0	1	685
CY207732.1	692	851	0	1	1	851
CY207732.1	718	860	1	3	4	718
CY207732.1	777	1065	1	0	1	777
CY207732.1	782	858	0	1	1	858
CY207732.1	790	824	0	1	1	824
CY207732.1	791	842	0	1	1	842
CY207732.1	817	866	0	5	5	866
CY207732.1	825	1059	0	1	1	1059
CY207732.1	850	1054	1	0	1	850
CY207732.1	862	962	1	2	3	862
CY207732.1	923	1161	0	1	1	1161
CY207732.1	945	969	1	0	1	945
CY207732.1	951	1002	1	0	1	951
CY207732.1	957	1013	1	0	1	957
CY207732.1	966	1019	0	1	1	1019
CY207732.1	973	1036	2	3	5	973
CY207733.1	1029	1169	0	1	1	1169
CY207733.1	1068	1379	1	0	1	1068
CY207733.1	1079	1163	1	0	1	1079
CY207733.1	1090	1184	3	0	3	1090
CY207733.1	1105	1208	1	0	1	1105
CY207733.1	1273	1591	0	1	1	1591
CY207733.1	1294	1485	1	0	1	1294
CY207733.1	1318	1392	1	0	1	1318
CY207733.1	1538	1570	5	37	42	1538
CY207733.1	251	1063	1	0	1	251
CY207733.1	258	519	1	0	1	258
CY207733.1	265	1364	1	0	1	265
CY207733.1	268	1311	1	0	1	268
CY207733.1	270	354	5	0	5	270
CY207733.1	280	895	1	0	1	280
CY207733.1	300	1391	15	24	39	300
CY207733.1	341	850	0	1	1	850
CY207733.1	358	485	0	1	1	485
CY207733.1	371	1358	3	0	3	371
CY207733.1	380	1444	1	0	1	380
CY207733.1	381	1214	0	1	1	1214
CY207733.1	393	677	0	1	1	677
CY207733.1	409	855	2	5	7	409
CY207733.1	426	1366	0	1	1	1366
CY207733.1	428	1246	2	1	3	428
CY207733.1	489	1111	1	0	1	489
CY207733.1	547	1164	1	0	1	547
CY207733.1	555	1268	0	1	1	1268
CY207733.1	559	1106	1	1	2	559
CY207733.1	561	851	1	0	1	561
CY207733.1	588	1157	2	1	3	588
CY207733.1	606	992	0	1	1	992
CY207733.1	627	1221	1	0	1	627
CY207733.1	640	882	1	0	1	640
CY207733.1	676	1389	1	0	1	676
CY207733.1	759	850	1	0	1	759
CY207733.1	767	1000	1	0	1	767
CY207733.1	889	1149	1	0	1	889
CY207733.1	908	1450	0	1	1	1450
CY207733.1	914	1362	1	0	1	914
CY207733.1	946	1286	1	0	1	946
CY207733.1	964	1459	1	0	1	964
CY207733.1	990	1400	1	0	1	990
CY207734.1	1041	1435	1	0	1	1041
CY207734.1	1056	1432	0	1	1	1432
CY207734.1	1085	1412	0	1	1	1412
CY207734.1	1092	1468	1	0	1	1092
CY207734.1	1125	1289	0	1	1	1289
CY207734.1	1177	1421	0	1	1	1421
CY207734.1	1232	1502	1	0	1	1232
CY207734.1	1303	1410	0	1	1	1410
CY207734.1	1361	1458	0	1	1	1458
CY207734.1	1425	1492	0	1	1	1492
CY207734.1	1435	1512	1	0	1	1435
CY207734.1	1497	1594	1	0	1	1497
CY207734.1	1562	1698	0	1	1	1698
CY207734.1	1589	1695	0	2	2	1695
CY207734.1	256	793	1	0	1	256
CY207734.1	264	1368	1	0	1	264
CY207734.1	276	1633	1	0	1	276
CY207734.1	280	580	1	0	1	280
CY207734.1	290	1235	1	0	1	290
CY207734.1	324	639	1	0	1	324
CY207734.1	344	1126	0	1	1	1126
CY207734.1	350	648	0	1	1	648
CY207734.1	379	1052	0	1	1	1052
CY207734.1	385	1717	0	1	1	1717
CY207734.1	392	439	1	0	1	392
CY207734.1	396	1511	0	1	1	1511
CY207734.1	413	609	0	1	1	609
CY207734.1	414	1671	0	1	1	1671
CY207734.1	428	1501	0	11	11	1501
CY207734.1	435	587	0	4	4	587
CY207734.1	439	1560	0	1	1	1560
CY207734.1	466	1097	1	0	1	466
CY207734.1	478	1000	1	0	1	478
CY207734.1	497	535	0	1	1	535
CY207734.1	512	1344	1	0	1	512
CY207734.1	521	560	0	1	1	560
CY207734.1	521	841	1	1	2	521
CY207734.1	525	1364	1	0	1	525
CY207734.1	553	860	1	0	1	553
CY207734.1	563	1383	1	0	1	563
CY207734.1	570	1033	0	1	1	1033
CY207734.1	596	673	0	1	1	673
CY207734.1	620	812	1	0	1	620
CY207734.1	656	1101	1	0	1	656
CY207734.1	717	982	1	0	1	717
CY207734.1	720	1233	1	1	2	720
CY207734.1	736	1301	1	0	1	736
CY207734.1	743	1252	0	1	1	1252
CY207734.1	762	1324	0	1	1	1324
CY207734.1	801	1030	1	0	1	801
CY207734.1	816	1588	0	1	1	1588
CY207734.1	829	1239	0	1	1	1239
CY207734.1	900	1114	1	0	1	900
CY207734.1	902	1043	1	0	1	902
CY207734.1	916	1528	1	0	1	916
CY207734.1	924	1069	0	1	1	1069
CY207734.1	937	1010	1	0	1	937
CY207734.1	939	1184	1	0	1	939
CY207734.1	945	1215	1	0	1	945
CY207734.1	949	1218	1	0	1	949
CY207734.1	958	1139	0	1	1	1139
CY207734.1	960	1233	0	1	1	1233
CY207734.1	970	1043	0	1	1	1043
CY207734.1	971	1042	2	2	4	971
CY207734.1	987	1022	0	1	1	1022
CY207735.1	252	394	1	0	1	252
CY207735.1	292	607	1	0	1	292
CY207735.1	301	1025	0	2	2	1025
CY207735.1	430	664	0	1	1	664
CY207735.1	442	865	0	1	1	865
CY207735.1	493	685	1	0	1	493
CY207735.1	499	729	1	0	1	499
CY207735.1	511	740	0	9	9	740
CY207735.1	519	746	1	1	2	519
CY207735.1	548	839	2	2	4	548
CY207735.1	586	902	1	0	1	586
CY207735.1	618	1029	0	1	1	1029
CY207736.1	1023	1615	1	0	1	1023
CY207736.1	1032	1899	1	0	1	1032
CY207736.1	1059	1145	1	0	1	1059
CY207736.1	1067	1672	1	0	1	1067
CY207736.1	1071	2055	0	2	2	2055
CY207736.1	1084	1782	0	2	2	1782
CY207736.1	1099	1268	1	0	1	1099
CY207736.1	1118	1495	1	0	1	1118
CY207736.1	1128	1456	1	0	1	1128
CY207736.1	1131	2138	0	1	1	2138
CY207736.1	1151	1416	1	0	1	1151
CY207736.1	1197	2031	0	1	1	2031
CY207736.1	1258	1647	0	1	1	1647
CY207736.1	1277	1520	1	0	1	1277
CY207736.1	1277	1834	0	1	1	1834
CY207736.1	1309	1600	0	1	1	1600
CY207736.1	1319	2079	0	1	1	2079
CY207736.1	1403	1442	0	1	1	1442
CY207736.1	1409	1868	0	1	1	1868
CY207736.1	1462	1900	0	2	2	1900
CY207736.1	1464	2041	0	1	1	2041
CY207736.1	1552	1957	1	1	2	1552
CY207736.1	1566	1995	1	2	3	1566
CY207736.1	1580	1679	3	3	6	1580
CY207736.1	1586	1695	0	1	1	1695
CY207736.1	1660	2181	1	0	1	1660
CY207736.1	1665	1781	0	1	1	1781
CY207736.1	1671	2074	0	1	1	2074
CY207736.1	1706	1902	1	0	1	1706
CY207736.1	1776	1829	3	0	3	1776
CY207736.1	1789	2006	2	0	2	1789
CY207736.1	1806	1871	2	1	3	1806
CY207736.1	1831	2358	0	1	1	2358
CY207736.1	1844	2296	0	1	1	2296
CY207736.1	1972	2139	0	1	1	2139
CY207736.1	1983	2092	1	0	1	1983
CY207736.1	2009	2186	0	2	2	2186
CY207736.1	2084	2150	0	1	1	2150
CY207736.1	2086	2123	0	3	3	2123
CY207736.1	2088	2259	1	0	1	2088
CY207736.1	2121	2145	2	0	2	2121
CY207736.1	2133	2164	32	28	60	2133
CY207736.1	2154	2270	2	0	2	2154
CY207736.1	2221	2350	0	1	1	2350
CY207736.1	252	1462	1	0	1	252
CY207736.1	254	1126	1	0	1	254
CY207736.1	254	2238	4	0	4	254
CY207736.1	269	1057	1	0	1	269
CY207736.1	275	1651	1	0	1	275
CY207736.1	283	1622	1	0	1	283
CY207736.1	286	1949	1	0	1	286
CY207736.1	287	695	1	0	1	287
CY207736.1	339	1692	0	1	1	1692
CY207736.1	347	1436	1	0	1	347
CY207736.1	349	1671	0	1	1	1671
CY207736.1	366	1990	0	1	1	1990
CY207736.1	402	2131	0	1	1	2131
CY207736.1	405	2134	0	1	1	2134
CY207736.1	407	2134	30	48	78	407
CY207736.1	431	1744	0	1	1	1744
CY207736.1	433	1590	1	0	1	433
CY207736.1	479	517	0	1	1	517
CY207736.1	492	2041	2	4	6	492
CY207736.1	493	1985	3	1	4	493
CY207736.1	524	1838	2	1	3	524
CY207736.1	527	1665	1	0	1	527
CY207736.1	530	1668	10	1	11	530
CY207736.1	541	1036	0	1	1	1036
CY207736.1	544	2057	2	0	2	544
CY207736.1	562	2051	1	0	1	562
CY207736.1	564	2065	1	1	2	564
CY207736.1	573	1415	1	0	1	573
CY207736.1	575	2108	0	1	1	2108
CY207736.1	586	1878	1	0	1	586
CY207736.1	595	1836	1	0	1	595
CY207736.1	595	1871	3	0	3	595
CY207736.1	596	2002	3	1	4	596
CY207736.1	601	1907	1	2	3	601
CY207736.1	609	1948	1	0	1	609
CY207736.1	609	1981	2	1	3	609
CY207736.1	611	1950	228	191	419	611
CY207736.1	611	674	0	1	1	674
CY207736.1	617	1914	4	1	5	617
CY207736.1	622	1172	0	1	1	1172
CY207736.1	629	1931	1	0	1	629
CY207736.1	639	1495	0	1	1	1495
CY207736.1	651	1856	0	1	1	1856
CY207736.1	656	937	1	0	1	656
CY207736.1	659	845	0	1	1	845
CY207736.1	666	1002	0	1	1	1002
CY207736.1	674	1851	2	1	3	674
CY207736.1	679	1835	2	0	2	679
CY207736.1	680	1881	0	1	1	1881
CY207736.1	686	1952	1	0	1	686
CY207736.1	688	780	0	2	2	780
CY207736.1	695	1938	0	4	4	1938
CY207736.1	698	1437	1	0	1	698
CY207736.1	699	1995	2	2	4	699
CY207736.1	700	2153	0	1	1	2153
CY207736.1	707	1802	1	0	1	707
CY207736.1	709	1399	1	0	1	709
CY207736.1	715	1835	1	0	1	715
CY207736.1	718	1664	0	1	1	1664
CY207736.1	720	1845	5	1	6	720
CY207736.1	722	1788	1	0	1	722
CY207736.1	727	1844	69	43	112	727
CY207736.1	728	1572	0	1	1	1572
CY207736.1	733	1809	3	1	4	733
CY207736.1	740	1654	1	0	1	740
CY207736.1	743	1431	1	0	1	743
CY207736.1	744	1813	2	0	2	744
CY207736.1	748	1675	5	0	5	748
CY207736.1	749	1545	3	3	6	749
CY207736.1	754	1807	1	0	1	754
CY207736.1	761	1466	1	0	1	761
CY207736.1	761	1685	0	1	1	1685
CY207736.1	767	1952	7	1	8	767
CY207736.1	768	1724	0	1	1	1724
CY207736.1	769	2080	0	2	2	2080
CY207736.1	775	1995	0	1	1	1995
CY207736.1	777	1806	4	1	5	777
CY207736.1	777	2295	1	0	1	777
CY207736.1	779	1751	0	1	1	1751
CY207736.1	780	915	2	0	2	780
CY207736.1	806	1736	1	3	4	806
CY207736.1	809	1862	2	1	3	809
CY207736.1	813	1468	0	1	1	1468
CY207736.1	814	1710	1	0	1	814
CY207736.1	820	852	0	1	1	852
CY207736.1	825	1820	0	1	1	1820
CY207736.1	827	924	1	0	1	827
CY207736.1	830	2293	0	1	1	2293
CY207736.1	842	1187	0	1	1	1187
CY207736.1	899	2112	1	0	1	899
CY207736.1	905	1893	2	2	4	905
CY207736.1	914	1879	0	1	1	1879
CY207736.1	914	2167	1	1	2	914
CY207736.1	916	1666	4	0	4	916
CY207736.1	916	1722	1	0	1	916
CY207736.1	968	1604	0	1	1	1604
CY207736.1	976	1599	1	1	2	976
CY207737.1	1016	1722	0	2	2	1722
CY207737.1	1055	1156	0	1	1	1156
CY207737.1	1105	2413	1	0	1	1105
CY207737.1	1120	1469	1	0	1	1120
CY207737.1	1306	2043	2	3	5	1306
CY207737.1	1476	2320	1	0	1	1476
CY207737.1	1585	2356	1	0	1	1585
CY207737.1	1667	1698	0	1	1	1698
CY207737.1	1953	2459	0	1	1	2459
CY207737.1	1957	2180	0	1	1	2180
CY207737.1	2046	2303	1	0	1	2046
CY207737.1	2283	2358	1	0	1	2283
CY207737.1	2413	2450	0	5	5	2450
CY207737.1	276	2405	15	0	15	276
CY207737.1	394	1597	0	1	1	1597
CY207737.1	404	444	1	0	1	404
CY207737.1	444	751	1	0	1	444
CY207737.1	477	1548	0	1	1	1548
CY207737.1	531	2051	0	1	1	2051
CY207737.1	536	2096	1	0	1	536
CY207737.1	544	2104	1	0	1	544
CY207737.1	552	2111	4	2	6	552
CY207737.1	561	1271	0	1	1	1271
CY207737.1	567	2203	0	1	1	2203
CY207737.1	622	1681	2	0	2	622
CY207737.1	653	1719	2	1	3	653
CY207737.1	681	1291	1	0	1	681
CY207737.1	708	2056	3	3	6	708
CY207737.1	746	1527	1	0	1	746
CY207737.1	750	1182	1	0	1	750
CY207737.1	753	1682	0	2	2	1682
CY207737.1	753	2158	0	1	1	2158
CY207737.1	808	1775	4	2	6	808
CY207737.1	832	1827	0	2	2	1827
CY207737.1	871	1783	0	1	1	1783
CY207737.1	961	1804	7	5	12	961
CY207738.1	1007	1765	1	0	1	1007
CY207738.1	1019	2496	0	1	1	2496
CY207738.1	1047	1365	1	0	1	1047
CY207738.1	1125	2016	0	1	1	2016
CY207738.1	1127	1823	1	0	1	1127
CY207738.1	1135	2237	0	1	1	2237
CY207738.1	1188	1356	1	0	1	1188
CY207738.1	1261	1942	1	0	1	1261
CY207738.1	1289	1662	2	6	8	1289
CY207738.1	1329	1557	1	0	1	1329
CY207738.1	1353	2111	1	2	3	1353
CY207738.1	1355	1893	1	0	1	1355
CY207738.1	1385	2125	1	0	1	1385
CY207738.1	1386	2149	0	1	1	2149
CY207738.1	1390	2144	0	1	1	2144
CY207738.1	1412	1876	1	0	1	1412
CY207738.1	1418	1546	0	1	1	1546
CY207738.1	1426	1485	0	1	1	1485
CY207738.1	1452	1736	0	1	1	1736
CY207738.1	1452	2108	1	0	1	1452
CY207738.1	1594	1666	1	0	1	1594
CY207738.1	1595	1970	0	1	1	1970
CY207738.1	1608	1992	1	0	1	1608
CY207738.1	1629	2078	1	0	1	1629
CY207738.1	1651	2036	2	0	2	1651
CY207738.1	1675	2264	0	1	1	2264
CY207738.1	1717	1844	1	0	1	1717
CY207738.1	1797	2015	0	1	1	2015
CY207738.1	1948	1972	0	1	1	1972
CY207738.1	1952	2031	0	1	1	2031
CY207738.1	2147	2175	0	1	1	2175
CY207738.1	2256	2326	1	0	1	2256
CY207738.1	2269	2351	1	0	1	2269
CY207738.1	241	1221	1	0	1	241
CY207738.1	247	2338	1	0	1	247
CY207738.1	265	2261	1	0	1	265
CY207738.1	284	1821	1	0	1	284
CY207738.1	319	1548	1	0	1	319
CY207738.1	321	1218	0	1	1	1218
CY207738.1	329	398	0	1	1	398
CY207738.1	332	1228	0	1	1	1228
CY207738.1	339	1235	1	1	2	339
CY207738.1	339	2328	0	1	1	2328
CY207738.1	341	996	1	0	1	341
CY207738.1	360	656	0	1	1	656
CY207738.1	360	707	0	1	1	707
CY207738.1	377	2121	1	0	1	377
CY207738.1	394	1447	1	0	1	394
CY207738.1	411	1120	0	1	1	1120
CY207738.1	429	2053	0	1	1	2053
CY207738.1	439	2251	1	11	12	439
CY207738.1	454	2021	0	2	2	2021
CY207738.1	456	2273	0	1	1	2273
CY207738.1	458	1573	1	0	1	458
CY207738.1	480	1655	0	1	1	1655
CY207738.1	512	2307	0	1	1	2307
CY207738.1	514	1170	1	0	1	514
CY207738.1	523	2188	1	5	6	523
CY207738.1	558	621	1	0	1	558
CY207738.1	580	1071	0	1	1	1071
CY207738.1	583	2120	1	0	1	583
CY207738.1	589	1878	1	0	1	589
CY207738.1	616	1486	1	0	1	616
CY207738.1	628	1767	0	1	1	1767
CY207738.1	675	1997	3	1	4	675
CY207738.1	688	973	0	1	1	973
CY207738.1	695	1980	2	0	2	695
CY207738.1	714	2155	0	1	1	2155
CY207738.1	749	1924	1	0	1	749
CY207738.1	767	1815	2	0	2	767
CY207738.1	776	1913	1	0	1	776
CY207738.1	780	1226	1	0	1	780
CY207738.1	781	1920	2	2	4	781
CY207738.1	830	1710	1	0	1	830
CY207738.1	844	1408	1	0	1	844
CY207738.1	859	2396	1	0	1	859
CY207738.1	883	1676	1	0	1	883
CY207738.1	892	1382	0	1	1	1382
CY207738.1	896	1101	0	1	1	1101
CY207738.1	911	1719	2	0	2	911
CY207738.1	925	1093	0	1	1	1093
CY207738.1	928	2224	0	1	1	2224
CY207738.1	931	1800	1	0	1	931
CY207738.1	942	1464	1	0	1	942
