Segment	Start	Stop	Forward_support	Reverse_support	Total_support	Fuzz_factor
CY207731.1	1039	1362	1	0	1	1039
CY207731.1	1066	1357	0	1	1	1357
CY207731.1	1085	1766	1	0	1	1085
CY207731.1	1101	1822	1	0	1	1101
CY207731.1	1102	1228	0	2	2	1228
CY207731.1	1108	1346	0	1	1	1346
CY207731.1	1109	1309	1	0	1	1109
CY207731.1	1113	1265	0	1	1	1265
CY207731.1	1125	1674	1	0	1	1125
CY207731.1	1176	1716	1	1	2	1176
CY207731.1	1189	1892	0	1	1	1892
CY207731.1	1192	1473	0	1	1	1473
CY207731.1	1238	1269	0	1	1	1269
CY207731.1	1264	1301	1	0	1	1264
CY207731.1	1265	1452	1	0	1	1265
CY207731.1	1267	1341	2	4	6	1267
CY207731.1	1277	1697	0	1	1	1697
CY207731.1	1304	1326	4	0	4	1304
CY207731.1	1304	1773	1	0	1	1304
CY207731.1	1310	1598	0	1	1	1598
CY207731.1	1342	1857	0	1	1	1857
CY207731.1	1349	1474	0	1	1	1474
CY207731.1	1354	1706	0	1	1	1706
CY207731.1	1357	1416	0	2	2	1416
CY207731.1	1360	1736	0	1	1	1736
CY207731.1	1363	1522	0	1	1	1522
CY207731.1	1365	1881	0	1	1	1881
CY207731.1	1393	1598	1	0	1	1393
CY207731.1	1430	1565	0	1	1	1565
CY207731.1	1459	1750	0	1	1	1750
CY207731.1	1476	1685	0	1	1	1685
CY207731.1	1481	1603	0	1	1	1603
CY207731.1	1491	1655	0	1	1	1655
CY207731.1	1516	1744	0	1	1	1744
CY207731.1	1518	1904	0	1	1	1904
CY207731.1	1558	1734	1	0	1	1558
CY207731.1	1564	1865	0	1	1	1865
CY207731.1	1649	1841	0	1	1	1841
CY207731.1	242	1638	1	0	1	242
CY207731.1	262	1289	1	0	1	262
CY207731.1	284	373	0	1	1	373
CY207731.1	320	666	1	0	1	320
CY207731.1	361	1684	1	0	1	361
CY207731.1	364	1686	2	0	2	364
CY207731.1	370	527	0	1	1	527
CY207731.1	372	1821	1	0	1	372
CY207731.1	390	1281	1	0	1	390
CY207731.1	397	772	1	0	1	397
CY207731.1	398	1506	1	0	1	398
CY207731.1	400	1510	1	1	2	400
CY207731.1	405	1118	0	1	1	1118
CY207731.1	418	1560	1	0	1	418
CY207731.1	451	1418	0	1	1	1418
CY207731.1	457	1553	0	1	1	1553
CY207731.1	461	557	0	1	1	557
CY207731.1	464	959	1	0	1	464
CY207731.1	470	1750	1	0	1	470
CY207731.1	473	1571	1	4	5	473
CY207731.1	475	1748	1	0	1	475
CY207731.1	476	1660	1	3	4	476
CY207731.1	478	1012	0	1	1	1012
CY207731.1	482	1524	1	2	3	482
CY207731.1	486	570	0	1	1	570
CY207731.1	498	628	1	0	1	498
CY207731.1	499	1554	1	0	1	499
CY207731.1	503	1187	0	1	1	1187
CY207731.1	519	1824	1	0	1	519
CY207731.1	527	1174	1	0	1	527
CY207731.1	533	1206	0	1	1	1206
CY207731.1	536	1566	0	1	1	1566
CY207731.1	547	1061	2	1	3	547
CY207731.1	550	1638	1	0	1	550
CY207731.1	554	1366	0	1	1	1366
CY207731.1	567	1619	0	2	2	1619
CY207731.1	568	1204	5	7	12	568
CY207731.1	569	1047	1	0	1	569
CY207731.1	574	601	1	1	2	574
CY207731.1	602	1063	1	0	1	602
CY207731.1	623	1616	0	1	1	1616
CY207731.1	634	1040	0	1	1	1040
CY207731.1	636	1007	0	1	1	1007
CY207731.1	638	881	0	1	1	881
CY207731.1	648	1431	1	0	1	648
CY207731.1	662	740	1	0	1	662
CY207731.1	686	935	1	0	1	686
CY207731.1	691	1489	1	0	1	691
CY207731.1	700	1079	1	0	1	700
CY207731.1	702	1200	1	0	1	702
CY207731.1	702	813	0	1	1	813
CY207731.1	711	1685	1	0	1	711
CY207731.1	721	1100	0	1	1	1100
CY207731.1	722	1020	0	1	1	1020
CY207731.1	724	1202	1	0	1	724
CY207731.1	756	1313	1	0	1	756
CY207731.1	762	1231	1	0	1	762
CY207731.1	763	1152	1	0	1	763
CY207731.1	764	1233	0	1	1	1233
CY207731.1	782	1750	1	0	1	782
CY207731.1	795	1001	0	1	1	1001
CY207731.1	795	1410	0	1	1	1410
CY207731.1	800	1002	0	1	1	1002
CY207731.1	808	1134	1	1	2	808
CY207731.1	815	1274	1	1	2	815
CY207731.1	818	888	0	1	1	888
CY207731.1	819	1062	1	0	1	819
CY207731.1	832	995	1	1	2	832
CY207731.1	837	1293	0	1	1	1293
CY207731.1	848	1771	0	1	1	1771
CY207731.1	852	1316	1	0	1	852
CY207731.1	857	1419	1	0	1	857
CY207731.1	871	1887	0	1	1	1887
CY207731.1	880	1427	1	0	1	880
CY207731.1	914	1685	1	0	1	914
CY207731.1	924	984	1	0	1	924
CY207731.1	941	1820	0	1	1	1820
CY207731.1	950	1089	0	1	1	1089
CY207731.1	951	1676	0	1	1	1676
CY207731.1	963	1103	1	0	1	963
CY207731.1	973	1451	0	1	1	1451
CY207731.1	993	1773	1	1	2	993
CY207732.1	1011	1130	1	0	1	1011
CY207732.1	1093	1148	0	1	1	1148
CY207732.1	1094	1163	0	1	1	1163
CY207732.1	1095	1141	0	1	1	1141
CY207732.1	251	909	1	0	1	251
CY207732.1	251	953	0	1	1	953
CY207732.1	258	997	1	0	1	258
CY207732.1	259	481	1	0	1	259
CY207732.1	259	973	1	0	1	259
CY207732.1	262	294	1	0	1	262
CY207732.1	275	848	2	0	2	275
CY207732.1	277	929	1	0	1	277
CY207732.1	281	538	1	0	1	281
CY207732.1	288	607	1	0	1	288
CY207732.1	289	551	1	0	1	289
CY207732.1	311	857	1	0	1	311
CY207732.1	321	802	1	2	3	321
CY207732.1	335	710	1	0	1	335
CY207732.1	340	825	0	1	1	825
CY207732.1	347	573	1	0	1	347
CY207732.1	354	886	0	1	1	886
CY207732.1	362	863	1	0	1	362
CY207732.1	366	402	0	1	1	402
CY207732.1	373	788	1	0	1	373
CY207732.1	376	1028	0	1	1	1028
CY207732.1	379	1074	0	1	1	1074
CY207732.1	387	825	0	1	1	825
CY207732.1	393	744	0	1	1	744
CY207732.1	394	1097	0	1	1	1097
CY207732.1	394	536	1	0	1	394
CY207732.1	394	555	1	0	1	394
CY207732.1	395	607	1	0	1	395
CY207732.1	396	925	0	1	1	925
CY207732.1	396	931	0	1	1	931
CY207732.1	397	1131	0	1	1	1131
CY207732.1	397	522	1	0	1	397
CY207732.1	403	442	0	1	1	442
CY207732.1	403	684	0	1	1	684
CY207732.1	403	791	1	1	2	403
CY207732.1	404	1139	0	1	1	1139
CY207732.1	406	1137	0	1	1	1137
CY207732.1	415	647	0	1	1	647
CY207732.1	417	878	0	1	1	878
CY207732.1	419	706	0	1	1	706
CY207732.1	424	830	1	6	7	424
CY207732.1	426	989	1	0	1	426
CY207732.1	429	726	1	0	1	429
CY207732.1	430	599	0	1	1	599
CY207732.1	434	678	1	3	4	434
CY207732.1	434	813	1	0	1	434
CY207732.1	444	877	1	0	1	444
CY207732.1	445	863	2	7	9	445
CY207732.1	466	494	0	1	1	494
CY207732.1	471	823	0	1	1	823
CY207732.1	475	729	0	1	1	729
CY207732.1	476	732	1	0	1	476
CY207732.1	480	751	0	2	2	751
CY207732.1	483	764	0	1	1	764
CY207732.1	483	963	0	1	1	963
CY207732.1	486	834	1	1	2	486
CY207732.1	500	969	1	0	1	500
CY207732.1	524	624	0	1	1	624
CY207732.1	527	683	1	0	1	527
CY207732.1	532	1151	0	1	1	1151
CY207732.1	532	859	0	1	1	859
CY207732.1	533	688	1	0	1	533
CY207732.1	534	568	0	1	1	568
CY207732.1	537	882	1	0	1	537
CY207732.1	549	897	1	0	1	549
CY207732.1	550	610	1	0	1	550
CY207732.1	566	622	1	1	2	566
CY207732.1	575	765	0	1	1	765
CY207732.1	585	802	1	1	2	585
CY207732.1	589	862	1	3	4	589
CY207732.1	589	961	2	0	2	589
CY207732.1	593	1023	5	2	7	593
CY207732.1	594	910	0	1	1	910
CY207732.1	597	695	0	1	1	695
CY207732.1	605	1055	1	0	1	605
CY207732.1	606	818	1	0	1	606
CY207732.1	610	891	0	1	1	891
CY207732.1	629	957	2	0	2	629
CY207732.1	669	969	2	0	2	669
CY207732.1	679	815	2	8	10	679
CY207732.1	681	856	0	3	3	856
CY207732.1	685	839	0	1	1	839
CY207732.1	709	859	0	1	1	859
CY207732.1	713	936	3	0	3	713
CY207732.1	715	915	0	1	1	915
CY207732.1	715	965	3	1	4	715
CY207732.1	718	860	3	7	10	718
CY207732.1	718	959	1	0	1	718
CY207732.1	720	826	1	0	1	720
CY207732.1	727	938	1	0	1	727
CY207732.1	735	1034	1	0	1	735
CY207732.1	748	936	0	1	1	936
CY207732.1	749	872	2	0	2	749
CY207732.1	761	791	0	1	1	791
CY207732.1	768	823	1	0	1	768
CY207732.1	782	861	1	0	1	782
CY207732.1	790	833	3	0	3	790
CY207732.1	797	1148	0	1	1	1148
CY207732.1	797	907	0	1	1	907
CY207732.1	803	1034	2	0	2	803
CY207732.1	810	980	1	1	2	810
CY207732.1	817	866	3	1	4	817
CY207732.1	818	1143	0	1	1	1143
CY207732.1	818	854	2	0	2	818
CY207732.1	830	1082	0	1	1	1082
CY207732.1	868	1064	0	1	1	1064
CY207732.1	870	1090	1	0	1	870
CY207732.1	875	967	1	0	1	875
CY207732.1	881	1012	0	1	1	1012
CY207732.1	890	940	0	1	1	940
CY207732.1	897	941	1	0	1	897
CY207732.1	919	1016	0	1	1	1016
CY207732.1	924	1040	0	2	2	1040
CY207732.1	946	1016	0	1	1	1016
CY207732.1	953	1136	0	1	1	1136
CY207732.1	956	1160	0	1	1	1160
CY207732.1	970	1000	1	0	1	970
CY207732.1	991	1030	0	1	1	1030
CY207733.1	1018	1074	1	1	2	1018
CY207733.1	1027	1366	1	0	1	1027
CY207733.1	1057	1112	1	0	1	1057
CY207733.1	1061	1111	0	1	1	1111
CY207733.1	1090	1184	1	0	1	1090
CY207733.1	1140	1252	1	0	1	1140
CY207733.1	1177	1406	0	1	1	1406
CY207733.1	1206	1367	1	0	1	1206
CY207733.1	1299	1540	0	1	1	1540
CY207733.1	1333	1361	1	0	1	1333
CY207733.1	1373	1399	1	0	1	1373
CY207733.1	1390	1428	1	0	1	1390
CY207733.1	283	1104	1	0	1	283
CY207733.1	284	1016	1	0	1	284
CY207733.1	306	1427	1	0	1	306
CY207733.1	319	644	0	1	1	644
CY207733.1	330	1401	1	3	4	330
CY207733.1	334	1029	0	1	1	1029
CY207733.1	335	783	0	1	1	783
CY207733.1	345	525	0	1	1	525
CY207733.1	347	1583	0	1	1	1583
CY207733.1	352	1068	0	1	1	1068
CY207733.1	352	1358	3	4	7	352
CY207733.1	374	1373	0	1	1	1373
CY207733.1	381	1428	0	1	1	1428
CY207733.1	400	1496	0	1	1	1496
CY207733.1	407	853	0	2	2	853
CY207733.1	420	608	1	0	1	420
CY207733.1	430	1405	0	1	1	1405
CY207733.1	436	989	0	2	2	989
CY207733.1	479	1005	0	1	1	1005
CY207733.1	479	1143	0	1	1	1143
CY207733.1	486	1323	2	2	4	486
CY207733.1	520	618	0	1	1	618
CY207733.1	523	1246	5	8	13	523
CY207733.1	530	1232	1	0	1	530
CY207733.1	530	1263	0	1	1	1263
CY207733.1	537	1384	0	1	1	1384
CY207733.1	544	1160	0	1	1	1160
CY207733.1	554	1277	1	0	1	554
CY207733.1	556	1143	0	1	1	1143
CY207733.1	560	1223	1	0	1	560
CY207733.1	571	612	1	0	1	571
CY207733.1	665	1439	1	0	1	665
CY207733.1	743	1578	0	1	1	1578
CY207733.1	763	866	1	0	1	763
CY207733.1	769	944	1	0	1	769
CY207733.1	781	978	1	0	1	781
CY207733.1	836	1162	1	0	1	836
CY207733.1	837	1439	1	0	1	837
CY207733.1	837	864	1	0	1	837
CY207733.1	850	1337	0	1	1	1337
CY207733.1	879	1440	0	1	1	1440
CY207733.1	935	1233	1	0	1	935
CY207733.1	948	1046	0	1	1	1046
CY207734.1	1001	1370	0	1	1	1370
CY207734.1	1005	1466	1	0	1	1005
CY207734.1	1006	1047	3	0	3	1006
CY207734.1	1007	1699	0	3	3	1699
CY207734.1	1009	1084	0	1	1	1084
CY207734.1	1012	1084	1	0	1	1012
CY207734.1	1026	1429	0	1	1	1429
CY207734.1	1040	1542	1	0	1	1040
CY207734.1	1052	1608	0	1	1	1608
CY207734.1	1087	1111	0	1	1	1111
CY207734.1	1103	1565	1	0	1	1103
CY207734.1	1117	1344	0	1	1	1344
CY207734.1	1198	1635	0	1	1	1635
CY207734.1	1201	1373	0	1	1	1373
CY207734.1	1222	1521	0	1	1	1521
CY207734.1	1224	1250	0	1	1	1250
CY207734.1	1236	1522	1	0	1	1236
CY207734.1	1264	1496	1	0	1	1264
CY207734.1	1281	1694	0	1	1	1694
CY207734.1	1287	1420	0	1	1	1420
CY207734.1	1300	1377	0	1	1	1377
CY207734.1	1319	1512	0	1	1	1512
CY207734.1	1374	1488	0	1	1	1488
CY207734.1	1386	1431	0	1	1	1431
CY207734.1	1393	1580	1	0	1	1393
CY207734.1	1407	1452	0	1	1	1452
CY207734.1	1418	1598	1	0	1	1418
CY207734.1	1421	1544	0	1	1	1544
CY207734.1	1442	1566	0	1	1	1566
CY207734.1	1458	1496	1	0	1	1458
CY207734.1	1480	1523	1	0	1	1480
CY207734.1	1501	1539	1	0	1	1501
CY207734.1	1506	1532	0	1	1	1532
CY207734.1	1545	1622	0	1	1	1622
CY207734.1	1562	1686	0	3	3	1686
CY207734.1	1589	1695	0	1	1	1695
CY207734.1	1604	1725	0	1	1	1725
CY207734.1	1658	1693	0	1	1	1693
CY207734.1	244	882	1	0	1	244
CY207734.1	245	1004	1	0	1	245
CY207734.1	246	1562	1	0	1	246
CY207734.1	272	749	1	0	1	272
CY207734.1	272	789	1	0	1	272
CY207734.1	280	637	1	0	1	280
CY207734.1	284	1152	1	0	1	284
CY207734.1	306	912	1	0	1	306
CY207734.1	312	1591	0	1	1	1591
CY207734.1	326	1368	1	0	1	326
CY207734.1	337	383	0	4	4	383
CY207734.1	351	991	0	1	1	991
CY207734.1	361	1510	0	3	3	1510
CY207734.1	366	476	0	1	1	476
CY207734.1	382	759	0	1	1	759
CY207734.1	389	1422	0	1	1	1422
CY207734.1	389	1694	0	1	1	1694
CY207734.1	391	692	0	1	1	692
CY207734.1	397	1543	1	0	1	397
CY207734.1	398	1496	0	1	1	1496
CY207734.1	401	1445	1	0	1	401
CY207734.1	401	964	0	1	1	964
CY207734.1	402	1420	1	3	4	402
CY207734.1	407	605	0	1	1	605
CY207734.1	415	1362	1	0	1	415
CY207734.1	417	1551	1	0	1	417
CY207734.1	418	1482	1	2	3	418
CY207734.1	419	1532	1	0	1	419
CY207734.1	432	1564	0	1	1	1564
CY207734.1	435	1564	3	4	7	435
CY207734.1	439	1518	0	1	1	1518
CY207734.1	440	632	0	1	1	632
CY207734.1	443	1397	1	0	1	443
CY207734.1	444	1140	0	1	1	1140
CY207734.1	444	663	0	1	1	663
CY207734.1	446	844	0	1	1	844
CY207734.1	448	478	0	3	3	478
CY207734.1	454	829	0	1	1	829
CY207734.1	458	495	0	1	1	495
CY207734.1	466	1232	1	0	1	466
CY207734.1	467	1388	1	2	3	467
CY207734.1	470	1627	0	1	1	1627
CY207734.1	476	961	0	1	1	961
CY207734.1	479	1425	0	1	1	1425
CY207734.1	479	531	1	2	3	479
CY207734.1	481	697	0	1	1	697
CY207734.1	489	907	0	1	1	907
CY207734.1	498	1313	0	1	1	1313
CY207734.1	506	1047	0	1	1	1047
CY207734.1	507	1151	1	0	1	507
CY207734.1	513	1361	1	5	6	513
CY207734.1	514	1358	0	3	3	1358
CY207734.1	521	845	0	1	1	845
CY207734.1	522	1545	3	0	3	522
CY207734.1	522	841	0	1	1	841
CY207734.1	526	1412	3	1	4	526
CY207734.1	538	866	1	0	1	538
CY207734.1	550	1456	0	1	1	1456
CY207734.1	556	1529	1	0	1	556
CY207734.1	561	1406	0	1	1	1406
CY207734.1	572	1395	2	1	3	572
CY207734.1	574	914	1	0	1	574
CY207734.1	581	1366	3	2	5	581
CY207734.1	589	663	1	0	1	589
CY207734.1	591	1376	1	0	1	591
CY207734.1	598	938	0	1	1	938
CY207734.1	625	1234	1	0	1	625
CY207734.1	626	1550	1	0	1	626
CY207734.1	653	736	1	0	1	653
CY207734.1	658	1616	1	0	1	658
CY207734.1	698	1453	0	1	1	1453
CY207734.1	722	1166	0	1	1	1166
CY207734.1	736	1301	0	1	1	1301
CY207734.1	747	1278	1	0	1	747
CY207734.1	747	1523	1	0	1	747
CY207734.1	758	1497	1	1	2	758
CY207734.1	761	1609	1	0	1	761
CY207734.1	765	1051	1	0	1	765
CY207734.1	765	1534	0	1	1	1534
CY207734.1	767	1166	1	0	1	767
CY207734.1	770	1061	0	1	1	1061
CY207734.1	781	811	1	0	1	781
CY207734.1	809	1475	1	0	1	809
CY207734.1	812	1628	1	0	1	812
CY207734.1	815	1439	1	0	1	815
CY207734.1	826	1603	1	0	1	826
CY207734.1	833	1511	0	1	1	1511
CY207734.1	840	1027	0	1	1	1027
CY207734.1	841	1622	0	1	1	1622
CY207734.1	850	1558	0	1	1	1558
CY207734.1	861	1295	0	1	1	1295
CY207734.1	866	1044	0	1	1	1044
CY207734.1	866	1471	1	0	1	866
CY207734.1	873	1204	0	1	1	1204
CY207734.1	892	1167	1	0	1	892
CY207734.1	896	1186	2	2	4	896
CY207734.1	898	1248	0	1	1	1248
CY207734.1	900	1578	1	0	1	900
CY207734.1	906	955	1	0	1	906
CY207734.1	910	1525	0	1	1	1525
CY207734.1	916	999	1	0	1	916
CY207734.1	921	1159	0	1	1	1159
CY207734.1	923	1190	1	0	1	923
CY207734.1	943	1031	0	1	1	1031
CY207734.1	948	1489	1	0	1	948
CY207734.1	949	1123	1	0	1	949
CY207734.1	958	1139	1	1	2	958
CY207734.1	962	1048	1	0	1	962
CY207735.1	247	913	1	0	1	247
CY207735.1	257	926	1	0	1	257
CY207735.1	267	931	9	0	9	267
CY207735.1	273	971	3	0	3	273
CY207735.1	276	933	1	0	1	276
CY207735.1	314	357	0	1	1	357
CY207735.1	350	665	1	0	1	350
CY207735.1	407	820	1	0	1	407
CY207735.1	473	617	1	0	1	473
CY207735.1	479	900	1	1	2	479
CY207735.1	481	716	2	0	2	481
CY207735.1	499	729	3	0	3	499
CY207735.1	511	740	29	72	101	511
CY207735.1	519	746	0	4	4	746
CY207735.1	596	889	0	1	1	889
CY207735.1	697	892	1	0	1	697
CY207735.1	912	1028	0	4	4	1028
CY207736.1	1005	1731	1	0	1	1005
CY207736.1	1010	2245	4	1	5	1010
CY207736.1	1019	1072	1	0	1	1019
CY207736.1	1020	1104	1	0	1	1020
CY207736.1	1030	1815	1	1	2	1030
CY207736.1	1033	1069	2	0	2	1033
CY207736.1	1041	1822	0	1	1	1822
CY207736.1	1046	1979	1	2	3	1046
CY207736.1	1054	2249	1	0	1	1054
CY207736.1	1078	1728	0	2	2	1728
CY207736.1	1080	1141	2	0	2	1080
CY207736.1	1084	1167	1	0	1	1084
CY207736.1	1086	1846	1	0	1	1086
CY207736.1	1088	1950	0	1	1	1950
CY207736.1	1092	2294	1	5	6	1092
CY207736.1	1095	2005	5	11	16	1095
CY207736.1	1100	1607	1	0	1	1100
CY207736.1	1100	2013	0	1	1	2013
CY207736.1	1101	1477	1	0	1	1101
CY207736.1	1109	2020	0	1	1	2020
CY207736.1	1119	1962	1	0	1	1119
CY207736.1	1142	2030	0	1	1	2030
CY207736.1	1184	2207	1	0	1	1184
CY207736.1	1199	1603	1	0	1	1199
CY207736.1	1234	1997	1	0	1	1234
CY207736.1	1242	1643	2	0	2	1242
CY207736.1	1247	1376	0	1	1	1376
CY207736.1	1258	1647	3	2	5	1258
CY207736.1	1274	1318	0	1	1	1318
CY207736.1	1277	1358	1	0	1	1277
CY207736.1	1318	1344	0	1	1	1344
CY207736.1	1320	2047	0	1	1	2047
CY207736.1	1336	1393	1	0	1	1336
CY207736.1	1344	2079	0	2	2	2079
CY207736.1	1364	2121	0	1	1	2121
CY207736.1	1387	2099	2	0	2	1387
CY207736.1	1391	1515	1	0	1	1391
CY207736.1	1478	2306	0	1	1	2306
CY207736.1	1503	1950	1	0	1	1503
CY207736.1	1506	2149	0	1	1	2149
CY207736.1	1509	1962	1	0	1	1509
CY207736.1	1510	2002	0	1	1	2002
CY207736.1	1544	2007	1	0	1	1544
CY207736.1	1545	2294	0	1	1	2294
CY207736.1	1550	2192	3	0	3	1550
CY207736.1	1552	1957	0	1	1	1957
CY207736.1	1560	2178	0	1	1	2178
CY207736.1	1566	1995	2	5	7	1566
CY207736.1	1581	2134	0	2	2	2134
CY207736.1	1584	2003	0	1	1	2003
CY207736.1	1601	1929	0	1	1	1929
CY207736.1	1607	1735	0	1	1	1735
CY207736.1	1619	1662	0	1	1	1662
CY207736.1	1703	1956	0	1	1	1956
CY207736.1	1704	1871	0	1	1	1871
CY207736.1	1721	2279	0	1	1	2279
CY207736.1	1748	2043	0	1	1	2043
CY207736.1	1771	2346	0	1	1	2346
CY207736.1	1827	1875	1	0	1	1827
CY207736.1	1839	1895	1	0	1	1839
CY207736.1	1854	1912	2	0	2	1854
CY207736.1	1898	2251	1	0	1	1898
CY207736.1	1922	2245	1	0	1	1922
CY207736.1	1939	1983	1	0	1	1939
CY207736.1	1979	2351	0	1	1	2351
CY207736.1	1992	2159	0	1	1	2159
CY207736.1	2006	2043	0	1	1	2043
CY207736.1	2090	2298	0	1	1	2298
CY207736.1	2106	2171	0	2	2	2171
CY207736.1	2131	2186	0	1	1	2186
CY207736.1	2144	2187	3	3	6	2144
CY207736.1	2156	2273	1	0	1	2156
CY207736.1	2215	2283	0	1	1	2283
CY207736.1	2221	2350	0	1	1	2350
CY207736.1	2222	2244	5	5	10	2222
CY207736.1	253	347	7	0	7	253
CY207736.1	255	365	2	0	2	255
CY207736.1	259	2365	1	0	1	259
CY207736.1	266	1128	1	0	1	266
CY207736.1	266	2253	2	0	2	266
CY207736.1	277	1956	1	0	1	277
CY207736.1	279	2167	1	0	1	279
CY207736.1	280	346	1	0	1	280
CY207736.1	282	2290	1	0	1	282
CY207736.1	290	911	1	0	1	290
CY207736.1	291	1114	1	0	1	291
CY207736.1	291	2251	1	0	1	291
CY207736.1	303	1748	0	1	1	1748
CY207736.1	303	363	1	0	1	303
CY207736.1	304	2246	0	1	1	2246
CY207736.1	304	2272	0	1	1	2272
CY207736.1	304	327	1	0	1	304
CY207736.1	311	2186	1	0	1	311
CY207736.1	321	2108	0	1	1	2108
CY207736.1	325	2209	1	0	1	325
CY207736.1	328	2223	1	1	2	328
CY207736.1	331	715	1	0	1	331
CY207736.1	345	2147	10	98	108	345
CY207736.1	347	1612	1	0	1	347
CY207736.1	352	1423	1	0	1	352
CY207736.1	361	1423	1	1	2	361
CY207736.1	361	2108	0	1	1	2108
CY207736.1	363	1654	1	1	2	363
CY207736.1	364	1410	1	0	1	364
CY207736.1	367	2160	0	7	7	2160
CY207736.1	370	2068	2	3	5	370
CY207736.1	372	1275	1	0	1	372
CY207736.1	381	2041	1	5	6	381
CY207736.1	381	2142	0	2	2	2142
CY207736.1	385	2147	0	3	3	2147
CY207736.1	386	2168	0	7	7	2168
CY207736.1	386	2186	0	4	4	2186
CY207736.1	387	1308	0	1	1	1308
CY207736.1	388	2149	0	4	4	2149
CY207736.1	389	1256	1	0	1	389
CY207736.1	391	477	1	0	1	391
CY207736.1	392	2150	2	11	13	392
CY207736.1	393	1839	0	1	1	1839
CY207736.1	393	1974	1	0	1	393
CY207736.1	393	716	1	0	1	393
CY207736.1	397	2149	1	5	6	397
CY207736.1	403	2075	0	1	1	2075
CY207736.1	408	2126	0	3	3	2126
CY207736.1	409	513	0	1	1	513
CY207736.1	411	2050	1	3	4	411
CY207736.1	412	2148	1	9	10	412
CY207736.1	436	2170	1	0	1	436
CY207736.1	444	2112	1	1	2	444
CY207736.1	445	2059	2	11	13	445
CY207736.1	446	1459	0	1	1	1459
CY207736.1	446	1996	1	0	1	446
CY207736.1	448	1826	2	1	3	448
CY207736.1	449	2112	0	5	5	2112
CY207736.1	449	2164	0	9	9	2164
CY207736.1	452	2126	1	3	4	452
CY207736.1	452	2153	0	2	2	2153
CY207736.1	453	2099	1	0	1	453
CY207736.1	454	2050	1	5	6	454
CY207736.1	459	2040	1	3	4	459
CY207736.1	462	2078	2	1	3	462
CY207736.1	463	1659	1	0	1	463
CY207736.1	469	2137	1	1	2	469
CY207736.1	470	2040	1	0	1	470
CY207736.1	472	2242	1	0	1	472
CY207736.1	473	2072	1	0	1	473
CY207736.1	476	2069	2	2	4	476
CY207736.1	476	2111	1	3	4	476
CY207736.1	478	2010	4	2	6	478
CY207736.1	481	2080	1	1	2	481
CY207736.1	482	1889	1	0	1	482
CY207736.1	482	2088	3	10	13	482
CY207736.1	483	1500	2	1	3	483
CY207736.1	484	1493	0	1	1	1493
CY207736.1	486	2069	1	0	1	486
CY207736.1	487	512	1	0	1	487
CY207736.1	488	2134	0	3	3	2134
CY207736.1	490	1889	14	2	16	490
CY207736.1	492	2019	3	1	4	492
CY207736.1	493	1896	1	0	1	493
CY207736.1	494	1565	3	2	5	494
CY207736.1	496	2012	13	8	21	496
CY207736.1	497	2028	9	8	17	497
CY207736.1	499	2143	3	11	14	499
CY207736.1	500	1871	1	0	1	500
CY207736.1	500	2064	0	1	1	2064
CY207736.1	500	539	1	0	1	500
CY207736.1	504	2113	1	0	1	504
CY207736.1	511	2050	1	3	4	511
CY207736.1	512	1775	1	0	1	512
CY207736.1	512	1811	1	0	1	512
CY207736.1	514	1316	1	0	1	514
CY207736.1	514	2027	1	3	4	514
CY207736.1	522	1360	1	0	1	522
CY207736.1	525	1902	0	1	1	1902
CY207736.1	532	2049	0	1	1	2049
CY207736.1	534	1975	2	0	2	534
CY207736.1	548	1952	1	0	1	548
CY207736.1	548	2057	5	3	8	548
CY207736.1	551	2018	1	0	1	551
CY207736.1	552	2088	9	10	19	552
CY207736.1	554	1700	1	0	1	554
CY207736.1	554	2009	2	0	2	554
CY207736.1	555	2028	0	1	1	2028
CY207736.1	556	1829	0	1	1	1829
CY207736.1	556	2014	11	5	16	556
CY207736.1	557	2004	0	1	1	2004
CY207736.1	560	1960	1	0	1	560
CY207736.1	562	2051	0	2	2	2051
CY207736.1	564	2035	1	0	1	564
CY207736.1	564	2189	2	0	2	564
CY207736.1	568	1992	1	0	1	568
CY207736.1	568	2001	1	1	2	568
CY207736.1	569	1808	1	0	1	569
CY207736.1	569	629	0	1	1	629
CY207736.1	570	1946	1	0	1	570
CY207736.1	573	1935	2	0	2	573
CY207736.1	573	2048	2	0	2	573
CY207736.1	574	1733	4	0	4	574
CY207736.1	578	1837	5	4	9	578
CY207736.1	578	1981	1	0	1	578
CY207736.1	580	1855	1	0	1	580
CY207736.1	580	1870	4	0	4	580
CY207736.1	580	2028	3	2	5	580
CY207736.1	580	609	1	0	1	580
CY207736.1	588	1971	4	1	5	588
CY207736.1	592	1618	0	1	1	1618
CY207736.1	595	1836	2	0	2	595
CY207736.1	596	2002	2	3	5	596
CY207736.1	597	2001	2	2	4	597
CY207736.1	598	1840	1	0	1	598
CY207736.1	600	1964	1	0	1	600
CY207736.1	604	1170	0	1	1	1170
CY207736.1	607	1827	1	0	1	607
CY207736.1	609	1955	2	0	2	609
CY207736.1	611	1830	0	1	1	1830
CY207736.1	611	865	0	1	1	865
CY207736.1	612	1887	1	2	3	612
CY207736.1	612	1944	1	1	2	612
CY207736.1	612	1954	1	4	5	612
CY207736.1	612	1960	2	1	3	612
CY207736.1	617	1951	1	0	1	617
CY207736.1	619	1896	1	1	2	619
CY207736.1	620	1771	3	0	3	620
CY207736.1	620	1949	1	0	1	620
CY207736.1	621	1949	26	15	41	621
CY207736.1	621	2063	0	2	2	2063
CY207736.1	625	1900	1	3	4	625
CY207736.1	628	1937	4	5	9	628
CY207736.1	629	1929	11	2	13	629
CY207736.1	629	1931	3	1	4	629
CY207736.1	630	1218	0	1	1	1218
CY207736.1	631	1746	1	3	4	631
CY207736.1	634	1925	1	3	4	634
CY207736.1	636	1565	1	0	1	636
CY207736.1	637	1929	1	1	2	637
CY207736.1	640	1867	2	0	2	640
CY207736.1	641	1681	2	1	3	641
CY207736.1	647	1874	3	1	4	647
CY207736.1	651	1742	1	0	1	651
CY207736.1	657	1912	2	1	3	657
CY207736.1	662	1963	1	0	1	662
CY207736.1	666	1002	3	1	4	666
CY207736.1	667	1922	2	2	4	667
CY207736.1	667	2028	0	3	3	2028
CY207736.1	673	1862	4	1	5	673
CY207736.1	673	1987	1	0	1	673
CY207736.1	673	2027	2	2	4	673
CY207736.1	676	1833	0	1	1	1833
CY207736.1	676	907	1	0	1	676
CY207736.1	677	2355	0	1	1	2355
CY207736.1	678	1955	1	0	1	678
CY207736.1	679	2002	2	2	4	679
CY207736.1	679	2088	1	0	1	679
CY207736.1	680	1536	2	0	2	680
CY207736.1	681	1902	1	1	2	681
CY207736.1	685	1914	0	1	1	1914
CY207736.1	685	2042	0	1	1	2042
CY207736.1	686	1007	0	1	1	1007
CY207736.1	686	723	1	0	1	686
CY207736.1	693	1654	2	2	4	693
CY207736.1	694	2037	1	0	1	694
CY207736.1	695	2006	2	1	3	695
CY207736.1	695	2101	1	0	1	695
CY207736.1	698	1651	1	0	1	698
CY207736.1	698	1893	1	1	2	698
CY207736.1	699	1995	3	1	4	699
CY207736.1	700	2042	4	2	6	700
CY207736.1	702	1889	4	0	4	702
CY207736.1	705	2027	0	2	2	2027
CY207736.1	706	1582	0	1	1	1582
CY207736.1	709	1636	1	0	1	709
CY207736.1	710	1990	0	1	1	1990
CY207736.1	713	1910	0	2	2	1910
CY207736.1	716	2145	0	1	1	2145
CY207736.1	717	1859	1	0	1	717
CY207736.1	723	1994	1	5	6	723
CY207736.1	726	913	0	1	1	913
CY207736.1	727	1842	7	1	8	727
CY207736.1	733	1945	1	0	1	733
CY207736.1	734	2153	0	1	1	2153
CY207736.1	736	1957	0	1	1	1957
CY207736.1	737	1944	0	1	1	1944
CY207736.1	740	1716	1	0	1	740
CY207736.1	741	1791	3	0	3	741
CY207736.1	745	2010	6	2	8	745
CY207736.1	746	1550	1	2	3	746
CY207736.1	746	1911	1	0	1	746
CY207736.1	748	1789	5	1	6	748
CY207736.1	748	1817	1	0	1	748
CY207736.1	748	1913	7	3	10	748
CY207736.1	753	1724	2	1	3	753
CY207736.1	753	1783	1	1	2	753
CY207736.1	753	1830	26	17	43	753
CY207736.1	754	1583	3	2	5	754
CY207736.1	754	1841	1	0	1	754
CY207736.1	755	1828	4	0	4	755
CY207736.1	757	787	0	1	1	787
CY207736.1	759	1830	1	0	1	759
CY207736.1	759	2040	1	0	1	759
CY207736.1	762	1861	1	0	1	762
CY207736.1	764	1710	3	3	6	764
CY207736.1	765	1597	6	1	7	765
CY207736.1	767	1952	0	1	1	1952
CY207736.1	768	1940	3	0	3	768
CY207736.1	769	1838	2	0	2	769
CY207736.1	771	1890	1	1	2	771
CY207736.1	771	2047	0	2	2	2047
CY207736.1	773	1612	1	0	1	773
CY207736.1	773	1871	27	12	39	773
CY207736.1	774	1872	0	1	1	1872
CY207736.1	775	2011	0	1	1	2011
CY207736.1	780	1849	1	0	1	780
CY207736.1	780	2302	1	1	2	780
CY207736.1	784	1889	4	0	4	784
CY207736.1	786	1736	5	0	5	786
CY207736.1	789	929	5	0	5	789
CY207736.1	792	1732	4	3	7	792
CY207736.1	794	1809	2	1	3	794
CY207736.1	796	1774	2	0	2	796
CY207736.1	798	2177	4	0	4	798
CY207736.1	801	1742	2	0	2	801
CY207736.1	807	1739	4	5	9	807
CY207736.1	811	1682	1	0	1	811
CY207736.1	816	1657	1	1	2	816
CY207736.1	834	1772	1	0	1	834
CY207736.1	837	1852	0	1	1	1852
CY207736.1	837	2264	0	1	1	2264
CY207736.1	846	1724	1	0	1	846
CY207736.1	846	1771	2	0	2	846
CY207736.1	848	1743	1	0	1	848
CY207736.1	850	1560	0	1	1	1560
CY207736.1	850	1739	0	1	1	1739
CY207736.1	851	1736	1	0	1	851
CY207736.1	853	1725	1	1	2	853
CY207736.1	853	1806	1	0	1	853
CY207736.1	857	1727	2	0	2	857
CY207736.1	859	1722	1	1	2	859
CY207736.1	866	1789	1	0	1	866
CY207736.1	867	1776	0	1	1	1776
CY207736.1	871	1740	1	0	1	871
CY207736.1	877	1867	0	1	1	1867
CY207736.1	880	1657	1	0	1	880
CY207736.1	884	1603	1	4	5	884
CY207736.1	885	1710	2	1	3	885
CY207736.1	886	1697	4	2	6	886
CY207736.1	898	1749	0	1	1	1749
CY207736.1	901	1756	1	1	2	901
CY207736.1	902	1680	5	5	10	902
CY207736.1	903	1680	0	1	1	1680
CY207736.1	911	1767	1	1	2	911
CY207736.1	914	2167	1	3	4	914
CY207736.1	915	1664	5	4	9	915
CY207736.1	918	1656	0	3	3	1656
CY207736.1	924	1552	0	1	1	1552
CY207736.1	926	1079	2	2	4	926
CY207736.1	928	1650	2	0	2	928
CY207736.1	928	1730	0	3	3	1730
CY207736.1	930	1450	0	1	1	1450
CY207736.1	935	1684	0	1	1	1684
CY207736.1	936	1680	8	0	8	936
CY207736.1	948	1235	1	0	1	948
CY207736.1	953	2004	0	5	5	2004
CY207736.1	983	2186	1	0	1	983
CY207736.1	996	1179	0	1	1	1179
CY207737.1	1004	1633	1	0	1	1004
CY207737.1	1008	1897	0	1	1	1897
CY207737.1	1012	1822	1	0	1	1012
CY207737.1	1022	2497	0	2	2	2497
CY207737.1	1046	1868	0	1	1	1868
CY207737.1	1055	2257	0	1	1	2257
CY207737.1	1112	1906	0	1	1	1906
CY207737.1	1129	1308	0	1	1	1308
CY207737.1	1161	2110	1	0	1	1161
CY207737.1	1187	1648	0	1	1	1648
CY207737.1	1237	1394	1	0	1	1237
CY207737.1	1306	2043	3	2	5	1306
CY207737.1	1312	2284	1	0	1	1312
CY207737.1	1372	1647	0	1	1	1647
CY207737.1	1380	1767	0	1	1	1767
CY207737.1	1493	2247	0	1	1	2247
CY207737.1	1496	2318	1	0	1	1496
CY207737.1	1517	2320	0	1	1	2320
CY207737.1	1530	1615	1	0	1	1530
CY207737.1	1536	1571	0	1	1	1571
CY207737.1	1537	2000	0	1	1	2000
CY207737.1	1590	2194	1	0	1	1590
CY207737.1	1591	1683	0	1	1	1683
CY207737.1	1820	2322	1	0	1	1820
CY207737.1	2163	2322	5	0	5	2163
CY207737.1	2171	2228	1	0	1	2171
CY207737.1	2177	2243	1	0	1	2177
CY207737.1	2183	2360	1	0	1	2183
CY207737.1	2198	2224	0	1	1	2224
CY207737.1	2319	2341	1	0	1	2319
CY207737.1	2321	2358	5	1	6	2321
CY207737.1	240	308	4	0	4	240
CY207737.1	242	1570	1	0	1	242
CY207737.1	245	2242	2	0	2	245
CY207737.1	247	2492	1	0	1	247
CY207737.1	247	281	1	0	1	247
CY207737.1	247	291	2	0	2	247
CY207737.1	248	273	1	0	1	248
CY207737.1	250	2249	9	0	9	250
CY207737.1	262	289	3	0	3	262
CY207737.1	263	2053	1	0	1	263
CY207737.1	267	2090	1	0	1	267
CY207737.1	278	470	1	0	1	278
CY207737.1	306	2334	0	2	2	2334
CY207737.1	335	2247	1	0	1	335
CY207737.1	339	2348	1	1	2	339
CY207737.1	341	614	1	0	1	341
CY207737.1	344	951	0	1	1	951
CY207737.1	348	2325	1	0	1	348
CY207737.1	353	2290	0	1	1	2290
CY207737.1	368	2323	3	0	3	368
CY207737.1	385	429	1	1	2	385
CY207737.1	390	2123	1	0	1	390
CY207737.1	393	2220	1	0	1	393
CY207737.1	394	1597	0	1	1	1597
CY207737.1	401	2179	1	2	3	401
CY207737.1	404	1131	1	0	1	404
CY207737.1	417	1406	1	0	1	417
CY207737.1	428	2293	1	0	1	428
CY207737.1	435	1323	0	1	1	1323
CY207737.1	435	911	0	1	1	911
CY207737.1	440	2145	1	0	1	440
CY207737.1	460	1151	1	0	1	460
CY207737.1	463	2242	1	3	4	463
CY207737.1	469	2250	0	1	1	2250
CY207737.1	474	1568	1	1	2	474
CY207737.1	476	2089	1	1	2	476
CY207737.1	480	2184	2	1	3	480
CY207737.1	480	2260	3	8	11	480
CY207737.1	482	1552	1	0	1	482
CY207737.1	488	2271	0	2	2	2271
CY207737.1	490	2091	3	2	5	490
CY207737.1	497	1964	3	3	6	497
CY207737.1	500	2205	2	0	2	500
CY207737.1	504	2159	1	1	2	504
CY207737.1	509	2184	0	1	1	2184
CY207737.1	531	2074	1	2	3	531
CY207737.1	541	2354	1	0	1	541
CY207737.1	542	1497	1	0	1	542
CY207737.1	544	2042	1	1	2	544
CY207737.1	554	703	1	0	1	554
CY207737.1	561	2362	1	0	1	561
CY207737.1	565	1848	1	2	3	565
CY207737.1	569	619	1	0	1	569
CY207737.1	582	2295	1	0	1	582
CY207737.1	587	2252	1	0	1	587
CY207737.1	588	773	0	1	1	773
CY207737.1	590	1990	1	1	2	590
CY207737.1	597	2175	1	0	1	597
CY207737.1	606	1769	1	0	1	606
CY207737.1	606	1919	0	1	1	1919
CY207737.1	609	1773	1	0	1	609
CY207737.1	611	2095	6	3	9	611
CY207737.1	611	2191	9	4	13	611
CY207737.1	618	1183	0	1	1	1183
CY207737.1	622	1761	1	1	2	622
CY207737.1	628	1747	1	0	1	628
CY207737.1	628	2122	2	2	4	628
CY207737.1	632	2093	1	0	1	632
CY207737.1	639	1733	2	0	2	639
CY207737.1	640	2204	0	1	1	2204
CY207737.1	641	2295	1	0	1	641
CY207737.1	650	908	0	1	1	908
CY207737.1	655	1715	0	1	1	1715
CY207737.1	658	1162	1	0	1	658
CY207737.1	658	1977	2	1	3	658
CY207737.1	658	2181	1	2	3	658
CY207737.1	660	1977	4	1	5	660
CY207737.1	669	2082	0	1	1	2082
CY207737.1	669	2151	0	1	1	2151
CY207737.1	670	1882	3	1	4	670
CY207737.1	672	1993	0	1	1	1993
CY207737.1	674	1161	1	0	1	674
CY207737.1	680	769	1	0	1	680
CY207737.1	692	2066	2	0	2	692
CY207737.1	692	2145	1	0	1	692
CY207737.1	695	2149	2	1	3	695
CY207737.1	697	2177	9	5	14	697
CY207737.1	700	1910	2	1	3	700
CY207737.1	702	803	0	1	1	803
CY207737.1	706	868	0	1	1	868
CY207737.1	708	2065	1	0	1	708
CY207737.1	723	1977	1	0	1	723
CY207737.1	724	1673	0	2	2	1673
CY207737.1	724	1981	0	2	2	1981
CY207737.1	729	1895	0	1	1	1895
CY207737.1	730	1442	0	1	1	1442
CY207737.1	736	1994	0	1	1	1994
CY207737.1	738	1673	0	2	2	1673
CY207737.1	747	2014	0	1	1	2014
CY207737.1	748	1874	1	0	1	748
CY207737.1	750	2014	1	2	3	750
CY207737.1	755	1896	1	0	1	755
CY207737.1	760	1724	0	1	1	1724
CY207737.1	760	1873	2	1	3	760
CY207737.1	760	1882	2	0	2	760
CY207737.1	777	1794	3	0	3	777
CY207737.1	780	1872	0	2	2	1872
CY207737.1	785	1028	0	1	1	1028
CY207737.1	787	1769	1	0	1	787
CY207737.1	790	1985	1	0	1	790
CY207737.1	800	1847	1	0	1	800
CY207737.1	803	1821	0	1	1	1821
CY207737.1	803	1960	0	1	1	1960
CY207737.1	807	1813	1	0	1	807
CY207737.1	807	904	0	1	1	904
CY207737.1	808	1975	1	0	1	808
CY207737.1	809	1825	2	1	3	809
CY207737.1	810	1816	1	2	3	810
CY207737.1	814	1820	0	1	1	1820
CY207737.1	819	1829	0	1	1	1829
CY207737.1	822	1828	1	1	2	822
CY207737.1	824	1655	0	1	1	1655
CY207737.1	824	1828	2	2	4	824
CY207737.1	826	1934	1	0	1	826
CY207737.1	829	1169	0	1	1	1169
CY207737.1	832	1260	1	0	1	832
CY207737.1	832	1864	0	1	1	1864
CY207737.1	832	1926	0	1	1	1926
CY207737.1	832	1931	6	8	14	832
CY207737.1	839	1419	1	0	1	839
CY207737.1	842	1383	0	1	1	1383
CY207737.1	843	1688	0	1	1	1688
CY207737.1	847	1595	1	3	4	847
CY207737.1	850	1912	1	0	1	850
CY207737.1	852	1822	0	1	1	1822
CY207737.1	856	1793	0	1	1	1793
CY207737.1	856	1958	1	0	1	856
CY207737.1	857	1695	0	1	1	1695
CY207737.1	871	1618	1	1	2	871
CY207737.1	876	1589	0	1	1	1589
CY207737.1	883	1764	2	1	3	883
CY207737.1	883	1775	3	0	3	883
CY207737.1	888	1768	2	1	3	888
CY207737.1	888	1874	1	2	3	888
CY207737.1	888	1881	1	2	3	888
CY207737.1	897	1878	1	0	1	897
CY207737.1	899	1876	0	1	1	1876
CY207737.1	903	1749	1	1	2	903
CY207737.1	910	1770	2	1	3	910
CY207737.1	911	1867	1	0	1	911
CY207737.1	913	1662	0	1	1	1662
CY207737.1	913	1867	1	0	1	913
CY207737.1	915	1426	0	1	1	1426
CY207737.1	917	1294	1	0	1	917
CY207737.1	921	2150	1	0	1	921
CY207737.1	922	1754	2	0	2	922
CY207737.1	922	1877	0	1	1	1877
CY207737.1	926	1867	2	1	3	926
CY207737.1	927	1757	1	0	1	927
CY207737.1	928	1810	2	2	4	928
CY207737.1	928	1877	1	0	1	928
CY207737.1	948	1840	1	0	1	948
CY207737.1	954	1822	1	1	2	954
CY207737.1	955	1837	1	0	1	955
CY207737.1	962	1827	1	0	1	962
CY207737.1	963	1819	1	0	1	963
CY207737.1	981	2273	1	0	1	981
CY207737.1	983	1797	0	1	1	1797
CY207737.1	984	1712	0	1	1	1712
CY207737.1	986	1714	0	1	1	1714
CY207737.1	986	1806	1	0	1	986
CY207737.1	986	1825	2	3	5	986
CY207737.1	995	1690	1	0	1	995
CY207737.1	995	1894	1	0	1	995
CY207738.1	1005	1312	1	0	1	1005
CY207738.1	1008	1693	1	0	1	1008
CY207738.1	1008	2288	1	0	1	1008
CY207738.1	1013	1692	0	2	2	1692
CY207738.1	1017	2207	1	0	1	1017
CY207738.1	1022	2474	0	1	1	2474
CY207738.1	1029	2325	3	1	4	1029
CY207738.1	1038	1718	1	0	1	1038
CY207738.1	1041	2077	1	0	1	1041
CY207738.1	1047	2236	1	0	1	1047
CY207738.1	1056	1685	2	0	2	1056
CY207738.1	1062	2248	3	1	4	1062
CY207738.1	1082	1344	1	0	1	1082
CY207738.1	1093	1389	1	0	1	1093
CY207738.1	1124	2330	3	2	5	1124
CY207738.1	1142	1225	2	0	2	1142
CY207738.1	1159	2324	1	0	1	1159
CY207738.1	1174	2109	0	1	1	2109
CY207738.1	1188	1449	1	0	1	1188
CY207738.1	1202	2282	3	0	3	1202
CY207738.1	1204	2092	1	0	1	1204
CY207738.1	1207	1298	1	0	1	1207
CY207738.1	1223	2203	2	1	3	1223
CY207738.1	1236	1902	0	1	1	1902
CY207738.1	1252	2300	1	0	1	1252
CY207738.1	1268	1711	0	1	1	1711
CY207738.1	1275	1473	0	1	1	1473
CY207738.1	1277	2055	0	1	1	2055
CY207738.1	1290	2366	1	0	1	1290
CY207738.1	1292	1424	0	1	1	1424
CY207738.1	1312	1762	1	0	1	1312
CY207738.1	1360	1458	0	1	1	1458
CY207738.1	1363	2333	0	1	1	2333
CY207738.1	1382	1459	0	1	1	1459
CY207738.1	1386	2149	0	2	2	2149
CY207738.1	1393	2039	0	1	1	2039
CY207738.1	1408	1691	1	0	1	1408
CY207738.1	1425	2456	0	1	1	2456
CY207738.1	1441	1832	1	0	1	1441
CY207738.1	1462	1549	1	0	1	1462
CY207738.1	1476	1928	1	2	3	1476
CY207738.1	1511	2184	1	0	1	1511
CY207738.1	1547	2461	0	1	1	2461
CY207738.1	1549	2304	0	1	1	2304
CY207738.1	1559	2126	0	1	1	2126
CY207738.1	1611	2358	1	0	1	1611
CY207738.1	1687	2166	1	0	1	1687
CY207738.1	1701	2069	0	1	1	2069
CY207738.1	1733	2383	0	1	1	2383
CY207738.1	1806	1883	1	0	1	1806
CY207738.1	1914	2433	1	0	1	1914
CY207738.1	2068	2111	0	1	1	2111
CY207738.1	2096	2141	1	0	1	2096
CY207738.1	2147	2219	0	1	1	2219
CY207738.1	2174	2385	0	1	1	2385
CY207738.1	2256	2326	3	0	3	2256
CY207738.1	238	2268	1	0	1	238
CY207738.1	252	621	1	0	1	252
CY207738.1	273	1010	1	0	1	273
CY207738.1	273	452	1	0	1	273
CY207738.1	275	2161	1	0	1	275
CY207738.1	276	2342	1	0	1	276
CY207738.1	280	1634	1	0	1	280
CY207738.1	290	1568	2	0	2	290
CY207738.1	298	2004	1	0	1	298
CY207738.1	312	2314	0	2	2	2314
CY207738.1	316	2250	0	1	1	2250
CY207738.1	319	2297	2	1	3	319
CY207738.1	319	2332	1	0	1	319
CY207738.1	321	2324	1	0	1	321
CY207738.1	322	2093	0	1	1	2093
CY207738.1	324	509	0	1	1	509
CY207738.1	326	2288	1	0	1	326
CY207738.1	327	1895	0	1	1	1895
CY207738.1	328	2006	0	3	3	2006
CY207738.1	329	2332	0	3	3	2332
CY207738.1	332	1228	1	0	1	332
CY207738.1	339	2367	1	0	1	339
CY207738.1	344	1240	1	2	3	344
CY207738.1	358	2164	0	2	2	2164
CY207738.1	363	2237	1	3	4	363
CY207738.1	367	2195	0	1	1	2195
CY207738.1	371	2131	1	7	8	371
CY207738.1	372	2237	1	0	1	372
CY207738.1	376	1921	1	1	2	376
CY207738.1	379	2359	2	5	7	379
CY207738.1	380	2179	2	0	2	380
CY207738.1	386	2260	0	36	36	2260
CY207738.1	387	2189	0	1	1	2189
CY207738.1	391	2110	3	30	33	391
CY207738.1	394	691	0	1	1	691
CY207738.1	394	783	1	0	1	394
CY207738.1	395	1930	0	7	7	1930
CY207738.1	395	2254	0	3	3	2254
CY207738.1	396	2195	1	0	1	396
CY207738.1	398	1929	0	1	1	1929
CY207738.1	399	2209	0	4	4	2209
CY207738.1	399	2217	1	0	1	399
CY207738.1	401	2113	1	11	12	401
CY207738.1	404	2199	16	3	19	404
CY207738.1	409	744	0	1	1	744
CY207738.1	410	1469	0	4	4	1469
CY207738.1	411	1698	0	4	4	1698
CY207738.1	412	2391	0	1	1	2391
CY207738.1	414	2210	0	1	1	2210
CY207738.1	414	2249	0	16	16	2249
CY207738.1	416	478	0	3	3	478
CY207738.1	417	2254	2	16	18	417
CY207738.1	418	2212	209	803	1012	418
CY207738.1	418	2213	0	2	2	2213
CY207738.1	421	2215	1	26	27	421
CY207738.1	426	2074	0	2	2	2074
CY207738.1	428	2230	0	1	1	2230
CY207738.1	429	2279	0	3	3	2279
CY207738.1	430	2382	1	4	5	430
CY207738.1	431	2136	0	1	1	2136
CY207738.1	435	2262	0	1	1	2262
CY207738.1	436	1066	1	0	1	436
CY207738.1	436	2141	0	1	1	2141
CY207738.1	439	2213	0	2	2	2213
CY207738.1	441	2222	0	1	1	2222
CY207738.1	441	2266	0	2	2	2266
CY207738.1	446	2260	2	0	2	446
CY207738.1	447	681	0	1	1	681
CY207738.1	448	2230	0	3	3	2230
CY207738.1	448	2233	1	0	1	448
CY207738.1	452	2236	1	4	5	452
CY207738.1	454	2266	1	0	1	454
CY207738.1	456	2182	1	4	5	456
CY207738.1	457	2138	0	1	1	2138
CY207738.1	457	582	0	2	2	582
CY207738.1	458	1643	2	0	2	458
CY207738.1	461	1658	1	0	1	461
CY207738.1	465	2031	0	1	1	2031
CY207738.1	465	2168	1	1	2	465
CY207738.1	471	2040	1	3	4	471
CY207738.1	473	2232	1	1	2	473
CY207738.1	473	2238	6	0	6	473
CY207738.1	477	1068	1	1	2	477
CY207738.1	479	1821	0	1	1	1821
CY207738.1	482	1922	1	0	1	482
CY207738.1	484	1966	10	12	22	484
CY207738.1	486	1074	1	0	1	486
CY207738.1	486	2177	0	3	3	2177
CY207738.1	487	2255	1	1	2	487
CY207738.1	488	2250	12	21	33	488
CY207738.1	492	1626	0	1	1	1626
CY207738.1	492	1809	1	0	1	492
CY207738.1	494	2145	5	0	5	494
CY207738.1	495	2035	1	4	5	495
CY207738.1	498	2106	8	15	23	498
CY207738.1	513	2231	1	2	3	513
CY207738.1	514	2195	0	2	2	2195
CY207738.1	515	1933	1	1	2	515
CY207738.1	522	2092	0	3	3	2092
CY207738.1	522	2372	2	3	5	522
CY207738.1	525	1007	0	1	1	1007
CY207738.1	525	2215	0	1	1	2215
CY207738.1	533	2129	0	1	1	2129
CY207738.1	537	2059	0	1	1	2059
CY207738.1	538	2158	0	1	1	2158
CY207738.1	544	2230	1	1	2	544
CY207738.1	555	2129	0	1	1	2129
CY207738.1	559	2082	14	14	28	559
CY207738.1	559	2166	0	2	2	2166
CY207738.1	560	2233	2	0	2	560
CY207738.1	566	2025	2	1	3	566
CY207738.1	569	2139	1	2	3	569
CY207738.1	575	1988	0	1	1	1988
CY207738.1	575	2104	3	0	3	575
CY207738.1	579	2094	1	0	1	579
CY207738.1	579	2116	0	1	1	2116
CY207738.1	583	2000	0	1	1	2000
CY207738.1	587	2039	1	2	3	587
CY207738.1	606	2164	0	2	2	2164
CY207738.1	607	2073	0	1	1	2073
CY207738.1	622	2016	1	0	1	622
CY207738.1	622	2270	1	0	1	622
CY207738.1	627	1961	0	1	1	1961
CY207738.1	628	2332	6	0	6	628
CY207738.1	634	2092	1	1	2	634
CY207738.1	638	2067	1	0	1	638
CY207738.1	640	2251	1	3	4	640
CY207738.1	642	1712	1	0	1	642
CY207738.1	642	1902	0	1	1	1902
CY207738.1	657	1456	4	2	6	657
CY207738.1	670	1995	0	3	3	1995
CY207738.1	673	1917	1	0	1	673
CY207738.1	674	1990	0	1	1	1990
CY207738.1	679	1947	0	1	1	1947
CY207738.1	680	2014	1	0	1	680
CY207738.1	680	2020	0	1	1	2020
CY207738.1	682	1362	0	1	1	1362
CY207738.1	685	1965	13	1	14	685
CY207738.1	698	1917	0	1	1	1917
CY207738.1	702	2041	1	0	1	702
CY207738.1	705	2070	2	3	5	705
CY207738.1	709	1957	2	1	3	709
CY207738.1	712	2027	38	32	70	712
CY207738.1	713	1944	1	2	3	713
CY207738.1	713	2021	1	1	2	713
CY207738.1	715	1497	1	0	1	715
CY207738.1	715	1915	1	0	1	715
CY207738.1	715	1916	1	2	3	715
CY207738.1	717	904	1	0	1	717
CY207738.1	720	1942	1	0	1	720
CY207738.1	720	1955	0	1	1	1955
CY207738.1	727	1917	1	0	1	727
CY207738.1	730	1941	1	0	1	730
CY207738.1	731	1945	1	0	1	731
CY207738.1	731	1980	0	1	1	1980
CY207738.1	732	1945	0	2	2	1945
CY207738.1	739	1909	0	1	1	1909
CY207738.1	749	1914	1	0	1	749
CY207738.1	749	1920	6	5	11	749
CY207738.1	749	1924	0	1	1	1924
CY207738.1	759	2080	0	1	1	2080
CY207738.1	760	1887	1	0	1	760
CY207738.1	760	1892	0	1	1	1892
CY207738.1	771	1801	1	0	1	771
CY207738.1	775	1988	1	1	2	775
CY207738.1	782	1842	3	0	3	782
CY207738.1	786	2159	0	1	1	2159
CY207738.1	788	1863	3	2	5	788
CY207738.1	791	2129	2	6	8	791
CY207738.1	794	1912	0	1	1	1912
CY207738.1	795	2072	4	1	5	795
CY207738.1	810	2165	3	3	6	810
CY207738.1	824	1814	1	0	1	824
CY207738.1	825	1887	2	0	2	825
CY207738.1	826	2107	1	1	2	826
CY207738.1	827	1816	1	0	1	827
CY207738.1	832	1289	1	0	1	832
CY207738.1	835	1728	0	1	1	1728
CY207738.1	835	1862	0	3	3	1862
CY207738.1	836	1872	0	1	1	1872
CY207738.1	836	1914	1	0	1	836
CY207738.1	840	1781	2	1	3	840
CY207738.1	842	1858	2	0	2	842
CY207738.1	844	1860	5	6	11	844
CY207738.1	846	1031	1	0	1	846
CY207738.1	847	1866	2	0	2	847
CY207738.1	848	1701	0	1	1	1701
CY207738.1	848	1717	1	2	3	848
CY207738.1	848	1855	1	0	1	848
CY207738.1	848	1860	0	1	1	1860
CY207738.1	849	1865	2	0	2	849
CY207738.1	850	1768	1	0	1	850
CY207738.1	850	1860	2	0	2	850
CY207738.1	851	1815	1	0	1	851
CY207738.1	851	1829	1	0	1	851
CY207738.1	855	1769	1	1	2	855
CY207738.1	855	1850	1	1	2	855
CY207738.1	856	1861	0	2	2	1861
CY207738.1	862	1762	2	1	3	862
CY207738.1	862	1815	2	0	2	862
CY207738.1	887	1894	0	2	2	1894
CY207738.1	896	1384	0	1	1	1384
CY207738.1	897	1255	1	0	1	897
CY207738.1	899	1996	1	0	1	899
CY207738.1	910	1717	1	0	1	910
CY207738.1	913	1168	1	0	1	913
CY207738.1	918	2107	1	0	1	918
CY207738.1	935	2081	0	1	1	2081
CY207738.1	944	1838	0	1	1	1838
CY207738.1	951	1796	1	0	1	951
CY207738.1	954	2074	0	1	1	2074
CY207738.1	956	2270	0	1	1	2270
CY207738.1	960	1125	1	0	1	960
CY207738.1	961	1758	1	0	1	961
CY207738.1	968	1873	1	0	1	968
CY207738.1	975	1561	1	0	1	975
CY207738.1	980	1782	1	0	1	980
CY207738.1	988	1831	0	1	1	1831
CY207738.1	989	1578	0	1	1	1578
CY207738.1	990	1695	2	3	5	990
CY207738.1	992	2207	1	0	1	992
