Segment	Start	Stop	Forward_support	Reverse_support	Total_support	Fuzz_factor
CY207731.1	1032	1117	0	1	1	1117
CY207731.1	1034	1283	1	0	1	1034
CY207731.1	1042	1736	0	1	1	1736
CY207731.1	1047	1526	0	1	1	1526
CY207731.1	1099	1746	1	0	1	1099
CY207731.1	1103	1131	0	1	1	1131
CY207731.1	1144	1613	1	0	1	1144
CY207731.1	1363	1522	2	3	5	1363
CY207731.1	1503	1550	0	1	1	1550
CY207731.1	241	1230	1	0	1	241
CY207731.1	308	530	0	1	1	530
CY207731.1	390	798	0	1	1	798
CY207731.1	467	1439	0	1	1	1439
CY207731.1	493	817	1	0	1	493
CY207731.1	555	1365	1	0	1	555
CY207731.1	557	968	1	0	1	557
CY207731.1	561	1371	5	9	14	561
CY207731.1	574	601	12	10	22	574
CY207731.1	589	614	0	1	1	614
CY207731.1	597	1176	0	1	1	1176
CY207731.1	628	963	1	0	1	628
CY207731.1	709	1317	0	1	1	1317
CY207731.1	727	1884	0	1	1	1884
CY207731.1	790	1784	1	0	1	790
CY207731.1	991	1820	0	1	1	1820
CY207732.1	260	947	1	0	1	260
CY207732.1	394	1143	0	1	1	1143
CY207732.1	416	866	0	1	1	866
CY207732.1	467	890	0	1	1	890
CY207732.1	511	600	4	10	14	511
CY207732.1	567	933	0	1	1	933
CY207732.1	584	687	7	12	19	584
CY207732.1	589	862	9	14	23	589
CY207732.1	607	711	0	1	1	711
CY207732.1	679	815	1	0	1	679
CY207732.1	699	854	5	10	15	699
CY207732.1	713	771	0	1	1	771
CY207732.1	718	860	1	0	1	718
CY207732.1	841	893	1	0	1	841
CY207732.1	941	1045	1	0	1	941
CY207733.1	1079	1292	1	2	3	1079
CY207733.1	1163	1408	0	1	1	1408
CY207733.1	1173	1228	1	0	1	1173
CY207733.1	1243	1459	1	0	1	1243
CY207733.1	1250	1442	0	1	1	1442
CY207733.1	389	732	1	0	1	389
CY207733.1	504	1002	0	1	1	1002
CY207733.1	537	998	0	1	1	998
CY207733.1	773	1253	1	0	1	773
CY207733.1	896	1075	1	0	1	896
CY207733.1	954	1171	2	0	2	954
CY207733.1	988	1083	0	1	1	1083
CY207734.1	1027	1090	0	1	1	1090
CY207734.1	1325	1452	1	0	1	1325
CY207734.1	1473	1632	0	1	1	1632
CY207734.1	1589	1695	1	14	15	1589
CY207734.1	1604	1725	0	1	1	1725
CY207734.1	251	1129	1	0	1	251
CY207734.1	260	310	1	0	1	260
CY207734.1	275	1194	1	0	1	275
CY207734.1	276	697	1	0	1	276
CY207734.1	405	906	0	1	1	906
CY207734.1	430	923	0	1	1	923
CY207734.1	458	1683	0	1	1	1683
CY207734.1	465	1522	0	1	1	1522
CY207734.1	469	1564	0	1	1	1564
CY207734.1	517	1033	1	0	1	517
CY207734.1	521	841	1	0	1	521
CY207734.1	540	751	0	1	1	751
CY207734.1	559	1415	0	1	1	1415
CY207734.1	594	618	1	0	1	594
CY207734.1	620	812	1	1	2	620
CY207734.1	654	903	1	0	1	654
CY207734.1	721	1047	9	7	16	721
CY207734.1	798	1203	0	1	1	1203
CY207734.1	826	1504	1	0	1	826
CY207734.1	833	1511	28	13	41	833
CY207734.1	882	1571	0	1	1	1571
CY207735.1	283	499	1	0	1	283
CY207735.1	511	740	1	4	5	511
CY207735.1	611	812	0	1	1	812
CY207735.1	659	746	0	1	1	746
CY207736.1	1046	1979	0	1	1	1979
CY207736.1	1085	2266	6	9	15	1085
CY207736.1	1126	2133	1	0	1	1126
CY207736.1	1258	2259	1	0	1	1258
CY207736.1	1315	1361	0	1	1	1361
CY207736.1	1383	1517	0	1	1	1517
CY207736.1	1576	1785	1	0	1	1576
CY207736.1	2006	2043	39	37	76	2006
CY207736.1	2044	2131	0	1	1	2131
CY207736.1	333	361	5	0	5	333
CY207736.1	387	979	0	1	1	979
CY207736.1	395	1898	1	0	1	395
CY207736.1	466	501	41	0	41	466
CY207736.1	475	1620	0	1	1	1620
CY207736.1	481	1749	0	1	1	1749
CY207736.1	483	1946	1	0	1	483
CY207736.1	507	832	0	1	1	832
CY207736.1	515	1519	0	1	1	1519
CY207736.1	537	1950	43	1	44	537
CY207736.1	573	1416	0	1	1	1416
CY207736.1	658	1986	6	7	13	658
CY207736.1	793	1000	0	2	2	1000
CY207736.1	810	1275	1	0	1	810
CY207736.1	823	1719	1	1	2	823
CY207736.1	826	1529	0	1	1	1529
CY207736.1	863	1007	0	1	1	1007
CY207736.1	902	1890	0	1	1	1890
CY207736.1	915	1667	11	13	24	915
CY207736.1	928	1730	0	1	1	1730
CY207736.1	941	2278	1	11	12	941
CY207736.1	952	1466	1	0	1	952
CY207736.1	979	1878	0	1	1	1878
CY207736.1	984	1769	0	1	1	1769
CY207737.1	1038	1238	1	0	1	1038
CY207737.1	1192	2328	1	0	1	1192
CY207737.1	1217	1260	0	1	1	1260
CY207737.1	1282	1816	0	1	1	1816
CY207737.1	1302	2075	1	5	6	1302
CY207737.1	1449	1703	0	1	1	1703
CY207737.1	2138	2455	0	1	1	2455
CY207737.1	2275	2331	1	0	1	2275
CY207737.1	256	998	1	0	1	256
CY207737.1	375	919	0	1	1	919
CY207737.1	383	1609	0	1	1	1609
CY207737.1	384	797	1	0	1	384
CY207737.1	487	1861	1	0	1	487
CY207737.1	489	2368	0	1	1	2368
CY207737.1	687	2341	1	0	1	687
CY207737.1	762	2057	1	0	1	762
CY207737.1	850	907	0	1	1	907
CY207738.1	1201	2331	1	0	1	1201
CY207738.1	1247	1390	0	1	1	1390
CY207738.1	1247	2325	0	1	1	2325
CY207738.1	1251	1870	1	0	1	1251
CY207738.1	1282	1349	1	0	1	1282
CY207738.1	1315	1441	3	6	9	1315
CY207738.1	1484	1969	1	0	1	1484
CY207738.1	1912	1967	3	2	5	1912
CY207738.1	2256	2326	3	1	4	2256
CY207738.1	344	1240	1	0	1	344
CY207738.1	346	2235	0	1	1	2235
CY207738.1	395	767	0	1	1	767
CY207738.1	408	2147	0	1	1	2147
CY207738.1	440	1398	0	1	1	1398
CY207738.1	458	2339	0	1	1	2339
CY207738.1	476	2060	0	1	1	2060
CY207738.1	485	1415	1	0	1	485
CY207738.1	530	1836	1	0	1	530
CY207738.1	685	1520	1	0	1	685
CY207738.1	739	1362	0	1	1	1362
CY207738.1	741	1829	1	0	1	741
CY207738.1	835	1181	1	0	1	835
CY207738.1	971	1310	0	1	1	1310
