Segment	Start	Stop	Forward_support	Reverse_support	Total_support	Fuzz_factor
CY121496.1	1042	1259	0	1	1	1259
CY121496.1	1098	1837	1	0	1	1098
CY121496.1	1198	1836	1	0	1	1198
CY121496.1	1246	1588	1	0	1	1246
CY121496.1	1281	1330	0	1	1	1330
CY121496.1	1290	1612	0	1	1	1612
CY121496.1	1298	1893	0	1	1	1893
CY121496.1	1327	1591	0	1	1	1591
CY121496.1	1351	1498	1	0	1	1351
CY121496.1	1380	1744	1	0	1	1380
CY121496.1	1427	1798	0	1	1	1798
CY121496.1	1498	1715	0	1	1	1715
CY121496.1	1591	1889	0	1	1	1889
CY121496.1	1610	1800	1	0	1	1610
CY121496.1	1620	1685	0	1	1	1685
CY121496.1	1636	1756	0	1	1	1756
CY121496.1	1703	1890	1	32	33	1703
CY121496.1	260	1545	1	0	1	260
CY121496.1	315	1183	1	0	1	315
CY121496.1	326	763	1	0	1	326
CY121496.1	368	451	0	1	1	451
CY121496.1	375	1415	0	1	1	1415
CY121496.1	407	616	1	0	1	407
CY121496.1	414	1235	1	0	1	414
CY121496.1	431	533	0	1	1	533
CY121496.1	442	1636	1	0	1	442
CY121496.1	452	707	1	0	1	452
CY121496.1	457	950	1	0	1	457
CY121496.1	487	855	1	0	1	487
CY121496.1	537	1561	1	0	1	537
CY121496.1	538	582	0	1	1	582
CY121496.1	545	1514	0	1	1	1514
CY121496.1	554	1179	1	0	1	554
CY121496.1	571	598	0	1	1	598
CY121496.1	573	1198	34	34	68	573
CY121496.1	591	1197	1	0	1	591
CY121496.1	597	741	0	1	1	741
CY121496.1	599	1496	0	1	1	1496
CY121496.1	660	994	1	0	1	660
CY121496.1	673	1351	1	0	1	673
CY121496.1	678	1610	0	1	1	1610
CY121496.1	692	1768	0	1	1	1768
CY121496.1	697	1583	0	1	1	1583
CY121496.1	731	1181	1	0	1	731
CY121496.1	794	1276	1	0	1	794
CY121496.1	853	889	1	0	1	853
CY121496.1	889	997	1	0	1	889
CY121496.1	909	998	1	0	1	909
CY121496.1	982	1149	0	1	1	1149
CY121496.1	990	1789	1	0	1	990
CY121497.1	1013	1175	0	1	1	1175
CY121497.1	254	956	1	0	1	254
CY121497.1	260	1066	1	0	1	260
CY121497.1	314	498	0	1	1	498
CY121497.1	317	1161	0	1	1	1161
CY121497.1	344	805	0	1	1	805
CY121497.1	355	613	0	1	1	613
CY121497.1	366	1129	1	0	1	366
CY121497.1	369	1012	1	0	1	369
CY121497.1	386	1038	1	0	1	386
CY121497.1	407	1078	0	1	1	1078
CY121497.1	421	574	0	1	1	574
CY121497.1	429	761	1	0	1	429
CY121497.1	435	1135	0	1	1	1135
CY121497.1	481	585	0	1	1	585
CY121497.1	509	761	0	1	1	761
CY121497.1	522	593	1	0	1	522
CY121497.1	542	812	0	1	1	812
CY121497.1	561	726	1	0	1	561
CY121497.1	592	865	43	55	98	592
CY121497.1	619	767	1	0	1	619
CY121497.1	632	948	1	0	1	632
CY121497.1	632	960	0	1	1	960
CY121497.1	659	830	1	0	1	659
CY121497.1	665	1135	1	1	2	665
CY121497.1	676	830	1	0	1	676
CY121497.1	677	852	0	1	1	852
CY121497.1	681	735	1	0	1	681
CY121497.1	684	859	62	75	137	684
CY121497.1	703	799	0	1	1	799
CY121497.1	706	910	0	1	1	910
CY121497.1	718	890	0	1	1	890
CY121497.1	720	1040	0	1	1	1040
CY121497.1	720	1046	1	0	1	720
CY121497.1	725	870	0	1	1	870
CY121497.1	946	1162	0	1	1	1162
CY121498.1	1072	1597	0	1	1	1597
CY121498.1	1107	1336	1	0	1	1107
CY121498.1	1248	1498	1	0	1	1248
CY121498.1	260	1344	1	0	1	260
CY121498.1	276	1475	2	0	2	276
CY121498.1	282	1483	1	0	1	282
CY121498.1	288	1485	130	24	154	288
CY121498.1	372	1405	0	1	1	1405
CY121498.1	403	692	0	1	1	692
CY121498.1	415	1280	0	1	1	1280
CY121498.1	427	1536	1	0	1	427
CY121498.1	503	1201	0	1	1	1201
CY121498.1	538	1337	0	1	1	1337
CY121498.1	554	1470	1	0	1	554
CY121498.1	593	795	1	0	1	593
CY121498.1	634	1073	0	1	1	1073
CY121498.1	635	1422	0	1	1	1422
CY121498.1	658	1278	0	1	1	1278
CY121498.1	708	1181	1	0	1	708
CY121498.1	843	1620	0	1	1	1620
CY121498.1	923	1045	0	1	1	1045
CY121498.1	985	1119	0	1	1	1119
CY121499.1	1003	1252	0	1	1	1252
CY121499.1	1014	1217	0	1	1	1217
CY121499.1	1050	1148	0	1	1	1148
CY121499.1	1087	1722	0	1	1	1722
CY121499.1	1207	1567	1	0	1	1207
CY121499.1	1238	1352	1	0	1	1238
CY121499.1	1299	1545	1	0	1	1299
CY121499.1	1328	1358	1	0	1	1328
CY121499.1	1423	1533	0	1	1	1533
CY121499.1	1456	1514	0	1	1	1514
CY121499.1	245	1491	1	0	1	245
CY121499.1	260	984	1	0	1	260
CY121499.1	270	1280	1	0	1	270
CY121499.1	283	1283	1	1	2	283
CY121499.1	306	602	0	1	1	602
CY121499.1	326	983	0	1	1	983
CY121499.1	338	1124	0	1	1	1124
CY121499.1	346	1083	1	0	1	346
CY121499.1	351	605	0	1	1	605
CY121499.1	351	718	1	0	1	351
CY121499.1	366	430	0	1	1	430
CY121499.1	373	752	1	0	1	373
CY121499.1	400	1433	0	1	1	1433
CY121499.1	404	547	0	1	1	547
CY121499.1	405	629	1	0	1	405
CY121499.1	408	566	1	0	1	408
CY121499.1	432	1620	1	0	1	432
CY121499.1	434	1423	0	1	1	1423
CY121499.1	437	519	0	1	1	519
CY121499.1	441	1347	1	0	1	441
CY121499.1	444	561	1	0	1	444
CY121499.1	473	605	1	0	1	473
CY121499.1	500	1110	0	1	1	1110
CY121499.1	603	893	1	0	1	603
CY121499.1	664	1337	0	1	1	1337
CY121499.1	666	889	1	0	1	666
CY121499.1	676	1293	0	1	1	1293
CY121499.1	678	1136	0	1	1	1136
CY121499.1	700	1221	1	0	1	700
CY121499.1	722	1023	0	1	1	1023
CY121499.1	748	1145	1	0	1	748
CY121499.1	751	1186	0	1	1	1186
CY121499.1	755	1114	65	60	125	755
CY121499.1	786	1088	0	1	1	1088
CY121499.1	826	1300	0	1	1	1300
CY121499.1	847	959	1	0	1	847
CY121499.1	863	1229	0	1	1	1229
CY121499.1	868	1046	43	33	76	868
CY121499.1	872	1124	1	0	1	872
CY121499.1	896	1534	0	1	1	1534
CY121499.1	918	940	1	0	1	918
CY121499.1	954	1024	30	37	67	954
CY121499.1	956	1374	1	0	1	956
CY121499.1	999	1044	16	10	26	999
CY121500.1	341	891	0	1	1	891
CY121500.1	364	389	1	0	1	364
CY121500.1	566	594	1	0	1	566
CY121501.1	1132	1714	1	0	1	1132
CY121501.1	1279	1616	1	0	1	1279
CY121501.1	1347	1378	1	0	1	1347
CY121501.1	1496	1527	1	0	1	1496
CY121501.1	1665	1898	1	0	1	1665
CY121501.1	2064	2101	1	0	1	2064
CY121501.1	2223	2352	2	15	17	2223
CY121501.1	253	718	1	0	1	253
CY121501.1	276	2064	1	0	1	276
CY121501.1	277	2365	11	13	24	277
CY121501.1	282	2172	1	0	1	282
CY121501.1	335	2187	0	1	1	2187
CY121501.1	349	732	0	1	1	732
CY121501.1	353	914	0	1	1	914
CY121501.1	455	480	54	98	152	455
CY121501.1	487	526	0	1	1	526
CY121501.1	491	2350	0	1	1	2350
CY121501.1	494	1973	1	0	1	494
CY121501.1	556	1005	1	0	1	556
CY121501.1	566	1360	1	0	1	566
CY121501.1	650	1953	130	171	301	650
CY121501.1	674	1563	1	0	1	674
CY121501.1	681	1837	1	0	1	681
CY121501.1	686	1872	15	72	87	686
CY121501.1	701	1997	0	1	1	1997
CY121501.1	715	1645	0	1	1	1645
CY121501.1	730	1614	155	169	324	730
CY121501.1	737	1620	0	6	6	1620
CY121501.1	776	2274	0	1	1	2274
CY121501.1	776	798	0	1	1	798
CY121501.1	779	1741	1	0	1	779
CY121501.1	833	1969	1	0	1	833
CY121501.1	844	1983	0	1	1	1983
CY121501.1	861	1791	0	1	1	1791
CY121502.1	1182	2217	1	0	1	1182
CY121502.1	1267	1552	0	1	1	1552
CY121502.1	2210	2246	32	11	43	2210
CY121502.1	382	2159	1	0	1	382
CY121502.1	398	2215	78	137	215	398
CY121502.1	411	2459	0	1	1	2459
CY121502.1	478	1677	1	0	1	478
CY121502.1	488	1200	1	0	1	488
CY121502.1	497	891	1	0	1	497
CY121502.1	584	1140	1	0	1	584
CY121502.1	613	1189	2	0	2	613
CY121502.1	615	1169	0	1	1	1169
CY121502.1	635	1212	95	63	158	635
CY121502.1	735	1553	0	1	1	1553
CY121502.1	767	924	1	0	1	767
CY121502.1	801	1211	0	1	1	1211
CY121502.1	841	2274	1	0	1	841
CY121502.1	873	1624	1	0	1	873
CY121503.1	1122	1967	0	1	1	1967
CY121503.1	1151	2284	0	1	1	2284
CY121503.1	1180	2346	1	0	1	1180
CY121503.1	1291	1738	0	1	1	1738
CY121503.1	1409	1576	0	1	1	1576
CY121503.1	1481	2261	0	1	1	2261
CY121503.1	1544	2300	0	1	1	2300
CY121503.1	1586	2032	1	0	1	1586
CY121503.1	1757	2099	0	1	1	2099
CY121503.1	289	408	1	0	1	289
CY121503.1	343	777	1	0	1	343
CY121503.1	347	2236	0	1	1	2236
CY121503.1	373	2238	1	0	1	373
CY121503.1	398	1862	0	1	1	1862
CY121503.1	402	2266	37	208	245	402
CY121503.1	410	1263	0	1	1	1263
CY121503.1	458	1252	1	0	1	458
CY121503.1	494	932	1	0	1	494
CY121503.1	587	2027	0	1	1	2027
CY121503.1	612	899	0	1	1	899
CY121503.1	735	1849	1	0	1	735
CY121503.1	951	1005	0	1	1	1005
CY121503.1	976	1064	1	0	1	976
