Segment	Start	Stop	Forward_support	Reverse_support	Total_support	Fuzz_factor
CY121496.1	1030	1287	0	1	1	1287
CY121496.1	1039	1234	0	1	1	1234
CY121496.1	1096	1384	1	0	1	1096
CY121496.1	1114	1658	1	0	1	1114
CY121496.1	1143	1306	0	1	1	1306
CY121496.1	1305	1329	1	0	1	1305
CY121496.1	1311	1443	1	0	1	1311
CY121496.1	1445	1563	0	1	1	1563
CY121496.1	1453	1520	1	0	1	1453
CY121496.1	1484	1546	0	1	1	1546
CY121496.1	1641	1898	0	1	1	1898
CY121496.1	1656	1774	1	0	1	1656
CY121496.1	276	1506	1	0	1	276
CY121496.1	289	1621	1	0	1	289
CY121496.1	319	1704	1	0	1	319
CY121496.1	322	1454	0	1	1	1454
CY121496.1	348	1278	1	0	1	348
CY121496.1	369	631	0	1	1	631
CY121496.1	382	1089	1	0	1	382
CY121496.1	387	1207	0	1	1	1207
CY121496.1	403	1359	1	0	1	403
CY121496.1	412	1032	0	1	1	1032
CY121496.1	451	671	1	0	1	451
CY121496.1	461	1469	0	1	1	1469
CY121496.1	464	1381	1	0	1	464
CY121496.1	464	878	1	0	1	464
CY121496.1	467	537	1	0	1	467
CY121496.1	474	981	1	0	1	474
CY121496.1	507	566	0	1	1	566
CY121496.1	525	829	0	1	1	829
CY121496.1	541	934	1	0	1	541
CY121496.1	543	567	0	1	1	567
CY121496.1	554	914	1	0	1	554
CY121496.1	555	1733	1	0	1	555
CY121496.1	580	1449	0	1	1	1449
CY121496.1	591	729	1	0	1	591
CY121496.1	628	1345	1	0	1	628
CY121496.1	665	1821	1	0	1	665
CY121496.1	700	1635	0	1	1	1635
CY121496.1	726	1743	1	0	1	726
CY121496.1	732	1565	1	0	1	732
CY121496.1	806	1572	1	0	1	806
CY121496.1	812	1778	1	0	1	812
CY121496.1	817	1424	0	1	1	1424
CY121496.1	821	1746	1	0	1	821
CY121496.1	823	1787	0	1	1	1787
CY121496.1	858	1415	1	0	1	858
CY121496.1	859	1860	1	0	1	859
CY121496.1	880	1457	0	1	1	1457
CY121496.1	906	1017	0	1	1	1017
CY121496.1	974	1351	1	0	1	974
CY121497.1	1002	1041	0	1	1	1041
CY121497.1	1006	1041	1	0	1	1006
CY121497.1	1016	1045	1	0	1	1016
CY121497.1	1018	1136	1	1	2	1018
CY121497.1	1047	1179	0	1	1	1179
CY121497.1	244	1068	1	0	1	244
CY121497.1	272	1031	1	1	2	272
CY121497.1	280	1106	1	0	1	280
CY121497.1	303	814	0	1	1	814
CY121497.1	310	558	0	1	1	558
CY121497.1	324	402	0	1	1	402
CY121497.1	341	1020	1	0	1	341
CY121497.1	341	934	0	1	1	934
CY121497.1	344	1139	0	1	1	1139
CY121497.1	344	741	0	1	1	741
CY121497.1	344	834	0	1	1	834
CY121497.1	344	989	0	1	1	989
CY121497.1	345	977	1	0	1	345
CY121497.1	353	457	0	1	1	457
CY121497.1	353	894	0	1	1	894
CY121497.1	359	492	0	1	1	492
CY121497.1	360	767	0	1	1	767
CY121497.1	364	563	0	1	1	563
CY121497.1	367	512	0	1	1	512
CY121497.1	369	520	0	1	1	520
CY121497.1	374	835	0	1	1	835
CY121497.1	379	750	1	0	1	379
CY121497.1	379	968	1	0	1	379
CY121497.1	382	553	0	1	1	553
CY121497.1	382	733	1	0	1	382
CY121497.1	389	954	0	1	1	954
CY121497.1	396	909	0	1	1	909
CY121497.1	397	604	1	0	1	397
CY121497.1	397	734	1	0	1	397
CY121497.1	397	873	0	1	1	873
CY121497.1	397	975	1	0	1	397
CY121497.1	398	1091	0	1	1	1091
CY121497.1	400	1155	0	1	1	1155
CY121497.1	405	768	1	0	1	405
CY121497.1	406	1094	1	0	1	406
CY121497.1	407	677	0	1	1	677
CY121497.1	412	871	0	1	1	871
CY121497.1	412	955	1	0	1	412
CY121497.1	417	492	1	0	1	417
CY121497.1	424	1178	0	1	1	1178
CY121497.1	434	598	0	1	1	598
CY121497.1	449	1150	0	1	1	1150
CY121497.1	452	634	0	1	1	634
CY121497.1	456	964	1	0	1	456
CY121497.1	464	1048	1	0	1	464
CY121497.1	468	1148	1	1	2	468
CY121497.1	477	1143	0	1	1	1143
CY121497.1	480	801	1	0	1	480
CY121497.1	492	590	0	1	1	590
CY121497.1	497	1033	0	1	1	1033
CY121497.1	500	1141	0	1	1	1141
CY121497.1	503	539	0	1	1	539
CY121497.1	503	892	1	0	1	503
CY121497.1	512	1151	0	1	1	1151
CY121497.1	513	1047	1	0	1	513
CY121497.1	523	974	1	0	1	523
CY121497.1	526	823	1	0	1	526
CY121497.1	526	989	1	0	1	526
CY121497.1	547	609	1	0	1	547
CY121497.1	555	729	0	1	1	729
CY121497.1	557	690	1	0	1	557
CY121497.1	561	1141	0	1	1	1141
CY121497.1	573	955	0	1	1	955
CY121497.1	585	829	1	0	1	585
CY121497.1	588	1145	0	1	1	1145
CY121497.1	592	1011	1	0	1	592
CY121497.1	602	734	1	0	1	602
CY121497.1	619	786	0	1	1	786
CY121497.1	629	1058	1	0	1	629
CY121497.1	629	1098	1	0	1	629
CY121497.1	630	1085	1	0	1	630
CY121497.1	632	1069	1	0	1	632
CY121497.1	632	871	0	1	1	871
CY121497.1	634	730	1	0	1	634
CY121497.1	639	1066	0	1	1	1066
CY121497.1	649	739	1	0	1	649
CY121497.1	651	1061	1	0	1	651
CY121497.1	657	1088	1	0	1	657
CY121497.1	657	757	0	1	1	757
CY121497.1	663	923	1	0	1	663
CY121497.1	682	1127	1	0	1	682
CY121497.1	688	842	1	0	1	688
CY121497.1	691	754	0	1	1	754
CY121497.1	698	905	1	0	1	698
CY121497.1	708	983	1	0	1	708
CY121497.1	712	1114	1	0	1	712
CY121497.1	712	752	0	1	1	752
CY121497.1	712	942	0	1	1	942
CY121497.1	715	823	0	1	1	823
CY121497.1	721	863	1	0	1	721
CY121497.1	723	988	0	1	1	988
CY121497.1	732	754	0	1	1	754
CY121497.1	735	1068	0	1	1	1068
CY121497.1	739	1032	1	0	1	739
CY121497.1	760	985	1	0	1	760
CY121497.1	779	866	1	0	1	779
CY121497.1	798	915	0	1	1	915
CY121497.1	817	976	0	1	1	976
CY121497.1	833	1007	1	0	1	833
CY121497.1	834	1003	1	0	1	834
CY121497.1	856	951	0	1	1	951
CY121497.1	865	968	1	0	1	865
CY121497.1	870	1085	1	0	1	870
CY121497.1	879	1002	1	0	1	879
CY121497.1	887	1064	1	0	1	887
CY121497.1	898	941	1	0	1	898
CY121497.1	904	1085	1	0	1	904
CY121497.1	910	1063	1	0	1	910
CY121497.1	916	1009	0	1	1	1009
CY121497.1	917	962	1	0	1	917
CY121497.1	946	1069	1	0	1	946
CY121497.1	953	1155	0	1	1	1155
CY121497.1	958	1014	1	0	1	958
CY121497.1	969	1020	0	1	1	1020
CY121497.1	976	1141	0	1	1	1141
CY121497.1	985	1008	0	1	1	1008
CY121497.1	985	1159	0	1	1	1159
CY121498.1	1013	1193	1	0	1	1013
CY121498.1	257	1279	1	0	1	257
CY121498.1	344	1335	0	1	1	1335
CY121498.1	354	488	1	0	1	354
CY121498.1	361	646	0	1	1	646
CY121498.1	405	491	0	1	1	491
CY121498.1	424	1072	0	1	1	1072
CY121498.1	556	696	1	0	1	556
CY121498.1	572	1403	1	0	1	572
CY121498.1	599	709	0	1	1	709
CY121498.1	607	1014	1	0	1	607
CY121498.1	747	1448	0	1	1	1448
CY121498.1	751	971	1	0	1	751
CY121498.1	784	1334	1	0	1	784
CY121498.1	872	963	0	1	1	963
CY121498.1	883	1190	0	1	1	1190
CY121498.1	896	989	0	1	1	989
CY121498.1	995	1607	0	1	1	1607
CY121499.1	1001	1286	0	1	1	1286
CY121499.1	1004	1189	1	0	1	1004
CY121499.1	1041	1389	0	1	1	1389
CY121499.1	1047	1074	0	1	1	1074
CY121499.1	1085	1510	1	0	1	1085
CY121499.1	1087	1696	0	1	1	1696
CY121499.1	1109	1333	1	0	1	1109
CY121499.1	1112	1212	1	0	1	1112
CY121499.1	1125	1304	0	1	1	1304
CY121499.1	1132	1696	0	1	1	1696
CY121499.1	1150	1497	0	1	1	1497
CY121499.1	1192	1635	1	0	1	1192
CY121499.1	1192	1647	1	0	1	1192
CY121499.1	1205	1586	1	0	1	1205
CY121499.1	1263	1413	1	0	1	1263
CY121499.1	1268	1595	1	0	1	1268
CY121499.1	1271	1599	1	0	1	1271
CY121499.1	1276	1565	1	0	1	1276
CY121499.1	1278	1588	0	1	1	1588
CY121499.1	1303	1447	0	1	1	1447
CY121499.1	1307	1430	1	0	1	1307
CY121499.1	1316	1450	0	1	1	1450
CY121499.1	1325	1348	0	1	1	1348
CY121499.1	1355	1480	0	1	1	1480
CY121499.1	1358	1622	0	1	1	1622
CY121499.1	1367	1562	1	0	1	1367
CY121499.1	1394	1565	1	0	1	1394
CY121499.1	1413	1516	0	1	1	1516
CY121499.1	1426	1702	0	1	1	1702
CY121499.1	1491	1579	1	0	1	1491
CY121499.1	1511	1569	1	0	1	1511
CY121499.1	1575	1692	0	1	1	1692
CY121499.1	1576	1608	1	0	1	1576
CY121499.1	270	1585	1	0	1	270
CY121499.1	271	753	1	0	1	271
CY121499.1	273	560	1	0	1	273
CY121499.1	277	1194	1	0	1	277
CY121499.1	297	1552	0	1	1	1552
CY121499.1	297	1561	0	1	1	1561
CY121499.1	298	1371	1	0	1	298
CY121499.1	298	720	0	1	1	720
CY121499.1	346	1493	1	0	1	346
CY121499.1	352	626	1	0	1	352
CY121499.1	352	787	0	1	1	787
CY121499.1	354	1161	0	1	1	1161
CY121499.1	357	762	1	0	1	357
CY121499.1	359	1471	1	0	1	359
CY121499.1	366	652	0	1	1	652
CY121499.1	367	919	0	1	1	919
CY121499.1	381	1206	0	1	1	1206
CY121499.1	389	1199	1	0	1	389
CY121499.1	393	1521	0	1	1	1521
CY121499.1	404	1269	1	0	1	404
CY121499.1	404	1711	0	1	1	1711
CY121499.1	407	1201	0	1	1	1201
CY121499.1	414	1480	0	1	1	1480
CY121499.1	419	848	0	1	1	848
CY121499.1	424	1172	0	1	1	1172
CY121499.1	441	1334	0	1	1	1334
CY121499.1	442	959	1	0	1	442
CY121499.1	444	1569	1	0	1	444
CY121499.1	454	1584	1	0	1	454
CY121499.1	455	1720	0	1	1	1720
CY121499.1	462	1403	1	0	1	462
CY121499.1	467	1520	0	1	1	1520
CY121499.1	467	956	0	1	1	956
CY121499.1	469	1346	1	0	1	469
CY121499.1	471	1420	1	1	2	471
CY121499.1	472	1297	0	1	1	1297
CY121499.1	473	659	0	1	1	659
CY121499.1	490	515	1	0	1	490
CY121499.1	502	664	0	1	1	664
CY121499.1	516	766	0	1	1	766
CY121499.1	520	1170	0	1	1	1170
CY121499.1	522	1142	1	0	1	522
CY121499.1	522	779	0	1	1	779
CY121499.1	541	652	0	1	1	652
CY121499.1	561	939	1	0	1	561
CY121499.1	573	1489	1	0	1	573
CY121499.1	581	994	0	1	1	994
CY121499.1	585	1044	0	1	1	1044
CY121499.1	592	1204	1	0	1	592
CY121499.1	619	963	0	1	1	963
CY121499.1	621	1045	1	0	1	621
CY121499.1	624	1044	0	1	1	1044
CY121499.1	624	701	0	1	1	701
CY121499.1	662	1550	0	1	1	1550
CY121499.1	669	1647	0	1	1	1647
CY121499.1	670	1259	0	1	1	1259
CY121499.1	675	878	0	1	1	878
CY121499.1	679	704	1	0	1	679
CY121499.1	680	1612	1	0	1	680
CY121499.1	687	1576	0	1	1	1576
CY121499.1	692	1164	1	0	1	692
CY121499.1	695	1036	0	1	1	1036
CY121499.1	696	1552	0	1	1	1552
CY121499.1	702	1437	1	0	1	702
CY121499.1	712	1271	0	1	1	1271
CY121499.1	717	1496	0	1	1	1496
CY121499.1	736	1010	0	1	1	1010
CY121499.1	744	1559	0	1	1	1559
CY121499.1	749	1148	0	1	1	1148
CY121499.1	749	1173	1	0	1	749
CY121499.1	757	1053	1	0	1	757
CY121499.1	766	1402	0	1	1	1402
CY121499.1	767	1496	1	1	2	767
CY121499.1	773	1128	1	0	1	773
CY121499.1	800	1012	1	0	1	800
CY121499.1	800	1072	1	0	1	800
CY121499.1	804	974	1	0	1	804
CY121499.1	811	917	0	1	1	917
CY121499.1	833	1444	0	1	1	1444
CY121499.1	839	1201	1	0	1	839
CY121499.1	842	1102	0	1	1	1102
CY121499.1	842	1114	0	1	1	1114
CY121499.1	842	1408	0	1	1	1408
CY121499.1	846	1414	0	1	1	1414
CY121499.1	847	966	0	1	1	966
CY121499.1	849	893	1	0	1	849
CY121499.1	868	1101	1	0	1	868
CY121499.1	875	1601	1	0	1	875
CY121499.1	877	1686	0	1	1	1686
CY121499.1	879	1568	1	0	1	879
CY121499.1	882	1727	0	1	1	1727
CY121499.1	894	1465	0	1	1	1465
CY121499.1	895	1194	0	1	1	1194
CY121499.1	914	1375	0	1	1	1375
CY121499.1	919	1586	0	1	1	1586
CY121499.1	920	1161	1	0	1	920
CY121499.1	926	1508	0	1	1	1508
CY121499.1	980	1385	1	0	1	980
CY121499.1	985	1525	0	1	1	1525
CY121499.1	987	1493	1	0	1	987
CY121499.1	988	1339	1	0	1	988
CY121499.1	995	1431	0	1	1	1431
CY121500.1	387	1022	0	1	1	1022
CY121500.1	699	890	1	0	1	699
CY121501.1	1008	2123	0	1	1	2123
CY121501.1	1019	2382	0	1	1	2382
CY121501.1	1075	2357	0	4	4	2357
CY121501.1	1078	1682	0	1	1	1682
CY121501.1	1088	1429	1	0	1	1088
CY121501.1	1090	2372	1	1	2	1090
CY121501.1	1139	1963	1	0	1	1139
CY121501.1	1152	1328	0	1	1	1328
CY121501.1	1169	1771	0	1	1	1771
CY121501.1	1182	1876	1	0	1	1182
CY121501.1	1204	1515	1	0	1	1204
CY121501.1	1243	1609	0	1	1	1609
CY121501.1	1243	1645	1	0	1	1243
CY121501.1	1301	1349	0	1	1	1349
CY121501.1	1332	2069	1	0	1	1332
CY121501.1	1342	1739	0	1	1	1739
CY121501.1	1359	2364	0	1	1	2364
CY121501.1	1374	1521	0	1	1	1521
CY121501.1	1384	1634	0	1	1	1634
CY121501.1	1396	1497	1	0	1	1396
CY121501.1	1397	1927	1	0	1	1397
CY121501.1	1402	1972	1	0	1	1402
CY121501.1	1409	2139	0	1	1	2139
CY121501.1	1424	1476	0	1	1	1476
CY121501.1	1468	2218	0	1	1	2218
CY121501.1	1474	1747	0	1	1	1747
CY121501.1	1488	2191	1	0	1	1488
CY121501.1	1506	2212	1	0	1	1506
CY121501.1	1559	1947	0	1	1	1947
CY121501.1	1639	1679	1	0	1	1639
CY121501.1	1654	2315	1	0	1	1654
CY121501.1	1693	1820	1	0	1	1693
CY121501.1	1726	2029	1	0	1	1726
CY121501.1	1742	1995	0	1	1	1995
CY121501.1	1774	1930	0	1	1	1930
CY121501.1	1825	2283	1	0	1	1825
CY121501.1	1829	1856	0	1	1	1856
CY121501.1	1879	1927	0	1	1	1927
CY121501.1	1975	2083	1	0	1	1975
CY121501.1	2083	2275	1	0	1	2083
CY121501.1	2223	2260	1	0	1	2223
CY121501.1	237	1786	1	0	1	237
CY121501.1	261	2254	1	0	1	261
CY121501.1	279	1715	1	0	1	279
CY121501.1	305	1750	1	0	1	305
CY121501.1	330	1540	0	1	1	1540
CY121501.1	338	1403	0	1	1	1403
CY121501.1	349	1607	0	1	1	1607
CY121501.1	372	969	0	1	1	969
CY121501.1	383	777	0	1	1	777
CY121501.1	388	436	0	1	1	436
CY121501.1	428	873	1	0	1	428
CY121501.1	438	1701	0	1	1	1701
CY121501.1	454	1271	1	0	1	454
CY121501.1	456	1314	0	1	1	1314
CY121501.1	464	2270	1	0	1	464
CY121501.1	466	1280	0	1	1	1280
CY121501.1	478	1461	1	0	1	478
CY121501.1	489	2359	0	1	1	2359
CY121501.1	509	1652	1	0	1	509
CY121501.1	524	2147	0	1	1	2147
CY121501.1	524	2263	1	0	1	524
CY121501.1	537	1223	0	1	1	1223
CY121501.1	556	2011	1	0	1	556
CY121501.1	573	1591	1	0	1	573
CY121501.1	586	1511	1	0	1	586
CY121501.1	590	1043	1	0	1	590
CY121501.1	605	1828	0	1	1	1828
CY121501.1	609	1829	1	0	1	609
CY121501.1	610	1810	1	0	1	610
CY121501.1	612	1545	1	0	1	612
CY121501.1	618	1495	0	1	1	1495
CY121501.1	625	1877	1	0	1	625
CY121501.1	626	2020	1	0	1	626
CY121501.1	631	1471	1	0	1	631
CY121501.1	633	2169	0	1	1	2169
CY121501.1	650	2311	1	0	1	650
CY121501.1	656	2362	0	1	1	2362
CY121501.1	668	2058	0	1	1	2058
CY121501.1	669	2257	1	0	1	669
CY121501.1	685	1177	0	1	1	1177
CY121501.1	697	1742	1	0	1	697
CY121501.1	718	2172	0	1	1	2172
CY121501.1	724	1566	0	1	1	1566
CY121501.1	742	1718	0	1	1	1718
CY121501.1	762	1013	1	0	1	762
CY121501.1	763	1806	0	1	1	1806
CY121501.1	767	1028	0	1	1	1028
CY121501.1	769	1676	1	0	1	769
CY121501.1	812	1514	1	0	1	812
CY121501.1	816	1712	0	1	1	1712
CY121501.1	826	2188	0	1	1	2188
CY121501.1	852	1617	1	0	1	852
CY121501.1	857	1960	1	0	1	857
CY121501.1	880	2065	0	1	1	2065
CY121501.1	910	1723	0	1	1	1723
CY121501.1	911	1653	1	0	1	911
CY121501.1	953	1743	0	1	1	1743
CY121501.1	960	1622	0	1	1	1622
CY121501.1	985	1584	1	0	1	985
CY121501.1	988	2202	1	0	1	988
CY121502.1	1002	2497	0	1	1	2497
CY121502.1	1026	1474	0	1	1	1474
CY121502.1	1045	1419	1	0	1	1045
CY121502.1	1059	1666	0	1	1	1666
CY121502.1	1060	2375	1	0	1	1060
CY121502.1	1063	1359	0	1	1	1359
CY121502.1	1085	1409	1	0	1	1085
CY121502.1	1095	1481	0	1	1	1481
CY121502.1	1097	1469	1	1	2	1097
CY121502.1	1100	1403	0	1	1	1403
CY121502.1	1103	1289	0	1	1	1289
CY121502.1	1107	1677	0	1	1	1677
CY121502.1	1110	2427	1	0	1	1110
CY121502.1	1112	2325	0	1	1	2325
CY121502.1	1119	2248	0	1	1	2248
CY121502.1	1134	1587	0	1	1	1587
CY121502.1	1145	1361	0	1	1	1361
CY121502.1	1148	1802	0	1	1	1802
CY121502.1	1152	1252	0	1	1	1252
CY121502.1	1178	2357	1	0	1	1178
CY121502.1	1190	1380	0	1	1	1380
CY121502.1	1192	2456	0	1	1	2456
CY121502.1	1215	1616	1	0	1	1215
CY121502.1	1232	2069	0	1	1	2069
CY121502.1	1239	2235	0	1	1	2235
CY121502.1	1282	1314	1	0	1	1282
CY121502.1	1325	1926	1	0	1	1325
CY121502.1	1368	2192	0	1	1	2192
CY121502.1	1380	2346	0	1	1	2346
CY121502.1	1381	1843	0	1	1	1843
CY121502.1	1401	2060	0	1	1	2060
CY121502.1	1415	1506	0	1	1	1506
CY121502.1	1450	1669	1	0	1	1450
CY121502.1	1461	2092	1	0	1	1461
CY121502.1	1487	2026	0	1	1	2026
CY121502.1	1493	1794	0	1	1	1794
CY121502.1	1554	1672	1	0	1	1554
CY121502.1	1594	2066	0	1	1	2066
CY121502.1	1600	1937	0	1	1	1937
CY121502.1	1618	1812	1	0	1	1618
CY121502.1	1648	2218	1	0	1	1648
CY121502.1	1668	2386	1	0	1	1668
CY121502.1	1669	2005	0	1	1	2005
CY121502.1	1671	2150	0	1	1	2150
CY121502.1	1691	2103	0	1	1	2103
CY121502.1	1699	2146	0	1	1	2146
CY121502.1	1768	2245	1	0	1	1768
CY121502.1	1834	2150	0	1	1	2150
CY121502.1	1845	1871	1	0	1	1845
CY121502.1	1909	2305	1	0	1	1909
CY121502.1	1966	2065	1	0	1	1966
CY121502.1	2029	2196	0	1	1	2196
CY121502.1	2210	2381	1	0	1	2210
CY121502.1	2238	2281	1	0	1	2238
CY121502.1	250	309	1	0	1	250
CY121502.1	301	384	1	0	1	301
CY121502.1	352	1313	0	1	1	1313
CY121502.1	366	1521	0	1	1	1521
CY121502.1	405	994	1	0	1	405
CY121502.1	423	1301	1	0	1	423
CY121502.1	433	1093	1	0	1	433
CY121502.1	436	1983	1	0	1	436
CY121502.1	464	1963	0	1	1	1963
CY121502.1	499	2378	1	0	1	499
CY121502.1	500	1269	0	1	1	1269
CY121502.1	544	2401	1	0	1	544
CY121502.1	576	2308	1	0	1	576
CY121502.1	583	1671	1	0	1	583
CY121502.1	615	2219	0	1	1	2219
CY121502.1	626	1513	0	1	1	1513
CY121502.1	629	1227	0	1	1	1227
CY121502.1	630	1338	1	0	1	630
CY121502.1	630	1514	0	1	1	1514
CY121502.1	653	1344	1	0	1	653
CY121502.1	671	1245	1	0	1	671
CY121502.1	674	1046	1	0	1	674
CY121502.1	684	880	0	1	1	880
CY121502.1	687	1912	1	0	1	687
CY121502.1	702	1590	1	0	1	702
CY121502.1	703	737	1	0	1	703
CY121502.1	704	2212	0	1	1	2212
CY121502.1	745	1282	1	0	1	745
CY121502.1	745	1905	0	1	1	1905
CY121502.1	748	970	1	0	1	748
CY121502.1	760	2003	0	1	1	2003
CY121502.1	789	1751	0	1	1	1751
CY121502.1	791	1610	1	0	1	791
CY121502.1	797	1303	1	0	1	797
CY121502.1	799	903	1	0	1	799
CY121502.1	805	2468	0	1	1	2468
CY121502.1	808	1826	2	1	3	808
CY121502.1	829	1925	2	0	2	829
CY121502.1	832	1206	1	0	1	832
CY121502.1	844	1939	0	1	1	1939
CY121502.1	852	2292	0	1	1	2292
CY121502.1	858	1612	1	0	1	858
CY121502.1	867	1939	0	1	1	1939
CY121502.1	873	1624	1	0	1	873
CY121502.1	913	940	1	0	1	913
CY121502.1	915	1160	1	0	1	915
CY121502.1	916	2155	1	0	1	916
CY121502.1	935	2034	1	0	1	935
CY121502.1	966	1727	1	0	1	966
CY121502.1	971	2184	1	0	1	971
CY121503.1	1002	2408	0	1	1	2408
CY121503.1	1013	1042	1	0	1	1013
CY121503.1	1013	1282	1	0	1	1013
CY121503.1	1019	1713	1	0	1	1019
CY121503.1	1027	1502	1	0	1	1027
CY121503.1	1029	1352	1	0	1	1029
CY121503.1	1059	1417	1	0	1	1059
CY121503.1	1068	1107	0	1	1	1107
CY121503.1	1079	2258	0	1	1	2258
CY121503.1	1080	1491	0	1	1	1491
CY121503.1	1086	1716	1	0	1	1086
CY121503.1	1089	1812	0	1	1	1812
CY121503.1	1092	2319	0	1	1	2319
CY121503.1	1102	1843	1	0	1	1102
CY121503.1	1111	2061	1	0	1	1111
CY121503.1	1170	1369	1	0	1	1170
CY121503.1	1204	2343	0	1	1	2343
CY121503.1	1221	2244	1	0	1	1221
CY121503.1	1230	1270	1	0	1	1230
CY121503.1	1247	1485	1	0	1	1247
CY121503.1	1248	2440	0	1	1	2440
CY121503.1	1250	2281	1	0	1	1250
CY121503.1	1260	2181	0	1	1	2181
CY121503.1	1272	1692	0	1	1	1692
CY121503.1	1309	2014	1	0	1	1309
CY121503.1	1325	1619	1	0	1	1325
CY121503.1	1336	1849	1	0	1	1336
CY121503.1	1342	1476	1	0	1	1342
CY121503.1	1372	1602	0	1	1	1602
CY121503.1	1377	2289	0	1	1	2289
CY121503.1	1406	1780	0	1	1	1780
CY121503.1	1423	1548	1	0	1	1423
CY121503.1	1432	1454	0	1	1	1454
CY121503.1	1436	1622	0	1	1	1622
CY121503.1	1439	2059	0	1	1	2059
CY121503.1	1445	2284	0	1	1	2284
CY121503.1	1445	2414	1	0	1	1445
CY121503.1	1460	2179	0	1	1	2179
CY121503.1	1470	1906	0	1	1	1906
CY121503.1	1533	2178	1	0	1	1533
CY121503.1	1554	1581	0	1	1	1581
CY121503.1	1567	2164	0	1	1	2164
CY121503.1	1582	2180	0	1	1	2180
CY121503.1	1599	1894	1	0	1	1599
CY121503.1	1624	2172	0	1	1	2172
CY121503.1	1628	2320	0	1	1	2320
CY121503.1	1639	2090	0	1	1	2090
CY121503.1	1643	2241	0	1	1	2241
CY121503.1	1651	1839	85	67	152	1651
CY121503.1	1653	1862	1	0	1	1653
CY121503.1	1663	1855	0	1	1	1855
CY121503.1	1681	2118	0	1	1	2118
CY121503.1	1691	2167	0	1	1	2167
CY121503.1	1723	1772	0	1	1	1772
CY121503.1	1749	1846	1	0	1	1749
CY121503.1	1754	1847	0	1	1	1847
CY121503.1	1755	2395	0	1	1	2395
CY121503.1	1764	1943	1	0	1	1764
CY121503.1	1803	2177	0	1	1	2177
CY121503.1	1806	2130	0	1	1	2130
CY121503.1	1851	1889	0	1	1	1889
CY121503.1	1950	2153	0	1	1	2153
CY121503.1	2238	2280	0	1	1	2280
CY121503.1	248	2339	1	0	1	248
CY121503.1	283	1902	1	0	1	283
CY121503.1	286	663	1	0	1	286
CY121503.1	287	1809	2	0	2	287
CY121503.1	291	1813	1	0	1	291
CY121503.1	312	1987	0	1	1	1987
CY121503.1	323	1311	1	0	1	323
CY121503.1	330	2275	1	1	2	330
CY121503.1	333	2405	1	0	1	333
CY121503.1	339	1818	0	1	1	1818
CY121503.1	340	2329	2	0	2	340
CY121503.1	346	2387	1	0	1	346
CY121503.1	370	1474	0	1	1	1474
CY121503.1	371	1250	1	0	1	371
CY121503.1	376	2394	1	0	1	376
CY121503.1	378	1409	0	1	1	1409
CY121503.1	383	1650	0	1	1	1650
CY121503.1	385	2432	1	0	1	385
CY121503.1	388	1023	0	1	1	1023
CY121503.1	408	2215	1	0	1	408
CY121503.1	412	1163	0	1	1	1163
CY121503.1	414	1513	0	1	1	1513
CY121503.1	415	2222	1	0	1	415
CY121503.1	416	2387	1	0	1	416
CY121503.1	422	1674	1	0	1	422
CY121503.1	432	1702	1	0	1	432
CY121503.1	432	1734	0	1	1	1734
CY121503.1	440	2361	1	0	1	440
CY121503.1	469	2366	1	0	1	469
CY121503.1	470	1677	0	1	1	1677
CY121503.1	483	2116	0	1	1	2116
CY121503.1	490	2463	0	1	1	2463
CY121503.1	493	2239	0	1	1	2239
CY121503.1	517	1862	0	1	1	1862
CY121503.1	520	2259	0	1	1	2259
CY121503.1	541	1554	1	0	1	541
CY121503.1	554	1044	0	1	1	1044
CY121503.1	569	1697	0	2	2	1697
CY121503.1	577	1289	0	1	1	1289
CY121503.1	607	1104	1	0	1	607
CY121503.1	639	1359	0	1	1	1359
CY121503.1	661	1803	0	1	1	1803
CY121503.1	663	1574	0	1	1	1574
CY121503.1	675	1866	0	1	1	1866
CY121503.1	678	1681	0	1	1	1681
CY121503.1	679	1519	0	1	1	1519
CY121503.1	708	2289	1	0	1	708
CY121503.1	748	2469	0	2	2	2469
CY121503.1	787	1038	1	0	1	787
CY121503.1	792	2119	0	1	1	2119
CY121503.1	803	1210	0	1	1	1210
CY121503.1	815	2378	0	1	1	2378
CY121503.1	822	1272	1	0	1	822
CY121503.1	824	1477	0	1	1	1477
CY121503.1	830	1281	0	1	1	1281
CY121503.1	836	1453	0	1	1	1453
CY121503.1	840	2177	1	0	1	840
CY121503.1	861	1155	1	0	1	861
CY121503.1	874	1914	0	1	1	1914
CY121503.1	897	1102	1	1	2	897
CY121503.1	899	2107	0	1	1	2107
CY121503.1	903	1949	1	0	1	903
CY121503.1	919	1528	1	0	1	919
CY121503.1	954	1022	1	0	1	954
CY121503.1	989	1750	0	1	1	1750
