Segment	Start	Stop	Forward_support	Reverse_support	Total_support	Fuzz_factor
CY121496.1	1012	1653	1	0	1	1012
CY121496.1	1047	1262	0	1	1	1262
CY121496.1	1148	1599	0	1	1	1599
CY121496.1	1171	1800	1	0	1	1171
CY121496.1	1190	1497	1	0	1	1190
CY121496.1	1192	1683	1	0	1	1192
CY121496.1	1263	1430	0	1	1	1430
CY121496.1	1287	1432	0	1	1	1432
CY121496.1	1297	1359	0	1	1	1359
CY121496.1	1327	1724	1	0	1	1327
CY121496.1	1350	1715	1	0	1	1350
CY121496.1	1451	1501	1	0	1	1451
CY121496.1	1560	1787	1	0	1	1560
CY121496.1	1712	1833	1	0	1	1712
CY121496.1	1713	1814	1	0	1	1713
CY121496.1	262	506	1	0	1	262
CY121496.1	286	1536	1	0	1	286
CY121496.1	361	469	1	0	1	361
CY121496.1	361	881	1	0	1	361
CY121496.1	368	1193	0	1	1	1193
CY121496.1	372	894	0	1	1	894
CY121496.1	446	1458	0	1	1	1458
CY121496.1	455	1275	0	1	1	1275
CY121496.1	461	1436	0	1	1	1436
CY121496.1	463	1594	0	1	1	1594
CY121496.1	514	1051	0	1	1	1051
CY121496.1	523	1605	1	0	1	523
CY121496.1	527	1727	1	0	1	527
CY121496.1	627	795	0	1	1	795
CY121496.1	638	1583	1	0	1	638
CY121496.1	644	966	0	1	1	966
CY121496.1	660	1569	0	1	1	1569
CY121496.1	674	1258	0	1	1	1258
CY121496.1	955	1362	1	0	1	955
CY121497.1	1010	1056	1	0	1	1010
CY121497.1	1108	1154	0	1	1	1154
CY121497.1	290	781	1	0	1	290
CY121497.1	305	633	0	1	1	633
CY121497.1	343	792	0	1	1	792
CY121497.1	344	544	0	1	1	544
CY121497.1	349	378	0	1	1	378
CY121497.1	349	754	0	1	1	754
CY121497.1	351	549	0	1	1	549
CY121497.1	362	1173	0	1	1	1173
CY121497.1	369	999	0	1	1	999
CY121497.1	382	811	0	1	1	811
CY121497.1	396	626	0	1	1	626
CY121497.1	397	720	0	1	1	720
CY121497.1	448	524	1	0	1	448
CY121497.1	485	585	0	1	1	585
CY121497.1	514	558	1	0	1	514
CY121497.1	527	1097	1	0	1	527
CY121497.1	557	588	0	1	1	588
CY121497.1	569	812	1	0	1	569
CY121497.1	570	923	0	1	1	923
CY121497.1	580	881	1	0	1	580
CY121497.1	592	865	17	15	32	592
CY121497.1	596	1026	0	1	1	1026
CY121497.1	603	1084	1	0	1	603
CY121497.1	609	1065	0	1	1	1065
CY121497.1	609	760	0	1	1	760
CY121497.1	650	1070	1	0	1	650
CY121497.1	653	773	1	0	1	653
CY121497.1	655	960	1	1	2	655
CY121497.1	674	1014	0	1	1	1014
CY121497.1	682	818	1	2	3	682
CY121497.1	689	1030	1	0	1	689
CY121497.1	721	863	11	17	28	721
CY121497.1	724	916	0	1	1	916
CY121497.1	735	850	0	1	1	850
CY121497.1	741	1073	0	1	1	1073
CY121497.1	760	989	1	0	1	760
CY121497.1	780	823	1	0	1	780
CY121497.1	824	954	0	1	1	954
CY121497.1	877	1082	1	0	1	877
CY121497.1	880	1091	0	1	1	1091
CY121497.1	937	1060	1	0	1	937
CY121497.1	952	1061	1	0	1	952
CY121497.1	957	983	1	0	1	957
CY121497.1	969	1012	1	0	1	969
CY121498.1	1035	1427	0	1	1	1427
CY121498.1	1132	1264	1	0	1	1132
CY121498.1	1281	1592	0	1	1	1592
CY121498.1	1484	1557	6	0	6	1484
CY121498.1	256	1454	7	0	7	256
CY121498.1	271	1108	1	0	1	271
CY121498.1	347	377	0	1	1	377
CY121498.1	350	1126	0	1	1	1126
CY121498.1	353	1214	0	1	1	1214
CY121498.1	353	1331	0	1	1	1331
CY121498.1	372	1482	0	1	1	1482
CY121498.1	384	1251	1	0	1	384
CY121498.1	389	1502	0	1	1	1502
CY121498.1	392	851	0	1	1	851
CY121498.1	403	1589	0	1	1	1589
CY121498.1	405	1446	0	1	1	1446
CY121498.1	408	904	1	0	1	408
CY121498.1	410	441	0	1	1	441
CY121498.1	419	917	35	47	82	419
CY121498.1	439	1185	1	0	1	439
CY121498.1	538	1295	0	1	1	1295
CY121498.1	543	1164	1	0	1	543
CY121498.1	581	1091	1	0	1	581
CY121498.1	583	1260	0	1	1	1260
CY121498.1	608	1358	0	1	1	1358
CY121498.1	848	1372	0	1	1	1372
CY121498.1	916	1145	1	0	1	916
CY121499.1	1010	1479	1	0	1	1010
CY121499.1	1012	1679	0	1	1	1679
CY121499.1	1014	1523	0	1	1	1523
CY121499.1	1021	1398	1	0	1	1021
CY121499.1	1040	1104	1	0	1	1040
CY121499.1	1106	1558	1	0	1	1106
CY121499.1	1182	1340	0	1	1	1340
CY121499.1	1205	1232	1	0	1	1205
CY121499.1	1206	1276	0	1	1	1276
CY121499.1	1304	1588	1	0	1	1304
CY121499.1	1306	1570	1	0	1	1306
CY121499.1	1319	1412	1	0	1	1319
CY121499.1	1497	1641	1	0	1	1497
CY121499.1	258	613	2	0	2	258
CY121499.1	268	1319	1	0	1	268
CY121499.1	283	1358	1	0	1	283
CY121499.1	292	1328	1	0	1	292
CY121499.1	321	1478	0	1	1	1478
CY121499.1	326	1068	0	1	1	1068
CY121499.1	331	1304	0	1	1	1304
CY121499.1	357	1176	1	0	1	357
CY121499.1	389	674	1	0	1	389
CY121499.1	397	888	1	0	1	397
CY121499.1	403	1222	0	1	1	1222
CY121499.1	403	1712	0	1	1	1712
CY121499.1	406	1148	0	1	1	1148
CY121499.1	406	881	0	1	1	881
CY121499.1	429	581	1	1	2	429
CY121499.1	433	1470	0	1	1	1470
CY121499.1	433	755	1	0	1	433
CY121499.1	434	1508	1	0	1	434
CY121499.1	442	959	1	0	1	442
CY121499.1	472	592	0	1	1	592
CY121499.1	477	1158	1	0	1	477
CY121499.1	478	1084	0	1	1	1084
CY121499.1	480	899	1	0	1	480
CY121499.1	486	1553	1	0	1	486
CY121499.1	496	914	0	1	1	914
CY121499.1	519	753	1	0	1	519
CY121499.1	547	1232	1	0	1	547
CY121499.1	578	1154	1	0	1	578
CY121499.1	583	1711	0	1	1	1711
CY121499.1	618	1721	0	1	1	1721
CY121499.1	628	1194	0	1	1	1194
CY121499.1	641	1297	1	0	1	641
CY121499.1	655	1300	1	0	1	655
CY121499.1	680	780	4	9	13	680
CY121499.1	681	1361	1	0	1	681
CY121499.1	683	824	1	0	1	683
CY121499.1	731	831	1	0	1	731
CY121499.1	748	1490	0	1	1	1490
CY121499.1	767	1458	1	0	1	767
CY121499.1	776	1145	0	1	1	1145
CY121499.1	878	1293	0	1	1	1293
CY121500.1	312	774	0	1	1	774
CY121500.1	491	1021	0	1	1	1021
CY121500.1	502	732	4	1	5	502
CY121500.1	514	743	116	147	263	514
CY121500.1	522	749	0	4	4	749
CY121500.1	583	787	0	1	1	787
CY121500.1	919	1022	0	1	1	1022
CY121501.1	1150	1216	0	1	1	1216
CY121501.1	1200	2346	0	1	1	2346
CY121501.1	1201	1327	0	1	1	1327
CY121501.1	1292	1574	0	1	1	1574
CY121501.1	1434	1483	1	0	1	1434
CY121501.1	1443	1492	3	1	4	1443
CY121501.1	1505	1952	1	0	1	1505
CY121501.1	1512	2004	15	7	22	1512
CY121501.1	1546	2009	8	5	13	1546
CY121501.1	1548	2003	11	3	14	1548
CY121501.1	1616	1965	1	0	1	1616
CY121501.1	1933	1964	1	0	1	1933
CY121501.1	2033	2144	1	0	1	2033
CY121501.1	273	1679	1	0	1	273
CY121501.1	285	1768	1	0	1	285
CY121501.1	290	2254	1	0	1	290
CY121501.1	292	2054	1	0	1	292
CY121501.1	293	1326	1	1	2	293
CY121501.1	350	2190	0	1	1	2190
CY121501.1	414	2113	0	1	1	2113
CY121501.1	435	826	1	0	1	435
CY121501.1	454	1271	1	0	1	454
CY121501.1	462	2035	1	0	1	462
CY121501.1	465	2235	1	0	1	465
CY121501.1	472	2048	21	39	60	472
CY121501.1	483	2082	0	2	2	2082
CY121501.1	489	2040	0	1	1	2040
CY121501.1	518	813	1	0	1	518
CY121501.1	553	2174	43	0	43	553
CY121501.1	566	1943	2	2	4	566
CY121501.1	591	1265	1	0	1	591
CY121501.1	601	1320	0	1	1	1320
CY121501.1	609	1829	2	0	2	609
CY121501.1	620	1854	1	0	1	620
CY121501.1	625	1940	2	0	2	625
CY121501.1	629	1944	33	33	66	629
CY121501.1	640	1841	2	0	2	640
CY121501.1	645	1008	0	1	1	1008
CY121501.1	646	1863	248	351	599	646
CY121501.1	647	1864	1	0	1	647
CY121501.1	652	1620	0	1	1	1620
CY121501.1	659	1865	29	54	83	659
CY121501.1	683	1861	1	0	1	683
CY121501.1	686	1793	5	0	5	686
CY121501.1	686	1864	6	27	33	686
CY121501.1	687	1865	0	1	1	1865
CY121501.1	691	1890	0	1	1	1890
CY121501.1	691	773	1	0	1	691
CY121501.1	697	1940	0	1	1	1940
CY121501.1	707	1201	2	0	2	707
CY121501.1	730	1619	10	19	29	730
CY121501.1	737	1713	1	0	1	737
CY121501.1	775	1676	0	1	1	1676
CY121501.1	825	1721	0	1	1	1721
CY121501.1	844	2151	0	1	1	2151
CY121501.1	956	2166	1	0	1	956
CY121501.1	977	1376	0	1	1	1376
CY121502.1	1116	1460	1	0	1	1116
CY121502.1	1196	2080	0	1	1	2080
CY121502.1	1333	2048	0	1	1	2048
CY121502.1	1348	1682	0	1	1	1682
CY121502.1	1350	2104	1	0	1	1350
CY121502.1	1650	1696	1	0	1	1650
CY121502.1	2223	2395	1	0	1	2223
CY121502.1	244	1624	1	0	1	244
CY121502.1	292	2115	1	0	1	292
CY121502.1	377	1305	0	1	1	1305
CY121502.1	469	1393	1	0	1	469
CY121502.1	496	2182	14	38	52	496
CY121502.1	501	851	0	1	1	851
CY121502.1	507	1718	0	1	1	1718
CY121502.1	511	2048	0	1	1	2048
CY121502.1	626	1203	1	0	1	626
CY121502.1	626	1369	1	0	1	626
CY121502.1	626	1643	1	0	1	626
CY121502.1	635	1212	1	0	1	635
CY121502.1	657	1971	3	0	3	657
CY121502.1	660	2002	12	8	20	660
CY121502.1	660	2003	1	0	1	660
CY121502.1	662	1720	12	7	19	662
CY121502.1	666	2267	1	0	1	666
CY121502.1	667	2091	4	0	4	667
CY121502.1	686	2098	40	52	92	686
CY121502.1	695	1100	1	0	1	695
CY121502.1	701	2111	1	0	1	701
CY121502.1	773	2254	1	0	1	773
CY121502.1	792	1843	10	10	20	792
CY121502.1	804	2305	3	0	3	804
CY121502.1	805	1142	1	0	1	805
CY121502.1	814	2313	50	35	85	814
CY121502.1	829	1925	0	1	1	1925
CY121502.1	839	2161	0	1	1	2161
CY121502.1	844	1939	0	1	1	1939
CY121502.1	846	1513	0	1	1	1513
CY121502.1	847	1388	1	0	1	847
CY121502.1	887	1118	0	1	1	1118
CY121502.1	913	2287	0	1	1	2287
CY121502.1	923	2246	0	1	1	2246
CY121503.1	1013	2478	1	1	2	1013
CY121503.1	1022	2387	1	0	1	1022
CY121503.1	1063	2249	0	1	1	2249
CY121503.1	1296	1398	1	0	1	1296
CY121503.1	1366	1450	0	1	1	1450
CY121503.1	1472	1665	1	0	1	1472
CY121503.1	2001	2425	0	1	1	2425
CY121503.1	239	428	1	0	1	239
CY121503.1	287	1809	1	0	1	287
CY121503.1	350	2341	1	0	1	350
CY121503.1	352	1130	0	1	1	1130
CY121503.1	358	2247	1	0	1	358
CY121503.1	370	2408	0	1	1	2408
CY121503.1	382	2282	1	0	1	382
CY121503.1	385	2432	0	1	1	2432
CY121503.1	409	2380	1	1	2	409
CY121503.1	443	2204	2	1	3	443
CY121503.1	485	2220	110	517	627	485
CY121503.1	604	1912	11	13	24	604
CY121503.1	650	1999	15	47	62	650
CY121503.1	665	2065	0	1	1	2065
CY121503.1	742	1943	11	14	25	742
CY121503.1	781	1814	1	0	1	781
CY121503.1	797	1318	1	0	1	797
CY121503.1	810	1450	0	1	1	1450
CY121503.1	849	1702	0	1	1	1702
