Segment	Start	Stop	Forward_support	Reverse_support	Total_support	Fuzz_factor
CY121496.1	1008	1835	1	0	1	1008
CY121496.1	1029	1186	1	0	1	1029
CY121496.1	1073	1255	1	1	2	1073
CY121496.1	1090	1221	1	0	1	1090
CY121496.1	1092	1126	1	0	1	1092
CY121496.1	1096	1258	1	1	2	1096
CY121496.1	1118	1818	1	0	1	1118
CY121496.1	1147	1739	5	2	7	1147
CY121496.1	1351	1484	1	0	1	1351
CY121496.1	1420	1731	1	0	1	1420
CY121496.1	1456	1838	1	0	1	1456
CY121496.1	1468	1498	1	0	1	1468
CY121496.1	1632	1702	1	0	1	1632
CY121496.1	254	1917	1	0	1	254
CY121496.1	258	352	1	1	2	258
CY121496.1	259	526	1	0	1	259
CY121496.1	273	1150	1	0	1	273
CY121496.1	296	1306	0	1	1	1306
CY121496.1	351	647	0	1	1	647
CY121496.1	355	1138	0	1	1	1138
CY121496.1	363	1113	1	0	1	363
CY121496.1	368	879	0	1	1	879
CY121496.1	370	1122	0	1	1	1122
CY121496.1	420	1430	0	1	1	1430
CY121496.1	425	1644	0	1	1	1644
CY121496.1	442	1759	0	1	1	1759
CY121496.1	454	1051	0	1	1	1051
CY121496.1	454	1913	0	1	1	1913
CY121496.1	454	550	0	1	1	550
CY121496.1	495	968	0	1	1	968
CY121496.1	497	1132	1	0	1	497
CY121496.1	501	554	1	0	1	501
CY121496.1	505	645	0	1	1	645
CY121496.1	523	1191	0	1	1	1191
CY121496.1	525	1448	0	1	1	1448
CY121496.1	568	1149	1	0	1	568
CY121496.1	609	993	0	1	1	993
CY121496.1	633	1034	0	1	1	1034
CY121496.1	680	1242	1	0	1	680
CY121496.1	686	864	1	0	1	686
CY121496.1	695	730	1	0	1	695
CY121496.1	703	1350	0	1	1	1350
CY121496.1	731	1090	1	0	1	731
CY121496.1	741	858	0	1	1	858
CY121496.1	853	1663	1	0	1	853
CY121496.1	865	1256	1	0	1	865
CY121496.1	945	989	1	0	1	945
CY121496.1	999	1910	0	2	2	1910
CY121497.1	1012	1118	0	1	1	1118
CY121497.1	1031	1060	0	1	1	1060
CY121497.1	1044	1117	0	1	1	1117
CY121497.1	259	510	1	0	1	259
CY121497.1	266	1070	1	0	1	266
CY121497.1	279	1100	2	0	2	279
CY121497.1	284	639	1	0	1	284
CY121497.1	287	575	1	0	1	287
CY121497.1	287	637	1	0	1	287
CY121497.1	290	824	1	0	1	290
CY121497.1	295	876	0	1	1	876
CY121497.1	296	835	0	1	1	835
CY121497.1	311	1111	3	2	5	311
CY121497.1	315	525	0	1	1	525
CY121497.1	317	910	1	6	7	317
CY121497.1	319	466	0	1	1	466
CY121497.1	319	834	0	1	1	834
CY121497.1	327	1134	0	1	1	1134
CY121497.1	332	403	0	1	1	403
CY121497.1	341	631	1	0	1	341
CY121497.1	341	658	0	1	1	658
CY121497.1	362	455	1	0	1	362
CY121497.1	363	910	0	1	1	910
CY121497.1	377	475	1	0	1	377
CY121497.1	379	939	0	1	1	939
CY121497.1	381	976	1	0	1	381
CY121497.1	382	549	0	1	1	549
CY121497.1	393	484	1	0	1	393
CY121497.1	395	586	0	1	1	586
CY121497.1	399	1110	1	0	1	399
CY121497.1	404	653	0	1	1	653
CY121497.1	408	1094	1	0	1	408
CY121497.1	423	541	0	1	1	541
CY121497.1	423	728	0	1	1	728
CY121497.1	434	876	1	0	1	434
CY121497.1	445	636	10	12	22	445
CY121497.1	461	505	1	0	1	461
CY121497.1	475	693	0	1	1	693
CY121497.1	481	655	0	1	1	655
CY121497.1	481	720	0	1	1	720
CY121497.1	482	802	1	0	1	482
CY121497.1	503	535	1	0	1	503
CY121497.1	503	628	1	1	2	503
CY121497.1	526	585	0	1	1	585
CY121497.1	541	734	0	1	1	734
CY121497.1	554	1097	1	0	1	554
CY121497.1	556	1002	0	1	1	1002
CY121497.1	557	1146	0	1	1	1146
CY121497.1	557	820	0	1	1	820
CY121497.1	561	767	0	1	1	767
CY121497.1	561	908	0	1	1	908
CY121497.1	567	767	1	0	1	567
CY121497.1	568	776	1	0	1	568
CY121497.1	572	599	1	0	1	572
CY121497.1	575	694	0	1	1	694
CY121497.1	593	1044	0	1	1	1044
CY121497.1	601	1151	0	1	1	1151
CY121497.1	606	710	1	0	1	606
CY121497.1	610	714	31	30	61	610
CY121497.1	613	880	0	1	1	880
CY121497.1	616	1143	0	1	1	1143
CY121497.1	619	1088	0	1	1	1088
CY121497.1	626	1085	1	0	1	626
CY121497.1	630	884	1	0	1	630
CY121497.1	631	1079	1	0	1	631
CY121497.1	641	732	0	1	1	732
CY121497.1	644	1046	0	1	1	1046
CY121497.1	652	1045	0	1	1	1045
CY121497.1	657	959	0	1	1	959
CY121497.1	686	781	0	1	1	781
CY121497.1	719	756	0	1	1	756
CY121497.1	724	946	1	0	1	724
CY121497.1	726	1098	1	0	1	726
CY121497.1	735	1107	1	0	1	735
CY121497.1	761	935	0	1	1	935
CY121497.1	762	823	0	1	1	823
CY121497.1	770	1086	0	1	1	1086
CY121497.1	787	848	1	0	1	787
CY121497.1	791	1033	0	1	1	1033
CY121497.1	805	939	0	1	1	939
CY121497.1	812	1151	0	1	1	1151
CY121497.1	826	1038	0	1	1	1038
CY121497.1	827	945	0	1	1	945
CY121497.1	828	1150	0	1	1	1150
CY121497.1	845	1097	1	0	1	845
CY121497.1	870	893	25	43	68	870
CY121497.1	903	1064	1	0	1	903
CY121497.1	913	1085	0	1	1	1085
CY121497.1	929	997	0	1	1	997
CY121497.1	951	981	18	23	41	951
CY121497.1	976	1102	0	1	1	1102
CY121497.1	985	1044	0	1	1	1044
CY121497.1	998	1159	0	1	1	1159
CY121498.1	1004	1344	0	1	1	1344
CY121498.1	1076	1265	0	1	1	1265
CY121498.1	1084	1129	1	0	1	1084
CY121498.1	1326	1390	0	1	1	1390
CY121498.1	1370	1563	0	1	1	1563
CY121498.1	1378	1431	0	1	1	1431
CY121498.1	257	1262	1	0	1	257
CY121498.1	310	1454	22	126	148	310
CY121498.1	393	1090	0	1	1	1090
CY121498.1	439	601	1	0	1	439
CY121498.1	462	647	0	1	1	647
CY121498.1	471	504	1	0	1	471
CY121498.1	594	791	0	1	1	791
CY121498.1	741	1557	1	0	1	741
CY121498.1	842	1237	0	1	1	1237
CY121498.1	874	1302	0	1	1	1302
CY121498.1	948	1368	1	0	1	948
CY121498.1	983	1222	0	1	1	1222
CY121498.1	992	1254	1	0	1	992
CY121499.1	1005	1417	0	1	1	1417
CY121499.1	1146	1587	0	1	1	1587
CY121499.1	1166	1444	0	1	1	1444
CY121499.1	1223	1315	1	0	1	1223
CY121499.1	1285	1503	1	0	1	1285
CY121499.1	1427	1687	0	1	1	1687
CY121499.1	1443	1489	0	1	1	1489
CY121499.1	278	1414	1	0	1	278
CY121499.1	286	500	1	0	1	286
CY121499.1	292	458	1	0	1	292
CY121499.1	317	826	0	1	1	826
CY121499.1	330	645	0	1	1	645
CY121499.1	331	1173	0	1	1	1173
CY121499.1	337	1702	0	1	1	1702
CY121499.1	360	1271	0	1	1	1271
CY121499.1	364	1082	1	0	1	364
CY121499.1	365	1385	0	1	1	1385
CY121499.1	367	1110	0	1	1	1110
CY121499.1	389	1385	0	1	1	1385
CY121499.1	390	758	0	1	1	758
CY121499.1	399	904	0	1	1	904
CY121499.1	406	1224	0	1	1	1224
CY121499.1	408	1129	1	1	2	408
CY121499.1	421	1045	0	1	1	1045
CY121499.1	447	497	0	1	1	497
CY121499.1	453	1493	0	1	1	1493
CY121499.1	483	1569	0	1	1	1569
CY121499.1	567	671	0	1	1	671
CY121499.1	595	778	0	1	1	778
CY121499.1	598	1544	0	1	1	1544
CY121499.1	599	1339	1	0	1	599
CY121499.1	624	746	0	1	1	746
CY121499.1	624	970	1	0	1	624
CY121499.1	627	1345	1	0	1	627
CY121499.1	641	1302	1	0	1	641
CY121499.1	660	744	1	0	1	660
CY121499.1	661	947	1	0	1	661
CY121499.1	675	733	1	0	1	675
CY121499.1	685	1274	0	1	1	1274
CY121499.1	751	1454	0	1	1	1454
CY121499.1	758	1160	0	1	1	1160
CY121499.1	759	1601	1	0	1	759
CY121499.1	767	974	1	0	1	767
CY121499.1	778	1242	1	0	1	778
CY121499.1	803	1446	0	1	1	1446
CY121499.1	878	1171	1	0	1	878
CY121499.1	914	1497	0	1	1	1497
CY121499.1	923	1433	0	1	1	1433
CY121499.1	995	1570	1	0	1	995
CY121500.1	250	916	1	0	1	250
CY121500.1	261	924	4	0	4	261
CY121500.1	265	608	1	0	1	265
CY121500.1	287	388	14	19	33	287
CY121500.1	311	365	0	1	1	365
CY121500.1	315	455	0	1	1	455
CY121500.1	339	823	0	1	1	823
CY121500.1	356	443	0	1	1	443
CY121500.1	357	956	0	1	1	956
CY121500.1	363	1009	0	1	1	1009
CY121500.1	367	676	1	0	1	367
CY121500.1	380	443	0	1	1	443
CY121500.1	394	603	1	0	1	394
CY121500.1	400	893	1	0	1	400
CY121500.1	408	761	0	2	2	761
CY121500.1	418	967	5	42	47	418
CY121500.1	433	982	0	1	1	982
CY121500.1	478	710	2	0	2	478
CY121500.1	484	533	0	1	1	533
CY121500.1	499	535	0	1	1	535
CY121500.1	502	615	0	1	1	615
CY121500.1	502	732	1	0	1	502
CY121500.1	513	743	0	1	1	743
CY121500.1	514	574	0	1	1	574
CY121500.1	514	743	57	48	105	514
CY121500.1	522	749	0	2	2	749
CY121500.1	529	698	1	0	1	529
CY121500.1	532	660	0	1	1	660
CY121500.1	542	727	1	0	1	542
CY121500.1	558	861	1	0	1	558
CY121500.1	562	765	1	0	1	562
CY121500.1	563	601	1	1	2	563
CY121500.1	574	772	0	1	1	772
CY121500.1	588	773	1	0	1	588
CY121500.1	633	916	1	0	1	633
CY121500.1	648	670	1	0	1	648
CY121500.1	668	1019	0	1	1	1019
CY121500.1	698	857	1	0	1	698
CY121500.1	726	859	0	1	1	859
CY121500.1	772	1022	0	1	1	1022
CY121500.1	835	931	0	1	1	931
CY121500.1	862	1001	0	1	1	1001
CY121500.1	889	1035	2	14	16	889
CY121501.1	1118	2139	0	1	1	2139
CY121501.1	1452	1580	1	0	1	1452
CY121501.1	1461	1676	0	1	1	1676
CY121501.1	1529	1574	1	0	1	1529
CY121501.1	1568	1997	1	6	7	1568
CY121501.1	2042	2065	24	13	37	2042
CY121501.1	2064	2187	13	2	15	2064
CY121501.1	2077	2134	17	6	23	2077
CY121501.1	2088	2125	1	0	1	2088
CY121501.1	2111	2135	435	373	808	2111
CY121501.1	2113	2137	0	1	1	2137
CY121501.1	2123	2147	80	63	143	2123
CY121501.1	2133	2229	22	0	22	2133
CY121501.1	2134	2158	0	1	1	2158
CY121501.1	2134	2172	52	56	108	2134
CY121501.1	2146	2189	0	1	1	2189
CY121501.1	2230	2349	0	1	1	2349
CY121501.1	271	419	1	0	1	271
CY121501.1	285	2174	1	1	2	285
CY121501.1	288	1914	1	0	1	288
CY121501.1	295	2174	0	1	1	2174
CY121501.1	295	339	0	1	1	339
CY121501.1	298	2276	1	0	1	298
CY121501.1	305	2271	11	11	22	305
CY121501.1	319	446	7	85	92	319
CY121501.1	325	2282	18	43	61	325
CY121501.1	328	2136	1	38	39	328
CY121501.1	330	2184	6	82	88	330
CY121501.1	330	454	0	1	1	454
CY121501.1	335	2122	2	32	34	335
CY121501.1	335	2292	0	1	1	2292
CY121501.1	336	2061	0	1	1	2061
CY121501.1	336	2135	0	1	1	2135
CY121501.1	336	2165	0	1	1	2165
CY121501.1	336	393	13	167	180	336
CY121501.1	337	1386	0	3	3	1386
CY121501.1	346	368	9	137	146	346
CY121501.1	350	2190	0	1	1	2190
CY121501.1	354	2326	27	22	49	354
CY121501.1	355	2116	4	89	93	355
CY121501.1	356	2301	0	1	1	2301
CY121501.1	359	2056	1	0	1	359
CY121501.1	362	2121	0	1	1	2121
CY121501.1	362	384	0	1	1	384
CY121501.1	363	2060	11	96	107	363
CY121501.1	363	855	0	1	1	855
CY121501.1	367	2367	0	1	1	2367
CY121501.1	369	2162	0	1	1	2162
CY121501.1	370	2156	0	1	1	2156
CY121501.1	371	2073	0	1	1	2073
CY121501.1	376	2354	0	1	1	2354
CY121501.1	389	420	12	209	221	389
CY121501.1	390	2074	0	1	1	2074
CY121501.1	392	2165	17	75	92	392
CY121501.1	400	430	0	1	1	430
CY121501.1	402	2143	1	0	1	402
CY121501.1	405	2150	17	113	130	405
CY121501.1	407	2149	8	10	18	407
CY121501.1	410	2173	0	1	1	2173
CY121501.1	417	2142	16	95	111	417
CY121501.1	419	2009	2	32	34	419
CY121501.1	429	540	13	21	34	429
CY121501.1	432	2176	0	1	1	2176
CY121501.1	435	2035	32	52	84	435
CY121501.1	437	2017	24	36	60	437
CY121501.1	437	463	7	23	30	437
CY121501.1	438	2155	37	164	201	438
CY121501.1	447	475	1	0	1	447
CY121501.1	450	2149	1	0	1	450
CY121501.1	455	2043	0	1	1	2043
CY121501.1	455	485	36	116	152	455
CY121501.1	457	2067	2	4	6	457
CY121501.1	460	2007	0	1	1	2007
CY121501.1	467	1143	1	0	1	467
CY121501.1	478	2049	0	1	1	2049
CY121501.1	485	2044	29	16	45	485
CY121501.1	491	1970	0	1	1	1970
CY121501.1	492	2120	1	0	1	492
CY121501.1	494	2122	31	23	54	494
CY121501.1	495	2155	7	7	14	495
CY121501.1	502	541	18	5	23	502
CY121501.1	503	2078	0	1	1	2078
CY121501.1	508	2176	1	1	2	508
CY121501.1	513	1947	51	35	86	513
CY121501.1	513	2001	1	0	1	513
CY121501.1	514	2066	31	13	44	514
CY121501.1	517	2012	9	4	13	517
CY121501.1	531	2203	1	0	1	531
CY121501.1	532	1904	1	0	1	532
CY121501.1	534	1746	1	0	1	534
CY121501.1	536	2207	38	15	53	536
CY121501.1	544	1993	0	1	1	1993
CY121501.1	547	573	1	0	1	547
CY121501.1	548	574	401	502	903	548
CY121501.1	549	2012	56	26	82	549
CY121501.1	550	576	1	1	2	550
CY121501.1	553	1916	1	0	1	553
CY121501.1	556	2007	25	22	47	556
CY121501.1	556	2011	8	5	13	556
CY121501.1	557	1924	40	55	95	557
CY121501.1	557	1943	1	0	1	557
CY121501.1	559	1926	1	0	1	559
CY121501.1	566	2037	0	1	1	2037
CY121501.1	567	2011	0	3	3	2011
CY121501.1	568	1933	0	4	4	1933
CY121501.1	604	2023	6	3	9	604
CY121501.1	608	1955	2	3	5	608
CY121501.1	609	1962	1	0	1	609
CY121501.1	611	1957	15	20	35	611
CY121501.1	611	2034	426	431	857	611
CY121501.1	611	2036	0	1	1	2036
CY121501.1	612	1965	128	134	262	612
CY121501.1	612	2035	0	1	1	2035
CY121501.1	619	1904	38	41	79	619
CY121501.1	620	2261	1	0	1	620
CY121501.1	621	2262	6	0	6	621
CY121501.1	629	1944	0	1	1	1944
CY121501.1	629	2049	0	1	1	2049
CY121501.1	638	1874	1	0	1	638
CY121501.1	688	1954	13	25	38	688
CY121501.1	698	2235	22	7	29	698
CY121501.1	700	1822	0	1	1	1822
CY121501.1	713	2253	0	1	1	2253
CY121501.1	730	2281	0	1	1	2281
CY121501.1	732	1143	0	1	1	1143
CY121501.1	735	1688	16	23	39	735
CY121501.1	742	1777	23	11	34	742
CY121501.1	746	1913	1	0	1	746
CY121501.1	837	1690	1	0	1	837
CY121501.1	848	949	1	0	1	848
CY121501.1	865	2169	1	0	1	865
CY121501.1	922	1446	0	1	1	1446
CY121501.1	962	1716	1	0	1	962
CY121502.1	1071	1434	0	1	1	1434
CY121502.1	1353	1693	0	1	1	1693
CY121502.1	1401	1522	0	1	1	1522
CY121502.1	1432	2383	1	0	1	1432
CY121502.1	1450	1538	0	1	1	1538
CY121502.1	1492	2451	0	1	1	2451
CY121502.1	1607	2162	0	1	1	2162
CY121502.1	1622	2365	1	0	1	1622
CY121502.1	2074	2188	14	7	21	2074
CY121502.1	2196	2229	1	1	2	2196
CY121502.1	2213	2249	10	16	26	2213
CY121502.1	2238	2451	0	1	1	2451
CY121502.1	2268	2356	7	0	7	2268
CY121502.1	2278	2365	45	16	61	2278
CY121502.1	2329	2353	21	11	32	2329
CY121502.1	243	269	1	0	1	243
CY121502.1	243	277	11	1	12	243
CY121502.1	246	272	22	1	23	246
CY121502.1	252	497	4	2	6	252
CY121502.1	261	336	39	7	46	261
CY121502.1	269	2081	1	0	1	269
CY121502.1	291	2326	1	0	1	291
CY121502.1	326	2438	76	3	79	326
CY121502.1	334	2307	14	3	17	334
CY121502.1	335	2339	4	6	10	335
CY121502.1	341	2336	14	11	25	341
CY121502.1	341	2472	0	1	1	2472
CY121502.1	341	368	3	1	4	341
CY121502.1	362	2254	1	0	1	362
CY121502.1	374	2285	2	0	2	374
CY121502.1	380	2265	1	0	1	380
CY121502.1	382	2008	0	1	1	2008
CY121502.1	386	2298	5	0	5	386
CY121502.1	388	2336	1	0	1	388
CY121502.1	391	1264	1	0	1	391
CY121502.1	391	2313	4	1	5	391
CY121502.1	393	2339	108	46	154	393
CY121502.1	396	2307	315	41	356	396
CY121502.1	397	2327	9	18	27	397
CY121502.1	430	499	16	3	19	430
CY121502.1	433	2172	5	1	6	433
CY121502.1	445	2308	21	6	27	445
CY121502.1	476	2014	3	0	3	476
CY121502.1	480	2020	39	54	93	480
CY121502.1	481	2094	1	0	1	481
CY121502.1	487	2027	1	1	2	487
CY121502.1	488	2098	54	64	118	488
CY121502.1	489	2045	1	0	1	489
CY121502.1	491	2030	0	1	1	2030
CY121502.1	495	1768	10	9	19	495
CY121502.1	498	2075	62	77	139	498
CY121502.1	517	2113	1	3	4	517
CY121502.1	527	2194	14	13	27	527
CY121502.1	532	2161	31	33	64	532
CY121502.1	532	2308	19	27	46	532
CY121502.1	558	1772	19	7	26	558
CY121502.1	558	2191	1	1	2	558
CY121502.1	562	2198	4	5	9	562
CY121502.1	566	1947	1	34	35	566
CY121502.1	567	2181	0	1	1	2181
CY121502.1	577	1794	0	1	1	1794
CY121502.1	682	2107	2	9	11	682
CY121502.1	687	1887	1	0	1	687
CY121502.1	688	2181	25	12	37	688
CY121502.1	692	2119	14	23	37	692
CY121502.1	696	1892	18	29	47	696
CY121502.1	845	1937	9	24	33	845
CY121502.1	871	1891	1	0	1	871
CY121503.1	1043	1675	0	1	1	1675
CY121503.1	1143	1635	0	1	1	1635
CY121503.1	1160	1795	0	1	1	1795
CY121503.1	1169	1952	0	1	1	1952
CY121503.1	1244	1607	0	1	1	1607
CY121503.1	1402	1522	0	1	1	1522
CY121503.1	1493	2301	1	0	1	1493
CY121503.1	1547	1921	1	0	1	1547
CY121503.1	1594	1982	1	0	1	1594
CY121503.1	1680	1983	0	1	1	1983
CY121503.1	1682	2492	0	1	1	2492
CY121503.1	2083	2357	0	1	1	2357
CY121503.1	2108	2140	1	0	1	2108
CY121503.1	2229	2324	1	0	1	2229
CY121503.1	2345	2452	0	1	1	2452
CY121503.1	2369	2396	0	1	1	2396
CY121503.1	2371	2398	78	8	86	2371
CY121503.1	303	2342	1	0	1	303
CY121503.1	306	2194	32	199	231	306
CY121503.1	307	2195	0	2	2	2195
CY121503.1	314	1565	0	1	1	1565
CY121503.1	314	2349	6	34	40	314
CY121503.1	317	2335	1	0	1	317
CY121503.1	328	1169	1	0	1	328
CY121503.1	339	508	1	0	1	339
CY121503.1	346	2387	1	0	1	346
CY121503.1	347	2216	1	0	1	347
CY121503.1	347	2236	0	2	2	2236
CY121503.1	358	2247	0	2	2	2247
CY121503.1	367	2385	3	0	3	367
CY121503.1	369	2265	0	2	2	2265
CY121503.1	373	2238	1	0	1	373
CY121503.1	375	2314	0	2	2	2314
CY121503.1	378	2389	1	0	1	378
CY121503.1	379	2244	1	0	1	379
CY121503.1	381	2248	14	134	148	381
CY121503.1	381	2314	0	1	1	2314
CY121503.1	381	2318	0	1	1	2318
CY121503.1	384	2320	34	146	180	384
CY121503.1	384	2360	1	0	1	384
CY121503.1	386	2395	61	154	215	386
CY121503.1	387	2315	140	516	656	387
CY121503.1	388	2316	0	1	1	2316
CY121503.1	394	2402	0	2	2	2402
CY121503.1	398	2300	0	1	1	2300
CY121503.1	400	2271	35	142	177	400
CY121503.1	408	2215	1	0	1	408
CY121503.1	410	2381	4	0	4	410
CY121503.1	413	2140	17	68	85	413
CY121503.1	418	2331	0	3	3	2331
CY121503.1	419	2267	94	204	298	419
CY121503.1	420	2398	29	29	58	420
CY121503.1	429	2157	2	0	2	429
CY121503.1	430	2280	0	10	10	2280
CY121503.1	432	2282	0	2	2	2282
CY121503.1	434	2163	0	3	3	2163
CY121503.1	439	2436	1	0	1	439
CY121503.1	440	2361	0	1	1	2361
CY121503.1	453	2168	60	53	113	453
CY121503.1	455	2170	1	0	1	455
CY121503.1	455	2196	84	79	163	455
CY121503.1	474	2111	1	0	1	474
CY121503.1	482	2154	1	0	1	482
CY121503.1	482	2168	1	0	1	482
CY121503.1	483	2139	1	0	1	483
CY121503.1	484	2140	35	22	57	484
CY121503.1	485	2171	103	83	186	485
CY121503.1	486	2172	0	1	1	2172
CY121503.1	499	2153	0	2	2	2153
CY121503.1	522	2384	1	0	1	522
CY121503.1	539	2171	0	1	1	2171
CY121503.1	571	614	0	1	1	614
CY121503.1	592	785	0	1	1	785
CY121503.1	620	2094	1	0	1	620
CY121503.1	630	2105	7	7	14	630
CY121503.1	701	1768	1	0	1	701
CY121503.1	713	1028	1	0	1	713
CY121503.1	719	845	0	1	1	845
CY121503.1	800	1264	0	1	1	1264
CY121503.1	815	1553	2	1	3	815
CY121503.1	850	1869	9	11	20	850
CY121503.1	890	1872	16	9	25	890
CY121503.1	903	1693	3	0	3	903
CY121503.1	912	1763	18	6	24	912
