Segment	Start	Stop	Forward_support	Reverse_support	Total_support	Fuzz_factor
CY121496.1	1014	1765	1	0	1	1014
CY121496.1	1038	1346	0	1	1	1346
CY121496.1	1062	1304	90	80	170	1062
CY121496.1	1096	1157	0	1	1	1157
CY121496.1	1096	1536	1	0	1	1096
CY121496.1	1097	1751	0	1	1	1751
CY121496.1	1114	1522	0	1	1	1522
CY121496.1	1119	1511	0	1	1	1511
CY121496.1	1132	1813	1	0	1	1132
CY121496.1	1134	1717	1	0	1	1134
CY121496.1	1174	1435	1	0	1	1174
CY121496.1	1221	1897	0	1	1	1897
CY121496.1	1263	1392	1	0	1	1263
CY121496.1	1296	1648	1	0	1	1296
CY121496.1	1307	1833	1	0	1	1307
CY121496.1	1314	1641	0	1	1	1641
CY121496.1	1318	1687	1	0	1	1318
CY121496.1	1322	1801	0	1	1	1801
CY121496.1	1426	1800	1	0	1	1426
CY121496.1	1478	1834	1	0	1	1478
CY121496.1	1516	1655	52	42	94	1516
CY121496.1	1540	1895	0	1	1	1895
CY121496.1	1607	1685	0	1	1	1685
CY121496.1	1607	1857	1	0	1	1607
CY121496.1	1660	1740	1	0	1	1660
CY121496.1	1695	1726	0	1	1	1726
CY121496.1	1730	1769	0	1	1	1769
CY121496.1	234	671	1	0	1	234
CY121496.1	242	1637	1	0	1	242
CY121496.1	262	1435	1	0	1	262
CY121496.1	262	826	1	0	1	262
CY121496.1	282	387	1	0	1	282
CY121496.1	284	1706	1	0	1	284
CY121496.1	286	1311	1	0	1	286
CY121496.1	319	890	0	1	1	890
CY121496.1	340	1834	0	1	1	1834
CY121496.1	366	1772	0	1	1	1772
CY121496.1	372	894	0	1	1	894
CY121496.1	382	806	0	1	1	806
CY121496.1	387	548	0	1	1	548
CY121496.1	390	800	1	0	1	390
CY121496.1	402	842	1	0	1	402
CY121496.1	403	1820	1	0	1	403
CY121496.1	406	643	0	1	1	643
CY121496.1	420	610	0	1	1	610
CY121496.1	427	1119	1	0	1	427
CY121496.1	454	829	1	0	1	454
CY121496.1	468	664	0	1	1	664
CY121496.1	495	1699	0	1	1	1699
CY121496.1	498	735	0	1	1	735
CY121496.1	503	821	0	1	1	821
CY121496.1	554	1043	0	1	1	1043
CY121496.1	599	1394	0	1	1	1394
CY121496.1	609	1278	0	1	1	1278
CY121496.1	647	1555	1	0	1	647
CY121496.1	671	1447	1	0	1	671
CY121496.1	695	1740	1	0	1	695
CY121496.1	763	1635	0	1	1	1635
CY121496.1	777	1092	0	1	1	1092
CY121496.1	799	1189	1	0	1	799
CY121496.1	816	1834	0	1	1	1834
CY121496.1	819	1436	1	0	1	819
CY121496.1	867	1565	1	0	1	867
CY121496.1	871	1548	0	1	1	1548
CY121496.1	880	1415	1	0	1	880
CY121496.1	981	1378	1	0	1	981
CY121497.1	1013	1067	1	0	1	1013
CY121497.1	1030	1097	1	0	1	1030
CY121497.1	241	342	1	0	1	241
CY121497.1	254	359	1	0	1	254
CY121497.1	271	374	1	0	1	271
CY121497.1	306	718	0	1	1	718
CY121497.1	315	984	1	0	1	315
CY121497.1	335	814	0	1	1	814
CY121497.1	382	1029	1	0	1	382
CY121497.1	382	916	0	1	1	916
CY121497.1	392	656	0	1	1	656
CY121497.1	396	1124	0	1	1	1124
CY121497.1	396	622	0	1	1	622
CY121497.1	398	847	0	1	1	847
CY121497.1	405	1092	1	0	1	405
CY121497.1	407	705	0	1	1	705
CY121497.1	422	798	0	1	1	798
CY121497.1	430	984	1	0	1	430
CY121497.1	444	801	0	1	1	801
CY121497.1	452	765	0	1	1	765
CY121497.1	470	650	1	0	1	470
CY121497.1	488	711	0	1	1	711
CY121497.1	489	758	0	1	1	758
CY121497.1	503	631	1	0	1	503
CY121497.1	514	658	0	1	1	658
CY121497.1	519	747	0	1	1	747
CY121497.1	526	1009	0	1	1	1009
CY121497.1	526	829	1	0	1	526
CY121497.1	533	1018	1	0	1	533
CY121497.1	538	746	0	1	1	746
CY121497.1	541	734	1	0	1	541
CY121497.1	595	1085	0	1	1	1085
CY121497.1	695	781	0	1	1	781
CY121497.1	712	813	0	1	1	813
CY121497.1	749	866	0	1	1	866
CY121497.1	777	972	1	0	1	777
CY121497.1	791	1145	0	1	1	1145
CY121497.1	804	1113	1	0	1	804
CY121497.1	805	929	1	0	1	805
CY121497.1	808	1040	1	0	1	808
CY121497.1	808	994	0	1	1	994
CY121497.1	828	1065	1	0	1	828
CY121497.1	838	877	0	1	1	877
CY121497.1	893	1003	1	0	1	893
CY121497.1	917	989	1	0	1	917
CY121497.1	931	1064	1	0	1	931
CY121498.1	1036	1184	0	1	1	1184
CY121498.1	1036	1358	0	1	1	1358
CY121498.1	1064	1465	0	1	1	1465
CY121498.1	1191	1240	1	0	1	1191
CY121498.1	1222	1396	1	0	1	1222
CY121498.1	342	396	0	1	1	396
CY121498.1	364	652	0	1	1	652
CY121498.1	415	1421	0	1	1	1421
CY121498.1	437	538	0	1	1	538
CY121498.1	480	575	1	0	1	480
CY121498.1	594	1416	1	0	1	594
CY121498.1	596	1430	0	1	1	1430
CY121498.1	732	1134	1	0	1	732
CY121498.1	870	1465	0	1	1	1465
CY121498.1	896	1452	1	0	1	896
CY121498.1	908	1399	0	1	1	1399
CY121498.1	977	1430	0	1	1	1430
CY121499.1	1010	1498	0	1	1	1498
CY121499.1	1013	1122	0	1	1	1122
CY121499.1	1038	1172	1	0	1	1038
CY121499.1	1054	1242	0	1	1	1242
CY121499.1	1075	1350	1	0	1	1075
CY121499.1	1104	1179	1	0	1	1104
CY121499.1	1144	1454	0	1	1	1454
CY121499.1	1174	1620	1	0	1	1174
CY121499.1	1178	1558	1	0	1	1178
CY121499.1	1223	1418	1	0	1	1223
CY121499.1	1292	1329	0	1	1	1329
CY121499.1	1359	1585	1	0	1	1359
CY121499.1	1426	1598	1	0	1	1426
CY121499.1	1437	1514	138	86	224	1437
CY121499.1	1454	1495	1	0	1	1454
CY121499.1	1542	1627	1	0	1	1542
CY121499.1	247	1523	1	0	1	247
CY121499.1	248	1370	1	0	1	248
CY121499.1	273	1566	1	0	1	273
CY121499.1	284	1196	1	0	1	284
CY121499.1	321	869	1	0	1	321
CY121499.1	321	885	0	1	1	885
CY121499.1	326	798	0	1	1	798
CY121499.1	337	1623	0	1	1	1623
CY121499.1	342	839	1	0	1	342
CY121499.1	349	1569	1	0	1	349
CY121499.1	364	846	0	1	1	846
CY121499.1	373	538	1	0	1	373
CY121499.1	385	589	0	1	1	589
CY121499.1	394	480	1	0	1	394
CY121499.1	405	690	0	1	1	690
CY121499.1	414	754	1	0	1	414
CY121499.1	415	674	0	1	1	674
CY121499.1	423	942	0	1	1	942
CY121499.1	424	1241	1	0	1	424
CY121499.1	428	1324	0	1	1	1324
CY121499.1	434	1400	0	1	1	1400
CY121499.1	448	1283	1	0	1	448
CY121499.1	448	1531	1	0	1	448
CY121499.1	450	539	1	0	1	450
CY121499.1	451	711	0	1	1	711
CY121499.1	459	1095	1	0	1	459
CY121499.1	468	1590	1	0	1	468
CY121499.1	476	568	1	0	1	476
CY121499.1	478	1134	1	0	1	478
CY121499.1	480	1082	0	1	1	1082
CY121499.1	483	744	1	0	1	483
CY121499.1	501	1128	0	1	1	1128
CY121499.1	509	1202	0	1	1	1202
CY121499.1	524	1263	0	1	1	1263
CY121499.1	539	943	1	0	1	539
CY121499.1	622	814	1	0	1	622
CY121499.1	625	699	0	1	1	699
CY121499.1	639	898	0	1	1	898
CY121499.1	655	1305	1	0	1	655
CY121499.1	671	1091	1	0	1	671
CY121499.1	679	1255	0	1	1	1255
CY121499.1	682	803	1	0	1	682
CY121499.1	689	1414	1	0	1	689
CY121499.1	691	1025	0	1	1	1025
CY121499.1	715	770	1	0	1	715
CY121499.1	736	1199	0	1	1	1199
CY121499.1	737	777	0	1	1	777
CY121499.1	748	925	0	1	1	925
CY121499.1	758	871	1	0	1	758
CY121499.1	770	824	1	0	1	770
CY121499.1	778	1150	1	0	1	778
CY121499.1	780	897	1	1	2	780
CY121499.1	787	870	0	1	1	870
CY121499.1	794	1481	0	1	1	1481
CY121499.1	796	1509	1	0	1	796
CY121499.1	830	1159	0	1	1	1159
CY121499.1	840	958	1	0	1	840
CY121499.1	843	1693	0	1	1	1693
CY121499.1	848	1148	1	0	1	848
CY121499.1	852	1018	1	0	1	852
CY121499.1	878	1028	0	1	1	1028
CY121499.1	879	1190	0	1	1	1190
CY121499.1	879	1559	1	0	1	879
CY121499.1	900	1618	0	1	1	1618
CY121499.1	913	1418	1	0	1	913
CY121499.1	919	1594	0	1	1	1594
CY121499.1	924	973	0	1	1	973
CY121499.1	971	1341	1	0	1	971
CY121499.1	980	1105	0	1	1	1105
CY121501.1	1050	2157	0	1	1	2157
CY121501.1	1054	2226	0	1	1	2226
CY121501.1	1055	2261	0	1	1	2261
CY121501.1	1094	1564	0	1	1	1564
CY121501.1	1117	2206	1	0	1	1117
CY121501.1	1131	1567	0	1	1	1567
CY121501.1	1169	1920	1	0	1	1169
CY121501.1	1247	1467	1	0	1	1247
CY121501.1	1289	1832	1	0	1	1289
CY121501.1	1305	1567	0	1	1	1567
CY121501.1	1357	1895	1	0	1	1357
CY121501.1	1406	1963	0	1	1	1963
CY121501.1	1463	1739	0	1	1	1739
CY121501.1	1535	2362	0	1	1	2362
CY121501.1	1576	2046	1	0	1	1576
CY121501.1	1624	2092	0	1	1	2092
CY121501.1	1647	2179	1	0	1	1647
CY121501.1	1688	2061	0	1	1	2061
CY121501.1	1750	2244	0	1	1	2244
CY121501.1	1754	2268	0	1	1	2268
CY121501.1	1768	1931	0	1	1	1931
CY121501.1	1886	2299	1	0	1	1886
CY121501.1	1889	2361	0	1	1	2361
CY121501.1	1913	1936	148	182	330	1913
CY121501.1	1933	2241	1	0	1	1933
CY121501.1	1979	2169	0	1	1	2169
CY121501.1	2046	2206	1	0	1	2046
CY121501.1	2080	2202	0	1	1	2202
CY121501.1	2138	2301	1	0	1	2138
CY121501.1	2245	2310	0	1	1	2310
CY121501.1	261	987	1	0	1	261
CY121501.1	272	420	1	0	1	272
CY121501.1	289	1741	1	0	1	289
CY121501.1	296	529	1	0	1	296
CY121501.1	338	1093	1	0	1	338
CY121501.1	345	2091	0	1	1	2091
CY121501.1	349	1758	0	1	1	1758
CY121501.1	351	1788	0	1	1	1788
CY121501.1	356	1008	0	1	1	1008
CY121501.1	387	2183	0	1	1	2183
CY121501.1	395	2273	1	0	1	395
CY121501.1	442	1200	0	1	1	1200
CY121501.1	443	2240	0	1	1	2240
CY121501.1	460	2355	0	1	1	2355
CY121501.1	532	1278	1	0	1	532
CY121501.1	555	1864	130	128	258	555
CY121501.1	556	1481	198	115	313	556
CY121501.1	586	1511	0	2	2	1511
CY121501.1	587	995	1	0	1	587
CY121501.1	590	2257	358	73	431	590
CY121501.1	611	903	1	0	1	611
CY121501.1	699	782	1	0	1	699
CY121501.1	702	2147	0	1	1	2147
CY121501.1	727	1896	1	0	1	727
CY121501.1	735	1661	1	0	1	735
CY121501.1	775	1676	176	171	347	775
CY121501.1	813	1192	1	0	1	813
CY121501.1	816	850	0	1	1	850
CY121501.1	821	1427	1	0	1	821
CY121501.1	831	1694	0	1	1	1694
CY121501.1	845	2177	0	1	1	2177
CY121501.1	851	1722	0	1	1	1722
CY121501.1	867	988	1	0	1	867
CY121501.1	958	1455	1	0	1	958
CY121501.1	999	1678	0	1	1	1678
CY121502.1	1181	1245	0	1	1	1245
CY121502.1	1210	1822	1	0	1	1210
CY121502.1	1240	1947	0	1	1	1947
CY121502.1	1387	2256	0	1	1	2256
CY121502.1	1409	2286	0	1	1	2286
CY121502.1	1411	2249	0	1	1	2249
CY121502.1	1443	1728	0	1	1	1728
CY121502.1	1450	1738	0	1	1	1738
CY121502.1	1516	1826	0	1	1	1826
CY121502.1	1528	1766	1	0	1	1528
CY121502.1	1543	2470	0	1	1	2470
CY121502.1	1594	2397	1	0	1	1594
CY121502.1	1686	1841	1	0	1	1686
CY121502.1	1733	2041	0	1	1	2041
CY121502.1	1866	2335	1	0	1	1866
CY121502.1	1867	2468	0	1	1	2468
CY121502.1	2226	2391	1	0	1	2226
CY121502.1	2289	2401	0	1	1	2401
CY121502.1	308	2388	1	0	1	308
CY121502.1	317	420	0	1	1	420
CY121502.1	366	909	0	1	1	909
CY121502.1	378	2308	154	9	163	378
CY121502.1	412	1175	1	0	1	412
CY121502.1	501	2389	1	0	1	501
CY121502.1	690	1109	1	0	1	690
CY121502.1	708	808	1	0	1	708
CY121502.1	738	1146	1	0	1	738
CY121502.1	756	1368	1	0	1	756
CY121502.1	774	1665	0	1	1	1665
CY121502.1	810	2311	0	1	1	2311
CY121502.1	868	1156	1	0	1	868
CY121502.1	879	1414	1	0	1	879
CY121502.1	924	2290	1	0	1	924
CY121502.1	942	2047	0	1	1	2047
CY121502.1	973	2138	1	0	1	973
CY121503.1	1076	1557	1	0	1	1076
CY121503.1	1076	2099	1	0	1	1076
CY121503.1	1095	1764	1	0	1	1095
CY121503.1	1098	1373	1	0	1	1098
CY121503.1	1103	1811	0	1	1	1811
CY121503.1	1145	1879	1	0	1	1145
CY121503.1	1165	2154	1	0	1	1165
CY121503.1	1170	1394	0	1	1	1394
CY121503.1	1357	2080	0	1	1	2080
CY121503.1	1366	2167	1	0	1	1366
CY121503.1	1446	1777	1	0	1	1446
CY121503.1	1446	2282	0	1	1	2282
CY121503.1	1493	1678	0	1	1	1678
CY121503.1	1513	1766	1	0	1	1513
CY121503.1	1520	2289	1	0	1	1520
CY121503.1	1608	2275	1	0	1	1608
CY121503.1	1726	2337	1	0	1	1726
CY121503.1	1736	2038	0	1	1	2038
CY121503.1	1742	1813	1	0	1	1742
CY121503.1	1744	1900	0	1	1	1900
CY121503.1	1796	2038	1	0	1	1796
CY121503.1	1974	2196	0	1	1	2196
CY121503.1	2119	2373	1	0	1	2119
CY121503.1	239	399	1	0	1	239
CY121503.1	305	2335	62	98	160	305
CY121503.1	309	1205	0	1	1	1205
CY121503.1	370	1977	0	1	1	1977
CY121503.1	410	2381	2	0	2	410
CY121503.1	415	1134	1	0	1	415
CY121503.1	436	2366	119	65	184	436
CY121503.1	447	1516	0	1	1	1516
CY121503.1	453	493	1	0	1	453
CY121503.1	541	979	1	0	1	541
CY121503.1	557	777	1	0	1	557
CY121503.1	568	1643	0	1	1	1643
CY121503.1	593	878	0	1	1	878
CY121503.1	606	1271	0	1	1	1271
CY121503.1	716	2405	0	1	1	2405
CY121503.1	719	1737	1	0	1	719
CY121503.1	722	1041	0	1	1	1041
CY121503.1	741	1798	1	0	1	741
CY121503.1	768	1914	0	1	1	1914
CY121503.1	802	1708	0	1	1	1708
CY121503.1	806	1449	0	1	1	1449
CY121503.1	840	1717	33	31	64	840
CY121503.1	844	1546	1	0	1	844
CY121503.1	844	1869	196	188	384	844
CY121503.1	845	1540	1	0	1	845
CY121503.1	878	1132	0	1	1	1132
CY121503.1	900	2323	1	0	1	900
CY121503.1	936	1795	1	0	1	936
CY121503.1	958	2224	0	1	1	2224
CY121503.1	973	2349	1	0	1	973
