Segment	Start	Stop	Forward_support	Reverse_support	Total_support	Fuzz_factor
CY121496.1	1004	1037	0	1	1	1037
CY121496.1	1012	1114	1	0	1	1012
CY121496.1	1022	1310	1	0	1	1022
CY121496.1	1025	1817	0	1	1	1817
CY121496.1	1027	1747	1	0	1	1027
CY121496.1	1035	1821	1	1	2	1035
CY121496.1	1052	1636	1	0	1	1052
CY121496.1	1061	1587	1	0	1	1061
CY121496.1	1066	1779	0	1	1	1779
CY121496.1	1076	1301	1	0	1	1076
CY121496.1	1078	1154	1	0	1	1078
CY121496.1	1078	1408	0	1	1	1408
CY121496.1	1088	1609	1	0	1	1088
CY121496.1	1107	1227	0	1	1	1227
CY121496.1	1129	1563	1	0	1	1129
CY121496.1	1135	1486	1	0	1	1135
CY121496.1	1138	1576	1	0	1	1138
CY121496.1	1140	1451	0	1	1	1451
CY121496.1	1149	1512	0	1	1	1512
CY121496.1	1156	1775	1	0	1	1156
CY121496.1	1165	1707	1	0	1	1165
CY121496.1	1186	1459	1	0	1	1186
CY121496.1	1190	1449	1	0	1	1190
CY121496.1	1190	1834	1	0	1	1190
CY121496.1	1205	1697	1	0	1	1205
CY121496.1	1209	1288	1	0	1	1209
CY121496.1	1219	1716	1	0	1	1219
CY121496.1	1232	1311	1	1	2	1232
CY121496.1	1232	1436	0	1	1	1436
CY121496.1	1244	1839	0	1	1	1839
CY121496.1	1261	1620	1	0	1	1261
CY121496.1	1263	1442	1	0	1	1263
CY121496.1	1276	1863	1	0	1	1276
CY121496.1	1278	1333	1	0	1	1278
CY121496.1	1282	1360	1	0	1	1282
CY121496.1	1305	1605	1	0	1	1305
CY121496.1	1308	1707	0	1	1	1707
CY121496.1	1324	1437	0	1	1	1437
CY121496.1	1325	1471	0	1	1	1471
CY121496.1	1334	1415	0	1	1	1415
CY121496.1	1334	1590	1	0	1	1334
CY121496.1	1350	1516	0	2	2	1516
CY121496.1	1353	1644	2	1	3	1353
CY121496.1	1354	1413	6	3	9	1354
CY121496.1	1357	1636	0	1	1	1636
CY121496.1	1357	1802	0	1	1	1802
CY121496.1	1367	1392	3	3	6	1367
CY121496.1	1375	1525	0	1	1	1525
CY121496.1	1383	1778	1	0	1	1383
CY121496.1	1395	1881	0	1	1	1881
CY121496.1	1409	1544	1	0	1	1409
CY121496.1	1412	1580	0	1	1	1580
CY121496.1	1413	1622	1	0	1	1413
CY121496.1	1424	1482	0	1	1	1482
CY121496.1	1427	1588	2	1	3	1427
CY121496.1	1429	1537	0	1	1	1537
CY121496.1	1431	1777	0	1	1	1777
CY121496.1	1440	1566	0	1	1	1566
CY121496.1	1458	1768	1	0	1	1458
CY121496.1	1460	1593	0	1	1	1593
CY121496.1	1479	1692	0	1	1	1692
CY121496.1	1534	1711	1	0	1	1534
CY121496.1	1545	1712	0	1	1	1712
CY121496.1	1566	1802	1	0	1	1566
CY121496.1	1583	1713	0	1	1	1713
CY121496.1	1587	1627	1	0	1	1587
CY121496.1	1588	1778	1	0	1	1588
CY121496.1	1593	1782	1	0	1	1593
CY121496.1	1631	1781	1	0	1	1631
CY121496.1	1633	1741	0	1	1	1741
CY121496.1	1683	1781	1	0	1	1683
CY121496.1	1690	1722	0	1	1	1722
CY121496.1	1707	1757	0	1	1	1757
CY121496.1	1726	1894	1	1	2	1726
CY121496.1	1739	1826	1	0	1	1739
CY121496.1	1746	1866	0	1	1	1866
CY121496.1	1782	1807	1	0	1	1782
CY121496.1	256	953	1	0	1	256
CY121496.1	261	1449	1	0	1	261
CY121496.1	264	1736	1	0	1	264
CY121496.1	277	1678	1	0	1	277
CY121496.1	279	1737	4	0	4	279
CY121496.1	289	1082	1	0	1	289
CY121496.1	298	1228	0	1	1	1228
CY121496.1	298	917	0	1	1	917
CY121496.1	299	1345	1	0	1	299
CY121496.1	301	1572	1	0	1	301
CY121496.1	320	656	0	1	1	656
CY121496.1	340	1898	0	1	1	1898
CY121496.1	343	1139	1	0	1	343
CY121496.1	346	1517	1	0	1	346
CY121496.1	348	898	1	0	1	348
CY121496.1	348	991	1	0	1	348
CY121496.1	350	1186	0	1	1	1186
CY121496.1	355	1802	0	1	1	1802
CY121496.1	358	708	0	1	1	708
CY121496.1	359	1053	0	1	1	1053
CY121496.1	359	880	0	1	1	880
CY121496.1	369	1890	1	0	1	369
CY121496.1	375	1110	0	1	1	1110
CY121496.1	376	1586	1	0	1	376
CY121496.1	380	537	1	0	1	380
CY121496.1	381	1590	3	15	18	381
CY121496.1	384	1624	0	1	1	1624
CY121496.1	387	1693	0	1	1	1693
CY121496.1	390	1258	1	0	1	390
CY121496.1	397	755	0	1	1	755
CY121496.1	411	1820	1	0	1	411
CY121496.1	412	1756	1	0	1	412
CY121496.1	416	1137	1	0	1	416
CY121496.1	418	1764	1	0	1	418
CY121496.1	420	1535	1	0	1	420
CY121496.1	423	1105	1	0	1	423
CY121496.1	426	1681	0	1	1	1681
CY121496.1	433	787	1	0	1	433
CY121496.1	437	1601	0	1	1	1601
CY121496.1	447	768	1	0	1	447
CY121496.1	451	1502	2	1	3	451
CY121496.1	451	1595	0	2	2	1595
CY121496.1	451	527	1	0	1	451
CY121496.1	454	772	1	0	1	454
CY121496.1	455	1158	0	1	1	1158
CY121496.1	457	489	0	1	1	489
CY121496.1	459	506	0	1	1	506
CY121496.1	463	743	1	0	1	463
CY121496.1	465	691	1	0	1	465
CY121496.1	474	534	0	1	1	534
CY121496.1	486	975	1	2	3	486
CY121496.1	489	1305	2	0	2	489
CY121496.1	490	1004	1	0	1	490
CY121496.1	493	1817	1	0	1	493
CY121496.1	493	904	0	1	1	904
CY121496.1	495	1482	1	0	1	495
CY121496.1	501	1186	0	1	1	1186
CY121496.1	506	1808	1	0	1	506
CY121496.1	511	818	0	1	1	818
CY121496.1	523	1605	1	1	2	523
CY121496.1	525	673	1	0	1	525
CY121496.1	533	1886	0	1	1	1886
CY121496.1	538	1514	2	1	3	538
CY121496.1	544	1058	1	0	1	544
CY121496.1	546	1758	4	1	5	546
CY121496.1	552	895	0	1	1	895
CY121496.1	555	1125	1	0	1	555
CY121496.1	558	1015	3	1	4	558
CY121496.1	560	1902	0	1	1	1902
CY121496.1	562	1638	2	1	3	562
CY121496.1	564	1616	2	0	2	564
CY121496.1	565	1201	1	0	1	565
CY121496.1	566	1044	1	0	1	566
CY121496.1	570	1310	2	0	2	570
CY121496.1	571	1097	1	0	1	571
CY121496.1	574	1733	2	0	2	574
CY121496.1	578	1743	2	0	2	578
CY121496.1	586	717	0	1	1	717
CY121496.1	591	1821	0	1	1	1821
CY121496.1	593	1151	1	0	1	593
CY121496.1	593	1652	1	0	1	593
CY121496.1	605	1457	0	1	1	1457
CY121496.1	606	1349	1	0	1	606
CY121496.1	614	1435	0	1	1	1435
CY121496.1	627	724	0	1	1	724
CY121496.1	635	1262	1	0	1	635
CY121496.1	644	1146	1	0	1	644
CY121496.1	667	1283	0	1	1	1283
CY121496.1	671	758	1	0	1	671
CY121496.1	677	1682	0	1	1	1682
CY121496.1	678	1213	1	0	1	678
CY121496.1	678	1254	1	0	1	678
CY121496.1	680	1919	0	1	1	1919
CY121496.1	686	1505	1	0	1	686
CY121496.1	697	1413	0	1	1	1413
CY121496.1	698	1643	1	0	1	698
CY121496.1	709	1255	0	1	1	1255
CY121496.1	711	1640	1	0	1	711
CY121496.1	713	1244	0	1	1	1244
CY121496.1	713	1595	0	1	1	1595
CY121496.1	718	1037	1	0	1	718
CY121496.1	718	1459	0	1	1	1459
CY121496.1	721	1279	0	1	1	1279
CY121496.1	734	1809	0	1	1	1809
CY121496.1	735	1282	1	0	1	735
CY121496.1	737	1603	1	0	1	737
CY121496.1	757	1272	0	1	1	1272
CY121496.1	758	1113	0	1	1	1113
CY121496.1	768	1060	1	1	2	768
CY121496.1	778	1851	0	1	1	1851
CY121496.1	779	1457	0	1	1	1457
CY121496.1	779	1736	0	1	1	1736
CY121496.1	786	1258	0	1	1	1258
CY121496.1	790	1802	0	1	1	1802
CY121496.1	791	1828	1	0	1	791
CY121496.1	793	1584	1	0	1	793
CY121496.1	801	845	0	1	1	845
CY121496.1	803	1362	1	0	1	803
CY121496.1	813	1452	1	0	1	813
CY121496.1	814	1183	1	0	1	814
CY121496.1	815	897	0	1	1	897
CY121496.1	818	1501	1	0	1	818
CY121496.1	838	999	1	0	1	838
CY121496.1	840	955	0	1	1	955
CY121496.1	841	1749	0	1	1	1749
CY121496.1	854	1788	1	0	1	854
CY121496.1	863	1164	0	1	1	1164
CY121496.1	865	1262	1	0	1	865
CY121496.1	871	1406	1	0	1	871
CY121496.1	873	1726	1	0	1	873
CY121496.1	884	1733	1	0	1	884
CY121496.1	900	1448	1	0	1	900
CY121496.1	909	1617	1	0	1	909
CY121496.1	923	1133	1	0	1	923
CY121496.1	940	1322	0	1	1	1322
CY121496.1	947	1320	0	1	1	1320
CY121496.1	952	1140	1	0	1	952
CY121496.1	954	1344	0	1	1	1344
CY121496.1	971	1081	1	0	1	971
CY121496.1	981	1889	0	1	1	1889
CY121496.1	982	1154	0	1	1	1154
CY121496.1	989	1206	1	0	1	989
CY121496.1	993	1350	0	1	1	1350
CY121496.1	993	1747	1	0	1	993
CY121496.1	997	1511	1	0	1	997
CY121497.1	1007	1141	1	2	3	1007
CY121497.1	1016	1143	0	1	1	1143
CY121497.1	1028	1154	0	1	1	1154
CY121497.1	1064	1131	1	0	1	1064
CY121497.1	235	625	1	0	1	235
CY121497.1	236	517	1	0	1	236
CY121497.1	249	531	2	0	2	249
CY121497.1	255	668	1	0	1	255
CY121497.1	257	551	27	0	27	257
CY121497.1	264	1127	2	0	2	264
CY121497.1	272	554	34	3	37	272
CY121497.1	278	560	1	0	1	278
CY121497.1	278	851	3	0	3	278
CY121497.1	284	1086	1	0	1	284
CY121497.1	284	853	1	0	1	284
CY121497.1	313	939	1	0	1	313
CY121497.1	333	613	0	1	1	613
CY121497.1	338	1140	1	0	1	338
CY121497.1	339	747	1	0	1	339
CY121497.1	341	1020	2	4	6	341
CY121497.1	344	1142	0	1	1	1142
CY121497.1	344	955	0	1	1	955
CY121497.1	346	803	1	0	1	346
CY121497.1	350	576	11	36	47	350
CY121497.1	353	397	0	1	1	397
CY121497.1	353	547	0	1	1	547
CY121497.1	355	836	1	0	1	355
CY121497.1	358	630	0	1	1	630
CY121497.1	358	993	0	1	1	993
CY121497.1	360	803	2	1	3	360
CY121497.1	361	843	0	1	1	843
CY121497.1	369	771	0	1	1	771
CY121497.1	374	600	0	1	1	600
CY121497.1	375	800	0	1	1	800
CY121497.1	377	558	1	0	1	377
CY121497.1	384	472	0	1	1	472
CY121497.1	389	650	0	1	1	650
CY121497.1	395	420	0	1	1	420
CY121497.1	395	498	0	1	1	498
CY121497.1	395	521	0	1	1	521
CY121497.1	396	1160	0	1	1	1160
CY121497.1	396	524	1	0	1	396
CY121497.1	396	728	1	0	1	396
CY121497.1	397	554	0	1	1	554
CY121497.1	397	594	1	0	1	397
CY121497.1	397	609	1	0	1	397
CY121497.1	401	1159	0	1	1	1159
CY121497.1	405	589	1	1	2	405
CY121497.1	406	632	1	0	1	406
CY121497.1	406	864	1	0	1	406
CY121497.1	407	942	1	0	1	407
CY121497.1	412	678	1	0	1	412
CY121497.1	413	979	1	0	1	413
CY121497.1	415	551	0	2	2	551
CY121497.1	418	1154	0	1	1	1154
CY121497.1	419	533	1	0	1	419
CY121497.1	421	573	0	1	1	573
CY121497.1	432	862	1	0	1	432
CY121497.1	434	488	0	1	1	488
CY121497.1	437	681	2	2	4	437
CY121497.1	437	816	11	15	26	437
CY121497.1	437	855	0	1	1	855
CY121497.1	437	867	0	1	1	867
CY121497.1	438	682	0	1	1	682
CY121497.1	438	817	1	1	2	438
CY121497.1	439	892	0	1	1	892
CY121497.1	439	944	0	1	1	944
CY121497.1	440	538	0	1	1	538
CY121497.1	441	908	0	1	1	908
CY121497.1	444	887	1	0	1	444
CY121497.1	448	716	0	1	1	716
CY121497.1	448	818	2	0	2	448
CY121497.1	448	866	2	3	5	448
CY121497.1	449	673	1	1	2	449
CY121497.1	450	824	3	2	5	450
CY121497.1	453	712	0	1	1	712
CY121497.1	455	496	1	0	1	455
CY121497.1	461	537	0	1	1	537
CY121497.1	461	657	1	0	1	461
CY121497.1	468	914	0	1	1	914
CY121497.1	472	851	1	0	1	472
CY121497.1	481	958	0	2	2	958
CY121497.1	485	550	0	1	1	550
CY121497.1	486	1149	0	1	1	1149
CY121497.1	492	1000	0	1	1	1000
CY121497.1	500	771	0	1	1	771
CY121497.1	503	644	1	0	1	503
CY121497.1	504	793	1	0	1	504
CY121497.1	512	757	0	1	1	757
CY121497.1	516	746	1	0	1	516
CY121497.1	520	815	0	1	1	815
CY121497.1	531	942	0	1	1	942
CY121497.1	535	839	1	0	1	535
CY121497.1	543	1145	0	1	1	1145
CY121497.1	544	1084	0	1	1	1084
CY121497.1	546	681	0	1	1	681
CY121497.1	557	632	2	7	9	557
CY121497.1	560	817	1	0	1	560
CY121497.1	560	852	1	0	1	560
CY121497.1	569	1146	0	1	1	1146
CY121497.1	578	1020	1	0	1	578
CY121497.1	587	636	0	1	1	636
CY121497.1	587	690	1	1	2	587
CY121497.1	588	805	0	2	2	805
CY121497.1	589	908	1	0	1	589
CY121497.1	592	671	1	0	1	592
CY121497.1	592	865	7	6	13	592
CY121497.1	592	964	3	3	6	592
CY121497.1	596	1026	5	0	5	596
CY121497.1	597	677	0	1	1	677
CY121497.1	601	902	1	3	4	601
CY121497.1	606	633	0	1	1	633
CY121497.1	608	792	0	1	1	792
CY121497.1	609	1032	0	1	1	1032
CY121497.1	610	755	0	1	1	755
CY121497.1	611	876	0	1	1	876
CY121497.1	612	1095	0	1	1	1095
CY121497.1	614	732	1	0	1	614
CY121497.1	615	890	1	1	2	615
CY121497.1	618	1136	1	1	2	618
CY121497.1	625	713	1	1	2	625
CY121497.1	629	1139	0	1	1	1139
CY121497.1	629	762	1	1	2	629
CY121497.1	632	719	1	0	1	632
CY121497.1	632	960	6	0	6	632
CY121497.1	642	1002	1	0	1	642
CY121497.1	644	827	0	1	1	827
CY121497.1	655	851	0	1	1	851
CY121497.1	658	769	1	0	1	658
CY121497.1	662	1042	0	1	1	1042
CY121497.1	669	1062	0	1	1	1062
CY121497.1	670	865	1	0	1	670
CY121497.1	674	944	0	1	1	944
CY121497.1	674	965	1	0	1	674
CY121497.1	678	983	1	0	1	678
CY121497.1	682	818	7	22	29	682
CY121497.1	682	866	1	0	1	682
CY121497.1	683	939	0	1	1	939
CY121497.1	684	799	0	1	1	799
CY121497.1	684	967	1	2	3	684
CY121497.1	686	1012	1	0	1	686
CY121497.1	687	1159	0	1	1	1159
CY121497.1	687	823	1	0	1	687
CY121497.1	688	842	2	2	4	688
CY121497.1	689	1134	0	1	1	1134
CY121497.1	693	888	1	0	1	693
CY121497.1	697	859	0	1	1	859
CY121497.1	700	775	0	1	1	775
CY121497.1	708	876	0	1	1	876
CY121497.1	715	822	1	0	1	715
CY121497.1	715	862	0	1	1	862
CY121497.1	717	936	0	1	1	936
CY121497.1	718	968	2	1	3	718
CY121497.1	719	1092	1	0	1	719
CY121497.1	721	863	7	13	20	721
CY121497.1	722	1012	0	1	1	1012
CY121497.1	722	990	0	1	1	990
CY121497.1	730	754	0	1	1	754
CY121497.1	738	1031	0	1	1	1031
CY121497.1	752	875	1	0	1	752
CY121497.1	758	939	1	0	1	758
CY121497.1	759	911	0	1	1	911
CY121497.1	760	1029	0	1	1	1029
CY121497.1	761	1179	0	1	1	1179
CY121497.1	761	957	3	2	5	761
CY121497.1	762	862	2	0	2	762
CY121497.1	767	967	0	1	1	967
CY121497.1	769	821	0	3	3	821
CY121497.1	769	856	1	0	1	769
CY121497.1	774	1111	1	0	1	774
CY121497.1	775	1024	1	0	1	775
CY121497.1	786	850	1	0	1	786
CY121497.1	786	855	0	1	1	855
CY121497.1	787	908	1	0	1	787
CY121497.1	788	863	1	0	1	788
CY121497.1	790	872	0	3	3	872
CY121497.1	793	844	0	1	1	844
CY121497.1	793	855	0	1	1	855
CY121497.1	795	865	2	2	4	795
CY121497.1	800	861	0	1	1	861
CY121497.1	807	1017	1	0	1	807
CY121497.1	813	983	1	0	1	813
CY121497.1	817	938	1	0	1	817
CY121497.1	820	869	2	1	3	820
CY121497.1	821	870	0	1	1	870
CY121497.1	822	1055	1	0	1	822
CY121497.1	853	1012	1	0	1	853
CY121497.1	857	1090	1	0	1	857
CY121497.1	859	968	1	0	1	859
CY121497.1	865	965	0	1	1	965
CY121497.1	875	967	1	0	1	875
CY121497.1	882	1046	1	0	1	882
CY121497.1	884	1015	3	2	5	884
CY121497.1	886	912	0	1	1	912
CY121497.1	896	1143	0	1	1	1143
CY121497.1	903	1135	1	1	2	903
CY121497.1	905	963	0	1	1	963
CY121497.1	912	1063	1	0	1	912
CY121497.1	922	1019	0	2	2	1019
CY121497.1	934	1093	1	0	1	934
CY121497.1	946	1004	1	0	1	946
CY121497.1	950	1097	1	0	1	950
CY121497.1	957	1055	1	0	1	957
CY121497.1	976	1039	1	0	1	976
CY121498.1	1057	1536	1	0	1	1057
CY121498.1	1186	1246	1	0	1	1186
CY121498.1	1271	1380	1	0	1	1271
CY121498.1	1273	1379	0	1	1	1379
CY121498.1	1288	1392	0	1	1	1392
CY121498.1	1317	1478	0	1	1	1478
CY121498.1	1366	1593	0	1	1	1593
CY121498.1	1515	1617	0	1	1	1617
CY121498.1	1590	1619	0	1	1	1619
CY121498.1	243	836	1	0	1	243
CY121498.1	249	295	1	0	1	249
CY121498.1	252	1236	1	0	1	252
CY121498.1	266	600	1	0	1	266
CY121498.1	266	949	1	0	1	266
CY121498.1	278	1512	1	0	1	278
CY121498.1	278	434	1	0	1	278
CY121498.1	318	751	1	0	1	318
CY121498.1	331	1479	0	1	1	1479
CY121498.1	343	874	0	1	1	874
CY121498.1	351	1346	1	0	1	351
CY121498.1	354	467	0	1	1	467
CY121498.1	360	693	0	1	1	693
CY121498.1	390	1475	0	1	1	1475
CY121498.1	394	592	0	1	1	592
CY121498.1	406	1047	1	0	1	406
CY121498.1	406	926	1	0	1	406
CY121498.1	413	1283	0	1	1	1283
CY121498.1	416	1259	0	1	1	1259
CY121498.1	419	917	0	1	1	917
CY121498.1	423	943	1	0	1	423
CY121498.1	467	547	1	0	1	467
CY121498.1	478	1241	0	1	1	1241
CY121498.1	499	802	1	0	1	499
CY121498.1	500	1353	0	1	1	1353
CY121498.1	510	1145	1	0	1	510
CY121498.1	515	1118	0	1	1	1118
CY121498.1	524	1215	1	0	1	524
CY121498.1	524	1347	0	1	1	1347
CY121498.1	529	1473	1	0	1	529
CY121498.1	539	1121	1	0	1	539
CY121498.1	540	892	1	0	1	540
CY121498.1	545	1453	1	0	1	545
CY121498.1	545	1590	0	1	1	1590
CY121498.1	585	1088	0	1	1	1088
CY121498.1	588	684	0	1	1	684
CY121498.1	592	746	1	0	1	592
CY121498.1	608	992	1	0	1	608
CY121498.1	617	674	1	0	1	617
CY121498.1	646	888	0	1	1	888
CY121498.1	666	736	1	0	1	666
CY121498.1	685	989	0	1	1	989
CY121498.1	701	1561	1	0	1	701
CY121498.1	719	1535	1	0	1	719
CY121498.1	723	1465	0	1	1	1465
CY121498.1	728	1266	0	1	1	1266
CY121498.1	773	1061	0	1	1	1061
CY121498.1	785	1053	0	1	1	1053
CY121498.1	806	1046	1	0	1	806
CY121498.1	810	1563	0	1	1	1563
CY121498.1	823	899	1	0	1	823
CY121498.1	844	1273	1	0	1	844
CY121498.1	886	1235	0	1	1	1235
CY121498.1	897	924	1	0	1	897
CY121498.1	901	1481	0	1	1	1481
CY121498.1	912	1480	0	1	1	1480
CY121499.1	1007	1144	1	0	1	1007
CY121499.1	1016	1571	1	0	1	1016
CY121499.1	1020	1140	0	1	1	1140
CY121499.1	1021	1363	1	0	1	1021
CY121499.1	1025	1425	1	0	1	1025
CY121499.1	1029	1232	0	1	1	1232
CY121499.1	1029	1361	1	0	1	1029
CY121499.1	1032	1197	1	0	1	1032
CY121499.1	1040	1349	0	1	1	1349
CY121499.1	1041	1505	0	1	1	1505
CY121499.1	1042	1449	1	0	1	1042
CY121499.1	1054	1444	1	0	1	1054
CY121499.1	1059	1519	0	1	1	1519
CY121499.1	1081	1158	0	1	1	1158
CY121499.1	1085	1596	0	1	1	1596
CY121499.1	1087	1310	1	0	1	1087
CY121499.1	1110	1307	0	1	1	1307
CY121499.1	1119	1496	0	1	1	1496
CY121499.1	1137	1249	1	1	2	1137
CY121499.1	1158	1296	0	1	1	1296
CY121499.1	1179	1583	1	1	2	1179
CY121499.1	1219	1276	1	0	1	1219
CY121499.1	1222	1386	1	0	1	1222
CY121499.1	1276	1453	1	0	1	1276
CY121499.1	1304	1347	0	1	1	1347
CY121499.1	1311	1414	0	1	1	1414
CY121499.1	1321	1494	1	0	1	1321
CY121499.1	1336	1459	1	0	1	1336
CY121499.1	1339	1388	0	1	1	1388
CY121499.1	1351	1390	0	1	1	1390
CY121499.1	1356	1520	0	1	1	1520
CY121499.1	1367	1411	0	1	1	1411
CY121499.1	1367	1441	0	1	1	1441
CY121499.1	1379	1678	0	1	1	1678
CY121499.1	1413	1463	0	1	1	1463
CY121499.1	1423	1546	1	1	2	1423
CY121499.1	1437	1514	0	1	1	1514
CY121499.1	1443	1491	1	0	1	1443
CY121499.1	1444	1568	1	4	5	1444
CY121499.1	1445	1569	0	2	2	1569
CY121499.1	1460	1495	1	0	1	1460
CY121499.1	1464	1567	1	0	1	1464
CY121499.1	1473	1523	1	0	1	1473
CY121499.1	1512	1681	0	1	1	1681
CY121499.1	1558	1644	1	0	1	1558
CY121499.1	1564	1688	0	2	2	1688
CY121499.1	1571	1725	0	2	2	1725
CY121499.1	1591	1697	0	2	2	1697
CY121499.1	1606	1727	0	4	4	1727
CY121499.1	1642	1676	0	1	1	1676
CY121499.1	1653	1697	0	1	1	1697
CY121499.1	248	605	1	0	1	248
CY121499.1	265	1084	1	0	1	265
CY121499.1	271	1082	1	0	1	271
CY121499.1	277	1344	1	0	1	277
CY121499.1	292	920	1	0	1	292
CY121499.1	298	1136	0	1	1	1136
CY121499.1	320	1131	1	0	1	320
CY121499.1	320	530	1	0	1	320
CY121499.1	326	1543	0	1	1	1543
CY121499.1	327	1722	0	1	1	1722
CY121499.1	331	1041	0	1	1	1041
CY121499.1	332	1053	0	1	1	1053
CY121499.1	346	1164	0	1	1	1164
CY121499.1	352	1072	1	0	1	352
CY121499.1	370	1379	0	1	1	1379
CY121499.1	393	689	0	1	1	689
CY121499.1	400	1027	0	1	1	1027
CY121499.1	403	1697	0	2	2	1697
CY121499.1	405	1454	0	1	1	1454
CY121499.1	409	1444	0	1	1	1444
CY121499.1	409	1599	0	1	1	1599
CY121499.1	411	1260	0	1	1	1260
CY121499.1	414	1472	1	0	1	414
CY121499.1	416	1688	0	1	1	1688
CY121499.1	427	1186	1	0	1	427
CY121499.1	427	704	0	1	1	704
CY121499.1	431	1362	0	1	1	1362
CY121499.1	454	1616	0	1	1	1616
CY121499.1	456	868	1	0	1	456
CY121499.1	460	1012	1	0	1	460
CY121499.1	466	589	0	1	1	589
CY121499.1	467	1553	1	0	1	467
CY121499.1	468	1452	1	0	1	468
CY121499.1	478	1279	1	0	1	478
CY121499.1	486	1372	1	0	1	486
CY121499.1	510	1297	1	0	1	510
CY121499.1	511	930	0	1	1	930
CY121499.1	514	1148	0	1	1	1148
CY121499.1	516	1581	1	0	1	516
CY121499.1	523	1093	0	1	1	1093
CY121499.1	533	1010	1	0	1	533
CY121499.1	539	1512	1	0	1	539
CY121499.1	547	1005	1	0	1	547
CY121499.1	561	1327	1	0	1	561
CY121499.1	561	897	1	0	1	561
CY121499.1	567	803	0	1	1	803
CY121499.1	570	863	1	0	1	570
CY121499.1	574	1686	0	1	1	1686
CY121499.1	580	889	0	1	1	889
CY121499.1	593	1244	0	1	1	1244
CY121499.1	593	728	0	1	1	728
CY121499.1	600	1405	0	1	1	1405
CY121499.1	603	1552	0	1	1	1552
CY121499.1	609	1409	0	1	1	1409
CY121499.1	619	783	1	1	2	619
CY121499.1	635	1280	1	0	1	635
CY121499.1	639	1373	1	0	1	639
CY121499.1	646	1007	1	0	1	646
CY121499.1	648	1149	0	1	1	1149
CY121499.1	656	1442	1	0	1	656
CY121499.1	659	1319	0	1	1	1319
CY121499.1	678	910	0	1	1	910
CY121499.1	682	1186	1	1	2	682
CY121499.1	694	918	0	1	1	918
CY121499.1	695	1423	1	0	1	695
CY121499.1	697	1276	1	0	1	697
CY121499.1	703	1642	1	0	1	703
CY121499.1	708	1013	0	1	1	1013
CY121499.1	723	964	2	0	2	723
CY121499.1	735	897	0	1	1	897
CY121499.1	736	1587	1	0	1	736
CY121499.1	739	1302	0	1	1	1302
CY121499.1	748	976	0	1	1	976
CY121499.1	767	1504	0	1	1	1504
CY121499.1	769	1049	1	0	1	769
CY121499.1	772	1567	1	0	1	772
CY121499.1	778	1494	0	1	1	1494
CY121499.1	789	839	0	1	1	839
CY121499.1	797	1608	1	0	1	797
CY121499.1	812	1230	1	0	1	812
CY121499.1	812	1252	0	1	1	1252
CY121499.1	817	1089	0	1	1	1089
CY121499.1	827	1678	0	1	1	1678
CY121499.1	827	851	1	0	1	827
CY121499.1	831	1467	1	0	1	831
CY121499.1	832	1240	0	1	1	1240
CY121499.1	832	956	1	0	1	832
CY121499.1	832	959	0	1	1	959
CY121499.1	833	1042	0	1	1	1042
CY121499.1	837	1600	1	0	1	837
CY121499.1	842	904	1	0	1	842
CY121499.1	863	1481	0	1	1	1481
CY121499.1	865	1608	0	1	1	1608
CY121499.1	872	1482	1	0	1	872
CY121499.1	877	1123	0	1	1	1123
CY121499.1	878	939	0	1	1	939
CY121499.1	884	1573	1	0	1	884
CY121499.1	895	1342	1	0	1	895
CY121499.1	900	1087	1	0	1	900
CY121499.1	908	957	0	1	1	957
CY121499.1	909	1013	0	1	1	1013
CY121499.1	910	1236	0	1	1	1236
CY121499.1	917	1349	0	1	1	1349
CY121499.1	925	978	0	1	1	978
CY121499.1	926	1251	0	1	1	1251
CY121499.1	934	1132	1	0	1	934
CY121499.1	936	1168	0	1	1	1168
CY121499.1	952	1068	0	1	1	1068
CY121499.1	957	1428	0	1	1	1428
CY121499.1	972	1045	0	1	1	1045
CY121499.1	976	1451	1	0	1	976
CY121499.1	997	1402	0	1	1	1402
CY121499.1	999	1044	6	2	8	999
CY121500.1	290	924	14	1	15	290
CY121500.1	352	374	0	1	1	374
CY121500.1	352	846	0	1	1	846
CY121500.1	353	791	1	3	4	353
CY121500.1	354	851	0	1	1	851
CY121500.1	408	943	1	0	1	408
CY121500.1	432	868	0	2	2	868
CY121500.1	450	1042	0	1	1	1042
CY121500.1	456	868	1	1	2	456
CY121500.1	514	743	7	7	14	514
CY121500.1	516	1018	0	1	1	1018
CY121500.1	579	617	1	0	1	579
CY121500.1	585	643	3	0	3	585
CY121500.1	589	714	1	0	1	589
CY121500.1	590	951	0	1	1	951
CY121500.1	634	656	0	1	1	656
CY121500.1	668	815	0	1	1	815
CY121500.1	686	951	0	1	1	951
CY121500.1	693	852	0	1	1	852
CY121500.1	898	967	1	0	1	898
CY121501.1	1008	1572	1	0	1	1008
CY121501.1	1012	2066	1	0	1	1012
CY121501.1	1017	2182	1	1	2	1017
CY121501.1	1026	1083	0	1	1	1083
CY121501.1	1032	1551	0	1	1	1551
CY121501.1	1038	1937	1	0	1	1038
CY121501.1	1042	1657	3	0	3	1042
CY121501.1	1048	1880	0	1	1	1880
CY121501.1	1057	1128	0	1	1	1128
CY121501.1	1066	1302	1	0	1	1066
CY121501.1	1080	1730	1	0	1	1080
CY121501.1	1082	2364	0	2	2	2364
CY121501.1	1090	2372	0	1	1	2372
CY121501.1	1096	2190	1	0	1	1096
CY121501.1	1097	1791	1	0	1	1097
CY121501.1	1106	2097	1	0	1	1106
CY121501.1	1110	1151	1	0	1	1110
CY121501.1	1110	1203	0	1	1	1203
CY121501.1	1120	1336	0	1	1	1336
CY121501.1	1141	1774	0	2	2	1774
CY121501.1	1143	2346	0	1	1	2346
CY121501.1	1156	1567	1	0	1	1156
CY121501.1	1166	2036	1	0	1	1166
CY121501.1	1169	1396	1	0	1	1169
CY121501.1	1172	2315	1	0	1	1172
CY121501.1	1175	2046	0	1	1	2046
CY121501.1	1207	2081	1	0	1	1207
CY121501.1	1212	1401	1	0	1	1212
CY121501.1	1216	1664	0	1	1	1664
CY121501.1	1244	1688	1	0	1	1244
CY121501.1	1254	1694	0	1	1	1694
CY121501.1	1260	1649	1	2	3	1260
CY121501.1	1265	1656	1	0	1	1265
CY121501.1	1309	1714	0	1	1	1714
CY121501.1	1313	1572	1	0	1	1313
CY121501.1	1327	1829	1	0	1	1327
CY121501.1	1345	2101	1	0	1	1345
CY121501.1	1347	1628	0	1	1	1628
CY121501.1	1350	2139	0	1	1	2139
CY121501.1	1392	1788	1	0	1	1392
CY121501.1	1402	2129	0	1	1	2129
CY121501.1	1406	1953	0	1	1	1953
CY121501.1	1410	2376	0	1	1	2376
CY121501.1	1466	2012	0	1	1	2012
CY121501.1	1466	2356	0	1	1	2356
CY121501.1	1483	2071	1	0	1	1483
CY121501.1	1483	2254	3	0	3	1483
CY121501.1	1483	2301	1	0	1	1483
CY121501.1	1501	2187	0	1	1	2187
CY121501.1	1506	1936	0	1	1	1936
CY121501.1	1509	2190	1	1	2	1509
CY121501.1	1513	1703	1	0	1	1513
CY121501.1	1514	2298	0	1	1	2298
CY121501.1	1535	2362	0	2	2	2362
CY121501.1	1539	2313	1	0	1	1539
CY121501.1	1539	2365	0	1	1	2365
CY121501.1	1563	2361	0	1	1	2361
CY121501.1	1565	2343	0	1	1	2343
CY121501.1	1568	1997	0	1	1	1997
CY121501.1	1570	2297	1	3	4	1570
CY121501.1	1586	2005	0	1	1	2005
CY121501.1	1588	1859	0	1	1	1859
CY121501.1	1629	1995	0	1	1	1995
CY121501.1	1629	2112	1	0	1	1629
CY121501.1	1632	1734	0	1	1	1734
CY121501.1	1660	1684	0	1	1	1684
CY121501.1	1689	2302	0	1	1	2302
CY121501.1	1689	2386	0	4	4	2386
CY121501.1	1703	2117	1	0	1	1703
CY121501.1	1720	1743	0	1	1	1743
CY121501.1	1724	1756	0	1	1	1756
CY121501.1	1726	1988	1	0	1	1726
CY121501.1	1734	2085	1	0	1	1734
CY121501.1	1767	2361	0	1	1	2361
CY121501.1	1774	1974	0	1	1	1974
CY121501.1	1778	2130	0	1	1	2130
CY121501.1	1787	1920	0	4	4	1920
CY121501.1	1795	2300	2	1	3	1795
CY121501.1	1804	1979	0	1	1	1979
CY121501.1	1843	2068	0	1	1	2068
CY121501.1	1846	2251	0	1	1	2251
CY121501.1	1852	2273	0	1	1	2273
CY121501.1	1886	2107	0	1	1	2107
CY121501.1	1900	2168	0	1	1	2168
CY121501.1	1929	1962	1	0	1	1929
CY121501.1	1942	2295	1	0	1	1942
CY121501.1	2005	2210	1	0	1	2005
CY121501.1	2012	2050	1	0	1	2012
CY121501.1	2016	2168	0	2	2	2168
CY121501.1	2054	2358	0	1	1	2358
CY121501.1	2064	2106	1	1	2	2064
CY121501.1	2065	2163	1	0	1	2065
CY121501.1	2084	2266	1	0	1	2084
CY121501.1	2124	2152	1	0	1	2124
CY121501.1	2223	2352	0	1	1	2352
CY121501.1	2239	2283	3	0	3	2239
CY121501.1	2249	2318	0	1	1	2318
CY121501.1	2259	2321	2	1	3	2259
CY121501.1	274	460	1	0	1	274
CY121501.1	276	2064	1	0	1	276
CY121501.1	283	2261	2	0	2	283
CY121501.1	288	842	1	0	1	288
CY121501.1	293	2109	1	0	1	293
CY121501.1	294	1021	1	0	1	294
CY121501.1	305	2252	0	1	1	2252
CY121501.1	315	2287	1	0	1	315
CY121501.1	336	2150	0	14	14	2150
CY121501.1	337	379	0	2	2	379
CY121501.1	343	2069	0	1	1	2069
CY121501.1	352	799	1	0	1	352
CY121501.1	357	1677	1	0	1	357
CY121501.1	369	2143	0	1	1	2143
CY121501.1	372	2093	0	1	1	2093
CY121501.1	377	1068	0	1	1	1068
CY121501.1	378	1202	0	1	1	1202
CY121501.1	382	1398	0	1	1	1398
CY121501.1	384	738	0	1	1	738
CY121501.1	385	2240	3	1	4	385
CY121501.1	387	2186	1	0	1	387
CY121501.1	388	1715	1	0	1	388
CY121501.1	392	1955	1	0	1	392
CY121501.1	396	2265	0	1	1	2265
CY121501.1	406	1236	1	0	1	406
CY121501.1	406	1377	0	1	1	1377
CY121501.1	410	1643	0	1	1	1643
CY121501.1	411	2143	1	0	1	411
CY121501.1	414	446	0	1	1	446
CY121501.1	417	1170	1	0	1	417
CY121501.1	418	2258	1	0	1	418
CY121501.1	430	806	0	1	1	806
CY121501.1	431	2140	1	0	1	431
CY121501.1	450	2062	1	2	3	450
CY121501.1	453	476	1	0	1	453
CY121501.1	455	843	1	1	2	455
CY121501.1	459	2162	0	1	1	2162
CY121501.1	461	2036	1	0	1	461
CY121501.1	464	1283	1	0	1	464
CY121501.1	470	1131	1	0	1	470
CY121501.1	479	514	0	1	1	514
CY121501.1	496	2014	6	1	7	496
CY121501.1	497	1877	0	1	1	1877
CY121501.1	505	1869	0	1	1	1869
CY121501.1	505	2051	1	1	2	505
CY121501.1	514	2205	2	0	2	514
CY121501.1	515	567	0	1	1	567
CY121501.1	518	1870	1	0	1	518
CY121501.1	521	1128	1	0	1	521
CY121501.1	522	1986	1	0	1	522
CY121501.1	523	1375	0	1	1	1375
CY121501.1	530	1710	0	1	1	1710
CY121501.1	546	1998	1	0	1	546
CY121501.1	549	2209	1	0	1	549
CY121501.1	551	2315	1	0	1	551
CY121501.1	552	2029	6	3	9	552
CY121501.1	553	2011	1	0	1	553
CY121501.1	557	1957	3	0	3	557
CY121501.1	562	2011	3	1	4	562
CY121501.1	563	2013	2	1	3	563
CY121501.1	566	2030	0	2	2	2030
CY121501.1	566	601	1	0	1	566
CY121501.1	566	906	1	0	1	566
CY121501.1	569	857	0	1	1	857
CY121501.1	570	1930	2	2	4	570
CY121501.1	570	2030	1	1	2	570
CY121501.1	572	2223	1	0	1	572
CY121501.1	574	2050	0	1	1	2050
CY121501.1	576	1735	1	0	1	576
CY121501.1	577	951	1	0	1	577
CY121501.1	578	1492	0	1	1	1492
CY121501.1	583	1929	7	3	10	583
CY121501.1	605	1736	1	0	1	605
CY121501.1	611	1891	0	2	2	1891
CY121501.1	614	1829	1	1	2	614
CY121501.1	615	1890	10	7	17	615
CY121501.1	618	1956	2	0	2	618
CY121501.1	619	1094	1	0	1	619
CY121501.1	620	1919	14	3	17	620
CY121501.1	625	1948	2	2	4	625
CY121501.1	629	1904	0	1	1	1904
CY121501.1	630	1748	0	1	1	1748
CY121501.1	631	1796	6	0	6	631
CY121501.1	634	1770	1	1	2	634
CY121501.1	635	1724	1	0	1	635
CY121501.1	638	2310	3	0	3	638
CY121501.1	638	696	0	1	1	696
CY121501.1	649	1933	0	1	1	1933
CY121501.1	653	1858	1	1	2	653
CY121501.1	656	1359	0	1	1	1359
CY121501.1	656	2362	0	2	2	2362
CY121501.1	659	1914	2	2	4	659
CY121501.1	659	789	1	0	1	659
CY121501.1	669	1707	0	1	1	1707
CY121501.1	671	1134	1	0	1	671
CY121501.1	677	1961	1	0	1	677
CY121501.1	682	1137	1	0	1	682
CY121501.1	682	2264	1	0	1	682
CY121501.1	683	1922	2	0	2	683
CY121501.1	688	2116	0	1	1	2116
CY121501.1	689	2036	1	0	1	689
CY121501.1	689	746	1	4	5	689
CY121501.1	692	1866	1	0	1	692
CY121501.1	701	1378	6	0	6	701
CY121501.1	701	1997	4	4	8	701
CY121501.1	703	2045	0	1	1	2045
CY121501.1	704	1873	0	1	1	1873
CY121501.1	705	2177	1	0	1	705
CY121501.1	711	1638	3	0	3	711
CY121501.1	714	1731	0	1	1	1731
CY121501.1	716	1659	1	1	2	716
CY121501.1	717	2002	1	1	2	717
CY121501.1	718	2003	0	1	1	2003
CY121501.1	718	813	3	0	3	718
CY121501.1	719	1729	0	1	1	1729
CY121501.1	721	1903	1	1	2	721
CY121501.1	726	1793	0	1	1	1793
CY121501.1	726	1795	1	0	1	726
CY121501.1	730	1723	7	5	12	730
CY121501.1	733	2013	0	1	1	2013
CY121501.1	734	925	1	0	1	734
CY121501.1	735	1731	1	0	1	735
CY121501.1	743	1828	1	1	2	743
CY121501.1	746	1793	0	1	1	1793
CY121501.1	747	1921	5	0	5	747
CY121501.1	748	1846	0	3	3	1846
CY121501.1	750	1602	1	0	1	750
CY121501.1	750	1798	1	1	2	750
CY121501.1	751	1738	1	2	3	751
CY121501.1	753	1045	1	0	1	753
CY121501.1	753	1834	1	0	1	753
CY121501.1	756	1992	1	0	1	756
CY121501.1	756	924	0	1	1	924
CY121501.1	760	1771	1	0	1	760
CY121501.1	760	1783	9	8	17	760
CY121501.1	760	987	0	1	1	987
CY121501.1	765	1180	0	1	1	1180
CY121501.1	768	1786	0	2	2	1786
CY121501.1	768	986	1	0	1	768
CY121501.1	769	1954	3	0	3	769
CY121501.1	769	2025	0	1	1	2025
CY121501.1	770	2381	0	2	2	2381
CY121501.1	776	2011	2	0	2	776
CY121501.1	776	969	1	0	1	776
CY121501.1	777	1873	1	0	1	777
CY121501.1	779	953	0	1	1	953
CY121501.1	780	1566	0	1	1	1566
CY121501.1	780	1732	2	0	2	780
CY121501.1	782	2293	1	0	1	782
CY121501.1	788	2045	1	0	1	788
CY121501.1	791	1732	1	0	1	791
CY121501.1	792	927	1	0	1	792
CY121501.1	796	1869	17	1	18	796
CY121501.1	800	1548	1	0	1	800
CY121501.1	800	1870	2	0	2	800
CY121501.1	812	1703	1	0	1	812
CY121501.1	821	1707	0	1	1	1707
CY121501.1	823	1770	2	3	5	823
CY121501.1	824	1653	1	0	1	824
CY121501.1	829	1953	0	1	1	1953
CY121501.1	830	1747	1	0	1	830
CY121501.1	837	1841	1	0	1	837
CY121501.1	838	1784	0	1	1	1784
CY121501.1	838	1955	1	0	1	838
CY121501.1	838	1960	2	0	2	838
CY121501.1	841	1740	1	2	3	841
CY121501.1	842	1857	1	0	1	842
CY121501.1	846	2361	0	1	1	2361
CY121501.1	847	1769	1	0	1	847
CY121501.1	849	1770	14	6	20	849
CY121501.1	853	1681	14	6	20	853
CY121501.1	853	1697	1	0	1	853
CY121501.1	860	1710	1	0	1	860
CY121501.1	862	1641	3	1	4	862
CY121501.1	864	1828	0	1	1	1828
CY121501.1	865	1514	1	0	1	865
CY121501.1	867	1976	1	0	1	867
CY121501.1	869	1652	1	0	1	869
CY121501.1	869	1711	2	0	2	869
CY121501.1	874	1526	2	1	3	874
CY121501.1	875	1920	1	0	1	875
CY121501.1	887	1659	2	0	2	887
CY121501.1	900	1680	1	1	2	900
CY121501.1	901	1677	0	1	1	1677
CY121501.1	901	2273	3	0	3	901
CY121501.1	902	1681	2	1	3	902
CY121501.1	904	1583	1	4	5	904
CY121501.1	905	1550	1	0	1	905
CY121501.1	914	1789	0	1	1	1789
CY121501.1	915	1952	0	1	1	1952
CY121501.1	916	1657	1	1	2	916
CY121501.1	917	1669	5	0	5	917
CY121501.1	918	1668	1	1	2	918
CY121501.1	921	2309	0	1	1	2309
CY121501.1	922	1983	1	0	1	922
CY121501.1	924	1668	6	6	12	924
CY121501.1	925	1374	0	1	1	1374
CY121501.1	927	1175	1	0	1	927
CY121501.1	930	1732	0	1	1	1732
CY121501.1	935	1200	0	1	1	1200
CY121501.1	947	1995	1	0	1	947
CY121501.1	949	1654	2	0	2	949
CY121501.1	953	1305	0	1	1	1305
CY121501.1	955	2006	0	1	1	2006
CY121501.1	957	1687	1	0	1	957
CY121501.1	963	1005	1	0	1	963
CY121501.1	969	2362	0	1	1	2362
CY121501.1	975	1066	1	1	2	975
CY121501.1	978	1562	1	0	1	978
CY121501.1	981	1674	1	0	1	981
CY121501.1	988	1628	1	0	1	988
CY121502.1	1001	1343	1	0	1	1001
CY121502.1	1007	2312	1	0	1	1007
CY121502.1	1008	1798	0	3	3	1798
CY121502.1	1009	1695	2	2	4	1009
CY121502.1	1010	1576	1	0	1	1010
CY121502.1	1010	1694	1	1	2	1010
CY121502.1	1010	2089	0	1	1	2089
CY121502.1	1011	1782	2	0	2	1011
CY121502.1	1012	1729	2	0	2	1012
CY121502.1	1017	2436	1	0	1	1017
CY121502.1	1025	1444	0	1	1	1444
CY121502.1	1027	1678	0	1	1	1678
CY121502.1	1030	2052	0	2	2	2052
CY121502.1	1038	2491	0	1	1	2491
CY121502.1	1042	1402	0	1	1	1402
CY121502.1	1045	1905	0	1	1	1905
CY121502.1	1047	1239	0	1	1	1239
CY121502.1	1065	2182	1	0	1	1065
CY121502.1	1079	1138	0	1	1	1138
CY121502.1	1094	1405	0	1	1	1405
CY121502.1	1096	1329	0	1	1	1329
CY121502.1	1096	1353	0	1	1	1353
CY121502.1	1096	1901	1	0	1	1096
CY121502.1	1105	1859	1	0	1	1105
CY121502.1	1108	2176	0	1	1	2176
CY121502.1	1137	1168	0	1	1	1168
CY121502.1	1166	1411	1	0	1	1166
CY121502.1	1168	1554	0	1	1	1554
CY121502.1	1176	1413	1	1	2	1176
CY121502.1	1177	2086	0	1	1	2086
CY121502.1	1192	2031	0	1	1	2031
CY121502.1	1216	1971	0	1	1	1971
CY121502.1	1259	2126	0	1	1	2126
CY121502.1	1267	1538	1	0	1	1267
CY121502.1	1269	1426	0	1	1	1426
CY121502.1	1271	1635	0	1	1	1635
CY121502.1	1285	1962	0	1	1	1962
CY121502.1	1308	1625	0	1	1	1625
CY121502.1	1315	2387	0	1	1	2387
CY121502.1	1320	2493	0	1	1	2493
CY121502.1	1329	2240	0	1	1	2240
CY121502.1	1330	1489	1	0	1	1330
CY121502.1	1380	1517	0	1	1	1517
CY121502.1	1386	1611	0	1	1	1611
CY121502.1	1392	1915	0	1	1	1915
CY121502.1	1401	2313	1	0	1	1401
CY121502.1	1414	1971	0	1	1	1971
CY121502.1	1418	2004	0	1	1	2004
CY121502.1	1439	2124	0	1	1	2124
CY121502.1	1444	1836	0	1	1	1836
CY121502.1	1450	2138	0	1	1	2138
CY121502.1	1486	2170	0	1	1	2170
CY121502.1	1494	1790	0	1	1	1790
CY121502.1	1502	1981	0	1	1	1981
CY121502.1	1502	2120	1	0	1	1502
CY121502.1	1509	1607	0	1	1	1607
CY121502.1	1518	1549	0	1	1	1549
CY121502.1	1542	1838	0	1	1	1838
CY121502.1	1545	1733	1	0	1	1545
CY121502.1	1578	2399	0	1	1	2399
CY121502.1	1583	2097	0	1	1	2097
CY121502.1	1583	2204	1	0	1	1583
CY121502.1	1616	2345	0	1	1	2345
CY121502.1	1704	2118	1	0	1	1704
CY121502.1	1721	2062	0	1	1	2062
CY121502.1	1746	2067	0	1	1	2067
CY121502.1	1896	2322	1	0	1	1896
CY121502.1	1907	2304	1	0	1	1907
CY121502.1	1913	1972	0	1	1	1972
CY121502.1	1960	2032	1	0	1	1960
CY121502.1	1980	2422	1	0	1	1980
CY121502.1	2000	2460	0	1	1	2460
CY121502.1	2006	2327	1	0	1	2006
CY121502.1	2007	2327	1	0	1	2007
CY121502.1	2025	2375	1	0	1	2025
CY121502.1	2061	2323	1	0	1	2061
CY121502.1	2081	2155	0	1	1	2155
CY121502.1	2141	2170	2	0	2	2141
CY121502.1	2157	2197	1	0	1	2157
CY121502.1	2159	2417	1	0	1	2159
CY121502.1	2164	2260	1	0	1	2164
CY121502.1	2193	2244	1	1	2	2193
CY121502.1	2199	2401	2	1	3	2199
CY121502.1	2207	2305	1	0	1	2207
CY121502.1	2253	2304	1	0	1	2253
CY121502.1	2327	2361	1	0	1	2327
CY121502.1	2427	2456	0	1	1	2456
CY121502.1	242	2395	6	0	6	242
CY121502.1	244	339	1	0	1	244
CY121502.1	252	294	6	0	6	252
CY121502.1	260	1830	1	0	1	260
CY121502.1	267	2295	4	0	4	267
CY121502.1	273	1419	1	0	1	273
CY121502.1	274	2429	4	0	4	274
CY121502.1	285	2274	3	0	3	285
CY121502.1	292	2367	1	0	1	292
CY121502.1	294	2349	0	1	1	2349
CY121502.1	327	2322	1	0	1	327
CY121502.1	346	619	4	0	4	346
CY121502.1	354	2112	1	0	1	354
CY121502.1	380	2314	1	0	1	380
CY121502.1	386	2341	1	0	1	386
CY121502.1	393	2196	0	7	7	2196
CY121502.1	397	2360	1	0	1	397
CY121502.1	409	2231	1	0	1	409
CY121502.1	411	2248	0	1	1	2248
CY121502.1	424	2209	1	0	1	424
CY121502.1	425	2237	6	1	7	425
CY121502.1	434	1815	1	0	1	434
CY121502.1	441	2243	1	0	1	441
CY121502.1	441	2248	1	0	1	441
CY121502.1	444	2334	1	0	1	444
CY121502.1	466	1860	6	0	6	466
CY121502.1	472	1430	0	1	1	1430
CY121502.1	479	2143	0	1	1	2143
CY121502.1	482	1346	1	0	1	482
CY121502.1	483	2455	0	1	1	2455
CY121502.1	491	2248	3	2	5	491
CY121502.1	500	728	0	1	1	728
CY121502.1	509	2069	1	0	1	509
CY121502.1	535	1434	1	0	1	535
CY121502.1	541	2242	1	0	1	541
CY121502.1	542	1932	1	0	1	542
CY121502.1	542	2075	5	5	10	542
CY121502.1	546	2125	1	0	1	546
CY121502.1	546	2142	3	0	3	546
CY121502.1	549	2047	0	1	1	2047
CY121502.1	549	2145	1	0	1	549
CY121502.1	549	2148	1	0	1	549
CY121502.1	552	2337	1	0	1	552
CY121502.1	561	1855	1	0	1	561
CY121502.1	561	2023	1	0	1	561
CY121502.1	564	1857	1	0	1	564
CY121502.1	573	2106	0	1	1	2106
CY121502.1	574	2165	0	1	1	2165
CY121502.1	577	1330	1	0	1	577
CY121502.1	589	623	0	9	9	623
CY121502.1	601	2307	2	0	2	601
CY121502.1	603	1783	1	0	1	603
CY121502.1	608	1779	1	0	1	608
CY121502.1	614	2052	1	1	2	614
CY121502.1	615	1604	0	1	1	1604
CY121502.1	616	1801	3	0	3	616
CY121502.1	620	1759	0	1	1	1759
CY121502.1	627	1891	0	1	1	1891
CY121502.1	632	1590	1	1	2	632
CY121502.1	632	1939	1	0	1	632
CY121502.1	636	2485	0	1	1	2485
CY121502.1	642	2171	1	0	1	642
CY121502.1	656	697	1	0	1	656
CY121502.1	657	1726	1	0	1	657
CY121502.1	658	2099	1	0	1	658
CY121502.1	662	1726	2	0	2	662
CY121502.1	669	1668	1	0	1	669
CY121502.1	675	1703	3	0	3	675
CY121502.1	675	1934	2	0	2	675
CY121502.1	678	1380	1	0	1	678
CY121502.1	687	734	1	0	1	687
CY121502.1	690	1690	6	0	6	690
CY121502.1	690	2069	1	0	1	690
CY121502.1	691	1950	1	0	1	691
CY121502.1	694	2082	0	1	1	2082
CY121502.1	696	1816	1	0	1	696
CY121502.1	696	2101	2	0	2	696
CY121502.1	698	2073	3	0	3	698
CY121502.1	704	2097	4	0	4	704
CY121502.1	707	2062	0	1	1	2062
CY121502.1	728	1910	2	0	2	728
CY121502.1	729	1923	3	1	4	729
CY121502.1	743	2023	11	7	18	743
CY121502.1	746	1801	1	0	1	746
CY121502.1	747	1904	1	0	1	747
CY121502.1	748	1990	1	0	1	748
CY121502.1	748	2019	2	0	2	748
CY121502.1	752	1974	1	0	1	752
CY121502.1	752	2008	1	0	1	752
CY121502.1	752	2019	3	0	3	752
CY121502.1	755	2019	1	1	2	755
CY121502.1	760	2004	5	1	6	760
CY121502.1	764	2002	1	3	4	764
CY121502.1	765	1887	1	0	1	765
CY121502.1	766	1882	1	0	1	766
CY121502.1	767	2236	1	0	1	767
CY121502.1	768	2292	1	0	1	768
CY121502.1	772	1992	1	0	1	772
CY121502.1	773	1990	0	1	1	1990
CY121502.1	780	1884	1	1	2	780
CY121502.1	785	1979	2	0	2	785
CY121502.1	793	1414	1	0	1	793
CY121502.1	796	1814	1	0	1	796
CY121502.1	798	1340	1	0	1	798
CY121502.1	798	2287	0	1	1	2287
CY121502.1	801	1668	1	0	1	801
CY121502.1	801	1932	1	0	1	801
CY121502.1	804	2002	1	0	1	804
CY121502.1	807	1423	1	0	1	807
CY121502.1	810	1355	1	0	1	810
CY121502.1	818	1827	0	2	2	1827
CY121502.1	818	1898	1	0	1	818
CY121502.1	818	1950	1	0	1	818
CY121502.1	819	1825	3	1	4	819
CY121502.1	827	1833	1	0	1	827
CY121502.1	829	1827	0	1	1	1827
CY121502.1	829	1833	1	1	2	829
CY121502.1	838	1040	1	0	1	838
CY121502.1	858	1612	1	0	1	858
CY121502.1	858	1765	1	0	1	858
CY121502.1	861	1579	1	0	1	861
CY121502.1	863	1870	1	0	1	863
CY121502.1	863	2249	2	3	5	863
CY121502.1	864	1913	0	1	1	1913
CY121502.1	869	1317	1	0	1	869
CY121502.1	871	1779	1	0	1	871
CY121502.1	871	1786	1	0	1	871
CY121502.1	871	1791	1	0	1	871
CY121502.1	879	1915	2	0	2	879
CY121502.1	893	1883	3	2	5	893
CY121502.1	895	1593	1	0	1	895
CY121502.1	895	1893	0	1	1	1893
CY121502.1	898	1711	1	0	1	898
CY121502.1	899	1880	1	0	1	899
CY121502.1	900	1764	3	0	3	900
CY121502.1	900	2479	0	1	1	2479
CY121502.1	901	1593	2	0	2	901
CY121502.1	902	1773	1	0	1	902
CY121502.1	902	1896	0	1	1	1896
CY121502.1	909	2013	0	1	1	2013
CY121502.1	910	1759	1	0	1	910
CY121502.1	911	2190	0	1	1	2190
CY121502.1	912	1869	0	1	1	1869
CY121502.1	913	1755	1	0	1	913
CY121502.1	913	1873	1	1	2	913
CY121502.1	914	1620	0	1	1	1620
CY121502.1	918	1314	1	0	1	918
CY121502.1	922	2081	2	0	2	922
CY121502.1	929	1824	1	0	1	929
CY121502.1	935	2333	0	1	1	2333
CY121502.1	941	2205	1	0	1	941
CY121502.1	942	1815	0	1	1	1815
CY121502.1	945	1260	1	0	1	945
CY121502.1	946	1729	1	0	1	946
CY121502.1	946	2249	0	1	1	2249
CY121502.1	948	1840	4	0	4	948
CY121502.1	950	1844	0	1	1	1844
CY121502.1	951	1258	0	1	1	1258
CY121502.1	957	1350	1	0	1	957
CY121502.1	967	1828	0	1	1	1828
CY121502.1	968	1282	0	1	1	1282
CY121502.1	969	1171	0	1	1	1171
CY121502.1	975	1222	1	0	1	975
CY121502.1	977	1716	1	0	1	977
CY121502.1	977	1812	0	1	1	1812
CY121502.1	993	1954	1	0	1	993
CY121502.1	996	1804	1	0	1	996
CY121502.1	996	2037	0	3	3	2037
CY121502.1	998	1795	1	0	1	998
CY121503.1	1021	1842	1	0	1	1021
CY121503.1	1022	1895	1	0	1	1022
CY121503.1	1029	2364	0	1	1	2364
CY121503.1	1034	1123	1	0	1	1034
CY121503.1	1051	1550	1	0	1	1051
CY121503.1	1055	1702	1	0	1	1055
CY121503.1	1079	1428	0	1	1	1428
CY121503.1	1090	1712	1	1	2	1090
CY121503.1	1099	2225	1	0	1	1099
CY121503.1	1116	1375	0	1	1	1375
CY121503.1	1131	1164	0	1	1	1164
CY121503.1	1150	1882	0	1	1	1882
CY121503.1	1170	1843	0	1	1	1843
CY121503.1	1170	2006	1	0	1	1170
CY121503.1	1172	2151	3	3	6	1172
CY121503.1	1172	2158	8	9	17	1172
CY121503.1	1177	1733	1	0	1	1177
CY121503.1	1177	2036	1	1	2	1177
CY121503.1	1177	2300	0	1	1	2300
CY121503.1	1179	2164	3	10	13	1179
CY121503.1	1181	1375	1	0	1	1181
CY121503.1	1182	1877	1	0	1	1182
CY121503.1	1184	2077	1	0	1	1184
CY121503.1	1184	2090	18	29	47	1184
CY121503.1	1184	2093	62	92	154	1184
CY121503.1	1189	1887	0	1	1	1887
CY121503.1	1192	1471	1	0	1	1192
CY121503.1	1197	2078	0	1	1	2078
CY121503.1	1222	1294	0	1	1	1294
CY121503.1	1222	1902	1	0	1	1222
CY121503.1	1222	2345	0	1	1	2345
CY121503.1	1225	2111	0	1	1	2111
CY121503.1	1227	1426	1	0	1	1227
CY121503.1	1227	1880	3	0	3	1227
CY121503.1	1227	1884	1	0	1	1227
CY121503.1	1227	2149	6	3	9	1227
CY121503.1	1246	2115	0	1	1	2115
CY121503.1	1250	2342	1	0	1	1250
CY121503.1	1307	1522	0	1	1	1522
CY121503.1	1312	2123	1	1	2	1312
CY121503.1	1318	2142	1	0	1	1318
CY121503.1	1324	2147	0	1	1	2147
CY121503.1	1325	2150	7	6	13	1325
CY121503.1	1325	2157	1	0	1	1325
CY121503.1	1329	2387	0	2	2	2387
CY121503.1	1334	2108	1	1	2	1334
CY121503.1	1354	1498	0	1	1	1498
CY121503.1	1354	2112	0	2	2	2112
CY121503.1	1362	1835	0	1	1	1835
CY121503.1	1366	1458	0	1	1	1458
CY121503.1	1366	2062	1	0	1	1366
CY121503.1	1373	2252	0	1	1	2252
CY121503.1	1381	2004	1	0	1	1381
CY121503.1	1392	2036	1	1	2	1392
CY121503.1	1394	2040	28	20	48	1394
CY121503.1	1405	1999	1	4	5	1405
CY121503.1	1415	2108	0	1	1	2108
CY121503.1	1459	1497	1	0	1	1459
CY121503.1	1468	1747	1	0	1	1468
CY121503.1	1497	2109	1	0	1	1497
CY121503.1	1501	2154	1	0	1	1501
CY121503.1	1522	2228	1	0	1	1522
CY121503.1	1534	2357	0	1	1	2357
CY121503.1	1535	2347	1	0	1	1535
CY121503.1	1560	2087	1	1	2	1560
CY121503.1	1564	1967	0	1	1	1967
CY121503.1	1571	1635	1	0	1	1571
CY121503.1	1572	2110	0	1	1	2110
CY121503.1	1573	2150	3	3	6	1573
CY121503.1	1585	2122	0	1	1	2122
CY121503.1	1595	2145	1	0	1	1595
CY121503.1	1603	1755	0	1	1	1755
CY121503.1	1628	1753	0	1	1	1753
CY121503.1	1645	1830	0	1	1	1830
CY121503.1	1648	2448	0	1	1	2448
CY121503.1	1652	2037	3	1	4	1652
CY121503.1	1661	2035	0	1	1	2035
CY121503.1	1661	2037	2	2	4	1661
CY121503.1	1675	2007	1	0	1	1675
CY121503.1	1676	2004	0	1	1	2004
CY121503.1	1677	2421	1	0	1	1677
CY121503.1	1683	1830	1	0	1	1683
CY121503.1	1689	2295	1	0	1	1689
CY121503.1	1690	2082	1	1	2	1690
CY121503.1	1700	1951	0	1	1	1951
CY121503.1	1700	2038	1	0	1	1700
CY121503.1	1701	1734	1	0	1	1701
CY121503.1	1701	2037	4	7	11	1701
CY121503.1	1703	2148	6	9	15	1703
CY121503.1	1706	2173	1	0	1	1706
CY121503.1	1722	2011	0	1	1	2011
CY121503.1	1732	2162	0	1	1	2162
CY121503.1	1733	2037	1	0	1	1733
CY121503.1	1741	2039	0	1	1	2039
CY121503.1	1755	2143	0	3	3	2143
CY121503.1	1762	2080	1	0	1	1762
CY121503.1	1779	2154	1	1	2	1779
CY121503.1	1802	2039	0	1	1	2039
CY121503.1	1804	2065	0	1	1	2065
CY121503.1	1804	2136	3	1	4	1804
CY121503.1	1835	2006	1	0	1	1835
CY121503.1	1846	2158	0	1	1	2158
CY121503.1	1855	1985	0	1	1	1985
CY121503.1	1879	2005	1	0	1	1879
CY121503.1	1883	2153	4	4	8	1883
CY121503.1	1904	1989	0	4	4	1989
CY121503.1	1969	2000	0	1	1	2000
CY121503.1	1983	2389	3	0	3	1983
CY121503.1	2081	2185	1	1	2	2081
CY121503.1	2117	2293	1	0	1	2117
CY121503.1	2124	2184	0	1	1	2184
CY121503.1	2160	2493	0	1	1	2493
CY121503.1	2363	2461	0	1	1	2461
CY121503.1	247	1544	1	0	1	247
CY121503.1	281	623	1	0	1	281
CY121503.1	310	1018	1	0	1	310
CY121503.1	315	2254	0	1	1	2254
CY121503.1	331	616	0	1	1	616
CY121503.1	334	1763	0	1	1	1763
CY121503.1	336	2104	0	1	1	2104
CY121503.1	340	1088	0	1	1	1088
CY121503.1	352	1588	1	0	1	352
CY121503.1	357	1874	0	1	1	1874
CY121503.1	362	2379	0	1	1	2379
CY121503.1	363	2164	0	1	1	2164
CY121503.1	364	1331	0	1	1	1331
CY121503.1	371	1588	1	0	1	371
CY121503.1	372	2375	0	1	1	2375
CY121503.1	373	1661	1	0	1	373
CY121503.1	381	2347	1	2	3	381
CY121503.1	409	2153	1	0	1	409
CY121503.1	412	1936	1	0	1	412
CY121503.1	421	1019	1	0	1	421
CY121503.1	422	1599	1	0	1	422
CY121503.1	436	635	0	2	2	635
CY121503.1	441	2300	0	1	1	2300
CY121503.1	447	1131	0	1	1	1131
CY121503.1	447	656	0	1	1	656
CY121503.1	463	2070	0	2	2	2070
CY121503.1	464	2202	1	0	1	464
CY121503.1	476	1517	1	0	1	476
CY121503.1	479	1527	1	0	1	479
CY121503.1	483	2160	5	9	14	483
CY121503.1	486	2091	1	1	2	486
CY121503.1	496	2197	1	3	4	496
CY121503.1	504	1872	1	0	1	504
CY121503.1	505	2238	0	2	2	2238
CY121503.1	506	2204	2	1	3	506
CY121503.1	506	705	1	0	1	506
CY121503.1	511	2133	1	0	1	511
CY121503.1	524	2067	0	1	1	2067
CY121503.1	526	2179	0	1	1	2179
CY121503.1	534	1557	1	0	1	534
CY121503.1	535	1052	0	1	1	1052
CY121503.1	535	1617	0	1	1	1617
CY121503.1	543	2075	1	0	1	543
CY121503.1	543	2457	0	1	1	2457
CY121503.1	545	1957	0	1	1	1957
CY121503.1	547	860	0	1	1	860
CY121503.1	552	2165	1	0	1	552
CY121503.1	553	700	0	1	1	700
CY121503.1	554	2183	3	2	5	554
CY121503.1	555	2072	1	0	1	555
CY121503.1	561	976	0	1	1	976
CY121503.1	563	2381	0	1	1	2381
CY121503.1	564	2270	1	0	1	564
CY121503.1	591	2021	0	1	1	2021
CY121503.1	592	1878	1	0	1	592
CY121503.1	592	638	1	0	1	592
CY121503.1	595	2336	1	0	1	595
CY121503.1	601	1784	0	1	1	1784
CY121503.1	606	1381	0	1	1	1381
CY121503.1	614	2055	0	1	1	2055
CY121503.1	620	2110	1	0	1	620
CY121503.1	624	797	1	0	1	624
CY121503.1	632	2087	1	0	1	632
CY121503.1	636	2074	0	1	1	2074
CY121503.1	638	689	1	0	1	638
CY121503.1	638	971	1	0	1	638
CY121503.1	648	2352	1	0	1	648
CY121503.1	652	2061	0	1	1	2061
CY121503.1	653	1683	0	1	1	1683
CY121503.1	659	2328	0	1	1	2328
CY121503.1	660	2015	1	1	2	660
CY121503.1	664	1298	0	1	1	1298
CY121503.1	669	1397	1	0	1	669
CY121503.1	670	2000	4	2	6	670
CY121503.1	672	2110	1	0	1	672
CY121503.1	676	2000	1	0	1	676
CY121503.1	677	2033	2	2	4	677
CY121503.1	681	1551	0	1	1	1551
CY121503.1	681	1986	2	1	3	681
CY121503.1	696	1999	0	1	1	1999
CY121503.1	698	859	1	0	1	698
CY121503.1	708	1840	1	1	2	708
CY121503.1	711	1594	1	0	1	711
CY121503.1	711	2032	1	0	1	711
CY121503.1	714	2022	1	1	2	714
CY121503.1	721	1904	2	0	2	721
CY121503.1	721	1950	1	0	1	721
CY121503.1	721	1988	1	1	2	721
CY121503.1	721	2041	1	0	1	721
CY121503.1	722	1949	1	0	1	722
CY121503.1	723	2011	0	1	1	2011
CY121503.1	731	1873	1	0	1	731
CY121503.1	733	1946	0	1	1	1946
CY121503.1	733	2055	1	1	2	733
CY121503.1	738	2037	0	1	1	2037
CY121503.1	743	1074	0	1	1	1074
CY121503.1	747	1968	0	1	1	1968
CY121503.1	748	1469	0	1	1	1469
CY121503.1	758	2446	0	1	1	2446
CY121503.1	761	1511	0	1	1	1511
CY121503.1	765	1915	1	0	1	765
CY121503.1	767	1338	1	0	1	767
CY121503.1	771	1948	0	1	1	1948
CY121503.1	775	1992	1	0	1	775
CY121503.1	777	1822	0	1	1	1822
CY121503.1	778	1869	1	0	1	778
CY121503.1	781	1814	1	0	1	781
CY121503.1	794	1915	3	3	6	794
CY121503.1	795	1816	0	1	1	1816
CY121503.1	795	1929	1	0	1	795
CY121503.1	796	2016	0	2	2	2016
CY121503.1	797	1861	4	1	5	797
CY121503.1	798	1973	0	1	1	1973
CY121503.1	799	1543	3	2	5	799
CY121503.1	805	1873	1	0	1	805
CY121503.1	805	1961	0	1	1	1961
CY121503.1	809	1842	0	1	1	1842
CY121503.1	809	2318	1	0	1	809
CY121503.1	814	1899	0	1	1	1899
CY121503.1	825	1712	0	1	1	1712
CY121503.1	833	1879	1	0	1	833
CY121503.1	837	1783	0	1	1	1783
CY121503.1	843	1850	1	0	1	843
CY121503.1	844	1811	2	0	2	844
CY121503.1	852	1816	0	1	1	1816
CY121503.1	853	2073	1	0	1	853
CY121503.1	859	1852	0	1	1	1852
CY121503.1	860	1416	0	1	1	1416
CY121503.1	863	1843	1	0	1	863
CY121503.1	867	2360	0	1	1	2360
CY121503.1	887	1832	2	1	3	887
CY121503.1	891	1787	0	1	1	1787
CY121503.1	895	1831	0	1	1	1831
CY121503.1	896	1873	1	0	1	896
CY121503.1	900	1133	1	0	1	900
CY121503.1	906	1771	0	1	1	1771
CY121503.1	918	1531	2	0	2	918
CY121503.1	924	2248	0	1	1	2248
CY121503.1	929	2078	0	1	1	2078
CY121503.1	939	1706	1	0	1	939
CY121503.1	945	2163	0	1	1	2163
CY121503.1	948	1713	1	0	1	948
CY121503.1	952	1517	0	1	1	1517
CY121503.1	953	1772	3	1	4	953
CY121503.1	964	1719	0	1	1	1719
CY121503.1	964	1762	1	1	2	964
CY121503.1	972	1658	2	0	2	972
CY121503.1	972	1738	1	0	1	972
CY121503.1	972	1762	2	2	4	972
CY121503.1	976	2147	1	0	1	976
