Segment	Start	Stop	Forward_support	Reverse_support	Total_support	Fuzz_factor
CY121496.1	1052	1804	1	0	1	1052
CY121496.1	1061	1300	1	0	1	1061
CY121496.1	1091	1188	1	0	1	1091
CY121496.1	1097	1273	1	0	1	1097
CY121496.1	1133	1628	1	0	1	1133
CY121496.1	1174	1611	1	0	1	1174
CY121496.1	1184	1403	0	1	1	1403
CY121496.1	1228	1666	1	0	1	1228
CY121496.1	1311	1548	0	1	1	1548
CY121496.1	1336	1707	0	1	1	1707
CY121496.1	1354	1413	2	3	5	1354
CY121496.1	1409	1582	0	1	1	1582
CY121496.1	1462	1486	0	1	1	1486
CY121496.1	1631	1664	1	0	1	1631
CY121496.1	1635	1767	0	1	1	1767
CY121496.1	305	330	0	1	1	330
CY121496.1	349	1679	1	5	6	349
CY121496.1	352	1680	0	24	24	1680
CY121496.1	364	758	0	1	1	758
CY121496.1	368	392	5	20	25	368
CY121496.1	389	1613	0	1	1	1613
CY121496.1	389	1669	1	3	4	389
CY121496.1	392	650	1	0	1	392
CY121496.1	398	1794	12	11	23	398
CY121496.1	401	425	0	1	1	425
CY121496.1	405	1601	0	1	1	1601
CY121496.1	413	999	1	0	1	413
CY121496.1	447	1448	0	1	1	1448
CY121496.1	449	1738	11	8	19	449
CY121496.1	461	700	0	1	1	700
CY121496.1	474	1415	0	1	1	1415
CY121496.1	478	1108	0	1	1	1108
CY121496.1	486	975	3	1	4	486
CY121496.1	523	1789	1	0	1	523
CY121496.1	524	659	1	0	1	524
CY121496.1	534	1795	1	0	1	534
CY121496.1	580	1551	0	1	1	1551
CY121496.1	594	1528	0	1	1	1528
CY121496.1	700	1078	0	1	1	1078
CY121496.1	756	1332	1	0	1	756
CY121496.1	865	900	0	1	1	900
CY121496.1	874	931	0	1	1	931
CY121496.1	880	989	1	0	1	880
CY121496.1	882	1018	2	0	2	882
CY121496.1	888	1505	1	0	1	888
CY121496.1	917	1111	0	1	1	1111
CY121496.1	944	1054	1	0	1	944
CY121496.1	975	1765	1	0	1	975
CY121496.1	988	1427	0	1	1	1427
CY121497.1	1009	1033	1	0	1	1009
CY121497.1	1012	1117	1	0	1	1012
CY121497.1	1043	1145	0	1	1	1145
CY121497.1	236	711	1	0	1	236
CY121497.1	257	551	6	0	6	257
CY121497.1	272	554	11	0	11	272
CY121497.1	272	832	1	0	1	272
CY121497.1	273	530	1	0	1	273
CY121497.1	273	891	1	0	1	273
CY121497.1	278	830	1	0	1	278
CY121497.1	309	1043	0	3	3	1043
CY121497.1	314	406	1	0	1	314
CY121497.1	320	1110	1	0	1	320
CY121497.1	344	981	1	0	1	344
CY121497.1	350	576	6	22	28	350
CY121497.1	358	643	0	1	1	643
CY121497.1	364	937	0	1	1	937
CY121497.1	367	682	0	1	1	682
CY121497.1	373	613	1	0	1	373
CY121497.1	387	939	1	0	1	387
CY121497.1	391	1141	1	1	2	391
CY121497.1	396	729	1	0	1	396
CY121497.1	400	999	0	1	1	999
CY121497.1	410	913	0	1	1	913
CY121497.1	422	709	1	3	4	422
CY121497.1	436	1177	0	1	1	1177
CY121497.1	437	681	2	2	4	437
CY121497.1	437	816	8	9	17	437
CY121497.1	437	997	1	0	1	437
CY121497.1	442	495	1	0	1	442
CY121497.1	448	866	1	3	4	448
CY121497.1	450	824	5	12	17	450
CY121497.1	456	533	0	1	1	533
CY121497.1	469	500	1	2	3	469
CY121497.1	489	1057	0	1	1	1057
CY121497.1	489	682	0	1	1	682
CY121497.1	500	1060	1	0	1	500
CY121497.1	504	793	1	3	4	504
CY121497.1	512	536	1	0	1	512
CY121497.1	514	558	0	1	1	558
CY121497.1	514	960	0	1	1	960
CY121497.1	545	882	1	0	1	545
CY121497.1	555	834	1	0	1	555
CY121497.1	555	939	0	1	1	939
CY121497.1	557	958	1	0	1	557
CY121497.1	568	754	1	1	2	568
CY121497.1	575	709	1	3	4	575
CY121497.1	578	1061	1	0	1	578
CY121497.1	584	779	0	1	1	779
CY121497.1	587	690	0	1	1	690
CY121497.1	588	805	1	3	4	588
CY121497.1	590	722	0	2	2	722
CY121497.1	592	865	6	6	12	592
CY121497.1	594	997	1	0	1	594
CY121497.1	610	834	4	2	6	610
CY121497.1	616	711	1	0	1	616
CY121497.1	624	877	1	0	1	624
CY121497.1	629	720	3	0	3	629
CY121497.1	632	1103	1	1	2	632
CY121497.1	632	960	2	3	5	632
CY121497.1	635	804	1	0	1	635
CY121497.1	645	738	1	0	1	645
CY121497.1	649	809	0	1	1	809
CY121497.1	651	730	0	1	1	730
CY121497.1	657	1084	0	1	1	1084
CY121497.1	658	802	1	1	2	658
CY121497.1	659	830	1	0	1	659
CY121497.1	675	1154	0	1	1	1154
CY121497.1	677	1062	1	0	1	677
CY121497.1	682	818	3	1	4	682
CY121497.1	683	758	2	1	3	683
CY121497.1	684	859	1	1	2	684
CY121497.1	687	730	1	0	1	687
CY121497.1	688	842	8	13	21	688
CY121497.1	691	1007	0	1	1	1007
CY121497.1	693	888	2	3	5	693
CY121497.1	694	1008	1	0	1	694
CY121497.1	715	822	6	6	12	715
CY121497.1	718	918	1	0	1	718
CY121497.1	721	863	4	7	11	721
CY121497.1	726	1097	0	1	1	1097
CY121497.1	736	935	1	0	1	736
CY121497.1	746	892	0	1	1	892
CY121497.1	765	807	0	1	1	807
CY121497.1	786	829	1	0	1	786
CY121497.1	791	924	1	1	2	791
CY121497.1	795	865	3	2	5	795
CY121497.1	812	937	1	0	1	812
CY121497.1	820	869	0	1	1	869
CY121497.1	829	941	1	0	1	829
CY121497.1	859	968	0	1	1	968
CY121497.1	870	893	1	0	1	870
CY121497.1	891	923	0	1	1	923
CY121497.1	964	1106	1	0	1	964
CY121497.1	979	1134	0	1	1	1134
CY121498.1	1076	1254	0	2	2	1254
CY121498.1	1306	1423	0	1	1	1423
CY121498.1	1339	1444	1	1	2	1339
CY121498.1	1375	1467	11	1	12	1375
CY121498.1	1402	1474	1	0	1	1402
CY121498.1	1527	1567	9	0	9	1527
CY121498.1	279	810	1	0	1	279
CY121498.1	360	1377	0	7	7	1377
CY121498.1	389	1311	2	5	7	389
CY121498.1	486	957	0	1	1	957
CY121498.1	505	1080	1	0	1	505
CY121498.1	524	1252	0	1	1	1252
CY121498.1	561	669	1	0	1	561
CY121498.1	586	1080	1	0	1	586
CY121498.1	658	1207	1	0	1	658
CY121498.1	677	1065	0	1	1	1065
CY121498.1	678	1235	1	1	2	678
CY121498.1	718	1094	1	0	1	718
CY121498.1	806	1142	1	0	1	806
CY121498.1	806	1530	1	0	1	806
CY121498.1	820	1388	0	1	1	1388
CY121498.1	878	1369	1	0	1	878
CY121498.1	948	1186	0	1	1	1186
CY121498.1	997	1045	1	0	1	997
CY121499.1	1007	1178	1	0	1	1007
CY121499.1	1014	1122	1	0	1	1014
CY121499.1	1048	1700	0	2	2	1700
CY121499.1	1058	1590	0	1	1	1590
CY121499.1	1137	1233	1	0	1	1137
CY121499.1	1219	1565	1	0	1	1219
CY121499.1	1226	1252	0	1	1	1252
CY121499.1	1248	1325	0	1	1	1325
CY121499.1	1352	1471	1	0	1	1352
CY121499.1	1384	1406	1	0	1	1384
CY121499.1	1430	1546	1	0	1	1430
CY121499.1	244	1577	1	0	1	244
CY121499.1	305	1550	0	2	2	1550
CY121499.1	340	630	0	1	1	630
CY121499.1	346	1139	1	0	1	346
CY121499.1	353	1158	0	1	1	1158
CY121499.1	353	920	0	1	1	920
CY121499.1	399	1075	1	0	1	399
CY121499.1	416	738	1	0	1	416
CY121499.1	443	1329	0	1	1	1329
CY121499.1	456	1466	3	0	3	456
CY121499.1	478	736	1	0	1	478
CY121499.1	522	677	1	0	1	522
CY121499.1	534	1048	1	0	1	534
CY121499.1	561	1303	1	0	1	561
CY121499.1	562	1010	1	0	1	562
CY121499.1	619	1207	0	1	1	1207
CY121499.1	627	676	1	0	1	627
CY121499.1	627	683	0	1	1	683
CY121499.1	632	667	1	1	2	632
CY121499.1	653	1104	1	0	1	653
CY121499.1	658	1190	0	1	1	1190
CY121499.1	693	1316	0	1	1	1316
CY121499.1	706	1520	0	1	1	1520
CY121499.1	762	1098	1	0	1	762
CY121499.1	767	1221	0	1	1	1221
CY121499.1	768	1502	1	0	1	768
CY121499.1	780	1212	1	0	1	780
CY121499.1	805	849	0	1	1	849
CY121499.1	810	1105	1	0	1	810
CY121499.1	870	1692	0	1	1	1692
CY121499.1	896	1070	0	1	1	1070
CY121499.1	972	1045	0	2	2	1045
CY121499.1	999	1044	1	0	1	999
CY121500.1	272	426	1	0	1	272
CY121500.1	361	693	0	1	1	693
CY121500.1	373	839	1	0	1	373
CY121500.1	429	855	1	0	1	429
CY121500.1	484	719	1	0	1	484
CY121500.1	514	743	6	8	14	514
CY121500.1	585	643	1	0	1	585
CY121500.1	789	853	5	4	9	789
CY121500.1	789	854	1	0	1	789
CY121500.1	809	870	1	0	1	809
CY121501.1	1042	1657	3	2	5	1042
CY121501.1	1060	2342	1	0	1	1060
CY121501.1	1073	1980	1	2	3	1073
CY121501.1	1075	2357	0	1	1	2357
CY121501.1	1090	2372	0	3	3	2372
CY121501.1	1149	2147	1	0	1	1149
CY121501.1	1207	2269	0	1	1	2269
CY121501.1	1260	1649	0	2	2	1649
CY121501.1	1269	1310	0	1	1	1310
CY121501.1	1362	1457	0	1	1	1457
CY121501.1	1539	1648	1	0	1	1539
CY121501.1	1561	1665	1	3	4	1561
CY121501.1	1612	2027	1	0	1	1612
CY121501.1	1627	1650	1	0	1	1627
CY121501.1	1787	1920	0	1	1	1920
CY121501.1	1883	2221	1	0	1	1883
CY121501.1	2013	2037	2	1	3	2013
CY121501.1	2030	2191	0	1	1	2191
CY121501.1	2078	2115	1	1	2	2078
CY121501.1	2131	2164	26	7	33	2131
CY121501.1	2134	2172	1	4	5	2134
CY121501.1	2169	2193	3	2	5	2169
CY121501.1	2259	2321	4	3	7	2259
CY121501.1	253	2249	1	0	1	253
CY121501.1	268	2255	1	0	1	268
CY121501.1	270	322	10	3	13	270
CY121501.1	273	2176	1	0	1	273
CY121501.1	279	2285	13	0	13	279
CY121501.1	279	2286	1	0	1	279
CY121501.1	281	2272	3	0	3	281
CY121501.1	284	2239	3	0	3	284
CY121501.1	288	337	4	0	4	288
CY121501.1	295	2260	1	6	7	295
CY121501.1	305	2252	2	4	6	305
CY121501.1	305	2271	0	1	1	2271
CY121501.1	305	365	0	1	1	365
CY121501.1	312	2246	1	2	3	312
CY121501.1	315	1977	1	0	1	315
CY121501.1	324	2151	11	68	79	324
CY121501.1	327	2134	0	5	5	2134
CY121501.1	327	2142	8	60	68	327
CY121501.1	327	2197	1	0	1	327
CY121501.1	327	2280	3	11	14	327
CY121501.1	328	2274	3	4	7	328
CY121501.1	335	2173	1	22	23	335
CY121501.1	335	2292	0	2	2	2292
CY121501.1	335	506	2	3	5	335
CY121501.1	336	2150	0	6	6	2150
CY121501.1	336	2165	1	12	13	336
CY121501.1	337	2159	2	10	12	337
CY121501.1	337	2177	0	1	1	2177
CY121501.1	337	2269	0	6	6	2269
CY121501.1	337	367	0	1	1	367
CY121501.1	338	2285	0	1	1	2285
CY121501.1	340	2176	2	0	2	340
CY121501.1	341	2150	0	4	4	2150
CY121501.1	345	2180	0	2	2	2180
CY121501.1	346	2210	1	0	1	346
CY121501.1	347	2211	46	15	61	347
CY121501.1	348	389	1	0	1	348
CY121501.1	350	2190	0	1	1	2190
CY121501.1	360	408	0	9	9	408
CY121501.1	361	2200	0	1	1	2200
CY121501.1	361	762	0	14	14	762
CY121501.1	362	2193	3	19	22	362
CY121501.1	362	2285	2	0	2	362
CY121501.1	362	405	0	1	1	405
CY121501.1	362	504	1	7	8	362
CY121501.1	363	396	1	22	23	363
CY121501.1	365	2150	2	10	12	365
CY121501.1	367	2145	0	1	1	2145
CY121501.1	369	2162	0	7	7	2162
CY121501.1	370	2201	0	1	1	2201
CY121501.1	370	2233	0	1	1	2233
CY121501.1	377	2150	8	18	26	377
CY121501.1	379	2122	1	0	1	379
CY121501.1	382	2155	0	1	1	2155
CY121501.1	383	2173	1	9	10	383
CY121501.1	384	2145	2	7	9	384
CY121501.1	385	2217	7	0	7	385
CY121501.1	385	412	0	1	1	412
CY121501.1	387	2142	1	25	26	387
CY121501.1	387	2149	6	42	48	387
CY121501.1	387	2157	5	22	27	387
CY121501.1	387	2164	1	0	1	387
CY121501.1	393	2185	0	1	1	2185
CY121501.1	394	2170	2	3	5	394
CY121501.1	396	1975	0	2	2	1975
CY121501.1	396	2148	1	2	3	396
CY121501.1	398	1993	3	3	6	398
CY121501.1	399	2151	9	7	16	399
CY121501.1	405	2143	4	9	13	405
CY121501.1	405	433	1	1	2	405
CY121501.1	406	2166	3	3	6	406
CY121501.1	417	2137	0	2	2	2137
CY121501.1	429	2149	3	13	16	429
CY121501.1	430	2168	38	50	88	430
CY121501.1	431	2118	1	0	1	431
CY121501.1	438	2143	5	2	7	438
CY121501.1	445	2184	0	2	2	2184
CY121501.1	446	2272	2	9	11	446
CY121501.1	455	2145	5	5	10	455
CY121501.1	457	2151	3	8	11	457
CY121501.1	461	1896	4	0	4	461
CY121501.1	462	2002	1	0	1	462
CY121501.1	470	2066	5	0	5	470
CY121501.1	470	496	2	0	2	470
CY121501.1	477	1160	1	0	1	477
CY121501.1	484	2035	1	0	1	484
CY121501.1	484	2149	2	0	2	484
CY121501.1	485	2012	2	2	4	485
CY121501.1	485	2170	0	1	1	2170
CY121501.1	486	2124	3	1	4	486
CY121501.1	488	2046	4	0	4	488
CY121501.1	489	2040	0	1	1	2040
CY121501.1	491	2011	18	1	19	491
CY121501.1	492	2063	6	7	13	492
CY121501.1	497	2068	1	0	1	497
CY121501.1	501	1915	5	0	5	501
CY121501.1	502	2019	3	3	6	502
CY121501.1	512	2180	0	2	2	2180
CY121501.1	514	2019	3	0	3	514
CY121501.1	514	2030	0	1	1	2030
CY121501.1	543	2182	1	5	6	543
CY121501.1	551	674	2	4	6	551
CY121501.1	557	1943	0	1	1	1943
CY121501.1	557	2066	4	5	9	557
CY121501.1	558	2007	4	0	4	558
CY121501.1	582	2065	0	1	1	2065
CY121501.1	610	1998	9	2	11	610
CY121501.1	619	1972	1	2	3	619
CY121501.1	621	1255	0	1	1	1255
CY121501.1	636	1952	1	0	1	636
CY121501.1	637	1919	2	5	7	637
CY121501.1	643	1792	8	2	10	643
CY121501.1	669	1829	4	8	12	669
CY121501.1	676	1847	2	3	5	676
CY121501.1	678	1835	0	1	1	1835
CY121501.1	706	2172	9	3	12	706
CY121501.1	720	2113	1	0	1	720
CY121501.1	737	1891	3	1	4	737
CY121501.1	758	1899	1	0	1	758
CY121501.1	808	2171	3	8	11	808
CY121501.1	811	1680	1	0	1	811
CY121501.1	812	2320	1	1	2	812
CY121501.1	880	1979	5	10	15	880
CY121501.1	895	1071	1	0	1	895
CY121501.1	901	1208	0	1	1	1208
CY121501.1	920	1022	0	1	1	1022
CY121501.1	980	1396	1	0	1	980
CY121501.1	992	2210	1	0	1	992
CY121502.1	1045	2323	0	1	1	2323
CY121502.1	1062	1181	0	1	1	1181
CY121502.1	1081	1121	1	0	1	1081
CY121502.1	1114	1319	0	1	1	1319
CY121502.1	1123	2358	1	0	1	1123
CY121502.1	1180	2300	0	1	1	2300
CY121502.1	1219	2329	1	0	1	1219
CY121502.1	1233	1454	1	0	1	1233
CY121502.1	1285	1452	1	0	1	1285
CY121502.1	1311	1575	1	0	1	1311
CY121502.1	1378	1785	1	0	1	1378
CY121502.1	1418	2004	4	3	7	1418
CY121502.1	1474	1841	1	0	1	1474
CY121502.1	1542	2435	1	0	1	1542
CY121502.1	1817	1956	6	2	8	1817
CY121502.1	2070	2097	1	3	4	2070
CY121502.1	2081	2136	1	2	3	2081
CY121502.1	2151	2192	2	2	4	2151
CY121502.1	2185	2327	4	0	4	2185
CY121502.1	2188	2222	0	1	1	2222
CY121502.1	2199	2401	1	1	2	2199
CY121502.1	2229	2307	1	0	1	2229
CY121502.1	2272	2308	1	0	1	2272
CY121502.1	2292	2364	15	0	15	2292
CY121502.1	2306	2341	5	1	6	2306
CY121502.1	2325	2398	12	0	12	2325
CY121502.1	2327	2361	18	0	18	2327
CY121502.1	2340	2365	14	2	16	2340
CY121502.1	2353	2423	2	0	2	2353
CY121502.1	2421	2456	3	1	4	2421
CY121502.1	243	322	2	1	3	243
CY121502.1	247	2288	1	0	1	247
CY121502.1	247	2322	1	0	1	247
CY121502.1	249	274	1	0	1	249
CY121502.1	252	2292	21	0	21	252
CY121502.1	253	278	19	0	19	253
CY121502.1	265	2199	1	0	1	265
CY121502.1	284	437	10	0	10	284
CY121502.1	285	2353	12	3	15	285
CY121502.1	286	319	3	0	3	286
CY121502.1	291	2326	2	0	2	291
CY121502.1	293	2330	6	1	7	293
CY121502.1	310	2351	1	3	4	310
CY121502.1	310	2364	6	0	6	310
CY121502.1	328	468	5	0	5	328
CY121502.1	334	2342	15	10	25	334
CY121502.1	335	2353	7	5	12	335
CY121502.1	342	2308	3	1	4	342
CY121502.1	346	2363	8	5	13	346
CY121502.1	351	2468	0	1	1	2468
CY121502.1	357	2364	2	9	11	357
CY121502.1	362	2348	2	3	5	362
CY121502.1	367	2300	3	1	4	367
CY121502.1	367	2307	5	0	5	367
CY121502.1	367	2367	11	4	15	367
CY121502.1	368	398	2	2	4	368
CY121502.1	374	2312	1	0	1	374
CY121502.1	375	2328	12	0	12	375
CY121502.1	385	2341	3	3	6	385
CY121502.1	388	753	1	0	1	388
CY121502.1	389	2345	1	0	1	389
CY121502.1	397	2342	1	0	1	397
CY121502.1	397	2348	2	0	2	397
CY121502.1	401	2285	5	0	5	401
CY121502.1	402	2405	1	0	1	402
CY121502.1	419	2263	9	1	10	419
CY121502.1	426	2231	0	1	1	2231
CY121502.1	429	2326	2	0	2	429
CY121502.1	430	2366	12	1	13	430
CY121502.1	434	2172	1	0	1	434
CY121502.1	435	2193	3	1	4	435
CY121502.1	440	2307	8	2	10	440
CY121502.1	441	2243	10	4	14	441
CY121502.1	447	1866	1	1	2	447
CY121502.1	451	2327	9	1	10	451
CY121502.1	453	2192	3	1	4	453
CY121502.1	467	2108	5	4	9	467
CY121502.1	467	2330	1	1	2	467
CY121502.1	468	2033	1	1	2	468
CY121502.1	469	2365	2	3	5	469
CY121502.1	519	1180	1	0	1	519
CY121502.1	523	2125	0	1	1	2125
CY121502.1	524	2279	9	1	10	524
CY121502.1	525	2176	3	3	6	525
CY121502.1	526	2248	1	3	4	526
CY121502.1	570	1211	0	1	1	1211
CY121502.1	583	1885	1	0	1	583
CY121502.1	589	2100	3	2	5	589
CY121502.1	604	1587	0	1	1	1587
CY121502.1	607	2424	2	0	2	607
CY121502.1	608	2099	4	2	6	608
CY121502.1	609	2099	9	1	10	609
CY121502.1	613	1782	3	0	3	613
CY121502.1	630	2133	0	1	1	2133
CY121502.1	634	1493	0	1	1	1493
CY121502.1	672	2002	4	1	5	672
CY121502.1	681	720	1	0	1	681
CY121502.1	710	1872	4	6	10	710
CY121502.1	752	2019	5	5	10	752
CY121502.1	776	1402	1	0	1	776
CY121502.1	799	1004	1	0	1	799
CY121502.1	813	2219	0	1	1	2219
CY121502.1	921	1893	0	2	2	1893
CY121502.1	942	1545	1	0	1	942
CY121502.1	952	2215	0	1	1	2215
CY121502.1	967	2228	3	6	9	967
CY121502.1	973	2373	1	0	1	973
CY121503.1	1006	1466	1	0	1	1006
CY121503.1	1051	1540	1	0	1	1051
CY121503.1	1184	2090	6	10	16	1184
CY121503.1	1184	2093	35	59	94	1184
CY121503.1	1200	2177	1	0	1	1200
CY121503.1	1215	1637	0	1	1	1637
CY121503.1	1225	2111	0	3	3	2111
CY121503.1	1249	2115	0	1	1	2115
CY121503.1	1288	2215	1	0	1	1288
CY121503.1	1334	2108	2	0	2	1334
CY121503.1	1369	1726	1	1	2	1369
CY121503.1	1392	2036	1	1	2	1392
CY121503.1	1394	2040	25	42	67	1394
CY121503.1	1537	1796	0	1	1	1796
CY121503.1	1549	1673	1	0	1	1549
CY121503.1	1573	2150	2	0	2	1573
CY121503.1	1653	1963	1	0	1	1653
CY121503.1	1679	1804	1	0	1	1679
CY121503.1	1679	2424	1	0	1	1679
CY121503.1	1690	2082	1	1	2	1690
CY121503.1	1701	2037	1	0	1	1701
CY121503.1	1703	2148	1	2	3	1703
CY121503.1	1831	2235	0	1	1	2235
CY121503.1	2233	2430	1	0	1	2233
CY121503.1	2252	2302	1	0	1	2252
CY121503.1	293	2348	0	1	1	2348
CY121503.1	303	2315	0	2	2	2315
CY121503.1	308	1928	0	1	1	1928
CY121503.1	340	2329	1	0	1	340
CY121503.1	364	2264	3	36	39	364
CY121503.1	367	2267	0	1	1	2267
CY121503.1	368	2347	5	4	9	368
CY121503.1	373	2238	1	0	1	373
CY121503.1	373	2275	0	1	1	2275
CY121503.1	375	664	0	1	1	664
CY121503.1	381	2283	2	18	20	381
CY121503.1	382	2292	0	1	1	2292
CY121503.1	404	2335	8	12	20	404
CY121503.1	419	2172	0	9	9	2172
CY121503.1	424	1322	0	1	1	1322
CY121503.1	440	2361	0	1	1	2361
CY121503.1	443	673	0	1	1	673
CY121503.1	444	489	1	0	1	444
CY121503.1	454	2193	4	0	4	454
CY121503.1	473	2169	1	5	6	473
CY121503.1	511	2197	1	0	1	511
CY121503.1	514	2200	4	5	9	514
CY121503.1	549	1506	0	1	1	1506
CY121503.1	584	2021	4	5	9	584
CY121503.1	647	2166	1	0	1	647
CY121503.1	676	2196	3	3	6	676
CY121503.1	682	2039	1	0	1	682
CY121503.1	689	2046	2	1	3	689
CY121503.1	694	1957	1	0	1	694
CY121503.1	702	1973	3	4	7	702
CY121503.1	743	1662	0	1	1	1662
CY121503.1	755	2073	1	4	5	755
CY121503.1	762	1939	3	2	5	762
CY121503.1	783	1924	11	2	13	783
CY121503.1	794	1663	2	2	4	794
CY121503.1	798	2333	1	0	1	798
CY121503.1	810	2131	0	1	1	2131
CY121503.1	811	1624	3	1	4	811
CY121503.1	841	1925	1	0	1	841
CY121503.1	913	1797	0	1	1	1797
CY121503.1	926	1731	1	0	1	926
