Segment	Start	Stop	Forward_support	Reverse_support	Total_support	Fuzz_factor
CY121496.1	1023	1210	1	0	1	1023
CY121496.1	1039	1491	1	0	1	1039
CY121496.1	1059	1699	1	0	1	1059
CY121496.1	1063	1867	0	1	1	1867
CY121496.1	1121	1707	0	1	1	1707
CY121496.1	1178	1421	0	1	1	1421
CY121496.1	1306	1636	0	1	1	1636
CY121496.1	1318	1774	1	0	1	1318
CY121496.1	1321	1670	3	4	7	1321
CY121496.1	1322	1366	0	1	1	1366
CY121496.1	1326	1405	0	2	2	1405
CY121496.1	1332	1531	0	1	1	1531
CY121496.1	1350	1520	0	1	1	1520
CY121496.1	1350	1817	0	1	1	1817
CY121496.1	1354	1413	2	2	4	1354
CY121496.1	1367	1392	0	2	2	1392
CY121496.1	1374	1805	0	1	1	1805
CY121496.1	1535	1798	1	0	1	1535
CY121496.1	1577	1613	1	1	2	1577
CY121496.1	1658	1733	0	1	1	1733
CY121496.1	1705	1788	5	1	6	1705
CY121496.1	1725	1761	1	0	1	1725
CY121496.1	250	483	12	0	12	250
CY121496.1	264	1824	1	0	1	264
CY121496.1	267	1331	1	0	1	267
CY121496.1	277	1378	3	0	3	277
CY121496.1	282	750	1	0	1	282
CY121496.1	285	1703	12	5	17	285
CY121496.1	286	956	1	0	1	286
CY121496.1	299	436	0	1	1	436
CY121496.1	321	1591	0	1	1	1591
CY121496.1	341	427	0	1	1	427
CY121496.1	349	755	0	1	1	755
CY121496.1	373	1841	0	1	1	1841
CY121496.1	377	767	3	3	6	377
CY121496.1	378	1483	0	1	1	1483
CY121496.1	383	1637	0	1	1	1637
CY121496.1	390	1626	1	8	9	390
CY121496.1	395	1640	1	0	1	395
CY121496.1	404	1801	1	0	1	404
CY121496.1	433	1228	1	0	1	433
CY121496.1	435	1130	0	1	1	1130
CY121496.1	467	1454	1	6	7	467
CY121496.1	477	1659	0	1	1	1659
CY121496.1	486	634	0	1	1	634
CY121496.1	486	975	5	2	7	486
CY121496.1	487	1181	1	0	1	487
CY121496.1	489	1305	10	2	12	489
CY121496.1	504	1474	0	1	1	1474
CY121496.1	510	666	0	1	1	666
CY121496.1	516	1792	1	0	1	516
CY121496.1	523	1605	0	1	1	1605
CY121496.1	524	1724	1	0	1	524
CY121496.1	546	1758	3	0	3	546
CY121496.1	553	1657	2	0	2	553
CY121496.1	578	1743	4	1	5	578
CY121496.1	627	833	0	1	1	833
CY121496.1	678	1610	0	1	1	1610
CY121496.1	708	830	0	1	1	830
CY121496.1	738	1689	1	0	1	738
CY121496.1	759	1569	0	1	1	1569
CY121496.1	765	1586	0	1	1	1586
CY121496.1	813	1461	0	1	1	1461
CY121496.1	817	1371	1	0	1	817
CY121496.1	963	1064	0	1	1	1064
CY121497.1	1020	1047	0	1	1	1047
CY121497.1	257	551	16	0	16	257
CY121497.1	257	898	3	0	3	257
CY121497.1	272	554	10	0	10	272
CY121497.1	324	805	1	4	5	324
CY121497.1	336	534	0	1	1	534
CY121497.1	350	576	8	16	24	350
CY121497.1	351	710	0	2	2	710
CY121497.1	358	487	1	0	1	358
CY121497.1	359	885	0	1	1	885
CY121497.1	366	984	0	1	1	984
CY121497.1	373	656	1	0	1	373
CY121497.1	384	419	0	1	1	419
CY121497.1	396	947	1	0	1	396
CY121497.1	412	1131	1	0	1	412
CY121497.1	437	681	0	1	1	681
CY121497.1	437	816	0	5	5	816
CY121497.1	453	558	1	0	1	453
CY121497.1	493	779	1	0	1	493
CY121497.1	539	1069	0	1	1	1069
CY121497.1	545	912	0	4	4	912
CY121497.1	551	729	0	1	1	729
CY121497.1	553	654	0	1	1	654
CY121497.1	557	632	2	3	5	557
CY121497.1	557	959	0	1	1	959
CY121497.1	571	689	1	0	1	571
CY121497.1	587	690	0	1	1	690
CY121497.1	588	713	1	0	1	588
CY121497.1	593	804	1	0	1	593
CY121497.1	596	1026	8	2	10	596
CY121497.1	616	852	1	2	3	616
CY121497.1	625	665	0	1	1	665
CY121497.1	632	688	1	0	1	632
CY121497.1	632	759	1	0	1	632
CY121497.1	632	960	3	1	4	632
CY121497.1	635	804	0	1	1	804
CY121497.1	658	769	1	0	1	658
CY121497.1	659	944	1	0	1	659
CY121497.1	682	818	6	13	19	682
CY121497.1	683	758	0	1	1	758
CY121497.1	684	967	1	3	4	684
CY121497.1	688	842	11	22	33	688
CY121497.1	695	908	0	1	1	908
CY121497.1	714	879	1	0	1	714
CY121497.1	715	780	0	1	1	780
CY121497.1	716	939	0	1	1	939
CY121497.1	721	863	1	5	6	721
CY121497.1	722	946	0	1	1	946
CY121497.1	752	875	0	1	1	875
CY121497.1	768	985	1	0	1	768
CY121497.1	778	1044	0	1	1	1044
CY121497.1	782	1085	0	1	1	1085
CY121497.1	793	836	0	2	2	836
CY121497.1	793	848	1	0	1	793
CY121497.1	807	1017	1	0	1	807
CY121497.1	838	890	1	0	1	838
CY121497.1	859	918	1	0	1	859
CY121497.1	884	1015	1	1	2	884
CY121497.1	936	1022	4	0	4	936
CY121497.1	951	1031	1	0	1	951
CY121497.1	958	1070	1	0	1	958
CY121497.1	962	1168	0	1	1	1168
CY121497.1	976	1039	3	0	3	976
CY121497.1	977	1095	1	0	1	977
CY121498.1	1085	1465	0	1	1	1465
CY121498.1	1221	1359	0	1	1	1359
CY121498.1	1245	1294	0	1	1	1294
CY121498.1	1273	1367	1	0	1	1273
CY121498.1	1375	1467	0	2	2	1467
CY121498.1	244	1228	1	0	1	244
CY121498.1	249	1233	16	0	16	249
CY121498.1	289	792	1	0	1	289
CY121498.1	336	443	0	1	1	443
CY121498.1	378	512	0	1	1	512
CY121498.1	387	750	0	1	1	750
CY121498.1	388	1311	1	2	3	388
CY121498.1	389	1311	1	3	4	389
CY121498.1	390	1439	3	7	10	390
CY121498.1	396	1181	0	1	1	1181
CY121498.1	402	1358	2	10	12	402
CY121498.1	417	1394	3	2	5	417
CY121498.1	419	917	5	4	9	419
CY121498.1	424	780	0	1	1	780
CY121498.1	448	1425	0	1	1	1425
CY121498.1	452	764	0	1	1	764
CY121498.1	473	564	1	0	1	473
CY121498.1	496	662	1	0	1	496
CY121498.1	538	1287	1	0	1	538
CY121498.1	552	1459	1	0	1	552
CY121498.1	570	791	1	0	1	570
CY121498.1	588	771	2	0	2	588
CY121498.1	623	924	0	1	1	924
CY121498.1	649	1076	0	1	1	1076
CY121498.1	656	1303	1	0	1	656
CY121498.1	678	729	0	1	1	729
CY121498.1	784	1408	1	0	1	784
CY121498.1	866	1337	1	0	1	866
CY121498.1	866	1411	0	1	1	1411
CY121498.1	874	1222	1	0	1	874
CY121498.1	946	1402	1	0	1	946
CY121498.1	992	1187	1	0	1	992
CY121499.1	1010	1078	1	0	1	1010
CY121499.1	1015	1040	0	1	1	1040
CY121499.1	1030	1494	1	0	1	1030
CY121499.1	1050	1452	1	0	1	1050
CY121499.1	1115	1474	0	1	1	1474
CY121499.1	1202	1442	1	0	1	1202
CY121499.1	1247	1302	1	0	1	1247
CY121499.1	1298	1459	1	0	1	1298
CY121499.1	1335	1489	4	1	5	1335
CY121499.1	1338	1544	0	1	1	1544
CY121499.1	1443	1547	1	2	3	1443
CY121499.1	1454	1585	0	1	1	1585
CY121499.1	263	1336	1	0	1	263
CY121499.1	277	1354	1	0	1	277
CY121499.1	281	339	1	0	1	281
CY121499.1	284	992	1	0	1	284
CY121499.1	298	1371	0	2	2	1371
CY121499.1	299	741	0	1	1	741
CY121499.1	310	1438	0	1	1	1438
CY121499.1	315	1389	1	1	2	315
CY121499.1	375	1469	0	1	1	1469
CY121499.1	376	1054	0	1	1	1054
CY121499.1	404	1550	5	7	12	404
CY121499.1	404	683	0	1	1	683
CY121499.1	423	942	0	2	2	942
CY121499.1	442	959	0	1	1	959
CY121499.1	456	1466	2	7	9	456
CY121499.1	456	1649	0	1	1	1649
CY121499.1	463	840	0	1	1	840
CY121499.1	464	674	0	1	1	674
CY121499.1	506	1127	0	1	1	1127
CY121499.1	522	829	1	0	1	522
CY121499.1	565	821	1	0	1	565
CY121499.1	619	838	0	1	1	838
CY121499.1	693	1441	0	1	1	1441
CY121499.1	715	1621	1	0	1	715
CY121499.1	788	945	0	1	1	945
CY121499.1	810	1470	1	0	1	810
CY121499.1	819	984	0	1	1	984
CY121499.1	868	996	1	0	1	868
CY121499.1	939	1025	1	0	1	939
CY121499.1	955	1165	0	1	1	1165
CY121499.1	959	1111	1	0	1	959
CY121499.1	964	1050	4	1	5	964
CY121499.1	972	1045	0	2	2	1045
CY121499.1	980	1192	0	1	1	1192
CY121499.1	999	1044	1	0	1	999
CY121500.1	270	933	7	0	7	270
CY121500.1	306	958	0	1	1	958
CY121500.1	309	866	0	1	1	866
CY121500.1	323	927	1	0	1	323
CY121500.1	354	691	4	10	14	354
CY121500.1	387	835	1	0	1	387
CY121500.1	478	710	1	0	1	478
CY121500.1	508	656	0	1	1	656
CY121500.1	514	743	5	7	12	514
CY121500.1	589	1046	0	1	1	1046
CY121500.1	843	868	3	4	7	843
CY121501.1	1053	1882	0	1	1	1882
CY121501.1	1098	1595	4	2	6	1098
CY121501.1	1244	1868	0	1	1	1868
CY121501.1	1303	2303	0	1	1	2303
CY121501.1	1448	1475	1	1	2	1448
CY121501.1	1508	2124	0	1	1	2124
CY121501.1	1567	2032	1	0	1	1567
CY121501.1	1685	2291	1	0	1	1685
CY121501.1	1688	2294	0	1	1	2294
CY121501.1	1724	2034	3	4	7	1724
CY121501.1	1791	2008	0	1	1	2008
CY121501.1	1792	2080	1	1	2	1792
CY121501.1	1845	1896	6	10	16	1845
CY121501.1	1859	1953	0	1	1	1953
CY121501.1	2121	2149	4	3	7	2121
CY121501.1	2125	2179	5	0	5	2125
CY121501.1	2132	2174	5	2	7	2132
CY121501.1	2169	2193	2	0	2	2169
CY121501.1	2213	2284	4	1	5	2213
CY121501.1	2244	2266	5	2	7	2244
CY121501.1	2259	2321	0	1	1	2321
CY121501.1	2265	2312	1	0	1	2265
CY121501.1	253	2249	2	0	2	253
CY121501.1	258	357	14	0	14	258
CY121501.1	261	2196	1	0	1	261
CY121501.1	268	2255	2	0	2	268
CY121501.1	273	2176	1	0	1	273
CY121501.1	276	1694	1	0	1	276
CY121501.1	278	2215	1	0	1	278
CY121501.1	281	2272	17	1	18	281
CY121501.1	282	2261	26	0	26	282
CY121501.1	284	2267	8	0	8	284
CY121501.1	285	2174	16	0	16	285
CY121501.1	288	337	3	0	3	288
CY121501.1	292	2217	6	0	6	292
CY121501.1	295	2260	4	1	5	295
CY121501.1	305	2252	1	0	1	305
CY121501.1	324	2151	8	55	63	324
CY121501.1	327	2142	4	39	43	327
CY121501.1	327	2214	0	2	2	2214
CY121501.1	327	2280	0	2	2	2280
CY121501.1	335	2146	4	19	23	335
CY121501.1	335	2173	3	8	11	335
CY121501.1	335	2292	0	1	1	2292
CY121501.1	335	506	3	13	16	335
CY121501.1	336	2155	4	21	25	336
CY121501.1	343	2141	1	0	1	343
CY121501.1	347	2211	53	14	67	347
CY121501.1	348	2212	0	1	1	2212
CY121501.1	352	2188	1	5	6	352
CY121501.1	356	2174	0	5	5	2174
CY121501.1	356	2301	0	1	1	2301
CY121501.1	361	762	3	11	14	361
CY121501.1	362	2285	7	15	22	362
CY121501.1	365	412	0	8	8	412
CY121501.1	367	2145	0	19	19	2145
CY121501.1	369	2162	1	3	4	369
CY121501.1	370	2233	0	1	1	2233
CY121501.1	370	407	2	18	20	370
CY121501.1	377	2112	2	7	9	377
CY121501.1	377	2182	0	13	13	2182
CY121501.1	382	2150	4	26	30	382
CY121501.1	383	2173	2	14	16	383
CY121501.1	384	2217	4	12	16	384
CY121501.1	385	412	0	1	1	412
CY121501.1	387	2142	3	14	17	387
CY121501.1	387	2149	5	23	28	387
CY121501.1	387	2189	2	0	2	387
CY121501.1	387	2269	4	4	8	387
CY121501.1	387	2285	10	1	11	387
CY121501.1	388	2147	1	10	11	388
CY121501.1	392	2155	0	2	2	2155
CY121501.1	393	2185	3	18	21	393
CY121501.1	394	2065	1	7	8	394
CY121501.1	394	2170	7	15	22	394
CY121501.1	396	1975	1	1	2	396
CY121501.1	396	2148	1	1	2	396
CY121501.1	397	877	0	1	1	877
CY121501.1	398	2268	3	5	8	398
CY121501.1	399	2151	12	4	16	399
CY121501.1	402	2179	0	1	1	2179
CY121501.1	403	2135	4	12	16	403
CY121501.1	405	439	2	1	3	405
CY121501.1	406	2166	2	5	7	406
CY121501.1	407	2149	2	0	2	407
CY121501.1	409	2108	1	0	1	409
CY121501.1	410	1973	1	0	1	410
CY121501.1	417	2137	0	1	1	2137
CY121501.1	417	2149	2	8	10	417
CY121501.1	417	462	3	1	4	417
CY121501.1	430	2168	49	89	138	430
CY121501.1	439	2151	0	2	2	2151
CY121501.1	444	2180	1	0	1	444
CY121501.1	446	2156	5	18	23	446
CY121501.1	455	2145	5	3	8	455
CY121501.1	456	2143	0	6	6	2143
CY121501.1	458	1602	0	2	2	1602
CY121501.1	470	2032	3	6	9	470
CY121501.1	470	496	3	1	4	470
CY121501.1	472	2042	1	0	1	472
CY121501.1	476	2240	1	0	1	476
CY121501.1	482	2381	0	14	14	2381
CY121501.1	484	2149	8	4	12	484
CY121501.1	485	1467	1	0	1	485
CY121501.1	485	2073	0	3	3	2073
CY121501.1	485	2170	0	1	1	2170
CY121501.1	486	1973	1	0	1	486
CY121501.1	487	2042	9	8	17	487
CY121501.1	488	2046	0	3	3	2046
CY121501.1	492	2063	7	12	19	492
CY121501.1	496	2151	6	1	7	496
CY121501.1	497	2032	3	0	3	497
CY121501.1	497	2068	0	1	1	2068
CY121501.1	502	2066	5	4	9	502
CY121501.1	506	2012	2	1	3	506
CY121501.1	512	2180	0	1	1	2180
CY121501.1	515	2183	0	1	1	2183
CY121501.1	521	973	1	0	1	521
CY121501.1	522	557	5	0	5	522
CY121501.1	534	2075	1	0	1	534
CY121501.1	543	2048	3	1	4	543
CY121501.1	543	2182	9	31	40	543
CY121501.1	546	1998	2	0	2	546
CY121501.1	553	856	1	0	1	553
CY121501.1	556	1973	3	2	5	556
CY121501.1	556	2011	14	4	18	556
CY121501.1	557	2066	9	7	16	557
CY121501.1	564	2053	0	1	1	2053
CY121501.1	575	1944	1	0	1	575
CY121501.1	586	1511	0	1	1	1511
CY121501.1	587	2065	4	3	7	587
CY121501.1	602	1879	1	0	1	602
CY121501.1	609	1814	6	9	15	609
CY121501.1	618	1996	5	3	8	618
CY121501.1	620	1821	0	1	1	1821
CY121501.1	620	1914	4	2	6	620
CY121501.1	635	1917	1	0	1	635
CY121501.1	636	1952	1	3	4	636
CY121501.1	637	1919	2	5	7	637
CY121501.1	665	1783	1	4	5	665
CY121501.1	669	2123	0	1	1	2123
CY121501.1	671	1754	1	0	1	671
CY121501.1	676	1916	2	5	7	676
CY121501.1	683	1922	0	1	1	1922
CY121501.1	697	733	0	2	2	733
CY121501.1	704	1897	1	2	3	704
CY121501.1	711	736	1	1	2	711
CY121501.1	730	1829	0	4	4	1829
CY121501.1	736	1832	0	1	1	1832
CY121501.1	775	1738	1	1	2	775
CY121501.1	780	889	0	1	1	889
CY121501.1	802	2157	1	0	1	802
CY121501.1	808	2171	3	14	17	808
CY121501.1	825	1721	1	0	1	825
CY121501.1	833	1310	1	0	1	833
CY121501.1	919	2362	0	1	1	2362
CY121502.1	1108	1525	1	0	1	1108
CY121502.1	1110	2139	1	0	1	1110
CY121502.1	1161	1210	3	1	4	1161
CY121502.1	1165	2196	1	0	1	1165
CY121502.1	1311	2097	0	1	1	2097
CY121502.1	1687	2033	1	0	1	1687
CY121502.1	1963	2472	0	1	1	2472
CY121502.1	2306	2329	3	0	3	2306
CY121502.1	2325	2364	2	0	2	2325
CY121502.1	2327	2361	13	0	13	2327
CY121502.1	2418	2455	0	4	4	2455
CY121502.1	247	2288	2	0	2	247
CY121502.1	249	2311	1	0	1	249
CY121502.1	250	2324	1	0	1	250
CY121502.1	252	2292	22	0	22	252
CY121502.1	252	2498	0	3	3	2498
CY121502.1	253	278	44	0	44	253
CY121502.1	255	2326	8	0	8	255
CY121502.1	258	1638	1	0	1	258
CY121502.1	277	2249	1	0	1	277
CY121502.1	286	319	4	0	4	286
CY121502.1	291	2326	1	0	1	291
CY121502.1	294	2349	2	0	2	294
CY121502.1	304	2346	1	0	1	304
CY121502.1	310	2364	11	0	11	310
CY121502.1	313	2347	0	1	1	2347
CY121502.1	321	398	0	1	1	398
CY121502.1	326	2359	1	2	3	326
CY121502.1	334	2342	10	5	15	334
CY121502.1	335	2327	3	1	4	335
CY121502.1	335	2353	6	4	10	335
CY121502.1	341	2352	0	2	2	2352
CY121502.1	344	2353	0	4	4	2353
CY121502.1	346	2363	2	2	4	346
CY121502.1	357	2364	2	4	6	357
CY121502.1	362	2254	1	0	1	362
CY121502.1	366	1521	1	0	1	366
CY121502.1	372	1877	0	1	1	1877
CY121502.1	372	2335	0	1	1	2335
CY121502.1	374	2327	20	0	20	374
CY121502.1	385	2023	0	1	1	2023
CY121502.1	385	2242	3	1	4	385
CY121502.1	394	2375	0	1	1	2375
CY121502.1	397	2292	2	1	3	397
CY121502.1	397	2342	10	0	10	397
CY121502.1	401	2285	8	0	8	401
CY121502.1	405	2326	8	0	8	405
CY121502.1	407	2221	1	0	1	407
CY121502.1	410	2388	0	1	1	2388
CY121502.1	419	2263	12	0	12	419
CY121502.1	420	2231	5	10	15	420
CY121502.1	430	2366	9	1	10	430
CY121502.1	440	2219	3	5	8	440
CY121502.1	444	2233	1	1	2	444
CY121502.1	450	2203	1	2	3	450
CY121502.1	453	2192	1	2	3	453
CY121502.1	468	2018	1	6	7	468
CY121502.1	469	2153	1	3	4	469
CY121502.1	471	2180	4	8	12	471
CY121502.1	495	2070	1	0	1	495
CY121502.1	497	2247	2	4	6	497
CY121502.1	526	2327	3	1	4	526
CY121502.1	556	2172	1	1	2	556
CY121502.1	557	2064	0	2	2	2064
CY121502.1	608	2099	5	6	11	608
CY121502.1	610	2153	3	3	6	610
CY121502.1	613	1803	0	3	3	1803
CY121502.1	625	1921	0	1	1	1921
CY121502.1	630	1514	1	0	1	630
CY121502.1	644	2208	0	1	1	2208
CY121502.1	693	2096	4	4	8	693
CY121502.1	746	2478	0	1	1	2478
CY121502.1	750	2018	1	0	1	750
CY121502.1	752	1843	3	2	5	752
CY121502.1	811	1887	2	0	2	811
CY121502.1	814	1523	1	0	1	814
CY121502.1	830	2297	1	0	1	830
CY121502.1	832	1206	0	1	1	1206
CY121502.1	920	1537	0	1	1	1537
CY121502.1	940	1264	0	1	1	1264
CY121502.1	951	1733	2	0	2	951
CY121502.1	967	2228	5	6	11	967
CY121502.1	971	2233	0	3	3	2233
CY121503.1	1141	1670	1	1	2	1141
CY121503.1	1147	2138	2	0	2	1147
CY121503.1	1172	2158	9	16	25	1172
CY121503.1	1179	2164	2	11	13	1179
CY121503.1	1184	2090	4	7	11	1184
CY121503.1	1184	2093	13	29	42	1184
CY121503.1	1205	2151	0	1	1	2151
CY121503.1	1235	1888	1	0	1	1235
CY121503.1	1279	1928	0	1	1	1928
CY121503.1	1361	2016	1	0	1	1361
CY121503.1	1364	2334	0	1	1	2334
CY121503.1	1392	2036	2	2	4	1392
CY121503.1	1394	2040	23	32	55	1394
CY121503.1	1428	1987	0	1	1	1987
CY121503.1	1503	1851	0	1	1	1851
CY121503.1	1563	2090	1	0	1	1563
CY121503.1	1572	2176	0	1	1	2176
CY121503.1	1603	1755	1	0	1	1603
CY121503.1	1700	2038	1	0	1	1700
CY121503.1	1703	2148	1	1	2	1703
CY121503.1	1732	2162	0	1	1	2162
CY121503.1	1802	2027	1	0	1	1802
CY121503.1	1802	2039	0	2	2	2039
CY121503.1	1812	2208	1	0	1	1812
CY121503.1	1871	1910	0	1	1	1910
CY121503.1	1913	1968	0	1	1	1968
CY121503.1	2207	2342	1	0	1	2207
CY121503.1	2346	2372	0	1	1	2372
CY121503.1	249	1794	1	0	1	249
CY121503.1	252	2071	12	0	12	252
CY121503.1	289	319	7	0	7	289
CY121503.1	303	2315	1	3	4	303
CY121503.1	306	2346	1	3	4	306
CY121503.1	342	750	0	1	1	750
CY121503.1	347	2236	1	1	2	347
CY121503.1	352	2241	0	1	1	2241
CY121503.1	364	2264	3	22	25	364
CY121503.1	367	2267	0	1	1	2267
CY121503.1	367	2268	0	1	1	2268
CY121503.1	368	2267	3	17	20	368
CY121503.1	368	2334	1	1	2	368
CY121503.1	370	1674	0	1	1	1674
CY121503.1	374	2391	0	3	3	2391
CY121503.1	379	2250	1	4	5	379
CY121503.1	381	2283	5	23	28	381
CY121503.1	383	2315	5	15	20	383
CY121503.1	385	2268	0	1	1	2268
CY121503.1	393	2338	2	5	7	393
CY121503.1	399	2270	1	2	3	399
CY121503.1	409	1359	0	1	1	1359
CY121503.1	409	2380	0	2	2	2380
CY121503.1	412	2279	2	11	13	412
CY121503.1	428	2343	0	1	1	2343
CY121503.1	431	2226	1	11	12	431
CY121503.1	432	2301	0	1	1	2301
CY121503.1	437	2301	4	8	12	437
CY121503.1	441	2328	1	2	3	441
CY121503.1	493	2169	4	5	9	493
CY121503.1	503	2143	3	4	7	503
CY121503.1	510	2047	2	5	7	510
CY121503.1	511	2189	0	1	1	2189
CY121503.1	514	2202	4	6	10	514
CY121503.1	556	2057	1	1	2	556
CY121503.1	610	2383	0	1	1	2383
CY121503.1	618	1978	0	1	1	1978
CY121503.1	630	2110	1	3	4	630
CY121503.1	646	1957	4	6	10	646
CY121503.1	653	2115	0	1	1	2115
CY121503.1	699	1953	3	2	5	699
CY121503.1	736	2360	1	0	1	736
CY121503.1	764	2077	1	3	4	764
CY121503.1	783	1924	5	4	9	783
