Segment	Start	Stop	Forward_support	Reverse_support	Total_support	Fuzz_factor
CY121496.1	1019	1604	1	0	1	1019
CY121496.1	1040	1610	1	0	1	1040
CY121496.1	1258	1565	0	1	1	1565
CY121496.1	1331	1390	1	0	1	1331
CY121496.1	1529	1663	1	0	1	1529
CY121496.1	1595	1820	0	1	1	1820
CY121496.1	264	1478	1	0	1	264
CY121496.1	359	1707	1	0	1	359
CY121496.1	400	1815	0	1	1	1815
CY121496.1	415	1103	0	1	1	1103
CY121496.1	454	1514	0	1	1	1514
CY121496.1	505	1652	1	0	1	505
CY121496.1	511	964	0	1	1	964
CY121496.1	593	1124	1	0	1	593
CY121496.1	657	1543	1	0	1	657
CY121496.1	678	1649	0	1	1	1649
CY121496.1	724	1553	0	1	1	1553
CY121496.1	778	1835	1	0	1	778
CY121496.1	793	964	1	0	1	793
CY121496.1	925	950	0	1	1	950
CY121497.1	254	956	1	0	1	254
CY121497.1	264	647	1	0	1	264
CY121497.1	277	773	1	0	1	277
CY121497.1	279	755	1	0	1	279
CY121497.1	288	743	1	0	1	288
CY121497.1	289	612	1	0	1	289
CY121497.1	314	848	0	1	1	848
CY121497.1	333	730	1	0	1	333
CY121497.1	341	1084	0	1	1	1084
CY121497.1	344	547	0	1	1	547
CY121497.1	346	650	0	1	1	650
CY121497.1	352	1171	0	1	1	1171
CY121497.1	355	1144	1	1	2	355
CY121497.1	358	614	1	0	1	358
CY121497.1	361	789	1	0	1	361
CY121497.1	362	849	0	1	1	849
CY121497.1	364	777	1	0	1	364
CY121497.1	369	848	0	1	1	848
CY121497.1	377	962	0	1	1	962
CY121497.1	391	1033	0	1	1	1033
CY121497.1	391	734	0	1	1	734
CY121497.1	397	650	1	0	1	397
CY121497.1	410	702	1	0	1	410
CY121497.1	412	633	1	0	1	412
CY121497.1	417	780	1	1	2	417
CY121497.1	441	729	1	0	1	441
CY121497.1	442	561	0	1	1	561
CY121497.1	481	871	1	0	1	481
CY121497.1	486	848	0	1	1	848
CY121497.1	520	1044	0	1	1	1044
CY121497.1	528	1010	1	0	1	528
CY121497.1	528	997	0	1	1	997
CY121497.1	533	733	1	0	1	533
CY121497.1	556	688	0	1	1	688
CY121497.1	570	823	1	0	1	570
CY121497.1	574	925	0	1	1	925
CY121497.1	582	1098	1	0	1	582
CY121497.1	582	699	1	0	1	582
CY121497.1	595	939	1	0	1	595
CY121497.1	603	650	0	1	1	650
CY121497.1	625	814	0	1	1	814
CY121497.1	625	980	0	1	1	980
CY121497.1	629	966	1	0	1	629
CY121497.1	648	773	0	1	1	773
CY121497.1	651	894	0	1	1	894
CY121497.1	655	757	0	1	1	757
CY121497.1	657	846	0	1	1	846
CY121497.1	707	741	1	0	1	707
CY121497.1	710	1067	0	1	1	1067
CY121497.1	735	1080	1	0	1	735
CY121497.1	743	983	0	1	1	983
CY121497.1	756	960	1	0	1	756
CY121497.1	761	947	0	1	1	947
CY121497.1	786	822	0	1	1	822
CY121497.1	791	827	1	0	1	791
CY121497.1	795	1076	1	0	1	795
CY121497.1	801	963	0	1	1	963
CY121497.1	803	1148	1	1	2	803
CY121497.1	805	1097	1	0	1	805
CY121497.1	812	1027	0	1	1	1027
CY121497.1	820	869	1	0	1	820
CY121497.1	827	1095	1	0	1	827
CY121497.1	879	937	1	0	1	879
CY121497.1	959	993	1	0	1	959
CY121498.1	354	693	1	0	1	354
CY121498.1	371	1381	0	1	1	1381
CY121498.1	392	966	0	1	1	966
CY121498.1	403	782	0	1	1	782
CY121498.1	421	1209	1	0	1	421
CY121498.1	450	1271	1	0	1	450
CY121498.1	454	1141	1	0	1	454
CY121498.1	468	527	1	1	2	468
CY121498.1	560	859	0	1	1	859
CY121498.1	947	1212	1	0	1	947
CY121498.1	986	1106	0	1	1	1106
CY121499.1	1020	1217	1	0	1	1020
CY121499.1	1087	1418	1	0	1	1087
CY121499.1	1199	1570	1	0	1	1199
CY121499.1	1233	1390	1	0	1	1233
CY121499.1	1238	1442	1	0	1	1238
CY121499.1	1248	1424	1	0	1	1248
CY121499.1	1288	1455	1	0	1	1288
CY121499.1	1303	1417	0	1	1	1417
CY121499.1	1316	1697	0	1	1	1697
CY121499.1	1348	1551	1	0	1	1348
CY121499.1	1365	1632	1	0	1	1365
CY121499.1	1445	1493	1	0	1	1445
CY121499.1	1461	1646	1	0	1	1461
CY121499.1	1663	1693	0	1	1	1693
CY121499.1	250	567	1	0	1	250
CY121499.1	275	1695	1	1	2	275
CY121499.1	283	1124	1	0	1	283
CY121499.1	286	642	1	0	1	286
CY121499.1	290	824	1	0	1	290
CY121499.1	300	724	0	1	1	724
CY121499.1	331	984	0	1	1	984
CY121499.1	393	1002	1	0	1	393
CY121499.1	393	1521	0	1	1	1521
CY121499.1	393	754	0	1	1	754
CY121499.1	402	539	1	0	1	402
CY121499.1	434	842	0	1	1	842
CY121499.1	467	1299	1	0	1	467
CY121499.1	467	1448	0	1	1	1448
CY121499.1	487	1018	0	1	1	1018
CY121499.1	493	1268	0	1	1	1268
CY121499.1	508	1211	0	1	1	1211
CY121499.1	509	606	0	1	1	606
CY121499.1	511	1402	0	1	1	1402
CY121499.1	521	1563	1	0	1	521
CY121499.1	523	933	1	0	1	523
CY121499.1	539	729	1	0	1	539
CY121499.1	562	1509	0	1	1	1509
CY121499.1	578	724	1	0	1	578
CY121499.1	595	712	1	0	1	595
CY121499.1	625	1564	1	0	1	625
CY121499.1	637	1041	1	0	1	637
CY121499.1	667	1294	1	0	1	667
CY121499.1	684	917	0	1	1	917
CY121499.1	687	1314	1	0	1	687
CY121499.1	720	746	1	0	1	720
CY121499.1	723	1683	0	1	1	1683
CY121499.1	736	1005	0	1	1	1005
CY121499.1	739	1430	1	0	1	739
CY121499.1	746	945	0	1	1	945
CY121499.1	756	1067	0	1	1	1067
CY121499.1	797	1158	0	1	1	1158
CY121499.1	799	1337	1	0	1	799
CY121499.1	879	1444	0	1	1	1444
CY121499.1	894	1136	0	1	1	1136
CY121499.1	894	1504	1	0	1	894
CY121499.1	902	1621	1	0	1	902
CY121499.1	908	1534	0	1	1	1534
CY121499.1	924	1495	0	1	1	1495
CY121499.1	951	1267	0	1	1	1267
CY121499.1	971	1175	1	0	1	971
CY121499.1	979	1467	1	0	1	979
CY121500.1	558	772	1	0	1	558
CY121500.1	564	778	189	231	420	564
CY121500.1	566	780	0	1	1	780
CY121501.1	1078	1402	1	0	1	1078
CY121501.1	1118	1779	0	1	1	1779
CY121501.1	1125	2101	1	0	1	1125
CY121501.1	1128	1192	1	0	1	1128
CY121501.1	1163	1796	0	1	1	1796
CY121501.1	1179	2144	0	1	1	2144
CY121501.1	1200	2301	1	0	1	1200
CY121501.1	1212	1754	0	1	1	1754
CY121501.1	1276	2188	0	1	1	2188
CY121501.1	1340	1737	1	0	1	1340
CY121501.1	1345	1707	1	0	1	1345
CY121501.1	1448	1836	0	1	1	1836
CY121501.1	1503	1915	0	1	1	1915
CY121501.1	1538	1590	1	0	1	1538
CY121501.1	1622	1789	1	1	2	1622
CY121501.1	1719	2221	1	0	1	1719
CY121501.1	1771	1908	1	0	1	1771
CY121501.1	1834	2006	1	0	1	1834
CY121501.1	1899	1929	1	0	1	1899
CY121501.1	1910	1944	1	0	1	1910
CY121501.1	1934	1973	0	1	1	1973
CY121501.1	2041	2162	0	1	1	2162
CY121501.1	2043	2110	0	1	1	2110
CY121501.1	2074	2169	1	0	1	2074
CY121501.1	2200	2381	0	1	1	2381
CY121501.1	237	1786	2	0	2	237
CY121501.1	262	698	1	0	1	262
CY121501.1	275	1666	1	0	1	275
CY121501.1	279	1604	1	0	1	279
CY121501.1	279	1715	1	0	1	279
CY121501.1	281	2173	1	1	2	281
CY121501.1	285	2273	1	1	2	285
CY121501.1	293	803	1	0	1	293
CY121501.1	307	1672	0	1	1	1672
CY121501.1	319	2132	0	1	1	2132
CY121501.1	355	2285	0	1	1	2285
CY121501.1	362	1658	0	1	1	1658
CY121501.1	366	2011	0	1	1	2011
CY121501.1	370	2122	0	1	1	2122
CY121501.1	377	2091	0	1	1	2091
CY121501.1	390	1162	0	1	1	1162
CY121501.1	415	1675	0	1	1	1675
CY121501.1	426	942	0	1	1	942
CY121501.1	435	758	0	1	1	758
CY121501.1	478	2049	1	1	2	478
CY121501.1	513	1058	0	1	1	1058
CY121501.1	520	787	1	0	1	520
CY121501.1	533	1203	0	1	1	1203
CY121501.1	571	2081	0	1	1	2081
CY121501.1	575	1793	0	1	1	1793
CY121501.1	594	2123	0	1	1	2123
CY121501.1	614	976	1	0	1	614
CY121501.1	617	1640	1	0	1	617
CY121501.1	625	2251	1	0	1	625
CY121501.1	687	788	0	1	1	788
CY121501.1	688	1970	1	0	1	688
CY121501.1	726	1776	1	0	1	726
CY121501.1	736	1468	0	1	1	1468
CY121501.1	757	1937	1	0	1	757
CY121501.1	881	1975	1	0	1	881
CY121501.1	913	2277	1	0	1	913
CY121502.1	1024	2212	0	1	1	2212
CY121502.1	1032	2254	1	0	1	1032
CY121502.1	1069	1209	0	1	1	1209
CY121502.1	1069	1792	0	1	1	1792
CY121502.1	1069	2069	1	0	1	1069
CY121502.1	1072	2084	0	1	1	2084
CY121502.1	1124	1821	0	1	1	1821
CY121502.1	1134	1778	1	0	1	1134
CY121502.1	1160	1850	0	1	1	1850
CY121502.1	1164	1948	1	0	1	1164
CY121502.1	1173	1235	0	1	1	1235
CY121502.1	1191	2398	1	0	1	1191
CY121502.1	1198	1503	0	1	1	1503
CY121502.1	1210	2251	0	1	1	2251
CY121502.1	1218	2470	1	1	2	1218
CY121502.1	1225	2031	0	1	1	2031
CY121502.1	1231	2090	1	1	2	1231
CY121502.1	1245	2049	0	1	1	2049
CY121502.1	1268	1504	0	1	1	1504
CY121502.1	1268	2178	0	1	1	2178
CY121502.1	1283	1591	1	0	1	1283
CY121502.1	1283	2219	0	1	1	2219
CY121502.1	1289	2291	0	1	1	2291
CY121502.1	1315	1375	0	1	1	1375
CY121502.1	1332	2115	0	1	1	2115
CY121502.1	1342	2129	1	0	1	1342
CY121502.1	1350	1402	0	1	1	1402
CY121502.1	1365	1714	0	1	1	1714
CY121502.1	1369	1594	0	1	1	1594
CY121502.1	1370	2145	0	1	1	2145
CY121502.1	1376	1569	1	0	1	1376
CY121502.1	1395	1517	0	1	1	1517
CY121502.1	1399	1654	0	1	1	1654
CY121502.1	1405	2086	0	1	1	2086
CY121502.1	1407	1502	1	0	1	1407
CY121502.1	1449	1778	1	0	1	1449
CY121502.1	1512	2044	0	1	1	2044
CY121502.1	1515	2214	1	0	1	1515
CY121502.1	1583	2102	0	1	1	2102
CY121502.1	1610	2038	0	1	1	2038
CY121502.1	1619	2190	1	0	1	1619
CY121502.1	1687	1965	0	1	1	1965
CY121502.1	1692	2089	1	0	1	1692
CY121502.1	1861	2188	0	1	1	2188
CY121502.1	1861	2402	0	1	1	2402
CY121502.1	1875	2041	0	1	1	2041
CY121502.1	1913	2473	0	1	1	2473
CY121502.1	1944	2281	1	0	1	1944
CY121502.1	2023	2138	1	0	1	2023
CY121502.1	2063	2323	1	0	1	2063
CY121502.1	2140	2176	0	1	1	2176
CY121502.1	2283	2309	0	1	1	2309
CY121502.1	246	2261	1	0	1	246
CY121502.1	248	1051	1	0	1	248
CY121502.1	249	2334	1	0	1	249
CY121502.1	254	752	1	0	1	254
CY121502.1	280	1029	1	0	1	280
CY121502.1	333	549	0	1	1	549
CY121502.1	349	1580	0	1	1	1580
CY121502.1	386	2298	1	0	1	386
CY121502.1	388	2222	0	1	1	2222
CY121502.1	391	902	1	0	1	391
CY121502.1	415	2122	1	0	1	415
CY121502.1	459	1111	1	0	1	459
CY121502.1	463	1402	0	1	1	1402
CY121502.1	467	2214	1	0	1	467
CY121502.1	524	1401	1	0	1	524
CY121502.1	547	605	0	1	1	605
CY121502.1	565	2009	0	1	1	2009
CY121502.1	569	2333	1	0	1	569
CY121502.1	575	1761	0	1	1	1761
CY121502.1	578	608	0	1	1	608
CY121502.1	596	2099	1	0	1	596
CY121502.1	600	1945	0	1	1	1945
CY121502.1	615	1666	1	0	1	615
CY121502.1	617	2320	1	0	1	617
CY121502.1	648	2099	0	1	1	2099
CY121502.1	670	2067	0	1	1	2067
CY121502.1	697	1369	0	1	1	1369
CY121502.1	703	1970	0	1	1	1970
CY121502.1	707	2061	0	1	1	2061
CY121502.1	737	1353	1	0	1	737
CY121502.1	746	1593	0	1	1	1593
CY121502.1	750	2138	1	0	1	750
CY121502.1	754	1040	0	1	1	1040
CY121502.1	760	1149	1	0	1	760
CY121502.1	772	2111	1	0	1	772
CY121502.1	791	1427	1	0	1	791
CY121502.1	792	2161	0	1	1	2161
CY121502.1	798	1186	1	0	1	798
CY121502.1	799	1710	1	0	1	799
CY121502.1	801	2480	0	1	1	2480
CY121502.1	816	888	0	1	1	888
CY121502.1	840	1838	1	0	1	840
CY121502.1	863	2050	1	0	1	863
CY121502.1	864	1277	1	0	1	864
CY121502.1	866	971	0	1	1	971
CY121502.1	867	2256	0	1	1	2256
CY121502.1	878	1099	1	0	1	878
CY121502.1	883	1401	1	0	1	883
CY121502.1	884	2291	0	1	1	2291
CY121502.1	886	1096	0	1	1	1096
CY121502.1	893	1656	1	0	1	893
CY121502.1	903	1758	0	1	1	1758
CY121502.1	912	1353	1	0	1	912
CY121502.1	914	1717	1	0	1	914
CY121502.1	928	1860	1	0	1	928
CY121502.1	933	2388	1	0	1	933
CY121502.1	962	1815	0	1	1	1815
CY121502.1	967	1938	0	1	1	1938
CY121502.1	973	2477	0	1	1	2477
CY121503.1	1011	2193	0	1	1	2193
CY121503.1	1033	2388	1	0	1	1033
CY121503.1	1046	2343	0	1	1	2343
CY121503.1	1054	1256	0	1	1	1256
CY121503.1	1169	2258	0	1	1	2258
CY121503.1	1187	1791	0	1	1	1791
CY121503.1	1300	1750	1	0	1	1300
CY121503.1	1314	2084	1	0	1	1314
CY121503.1	1322	1567	0	1	1	1567
CY121503.1	1391	1569	0	1	1	1569
CY121503.1	1392	1789	0	1	1	1789
CY121503.1	1497	2109	1	0	1	1497
CY121503.1	1499	1910	1	0	1	1499
CY121503.1	1501	2113	50	43	93	1501
CY121503.1	1557	1942	0	1	1	1942
CY121503.1	1571	2389	0	1	1	2389
CY121503.1	1702	2242	0	1	1	2242
CY121503.1	1709	1790	0	1	1	1790
CY121503.1	1959	2379	0	1	1	2379
CY121503.1	1992	2330	1	0	1	1992
CY121503.1	2069	2105	0	1	1	2105
CY121503.1	2176	2451	0	1	1	2451
CY121503.1	236	1287	1	0	1	236
CY121503.1	2400	2439	1	0	1	2400
CY121503.1	241	1221	1	0	1	241
CY121503.1	277	1512	1	0	1	277
CY121503.1	300	375	0	1	1	375
CY121503.1	365	2245	0	3	3	2245
CY121503.1	453	821	0	1	1	821
CY121503.1	457	1453	1	0	1	457
CY121503.1	457	2388	1	0	1	457
CY121503.1	543	1414	0	1	1	1414
CY121503.1	559	1619	1	0	1	559
CY121503.1	580	2247	0	1	1	2247
CY121503.1	610	1906	0	1	1	1906
CY121503.1	619	1039	1	0	1	619
CY121503.1	635	690	1	0	1	635
CY121503.1	676	2083	0	1	1	2083
CY121503.1	678	2194	0	1	1	2194
CY121503.1	730	752	0	1	1	752
CY121503.1	785	2173	0	1	1	2173
CY121503.1	790	2172	1	0	1	790
CY121503.1	801	1024	1	0	1	801
CY121503.1	853	1487	0	1	1	1487
CY121503.1	925	2173	1	0	1	925
CY121503.1	927	1786	0	1	1	1786
CY121503.1	927	2242	0	1	1	2242
CY121503.1	944	1606	0	1	1	1606
