Segment	Start	Stop	Forward_support	Reverse_support	Total_support	Fuzz_factor
CY121496.1	1000	1293	1	0	1	1000
CY121496.1	1098	1192	1	0	1	1098
CY121496.1	1136	1194	1	0	1	1136
CY121496.1	1181	1259	0	1	1	1259
CY121496.1	1192	1408	0	1	1	1408
CY121496.1	1287	1333	3	3	6	1287
CY121496.1	1287	1481	1	0	1	1287
CY121496.1	1301	1323	8	6	14	1301
CY121496.1	1315	1462	1	0	1	1315
CY121496.1	1371	1551	1	0	1	1371
CY121496.1	1413	1756	1	0	1	1413
CY121496.1	1502	1566	1	0	1	1502
CY121496.1	1691	1732	1	0	1	1691
CY121496.1	285	640	1	0	1	285
CY121496.1	321	1818	1	0	1	321
CY121496.1	366	1685	0	1	1	1685
CY121496.1	381	1689	0	1	1	1689
CY121496.1	382	524	0	1	1	524
CY121496.1	426	1209	0	1	1	1209
CY121496.1	483	540	1	0	1	483
CY121496.1	488	1803	1	0	1	488
CY121496.1	552	611	1	0	1	552
CY121496.1	569	954	0	22	22	954
CY121496.1	571	598	0	1	1	598
CY121496.1	577	1190	1	0	1	577
CY121496.1	590	1394	0	1	1	1394
CY121496.1	627	1187	1	0	1	627
CY121496.1	655	977	0	1	1	977
CY121496.1	725	1637	0	1	1	1637
CY121496.1	731	786	0	1	1	786
CY121496.1	759	1017	1	0	1	759
CY121496.1	772	1840	1	0	1	772
CY121496.1	786	1037	1	0	1	786
CY121496.1	815	1387	0	1	1	1387
CY121496.1	861	1452	1	1	2	861
CY121496.1	880	1579	0	1	1	1579
CY121496.1	880	997	0	1	1	997
CY121496.1	888	1270	0	1	1	1270
CY121496.1	958	1494	0	1	1	1494
CY121496.1	991	1046	1	1	2	991
CY121497.1	257	898	1	0	1	257
CY121497.1	345	842	0	1	1	842
CY121497.1	350	576	4	9	13	350
CY121497.1	382	1141	0	1	1	1141
CY121497.1	397	960	0	1	1	960
CY121497.1	404	1052	1	0	1	404
CY121497.1	404	830	0	1	1	830
CY121497.1	411	842	0	1	1	842
CY121497.1	413	666	1	0	1	413
CY121497.1	424	819	1	0	1	424
CY121497.1	465	730	0	1	1	730
CY121497.1	573	1041	1	0	1	573
CY121497.1	575	1029	1	0	1	575
CY121497.1	633	1026	1	0	1	633
CY121497.1	633	1136	0	1	1	1136
CY121497.1	650	1060	1	0	1	650
CY121497.1	681	941	0	1	1	941
CY121497.1	686	761	0	8	8	761
CY121497.1	721	863	7	6	13	721
CY121497.1	737	864	0	1	1	864
CY121497.1	768	968	1	0	1	768
CY121497.1	779	858	1	0	1	779
CY121497.1	879	1098	0	1	1	1098
CY121497.1	885	1035	0	1	1	1035
CY121497.1	931	1044	1	0	1	931
CY121497.1	939	1024	1	0	1	939
CY121498.1	1154	1187	0	1	1	1187
CY121498.1	1324	1485	1	0	1	1324
CY121498.1	248	1455	32	1	33	248
CY121498.1	254	1599	5	4	9	254
CY121498.1	258	531	1	0	1	258
CY121498.1	353	731	1	0	1	353
CY121498.1	400	751	0	1	1	751
CY121498.1	407	650	0	1	1	650
CY121498.1	427	1017	0	1	1	1017
CY121498.1	431	1044	0	1	1	1044
CY121498.1	446	1352	32	39	71	446
CY121498.1	475	726	1	0	1	475
CY121498.1	524	733	0	1	1	733
CY121498.1	563	651	1	0	1	563
CY121498.1	571	1344	0	1	1	1344
CY121498.1	673	1440	1	0	1	673
CY121498.1	676	1450	0	1	1	1450
CY121498.1	677	1131	1	0	1	677
CY121498.1	751	1115	1	0	1	751
CY121498.1	810	1430	1	0	1	810
CY121498.1	830	968	1	0	1	830
CY121498.1	948	1027	4	5	9	948
CY121498.1	962	1029	2	0	2	962
CY121499.1	1025	1246	1	0	1	1025
CY121499.1	1035	1497	0	1	1	1497
CY121499.1	1045	1579	1	0	1	1045
CY121499.1	1072	1227	1	0	1	1072
CY121499.1	1076	1595	1	0	1	1076
CY121499.1	1087	1109	0	1	1	1109
CY121499.1	1117	1240	1	0	1	1117
CY121499.1	1129	1715	0	1	1	1715
CY121499.1	1134	1222	1	0	1	1134
CY121499.1	1183	1385	1	0	1	1183
CY121499.1	1274	1395	1	0	1	1274
CY121499.1	1309	1348	0	1	1	1348
CY121499.1	1372	1575	1	0	1	1372
CY121499.1	1437	1514	9	7	16	1437
CY121499.1	1475	1512	0	1	1	1512
CY121499.1	1587	1611	0	1	1	1611
CY121499.1	243	697	1	0	1	243
CY121499.1	363	498	0	1	1	498
CY121499.1	366	889	1	0	1	366
CY121499.1	371	1391	0	1	1	1391
CY121499.1	391	1453	1	0	1	391
CY121499.1	403	589	1	0	1	403
CY121499.1	404	589	0	1	1	589
CY121499.1	435	1576	0	1	1	1576
CY121499.1	441	1370	1	0	1	441
CY121499.1	446	1043	0	1	1	1043
CY121499.1	448	1218	0	1	1	1218
CY121499.1	492	1500	1	0	1	492
CY121499.1	524	1197	1	0	1	524
CY121499.1	534	1561	1	0	1	534
CY121499.1	562	776	1	0	1	562
CY121499.1	720	749	0	1	1	749
CY121499.1	727	852	1	0	1	727
CY121499.1	733	1338	0	1	1	1338
CY121499.1	762	1363	1	0	1	762
CY121499.1	767	1599	1	0	1	767
CY121499.1	768	1554	0	1	1	1554
CY121499.1	787	1076	1	0	1	787
CY121499.1	806	1032	1	0	1	806
CY121499.1	816	1592	1	0	1	816
CY121499.1	820	928	0	1	1	928
CY121499.1	842	1273	0	1	1	1273
CY121499.1	849	1545	1	0	1	849
CY121499.1	868	1046	5	4	9	868
CY121499.1	872	1423	1	0	1	872
CY121499.1	940	1324	1	0	1	940
CY121499.1	980	1339	0	1	1	1339
CY121499.1	986	1130	1	0	1	986
CY121499.1	999	1044	3	1	4	999
CY121500.1	488	924	1	0	1	488
CY121500.1	564	778	66	33	99	564
CY121500.1	579	751	0	1	1	751
CY121501.1	1067	1099	1	0	1	1067
CY121501.1	1092	1522	1	0	1	1092
CY121501.1	1162	1268	0	1	1	1268
CY121501.1	1172	2015	1	0	1	1172
CY121501.1	1212	1999	0	1	1	1999
CY121501.1	1350	2314	1	0	1	1350
CY121501.1	1442	1827	1	0	1	1442
CY121501.1	1513	2238	1	0	1	1513
CY121501.1	1514	2298	13	5	18	1514
CY121501.1	1529	2031	0	1	1	2031
CY121501.1	1545	1766	0	1	1	1766
CY121501.1	1645	1699	0	1	1	1699
CY121501.1	1666	1862	1	0	1	1666
CY121501.1	1679	1757	0	1	1	1757
CY121501.1	1727	2045	1	0	1	1727
CY121501.1	1886	2200	1	0	1	1886
CY121501.1	1896	2300	0	1	1	2300
CY121501.1	2150	2214	73	26	99	2150
CY121501.1	2188	2217	4	1	5	2188
CY121501.1	2278	2358	0	1	1	2358
CY121501.1	237	1786	1	0	1	237
CY121501.1	292	2130	1	0	1	292
CY121501.1	329	2219	13	47	60	329
CY121501.1	334	2151	5	87	92	334
CY121501.1	335	2159	5	50	55	335
CY121501.1	336	386	0	2	2	386
CY121501.1	337	367	3	68	71	337
CY121501.1	369	2158	3	7	10	369
CY121501.1	370	2200	0	1	1	2200
CY121501.1	381	2272	45	29	74	381
CY121501.1	381	2273	0	1	1	2273
CY121501.1	386	2151	20	76	96	386
CY121501.1	388	2174	0	1	1	2174
CY121501.1	388	436	61	177	238	388
CY121501.1	403	2191	25	79	104	403
CY121501.1	406	2166	0	2	2	2166
CY121501.1	455	2007	17	27	44	455
CY121501.1	460	558	0	1	1	558
CY121501.1	466	1838	0	1	1	1838
CY121501.1	466	2126	1	1	2	466
CY121501.1	468	1838	1	0	1	468
CY121501.1	472	2042	0	1	1	2042
CY121501.1	474	503	0	3	3	503
CY121501.1	479	1225	1	0	1	479
CY121501.1	479	2134	79	137	216	479
CY121501.1	480	1906	29	56	85	480
CY121501.1	485	1467	1	0	1	485
CY121501.1	502	2052	18	17	35	502
CY121501.1	505	2065	29	30	59	505
CY121501.1	511	2030	4	4	8	511
CY121501.1	515	2183	0	1	1	2183
CY121501.1	557	795	1	0	1	557
CY121501.1	598	2004	1	0	1	598
CY121501.1	650	1959	5	4	9	650
CY121501.1	671	1871	1	0	1	671
CY121501.1	673	1873	19	33	52	673
CY121501.1	682	780	1	0	1	682
CY121501.1	688	788	2	7	9	688
CY121501.1	691	1890	0	1	1	1890
CY121501.1	695	1949	1	0	1	695
CY121501.1	699	1685	1	0	1	699
CY121501.1	719	1870	3	0	3	719
CY121501.1	775	1738	20	7	27	775
CY121501.1	826	1707	0	1	1	1707
CY121501.1	851	1196	0	1	1	1196
CY121501.1	923	1656	1	0	1	923
CY121501.1	929	1692	87	86	173	929
CY121501.1	941	1012	0	1	1	1012
CY121501.1	953	1704	0	1	1	1704
CY121501.1	955	2006	1	0	1	955
CY121501.1	971	1735	3	5	8	971
CY121502.1	1053	1203	0	1	1	1203
CY121502.1	1069	2119	1	0	1	1069
CY121502.1	1153	1913	0	1	1	1913
CY121502.1	1257	2394	0	1	1	2394
CY121502.1	1516	2393	1	0	1	1516
CY121502.1	1608	1955	1	0	1	1608
CY121502.1	1809	2236	0	1	1	2236
CY121502.1	2327	2361	10	0	10	2327
CY121502.1	275	820	1	0	1	275
CY121502.1	366	2295	17	0	17	366
CY121502.1	368	2280	9	2	11	368
CY121502.1	393	430	17	45	62	393
CY121502.1	397	2243	3	0	3	397
CY121502.1	399	1126	1	0	1	399
CY121502.1	408	1061	1	0	1	408
CY121502.1	409	1136	16	4	20	409
CY121502.1	450	2278	1	0	1	450
CY121502.1	451	2313	42	2	44	451
CY121502.1	462	2098	41	7	48	462
CY121502.1	477	2147	1	0	1	477
CY121502.1	493	2382	1	0	1	493
CY121502.1	498	2195	28	13	41	498
CY121502.1	553	2037	1	0	1	553
CY121502.1	554	2038	137	162	299	554
CY121502.1	555	2039	0	2	2	2039
CY121502.1	555	2153	4	3	7	555
CY121502.1	570	1012	1	0	1	570
CY121502.1	575	2256	0	1	1	2256
CY121502.1	578	2080	0	1	1	2080
CY121502.1	579	731	1	0	1	579
CY121502.1	616	1801	1	0	1	616
CY121502.1	617	2210	0	1	1	2210
CY121502.1	620	1809	0	6	6	1809
CY121502.1	652	1425	1	0	1	652
CY121502.1	721	779	1	0	1	721
CY121502.1	799	1402	0	1	1	1402
CY121502.1	801	2032	0	1	1	2032
CY121502.1	827	2218	1	0	1	827
CY121502.1	840	2136	0	1	1	2136
CY121502.1	847	1388	0	1	1	1388
CY121502.1	905	2486	0	1	1	2486
CY121502.1	930	1871	1	0	1	930
CY121502.1	939	1331	0	1	1	1331
CY121503.1	1043	1138	0	1	1	1138
CY121503.1	1163	2460	0	1	1	2460
CY121503.1	1203	1232	1	0	1	1203
CY121503.1	1248	1726	1	0	1	1248
CY121503.1	1278	1801	0	1	1	1801
CY121503.1	1307	1771	0	1	1	1771
CY121503.1	1324	1475	1	0	1	1324
CY121503.1	1397	2209	1	0	1	1397
CY121503.1	1601	1925	1	0	1	1601
CY121503.1	1619	1926	0	1	1	1926
CY121503.1	2044	2068	0	1	1	2068
CY121503.1	2155	2286	0	1	1	2286
CY121503.1	2219	2250	30	12	42	2219
CY121503.1	241	1221	3	0	3	241
CY121503.1	319	2350	0	2	2	2350
CY121503.1	338	2414	1	1	2	338
CY121503.1	374	2348	1	0	1	374
CY121503.1	409	2380	1	0	1	409
CY121503.1	422	1532	0	1	1	1532
CY121503.1	456	2238	88	90	178	456
CY121503.1	465	1672	1	0	1	465
CY121503.1	475	2196	8	0	8	475
CY121503.1	477	1822	0	1	1	1822
CY121503.1	597	1765	0	1	1	1765
CY121503.1	639	679	1	0	1	639
CY121503.1	646	2001	12	47	59	646
CY121503.1	654	1324	0	1	1	1324
CY121503.1	665	781	1	0	1	665
CY121503.1	709	2122	0	1	1	2122
CY121503.1	719	798	1	0	1	719
CY121503.1	739	1934	12	0	12	739
CY121503.1	747	1922	0	1	1	1922
CY121503.1	765	1926	0	5	5	1926
CY121503.1	801	1796	1	0	1	801
CY121503.1	810	1585	0	1	1	1585
CY121503.1	829	1829	0	21	21	1829
CY121503.1	848	1907	0	1	1	1907
CY121503.1	851	1702	1	0	1	851
CY121503.1	881	1754	1	0	1	881
CY121503.1	921	1789	39	31	70	921
CY121503.1	936	1795	0	2	2	1795
CY121503.1	954	2297	0	1	1	2297
CY121503.1	973	2229	0	1	1	2229
