Segment	Start	Stop	Forward_support	Reverse_support	Total_support	Fuzz_factor
CY121496.1	1122	1472	0	1	1	1472
CY121496.1	1155	1530	0	1	1	1530
CY121496.1	1181	1608	0	1	1	1608
CY121496.1	1182	1842	0	1	1	1842
CY121496.1	1239	1471	1	0	1	1239
CY121496.1	1297	1600	0	1	1	1600
CY121496.1	1298	1692	1	0	1	1298
CY121496.1	1323	1699	0	1	1	1699
CY121496.1	1389	1616	1	0	1	1389
CY121496.1	1430	1583	1	0	1	1430
CY121496.1	1473	1818	0	1	1	1818
CY121496.1	1482	1511	1	0	1	1482
CY121496.1	1514	1625	0	1	1	1625
CY121496.1	1574	1819	1	0	1	1574
CY121496.1	1656	1768	0	1	1	1768
CY121496.1	260	400	1	0	1	260
CY121496.1	275	1072	1	0	1	275
CY121496.1	283	1071	1	0	1	283
CY121496.1	295	1148	1	0	1	295
CY121496.1	346	582	1	0	1	346
CY121496.1	368	1204	1	0	1	368
CY121496.1	396	1523	0	1	1	1523
CY121496.1	398	1794	0	1	1	1794
CY121496.1	450	1700	0	1	1	1700
CY121496.1	474	1279	1	0	1	474
CY121496.1	477	1181	1	0	1	477
CY121496.1	477	1665	1	0	1	477
CY121496.1	477	691	1	0	1	477
CY121496.1	480	737	0	1	1	737
CY121496.1	489	1305	0	1	1	1305
CY121496.1	515	1344	1	0	1	515
CY121496.1	524	1724	1	0	1	524
CY121496.1	550	1209	1	0	1	550
CY121496.1	570	1758	1	0	1	570
CY121496.1	645	1865	1	0	1	645
CY121496.1	685	1700	0	1	1	1700
CY121496.1	720	1506	1	0	1	720
CY121496.1	721	1558	1	0	1	721
CY121496.1	724	1172	0	1	1	1172
CY121496.1	733	1068	1	0	1	733
CY121496.1	758	1007	1	0	1	758
CY121496.1	763	1760	0	1	1	1760
CY121496.1	782	989	0	1	1	989
CY121496.1	794	954	0	1	1	954
CY121496.1	803	1483	0	1	1	1483
CY121496.1	816	955	1	0	1	816
CY121496.1	834	1328	1	0	1	834
CY121496.1	852	1336	1	0	1	852
CY121496.1	864	1317	0	1	1	1317
CY121496.1	872	1586	1	0	1	872
CY121496.1	884	1476	1	0	1	884
CY121496.1	892	1337	1	0	1	892
CY121496.1	904	1903	0	1	1	1903
CY121496.1	921	1378	1	0	1	921
CY121496.1	946	1280	0	1	1	1280
CY121496.1	981	1707	1	0	1	981
CY121497.1	264	438	1	0	1	264
CY121497.1	276	315	1	0	1	276
CY121497.1	314	918	1	0	1	314
CY121497.1	349	584	0	1	1	584
CY121497.1	360	955	0	1	1	955
CY121497.1	382	1189	0	1	1	1189
CY121497.1	396	1114	1	0	1	396
CY121497.1	398	1019	0	1	1	1019
CY121497.1	406	1132	0	1	1	1132
CY121497.1	406	712	0	1	1	712
CY121497.1	411	512	0	1	1	512
CY121497.1	416	904	1	0	1	416
CY121497.1	441	636	1	0	1	441
CY121497.1	457	506	1	0	1	457
CY121497.1	473	697	1	0	1	473
CY121497.1	475	525	0	1	1	525
CY121497.1	481	555	1	0	1	481
CY121497.1	488	520	1	0	1	488
CY121497.1	503	976	1	0	1	503
CY121497.1	512	1163	0	1	1	1163
CY121497.1	540	1133	0	1	1	1133
CY121497.1	607	1046	1	0	1	607
CY121497.1	609	749	1	0	1	609
CY121497.1	632	963	0	1	1	963
CY121497.1	632	965	0	1	1	965
CY121497.1	635	707	0	1	1	707
CY121497.1	650	678	0	1	1	678
CY121497.1	652	1003	0	1	1	1003
CY121497.1	675	894	0	1	1	894
CY121497.1	677	824	0	1	1	824
CY121497.1	719	884	0	1	1	884
CY121497.1	752	1006	0	1	1	1006
CY121497.1	777	1085	1	0	1	777
CY121497.1	781	1033	1	0	1	781
CY121497.1	821	912	1	1	2	821
CY121497.1	835	961	0	1	1	961
CY121497.1	946	1151	0	1	1	1151
CY121497.1	957	1147	0	1	1	1147
CY121497.1	986	1130	0	1	1	1130
CY121498.1	1016	1487	0	1	1	1487
CY121498.1	1340	1363	0	1	1	1363
CY121498.1	249	1452	1	0	1	249
CY121498.1	258	1159	1	0	1	258
CY121498.1	458	524	1	1	2	458
CY121498.1	649	1013	0	1	1	1013
CY121498.1	673	1427	0	2	2	1427
CY121498.1	698	989	0	1	1	989
CY121498.1	704	1202	1	0	1	704
CY121498.1	728	1509	1	0	1	728
CY121498.1	858	1150	1	0	1	858
CY121498.1	867	985	0	1	1	985
CY121498.1	898	1139	0	1	1	1139
CY121499.1	1021	1212	0	1	1	1212
CY121499.1	1026	1521	1	0	1	1026
CY121499.1	1030	1342	1	0	1	1030
CY121499.1	1034	1149	1	0	1	1034
CY121499.1	1037	1081	1	0	1	1037
CY121499.1	1040	1463	0	1	1	1463
CY121499.1	1045	1306	0	1	1	1306
CY121499.1	1054	1298	1	0	1	1054
CY121499.1	1055	1341	1	0	1	1055
CY121499.1	1058	1242	0	1	1	1242
CY121499.1	1069	1513	1	0	1	1069
CY121499.1	1082	1620	0	1	1	1620
CY121499.1	1095	1685	0	1	1	1685
CY121499.1	1102	1132	1	0	1	1102
CY121499.1	1106	1370	0	1	1	1370
CY121499.1	1117	1241	0	1	1	1241
CY121499.1	1128	1271	1	0	1	1128
CY121499.1	1133	1321	0	1	1	1321
CY121499.1	1147	1349	1	0	1	1147
CY121499.1	1152	1382	0	1	1	1382
CY121499.1	1196	1450	0	1	1	1450
CY121499.1	1223	1468	0	1	1	1468
CY121499.1	1276	1306	1	0	1	1276
CY121499.1	1277	1313	1	0	1	1277
CY121499.1	1290	1557	0	1	1	1557
CY121499.1	1303	1424	1	0	1	1303
CY121499.1	1308	1476	0	1	1	1476
CY121499.1	1316	1444	1	0	1	1316
CY121499.1	1324	1489	0	1	1	1489
CY121499.1	1326	1504	1	0	1	1326
CY121499.1	1326	1582	0	1	1	1582
CY121499.1	1329	1565	0	1	1	1565
CY121499.1	1337	1507	0	1	1	1507
CY121499.1	1356	1520	1	0	1	1356
CY121499.1	1366	1489	0	1	1	1489
CY121499.1	1374	1695	0	1	1	1695
CY121499.1	1448	1675	0	1	1	1675
CY121499.1	1499	1557	1	0	1	1499
CY121499.1	1499	1567	1	0	1	1499
CY121499.1	1509	1686	0	1	1	1686
CY121499.1	1511	1590	0	1	1	1590
CY121499.1	1513	1649	1	0	1	1513
CY121499.1	248	347	1	0	1	248
CY121499.1	256	1306	1	0	1	256
CY121499.1	260	1075	1	0	1	260
CY121499.1	273	697	1	0	1	273
CY121499.1	278	1602	1	0	1	278
CY121499.1	286	1428	1	0	1	286
CY121499.1	288	1051	1	0	1	288
CY121499.1	288	1317	1	0	1	288
CY121499.1	292	1443	1	0	1	292
CY121499.1	297	785	1	0	1	297
CY121499.1	321	1508	1	0	1	321
CY121499.1	321	1653	0	1	1	1653
CY121499.1	323	503	1	0	1	323
CY121499.1	335	1391	0	1	1	1391
CY121499.1	342	1566	1	0	1	342
CY121499.1	346	960	0	1	1	960
CY121499.1	348	1572	1	0	1	348
CY121499.1	348	819	0	1	1	819
CY121499.1	352	1398	0	1	1	1398
CY121499.1	352	728	0	1	1	728
CY121499.1	353	993	0	1	1	993
CY121499.1	371	1452	1	0	1	371
CY121499.1	373	518	1	0	1	373
CY121499.1	377	696	0	1	1	696
CY121499.1	377	855	0	1	1	855
CY121499.1	379	1062	0	1	1	1062
CY121499.1	381	479	0	1	1	479
CY121499.1	388	457	0	1	1	457
CY121499.1	391	606	1	0	1	391
CY121499.1	393	1611	0	1	1	1611
CY121499.1	400	1580	0	1	1	1580
CY121499.1	403	1290	0	1	1	1290
CY121499.1	403	671	0	1	1	671
CY121499.1	404	1334	1	0	1	404
CY121499.1	404	1422	0	1	1	1422
CY121499.1	404	1698	0	1	1	1698
CY121499.1	405	1155	0	1	1	1155
CY121499.1	406	458	1	0	1	406
CY121499.1	407	1362	1	0	1	407
CY121499.1	414	1411	0	1	1	1411
CY121499.1	414	725	1	0	1	414
CY121499.1	419	1553	0	1	1	1553
CY121499.1	420	1085	0	1	1	1085
CY121499.1	421	463	1	0	1	421
CY121499.1	423	942	1	0	1	423
CY121499.1	424	1320	0	1	1	1320
CY121499.1	425	1370	0	1	1	1370
CY121499.1	426	951	1	0	1	426
CY121499.1	434	1441	1	0	1	434
CY121499.1	439	1522	0	1	1	1522
CY121499.1	441	605	0	1	1	605
CY121499.1	445	1528	1	0	1	445
CY121499.1	456	1720	0	1	1	1720
CY121499.1	458	1321	0	1	1	1321
CY121499.1	459	664	1	0	1	459
CY121499.1	467	1095	1	0	1	467
CY121499.1	475	1102	1	0	1	475
CY121499.1	475	733	0	1	1	733
CY121499.1	477	1723	0	1	1	1723
CY121499.1	477	764	0	1	1	764
CY121499.1	479	814	1	0	1	479
CY121499.1	482	1470	1	0	1	482
CY121499.1	485	585	1	0	1	485
CY121499.1	486	1553	0	1	1	1553
CY121499.1	490	1503	1	0	1	490
CY121499.1	490	1511	1	0	1	490
CY121499.1	493	632	0	1	1	632
CY121499.1	493	959	1	0	1	493
CY121499.1	506	627	0	1	1	627
CY121499.1	509	1267	0	1	1	1267
CY121499.1	512	582	0	1	1	582
CY121499.1	518	1378	1	0	1	518
CY121499.1	520	1051	1	0	1	520
CY121499.1	522	1026	0	1	1	1026
CY121499.1	522	1540	1	0	1	522
CY121499.1	523	1177	1	0	1	523
CY121499.1	524	1141	1	0	1	524
CY121499.1	524	843	1	0	1	524
CY121499.1	524	905	1	0	1	524
CY121499.1	525	1398	0	1	1	1398
CY121499.1	527	1149	0	1	1	1149
CY121499.1	534	1454	0	1	1	1454
CY121499.1	538	1418	1	0	1	538
CY121499.1	541	1127	1	0	1	541
CY121499.1	542	1049	1	0	1	542
CY121499.1	557	1682	0	1	1	1682
CY121499.1	561	1089	1	0	1	561
CY121499.1	561	1567	1	0	1	561
CY121499.1	573	840	1	0	1	573
CY121499.1	576	1354	1	0	1	576
CY121499.1	577	843	0	1	1	843
CY121499.1	579	774	0	1	1	774
CY121499.1	599	1207	1	0	1	599
CY121499.1	608	928	0	1	1	928
CY121499.1	626	864	1	0	1	626
CY121499.1	631	1529	0	1	1	1529
CY121499.1	633	1704	0	1	1	1704
CY121499.1	636	1295	1	0	1	636
CY121499.1	637	1296	0	1	1	1296
CY121499.1	639	824	0	1	1	824
CY121499.1	640	1048	0	1	1	1048
CY121499.1	640	1521	1	0	1	640
CY121499.1	641	755	1	0	1	641
CY121499.1	648	945	1	0	1	648
CY121499.1	651	1148	1	0	1	651
CY121499.1	659	1007	0	1	1	1007
CY121499.1	665	1018	1	0	1	665
CY121499.1	668	1464	1	0	1	668
CY121499.1	678	1271	0	1	1	1271
CY121499.1	684	1494	0	1	1	1494
CY121499.1	684	917	0	1	1	917
CY121499.1	688	1282	0	1	1	1282
CY121499.1	689	1110	1	0	1	689
CY121499.1	693	1175	1	0	1	693
CY121499.1	700	772	1	0	1	700
CY121499.1	714	1303	1	0	1	714
CY121499.1	720	1237	1	0	1	720
CY121499.1	720	1393	1	0	1	720
CY121499.1	724	1674	0	1	1	1674
CY121499.1	727	1051	0	1	1	1051
CY121499.1	737	1299	0	1	1	1299
CY121499.1	748	1147	1	0	1	748
CY121499.1	756	905	0	1	1	905
CY121499.1	762	884	1	0	1	762
CY121499.1	767	800	0	1	1	800
CY121499.1	774	1040	0	1	1	1040
CY121499.1	781	1420	0	1	1	1420
CY121499.1	781	1686	0	1	1	1686
CY121499.1	788	916	0	1	1	916
CY121499.1	791	1206	1	0	1	791
CY121499.1	801	1172	0	1	1	1172
CY121499.1	801	1336	0	1	1	1336
CY121499.1	804	1124	1	0	1	804
CY121499.1	809	1720	0	2	2	1720
CY121499.1	815	1043	0	1	1	1043
CY121499.1	815	934	0	1	1	934
CY121499.1	818	1590	3	0	3	818
CY121499.1	821	1224	0	1	1	1224
CY121499.1	824	1194	1	0	1	824
CY121499.1	830	1149	0	1	1	1149
CY121499.1	831	1394	0	1	1	1394
CY121499.1	842	1040	1	0	1	842
CY121499.1	842	930	1	0	1	842
CY121499.1	843	1312	1	0	1	843
CY121499.1	849	1042	1	0	1	849
CY121499.1	876	1198	0	1	1	1198
CY121499.1	876	1650	1	0	1	876
CY121499.1	878	980	0	1	1	980
CY121499.1	881	1444	0	1	1	1444
CY121499.1	881	1583	0	1	1	1583
CY121499.1	885	1306	0	1	1	1306
CY121499.1	886	1600	1	0	1	886
CY121499.1	889	1206	1	0	1	889
CY121499.1	892	1203	0	1	1	1203
CY121499.1	892	1653	1	0	1	892
CY121499.1	894	1231	1	0	1	894
CY121499.1	895	1531	1	0	1	895
CY121499.1	908	1324	0	1	1	1324
CY121499.1	910	1365	0	1	1	1365
CY121499.1	924	1715	0	1	1	1715
CY121499.1	925	1169	1	0	1	925
CY121499.1	932	1135	0	1	1	1135
CY121499.1	939	1282	0	1	1	1282
CY121499.1	957	1173	1	0	1	957
CY121499.1	957	1484	0	1	1	1484
CY121499.1	976	1440	0	1	1	1440
CY121499.1	985	1134	1	0	1	985
CY121499.1	990	1217	1	0	1	990
CY121500.1	240	619	1	0	1	240
CY121500.1	244	351	1	0	1	244
CY121500.1	259	382	1	0	1	259
CY121500.1	265	821	1	0	1	265
CY121500.1	272	916	1	0	1	272
CY121500.1	280	830	1	0	1	280
CY121500.1	280	970	1	0	1	280
CY121500.1	281	305	1	0	1	281
CY121500.1	290	488	1	0	1	290
CY121500.1	291	364	1	1	2	291
CY121500.1	300	537	0	1	1	537
CY121500.1	307	780	1	0	1	307
CY121500.1	307	810	1	0	1	307
CY121500.1	321	419	1	0	1	321
CY121500.1	321	565	0	1	1	565
CY121500.1	329	643	0	1	1	643
CY121500.1	343	607	0	1	1	607
CY121500.1	349	587	1	0	1	349
CY121500.1	350	434	0	1	1	434
CY121500.1	356	1006	0	1	1	1006
CY121500.1	358	418	1	0	1	358
CY121500.1	360	788	1	0	1	360
CY121500.1	363	715	1	0	1	363
CY121500.1	364	438	0	1	1	438
CY121500.1	364	444	0	1	1	444
CY121500.1	366	731	0	1	1	731
CY121500.1	367	561	1	0	1	367
CY121500.1	367	628	0	1	1	628
CY121500.1	372	475	0	1	1	475
CY121500.1	372	536	0	1	1	536
CY121500.1	374	666	0	1	1	666
CY121500.1	377	967	1	0	1	377
CY121500.1	393	446	1	0	1	393
CY121500.1	393	973	1	0	1	393
CY121500.1	395	817	0	1	1	817
CY121500.1	397	844	0	1	1	844
CY121500.1	398	782	1	0	1	398
CY121500.1	400	846	1	0	1	400
CY121500.1	402	558	0	1	1	558
CY121500.1	404	723	1	0	1	404
CY121500.1	404	836	0	1	1	836
CY121500.1	406	523	0	1	1	523
CY121500.1	407	599	1	0	1	407
CY121500.1	407	708	0	1	1	708
CY121500.1	407	759	0	1	1	759
CY121500.1	410	510	1	0	1	410
CY121500.1	417	715	0	1	1	715
CY121500.1	420	542	0	1	1	542
CY121500.1	420	759	1	0	1	420
CY121500.1	426	652	0	1	1	652
CY121500.1	427	878	0	1	1	878
CY121500.1	428	884	0	1	1	884
CY121500.1	429	1002	0	1	1	1002
CY121500.1	435	519	0	1	1	519
CY121500.1	437	914	0	1	1	914
CY121500.1	443	888	0	1	1	888
CY121500.1	444	469	1	0	1	444
CY121500.1	447	1018	0	1	1	1018
CY121500.1	448	708	1	0	1	448
CY121500.1	449	1033	0	1	1	1033
CY121500.1	454	1040	0	1	1	1040
CY121500.1	461	530	1	0	1	461
CY121500.1	469	498	0	1	1	498
CY121500.1	473	712	0	1	1	712
CY121500.1	473	766	1	0	1	473
CY121500.1	476	519	1	0	1	476
CY121500.1	478	863	1	0	1	478
CY121500.1	479	819	1	0	1	479
CY121500.1	484	907	0	1	1	907
CY121500.1	485	821	0	1	1	821
CY121500.1	486	783	1	0	1	486
CY121500.1	490	928	1	0	1	490
CY121500.1	490	929	0	1	1	929
CY121500.1	491	915	0	1	1	915
CY121500.1	493	538	1	0	1	493
CY121500.1	494	821	0	1	1	821
CY121500.1	503	929	1	0	1	503
CY121500.1	506	865	1	0	1	506
CY121500.1	506	928	1	0	1	506
CY121500.1	510	626	1	0	1	510
CY121500.1	513	1004	0	1	1	1004
CY121500.1	513	713	1	0	1	513
CY121500.1	513	846	0	1	1	846
CY121500.1	513	890	1	0	1	513
CY121500.1	514	708	0	1	1	708
CY121500.1	514	921	1	0	1	514
CY121500.1	518	599	1	0	1	518
CY121500.1	520	1040	0	1	1	1040
CY121500.1	542	678	1	0	1	542
CY121500.1	548	771	1	0	1	548
CY121500.1	555	893	0	1	1	893
CY121500.1	558	685	0	1	1	685
CY121500.1	560	1027	0	1	1	1027
CY121500.1	561	733	0	1	1	733
CY121500.1	563	769	1	0	1	563
CY121500.1	564	636	0	1	1	636
CY121500.1	564	666	1	0	1	564
CY121500.1	571	945	0	1	1	945
CY121500.1	575	605	1	0	1	575
CY121500.1	575	923	1	0	1	575
CY121500.1	581	861	1	0	1	581
CY121500.1	582	905	1	0	1	582
CY121500.1	583	947	0	1	1	947
CY121500.1	597	821	1	0	1	597
CY121500.1	605	891	1	0	1	605
CY121500.1	613	791	0	1	1	791
CY121500.1	618	707	1	0	1	618
CY121500.1	619	665	0	1	1	665
CY121500.1	620	884	1	0	1	620
CY121500.1	625	943	0	1	1	943
CY121500.1	635	982	1	0	1	635
CY121500.1	640	945	1	0	1	640
CY121500.1	651	952	1	0	1	651
CY121500.1	654	1029	0	1	1	1029
CY121500.1	655	759	0	1	1	759
CY121500.1	656	1043	0	1	1	1043
CY121500.1	657	709	0	1	1	709
CY121500.1	661	827	0	1	1	827
CY121500.1	662	760	1	0	1	662
CY121500.1	670	877	0	1	1	877
CY121500.1	675	832	1	1	2	675
CY121500.1	675	928	0	1	1	928
CY121500.1	676	801	1	0	1	676
CY121500.1	687	1014	0	1	1	1014
CY121500.1	688	734	0	1	1	734
CY121500.1	689	953	1	0	1	689
CY121500.1	694	971	1	0	1	694
CY121500.1	697	737	1	0	1	697
CY121500.1	698	871	1	0	1	698
CY121500.1	700	764	1	0	1	700
CY121500.1	706	949	1	0	1	706
CY121500.1	718	764	0	1	1	764
CY121500.1	720	917	1	0	1	720
CY121500.1	736	806	0	1	1	806
CY121500.1	740	876	1	0	1	740
CY121500.1	754	931	1	0	1	754
CY121500.1	755	945	0	1	1	945
CY121500.1	761	1013	0	1	1	1013
CY121500.1	762	861	1	0	1	762
CY121500.1	762	985	0	1	1	985
CY121500.1	785	975	1	0	1	785
CY121500.1	787	838	0	1	1	838
CY121500.1	798	1023	0	1	1	1023
CY121500.1	802	895	1	0	1	802
CY121500.1	821	848	1	0	1	821
CY121500.1	827	892	1	0	1	827
CY121500.1	827	907	1	0	1	827
CY121500.1	841	909	0	1	1	909
CY121500.1	844	877	1	0	1	844
CY121500.1	853	901	0	1	1	901
CY121500.1	855	907	0	1	1	907
CY121500.1	856	900	1	0	1	856
CY121500.1	881	971	0	1	1	971
CY121500.1	919	1022	0	3	3	1022
CY121500.1	927	1039	0	7	7	1039
CY121500.1	948	998	0	1	1	998
CY121501.1	1056	1854	0	1	1	1854
CY121501.1	1057	2180	0	1	1	2180
CY121501.1	1059	1566	1	0	1	1059
CY121501.1	1162	1352	0	1	1	1352
CY121501.1	1201	2087	0	1	1	2087
CY121501.1	1210	1745	1	0	1	1210
CY121501.1	1214	1263	1	0	1	1214
CY121501.1	1239	2192	0	1	1	2192
CY121501.1	1307	1858	1	0	1	1307
CY121501.1	1310	1614	1	0	1	1310
CY121501.1	1311	2191	0	1	1	2191
CY121501.1	1361	1411	0	1	1	1411
CY121501.1	1361	2162	0	1	1	2162
CY121501.1	1486	2047	0	1	1	2047
CY121501.1	1654	1740	0	1	1	1740
CY121501.1	1656	2045	0	1	1	2045
CY121501.1	1671	2368	0	1	1	2368
CY121501.1	1697	2038	0	1	1	2038
CY121501.1	1702	2230	0	1	1	2230
CY121501.1	2221	2332	1	0	1	2221
CY121501.1	237	1786	1	0	1	237
CY121501.1	276	1694	1	0	1	276
CY121501.1	354	897	1	0	1	354
CY121501.1	360	1870	1	0	1	360
CY121501.1	388	2146	1	2	3	388
CY121501.1	405	840	1	0	1	405
CY121501.1	432	1745	0	1	1	1745
CY121501.1	464	1704	0	1	1	1704
CY121501.1	464	827	1	0	1	464
CY121501.1	530	1380	1	0	1	530
CY121501.1	551	1744	1	0	1	551
CY121501.1	591	1414	0	1	1	1414
CY121501.1	614	1897	0	1	1	1897
CY121501.1	650	1013	1	0	1	650
CY121501.1	653	2229	0	1	1	2229
CY121501.1	660	1111	0	1	1	1111
CY121501.1	722	994	0	1	1	994
CY121501.1	727	1283	0	1	1	1283
CY121501.1	773	2049	0	1	1	2049
CY121501.1	796	2040	0	1	1	2040
CY121501.1	822	1068	0	1	1	1068
CY121501.1	822	1358	0	1	1	1358
CY121501.1	851	1852	1	0	1	851
CY121501.1	910	1128	1	0	1	910
CY121501.1	951	1732	0	1	1	1732
CY121502.1	1000	1576	1	0	1	1000
CY121502.1	1000	2050	0	1	1	2050
CY121502.1	1017	1051	0	1	1	1051
CY121502.1	1017	1073	1	0	1	1017
CY121502.1	1018	1782	0	1	1	1782
CY121502.1	1019	2256	0	1	1	2256
CY121502.1	1025	1606	0	1	1	1606
CY121502.1	1027	1684	0	1	1	1684
CY121502.1	1044	2110	1	0	1	1044
CY121502.1	1046	2369	1	0	1	1046
CY121502.1	1055	1397	2	0	2	1055
CY121502.1	1063	2335	1	0	1	1063
CY121502.1	1065	2132	0	1	1	2132
CY121502.1	1090	1164	1	0	1	1090
CY121502.1	1091	2167	1	0	1	1091
CY121502.1	1093	1448	1	0	1	1093
CY121502.1	1108	2369	1	0	1	1108
CY121502.1	1111	1400	0	1	1	1400
CY121502.1	1124	2037	1	0	1	1124
CY121502.1	1134	1998	0	1	1	1998
CY121502.1	1135	1623	1	0	1	1135
CY121502.1	1146	1347	1	0	1	1146
CY121502.1	1150	2337	1	0	1	1150
CY121502.1	1154	1629	0	1	1	1629
CY121502.1	1163	2028	1	0	1	1163
CY121502.1	1167	1881	1	0	1	1167
CY121502.1	1173	2103	0	1	1	2103
CY121502.1	1178	2453	0	1	1	2453
CY121502.1	1180	1455	1	0	1	1180
CY121502.1	1192	2454	0	1	1	2454
CY121502.1	1207	1692	0	1	1	1692
CY121502.1	1208	2174	0	1	1	2174
CY121502.1	1210	1603	0	1	1	1603
CY121502.1	1215	2339	0	1	1	2339
CY121502.1	1233	2177	1	0	1	1233
CY121502.1	1233	2255	1	0	1	1233
CY121502.1	1247	2025	0	1	1	2025
CY121502.1	1256	2388	1	0	1	1256
CY121502.1	1257	1439	1	0	1	1257
CY121502.1	1266	1576	0	1	1	1576
CY121502.1	1267	2456	0	1	1	2456
CY121502.1	1268	1970	1	0	1	1268
CY121502.1	1276	1566	1	0	1	1276
CY121502.1	1276	1663	1	0	1	1276
CY121502.1	1277	1574	0	1	1	1574
CY121502.1	1293	1656	0	1	1	1656
CY121502.1	1297	2315	1	0	1	1297
CY121502.1	1299	2219	1	0	1	1299
CY121502.1	1316	1789	1	0	1	1316
CY121502.1	1320	2455	0	1	1	2455
CY121502.1	1325	1742	1	0	1	1325
CY121502.1	1325	1926	0	1	1	1926
CY121502.1	1337	2336	0	1	1	2336
CY121502.1	1355	1424	0	1	1	1424
CY121502.1	1373	2257	1	0	1	1373
CY121502.1	1375	1678	1	0	1	1375
CY121502.1	1385	1513	1	0	1	1385
CY121502.1	1390	2028	0	1	1	2028
CY121502.1	1392	1963	0	1	1	1963
CY121502.1	1404	2434	0	1	1	2434
CY121502.1	1407	1448	0	1	1	1448
CY121502.1	1414	1532	0	1	1	1532
CY121502.1	1418	1450	0	1	1	1450
CY121502.1	1432	1597	0	1	1	1597
CY121502.1	1433	1801	1	0	1	1433
CY121502.1	1433	2336	1	0	1	1433
CY121502.1	1439	1750	1	0	1	1439
CY121502.1	1439	1779	0	1	1	1779
CY121502.1	1450	1530	0	1	1	1530
CY121502.1	1450	1544	0	1	1	1544
CY121502.1	1450	1865	0	1	1	1865
CY121502.1	1456	2106	0	1	1	2106
CY121502.1	1483	1515	0	1	1	1515
CY121502.1	1491	2363	0	1	1	2363
CY121502.1	1502	2340	0	1	1	2340
CY121502.1	1513	1684	0	1	1	1684
CY121502.1	1513	2133	1	0	1	1513
CY121502.1	1551	1698	1	0	1	1551
CY121502.1	1564	2402	1	0	1	1564
CY121502.1	1585	2468	0	1	1	2468
CY121502.1	1596	2064	0	1	1	2064
CY121502.1	1596	2136	1	0	1	1596
CY121502.1	1599	1774	0	1	1	1774
CY121502.1	1600	1870	0	1	1	1870
CY121502.1	1612	1807	0	1	1	1807
CY121502.1	1619	1725	0	1	1	1725
CY121502.1	1623	1656	1	0	1	1623
CY121502.1	1625	2079	1	0	1	1625
CY121502.1	1627	2342	0	1	1	2342
CY121502.1	1633	2224	0	1	1	2224
CY121502.1	1657	2109	0	1	1	2109
CY121502.1	1658	1854	0	1	1	1854
CY121502.1	1663	2175	0	1	1	2175
CY121502.1	1663	2299	0	1	1	2299
CY121502.1	1685	1957	0	1	1	1957
CY121502.1	1686	2378	1	0	1	1686
CY121502.1	1707	2256	0	1	1	2256
CY121502.1	1710	1809	1	0	1	1710
CY121502.1	1716	1854	0	1	1	1854
CY121502.1	1722	1984	0	1	1	1984
CY121502.1	1749	2119	0	1	1	2119
CY121502.1	1762	2040	0	1	1	2040
CY121502.1	1834	2219	0	1	1	2219
CY121502.1	1838	2352	0	1	1	2352
CY121502.1	1872	2492	0	1	1	2492
CY121502.1	1878	2256	1	0	1	1878
CY121502.1	1932	2161	1	0	1	1932
CY121502.1	1935	1975	0	1	1	1975
CY121502.1	1937	2225	0	1	1	2225
CY121502.1	1972	2013	0	1	1	2013
CY121502.1	2003	2361	1	0	1	2003
CY121502.1	2009	2177	0	1	1	2177
CY121502.1	2062	2323	1	0	1	2062
CY121502.1	2065	2466	0	1	1	2466
CY121502.1	2101	2358	1	0	1	2101
CY121502.1	2140	2263	1	0	1	2140
CY121502.1	2237	2367	1	0	1	2237
CY121502.1	246	813	1	0	1	246
CY121502.1	252	735	1	0	1	252
CY121502.1	282	2358	1	0	1	282
CY121502.1	290	1546	1	1	2	290
CY121502.1	346	1506	1	0	1	346
CY121502.1	356	1685	1	0	1	356
CY121502.1	377	1305	1	0	1	377
CY121502.1	382	2008	1	0	1	382
CY121502.1	409	1136	0	1	1	1136
CY121502.1	427	922	0	1	1	922
CY121502.1	458	729	1	0	1	458
CY121502.1	466	960	1	0	1	466
CY121502.1	481	1853	1	0	1	481
CY121502.1	488	1378	0	1	1	1378
CY121502.1	489	2130	0	1	1	2130
CY121502.1	489	2324	1	0	1	489
CY121502.1	490	1439	1	0	1	490
CY121502.1	490	2473	1	1	2	490
CY121502.1	494	2373	1	0	1	494
CY121502.1	494	2374	1	0	1	494
CY121502.1	501	1242	1	0	1	501
CY121502.1	501	992	1	0	1	501
CY121502.1	511	1431	1	0	1	511
CY121502.1	515	678	0	1	1	678
CY121502.1	517	1230	1	0	1	517
CY121502.1	517	1486	1	0	1	517
CY121502.1	523	2293	1	0	1	523
CY121502.1	527	1661	1	0	1	527
CY121502.1	540	2483	1	0	1	540
CY121502.1	544	763	1	0	1	544
CY121502.1	553	1754	0	1	1	1754
CY121502.1	558	1359	0	1	1	1359
CY121502.1	559	1443	0	1	1	1443
CY121502.1	580	1641	0	1	1	1641
CY121502.1	587	2015	0	1	1	2015
CY121502.1	592	2041	1	0	1	592
CY121502.1	600	2227	0	1	1	2227
CY121502.1	627	810	0	1	1	810
CY121502.1	633	1996	1	0	1	633
CY121502.1	634	1377	1	0	1	634
CY121502.1	642	1700	0	1	1	1700
CY121502.1	652	1317	1	0	1	652
CY121502.1	665	1566	1	0	1	665
CY121502.1	667	2004	0	1	1	2004
CY121502.1	677	720	1	0	1	677
CY121502.1	681	2282	2	0	2	681
CY121502.1	682	1738	0	1	1	1738
CY121502.1	684	2283	0	1	1	2283
CY121502.1	686	1569	1	0	1	686
CY121502.1	691	2086	0	1	1	2086
CY121502.1	704	1010	1	0	1	704
CY121502.1	708	901	0	1	1	901
CY121502.1	711	1020	1	0	1	711
CY121502.1	715	940	0	1	1	940
CY121502.1	717	1417	0	1	1	1417
CY121502.1	735	1357	1	0	1	735
CY121502.1	739	1754	0	1	1	1754
CY121502.1	742	1650	0	1	1	1650
CY121502.1	744	2234	1	0	1	744
CY121502.1	745	798	1	0	1	745
CY121502.1	746	1788	1	0	1	746
CY121502.1	748	2188	0	1	1	2188
CY121502.1	750	2335	1	0	1	750
CY121502.1	754	2034	0	1	1	2034
CY121502.1	754	2104	0	1	1	2104
CY121502.1	757	2304	0	1	1	2304
CY121502.1	757	787	1	0	1	757
CY121502.1	763	793	1	0	1	763
CY121502.1	768	1213	1	0	1	768
CY121502.1	770	1069	1	0	1	770
CY121502.1	773	1425	0	1	1	1425
CY121502.1	778	2406	1	0	1	778
CY121502.1	787	1088	1	0	1	787
CY121502.1	789	1580	0	1	1	1580
CY121502.1	789	1866	0	1	1	1866
CY121502.1	790	2234	0	1	1	2234
CY121502.1	791	1392	1	0	1	791
CY121502.1	793	1317	1	0	1	793
CY121502.1	801	1488	0	1	1	1488
CY121502.1	802	2212	1	0	1	802
CY121502.1	805	1142	2	0	2	805
CY121502.1	806	1529	1	0	1	806
CY121502.1	807	1355	1	0	1	807
CY121502.1	815	2241	0	1	1	2241
CY121502.1	824	1498	1	0	1	824
CY121502.1	829	1925	2	0	2	829
CY121502.1	835	1376	1	0	1	835
CY121502.1	839	1067	1	0	1	839
CY121502.1	840	1692	1	0	1	840
CY121502.1	840	2357	1	0	1	840
CY121502.1	845	1042	0	1	1	1042
CY121502.1	847	1388	2	1	3	847
CY121502.1	851	1606	1	0	1	851
CY121502.1	859	1563	1	0	1	859
CY121502.1	861	1565	0	1	1	1565
CY121502.1	866	1133	1	0	1	866
CY121502.1	866	1164	1	0	1	866
CY121502.1	866	1571	0	1	1	1571
CY121502.1	869	1451	0	1	1	1451
CY121502.1	869	1686	1	0	1	869
CY121502.1	872	1876	1	0	1	872
CY121502.1	873	1288	0	1	1	1288
CY121502.1	873	1624	1	0	1	873
CY121502.1	887	1582	0	1	1	1582
CY121502.1	888	1330	0	1	1	1330
CY121502.1	903	1934	0	1	1	1934
CY121502.1	922	1299	0	1	1	1299
CY121502.1	923	1397	0	1	1	1397
CY121502.1	928	1075	0	1	1	1075
CY121502.1	930	1639	0	1	1	1639
CY121502.1	932	1823	1	0	1	932
CY121502.1	939	1013	1	0	1	939
CY121502.1	962	2165	0	1	1	2165
CY121502.1	965	1148	0	1	1	1148
CY121502.1	968	1640	1	0	1	968
CY121502.1	978	1941	0	1	1	1941
CY121502.1	979	2324	1	0	1	979
CY121502.1	999	1854	1	0	1	999
CY121503.1	1026	1633	1	0	1	1026
CY121503.1	1027	1535	2	0	2	1027
CY121503.1	1045	2345	1	0	1	1045
CY121503.1	1046	1789	1	0	1	1046
CY121503.1	1047	1406	1	0	1	1047
CY121503.1	1051	1522	1	0	1	1051
CY121503.1	1067	2417	0	1	1	2417
CY121503.1	1072	2475	0	1	1	2475
CY121503.1	1106	1628	0	1	1	1628
CY121503.1	1109	1356	1	1	2	1109
CY121503.1	1134	1335	0	1	1	1335
CY121503.1	1143	1430	0	1	1	1430
CY121503.1	1163	2389	1	0	1	1163
CY121503.1	1172	2057	0	1	1	2057
CY121503.1	1180	1919	0	1	1	1919
CY121503.1	1194	1659	1	0	1	1194
CY121503.1	1204	1556	0	1	1	1556
CY121503.1	1204	2152	1	0	1	1204
CY121503.1	1225	1858	1	0	1	1225
CY121503.1	1228	2242	1	0	1	1228
CY121503.1	1230	2122	0	1	1	2122
CY121503.1	1235	1888	0	3	3	1888
CY121503.1	1239	1404	0	1	1	1404
CY121503.1	1247	2409	1	0	1	1247
CY121503.1	1250	2173	1	0	1	1250
CY121503.1	1251	2330	0	1	1	2330
CY121503.1	1254	1616	1	0	1	1254
CY121503.1	1254	1756	1	0	1	1254
CY121503.1	1260	1379	1	0	1	1260
CY121503.1	1261	2310	1	0	1	1261
CY121503.1	1266	1407	0	1	1	1407
CY121503.1	1272	1824	0	1	1	1824
CY121503.1	1279	1772	0	1	1	1772
CY121503.1	1292	1617	1	0	1	1292
CY121503.1	1300	1678	1	0	1	1300
CY121503.1	1300	2176	1	0	1	1300
CY121503.1	1311	1912	1	0	1	1311
CY121503.1	1313	2219	1	0	1	1313
CY121503.1	1317	2289	0	1	1	2289
CY121503.1	1318	1860	0	1	1	1860
CY121503.1	1320	2020	0	1	1	2020
CY121503.1	1324	2409	0	1	1	2409
CY121503.1	1325	1356	0	1	1	1356
CY121503.1	1329	2387	1	1	2	1329
CY121503.1	1339	2486	0	1	1	2486
CY121503.1	1344	2101	0	1	1	2101
CY121503.1	1348	1554	1	0	1	1348
CY121503.1	1366	1801	0	1	1	1801
CY121503.1	1367	1868	1	0	1	1367
CY121503.1	1371	2291	1	0	1	1371
CY121503.1	1371	2497	0	1	1	2497
CY121503.1	1374	2311	0	1	1	2311
CY121503.1	1392	1772	1	0	1	1392
CY121503.1	1395	1774	1	0	1	1395
CY121503.1	1399	1598	1	0	1	1399
CY121503.1	1400	2211	1	0	1	1400
CY121503.1	1403	1878	0	1	1	1878
CY121503.1	1403	2289	0	1	1	2289
CY121503.1	1415	2376	0	1	1	2376
CY121503.1	1451	2119	1	0	1	1451
CY121503.1	1453	2194	1	0	1	1453
CY121503.1	1520	2449	0	1	1	2449
CY121503.1	1531	1641	1	0	1	1531
CY121503.1	1538	1736	1	0	1	1538
CY121503.1	1547	1805	0	1	1	1805
CY121503.1	1548	1984	0	1	1	1984
CY121503.1	1576	1736	1	0	1	1576
CY121503.1	1615	2015	1	0	1	1615
CY121503.1	1619	2003	0	1	1	2003
CY121503.1	1645	2095	0	1	1	2095
CY121503.1	1663	1892	1	0	1	1663
CY121503.1	1694	1839	0	1	1	1839
CY121503.1	1704	2304	1	2	3	1704
CY121503.1	1706	2119	0	1	1	2119
CY121503.1	1710	1864	0	1	1	1864
CY121503.1	1720	2154	0	1	1	2154
CY121503.1	1723	2403	1	0	1	1723
CY121503.1	1746	2012	0	1	1	2012
CY121503.1	1753	2071	1	0	1	1753
CY121503.1	1768	2295	0	1	1	2295
CY121503.1	1770	2216	1	0	1	1770
CY121503.1	1782	2038	0	1	1	2038
CY121503.1	1804	2380	0	1	1	2380
CY121503.1	1824	2081	0	1	1	2081
CY121503.1	1834	1919	1	0	1	1834
CY121503.1	1846	2158	1	0	1	1846
CY121503.1	1894	1958	1	0	1	1894
CY121503.1	1915	2203	0	1	1	2203
CY121503.1	1971	2019	0	1	1	2019
CY121503.1	1974	2314	1	0	1	1974
CY121503.1	1975	2221	1	0	1	1975
CY121503.1	1998	2264	0	1	1	2264
CY121503.1	2087	2492	0	1	1	2492
CY121503.1	2127	2261	0	1	1	2261
CY121503.1	2219	2392	1	0	1	2219
CY121503.1	2239	2476	0	1	1	2476
CY121503.1	2271	2313	1	0	1	2271
CY121503.1	2300	2340	1	0	1	2300
CY121503.1	2306	2396	1	0	1	2306
CY121503.1	257	2077	1	0	1	257
CY121503.1	280	2384	1	0	1	280
CY121503.1	284	525	1	0	1	284
CY121503.1	287	1809	1	0	1	287
CY121503.1	289	1671	1	0	1	289
CY121503.1	306	2200	1	0	1	306
CY121503.1	312	626	1	0	1	312
CY121503.1	324	1861	0	1	1	1861
CY121503.1	333	2405	1	1	2	333
CY121503.1	336	648	1	0	1	336
CY121503.1	341	1532	1	0	1	341
CY121503.1	345	522	1	0	1	345
CY121503.1	346	1637	0	1	1	1637
CY121503.1	347	1331	0	1	1	1331
CY121503.1	347	2236	2	0	2	347
CY121503.1	350	1168	1	0	1	350
CY121503.1	352	1130	0	1	1	1130
CY121503.1	356	507	0	1	1	507
CY121503.1	358	2247	1	0	1	358
CY121503.1	370	1674	0	1	1	1674
CY121503.1	370	2155	0	1	1	2155
CY121503.1	373	1306	0	1	1	1306
CY121503.1	374	403	0	1	1	403
CY121503.1	375	2078	0	1	1	2078
CY121503.1	375	2352	1	0	1	375
CY121503.1	376	1643	1	0	1	376
CY121503.1	377	1541	0	1	1	1541
CY121503.1	377	1737	0	1	1	1737
CY121503.1	377	536	0	1	1	536
CY121503.1	381	1461	0	1	1	1461
CY121503.1	381	487	0	1	1	487
CY121503.1	384	1352	0	1	1	1352
CY121503.1	385	1682	0	1	1	1682
CY121503.1	391	1692	0	1	1	1692
CY121503.1	395	1817	0	1	1	1817
CY121503.1	396	768	1	0	1	396
CY121503.1	403	668	0	1	1	668
CY121503.1	410	2162	0	1	1	2162
CY121503.1	410	2381	1	0	1	410
CY121503.1	410	494	0	1	1	494
CY121503.1	410	879	1	0	1	410
CY121503.1	415	2222	0	1	1	2222
CY121503.1	422	1633	0	1	1	1633
CY121503.1	422	1674	1	0	1	422
CY121503.1	438	1297	0	1	1	1297
CY121503.1	441	851	0	1	1	851
CY121503.1	444	1154	0	1	1	1154
CY121503.1	445	2219	3	2	5	445
CY121503.1	445	2411	0	1	1	2411
CY121503.1	450	1746	0	1	1	1746
CY121503.1	455	2010	1	0	1	455
CY121503.1	457	1347	0	1	1	1347
CY121503.1	457	1711	1	0	1	457
CY121503.1	464	900	1	0	1	464
CY121503.1	466	1639	1	0	1	466
CY121503.1	467	780	1	0	1	467
CY121503.1	470	1677	0	2	2	1677
CY121503.1	474	991	0	1	1	991
CY121503.1	492	928	0	1	1	928
CY121503.1	495	1977	1	0	1	495
CY121503.1	498	701	0	1	1	701
CY121503.1	507	1441	1	0	1	507
CY121503.1	507	556	0	1	1	556
CY121503.1	513	1588	1	0	1	513
CY121503.1	520	1323	0	1	1	1323
CY121503.1	527	874	0	1	1	874
CY121503.1	534	1953	1	0	1	534
CY121503.1	547	2413	1	0	1	547
CY121503.1	548	983	0	1	1	983
CY121503.1	560	2372	1	0	1	560
CY121503.1	565	1410	1	0	1	565
CY121503.1	578	1799	0	1	1	1799
CY121503.1	587	1624	0	1	1	1624
CY121503.1	587	2101	0	1	1	2101
CY121503.1	590	1894	1	0	1	590
CY121503.1	598	1168	1	0	1	598
CY121503.1	603	1861	1	0	1	603
CY121503.1	606	1183	0	1	1	1183
CY121503.1	615	891	0	1	1	891
CY121503.1	620	1835	1	0	1	620
CY121503.1	623	1407	1	0	1	623
CY121503.1	633	1544	1	0	1	633
CY121503.1	633	703	0	1	1	703
CY121503.1	634	1672	0	1	1	1672
CY121503.1	645	802	0	1	1	802
CY121503.1	646	2163	1	0	1	646
CY121503.1	651	1781	0	1	1	1781
CY121503.1	656	1081	1	0	1	656
CY121503.1	656	1253	0	1	1	1253
CY121503.1	656	1769	1	0	1	656
CY121503.1	673	1622	1	0	1	673
CY121503.1	677	1832	0	1	1	1832
CY121503.1	700	1491	1	0	1	700
CY121503.1	701	1188	1	0	1	701
CY121503.1	709	1695	1	0	1	709
CY121503.1	716	2365	1	0	1	716
CY121503.1	724	1752	1	0	1	724
CY121503.1	765	1926	0	1	1	1926
CY121503.1	781	1814	1	0	1	781
CY121503.1	799	1250	3	4	7	799
CY121503.1	809	1613	0	1	1	1613
CY121503.1	809	1854	1	0	1	809
CY121503.1	817	1910	2	0	2	817
CY121503.1	819	983	1	0	1	819
CY121503.1	822	1150	1	0	1	822
CY121503.1	825	2085	1	0	1	825
CY121503.1	832	1918	1	0	1	832
CY121503.1	837	1006	0	1	1	1006
CY121503.1	847	1359	1	0	1	847
CY121503.1	847	1470	0	1	1	1470
CY121503.1	856	1157	1	0	1	856
CY121503.1	857	1955	0	1	1	1955
CY121503.1	859	1670	1	0	1	859
CY121503.1	876	1661	1	0	1	876
CY121503.1	877	1290	0	1	1	1290
CY121503.1	897	1102	1	1	2	897
CY121503.1	917	966	0	1	1	966
CY121503.1	924	1268	0	1	1	1268
CY121503.1	933	1101	1	0	1	933
CY121503.1	933	1822	0	1	1	1822
CY121503.1	941	2080	0	1	1	2080
CY121503.1	946	1350	0	1	1	1350
CY121503.1	956	1967	1	0	1	956
CY121503.1	963	2147	0	1	1	2147
CY121503.1	972	2037	0	1	1	2037
CY121503.1	975	1780	1	0	1	975
CY121503.1	983	1007	0	1	1	1007
CY121503.1	988	1951	0	1	1	1951
CY121503.1	989	1377	1	0	1	989
CY121503.1	992	1623	0	1	1	1623
