Segment	Start	Stop	Forward_support	Reverse_support	Total_support	Fuzz_factor
CY121496.1	1077	1188	1	0	1	1077
CY121496.1	1077	1308	0	1	1	1308
CY121496.1	1131	1561	0	1	1	1561
CY121496.1	1132	1752	0	1	1	1752
CY121496.1	1140	1657	1	0	1	1140
CY121496.1	1162	1409	1	0	1	1162
CY121496.1	1162	1835	1	0	1	1162
CY121496.1	1206	1378	0	1	1	1378
CY121496.1	1261	1788	0	1	1	1788
CY121496.1	1264	1338	1	1	2	1264
CY121496.1	1297	1355	0	1	1	1355
CY121496.1	1315	1550	0	1	1	1550
CY121496.1	1325	1840	1	0	1	1325
CY121496.1	1350	1711	1	0	1	1350
CY121496.1	1350	1784	1	0	1	1350
CY121496.1	1353	1463	1	0	1	1353
CY121496.1	1354	1413	0	1	1	1413
CY121496.1	1364	1671	1	0	1	1364
CY121496.1	1412	1776	1	0	1	1412
CY121496.1	1427	1588	1	0	1	1427
CY121496.1	1460	1565	1	0	1	1460
CY121496.1	1475	1602	2	5	7	1475
CY121496.1	1478	1834	1	0	1	1478
CY121496.1	1481	1603	0	1	1	1603
CY121496.1	1526	1646	1	0	1	1526
CY121496.1	1545	1637	1	0	1	1545
CY121496.1	1552	1793	9	6	15	1552
CY121496.1	1628	1796	0	1	1	1796
CY121496.1	1653	1751	1	0	1	1653
CY121496.1	1703	1890	0	1	1	1890
CY121496.1	238	1843	1	0	1	238
CY121496.1	245	1856	2	0	2	245
CY121496.1	260	1857	2	0	2	260
CY121496.1	271	1237	1	0	1	271
CY121496.1	284	1142	1	0	1	284
CY121496.1	291	365	1	0	1	291
CY121496.1	350	1037	0	1	1	1037
CY121496.1	359	1835	1	0	1	359
CY121496.1	360	477	0	1	1	477
CY121496.1	367	1602	0	1	1	1602
CY121496.1	373	1690	1	0	1	373
CY121496.1	379	756	0	1	1	756
CY121496.1	380	1468	1	0	1	380
CY121496.1	389	1702	11	12	23	389
CY121496.1	395	629	0	1	1	629
CY121496.1	397	889	0	1	1	889
CY121496.1	399	717	1	0	1	399
CY121496.1	407	435	0	1	1	435
CY121496.1	410	1706	0	1	1	1706
CY121496.1	410	568	1	0	1	410
CY121496.1	426	624	0	1	1	624
CY121496.1	438	1458	0	1	1	1458
CY121496.1	446	1372	3	2	5	446
CY121496.1	449	1081	0	1	1	1081
CY121496.1	474	1490	1	0	1	474
CY121496.1	477	1613	0	1	1	1613
CY121496.1	487	1393	0	1	1	1393
CY121496.1	488	766	1	0	1	488
CY121496.1	496	572	1	0	1	496
CY121496.1	500	899	0	1	1	899
CY121496.1	514	1160	1	0	1	514
CY121496.1	567	1000	1	0	1	567
CY121496.1	588	1247	0	1	1	1247
CY121496.1	600	1793	0	1	1	1793
CY121496.1	606	1300	1	0	1	606
CY121496.1	611	852	1	0	1	611
CY121496.1	624	898	1	0	1	624
CY121496.1	631	1788	23	8	31	631
CY121496.1	639	1424	0	1	1	1424
CY121496.1	644	966	1	0	1	644
CY121496.1	655	1360	0	1	1	1360
CY121496.1	655	977	1	0	1	655
CY121496.1	658	1479	1	0	1	658
CY121496.1	668	1072	4	1	5	668
CY121496.1	681	1550	1	0	1	681
CY121496.1	731	1222	3	2	5	731
CY121496.1	756	1391	1	0	1	756
CY121496.1	761	1394	0	1	1	1394
CY121496.1	778	1701	0	1	1	1701
CY121496.1	778	848	0	1	1	848
CY121496.1	783	1346	1	0	1	783
CY121496.1	789	1083	0	1	1	1083
CY121496.1	808	1151	1	0	1	808
CY121496.1	814	1208	0	1	1	1208
CY121496.1	819	1331	0	1	1	1331
CY121496.1	827	1089	1	0	1	827
CY121496.1	861	899	1	0	1	861
CY121496.1	886	1493	1	0	1	886
CY121496.1	971	1004	1	0	1	971
CY121496.1	974	1115	0	1	1	1115
CY121496.1	995	1262	1	0	1	995
CY121497.1	1003	1079	1	0	1	1003
CY121497.1	1013	1084	1	0	1	1013
CY121497.1	1037	1078	0	1	1	1078
CY121497.1	1060	1145	0	1	1	1145
CY121497.1	250	952	1	0	1	250
CY121497.1	254	956	1	0	1	254
CY121497.1	257	551	1	0	1	257
CY121497.1	259	1098	1	0	1	259
CY121497.1	278	851	2	0	2	278
CY121497.1	289	471	1	0	1	289
CY121497.1	289	550	1	1	2	289
CY121497.1	290	1034	1	0	1	290
CY121497.1	290	1087	1	0	1	290
CY121497.1	325	573	0	1	1	573
CY121497.1	335	1159	0	1	1	1159
CY121497.1	341	403	0	1	1	403
CY121497.1	342	1043	11	13	24	342
CY121497.1	344	409	1	0	1	344
CY121497.1	345	876	0	1	1	876
CY121497.1	350	576	4	9	13	350
CY121497.1	358	409	0	1	1	409
CY121497.1	358	813	0	1	1	813
CY121497.1	369	1190	0	1	1	1190
CY121497.1	373	520	0	1	1	520
CY121497.1	373	567	0	1	1	567
CY121497.1	373	653	0	1	1	653
CY121497.1	375	794	1	0	1	375
CY121497.1	384	1141	0	1	1	1141
CY121497.1	390	1008	0	1	1	1008
CY121497.1	395	913	1	0	1	395
CY121497.1	397	803	1	0	1	397
CY121497.1	404	1040	0	1	1	1040
CY121497.1	404	570	1	1	2	404
CY121497.1	406	843	0	1	1	843
CY121497.1	412	900	1	1	2	412
CY121497.1	413	939	0	1	1	939
CY121497.1	423	526	1	0	1	423
CY121497.1	423	918	1	0	1	423
CY121497.1	424	869	1	0	1	424
CY121497.1	426	734	1	0	1	426
CY121497.1	441	887	0	1	1	887
CY121497.1	446	1085	0	1	1	1085
CY121497.1	448	566	1	0	1	448
CY121497.1	450	1013	1	0	1	450
CY121497.1	450	824	4	2	6	450
CY121497.1	456	682	0	1	1	682
CY121497.1	460	558	1	0	1	460
CY121497.1	460	828	0	1	1	828
CY121497.1	461	520	0	1	1	520
CY121497.1	476	775	0	1	1	775
CY121497.1	480	636	0	1	1	636
CY121497.1	481	563	0	1	1	563
CY121497.1	482	617	1	0	1	482
CY121497.1	485	1066	0	1	1	1066
CY121497.1	486	640	0	1	1	640
CY121497.1	486	897	0	1	1	897
CY121497.1	489	543	1	1	2	489
CY121497.1	492	962	0	1	1	962
CY121497.1	498	613	1	0	1	498
CY121497.1	507	711	1	0	1	507
CY121497.1	510	1145	0	1	1	1145
CY121497.1	512	1035	1	0	1	512
CY121497.1	516	729	0	1	1	729
CY121497.1	526	1006	0	1	1	1006
CY121497.1	526	1046	1	0	1	526
CY121497.1	526	713	6	3	9	526
CY121497.1	530	1022	1	0	1	530
CY121497.1	537	955	0	1	1	955
CY121497.1	547	1136	0	1	1	1136
CY121497.1	549	842	0	1	1	842
CY121497.1	552	900	5	0	5	552
CY121497.1	557	632	3	9	12	557
CY121497.1	560	909	0	1	1	909
CY121497.1	572	1153	1	1	2	572
CY121497.1	578	1098	1	0	1	578
CY121497.1	582	672	0	1	1	672
CY121497.1	584	957	0	1	1	957
CY121497.1	592	865	22	20	42	592
CY121497.1	596	1026	1	1	2	596
CY121497.1	597	732	1	0	1	597
CY121497.1	609	1013	1	0	1	609
CY121497.1	609	811	1	0	1	609
CY121497.1	617	1160	0	1	1	1160
CY121497.1	624	876	0	1	1	876
CY121497.1	625	751	1	0	1	625
CY121497.1	630	1080	1	0	1	630
CY121497.1	631	716	0	1	1	716
CY121497.1	633	846	0	1	1	846
CY121497.1	634	857	1	0	1	634
CY121497.1	642	1057	1	0	1	642
CY121497.1	651	1022	0	1	1	1022
CY121497.1	657	799	0	1	1	799
CY121497.1	662	1073	1	0	1	662
CY121497.1	682	1085	1	0	1	682
CY121497.1	682	818	6	9	15	682
CY121497.1	682	853	0	1	1	853
CY121497.1	683	758	1	1	2	683
CY121497.1	688	842	1	5	6	688
CY121497.1	689	1041	0	1	1	1041
CY121497.1	689	804	2	3	5	689
CY121497.1	695	986	1	0	1	695
CY121497.1	708	1096	0	1	1	1096
CY121497.1	712	1139	0	1	1	1139
CY121497.1	712	742	2	4	6	712
CY121497.1	712	750	1	0	1	712
CY121497.1	719	1165	0	1	1	1165
CY121497.1	719	885	1	0	1	719
CY121497.1	721	863	5	4	9	721
CY121497.1	722	1060	1	0	1	722
CY121497.1	723	754	0	1	1	754
CY121497.1	726	923	1	0	1	726
CY121497.1	729	941	1	0	1	729
CY121497.1	752	858	0	1	1	858
CY121497.1	756	912	0	1	1	912
CY121497.1	767	1002	0	1	1	1002
CY121497.1	767	900	0	1	1	900
CY121497.1	768	850	5	3	8	768
CY121497.1	769	974	1	0	1	769
CY121497.1	783	1098	0	1	1	1098
CY121497.1	785	1065	1	0	1	785
CY121497.1	785	1103	1	0	1	785
CY121497.1	786	867	1	0	1	786
CY121497.1	788	911	0	1	1	911
CY121497.1	791	950	1	0	1	791
CY121497.1	794	877	1	3	4	794
CY121497.1	795	865	2	4	6	795
CY121497.1	800	1012	1	0	1	800
CY121497.1	800	883	0	1	1	883
CY121497.1	803	1068	1	0	1	803
CY121497.1	812	934	0	1	1	934
CY121497.1	839	999	1	0	1	839
CY121497.1	843	1041	1	0	1	843
CY121497.1	859	918	2	0	2	859
CY121497.1	876	1155	0	1	1	1155
CY121497.1	882	1042	0	1	1	1042
CY121497.1	882	1152	0	1	1	1152
CY121497.1	897	1042	1	0	1	897
CY121497.1	905	1123	1	0	1	905
CY121497.1	938	1103	1	0	1	938
CY121497.1	944	1061	1	0	1	944
CY121497.1	959	1062	1	0	1	959
CY121497.1	998	1042	0	1	1	1042
CY121498.1	1026	1119	1	0	1	1026
CY121498.1	1234	1303	1	2	3	1234
CY121498.1	1253	1363	0	1	1	1363
CY121498.1	1274	1306	0	1	1	1306
CY121498.1	1280	1430	1	0	1	1280
CY121498.1	1349	1479	0	1	1	1479
CY121498.1	1402	1462	4	2	6	1402
CY121498.1	277	1511	6	0	6	277
CY121498.1	299	725	1	0	1	299
CY121498.1	317	1321	1	0	1	317
CY121498.1	381	1145	0	1	1	1145
CY121498.1	387	1244	6	6	12	387
CY121498.1	393	1129	0	1	1	1129
CY121498.1	407	1495	1	0	1	407
CY121498.1	421	787	0	1	1	787
CY121498.1	446	1388	0	1	1	1388
CY121498.1	455	532	0	1	1	532
CY121498.1	524	1272	1	0	1	524
CY121498.1	537	623	1	0	1	537
CY121498.1	548	1182	2	1	3	548
CY121498.1	558	1264	0	1	1	1264
CY121498.1	567	1429	1	0	1	567
CY121498.1	594	1575	0	1	1	1575
CY121498.1	624	722	1	0	1	624
CY121498.1	627	1274	1	0	1	627
CY121498.1	688	1541	1	0	1	688
CY121498.1	725	1214	0	1	1	1214
CY121498.1	748	1253	0	1	1	1253
CY121498.1	751	1256	0	1	1	1256
CY121498.1	783	1012	1	0	1	783
CY121498.1	786	873	1	0	1	786
CY121498.1	790	1090	1	0	1	790
CY121498.1	821	1128	0	1	1	1128
CY121498.1	832	1004	0	1	1	1004
CY121498.1	858	1160	1	0	1	858
CY121498.1	859	1465	1	0	1	859
CY121498.1	863	1181	1	0	1	863
CY121498.1	917	1179	1	0	1	917
CY121498.1	935	1340	1	0	1	935
CY121498.1	948	1027	1	1	2	948
CY121498.1	976	1506	1	0	1	976
CY121498.1	983	1045	1	0	1	983
CY121499.1	1003	1372	3	2	5	1003
CY121499.1	1014	1044	0	1	1	1044
CY121499.1	1026	1265	0	1	1	1265
CY121499.1	1048	1705	0	1	1	1705
CY121499.1	1070	1512	1	0	1	1070
CY121499.1	1093	1640	0	1	1	1640
CY121499.1	1101	1690	0	1	1	1690
CY121499.1	1109	1265	0	1	1	1265
CY121499.1	1127	1291	1	1	2	1127
CY121499.1	1129	1470	0	1	1	1470
CY121499.1	1135	1194	0	1	1	1194
CY121499.1	1136	1518	0	1	1	1518
CY121499.1	1137	1652	0	1	1	1652
CY121499.1	1142	1715	0	1	1	1715
CY121499.1	1155	1637	1	0	1	1155
CY121499.1	1160	1582	1	0	1	1160
CY121499.1	1181	1373	0	1	1	1373
CY121499.1	1205	1326	1	0	1	1205
CY121499.1	1219	1587	1	0	1	1219
CY121499.1	1234	1477	1	0	1	1234
CY121499.1	1260	1696	1	9	10	1260
CY121499.1	1265	1297	1	0	1	1265
CY121499.1	1269	1324	1	0	1	1269
CY121499.1	1271	1393	1	0	1	1271
CY121499.1	1311	1629	0	1	1	1629
CY121499.1	1332	1731	0	14	14	1731
CY121499.1	1356	1496	1	0	1	1356
CY121499.1	1372	1688	0	1	1	1688
CY121499.1	1375	1578	1	0	1	1375
CY121499.1	1398	1594	1	0	1	1398
CY121499.1	1423	1546	2	0	2	1423
CY121499.1	1437	1514	0	1	1	1514
CY121499.1	1444	1570	0	1	1	1570
CY121499.1	1453	1682	0	1	1	1682
CY121499.1	1457	1718	0	1	1	1718
CY121499.1	1533	1570	9	1	10	1533
CY121499.1	1546	1627	6	3	9	1546
CY121499.1	1653	1697	0	2	2	1697
CY121499.1	238	1513	1	0	1	238
CY121499.1	248	605	1	0	1	248
CY121499.1	253	1534	10	0	10	253
CY121499.1	253	840	1	0	1	253
CY121499.1	282	1081	1	0	1	282
CY121499.1	282	925	1	0	1	282
CY121499.1	286	840	1	0	1	286
CY121499.1	288	715	1	0	1	288
CY121499.1	307	743	0	1	1	743
CY121499.1	331	641	1	0	1	331
CY121499.1	348	1643	0	1	1	1643
CY121499.1	348	819	1	0	1	348
CY121499.1	393	512	1	0	1	393
CY121499.1	398	1041	0	1	1	1041
CY121499.1	399	1126	0	1	1	1126
CY121499.1	400	699	0	1	1	699
CY121499.1	403	1330	0	1	1	1330
CY121499.1	403	1697	2	24	26	403
CY121499.1	404	839	1	0	1	404
CY121499.1	405	507	1	0	1	405
CY121499.1	440	1720	0	1	1	1720
CY121499.1	441	1525	1	0	1	441
CY121499.1	442	959	2	0	2	442
CY121499.1	450	1651	1	0	1	450
CY121499.1	451	1673	0	1	1	1673
CY121499.1	452	1450	0	1	1	1450
CY121499.1	459	1232	1	0	1	459
CY121499.1	459	904	0	1	1	904
CY121499.1	468	578	1	0	1	468
CY121499.1	469	1514	1	0	1	469
CY121499.1	500	553	1	0	1	500
CY121499.1	500	700	1	0	1	500
CY121499.1	523	846	1	0	1	523
CY121499.1	528	959	1	0	1	528
CY121499.1	530	605	0	1	1	605
CY121499.1	536	778	1	0	1	536
CY121499.1	547	1173	1	0	1	547
CY121499.1	576	810	0	1	1	810
CY121499.1	589	1647	1	0	1	589
CY121499.1	594	1657	1	0	1	594
CY121499.1	596	746	0	1	1	746
CY121499.1	599	1471	1	0	1	599
CY121499.1	602	638	1	0	1	602
CY121499.1	619	810	1	0	1	619
CY121499.1	620	1129	1	0	1	620
CY121499.1	623	1009	1	0	1	623
CY121499.1	625	889	1	0	1	625
CY121499.1	627	838	0	1	1	838
CY121499.1	629	1364	3	4	7	629
CY121499.1	647	1338	1	0	1	647
CY121499.1	650	1624	12	1	13	650
CY121499.1	651	867	0	1	1	867
CY121499.1	653	1109	1	0	1	653
CY121499.1	657	994	0	1	1	994
CY121499.1	659	812	0	1	1	812
CY121499.1	667	1683	0	1	1	1683
CY121499.1	682	968	1	0	1	682
CY121499.1	687	712	0	1	1	712
CY121499.1	692	821	0	1	1	821
CY121499.1	719	757	1	0	1	719
CY121499.1	726	1500	9	2	11	726
CY121499.1	767	1437	0	1	1	1437
CY121499.1	767	839	1	0	1	767
CY121499.1	799	1226	1	0	1	799
CY121499.1	805	968	1	0	1	805
CY121499.1	826	1051	2	3	5	826
CY121499.1	845	1221	1	0	1	845
CY121499.1	862	1041	0	1	1	1041
CY121499.1	868	1046	3	2	5	868
CY121499.1	870	924	1	0	1	870
CY121499.1	877	1096	1	0	1	877
CY121499.1	878	989	1	0	1	878
CY121499.1	883	1005	0	1	1	1005
CY121499.1	891	1009	0	1	1	1009
CY121499.1	922	1135	0	1	1	1135
CY121499.1	928	1495	0	1	1	1495
CY121499.1	937	1402	1	0	1	937
CY121499.1	937	1532	0	1	1	1532
CY121499.1	951	1050	0	1	1	1050
CY121499.1	954	1571	1	0	1	954
CY121499.1	960	1190	0	1	1	1190
CY121499.1	961	1504	1	0	1	961
CY121499.1	964	1050	2	3	5	964
CY121499.1	972	1045	3	5	8	972
CY121499.1	973	1044	2	0	2	973
CY121499.1	986	1241	1	0	1	986
CY121499.1	999	1044	0	1	1	1044
CY121500.1	294	975	5	2	7	294
CY121500.1	514	743	3	11	14	514
CY121501.1	1016	1567	0	1	1	1567
CY121501.1	1067	1559	1	0	1	1067
CY121501.1	1169	1818	0	1	1	1818
CY121501.1	1169	2255	1	0	1	1169
CY121501.1	1209	1444	0	1	1	1444
CY121501.1	1238	1723	0	1	1	1723
CY121501.1	1274	1958	0	1	1	1958
CY121501.1	1285	2115	1	0	1	1285
CY121501.1	1316	2346	0	1	1	2346
CY121501.1	1345	1642	1	0	1	1345
CY121501.1	1418	1470	0	1	1	1470
CY121501.1	1420	1726	0	1	1	1726
CY121501.1	1452	1726	1	0	1	1452
CY121501.1	1485	2273	1	0	1	1485
CY121501.1	1488	1602	0	1	1	1602
CY121501.1	1489	1751	0	1	1	1751
CY121501.1	1511	1863	1	5	6	1511
CY121501.1	1511	1964	1	2	3	1511
CY121501.1	1543	2290	1	0	1	1543
CY121501.1	1547	2296	8	1	9	1547
CY121501.1	1560	1801	1	0	1	1560
CY121501.1	1568	1997	0	2	2	1997
CY121501.1	1570	2297	6	5	11	1570
CY121501.1	1574	2337	5	1	6	1574
CY121501.1	1583	1854	0	1	1	1854
CY121501.1	1648	1858	0	1	1	1858
CY121501.1	1685	2291	1	3	4	1685
CY121501.1	1836	1978	0	1	1	1978
CY121501.1	1991	2066	5	5	10	1991
CY121501.1	2007	2046	1	0	1	2007
CY121501.1	2121	2149	30	24	54	2121
CY121501.1	2132	2285	0	1	1	2285
CY121501.1	2285	2313	10	7	17	2285
CY121501.1	237	1786	6	0	6	237
CY121501.1	253	1182	1	0	1	253
CY121501.1	270	2065	1	0	1	270
CY121501.1	274	1437	1	0	1	274
CY121501.1	281	348	12	8	20	281
CY121501.1	284	1400	3	1	4	284
CY121501.1	284	2186	1	0	1	284
CY121501.1	295	339	3	8	11	295
CY121501.1	298	329	2	12	14	298
CY121501.1	310	2215	1	0	1	310
CY121501.1	312	336	0	2	2	336
CY121501.1	313	2217	3	14	17	313
CY121501.1	315	345	0	8	8	345
CY121501.1	327	2189	1	4	5	327
CY121501.1	328	2228	7	17	24	328
CY121501.1	330	2176	1	1	2	330
CY121501.1	333	2179	1	16	17	333
CY121501.1	335	2186	7	30	37	335
CY121501.1	335	2292	0	1	1	2292
CY121501.1	336	2182	3	17	20	336
CY121501.1	337	367	1	13	14	337
CY121501.1	337	424	1	11	12	337
CY121501.1	344	2191	5	27	32	344
CY121501.1	356	1045	0	1	1	1045
CY121501.1	361	2200	0	1	1	2200
CY121501.1	361	2240	7	16	23	361
CY121501.1	369	660	1	1	2	369
CY121501.1	370	2233	0	1	1	2233
CY121501.1	370	2237	1	0	1	370
CY121501.1	371	2155	1	28	29	371
CY121501.1	374	451	1	0	1	374
CY121501.1	374	665	1	4	5	374
CY121501.1	379	2122	1	1	2	379
CY121501.1	382	674	0	1	1	674
CY121501.1	387	413	0	1	1	413
CY121501.1	394	2152	13	28	41	394
CY121501.1	395	1782	0	1	1	1782
CY121501.1	396	2154	0	1	1	2154
CY121501.1	404	2272	13	4	17	404
CY121501.1	405	439	2	15	17	405
CY121501.1	406	2136	41	162	203	406
CY121501.1	406	2166	0	1	1	2166
CY121501.1	407	2137	0	1	1	2137
CY121501.1	418	2170	6	41	47	418
CY121501.1	419	2112	3	12	15	419
CY121501.1	438	2155	3	15	18	438
CY121501.1	445	1200	0	1	1	1200
CY121501.1	451	2170	1	1	2	451
CY121501.1	453	1395	1	0	1	453
CY121501.1	455	506	0	4	4	506
CY121501.1	456	2155	3	18	21	456
CY121501.1	457	2074	6	6	12	457
CY121501.1	459	1617	1	0	1	459
CY121501.1	462	2002	1	0	1	462
CY121501.1	469	2004	1	0	1	469
CY121501.1	477	2032	2	0	2	477
CY121501.1	479	2065	22	32	54	479
CY121501.1	487	2066	4	8	12	487
CY121501.1	491	2384	0	3	3	2384
CY121501.1	492	2066	6	2	8	492
CY121501.1	497	2032	5	8	13	497
CY121501.1	509	1944	4	7	11	509
CY121501.1	512	2180	0	1	1	2180
CY121501.1	540	2034	52	58	110	540
CY121501.1	540	2073	5	5	10	540
CY121501.1	548	614	0	1	1	614
CY121501.1	553	1916	1	0	1	553
CY121501.1	557	1995	4	7	11	557
CY121501.1	557	2030	5	15	20	557
CY121501.1	557	2034	8	9	17	557
CY121501.1	564	2053	0	5	5	2053
CY121501.1	566	2037	0	2	2	2037
CY121501.1	578	867	1	0	1	578
CY121501.1	594	2088	1	0	1	594
CY121501.1	621	1958	1	1	2	621
CY121501.1	625	1940	2	0	2	625
CY121501.1	678	1835	6	10	16	678
CY121501.1	679	1836	0	1	1	1836
CY121501.1	687	1655	0	1	1	1655
CY121501.1	688	1954	1	1	2	688
CY121501.1	726	1705	0	1	1	1705
CY121501.1	756	1914	1	1	2	756
CY121501.1	764	1022	0	1	1	1022
CY121501.1	764	2040	1	0	1	764
CY121501.1	794	1981	4	3	7	794
CY121501.1	804	1991	0	1	1	1991
CY121501.1	881	1026	1	0	1	881
CY121501.1	888	935	1	0	1	888
CY121501.1	892	1875	1	0	1	892
CY121501.1	894	1022	1	0	1	894
CY121501.1	895	2189	0	1	1	2189
CY121501.1	927	1179	0	1	1	1179
CY121501.1	935	1285	0	1	1	1285
CY121501.1	939	2060	1	0	1	939
CY121501.1	954	1042	0	1	1	1042
CY121501.1	958	2036	1	0	1	958
CY121501.1	974	1025	2	1	3	974
CY121502.1	1031	2085	0	1	1	2085
CY121502.1	1110	1645	1	0	1	1110
CY121502.1	1166	1422	1	0	1	1166
CY121502.1	1167	1398	0	1	1	1398
CY121502.1	1223	2121	0	1	1	2121
CY121502.1	1264	2002	1	0	1	1264
CY121502.1	1325	2479	0	1	1	2479
CY121502.1	1370	1688	1	0	1	1370
CY121502.1	1394	2060	0	1	1	2060
CY121502.1	1401	2457	0	1	1	2457
CY121502.1	1417	2399	1	0	1	1417
CY121502.1	1464	2004	0	1	1	2004
CY121502.1	1622	1652	0	1	1	1652
CY121502.1	1725	2213	1	0	1	1725
CY121502.1	1741	2281	0	1	1	2281
CY121502.1	1827	1893	0	1	1	1893
CY121502.1	1841	2006	0	1	1	2006
CY121502.1	1884	2076	0	1	1	2076
CY121502.1	2105	2161	1	0	1	2105
CY121502.1	249	2311	1	0	1	249
CY121502.1	254	2182	1	0	1	254
CY121502.1	254	2494	0	5	5	2494
CY121502.1	270	2209	3	0	3	270
CY121502.1	293	2327	1	0	1	293
CY121502.1	357	2330	3	0	3	357
CY121502.1	369	2286	33	4	37	369
CY121502.1	373	1501	0	1	1	1501
CY121502.1	383	2235	2	0	2	383
CY121502.1	395	2250	18	3	21	395
CY121502.1	407	1526	0	1	1	1526
CY121502.1	450	2300	0	1	1	2300
CY121502.1	451	2196	6	1	7	451
CY121502.1	467	2099	5	2	7	467
CY121502.1	471	2303	0	1	1	2303
CY121502.1	487	937	1	0	1	487
CY121502.1	501	2389	1	0	1	501
CY121502.1	526	2108	9	9	18	526
CY121502.1	532	2097	2	0	2	532
CY121502.1	533	2098	7	5	12	533
CY121502.1	546	2098	5	3	8	546
CY121502.1	585	1355	1	0	1	585
CY121502.1	591	2123	1	0	1	591
CY121502.1	591	787	1	0	1	591
CY121502.1	615	1256	1	0	1	615
CY121502.1	632	1134	0	1	1	1134
CY121502.1	755	1416	1	0	1	755
CY121502.1	765	2105	0	1	1	2105
CY121502.1	789	1544	1	0	1	789
CY121502.1	801	1668	0	1	1	1668
CY121502.1	806	2198	1	0	1	806
CY121502.1	819	1377	1	0	1	819
CY121502.1	909	1086	0	1	1	1086
CY121502.1	972	1209	1	0	1	972
CY121502.1	988	2110	0	1	1	2110
CY121503.1	1029	2419	0	1	1	2419
CY121503.1	1031	2120	0	1	1	2120
CY121503.1	1126	2066	0	1	1	2066
CY121503.1	1144	2183	0	1	1	2183
CY121503.1	1200	1629	1	0	1	1200
CY121503.1	1362	1958	1	0	1	1362
CY121503.1	1473	1636	0	1	1	1636
CY121503.1	1502	2289	0	1	1	2289
CY121503.1	1547	1713	1	0	1	1547
CY121503.1	1603	1709	1	2	3	1603
CY121503.1	1648	2240	0	1	1	2240
CY121503.1	1663	2368	0	1	1	2368
CY121503.1	1703	2148	1	5	6	1703
CY121503.1	1802	2039	1	1	2	1802
CY121503.1	2004	2037	1	0	1	2004
CY121503.1	2034	2121	1	0	1	2034
CY121503.1	2035	2339	0	1	1	2339
CY121503.1	2122	2192	4	2	6	2122
CY121503.1	2143	2396	0	1	1	2396
CY121503.1	2178	2408	4	0	4	2178
CY121503.1	2257	2327	2	0	2	2257
CY121503.1	279	1537	1	0	1	279
CY121503.1	283	2423	1	0	1	283
CY121503.1	287	1809	1	0	1	287
CY121503.1	294	2336	1	5	6	294
CY121503.1	303	2342	0	1	1	2342
CY121503.1	317	2335	11	43	54	317
CY121503.1	322	2332	1	0	1	322
CY121503.1	322	581	0	1	1	581
CY121503.1	325	2340	38	101	139	325
CY121503.1	325	2454	1	24	25	325
CY121503.1	326	2341	1	0	1	326
CY121503.1	333	2322	2	0	2	333
CY121503.1	333	2405	1	0	1	333
CY121503.1	340	2472	0	1	1	2472
CY121503.1	346	2387	1	0	1	346
CY121503.1	347	2236	0	1	1	2236
CY121503.1	348	2484	0	1	1	2484
CY121503.1	364	2492	0	2	2	2492
CY121503.1	368	2334	82	141	223	368
CY121503.1	369	2335	0	1	1	2335
CY121503.1	377	516	0	1	1	516
CY121503.1	384	2360	0	2	2	2360
CY121503.1	387	2348	46	47	93	387
CY121503.1	404	2463	0	1	1	2463
CY121503.1	409	2380	0	3	3	2380
CY121503.1	495	1711	1	0	1	495
CY121503.1	508	2073	2	13	15	508
CY121503.1	512	2108	1	0	1	512
CY121503.1	513	2109	13	12	25	513
CY121503.1	586	2368	1	0	1	586
CY121503.1	616	921	0	1	1	921
CY121503.1	617	1691	1	0	1	617
CY121503.1	659	1123	1	0	1	659
CY121503.1	660	1957	5	8	13	660
CY121503.1	788	845	1	3	4	788
CY121503.1	809	1810	3	3	6	809
CY121503.1	810	2087	0	1	1	2087
CY121503.1	823	1227	0	1	1	1227
CY121503.1	874	1301	0	1	1	1301
CY121503.1	882	1694	3	5	8	882
CY121503.1	915	1824	1	0	1	915
CY121503.1	946	1602	0	5	5	1602
