Segment	Start	Stop	Forward_support	Reverse_support	Total_support	Fuzz_factor
CY121496.1	1022	1143	0	1	1	1143
CY121496.1	1033	1156	1	0	1	1033
CY121496.1	1039	1326	0	1	1	1326
CY121496.1	1085	1540	1	0	1	1085
CY121496.1	1101	1682	1	0	1	1101
CY121496.1	1124	1389	1	0	1	1124
CY121496.1	1145	1379	1	0	1	1145
CY121496.1	1156	1478	1	0	1	1156
CY121496.1	1156	1886	0	1	1	1886
CY121496.1	1168	1223	1	0	1	1168
CY121496.1	1176	1212	0	1	1	1212
CY121496.1	1181	1352	0	1	1	1352
CY121496.1	1200	1906	0	1	1	1906
CY121496.1	1209	1586	1	0	1	1209
CY121496.1	1221	1307	1	0	1	1221
CY121496.1	1228	1381	1	0	1	1228
CY121496.1	1244	1917	0	1	1	1917
CY121496.1	1251	1749	1	0	1	1251
CY121496.1	1273	1491	1	0	1	1273
CY121496.1	1283	1537	0	1	1	1537
CY121496.1	1284	1332	0	1	1	1332
CY121496.1	1289	1743	0	1	1	1743
CY121496.1	1300	1325	0	1	1	1325
CY121496.1	1301	1480	0	1	1	1480
CY121496.1	1348	1791	0	1	1	1791
CY121496.1	1352	1435	0	1	1	1435
CY121496.1	1354	1413	1	2	3	1354
CY121496.1	1356	1720	1	0	1	1356
CY121496.1	1357	1790	1	0	1	1357
CY121496.1	1359	1596	1	0	1	1359
CY121496.1	1367	1392	1	4	5	1367
CY121496.1	1392	1635	1	0	1	1392
CY121496.1	1405	1663	1	0	1	1405
CY121496.1	1422	1530	1	0	1	1422
CY121496.1	1435	1731	0	1	1	1731
CY121496.1	1436	1711	1	0	1	1436
CY121496.1	1440	1796	1	0	1	1440
CY121496.1	1453	1828	1	0	1	1453
CY121496.1	1465	1512	1	0	1	1465
CY121496.1	1474	1823	0	1	1	1823
CY121496.1	1484	1668	1	0	1	1484
CY121496.1	1486	1545	0	1	1	1545
CY121496.1	1491	1717	0	1	1	1717
CY121496.1	1590	1810	1	0	1	1590
CY121496.1	1604	1723	0	1	1	1723
CY121496.1	1635	1669	0	1	1	1669
CY121496.1	1653	1855	0	1	1	1855
CY121496.1	1678	1702	0	1	1	1702
CY121496.1	1692	1743	0	1	1	1743
CY121496.1	1821	1900	0	1	1	1900
CY121496.1	247	1503	1	0	1	247
CY121496.1	250	1446	1	0	1	250
CY121496.1	263	1919	1	0	1	263
CY121496.1	276	1785	1	0	1	276
CY121496.1	284	1760	1	3	4	284
CY121496.1	285	1215	1	1	2	285
CY121496.1	290	1219	1	0	1	290
CY121496.1	298	1228	1	0	1	298
CY121496.1	335	1397	0	1	1	1397
CY121496.1	335	1775	1	0	1	335
CY121496.1	335	880	1	0	1	335
CY121496.1	347	1612	1	0	1	347
CY121496.1	350	618	1	0	1	350
CY121496.1	351	772	0	1	1	772
CY121496.1	360	1278	0	1	1	1278
CY121496.1	360	645	0	1	1	645
CY121496.1	364	1602	0	1	1	1602
CY121496.1	367	1606	0	1	1	1606
CY121496.1	368	817	0	1	1	817
CY121496.1	370	1579	0	1	1	1579
CY121496.1	370	802	0	1	1	802
CY121496.1	375	1614	1	0	1	375
CY121496.1	376	1514	1	0	1	376
CY121496.1	377	1461	0	1	1	1461
CY121496.1	390	1529	0	3	3	1529
CY121496.1	390	1755	0	1	1	1755
CY121496.1	395	1640	2	0	2	395
CY121496.1	395	711	0	1	1	711
CY121496.1	396	892	1	0	1	396
CY121496.1	397	1490	1	0	1	397
CY121496.1	397	1552	1	0	1	397
CY121496.1	398	1602	0	1	1	1602
CY121496.1	399	480	0	1	1	480
CY121496.1	399	905	1	0	1	399
CY121496.1	410	782	0	1	1	782
CY121496.1	412	644	0	1	1	644
CY121496.1	413	532	1	0	1	413
CY121496.1	418	1170	1	0	1	418
CY121496.1	418	1178	0	1	1	1178
CY121496.1	418	700	1	0	1	418
CY121496.1	425	1122	1	0	1	425
CY121496.1	430	546	0	1	1	546
CY121496.1	440	1367	1	0	1	440
CY121496.1	441	785	0	1	1	785
CY121496.1	447	557	0	1	1	557
CY121496.1	447	903	0	1	1	903
CY121496.1	449	1518	0	1	1	1518
CY121496.1	450	1614	1	0	1	450
CY121496.1	461	1011	1	0	1	461
CY121496.1	464	557	0	1	1	557
CY121496.1	468	1210	1	0	1	468
CY121496.1	468	1580	1	0	1	468
CY121496.1	468	606	0	1	1	606
CY121496.1	471	1523	0	1	1	1523
CY121496.1	472	494	0	1	1	494
CY121496.1	476	1587	0	1	1	1587
CY121496.1	477	978	1	0	1	477
CY121496.1	479	1249	0	1	1	1249
CY121496.1	488	1167	0	1	1	1167
CY121496.1	506	1449	1	0	1	506
CY121496.1	520	1286	0	1	1	1286
CY121496.1	525	1366	1	0	1	525
CY121496.1	525	1825	1	0	1	525
CY121496.1	526	1080	0	1	1	1080
CY121496.1	528	568	0	1	1	568
CY121496.1	530	956	0	1	1	956
CY121496.1	538	1514	1	0	1	538
CY121496.1	542	1837	1	0	1	542
CY121496.1	546	1135	1	0	1	546
CY121496.1	547	1635	1	0	1	547
CY121496.1	549	1717	1	0	1	549
CY121496.1	562	1638	1	1	2	562
CY121496.1	565	1201	0	1	1	1201
CY121496.1	566	1205	1	0	1	566
CY121496.1	578	1168	1	0	1	578
CY121496.1	578	1743	0	1	1	1743
CY121496.1	584	1100	0	1	1	1100
CY121496.1	592	1007	1	0	1	592
CY121496.1	594	1066	0	1	1	1066
CY121496.1	599	1755	1	0	1	599
CY121496.1	605	1280	0	1	1	1280
CY121496.1	606	1389	1	0	1	606
CY121496.1	633	1412	0	1	1	1412
CY121496.1	633	1454	1	0	1	633
CY121496.1	634	707	1	0	1	634
CY121496.1	638	1432	0	1	1	1432
CY121496.1	647	1449	0	1	1	1449
CY121496.1	667	1379	1	0	1	667
CY121496.1	670	1322	0	1	1	1322
CY121496.1	679	764	1	0	1	679
CY121496.1	685	1154	0	1	1	1154
CY121496.1	698	1454	1	0	1	698
CY121496.1	702	1368	1	0	1	702
CY121496.1	714	989	0	1	1	989
CY121496.1	718	1631	0	1	1	1631
CY121496.1	725	1313	0	1	1	1313
CY121496.1	727	1057	0	1	1	1057
CY121496.1	729	810	1	0	1	729
CY121496.1	732	987	0	1	1	987
CY121496.1	734	1670	1	1	2	734
CY121496.1	741	1399	0	1	1	1399
CY121496.1	747	1293	1	0	1	747
CY121496.1	756	1287	0	1	1	1287
CY121496.1	772	1695	0	1	1	1695
CY121496.1	776	1428	0	1	1	1428
CY121496.1	786	1061	0	1	1	1061
CY121496.1	791	1610	0	1	1	1610
CY121496.1	803	1350	1	0	1	803
CY121496.1	816	1221	0	1	1	1221
CY121496.1	844	1423	0	1	1	1423
CY121496.1	844	1658	1	0	1	844
CY121496.1	846	1010	1	0	1	846
CY121496.1	859	1273	1	0	1	859
CY121496.1	869	1392	0	1	1	1392
CY121496.1	898	1527	1	0	1	898
CY121496.1	911	1426	0	1	1	1426
CY121496.1	951	1658	0	1	1	1658
CY121496.1	975	1063	0	1	1	1063
CY121497.1	1024	1147	0	1	1	1147
CY121497.1	1063	1092	1	0	1	1063
CY121497.1	244	909	1	0	1	244
CY121497.1	249	747	1	0	1	249
CY121497.1	250	711	1	0	1	250
CY121497.1	254	749	1	0	1	254
CY121497.1	256	480	1	0	1	256
CY121497.1	257	551	13	0	13	257
CY121497.1	259	575	3	0	3	259
CY121497.1	261	575	4	0	4	261
CY121497.1	265	830	1	0	1	265
CY121497.1	272	554	29	0	29	272
CY121497.1	278	851	11	0	11	278
CY121497.1	280	1048	1	0	1	280
CY121497.1	284	756	1	0	1	284
CY121497.1	304	541	0	1	1	541
CY121497.1	314	479	0	1	1	479
CY121497.1	316	863	0	1	1	863
CY121497.1	326	1027	1	0	1	326
CY121497.1	341	1067	0	1	1	1067
CY121497.1	343	850	0	1	1	850
CY121497.1	345	417	0	1	1	417
CY121497.1	345	755	0	1	1	755
CY121497.1	350	576	9	32	41	350
CY121497.1	353	379	0	1	1	379
CY121497.1	354	610	1	0	1	354
CY121497.1	354	793	0	1	1	793
CY121497.1	360	803	0	5	5	803
CY121497.1	361	789	2	0	2	361
CY121497.1	369	843	0	1	1	843
CY121497.1	377	845	0	1	1	845
CY121497.1	378	878	0	1	1	878
CY121497.1	379	585	0	1	1	585
CY121497.1	384	701	1	0	1	384
CY121497.1	385	520	1	0	1	385
CY121497.1	392	1009	0	2	2	1009
CY121497.1	395	724	0	1	1	724
CY121497.1	399	485	0	1	1	485
CY121497.1	400	828	1	0	1	400
CY121497.1	405	813	0	1	1	813
CY121497.1	408	918	0	1	1	918
CY121497.1	415	551	0	1	1	551
CY121497.1	420	689	2	1	3	420
CY121497.1	421	551	0	2	2	551
CY121497.1	422	709	0	1	1	709
CY121497.1	428	864	0	1	1	864
CY121497.1	435	983	1	2	3	435
CY121497.1	437	681	0	1	1	681
CY121497.1	437	816	5	14	19	437
CY121497.1	446	688	0	2	2	688
CY121497.1	448	818	1	0	1	448
CY121497.1	448	866	1	3	4	448
CY121497.1	449	984	0	1	1	984
CY121497.1	450	824	0	3	3	824
CY121497.1	451	549	0	1	1	549
CY121497.1	453	679	1	1	2	453
CY121497.1	453	712	0	1	1	712
CY121497.1	453	827	1	5	6	453
CY121497.1	470	770	0	1	1	770
CY121497.1	476	789	0	1	1	789
CY121497.1	481	1134	0	1	1	1134
CY121497.1	481	631	0	1	1	631
CY121497.1	486	767	0	1	1	767
CY121497.1	486	818	0	1	1	818
CY121497.1	489	837	0	1	1	837
CY121497.1	497	589	0	1	1	589
CY121497.1	498	1090	1	0	1	498
CY121497.1	505	1173	0	1	1	1173
CY121497.1	514	603	0	1	1	603
CY121497.1	523	912	0	1	1	912
CY121497.1	526	1172	0	1	1	1172
CY121497.1	530	983	1	0	1	530
CY121497.1	541	876	1	0	1	541
CY121497.1	543	1164	0	1	1	1164
CY121497.1	544	569	1	0	1	544
CY121497.1	546	1055	0	1	1	1055
CY121497.1	557	632	2	0	2	557
CY121497.1	557	871	1	0	1	557
CY121497.1	559	612	0	1	1	612
CY121497.1	560	852	0	1	1	852
CY121497.1	568	676	0	1	1	676
CY121497.1	569	947	1	0	1	569
CY121497.1	573	1060	1	0	1	573
CY121497.1	584	636	0	1	1	636
CY121497.1	588	734	0	1	1	734
CY121497.1	588	805	2	4	6	588
CY121497.1	592	671	1	1	2	592
CY121497.1	592	865	5	5	10	592
CY121497.1	592	964	1	0	1	592
CY121497.1	596	1026	2	0	2	596
CY121497.1	607	678	0	1	1	678
CY121497.1	608	1087	1	0	1	608
CY121497.1	610	1021	0	1	1	1021
CY121497.1	610	714	0	1	1	714
CY121497.1	610	988	1	0	1	610
CY121497.1	625	713	0	1	1	713
CY121497.1	625	854	0	1	1	854
CY121497.1	628	1128	0	1	1	1128
CY121497.1	629	861	1	0	1	629
CY121497.1	630	1070	1	0	1	630
CY121497.1	632	960	5	2	7	632
CY121497.1	647	1152	0	1	1	1152
CY121497.1	652	914	1	0	1	652
CY121497.1	675	849	0	1	1	849
CY121497.1	682	818	5	9	14	682
CY121497.1	682	866	1	1	2	682
CY121497.1	684	859	0	3	3	859
CY121497.1	684	967	0	1	1	967
CY121497.1	686	1012	1	0	1	686
CY121497.1	688	842	20	24	44	688
CY121497.1	695	822	0	1	1	822
CY121497.1	696	1108	1	0	1	696
CY121497.1	715	822	1	0	1	715
CY121497.1	718	968	0	1	1	968
CY121497.1	719	984	0	1	1	984
CY121497.1	721	863	4	9	13	721
CY121497.1	727	1065	1	0	1	727
CY121497.1	751	1083	1	0	1	751
CY121497.1	752	875	1	0	1	752
CY121497.1	761	957	2	0	2	761
CY121497.1	766	1016	1	0	1	766
CY121497.1	767	907	1	0	1	767
CY121497.1	767	956	1	0	1	767
CY121497.1	779	831	0	1	1	831
CY121497.1	788	843	1	0	1	788
CY121497.1	790	944	0	1	1	944
CY121497.1	793	836	1	2	3	793
CY121497.1	795	865	1	1	2	795
CY121497.1	798	1014	0	1	1	1014
CY121497.1	813	983	0	1	1	983
CY121497.1	814	853	0	1	1	853
CY121497.1	821	868	1	0	1	821
CY121497.1	835	1085	1	0	1	835
CY121497.1	837	917	0	1	1	917
CY121497.1	851	1124	1	0	1	851
CY121497.1	861	897	1	0	1	861
CY121497.1	865	965	1	0	1	865
CY121497.1	867	1103	0	1	1	1103
CY121497.1	883	912	0	1	1	912
CY121497.1	884	1015	1	2	3	884
CY121497.1	885	1016	1	0	1	885
CY121497.1	954	1005	1	0	1	954
CY121497.1	976	1039	0	1	1	1039
CY121497.1	998	1176	0	1	1	1176
CY121498.1	1003	1410	1	0	1	1003
CY121498.1	1010	1317	0	1	1	1317
CY121498.1	1239	1514	0	1	1	1514
CY121498.1	1255	1419	0	1	1	1419
CY121498.1	1358	1560	0	1	1	1560
CY121498.1	1416	1519	0	1	1	1519
CY121498.1	1495	1550	1	0	1	1495
CY121498.1	244	1228	1	0	1	244
CY121498.1	252	1236	2	0	2	252
CY121498.1	277	312	1	0	1	277
CY121498.1	289	1260	2	1	3	289
CY121498.1	289	792	1	0	1	289
CY121498.1	308	1105	1	0	1	308
CY121498.1	309	1007	0	1	1	1007
CY121498.1	329	1404	1	0	1	329
CY121498.1	333	1094	0	1	1	1094
CY121498.1	340	1247	0	1	1	1247
CY121498.1	359	911	0	1	1	911
CY121498.1	396	583	1	0	1	396
CY121498.1	402	992	0	1	1	992
CY121498.1	409	854	0	1	1	854
CY121498.1	416	862	0	1	1	862
CY121498.1	419	917	0	2	2	917
CY121498.1	421	693	0	1	1	693
CY121498.1	427	531	1	0	1	427
CY121498.1	450	1421	1	3	4	450
CY121498.1	464	1264	1	1	2	464
CY121498.1	475	511	1	0	1	475
CY121498.1	476	567	1	0	1	476
CY121498.1	526	1179	1	0	1	526
CY121498.1	539	1119	2	0	2	539
CY121498.1	549	1284	0	1	1	1284
CY121498.1	551	1139	0	1	1	1139
CY121498.1	554	995	1	0	1	554
CY121498.1	558	1020	1	0	1	558
CY121498.1	572	1231	0	1	1	1231
CY121498.1	584	1170	0	1	1	1170
CY121498.1	585	1088	1	0	1	585
CY121498.1	586	1080	2	0	2	586
CY121498.1	610	1160	0	1	1	1160
CY121498.1	626	1605	0	1	1	1605
CY121498.1	658	1437	1	0	1	658
CY121498.1	659	804	0	1	1	804
CY121498.1	673	1258	0	1	1	1258
CY121498.1	685	889	0	1	1	889
CY121498.1	727	1368	1	0	1	727
CY121498.1	755	972	0	1	1	972
CY121498.1	784	1026	1	0	1	784
CY121498.1	784	1253	0	1	1	1253
CY121498.1	808	1394	1	0	1	808
CY121498.1	819	1071	0	1	1	1071
CY121498.1	823	1165	0	1	1	1165
CY121498.1	866	1556	1	0	1	866
CY121498.1	870	1344	0	1	1	1344
CY121499.1	1050	1439	1	1	2	1050
CY121499.1	1079	1211	0	1	1	1211
CY121499.1	1128	1377	0	1	1	1377
CY121499.1	1135	1344	1	0	1	1135
CY121499.1	1144	1401	0	1	1	1401
CY121499.1	1149	1609	1	0	1	1149
CY121499.1	1150	1470	0	1	1	1470
CY121499.1	1162	1543	0	1	1	1543
CY121499.1	1171	1372	1	0	1	1171
CY121499.1	1197	1401	1	0	1	1197
CY121499.1	1241	1530	1	0	1	1241
CY121499.1	1244	1400	0	1	1	1400
CY121499.1	1275	1335	1	0	1	1275
CY121499.1	1297	1332	1	0	1	1297
CY121499.1	1328	1426	0	1	1	1426
CY121499.1	1366	1687	0	1	1	1687
CY121499.1	1414	1463	1	0	1	1414
CY121499.1	1423	1546	0	1	1	1546
CY121499.1	1442	1556	1	0	1	1442
CY121499.1	1444	1568	1	0	1	1444
CY121499.1	1508	1533	0	1	1	1533
CY121499.1	1544	1688	0	1	1	1688
CY121499.1	1565	1671	1	0	1	1565
CY121499.1	1571	1725	0	3	3	1725
CY121499.1	1583	1709	0	1	1	1709
CY121499.1	1591	1697	0	1	1	1697
CY121499.1	1606	1727	0	2	2	1727
CY121499.1	248	596	1	0	1	248
CY121499.1	262	1130	1	0	1	262
CY121499.1	275	462	1	0	1	275
CY121499.1	276	1384	1	0	1	276
CY121499.1	284	819	2	0	2	284
CY121499.1	291	631	1	1	2	291
CY121499.1	315	1044	0	4	4	1044
CY121499.1	315	1147	0	1	1	1147
CY121499.1	315	1389	1	0	1	315
CY121499.1	326	887	0	1	1	887
CY121499.1	329	496	1	0	1	329
CY121499.1	333	805	1	0	1	333
CY121499.1	338	547	0	1	1	547
CY121499.1	338	998	0	1	1	998
CY121499.1	341	1563	4	3	7	341
CY121499.1	371	689	0	1	1	689
CY121499.1	375	1358	0	1	1	1358
CY121499.1	382	1385	0	1	1	1385
CY121499.1	389	1090	1	0	1	389
CY121499.1	389	1340	1	0	1	389
CY121499.1	396	665	0	1	1	665
CY121499.1	402	1261	1	3	4	402
CY121499.1	404	602	1	0	1	404
CY121499.1	404	795	0	1	1	795
CY121499.1	421	1376	1	0	1	421
CY121499.1	425	1699	0	1	1	1699
CY121499.1	431	1202	0	1	1	1202
CY121499.1	431	1512	1	1	2	431
CY121499.1	435	1402	1	0	1	435
CY121499.1	442	833	1	0	1	442
CY121499.1	448	1494	1	0	1	448
CY121499.1	458	1683	0	1	1	1683
CY121499.1	459	1587	1	0	1	459
CY121499.1	485	1608	1	0	1	485
CY121499.1	486	1553	1	1	2	486
CY121499.1	523	843	0	1	1	843
CY121499.1	578	1002	0	1	1	1002
CY121499.1	584	1492	1	0	1	584
CY121499.1	597	1005	1	0	1	597
CY121499.1	607	1682	0	1	1	1682
CY121499.1	645	702	1	0	1	645
CY121499.1	689	1494	1	0	1	689
CY121499.1	691	1132	1	0	1	691
CY121499.1	711	794	1	0	1	711
CY121499.1	739	1677	0	2	2	1677
CY121499.1	744	992	0	1	1	992
CY121499.1	748	796	0	1	1	796
CY121499.1	749	1191	1	0	1	749
CY121499.1	749	1454	0	1	1	1454
CY121499.1	775	1449	0	1	1	1449
CY121499.1	796	1495	0	1	1	1495
CY121499.1	821	995	1	0	1	821
CY121499.1	842	1695	0	1	1	1695
CY121499.1	878	1031	1	0	1	878
CY121499.1	900	1240	0	1	1	1240
CY121499.1	907	948	1	0	1	907
CY121499.1	910	1171	0	1	1	1171
CY121499.1	916	1197	0	1	1	1197
CY121499.1	921	1688	0	1	1	1688
CY121499.1	959	1402	0	1	1	1402
CY121499.1	960	1026	0	1	1	1026
CY121499.1	972	1045	1	0	1	972
CY121499.1	976	1140	1	0	1	976
CY121499.1	988	1347	0	1	1	1347
CY121499.1	999	1044	1	0	1	999
CY121500.1	250	916	1	0	1	250
CY121500.1	259	925	1	0	1	259
CY121500.1	263	863	1	0	1	263
CY121500.1	312	902	0	1	1	902
CY121500.1	317	361	0	1	1	361
CY121500.1	347	911	1	0	1	347
CY121500.1	356	847	0	2	2	847
CY121500.1	357	847	1	1	2	357
CY121500.1	359	848	0	2	2	848
CY121500.1	416	818	0	1	1	818
CY121500.1	431	785	0	1	1	785
CY121500.1	438	944	2	0	2	438
CY121500.1	440	628	0	1	1	628
CY121500.1	444	1018	0	1	1	1018
CY121500.1	462	848	0	1	1	848
CY121500.1	502	732	2	0	2	502
CY121500.1	508	656	1	0	1	508
CY121500.1	514	743	6	12	18	514
CY121500.1	522	749	1	0	1	522
CY121500.1	585	643	0	1	1	643
CY121500.1	588	728	0	1	1	728
CY121500.1	599	726	0	1	1	726
CY121500.1	619	858	0	1	1	858
CY121500.1	762	876	1	0	1	762
CY121500.1	923	967	1	0	1	923
CY121501.1	1035	2343	0	1	1	2343
CY121501.1	1047	1553	1	0	1	1047
CY121501.1	1056	2233	0	1	1	2233
CY121501.1	1074	1586	1	0	1	1074
CY121501.1	1075	2357	0	1	1	2357
CY121501.1	1117	1337	1	0	1	1117
CY121501.1	1141	1547	0	1	1	1547
CY121501.1	1147	2167	0	1	1	2167
CY121501.1	1153	1691	1	0	1	1153
CY121501.1	1163	1886	1	0	1	1163
CY121501.1	1166	2072	0	1	1	2072
CY121501.1	1187	2362	0	1	1	2362
CY121501.1	1196	1749	0	1	1	1749
CY121501.1	1211	1959	1	1	2	1211
CY121501.1	1234	1294	0	1	1	1294
CY121501.1	1251	2093	1	0	1	1251
CY121501.1	1257	2074	1	0	1	1257
CY121501.1	1260	1649	1	0	1	1260
CY121501.1	1313	2205	0	1	1	2205
CY121501.1	1326	2093	1	0	1	1326
CY121501.1	1327	1912	0	1	1	1912
CY121501.1	1335	2342	1	0	1	1335
CY121501.1	1405	1444	1	1	2	1405
CY121501.1	1469	1679	1	0	1	1469
CY121501.1	1516	2008	1	0	1	1516
CY121501.1	1517	1803	0	1	1	1803
CY121501.1	1562	1636	0	1	1	1636
CY121501.1	1568	1997	1	0	1	1568
CY121501.1	1570	2297	3	2	5	1570
CY121501.1	1639	1751	1	0	1	1639
CY121501.1	1685	2291	1	1	2	1685
CY121501.1	1689	2302	1	0	1	1689
CY121501.1	1710	2019	1	0	1	1710
CY121501.1	1787	1920	1	1	2	1787
CY121501.1	1795	2171	1	0	1	1795
CY121501.1	1795	2300	1	0	1	1795
CY121501.1	1813	2256	0	1	1	2256
CY121501.1	1862	2036	0	1	1	2036
CY121501.1	1871	2140	0	1	1	2140
CY121501.1	2060	2138	1	0	1	2060
CY121501.1	2121	2181	0	2	2	2181
CY121501.1	2134	2158	1	1	2	2134
CY121501.1	2150	2354	0	1	1	2354
CY121501.1	266	303	1	0	1	266
CY121501.1	270	369	1	0	1	270
CY121501.1	271	1303	1	0	1	271
CY121501.1	283	2213	1	0	1	283
CY121501.1	283	2247	2	0	2	283
CY121501.1	284	1400	13	0	13	284
CY121501.1	286	2272	2	0	2	286
CY121501.1	306	2174	0	1	1	2174
CY121501.1	321	2263	2	2	4	321
CY121501.1	327	2175	0	3	3	2175
CY121501.1	335	2043	0	1	1	2043
CY121501.1	335	2186	0	2	2	2186
CY121501.1	336	2150	1	3	4	336
CY121501.1	336	370	0	1	1	370
CY121501.1	337	367	0	2	2	367
CY121501.1	344	1147	0	1	1	1147
CY121501.1	344	393	1	0	1	344
CY121501.1	361	2155	5	31	36	361
CY121501.1	361	435	1	14	15	361
CY121501.1	364	388	0	1	1	388
CY121501.1	367	2145	0	2	2	2145
CY121501.1	369	2162	0	1	1	2162
CY121501.1	374	451	0	2	2	451
CY121501.1	385	2135	0	2	2	2135
CY121501.1	385	2179	0	3	3	2179
CY121501.1	387	2149	0	3	3	2149
CY121501.1	387	2154	0	13	13	2154
CY121501.1	388	2174	0	7	7	2174
CY121501.1	392	2155	0	1	1	2155
CY121501.1	393	2213	2	2	4	393
CY121501.1	399	1712	0	1	1	1712
CY121501.1	404	2173	0	6	6	2173
CY121501.1	405	2150	0	2	2	2150
CY121501.1	410	2114	0	8	8	2114
CY121501.1	411	1612	0	1	1	1612
CY121501.1	413	1362	1	0	1	413
CY121501.1	444	2180	0	1	1	2180
CY121501.1	445	2149	1	5	6	445
CY121501.1	455	1832	2	0	2	455
CY121501.1	461	752	0	2	2	752
CY121501.1	462	2002	2	1	3	462
CY121501.1	464	1733	0	1	1	1733
CY121501.1	465	1609	0	1	1	1609
CY121501.1	465	1747	0	1	1	1747
CY121501.1	467	1707	1	0	1	467
CY121501.1	472	2182	2	1	3	472
CY121501.1	474	2009	1	0	1	474
CY121501.1	480	2018	1	0	1	480
CY121501.1	483	2082	0	1	1	2082
CY121501.1	502	1553	0	1	1	1553
CY121501.1	514	2150	2	0	2	514
CY121501.1	522	2029	0	1	1	2029
CY121501.1	534	1899	0	1	1	1899
CY121501.1	540	1944	1	0	1	540
CY121501.1	549	2004	1	0	1	549
CY121501.1	556	2011	2	1	3	556
CY121501.1	560	2007	1	1	2	560
CY121501.1	566	2037	0	1	1	2037
CY121501.1	567	1947	1	0	1	567
CY121501.1	568	615	0	1	1	615
CY121501.1	576	1735	1	0	1	576
CY121501.1	585	2190	3	1	4	585
CY121501.1	586	1511	0	1	1	1511
CY121501.1	586	2002	5	2	7	586
CY121501.1	596	1795	1	0	1	596
CY121501.1	598	2004	1	2	3	598
CY121501.1	604	1576	0	1	1	1576
CY121501.1	608	908	1	0	1	608
CY121501.1	609	1384	1	1	2	609
CY121501.1	614	1914	0	1	1	1914
CY121501.1	620	714	1	0	1	620
CY121501.1	623	1371	1	0	1	623
CY121501.1	628	743	1	1	2	628
CY121501.1	643	1868	0	1	1	1868
CY121501.1	645	1859	0	1	1	1859
CY121501.1	647	1356	1	0	1	647
CY121501.1	651	1936	4	1	5	651
CY121501.1	654	1531	1	0	1	654
CY121501.1	660	1915	2	2	4	660
CY121501.1	660	702	1	0	1	660
CY121501.1	661	2030	6	2	8	661
CY121501.1	668	1802	0	1	1	1802
CY121501.1	675	1105	0	1	1	1105
CY121501.1	675	2029	0	1	1	2029
CY121501.1	675	2047	0	1	1	2047
CY121501.1	676	716	0	1	1	716
CY121501.1	679	909	1	0	1	679
CY121501.1	698	1335	1	0	1	698
CY121501.1	703	1852	0	1	1	1852
CY121501.1	717	2002	0	2	2	2002
CY121501.1	724	757	1	0	1	724
CY121501.1	728	1823	1	0	1	728
CY121501.1	728	1888	1	0	1	728
CY121501.1	730	1825	4	2	6	730
CY121501.1	730	1897	1	1	2	730
CY121501.1	730	2116	1	0	1	730
CY121501.1	730	2388	0	1	1	2388
CY121501.1	742	2182	0	1	1	2182
CY121501.1	743	1769	1	0	1	743
CY121501.1	750	1602	1	0	1	750
CY121501.1	761	2042	1	2	3	761
CY121501.1	764	2115	0	1	1	2115
CY121501.1	766	2214	1	0	1	766
CY121501.1	767	843	0	1	1	843
CY121501.1	769	1954	3	3	6	769
CY121501.1	777	2030	0	2	2	2030
CY121501.1	781	1902	0	1	1	1902
CY121501.1	788	1957	1	0	1	788
CY121501.1	794	2154	0	1	1	2154
CY121501.1	808	1324	1	0	1	808
CY121501.1	811	1880	0	1	1	1880
CY121501.1	814	1970	0	1	1	1970
CY121501.1	816	1712	0	1	1	1712
CY121501.1	825	1721	0	1	1	1721
CY121501.1	837	1808	1	0	1	837
CY121501.1	845	2180	0	1	1	2180
CY121501.1	881	1585	1	0	1	881
CY121501.1	913	1313	1	0	1	913
CY121501.1	913	1611	1	0	1	913
CY121501.1	924	1884	1	0	1	924
CY121501.1	944	1862	0	1	1	1862
CY121501.1	949	1654	1	0	1	949
CY121501.1	953	1743	0	1	1	1743
CY121501.1	972	1138	1	0	1	972
CY121501.1	981	1694	0	1	1	1694
CY121501.1	982	1483	1	0	1	982
CY121501.1	988	1523	1	0	1	988
CY121502.1	1001	1343	1	2	3	1001
CY121502.1	1021	2420	1	0	1	1021
CY121502.1	1032	2422	1	0	1	1032
CY121502.1	1038	2228	1	0	1	1038
CY121502.1	1052	1346	1	0	1	1052
CY121502.1	1086	1397	1	0	1	1086
CY121502.1	1094	1461	1	0	1	1094
CY121502.1	1198	1301	0	1	1	1301
CY121502.1	1207	2344	0	1	1	2344
CY121502.1	1287	1431	0	1	1	1431
CY121502.1	1287	2034	1	0	1	1287
CY121502.1	1293	1730	0	1	1	1730
CY121502.1	1311	2048	0	2	2	2048
CY121502.1	1313	1959	2	0	2	1313
CY121502.1	1325	1926	1	0	1	1325
CY121502.1	1339	1465	1	0	1	1339
CY121502.1	1370	2328	0	1	1	2328
CY121502.1	1418	1993	1	0	1	1418
CY121502.1	1418	2004	2	0	2	1418
CY121502.1	1421	1943	1	0	1	1421
CY121502.1	1445	2023	0	2	2	2023
CY121502.1	1448	1476	0	1	1	1476
CY121502.1	1484	2441	1	0	1	1484
CY121502.1	1492	2362	0	1	1	2362
CY121502.1	1502	1604	0	1	1	1604
CY121502.1	1533	1791	0	1	1	1791
CY121502.1	1554	2177	1	0	1	1554
CY121502.1	1619	1904	0	1	1	1904
CY121502.1	1644	1780	0	1	1	1780
CY121502.1	1665	2456	0	1	1	2456
CY121502.1	1666	1743	0	1	1	1743
CY121502.1	1693	2481	0	1	1	2481
CY121502.1	1728	1994	1	0	1	1728
CY121502.1	1744	2366	1	0	1	1744
CY121502.1	1851	2065	1	0	1	1851
CY121502.1	1862	2481	0	1	1	2481
CY121502.1	1893	2155	0	1	1	2155
CY121502.1	1902	2462	0	1	1	2462
CY121502.1	1909	2259	1	0	1	1909
CY121502.1	1971	2069	0	1	1	2069
CY121502.1	1990	2110	1	0	1	1990
CY121502.1	1997	2304	1	0	1	1997
CY121502.1	2199	2401	1	0	1	2199
CY121502.1	2327	2361	6	0	6	2327
CY121502.1	2330	2385	1	0	1	2330
CY121502.1	2335	2364	2	0	2	2335
CY121502.1	2420	2456	0	4	4	2456
CY121502.1	244	1624	3	0	3	244
CY121502.1	247	1843	4	0	4	247
CY121502.1	251	298	2	0	2	251
CY121502.1	251	319	2	0	2	251
CY121502.1	252	296	3	0	3	252
CY121502.1	253	2354	1	0	1	253
CY121502.1	253	278	6	0	6	253
CY121502.1	255	1386	1	0	1	255
CY121502.1	256	412	1	0	1	256
CY121502.1	269	1661	1	0	1	269
CY121502.1	270	1514	1	0	1	270
CY121502.1	271	2297	1	0	1	271
CY121502.1	276	468	1	0	1	276
CY121502.1	303	1918	1	0	1	303
CY121502.1	313	2363	3	0	3	313
CY121502.1	315	1795	0	1	1	1795
CY121502.1	318	2359	0	2	2	2359
CY121502.1	330	1690	1	0	1	330
CY121502.1	337	713	1	0	1	337
CY121502.1	346	619	1	0	1	346
CY121502.1	355	2337	0	1	1	2337
CY121502.1	357	1891	1	0	1	357
CY121502.1	361	2364	2	0	2	361
CY121502.1	361	953	0	1	1	953
CY121502.1	366	1521	0	1	1	1521
CY121502.1	374	1931	1	0	1	374
CY121502.1	377	1295	0	1	1	1295
CY121502.1	397	2327	1	0	1	397
CY121502.1	397	2360	1	0	1	397
CY121502.1	401	1931	1	0	1	401
CY121502.1	402	1956	2	0	2	402
CY121502.1	420	2283	3	0	3	420
CY121502.1	421	2375	3	2	5	421
CY121502.1	425	1448	0	1	1	1448
CY121502.1	428	1976	1	0	1	428
CY121502.1	441	2327	5	0	5	441
CY121502.1	443	1403	1	0	1	443
CY121502.1	445	2153	1	0	1	445
CY121502.1	460	2249	1	0	1	460
CY121502.1	462	590	0	1	1	590
CY121502.1	464	1963	1	0	1	464
CY121502.1	469	2195	0	3	3	2195
CY121502.1	471	2186	2	1	3	471
CY121502.1	497	2185	1	0	1	497
CY121502.1	497	2244	0	1	1	2244
CY121502.1	499	1692	1	0	1	499
CY121502.1	501	647	1	0	1	501
CY121502.1	507	1354	0	1	1	1354
CY121502.1	512	1500	0	1	1	1500
CY121502.1	526	1813	1	0	1	526
CY121502.1	526	2126	0	1	1	2126
CY121502.1	532	2062	0	1	1	2062
CY121502.1	532	2203	0	1	1	2203
CY121502.1	537	1688	1	0	1	537
CY121502.1	537	2452	0	1	1	2452
CY121502.1	544	2123	1	0	1	544
CY121502.1	554	1869	0	1	1	1869
CY121502.1	564	2203	0	1	1	2203
CY121502.1	570	1853	1	0	1	570
CY121502.1	577	1296	1	0	1	577
CY121502.1	578	1797	0	1	1	1797
CY121502.1	581	2292	0	1	1	2292
CY121502.1	581	2370	1	0	1	581
CY121502.1	589	2100	0	1	1	2100
CY121502.1	589	2127	1	0	1	589
CY121502.1	593	2169	0	1	1	2169
CY121502.1	631	1551	1	0	1	631
CY121502.1	631	2174	0	1	1	2174
CY121502.1	638	1194	1	0	1	638
CY121502.1	644	1851	0	1	1	1851
CY121502.1	663	1951	2	0	2	663
CY121502.1	683	1777	0	1	1	1777
CY121502.1	699	1956	1	2	3	699
CY121502.1	713	1099	0	1	1	1099
CY121502.1	732	2207	0	1	1	2207
CY121502.1	747	1724	0	1	1	1724
CY121502.1	748	2022	2	0	2	748
CY121502.1	752	1817	0	1	1	1817
CY121502.1	752	1955	0	1	1	1955
CY121502.1	754	1901	0	1	1	1901
CY121502.1	758	1389	1	0	1	758
CY121502.1	758	1900	2	1	3	758
CY121502.1	758	2023	1	0	1	758
CY121502.1	761	1771	0	1	1	1771
CY121502.1	764	2002	2	0	2	764
CY121502.1	773	2254	1	0	1	773
CY121502.1	793	2004	1	0	1	793
CY121502.1	794	970	0	1	1	970
CY121502.1	801	2009	0	1	1	2009
CY121502.1	802	1786	1	0	1	802
CY121502.1	810	1688	0	1	1	1688
CY121502.1	815	1696	1	0	1	815
CY121502.1	818	1835	0	1	1	1835
CY121502.1	824	2214	1	0	1	824
CY121502.1	832	1206	1	0	1	832
CY121502.1	832	1956	0	1	1	1956
CY121502.1	835	1821	1	0	1	835
CY121502.1	837	1713	1	0	1	837
CY121502.1	837	1719	1	0	1	837
CY121502.1	838	2381	1	0	1	838
CY121502.1	839	1150	0	1	1	1150
CY121502.1	844	1746	1	0	1	844
CY121502.1	847	1388	1	0	1	847
CY121502.1	856	1594	1	0	1	856
CY121502.1	858	2121	1	0	1	858
CY121502.1	889	1891	0	1	1	1891
CY121502.1	897	1764	1	1	2	897
CY121502.1	918	2278	0	1	1	2278
CY121502.1	921	2126	43	73	116	921
CY121502.1	929	2134	1	9	10	929
CY121502.1	938	1666	1	0	1	938
CY121502.1	938	1957	1	0	1	938
CY121502.1	938	2296	0	1	1	2296
CY121502.1	939	1344	0	1	1	1344
CY121502.1	940	1904	1	0	1	940
CY121502.1	940	2264	0	1	1	2264
CY121502.1	941	1287	1	0	1	941
CY121502.1	943	1489	0	1	1	1489
CY121502.1	957	1727	1	2	3	957
CY121502.1	967	2056	2	1	3	967
CY121502.1	969	1014	0	1	1	1014
CY121503.1	1097	1747	0	1	1	1747
CY121503.1	1109	1356	0	1	1	1356
CY121503.1	1111	1755	1	0	1	1111
CY121503.1	1126	2017	0	1	1	2017
CY121503.1	1134	2136	0	1	1	2136
CY121503.1	1160	1219	0	1	1	1219
CY121503.1	1171	2171	0	1	1	2171
CY121503.1	1172	2151	1	1	2	1172
CY121503.1	1172	2158	1	1	2	1172
CY121503.1	1177	1856	0	1	1	1856
CY121503.1	1177	2036	0	4	4	2036
CY121503.1	1179	2164	1	4	5	1179
CY121503.1	1182	1877	0	1	1	1877
CY121503.1	1184	2090	12	5	17	1184
CY121503.1	1184	2093	21	28	49	1184
CY121503.1	1207	2047	0	1	1	2047
CY121503.1	1218	1421	1	0	1	1218
CY121503.1	1237	1983	1	0	1	1237
CY121503.1	1255	1362	1	0	1	1255
CY121503.1	1255	1686	0	1	1	1686
CY121503.1	1255	2404	1	0	1	1255
CY121503.1	1260	2018	1	0	1	1260
CY121503.1	1265	2096	0	1	1	2096
CY121503.1	1301	1828	0	1	1	1828
CY121503.1	1312	2123	1	0	1	1312
CY121503.1	1324	1570	0	1	1	1570
CY121503.1	1324	2147	1	1	2	1324
CY121503.1	1344	2175	0	1	1	2175
CY121503.1	1375	1430	0	1	1	1430
CY121503.1	1394	2040	19	33	52	1394
CY121503.1	1414	2112	1	0	1	1414
CY121503.1	1420	1829	0	1	1	1829
CY121503.1	1420	2289	0	1	1	2289
CY121503.1	1421	1679	1	0	1	1421
CY121503.1	1424	1622	1	0	1	1424
CY121503.1	1481	1999	0	1	1	1999
CY121503.1	1531	1649	0	1	1	1649
CY121503.1	1556	2184	0	1	1	2184
CY121503.1	1560	2087	1	1	2	1560
CY121503.1	1570	1846	1	0	1	1570
CY121503.1	1581	2202	0	1	1	2202
CY121503.1	1652	2037	0	1	1	2037
CY121503.1	1673	1950	0	1	1	1950
CY121503.1	1700	2038	0	1	1	2038
CY121503.1	1703	2148	0	4	4	2148
CY121503.1	1719	2282	0	1	1	2282
CY121503.1	1797	1883	0	1	1	1883
CY121503.1	1913	1968	0	2	2	1968
CY121503.1	2081	2185	1	1	2	2081
CY121503.1	2124	2184	1	0	1	2124
CY121503.1	2356	2501	0	1	1	2501
CY121503.1	242	1147	1	0	1	242
CY121503.1	249	2073	1	0	1	249
CY121503.1	258	556	1	0	1	258
CY121503.1	287	1809	1	0	1	287
CY121503.1	290	1784	1	0	1	290
CY121503.1	301	1112	0	1	1	1112
CY121503.1	316	2372	1	1	2	316
CY121503.1	320	1289	0	1	1	1289
CY121503.1	322	1659	0	1	1	1659
CY121503.1	326	1294	0	1	1	1294
CY121503.1	345	1241	1	1	2	345
CY121503.1	347	1331	0	1	1	1331
CY121503.1	347	2236	0	1	1	2236
CY121503.1	355	2254	0	2	2	2254
CY121503.1	377	1382	0	1	1	1382
CY121503.1	383	1650	1	0	1	383
CY121503.1	384	2360	0	1	1	2360
CY121503.1	387	2315	0	9	9	2315
CY121503.1	409	2216	0	1	1	2216
CY121503.1	409	2404	0	1	1	2404
CY121503.1	410	2284	0	1	1	2284
CY121503.1	411	1882	1	0	1	411
CY121503.1	415	1689	0	1	1	1689
CY121503.1	422	1295	1	0	1	422
CY121503.1	428	819	1	0	1	428
CY121503.1	445	2219	0	1	1	2219
CY121503.1	449	1102	1	0	1	449
CY121503.1	452	2158	1	2	3	452
CY121503.1	457	1676	0	1	1	1676
CY121503.1	457	2451	0	1	1	2451
CY121503.1	459	2037	0	1	1	2037
CY121503.1	483	1699	1	0	1	483
CY121503.1	494	1811	1	0	1	494
CY121503.1	516	1934	1	0	1	516
CY121503.1	532	1800	1	0	1	532
CY121503.1	538	1963	7	0	7	538
CY121503.1	559	2112	1	1	2	559
CY121503.1	584	2021	2	0	2	584
CY121503.1	592	2129	0	2	2	2129
CY121503.1	601	2102	2	0	2	601
CY121503.1	629	2072	0	3	3	2072
CY121503.1	644	2133	1	0	1	644
CY121503.1	653	2115	0	1	1	2115
CY121503.1	676	2152	1	0	1	676
CY121503.1	681	2114	0	1	1	2114
CY121503.1	693	1432	1	0	1	693
CY121503.1	710	2073	0	1	1	2073
CY121503.1	713	2225	0	1	1	2225
CY121503.1	729	2241	0	1	1	2241
CY121503.1	731	1377	0	1	1	1377
CY121503.1	738	2037	1	2	3	738
CY121503.1	741	2032	2	0	2	741
CY121503.1	742	2150	0	1	1	2150
CY121503.1	744	848	0	1	1	848
CY121503.1	749	2298	1	0	1	749
CY121503.1	755	1347	0	1	1	1347
CY121503.1	767	2343	1	0	1	767
CY121503.1	772	2049	0	1	1	2049
CY121503.1	781	1928	0	2	2	1928
CY121503.1	800	933	0	1	1	933
CY121503.1	826	1556	0	1	1	1556
CY121503.1	934	2252	0	1	1	2252
CY121503.1	973	2282	1	0	1	973
CY121503.1	983	2444	1	0	1	983
CY121503.1	993	2208	0	1	1	2208
