Segment	Start	Stop	Forward_support	Reverse_support	Total_support	Fuzz_factor
CY121496.1	1016	1457	1	0	1	1016
CY121496.1	1033	1190	0	1	1	1190
CY121496.1	1039	1154	1	0	1	1039
CY121496.1	1083	1138	1	0	1	1083
CY121496.1	1092	1464	1	0	1	1092
CY121496.1	1096	1470	0	1	1	1470
CY121496.1	1105	1174	0	1	1	1174
CY121496.1	1129	1181	1	0	1	1129
CY121496.1	1168	1511	1	0	1	1168
CY121496.1	1169	1783	0	1	1	1783
CY121496.1	1170	1251	0	1	1	1251
CY121496.1	1178	1772	1	0	1	1178
CY121496.1	1221	1474	0	1	1	1474
CY121496.1	1221	1641	0	1	1	1641
CY121496.1	1261	1750	0	1	1	1750
CY121496.1	1271	1703	0	1	1	1703
CY121496.1	1295	1366	0	1	1	1366
CY121496.1	1300	1499	0	1	1	1499
CY121496.1	1300	1513	0	1	1	1513
CY121496.1	1336	1696	1	0	1	1336
CY121496.1	1367	1392	6	3	9	1367
CY121496.1	1413	1673	0	1	1	1673
CY121496.1	1433	1628	0	1	1	1628
CY121496.1	1437	1534	0	1	1	1534
CY121496.1	1462	1592	0	1	1	1592
CY121496.1	1470	1671	0	1	1	1671
CY121496.1	1472	1751	1	0	1	1472
CY121496.1	1491	1835	0	1	1	1835
CY121496.1	1510	1621	1	0	1	1510
CY121496.1	1636	1840	1	0	1	1636
CY121496.1	1656	1817	0	1	1	1817
CY121496.1	253	1071	1	0	1	253
CY121496.1	292	503	0	1	1	503
CY121496.1	295	1362	0	1	1	1362
CY121496.1	320	479	1	0	1	320
CY121496.1	347	500	0	1	1	500
CY121496.1	361	1426	0	1	1	1426
CY121496.1	370	1736	1	0	1	370
CY121496.1	378	1378	0	1	1	1378
CY121496.1	379	1096	0	1	1	1096
CY121496.1	379	813	0	1	1	813
CY121496.1	383	1702	4	12	16	383
CY121496.1	395	599	0	1	1	599
CY121496.1	406	523	0	1	1	523
CY121496.1	408	1793	1	0	1	408
CY121496.1	414	1022	0	1	1	1022
CY121496.1	418	1229	1	0	1	418
CY121496.1	425	1356	0	1	1	1356
CY121496.1	427	1510	1	0	1	427
CY121496.1	428	1649	0	1	1	1649
CY121496.1	455	641	0	1	1	641
CY121496.1	475	1502	0	1	1	1502
CY121496.1	477	1257	0	1	1	1257
CY121496.1	479	1180	0	1	1	1180
CY121496.1	492	1159	0	1	1	1159
CY121496.1	525	1641	0	1	1	1641
CY121496.1	556	1474	0	1	1	1474
CY121496.1	558	1393	0	1	1	1393
CY121496.1	576	1327	1	0	1	576
CY121496.1	578	1753	1	1	2	578
CY121496.1	579	1093	1	0	1	579
CY121496.1	590	1491	1	0	1	590
CY121496.1	594	1047	1	0	1	594
CY121496.1	594	1140	0	1	1	1140
CY121496.1	602	633	1	0	1	602
CY121496.1	610	1135	1	0	1	610
CY121496.1	615	786	0	1	1	786
CY121496.1	643	990	1	0	1	643
CY121496.1	652	1585	1	0	1	652
CY121496.1	666	1805	0	1	1	1805
CY121496.1	685	1454	1	0	1	685
CY121496.1	696	877	1	0	1	696
CY121496.1	720	1235	1	0	1	720
CY121496.1	725	1327	0	1	1	1327
CY121496.1	750	1127	1	0	1	750
CY121496.1	752	894	14	6	20	752
CY121496.1	759	1576	0	1	1	1576
CY121496.1	764	1365	0	1	1	1365
CY121496.1	768	1365	0	1	1	1365
CY121496.1	812	1309	0	1	1	1309
CY121496.1	816	1327	0	1	1	1327
CY121496.1	842	1128	0	1	1	1128
CY121496.1	855	1615	1	0	1	855
CY121496.1	867	1303	0	1	1	1303
CY121496.1	955	1347	1	0	1	955
CY121496.1	992	1043	1	0	1	992
CY121497.1	1029	1163	0	1	1	1163
CY121497.1	250	956	1	0	1	250
CY121497.1	291	809	1	0	1	291
CY121497.1	317	471	0	1	1	471
CY121497.1	337	603	0	1	1	603
CY121497.1	344	1170	0	1	1	1170
CY121497.1	345	493	0	1	1	493
CY121497.1	357	816	0	1	1	816
CY121497.1	359	912	0	1	1	912
CY121497.1	388	1145	0	1	1	1145
CY121497.1	392	779	1	0	1	392
CY121497.1	396	963	0	1	1	963
CY121497.1	397	648	0	1	1	648
CY121497.1	406	1140	0	1	1	1140
CY121497.1	410	749	0	1	1	749
CY121497.1	411	926	1	0	1	411
CY121497.1	421	1064	1	0	1	421
CY121497.1	421	735	0	1	1	735
CY121497.1	429	699	0	1	1	699
CY121497.1	464	746	1	0	1	464
CY121497.1	465	1006	1	0	1	465
CY121497.1	465	700	1	0	1	465
CY121497.1	467	768	0	1	1	768
CY121497.1	486	917	0	1	1	917
CY121497.1	488	1012	1	0	1	488
CY121497.1	488	818	0	1	1	818
CY121497.1	493	986	1	0	1	493
CY121497.1	499	730	1	0	1	499
CY121497.1	505	558	0	1	1	558
CY121497.1	505	987	0	1	1	987
CY121497.1	519	575	0	1	1	575
CY121497.1	526	1019	1	0	1	526
CY121497.1	527	939	1	0	1	527
CY121497.1	529	736	0	1	1	736
CY121497.1	532	628	1	0	1	532
CY121497.1	533	990	0	1	1	990
CY121497.1	539	959	0	1	1	959
CY121497.1	540	754	1	0	1	540
CY121497.1	541	794	0	1	1	794
CY121497.1	544	1097	1	0	1	544
CY121497.1	553	618	0	1	1	618
CY121497.1	556	752	1	0	1	556
CY121497.1	575	691	1	0	1	575
CY121497.1	592	865	2	4	6	592
CY121497.1	608	948	0	1	1	948
CY121497.1	626	814	0	1	1	814
CY121497.1	629	1024	1	0	1	629
CY121497.1	633	864	0	1	1	864
CY121497.1	634	788	1	0	1	634
CY121497.1	640	1045	0	2	2	1045
CY121497.1	650	888	0	1	1	888
CY121497.1	651	1149	0	1	1	1149
CY121497.1	660	1018	0	1	1	1018
CY121497.1	677	722	1	0	1	677
CY121497.1	688	842	12	13	25	688
CY121497.1	703	854	0	1	1	854
CY121497.1	710	1057	1	0	1	710
CY121497.1	754	887	0	1	1	887
CY121497.1	757	967	1	0	1	757
CY121497.1	780	1081	1	0	1	780
CY121497.1	825	1082	1	0	1	825
CY121497.1	835	867	1	0	1	835
CY121497.1	843	903	0	1	1	903
CY121497.1	874	935	1	0	1	874
CY121497.1	882	1088	1	0	1	882
CY121497.1	883	1032	1	0	1	883
CY121497.1	937	1145	0	1	1	1145
CY121498.1	1053	1276	1	0	1	1053
CY121498.1	1063	1599	0	1	1	1599
CY121498.1	1066	1563	1	0	1	1066
CY121498.1	1129	1250	1	0	1	1129
CY121498.1	1152	1349	1	0	1	1152
CY121498.1	1194	1353	0	1	1	1353
CY121498.1	1262	1528	1	0	1	1262
CY121498.1	1426	1479	1	0	1	1426
CY121498.1	306	697	1	0	1	306
CY121498.1	310	1454	5	1	6	310
CY121498.1	320	1495	0	1	1	1495
CY121498.1	332	852	0	1	1	852
CY121498.1	376	480	1	0	1	376
CY121498.1	391	1239	4	24	28	391
CY121498.1	428	1356	9	9	18	428
CY121498.1	439	601	0	1	1	601
CY121498.1	452	1038	1	0	1	452
CY121498.1	466	964	1	0	1	466
CY121498.1	471	504	4	4	8	471
CY121498.1	478	1046	1	0	1	478
CY121498.1	565	1403	1	0	1	565
CY121498.1	609	988	0	1	1	988
CY121498.1	621	1430	1	0	1	621
CY121498.1	684	1539	0	1	1	1539
CY121498.1	689	1344	1	0	1	689
CY121498.1	700	1009	0	1	1	1009
CY121498.1	721	1021	0	1	1	1021
CY121498.1	832	1480	0	1	1	1480
CY121498.1	866	1020	0	1	1	1020
CY121498.1	882	1454	1	0	1	882
CY121498.1	906	1201	0	1	1	1201
CY121498.1	922	1222	1	0	1	922
CY121498.1	942	1451	0	1	1	1451
CY121498.1	961	1144	1	0	1	961
CY121499.1	1024	1542	1	0	1	1024
CY121499.1	1145	1493	0	1	1	1493
CY121499.1	1243	1334	1	1	2	1243
CY121499.1	1255	1470	0	1	1	1470
CY121499.1	1296	1557	0	1	1	1557
CY121499.1	1304	1562	0	1	1	1562
CY121499.1	1420	1470	0	1	1	1470
CY121499.1	1438	1599	1	0	1	1438
CY121499.1	1539	1578	15	1	16	1539
CY121499.1	1591	1722	0	1	1	1722
CY121499.1	1641	1696	0	1	1	1696
CY121499.1	253	820	1	0	1	253
CY121499.1	260	1300	1	0	1	260
CY121499.1	308	362	0	2	2	362
CY121499.1	315	1389	1	0	1	315
CY121499.1	348	1590	1	0	1	348
CY121499.1	358	953	1	0	1	358
CY121499.1	371	903	1	0	1	371
CY121499.1	381	870	0	1	1	870
CY121499.1	421	716	1	0	1	421
CY121499.1	433	1158	0	1	1	1158
CY121499.1	449	759	1	0	1	449
CY121499.1	453	898	1	0	1	453
CY121499.1	467	1036	0	1	1	1036
CY121499.1	476	1541	0	1	1	1541
CY121499.1	476	598	1	0	1	476
CY121499.1	483	1387	1	0	1	483
CY121499.1	519	1132	1	0	1	519
CY121499.1	536	675	1	0	1	536
CY121499.1	574	609	0	1	1	609
CY121499.1	592	1021	0	1	1	1021
CY121499.1	593	652	0	1	1	652
CY121499.1	624	1240	1	0	1	624
CY121499.1	681	1217	0	1	1	1217
CY121499.1	687	1021	1	0	1	687
CY121499.1	720	909	0	1	1	909
CY121499.1	743	1324	0	1	1	1324
CY121499.1	754	911	0	1	1	911
CY121499.1	783	1364	0	1	1	1364
CY121499.1	796	1622	1	0	1	796
CY121499.1	797	872	1	0	1	797
CY121499.1	812	1370	0	1	1	1370
CY121499.1	831	1348	0	1	1	1348
CY121499.1	872	976	0	1	1	976
CY121499.1	875	1018	0	1	1	1018
CY121499.1	887	1130	0	1	1	1130
CY121499.1	893	1496	1	0	1	893
CY121499.1	920	1622	1	0	1	920
CY121499.1	928	1271	0	1	1	1271
CY121499.1	968	1480	0	1	1	1480
CY121499.1	973	1209	1	0	1	973
CY121499.1	980	1545	1	0	1	980
CY121500.1	255	544	1	0	1	255
CY121500.1	255	899	1	0	1	255
CY121500.1	329	860	0	1	1	860
CY121500.1	350	489	0	1	1	489
CY121500.1	360	397	0	1	1	397
CY121500.1	376	552	1	0	1	376
CY121500.1	376	647	0	1	1	647
CY121500.1	399	520	0	1	1	520
CY121500.1	406	463	0	1	1	463
CY121500.1	406	898	1	0	1	406
CY121500.1	411	646	0	1	1	646
CY121500.1	429	520	1	0	1	429
CY121500.1	437	861	0	1	1	861
CY121500.1	448	502	0	1	1	502
CY121500.1	475	709	1	0	1	475
CY121500.1	478	710	3	0	3	478
CY121500.1	483	957	1	0	1	483
CY121500.1	485	883	0	1	1	883
CY121500.1	502	732	8	0	8	502
CY121500.1	514	743	96	140	236	514
CY121500.1	522	749	7	18	25	522
CY121500.1	542	885	1	0	1	542
CY121500.1	562	635	0	1	1	635
CY121500.1	668	955	1	0	1	668
CY121500.1	669	1000	0	1	1	1000
CY121500.1	736	1014	0	1	1	1014
CY121500.1	741	1006	0	1	1	1006
CY121500.1	811	1009	0	1	1	1009
CY121500.1	822	923	0	1	1	923
CY121500.1	856	923	1	0	1	856
CY121500.1	859	922	1	0	1	859
CY121500.1	892	976	1	0	1	892
CY121500.1	928	957	2	1	3	928
CY121501.1	1052	1669	16	9	25	1052
CY121501.1	1070	2351	0	1	1	2351
CY121501.1	1075	2357	0	1	1	2357
CY121501.1	1090	2372	0	1	1	2372
CY121501.1	1153	1691	0	1	1	1691
CY121501.1	1207	2152	0	1	1	2152
CY121501.1	1224	1803	0	1	1	1803
CY121501.1	1235	1930	1	0	1	1235
CY121501.1	1349	1775	1	0	1	1349
CY121501.1	1349	1928	1	0	1	1349
CY121501.1	1374	1978	0	1	1	1978
CY121501.1	1438	1880	0	1	1	1880
CY121501.1	1536	2060	1	0	1	1536
CY121501.1	1622	2239	0	1	1	2239
CY121501.1	2074	2114	2	0	2	2074
CY121501.1	2077	2134	19	6	25	2077
CY121501.1	2088	2125	5	1	6	2088
CY121501.1	2109	2133	1	0	1	2109
CY121501.1	2111	2135	789	612	1401	2111
CY121501.1	2113	2137	1	0	1	2113
CY121501.1	2123	2147	71	38	109	2123
CY121501.1	2130	2154	0	1	1	2154
CY121501.1	2132	2174	1	7	8	2132
CY121501.1	2133	2229	19	8	27	2133
CY121501.1	2134	2172	43	21	64	2134
CY121501.1	2150	2185	28	11	39	2150
CY121501.1	2155	2261	1	0	1	2155
CY121501.1	2198	2350	0	1	1	2350
CY121501.1	246	2175	1	1	2	246
CY121501.1	253	2249	1	0	1	253
CY121501.1	261	2149	18	1	19	261
CY121501.1	268	2255	1	0	1	268
CY121501.1	271	2189	40	4	44	271
CY121501.1	273	2176	1	0	1	273
CY121501.1	282	2272	18	0	18	282
CY121501.1	282	2273	2	0	2	282
CY121501.1	282	331	31	6	37	282
CY121501.1	284	315	18	4	22	284
CY121501.1	288	1951	1	0	1	288
CY121501.1	295	339	4	4	8	295
CY121501.1	305	2271	0	4	4	2271
CY121501.1	314	2194	4	16	20	314
CY121501.1	319	446	1	23	24	319
CY121501.1	326	2210	1	0	1	326
CY121501.1	327	2211	6	11	17	327
CY121501.1	328	2136	1	13	14	328
CY121501.1	328	452	0	2	2	452
CY121501.1	335	2187	2	7	9	335
CY121501.1	338	1403	0	1	1	1403
CY121501.1	354	2008	9	41	50	354
CY121501.1	355	2116	6	63	69	355
CY121501.1	361	2200	0	1	1	2200
CY121501.1	363	2123	0	1	1	2123
CY121501.1	363	452	7	33	40	363
CY121501.1	365	2184	6	39	45	365
CY121501.1	369	2162	0	1	1	2162
CY121501.1	385	2078	2	8	10	385
CY121501.1	385	2155	3	24	27	385
CY121501.1	385	2179	8	46	54	385
CY121501.1	388	2146	17	75	92	388
CY121501.1	388	2273	6	11	17	388
CY121501.1	389	420	13	133	146	389
CY121501.1	390	2165	11	46	57	390
CY121501.1	390	421	0	1	1	421
CY121501.1	392	2165	52	226	278	392
CY121501.1	400	430	0	1	1	430
CY121501.1	406	2002	1	0	1	406
CY121501.1	406	2166	0	3	3	2166
CY121501.1	407	2149	7	22	29	407
CY121501.1	408	2035	1	2	3	408
CY121501.1	409	2189	0	3	3	2189
CY121501.1	417	2142	19	83	102	417
CY121501.1	420	2046	0	1	1	2046
CY121501.1	432	2176	0	1	1	2176
CY121501.1	434	2051	10	66	76	434
CY121501.1	435	2035	84	206	290	435
CY121501.1	441	2039	0	2	2	2039
CY121501.1	444	2180	0	2	2	2180
CY121501.1	445	2184	1	1	2	445
CY121501.1	451	1960	9	20	29	451
CY121501.1	452	1922	11	11	22	452
CY121501.1	455	485	24	118	142	455
CY121501.1	457	2067	0	2	2	2067
CY121501.1	465	1437	0	1	1	1437
CY121501.1	473	2217	14	7	21	473
CY121501.1	475	2127	7	15	22	475
CY121501.1	481	1182	1	0	1	481
CY121501.1	481	2124	0	1	1	2124
CY121501.1	483	2082	0	3	3	2082
CY121501.1	485	2044	2	2	4	485
CY121501.1	492	1890	24	32	56	492
CY121501.1	492	2030	7	3	10	492
CY121501.1	494	2106	8	31	39	494
CY121501.1	494	2122	45	50	95	494
CY121501.1	501	2011	8	8	16	501
CY121501.1	501	523	1	0	1	501
CY121501.1	503	2159	0	1	1	2159
CY121501.1	506	2008	2	6	8	506
CY121501.1	512	2183	0	1	1	2183
CY121501.1	513	1947	61	76	137	513
CY121501.1	513	553	15	29	44	513
CY121501.1	517	2012	7	17	24	517
CY121501.1	530	1717	0	1	1	1717
CY121501.1	532	1904	2	0	2	532
CY121501.1	534	1758	0	1	1	1758
CY121501.1	547	573	0	1	1	573
CY121501.1	548	574	637	702	1339	548
CY121501.1	549	2012	36	67	103	549
CY121501.1	550	576	1	1	2	550
CY121501.1	553	1916	3	0	3	553
CY121501.1	556	2011	13	10	23	556
CY121501.1	557	1924	30	45	75	557
CY121501.1	557	1962	11	22	33	557
CY121501.1	562	1877	1	0	1	562
CY121501.1	564	2011	5	1	6	564
CY121501.1	564	2053	0	1	1	2053
CY121501.1	568	1933	1	0	1	568
CY121501.1	575	2007	1	0	1	575
CY121501.1	576	1735	1	0	1	576
CY121501.1	576	1749	1	0	1	576
CY121501.1	586	1963	1	0	1	586
CY121501.1	587	637	1	0	1	587
CY121501.1	598	1974	9	11	20	598
CY121501.1	604	2023	14	5	19	604
CY121501.1	611	1957	5	4	9	611
CY121501.1	611	2034	611	664	1275	611
CY121501.1	612	1965	31	24	55	612
CY121501.1	618	1776	15	5	20	618
CY121501.1	629	2049	0	2	2	2049
CY121501.1	641	2070	2	2	4	641
CY121501.1	642	1872	26	23	49	642
CY121501.1	647	1877	0	2	2	1877
CY121501.1	652	1917	16	13	29	652
CY121501.1	659	1914	4	7	11	659
CY121501.1	670	1905	8	14	22	670
CY121501.1	671	1906	1	0	1	671
CY121501.1	676	1845	1	0	1	676
CY121501.1	682	1844	1	1	2	682
CY121501.1	683	1922	0	1	1	1922
CY121501.1	691	1883	2	0	2	691
CY121501.1	691	773	1	0	1	691
CY121501.1	693	1885	9	24	33	693
CY121501.1	698	781	0	1	1	781
CY121501.1	712	1636	5	3	8	712
CY121501.1	728	2363	0	1	1	2363
CY121501.1	730	774	2	1	3	730
CY121501.1	735	1688	14	14	28	735
CY121501.1	742	1718	0	1	1	1718
CY121501.1	760	1293	1	0	1	760
CY121501.1	803	1986	0	1	1	1986
CY121501.1	819	2287	0	1	1	2287
CY121501.1	827	1545	0	1	1	1545
CY121501.1	837	1828	1	0	1	837
CY121501.1	840	1395	1	0	1	840
CY121501.1	840	1653	10	30	40	840
CY121501.1	842	2204	7	2	9	842
CY121501.1	864	1918	6	5	11	864
CY121501.1	910	1669	3	1	4	910
CY121501.1	975	1066	8	1	9	975
CY121501.1	990	1025	0	1	1	1025
CY121502.1	1010	1674	3	9	12	1010
CY121502.1	1033	1689	0	1	1	1689
CY121502.1	1085	2317	1	0	1	1085
CY121502.1	1104	2022	0	1	1	2022
CY121502.1	1133	2344	1	0	1	1133
CY121502.1	1135	2128	0	1	1	2128
CY121502.1	1297	1949	1	0	1	1297
CY121502.1	1443	2165	0	1	1	2165
CY121502.1	1473	2325	0	1	1	2325
CY121502.1	1495	1932	0	1	1	1932
CY121502.1	1514	1684	0	1	1	1684
CY121502.1	1810	2051	0	1	1	2051
CY121502.1	1837	2226	0	1	1	2226
CY121502.1	1864	2238	1	0	1	1864
CY121502.1	2213	2249	12	15	27	2213
CY121502.1	2268	2356	1	0	1	2268
CY121502.1	2278	2365	42	7	49	2278
CY121502.1	2329	2353	37	5	42	2329
CY121502.1	246	299	8	0	8	246
CY121502.1	249	2311	1	0	1	249
CY121502.1	250	2324	1	0	1	250
CY121502.1	252	2327	1	0	1	252
CY121502.1	261	336	40	0	40	261
CY121502.1	272	2335	1	0	1	272
CY121502.1	276	2339	41	3	44	276
CY121502.1	290	1160	1	0	1	290
CY121502.1	290	1294	1	0	1	290
CY121502.1	291	2326	1	0	1	291
CY121502.1	294	370	0	2	2	370
CY121502.1	318	2125	1	0	1	318
CY121502.1	319	2287	1	0	1	319
CY121502.1	321	345	1	0	1	321
CY121502.1	325	2284	1	0	1	325
CY121502.1	326	2438	19	3	22	326
CY121502.1	334	2307	23	5	28	334
CY121502.1	335	2339	12	10	22	335
CY121502.1	341	2336	5	3	8	341
CY121502.1	341	2472	0	2	2	2472
CY121502.1	342	2273	0	3	3	2273
CY121502.1	357	2285	3	0	3	357
CY121502.1	362	2254	1	0	1	362
CY121502.1	363	2215	1	0	1	363
CY121502.1	366	2248	8	1	9	366
CY121502.1	367	469	5	1	6	367
CY121502.1	368	2327	1	0	1	368
CY121502.1	370	2319	13	0	13	370
CY121502.1	371	2270	1	0	1	371
CY121502.1	374	2285	5	0	5	374
CY121502.1	380	2265	1	0	1	380
CY121502.1	386	2298	36	0	36	386
CY121502.1	393	2252	10	1	11	393
CY121502.1	393	2339	83	23	106	393
CY121502.1	396	2307	801	85	886	396
CY121502.1	397	2327	8	4	12	397
CY121502.1	403	2317	1	0	1	403
CY121502.1	433	2273	25	5	30	433
CY121502.1	438	2248	2	0	2	438
CY121502.1	452	2249	1	0	1	452
CY121502.1	456	2159	7	1	8	456
CY121502.1	457	1819	0	1	1	1819
CY121502.1	459	2313	49	1	50	459
CY121502.1	465	2063	4	0	4	465
CY121502.1	468	1688	1	0	1	468
CY121502.1	488	2098	13	22	35	488
CY121502.1	489	2068	1	0	1	489
CY121502.1	489	2301	6	8	14	489
CY121502.1	496	2248	9	1	10	496
CY121502.1	498	2075	55	69	124	498
CY121502.1	499	2378	1	1	2	499
CY121502.1	509	2076	23	17	40	509
CY121502.1	520	934	0	1	1	934
CY121502.1	530	1048	1	0	1	530
CY121502.1	554	2098	18	15	33	554
CY121502.1	559	1938	1	0	1	559
CY121502.1	562	2198	42	40	82	562
CY121502.1	566	1947	2	10	12	566
CY121502.1	571	2099	15	20	35	571
CY121502.1	587	2096	9	5	14	587
CY121502.1	593	2169	1	0	1	593
CY121502.1	607	2170	0	2	2	2170
CY121502.1	609	2209	4	5	9	609
CY121502.1	635	1212	0	1	1	1212
CY121502.1	645	2306	1	0	1	645
CY121502.1	650	2002	2	5	7	650
CY121502.1	651	2017	17	15	32	651
CY121502.1	656	2022	0	2	2	2022
CY121502.1	692	2119	21	10	31	692
CY121502.1	761	1880	1	2	3	761
CY121502.1	765	2001	4	17	21	765
CY121502.1	770	1872	0	16	16	1872
CY121502.1	776	2016	0	1	1	2016
CY121502.1	783	1884	0	1	1	1884
CY121502.1	796	1814	1	0	1	796
CY121502.1	796	2144	0	1	1	2144
CY121502.1	808	1655	1	0	1	808
CY121502.1	808	1826	0	1	1	1826
CY121502.1	829	1925	1	2	3	829
CY121502.1	832	1829	1	9	10	832
CY121502.1	835	1821	0	1	1	1821
CY121502.1	836	1834	0	1	1	1834
CY121502.1	841	1688	0	1	1	1688
CY121502.1	847	1388	1	0	1	847
CY121502.1	855	1836	0	1	1	1836
CY121502.1	871	1959	1	0	1	871
CY121502.1	879	1414	1	0	1	879
CY121502.1	887	1514	16	8	24	887
CY121502.1	892	2495	0	1	1	2495
CY121502.1	902	1773	3	3	6	902
CY121502.1	903	2287	1	0	1	903
CY121502.1	938	1666	1	0	1	938
CY121502.1	949	1635	3	0	3	949
CY121502.1	950	2208	0	1	1	2208
CY121502.1	953	2373	1	0	1	953
CY121502.1	957	1644	14	14	28	957
CY121503.1	1040	1717	1	0	1	1040
CY121503.1	1062	2087	1	21	22	1062
CY121503.1	1097	2115	0	1	1	2115
CY121503.1	1182	1871	1	0	1	1182
CY121503.1	1189	2475	0	1	1	2475
CY121503.1	1203	2187	0	1	1	2187
CY121503.1	1256	2373	1	0	1	1256
CY121503.1	1290	1663	0	1	1	1663
CY121503.1	1325	1681	0	1	1	1681
CY121503.1	1337	1825	1	0	1	1337
CY121503.1	1379	2336	0	1	1	2336
CY121503.1	1414	1530	1	0	1	1414
CY121503.1	1449	1898	0	1	1	1898
CY121503.1	1505	1781	0	1	1	1781
CY121503.1	1650	2316	1	0	1	1650
CY121503.1	1735	2406	1	0	1	1735
CY121503.1	2005	2445	0	1	1	2445
CY121503.1	2124	2228	0	1	1	2228
CY121503.1	2237	2282	8	6	14	2237
CY121503.1	2371	2398	20	7	27	2371
CY121503.1	287	1809	1	0	1	287
CY121503.1	305	2335	0	1	1	2335
CY121503.1	306	2194	31	120	151	306
CY121503.1	312	2497	0	1	1	2497
CY121503.1	314	2172	3	16	19	314
CY121503.1	320	2216	0	1	1	2216
CY121503.1	333	2405	0	1	1	2405
CY121503.1	346	2387	1	0	1	346
CY121503.1	347	2236	1	4	5	347
CY121503.1	357	2210	0	1	1	2210
CY121503.1	366	1685	0	1	1	1685
CY121503.1	366	2255	0	1	1	2255
CY121503.1	366	2360	3	0	3	366
CY121503.1	367	2385	1	0	1	367
CY121503.1	370	1674	1	0	1	370
CY121503.1	370	1844	0	1	1	1844
CY121503.1	378	2389	1	0	1	378
CY121503.1	379	2271	0	1	1	2271
CY121503.1	381	2248	11	108	119	381
CY121503.1	384	2360	1	0	1	384
CY121503.1	386	2395	12	35	47	386
CY121503.1	387	2315	119	402	521	387
CY121503.1	387	2348	16	12	28	387
CY121503.1	388	2316	1	1	2	388
CY121503.1	394	2402	0	1	1	2402
CY121503.1	396	522	0	1	1	522
CY121503.1	407	1908	0	1	1	1908
CY121503.1	409	2388	2	0	2	409
CY121503.1	410	2388	1	0	1	410
CY121503.1	418	2331	0	2	2	2331
CY121503.1	419	2267	26	99	125	419
CY121503.1	419	2268	1	0	1	419
CY121503.1	420	2398	2	19	21	420
CY121503.1	421	2132	3	25	28	421
CY121503.1	421	2373	8	8	16	421
CY121503.1	423	2419	0	1	1	2419
CY121503.1	430	2280	0	10	10	2280
CY121503.1	437	810	0	1	1	810
CY121503.1	440	2361	2	2	4	440
CY121503.1	445	2411	2	0	2	445
CY121503.1	446	2457	0	1	1	2457
CY121503.1	447	1697	0	1	1	1697
CY121503.1	453	2168	70	177	247	453
CY121503.1	455	1938	0	1	1	1938
CY121503.1	455	2196	75	178	253	455
CY121503.1	468	2035	1	0	1	468
CY121503.1	482	1464	1	0	1	482
CY121503.1	482	2154	1	0	1	482
CY121503.1	485	2171	11	25	36	485
CY121503.1	489	1735	1	0	1	489
CY121503.1	503	2357	0	3	3	2357
CY121503.1	504	2177	15	17	32	504
CY121503.1	517	2047	3	8	11	517
CY121503.1	534	2178	3	8	11	534
CY121503.1	535	2260	0	1	1	2260
CY121503.1	538	2173	13	13	26	538
CY121503.1	550	2039	4	8	12	550
CY121503.1	567	2336	0	1	1	2336
CY121503.1	573	2230	0	1	1	2230
CY121503.1	610	1512	1	0	1	610
CY121503.1	621	1541	19	7	26	621
CY121503.1	626	1751	1	0	1	626
CY121503.1	638	2325	1	0	1	638
CY121503.1	640	1753	1	0	1	640
CY121503.1	641	2013	1	0	1	641
CY121503.1	650	1957	16	26	42	650
CY121503.1	650	2021	15	13	28	650
CY121503.1	651	1958	1	0	1	651
CY121503.1	661	2039	0	1	1	2039
CY121503.1	663	1955	6	7	13	663
CY121503.1	675	2208	1	0	1	675
CY121503.1	694	867	1	0	1	694
CY121503.1	697	1907	7	4	11	697
CY121503.1	698	1654	3	3	6	698
CY121503.1	705	1661	0	1	1	1661
CY121503.1	721	1883	5	2	7	721
CY121503.1	732	1946	17	20	37	732
CY121503.1	735	1830	1	0	1	735
CY121503.1	739	2023	1	0	1	739
CY121503.1	744	1900	0	1	1	1900
CY121503.1	746	1961	1	0	1	746
CY121503.1	750	1847	8	7	15	750
CY121503.1	774	1844	0	1	1	1844
CY121503.1	781	1814	1	0	1	781
CY121503.1	793	2073	9	18	27	793
CY121503.1	794	2075	0	1	1	2075
CY121503.1	799	1250	3	0	3	799
CY121503.1	805	863	0	1	1	863
CY121503.1	809	1841	1	0	1	809
CY121503.1	811	1849	17	9	26	811
CY121503.1	812	2119	0	1	1	2119
CY121503.1	824	1657	0	1	1	1657
CY121503.1	825	2085	1	1	2	825
CY121503.1	830	1880	19	16	35	830
CY121503.1	854	1413	1	0	1	854
CY121503.1	854	1767	0	1	1	1767
CY121503.1	859	1830	2	2	4	859
CY121503.1	864	1847	0	1	1	1847
CY121503.1	905	1682	3	0	3	905
CY121503.1	954	1783	13	14	27	954
CY121503.1	980	1755	2	0	2	980
CY121503.1	982	1807	1	0	1	982
CY121503.1	990	2254	0	1	1	2254
CY121503.1	991	1765	23	14	37	991
