Segment	Start	Stop	Forward_support	Reverse_support	Total_support	Fuzz_factor
CY121496.1	1004	1888	0	1	1	1888
CY121496.1	1081	1260	1	0	1	1081
CY121496.1	1085	1157	0	1	1	1157
CY121496.1	1128	1185	1	0	1	1128
CY121496.1	1129	1832	1	0	1	1129
CY121496.1	1169	1707	1	0	1	1169
CY121496.1	1190	1661	0	1	1	1661
CY121496.1	1212	1396	1	0	1	1212
CY121496.1	1232	1772	1	0	1	1232
CY121496.1	1239	1731	1	0	1	1239
CY121496.1	1297	1345	1	0	1	1297
CY121496.1	1303	1370	0	1	1	1370
CY121496.1	1310	1359	1	0	1	1310
CY121496.1	1336	1761	0	1	1	1761
CY121496.1	1351	1715	1	0	1	1351
CY121496.1	1354	1413	16	25	41	1354
CY121496.1	1355	1685	0	1	1	1685
CY121496.1	1427	1588	14	8	22	1427
CY121496.1	1429	1470	0	1	1	1470
CY121496.1	1484	1708	0	1	1	1708
CY121496.1	1509	1535	1	0	1	1509
CY121496.1	1517	1835	1	0	1	1517
CY121496.1	1679	1706	1	0	1	1679
CY121496.1	1699	1875	0	1	1	1875
CY121496.1	1716	1817	1	0	1	1716
CY121496.1	261	1306	1	0	1	261
CY121496.1	266	1669	1	0	1	266
CY121496.1	270	725	1	0	1	270
CY121496.1	285	1089	1	1	2	285
CY121496.1	285	1138	1	0	1	285
CY121496.1	289	1645	1	0	1	289
CY121496.1	322	433	0	1	1	433
CY121496.1	329	1705	9	46	55	329
CY121496.1	348	1056	0	1	1	1056
CY121496.1	366	1406	1	0	1	366
CY121496.1	415	1818	1	0	1	415
CY121496.1	443	1791	1	0	1	443
CY121496.1	474	1809	1	0	1	474
CY121496.1	481	1783	0	1	1	1783
CY121496.1	511	1682	1	0	1	511
CY121496.1	515	1583	0	1	1	1583
CY121496.1	574	1733	22	5	27	574
CY121496.1	580	1014	1	0	1	580
CY121496.1	588	615	0	1	1	615
CY121496.1	599	1167	1	0	1	599
CY121496.1	674	713	0	1	1	713
CY121496.1	706	1754	1	0	1	706
CY121496.1	758	1876	0	1	1	1876
CY121496.1	778	1089	1	0	1	778
CY121496.1	797	1090	0	1	1	1090
CY121496.1	813	1876	0	1	1	1876
CY121496.1	816	1898	0	1	1	1898
CY121496.1	840	1326	0	1	1	1326
CY121496.1	841	1351	1	0	1	841
CY121496.1	936	1678	1	0	1	936
CY121496.1	974	1297	1	0	1	974
CY121496.1	977	1280	0	1	1	1280
CY121496.1	993	1793	0	1	1	1793
CY121497.1	251	955	1	0	1	251
CY121497.1	258	788	1	0	1	258
CY121497.1	267	314	1	0	1	267
CY121497.1	275	1018	1	0	1	275
CY121497.1	281	614	1	0	1	281
CY121497.1	283	635	1	0	1	283
CY121497.1	306	981	0	1	1	981
CY121497.1	317	951	1	0	1	317
CY121497.1	320	628	1	0	1	320
CY121497.1	323	877	0	1	1	877
CY121497.1	343	849	0	1	1	849
CY121497.1	344	395	0	1	1	395
CY121497.1	344	482	0	1	1	482
CY121497.1	344	881	0	1	1	881
CY121497.1	357	786	0	1	1	786
CY121497.1	358	1054	0	1	1	1054
CY121497.1	359	422	0	1	1	422
CY121497.1	366	590	0	1	1	590
CY121497.1	369	525	1	0	1	369
CY121497.1	373	889	1	0	1	373
CY121497.1	387	483	1	0	1	387
CY121497.1	388	510	1	0	1	388
CY121497.1	390	642	0	1	1	642
CY121497.1	394	737	0	1	1	737
CY121497.1	397	475	0	1	1	475
CY121497.1	399	1028	0	1	1	1028
CY121497.1	404	1094	0	1	1	1094
CY121497.1	406	1025	0	1	1	1025
CY121497.1	416	480	0	1	1	480
CY121497.1	437	816	3	35	38	437
CY121497.1	438	1068	0	1	1	1068
CY121497.1	438	817	7	0	7	438
CY121497.1	439	726	0	1	1	726
CY121497.1	443	530	0	1	1	530
CY121497.1	453	827	0	1	1	827
CY121497.1	457	877	0	1	1	877
CY121497.1	461	686	1	0	1	461
CY121497.1	466	574	1	0	1	466
CY121497.1	473	936	0	1	1	936
CY121497.1	480	902	0	1	1	902
CY121497.1	482	1166	0	1	1	1166
CY121497.1	488	954	1	0	1	488
CY121497.1	503	713	1	0	1	503
CY121497.1	537	974	0	1	1	974
CY121497.1	548	1033	1	0	1	548
CY121497.1	551	1098	1	0	1	551
CY121497.1	575	709	12	8	20	575
CY121497.1	576	1025	0	1	1	1025
CY121497.1	584	1146	0	1	1	1146
CY121497.1	584	629	1	0	1	584
CY121497.1	588	964	1	0	1	588
CY121497.1	611	652	1	1	2	611
CY121497.1	621	739	1	0	1	621
CY121497.1	624	1056	1	0	1	624
CY121497.1	625	723	0	1	1	723
CY121497.1	629	854	1	0	1	629
CY121497.1	632	872	1	0	1	632
CY121497.1	632	960	8	5	13	632
CY121497.1	634	1089	1	0	1	634
CY121497.1	635	1061	1	0	1	635
CY121497.1	688	842	36	34	70	688
CY121497.1	712	1077	1	0	1	712
CY121497.1	720	1055	1	0	1	720
CY121497.1	721	863	9	11	20	721
CY121497.1	743	981	1	0	1	743
CY121497.1	749	845	1	0	1	749
CY121497.1	761	957	18	20	38	761
CY121497.1	762	1044	0	1	1	1044
CY121497.1	781	1141	0	1	1	1141
CY121497.1	785	818	1	0	1	785
CY121497.1	793	1128	1	0	1	793
CY121497.1	799	984	1	0	1	799
CY121497.1	818	880	0	1	1	880
CY121497.1	819	1098	1	0	1	819
CY121497.1	820	869	5	5	10	820
CY121497.1	824	1085	0	1	1	1085
CY121497.1	827	948	0	1	1	948
CY121497.1	837	908	1	0	1	837
CY121497.1	880	971	1	0	1	880
CY121497.1	903	1140	0	1	1	1140
CY121497.1	906	1041	0	1	1	1041
CY121497.1	909	1145	0	1	1	1145
CY121497.1	911	1020	1	0	1	911
CY121497.1	936	962	0	1	1	962
CY121497.1	958	1149	0	1	1	1149
CY121497.1	968	998	1	0	1	968
CY121498.1	1076	1251	0	1	1	1251
CY121498.1	1289	1344	1	0	1	1289
CY121498.1	253	300	1	0	1	253
CY121498.1	261	504	1	0	1	261
CY121498.1	270	1128	1	0	1	270
CY121498.1	275	1462	1	0	1	275
CY121498.1	281	1467	1	1	2	281
CY121498.1	287	1473	14	1	15	287
CY121498.1	291	1533	1	0	1	291
CY121498.1	300	765	0	1	1	765
CY121498.1	347	1590	0	1	1	1590
CY121498.1	375	1089	1	0	1	375
CY121498.1	382	1476	1	0	1	382
CY121498.1	395	608	0	1	1	608
CY121498.1	395	957	0	1	1	957
CY121498.1	396	1142	0	1	1	1142
CY121498.1	406	1585	0	1	1	1585
CY121498.1	425	869	0	1	1	869
CY121498.1	430	615	1	0	1	430
CY121498.1	433	770	0	1	1	770
CY121498.1	445	1215	0	1	1	1215
CY121498.1	531	576	1	0	1	531
CY121498.1	536	1556	1	0	1	536
CY121498.1	581	1449	1	0	1	581
CY121498.1	637	688	0	1	1	688
CY121498.1	708	1184	1	0	1	708
CY121498.1	715	1280	0	1	1	1280
CY121498.1	719	1534	1	0	1	719
CY121498.1	734	1100	0	1	1	1100
CY121498.1	744	1207	1	0	1	744
CY121498.1	784	912	1	0	1	784
CY121498.1	812	1414	1	0	1	812
CY121498.1	843	1023	0	1	1	1023
CY121498.1	926	1355	1	0	1	926
CY121498.1	942	1218	0	1	1	1218
CY121498.1	953	1124	0	1	1	1124
CY121499.1	1014	1569	0	1	1	1569
CY121499.1	1093	1399	1	0	1	1093
CY121499.1	1099	1296	1	0	1	1099
CY121499.1	1104	1589	1	0	1	1104
CY121499.1	1236	1693	0	1	1	1693
CY121499.1	1366	1625	0	1	1	1625
CY121499.1	1420	1554	1	0	1	1420
CY121499.1	1431	1699	0	1	1	1699
CY121499.1	1442	1547	1	0	1	1442
CY121499.1	1466	1520	1	0	1	1466
CY121499.1	1521	1576	1	0	1	1521
CY121499.1	247	1128	1	0	1	247
CY121499.1	258	990	1	0	1	258
CY121499.1	321	1692	0	1	1	1692
CY121499.1	321	743	1	0	1	321
CY121499.1	331	1684	0	1	1	1684
CY121499.1	335	1391	0	1	1	1391
CY121499.1	346	841	0	1	1	841
CY121499.1	346	940	0	1	1	940
CY121499.1	353	1163	0	1	1	1163
CY121499.1	366	1065	1	0	1	366
CY121499.1	373	1418	0	1	1	1418
CY121499.1	374	1513	0	1	1	1513
CY121499.1	378	573	1	0	1	378
CY121499.1	405	1559	0	1	1	1559
CY121499.1	422	1482	0	1	1	1482
CY121499.1	446	646	1	0	1	446
CY121499.1	456	1090	0	1	1	1090
CY121499.1	466	1547	1	0	1	466
CY121499.1	480	737	0	1	1	737
CY121499.1	490	1419	0	1	1	1419
CY121499.1	503	819	0	1	1	819
CY121499.1	549	1417	1	0	1	549
CY121499.1	561	1310	0	1	1	1310
CY121499.1	562	1181	1	0	1	562
CY121499.1	567	1489	0	1	1	1489
CY121499.1	576	1687	0	1	1	1687
CY121499.1	586	984	1	0	1	586
CY121499.1	619	1190	0	1	1	1190
CY121499.1	631	819	1	0	1	631
CY121499.1	633	1681	0	1	1	1681
CY121499.1	649	1263	0	1	1	1263
CY121499.1	659	693	0	1	1	693
CY121499.1	675	767	1	0	1	675
CY121499.1	675	951	1	0	1	675
CY121499.1	714	1673	0	1	1	1673
CY121499.1	726	1156	0	1	1	1156
CY121499.1	727	933	1	0	1	727
CY121499.1	742	1157	1	0	1	742
CY121499.1	744	1172	1	0	1	744
CY121499.1	745	1493	0	1	1	1493
CY121499.1	772	1617	0	1	1	1617
CY121499.1	788	1532	0	1	1	1532
CY121499.1	796	1134	0	1	1	1134
CY121499.1	796	1562	1	0	1	796
CY121499.1	817	1244	0	1	1	1244
CY121499.1	820	1486	1	0	1	820
CY121499.1	822	1241	1	0	1	822
CY121499.1	826	1546	1	0	1	826
CY121499.1	830	1599	1	0	1	830
CY121499.1	834	880	0	1	1	880
CY121499.1	846	1392	0	1	1	1392
CY121499.1	857	1428	1	0	1	857
CY121499.1	873	1044	9	5	14	873
CY121499.1	886	1076	0	1	1	1076
CY121499.1	904	1692	0	1	1	1692
CY121499.1	908	1441	1	0	1	908
CY121499.1	911	1109	0	1	1	1109
CY121499.1	937	1687	0	1	1	1687
CY121499.1	958	1679	0	1	1	1679
CY121499.1	972	1045	8	8	16	972
CY121499.1	978	1511	37	33	70	978
CY121499.1	979	1512	0	1	1	1512
CY121499.1	980	1273	0	1	1	1273
CY121499.1	981	1417	1	0	1	981
CY121500.1	238	952	2	0	2	238
CY121500.1	287	958	43	1	44	287
CY121500.1	293	463	1	0	1	293
CY121500.1	321	983	0	1	1	983
CY121500.1	362	701	0	1	1	701
CY121500.1	390	679	0	1	1	679
CY121500.1	418	819	1	0	1	418
CY121500.1	478	710	1	0	1	478
CY121500.1	481	982	1	0	1	481
CY121500.1	500	537	0	1	1	537
CY121500.1	503	733	1	0	1	503
CY121500.1	514	743	18	28	46	514
CY121500.1	522	749	0	1	1	749
CY121500.1	533	660	0	1	1	660
CY121500.1	558	726	1	0	1	558
CY121500.1	558	868	0	1	1	868
CY121500.1	695	764	0	1	1	764
CY121500.1	899	935	0	1	1	935
CY121501.1	1201	1326	1	0	1	1201
CY121501.1	1237	1550	1	0	1	1237
CY121501.1	1345	2386	0	1	1	2386
CY121501.1	1412	2194	1	0	1	1412
CY121501.1	1566	2080	1	0	1	1566
CY121501.1	1654	1852	0	1	1	1852
CY121501.1	1663	2217	0	1	1	2217
CY121501.1	1938	2051	0	1	1	2051
CY121501.1	1964	2065	55	152	207	1964
CY121501.1	2134	2179	27	17	44	2134
CY121501.1	2316	2349	0	1	1	2349
CY121501.1	274	332	1	0	1	274
CY121501.1	282	2077	1	0	1	282
CY121501.1	285	2180	1	0	1	285
CY121501.1	287	2182	28	18	46	287
CY121501.1	289	2129	1	0	1	289
CY121501.1	291	473	1	0	1	291
CY121501.1	291	847	1	0	1	291
CY121501.1	293	370	43	45	88	293
CY121501.1	303	2195	0	1	1	2195
CY121501.1	306	339	6	119	125	306
CY121501.1	330	2179	20	130	150	330
CY121501.1	333	2182	0	2	2	2182
CY121501.1	336	2155	8	33	41	336
CY121501.1	340	2176	1	0	1	340
CY121501.1	343	2141	2	0	2	343
CY121501.1	350	2190	0	3	3	2190
CY121501.1	353	2214	19	47	66	353
CY121501.1	356	2188	11	93	104	356
CY121501.1	360	2165	15	117	132	360
CY121501.1	361	2200	0	1	1	2200
CY121501.1	362	2142	34	222	256	362
CY121501.1	366	2173	0	2	2	2173
CY121501.1	369	2176	0	1	1	2176
CY121501.1	391	752	0	1	1	752
CY121501.1	393	2030	8	58	66	393
CY121501.1	404	2106	7	40	47	404
CY121501.1	406	2166	0	3	3	2166
CY121501.1	407	1897	14	123	137	407
CY121501.1	428	2050	0	1	1	2050
CY121501.1	444	1928	25	70	95	444
CY121501.1	449	1726	1	0	1	449
CY121501.1	457	2061	66	147	213	457
CY121501.1	465	1542	1	0	1	465
CY121501.1	467	2296	1	0	1	467
CY121501.1	472	503	2	11	13	472
CY121501.1	483	2082	0	2	2	2082
CY121501.1	514	2030	25	31	56	514
CY121501.1	516	2033	7	9	16	516
CY121501.1	546	1998	3	0	3	546
CY121501.1	556	2007	0	4	4	2007
CY121501.1	558	2017	38	24	62	558
CY121501.1	559	2006	7	23	30	559
CY121501.1	559	2042	160	174	334	559
CY121501.1	562	1993	49	51	100	562
CY121501.1	564	2053	1	3	4	564
CY121501.1	570	2052	0	1	1	2052
CY121501.1	580	1995	31	54	85	580
CY121501.1	672	1586	0	1	1	1586
CY121501.1	676	1996	0	1	1	1996
CY121501.1	706	2217	0	1	1	2217
CY121501.1	744	1704	1	0	1	744
CY121501.1	751	1725	9	12	21	751
CY121501.1	852	1726	50	37	87	852
CY121501.1	854	992	0	1	1	992
CY121501.1	867	2175	0	1	1	2175
CY121501.1	917	1669	3	5	8	917
CY121501.1	937	1045	0	1	1	1045
CY121501.1	985	2019	0	1	1	2019
CY121502.1	1059	1109	0	1	1	1109
CY121502.1	1078	1786	0	1	1	1786
CY121502.1	1117	2422	0	1	1	2422
CY121502.1	1119	1771	0	1	1	1771
CY121502.1	1144	2289	0	1	1	2289
CY121502.1	1167	1215	0	1	1	1215
CY121502.1	1171	2322	1	0	1	1171
CY121502.1	1179	1353	1	0	1	1179
CY121502.1	1218	1608	0	1	1	1608
CY121502.1	1229	2029	0	1	1	2029
CY121502.1	1239	1619	1	0	1	1239
CY121502.1	1275	1358	1	0	1	1275
CY121502.1	1384	2453	1	1	2	1384
CY121502.1	1403	1699	0	1	1	1699
CY121502.1	1686	2067	1	0	1	1686
CY121502.1	1765	2164	1	0	1	1765
CY121502.1	1907	2419	1	0	1	1907
CY121502.1	1932	2394	0	1	1	2394
CY121502.1	2026	2345	0	1	1	2345
CY121502.1	2034	2084	1	1	2	2034
CY121502.1	2227	2409	1	0	1	2227
CY121502.1	2241	2323	1	0	1	2241
CY121502.1	2326	2348	22	71	93	2326
CY121502.1	2328	2350	0	1	1	2350
CY121502.1	2330	2361	44	21	65	2330
CY121502.1	2350	2396	1	0	1	2350
CY121502.1	239	2213	1	0	1	239
CY121502.1	242	2216	2	0	2	242
CY121502.1	244	362	33	2	35	244
CY121502.1	250	2226	2	0	2	250
CY121502.1	258	1638	1	0	1	258
CY121502.1	261	294	52	9	61	261
CY121502.1	278	2431	109	0	109	278
CY121502.1	280	2433	2	0	2	280
CY121502.1	287	2473	1	1	2	287
CY121502.1	326	1627	1	0	1	326
CY121502.1	328	1639	12	3	15	328
CY121502.1	346	2429	3	0	3	346
CY121502.1	356	2328	6	10	16	356
CY121502.1	389	1118	1	0	1	389
CY121502.1	420	2193	3	2	5	420
CY121502.1	429	2195	6	6	12	429
CY121502.1	434	1499	1	0	1	434
CY121502.1	438	2099	33	3	36	438
CY121502.1	439	1853	1	0	1	439
CY121502.1	446	2108	0	1	1	2108
CY121502.1	461	2230	0	1	1	2230
CY121502.1	477	2285	10	59	69	477
CY121502.1	574	2100	43	37	80	574
CY121502.1	579	2032	0	1	1	2032
CY121502.1	589	2159	7	8	15	589
CY121502.1	598	2343	0	1	1	2343
CY121502.1	616	782	1	0	1	616
CY121502.1	636	1200	1	0	1	636
CY121502.1	644	2208	0	1	1	2208
CY121502.1	734	1935	7	7	14	734
CY121502.1	746	2478	0	1	1	2478
CY121502.1	752	1955	0	1	1	1955
CY121502.1	822	912	1	0	1	822
CY121502.1	829	1925	2	0	2	829
CY121502.1	832	1952	54	40	94	832
CY121502.1	865	1828	17	11	28	865
CY121502.1	885	1798	0	1	1	1798
CY121502.1	896	2116	0	1	1	2116
CY121502.1	899	1931	0	1	1	1931
CY121502.1	920	1299	1	0	1	920
CY121502.1	931	2100	10	14	24	931
CY121503.1	1126	2017	29	42	71	1126
CY121503.1	1141	2030	1	0	1	1141
CY121503.1	1183	2089	1	0	1	1183
CY121503.1	1184	2090	51	69	120	1184
CY121503.1	1184	2093	63	86	149	1184
CY121503.1	1225	2111	0	1	1	2111
CY121503.1	1238	2271	0	1	1	2271
CY121503.1	1264	2160	1	0	1	1264
CY121503.1	1271	1894	0	1	1	1894
CY121503.1	1335	2124	1	0	1	1335
CY121503.1	1354	1463	0	1	1	1463
CY121503.1	1394	2040	14	14	28	1394
CY121503.1	1421	1933	1	0	1	1421
CY121503.1	1454	1977	1	0	1	1454
CY121503.1	1649	2453	0	1	1	2453
CY121503.1	1699	2045	1	0	1	1699
CY121503.1	1706	2404	1	0	1	1706
CY121503.1	1849	1888	0	1	1	1888
CY121503.1	2073	2392	1	0	1	2073
CY121503.1	2191	2227	0	1	1	2227
CY121503.1	2280	2334	7	21	28	2280
CY121503.1	2366	2392	10	7	17	2366
CY121503.1	2429	2463	1	0	1	2429
CY121503.1	249	1794	1	0	1	249
CY121503.1	251	2287	1	0	1	251
CY121503.1	253	2337	1	0	1	253
CY121503.1	287	1809	7	0	7	287
CY121503.1	291	2333	1	1	2	291
CY121503.1	294	2336	17	71	88	294
CY121503.1	303	2208	0	1	1	2208
CY121503.1	303	2342	2	0	2	303
CY121503.1	305	2348	9	34	43	305
CY121503.1	307	1003	0	1	1	1003
CY121503.1	314	2220	5	18	23	314
CY121503.1	315	1824	13	91	104	315
CY121503.1	335	2383	0	1	1	2383
CY121503.1	337	1839	0	4	4	1839
CY121503.1	347	2236	0	1	1	2236
CY121503.1	370	474	0	1	1	474
CY121503.1	372	425	0	1	1	425
CY121503.1	377	1647	0	1	1	1647
CY121503.1	377	975	1	0	1	377
CY121503.1	384	440	0	1	1	440
CY121503.1	390	2295	1	0	1	390
CY121503.1	455	2022	1	0	1	455
CY121503.1	457	2174	1	0	1	457
CY121503.1	457	2241	0	1	1	2241
CY121503.1	459	2170	6	30	36	459
CY121503.1	461	2036	8	12	20	461
CY121503.1	467	2250	1	0	1	467
CY121503.1	472	2196	218	416	634	472
CY121503.1	474	2198	1	3	4	474
CY121503.1	474	2239	1	0	1	474
CY121503.1	484	2281	37	40	77	484
CY121503.1	497	961	0	1	1	961
CY121503.1	508	2218	0	1	1	2218
CY121503.1	512	2232	19	30	49	512
CY121503.1	514	2222	0	1	1	2222
CY121503.1	516	1184	1	0	1	516
CY121503.1	523	2173	22	51	73	523
CY121503.1	526	2236	0	1	1	2236
CY121503.1	531	1893	0	1	1	1893
CY121503.1	581	2009	34	43	77	581
CY121503.1	598	1616	1	0	1	598
CY121503.1	619	2100	18	17	35	619
CY121503.1	633	2299	1	0	1	633
CY121503.1	663	1043	1	0	1	663
CY121503.1	670	1826	1	0	1	670
CY121503.1	709	2021	29	42	71	709
CY121503.1	718	2130	19	26	45	718
CY121503.1	743	2037	0	1	1	2037
CY121503.1	767	1048	0	1	1	1048
CY121503.1	774	1844	1	0	1	774
CY121503.1	782	1869	16	9	25	782
CY121503.1	799	1890	0	1	1	1890
CY121503.1	808	851	0	1	1	851
CY121503.1	812	1757	1	0	1	812
CY121503.1	820	1831	0	1	1	1831
CY121503.1	836	1453	1	0	1	836
CY121503.1	843	1796	28	18	46	843
CY121503.1	850	1802	0	1	1	1802
CY121503.1	890	1124	0	1	1	1124
CY121503.1	907	2062	0	1	1	2062
CY121503.1	929	1128	0	1	1	1128
CY121503.1	977	2090	1	0	1	977
CY121503.1	979	1065	0	1	1	1065
