Segment	Start	Stop	Forward_support	Reverse_support	Total_support	Fuzz_factor
CY121496.1	1018	1199	0	1	1	1199
CY121496.1	1021	1476	1	0	1	1021
CY121496.1	1047	1075	1	0	1	1047
CY121496.1	1082	1400	0	1	1	1400
CY121496.1	1097	1819	0	1	1	1819
CY121496.1	1108	1203	0	1	1	1203
CY121496.1	1130	1747	0	1	1	1747
CY121496.1	1146	1483	0	1	1	1483
CY121496.1	1239	1723	0	1	1	1723
CY121496.1	1291	1835	1	0	1	1291
CY121496.1	1303	1709	1	0	1	1303
CY121496.1	1304	1763	1	0	1	1304
CY121496.1	1311	1581	0	1	1	1581
CY121496.1	1351	1430	0	1	1	1430
CY121496.1	1353	1433	1	0	1	1353
CY121496.1	1354	1413	1	0	1	1354
CY121496.1	1367	1392	1	3	4	1367
CY121496.1	1427	1588	0	1	1	1588
CY121496.1	1458	1817	1	0	1	1458
CY121496.1	1516	1655	1	1	2	1516
CY121496.1	1530	1898	0	1	1	1898
CY121496.1	1532	1883	0	1	1	1883
CY121496.1	1541	1741	1	0	1	1541
CY121496.1	1568	1637	1	0	1	1568
CY121496.1	1569	1691	1	0	1	1569
CY121496.1	1641	1666	1	0	1	1641
CY121496.1	1641	1723	0	1	1	1723
CY121496.1	1656	1682	1	0	1	1656
CY121496.1	1674	1740	0	1	1	1740
CY121496.1	257	643	1	0	1	257
CY121496.1	267	1331	1	0	1	267
CY121496.1	277	1208	1	0	1	277
CY121496.1	277	1378	1	0	1	277
CY121496.1	284	1414	1	1	2	284
CY121496.1	284	337	1	0	1	284
CY121496.1	290	1447	1	0	1	290
CY121496.1	321	1469	1	0	1	321
CY121496.1	348	1731	0	1	1	1731
CY121496.1	355	1436	1	0	1	355
CY121496.1	362	1272	0	1	1	1272
CY121496.1	364	1755	1	4	5	364
CY121496.1	367	1036	0	1	1	1036
CY121496.1	367	1606	0	2	2	1606
CY121496.1	383	1202	0	1	1	1202
CY121496.1	387	718	0	1	1	718
CY121496.1	389	1665	1	3	4	389
CY121496.1	391	1587	0	1	1	1587
CY121496.1	395	1110	0	1	1	1110
CY121496.1	395	1528	1	0	1	395
CY121496.1	395	1640	1	1	2	395
CY121496.1	397	1553	0	3	3	1553
CY121496.1	402	1584	0	1	1	1584
CY121496.1	410	890	1	0	1	410
CY121496.1	418	1723	0	1	1	1723
CY121496.1	427	1510	0	1	1	1510
CY121496.1	434	536	1	0	1	434
CY121496.1	443	653	0	1	1	653
CY121496.1	464	847	0	1	1	847
CY121496.1	471	1523	1	0	1	471
CY121496.1	472	1717	1	0	1	472
CY121496.1	474	523	0	1	1	523
CY121496.1	486	975	2	1	3	486
CY121496.1	487	976	1	0	1	487
CY121496.1	489	1408	0	1	1	1408
CY121496.1	489	955	0	1	1	955
CY121496.1	491	1592	0	1	1	1592
CY121496.1	491	996	0	1	1	996
CY121496.1	494	1311	0	1	1	1311
CY121496.1	496	899	0	1	1	899
CY121496.1	499	1822	1	0	1	499
CY121496.1	501	1243	1	0	1	501
CY121496.1	507	1889	0	1	1	1889
CY121496.1	513	1714	0	1	1	1714
CY121496.1	523	1605	1	0	1	523
CY121496.1	524	1724	1	0	1	524
CY121496.1	524	548	0	1	1	548
CY121496.1	547	1635	0	1	1	1635
CY121496.1	559	1393	0	1	1	1393
CY121496.1	560	999	1	0	1	560
CY121496.1	562	1638	5	0	5	562
CY121496.1	565	1201	1	1	2	565
CY121496.1	570	1500	2	0	2	570
CY121496.1	580	1032	1	0	1	580
CY121496.1	629	731	0	1	1	731
CY121496.1	630	1722	0	1	1	1722
CY121496.1	639	1313	1	0	1	639
CY121496.1	640	1772	1	0	1	640
CY121496.1	646	1731	1	0	1	646
CY121496.1	652	1030	0	1	1	1030
CY121496.1	655	977	1	0	1	655
CY121496.1	659	1171	1	0	1	659
CY121496.1	663	1636	0	1	1	1636
CY121496.1	695	1280	1	0	1	695
CY121496.1	701	1557	0	1	1	1557
CY121496.1	701	764	0	1	1	764
CY121496.1	720	821	1	0	1	720
CY121496.1	744	1128	0	1	1	1128
CY121496.1	763	1183	1	0	1	763
CY121496.1	782	1703	0	1	1	1703
CY121496.1	815	1571	0	1	1	1571
CY121496.1	816	1077	0	1	1	1077
CY121496.1	816	1081	1	0	1	816
CY121496.1	816	956	0	1	1	956
CY121496.1	862	1286	1	0	1	862
CY121496.1	866	1389	0	1	1	1389
CY121496.1	868	968	0	1	1	968
CY121496.1	872	1316	0	1	1	1316
CY121496.1	899	1757	0	1	1	1757
CY121496.1	901	1631	1	0	1	901
CY121496.1	917	1678	1	0	1	917
CY121497.1	1016	1117	0	1	1	1117
CY121497.1	244	729	1	0	1	244
CY121497.1	257	551	8	1	9	257
CY121497.1	260	554	1	0	1	260
CY121497.1	261	491	1	0	1	261
CY121497.1	270	843	1	0	1	270
CY121497.1	271	404	1	0	1	271
CY121497.1	272	554	5	0	5	272
CY121497.1	273	940	1	0	1	273
CY121497.1	278	851	6	0	6	278
CY121497.1	337	657	0	1	1	657
CY121497.1	341	854	0	1	1	854
CY121497.1	343	731	0	1	1	731
CY121497.1	350	576	1	10	11	350
CY121497.1	355	530	0	1	1	530
CY121497.1	360	803	1	5	6	360
CY121497.1	364	1069	0	1	1	1069
CY121497.1	364	628	0	1	1	628
CY121497.1	369	427	1	0	1	369
CY121497.1	381	572	0	1	1	572
CY121497.1	398	672	0	1	1	672
CY121497.1	406	556	1	0	1	406
CY121497.1	410	984	0	1	1	984
CY121497.1	412	711	0	1	1	711
CY121497.1	415	551	0	1	1	551
CY121497.1	425	828	1	0	1	425
CY121497.1	428	670	1	3	4	428
CY121497.1	436	542	0	1	1	542
CY121497.1	437	816	1	7	8	437
CY121497.1	442	528	1	2	3	442
CY121497.1	447	552	0	1	1	552
CY121497.1	448	683	0	2	2	683
CY121497.1	448	818	0	1	1	818
CY121497.1	448	965	1	0	1	448
CY121497.1	464	491	1	0	1	464
CY121497.1	481	631	2	1	3	481
CY121497.1	484	591	0	1	1	591
CY121497.1	489	837	1	2	3	489
CY121497.1	491	620	0	1	1	620
CY121497.1	492	615	1	0	1	492
CY121497.1	504	793	2	1	3	504
CY121497.1	535	689	0	1	1	689
CY121497.1	538	916	1	0	1	538
CY121497.1	549	742	1	0	1	549
CY121497.1	556	578	1	0	1	556
CY121497.1	557	632	4	1	5	557
CY121497.1	560	852	1	0	1	560
CY121497.1	567	882	0	1	1	882
CY121497.1	588	805	2	3	5	588
CY121497.1	590	722	2	0	2	590
CY121497.1	592	865	4	1	5	592
CY121497.1	596	1026	2	1	3	596
CY121497.1	600	853	1	0	1	600
CY121497.1	604	998	1	0	1	604
CY121497.1	610	714	1	0	1	610
CY121497.1	624	952	1	0	1	624
CY121497.1	625	713	1	0	1	625
CY121497.1	632	960	0	1	1	960
CY121497.1	633	669	1	0	1	633
CY121497.1	635	804	1	0	1	635
CY121497.1	647	817	0	1	1	817
CY121497.1	657	1161	0	1	1	1161
CY121497.1	679	1141	0	1	1	1141
CY121497.1	682	818	3	5	8	682
CY121497.1	682	866	1	2	3	682
CY121497.1	688	842	5	8	13	688
CY121497.1	706	910	0	1	1	910
CY121497.1	713	1032	0	1	1	1032
CY121497.1	714	869	0	1	1	869
CY121497.1	715	822	0	1	1	822
CY121497.1	721	863	1	3	4	721
CY121497.1	723	986	0	1	1	986
CY121497.1	724	883	0	1	1	883
CY121497.1	731	1013	1	0	1	731
CY121497.1	752	875	0	2	2	875
CY121497.1	769	821	0	1	1	821
CY121497.1	793	836	1	0	1	793
CY121497.1	795	865	2	1	3	795
CY121497.1	800	1069	0	1	1	1069
CY121497.1	807	1017	1	1	2	807
CY121497.1	813	1156	0	1	1	1156
CY121497.1	815	992	0	1	1	992
CY121497.1	820	869	0	1	1	869
CY121497.1	824	876	0	1	1	876
CY121497.1	837	917	1	0	1	837
CY121497.1	855	907	0	1	1	907
CY121497.1	872	943	1	0	1	872
CY121497.1	884	1015	2	2	4	884
CY121497.1	898	1099	0	1	1	1099
CY121497.1	922	1019	0	1	1	1019
CY121497.1	922	1108	0	1	1	1108
CY121497.1	959	1132	1	0	1	959
CY121497.1	988	1041	1	0	1	988
CY121498.1	1308	1362	0	2	2	1362
CY121498.1	1340	1367	1	2	3	1340
CY121498.1	247	1521	3	0	3	247
CY121498.1	279	413	1	0	1	279
CY121498.1	289	1300	1	0	1	289
CY121498.1	314	570	0	1	1	570
CY121498.1	329	1425	0	1	1	1425
CY121498.1	351	1109	0	1	1	1109
CY121498.1	375	871	0	1	1	871
CY121498.1	409	825	0	1	1	825
CY121498.1	419	917	4	5	9	419
CY121498.1	448	1425	1	0	1	448
CY121498.1	527	1378	0	1	1	1378
CY121498.1	546	1135	0	1	1	1135
CY121498.1	550	1256	2	0	2	550
CY121498.1	555	1139	0	1	1	1139
CY121498.1	555	999	1	0	1	555
CY121498.1	584	1170	0	1	1	1170
CY121498.1	585	1088	2	0	2	585
CY121498.1	624	911	1	0	1	624
CY121498.1	673	893	0	1	1	893
CY121498.1	690	795	1	0	1	690
CY121498.1	721	1101	0	1	1	1101
CY121498.1	722	996	1	0	1	722
CY121498.1	803	1521	1	0	1	803
CY121498.1	803	825	0	1	1	825
CY121498.1	806	902	0	1	1	902
CY121498.1	838	1466	1	0	1	838
CY121498.1	906	1116	0	1	1	1116
CY121498.1	918	1223	1	0	1	918
CY121499.1	1001	1638	1	0	1	1001
CY121499.1	1020	1527	1	0	1	1020
CY121499.1	1055	1256	0	1	1	1256
CY121499.1	1080	1171	0	1	1	1171
CY121499.1	1091	1406	0	1	1	1406
CY121499.1	1161	1515	1	0	1	1161
CY121499.1	1219	1387	0	1	1	1387
CY121499.1	1220	1584	0	1	1	1584
CY121499.1	1262	1601	0	1	1	1601
CY121499.1	1281	1389	0	1	1	1389
CY121499.1	1297	1605	0	1	1	1605
CY121499.1	1370	1600	1	0	1	1370
CY121499.1	1443	1547	0	3	3	1547
CY121499.1	1444	1568	0	2	2	1568
CY121499.1	1464	1626	1	0	1	1464
CY121499.1	1469	1597	2	0	2	1469
CY121499.1	1550	1684	0	1	1	1684
CY121499.1	1564	1688	0	1	1	1688
CY121499.1	1579	1620	1	0	1	1579
CY121499.1	246	1524	1	0	1	246
CY121499.1	247	1445	1	0	1	247
CY121499.1	248	605	2	0	2	248
CY121499.1	277	1354	1	0	1	277
CY121499.1	282	1251	1	0	1	282
CY121499.1	283	1358	1	0	1	283
CY121499.1	291	1172	1	0	1	291
CY121499.1	306	1045	0	1	1	1045
CY121499.1	315	1389	1	1	2	315
CY121499.1	326	1159	1	0	1	326
CY121499.1	342	521	0	1	1	521
CY121499.1	348	1590	0	1	1	1590
CY121499.1	362	1673	1	1	2	362
CY121499.1	367	1053	0	1	1	1053
CY121499.1	374	778	1	0	1	374
CY121499.1	381	1513	0	1	1	1513
CY121499.1	442	959	0	1	1	959
CY121499.1	446	1470	0	1	1	1470
CY121499.1	468	1405	1	0	1	468
CY121499.1	476	1541	1	0	1	476
CY121499.1	479	1451	0	1	1	1451
CY121499.1	486	1553	1	0	1	486
CY121499.1	491	1133	0	1	1	1133
CY121499.1	522	1265	0	1	1	1265
CY121499.1	523	843	3	0	3	523
CY121499.1	530	1407	1	0	1	530
CY121499.1	536	1171	1	0	1	536
CY121499.1	537	1691	0	1	1	1691
CY121499.1	549	805	1	0	1	549
CY121499.1	571	1499	1	0	1	571
CY121499.1	595	714	1	0	1	595
CY121499.1	595	987	0	1	1	987
CY121499.1	599	1207	1	0	1	599
CY121499.1	611	751	1	0	1	611
CY121499.1	627	1236	1	0	1	627
CY121499.1	641	756	0	1	1	756
CY121499.1	647	694	1	0	1	647
CY121499.1	668	1124	0	1	1	1124
CY121499.1	691	1022	0	1	1	1022
CY121499.1	694	1269	1	0	1	694
CY121499.1	734	1082	1	1	2	734
CY121499.1	738	1531	1	0	1	738
CY121499.1	741	926	1	0	1	741
CY121499.1	761	1330	0	1	1	1330
CY121499.1	769	1028	0	1	1	1028
CY121499.1	772	1559	1	0	1	772
CY121499.1	778	1474	1	0	1	778
CY121499.1	793	1053	0	1	1	1053
CY121499.1	810	1453	0	1	1	1453
CY121499.1	846	1701	0	1	1	1701
CY121499.1	854	1585	0	1	1	1585
CY121499.1	909	1496	0	1	1	1496
CY121499.1	938	1561	1	0	1	938
CY121499.1	949	1308	0	1	1	1308
CY121499.1	964	1050	1	0	1	964
CY121499.1	972	1324	1	0	1	972
CY121499.1	993	1324	1	0	1	993
CY121499.1	996	1106	1	0	1	996
CY121499.1	996	1376	0	1	1	1376
CY121500.1	273	932	1	0	1	273
CY121500.1	285	937	5	0	5	285
CY121500.1	287	868	4	1	5	287
CY121500.1	348	581	0	1	1	581
CY121500.1	479	732	0	1	1	732
CY121500.1	514	743	6	7	13	514
CY121500.1	540	755	1	0	1	540
CY121500.1	561	1004	0	1	1	1004
CY121500.1	738	1004	0	1	1	1004
CY121501.1	1043	1574	1	0	1	1043
CY121501.1	1062	1217	0	1	1	1217
CY121501.1	1094	1817	1	0	1	1094
CY121501.1	1095	1250	1	0	1	1095
CY121501.1	1151	2001	0	1	1	2001
CY121501.1	1260	1649	0	2	2	1649
CY121501.1	1274	2094	0	1	1	2094
CY121501.1	1347	1544	1	0	1	1347
CY121501.1	1411	2277	0	1	1	2277
CY121501.1	1451	2212	0	1	1	2212
CY121501.1	1512	1976	0	1	1	1976
CY121501.1	1525	2301	0	1	1	2301
CY121501.1	1546	2009	0	1	1	2009
CY121501.1	1578	1677	1	0	1	1578
CY121501.1	1657	1981	0	1	1	1981
CY121501.1	1675	1734	1	0	1	1675
CY121501.1	1733	2192	1	0	1	1733
CY121501.1	1914	2214	0	1	1	2214
CY121501.1	1980	2224	1	0	1	1980
CY121501.1	2061	2145	0	1	1	2145
CY121501.1	2133	2173	2	1	3	2133
CY121501.1	2135	2166	2	2	4	2135
CY121501.1	275	2261	3	0	3	275
CY121501.1	279	1715	1	0	1	279
CY121501.1	279	302	2	0	2	279
CY121501.1	286	337	9	0	9	286
CY121501.1	290	2040	1	0	1	290
CY121501.1	292	352	1	2	3	292
CY121501.1	306	364	0	2	2	364
CY121501.1	308	964	1	0	1	308
CY121501.1	312	2181	0	2	2	2181
CY121501.1	335	2043	8	23	31	335
CY121501.1	335	2059	0	1	1	2059
CY121501.1	335	2217	0	1	1	2217
CY121501.1	336	2040	0	5	5	2040
CY121501.1	336	2150	0	1	1	2150
CY121501.1	336	2155	0	4	4	2155
CY121501.1	336	2179	0	3	3	2179
CY121501.1	338	2285	0	2	2	2285
CY121501.1	350	2190	0	1	1	2190
CY121501.1	361	2150	0	2	2	2150
CY121501.1	387	2149	2	0	2	387
CY121501.1	388	2146	0	1	1	2146
CY121501.1	388	2174	0	2	2	2174
CY121501.1	388	507	5	4	9	388
CY121501.1	394	870	0	1	1	870
CY121501.1	405	1873	0	1	1	1873
CY121501.1	405	515	0	2	2	515
CY121501.1	411	1777	0	1	1	1777
CY121501.1	417	2149	0	3	3	2149
CY121501.1	428	2050	0	1	1	2050
CY121501.1	429	2142	2	5	7	429
CY121501.1	429	2175	0	1	1	2175
CY121501.1	444	1734	0	1	1	1734
CY121501.1	450	1126	1	0	1	450
CY121501.1	456	2182	0	5	5	2182
CY121501.1	463	2137	1	4	5	463
CY121501.1	465	1094	1	0	1	465
CY121501.1	465	523	0	1	1	523
CY121501.1	472	2084	1	2	3	472
CY121501.1	477	1622	1	0	1	477
CY121501.1	485	1467	0	1	1	1467
CY121501.1	497	2038	1	1	2	497
CY121501.1	502	2040	0	2	2	2040
CY121501.1	506	2044	1	4	5	506
CY121501.1	514	2009	2	0	2	514
CY121501.1	517	1912	0	1	1	1912
CY121501.1	523	2029	2	1	3	523
CY121501.1	540	2066	2	0	2	540
CY121501.1	540	2067	1	0	1	540
CY121501.1	548	2243	11	1	12	548
CY121501.1	552	2012	2	0	2	552
CY121501.1	556	1952	2	1	3	556
CY121501.1	558	616	4	9	13	558
CY121501.1	560	593	2	0	2	560
CY121501.1	565	1973	1	0	1	565
CY121501.1	576	1735	1	1	2	576
CY121501.1	582	1968	0	1	1	1968
CY121501.1	598	2004	2	0	2	598
CY121501.1	600	2037	0	1	1	2037
CY121501.1	601	1551	0	1	1	1551
CY121501.1	609	1858	1	0	1	609
CY121501.1	609	2034	0	2	2	2034
CY121501.1	614	1936	1	0	1	614
CY121501.1	618	1890	1	1	2	618
CY121501.1	618	1929	2	0	2	618
CY121501.1	637	1931	1	1	2	637
CY121501.1	638	1745	4	0	4	638
CY121501.1	646	1856	0	1	1	1856
CY121501.1	646	2003	1	0	1	646
CY121501.1	649	2006	4	7	11	649
CY121501.1	650	2123	1	0	1	650
CY121501.1	651	718	1	1	2	651
CY121501.1	682	1258	0	1	1	1258
CY121501.1	691	773	1	0	1	691
CY121501.1	694	2185	2	1	3	694
CY121501.1	701	1652	3	0	3	701
CY121501.1	701	1997	0	2	2	1997
CY121501.1	709	1990	1	0	1	709
CY121501.1	712	1818	1	1	2	712
CY121501.1	712	1916	1	1	2	712
CY121501.1	717	2002	0	1	1	2002
CY121501.1	718	813	0	1	1	813
CY121501.1	722	1727	1	0	1	722
CY121501.1	730	1104	1	0	1	730
CY121501.1	747	2179	1	0	1	747
CY121501.1	782	1466	1	0	1	782
CY121501.1	816	1712	0	1	1	1712
CY121501.1	851	940	1	2	3	851
CY121501.1	859	1652	0	1	1	1652
CY121501.1	908	1643	1	0	1	908
CY121501.1	928	1081	1	0	1	928
CY121501.1	949	1654	1	0	1	949
CY121501.1	970	1595	1	0	1	970
CY121501.1	980	1286	0	1	1	1286
CY121502.1	1048	1600	1	1	2	1048
CY121502.1	1088	1514	1	0	1	1088
CY121502.1	1135	1729	1	0	1	1135
CY121502.1	1135	2335	1	0	1	1135
CY121502.1	1203	1296	0	1	1	1296
CY121502.1	1221	1611	1	0	1	1221
CY121502.1	1290	1510	1	0	1	1290
CY121502.1	1298	1517	1	0	1	1298
CY121502.1	1317	1647	0	1	1	1647
CY121502.1	1354	2111	0	1	1	2111
CY121502.1	1481	2115	1	0	1	1481
CY121502.1	1546	2241	1	0	1	1546
CY121502.1	1681	2124	0	1	1	2124
CY121502.1	1796	2442	1	0	1	1796
CY121502.1	1873	2389	1	0	1	1873
CY121502.1	1909	2337	0	1	1	2337
CY121502.1	2054	2149	1	1	2	2054
CY121502.1	2069	2119	1	0	1	2069
CY121502.1	2196	2247	1	0	1	2196
CY121502.1	2265	2426	1	0	1	2265
CY121502.1	2283	2364	1	0	1	2283
CY121502.1	2325	2371	3	0	3	2325
CY121502.1	2325	2454	0	3	3	2454
CY121502.1	2335	2395	5	0	5	2335
CY121502.1	2339	2361	2	0	2	2339
CY121502.1	2340	2454	0	1	1	2454
CY121502.1	2363	2455	0	1	1	2455
CY121502.1	2388	2459	0	1	1	2459
CY121502.1	2434	2457	0	2	2	2457
CY121502.1	245	720	1	0	1	245
CY121502.1	276	1790	3	1	4	276
CY121502.1	277	2127	2	0	2	277
CY121502.1	291	2326	1	0	1	291
CY121502.1	331	2408	1	0	1	331
CY121502.1	356	1853	2	0	2	356
CY121502.1	358	1512	1	0	1	358
CY121502.1	363	2215	1	0	1	363
CY121502.1	369	1075	1	0	1	369
CY121502.1	385	2247	0	1	1	2247
CY121502.1	388	1801	0	1	1	1801
CY121502.1	388	2360	10	2	12	388
CY121502.1	388	466	1	0	1	388
CY121502.1	398	2345	1	0	1	398
CY121502.1	419	2200	3	1	4	419
CY121502.1	420	2360	3	0	3	420
CY121502.1	440	2307	2	0	2	440
CY121502.1	441	468	1	0	1	441
CY121502.1	444	2125	1	0	1	444
CY121502.1	452	1952	1	0	1	452
CY121502.1	465	2099	7	1	8	465
CY121502.1	477	1528	1	0	1	477
CY121502.1	496	2155	7	6	13	496
CY121502.1	518	2126	1	0	1	518
CY121502.1	520	2237	1	0	1	520
CY121502.1	524	2198	4	1	5	524
CY121502.1	540	2198	2	0	2	540
CY121502.1	541	2098	0	1	1	2098
CY121502.1	554	2098	2	1	3	554
CY121502.1	570	2371	1	1	2	570
CY121502.1	587	2116	10	15	25	587
CY121502.1	589	2100	1	0	1	589
CY121502.1	596	819	0	1	1	819
CY121502.1	604	1587	1	0	1	604
CY121502.1	607	2297	0	1	1	2297
CY121502.1	663	2001	1	0	1	663
CY121502.1	666	2131	0	1	1	2131
CY121502.1	668	2297	1	0	1	668
CY121502.1	680	2384	3	3	6	680
CY121502.1	684	1762	1	0	1	684
CY121502.1	685	2286	0	1	1	2286
CY121502.1	697	2074	1	2	3	697
CY121502.1	703	1784	4	0	4	703
CY121502.1	708	1951	2	2	4	708
CY121502.1	739	1773	1	0	1	739
CY121502.1	744	1370	0	1	1	1370
CY121502.1	748	1990	1	0	1	748
CY121502.1	755	2436	0	1	1	2436
CY121502.1	757	1281	1	0	1	757
CY121502.1	761	2008	0	1	1	2008
CY121502.1	774	1922	1	0	1	774
CY121502.1	775	2216	0	1	1	2216
CY121502.1	798	1463	1	0	1	798
CY121502.1	842	1598	1	0	1	842
CY121502.1	842	1772	1	0	1	842
CY121502.1	846	1513	1	0	1	846
CY121502.1	903	1653	0	1	1	1653
CY121502.1	905	1918	0	1	1	1918
CY121502.1	909	2013	0	1	1	2013
CY121502.1	939	1061	0	1	1	1061
CY121502.1	940	1295	0	1	1	1295
CY121502.1	970	2298	0	1	1	2298
CY121502.1	972	1517	0	1	1	1517
CY121502.1	975	1222	2	1	3	975
CY121502.1	993	2150	0	1	1	2150
CY121503.1	1001	1619	1	0	1	1001
CY121503.1	1048	1810	0	1	1	1810
CY121503.1	1059	2354	0	1	1	2354
CY121503.1	1070	2233	1	0	1	1070
CY121503.1	1115	1484	1	0	1	1115
CY121503.1	1119	2010	1	0	1	1119
CY121503.1	1124	1493	0	2	2	1493
CY121503.1	1160	1765	0	1	1	1765
CY121503.1	1168	1934	1	0	1	1168
CY121503.1	1169	1916	1	0	1	1169
CY121503.1	1170	2006	1	0	1	1170
CY121503.1	1172	2151	1	3	4	1172
CY121503.1	1174	2220	1	1	2	1174
CY121503.1	1177	2036	1	2	3	1177
CY121503.1	1179	2164	2	4	6	1179
CY121503.1	1180	1926	1	0	1	1180
CY121503.1	1182	1677	1	1	2	1182
CY121503.1	1184	2090	12	22	34	1184
CY121503.1	1184	2093	58	80	138	1184
CY121503.1	1187	1378	0	1	1	1378
CY121503.1	1189	1887	0	1	1	1887
CY121503.1	1197	2078	0	1	1	2078
CY121503.1	1200	1893	1	0	1	1200
CY121503.1	1211	1640	1	0	1	1211
CY121503.1	1225	2111	0	1	1	2111
CY121503.1	1231	2153	1	0	1	1231
CY121503.1	1235	1888	1	0	1	1235
CY121503.1	1236	2334	1	0	1	1236
CY121503.1	1237	2122	0	1	1	2122
CY121503.1	1286	2073	1	0	1	1286
CY121503.1	1325	2150	2	6	8	1325
CY121503.1	1329	2387	0	1	1	2387
CY121503.1	1334	2108	0	1	1	2108
CY121503.1	1335	1714	1	0	1	1335
CY121503.1	1342	1699	0	1	1	1699
CY121503.1	1371	1959	1	0	1	1371
CY121503.1	1383	2146	0	1	1	2146
CY121503.1	1392	2036	0	1	1	2036
CY121503.1	1394	2040	51	64	115	1394
CY121503.1	1405	1999	1	0	1	1405
CY121503.1	1415	2108	0	1	1	2108
CY121503.1	1469	2388	1	0	1	1469
CY121503.1	1497	2109	0	1	1	2109
CY121503.1	1511	1943	0	1	1	1943
CY121503.1	1547	2448	0	1	1	2448
CY121503.1	1554	1600	1	0	1	1554
CY121503.1	1560	2087	1	0	1	1560
CY121503.1	1571	1896	1	0	1	1571
CY121503.1	1585	1720	0	1	1	1720
CY121503.1	1648	2142	1	0	1	1648
CY121503.1	1661	2037	1	0	1	1661
CY121503.1	1667	2271	0	1	1	2271
CY121503.1	1675	2007	1	0	1	1675
CY121503.1	1683	1830	1	1	2	1683
CY121503.1	1696	1941	0	1	1	1941
CY121503.1	1700	2038	2	2	4	1700
CY121503.1	1701	2037	2	1	3	1701
CY121503.1	1703	2148	2	4	6	1703
CY121503.1	1737	2137	0	1	1	2137
CY121503.1	1772	2147	0	2	2	2147
CY121503.1	1796	2065	0	1	1	2065
CY121503.1	1802	2039	0	2	2	2039
CY121503.1	1913	1968	3	1	4	1913
CY121503.1	2001	2472	0	1	1	2472
CY121503.1	2035	2162	0	1	1	2162
CY121503.1	2357	2417	0	1	1	2417
CY121503.1	263	1039	1	0	1	263
CY121503.1	279	1705	1	0	1	279
CY121503.1	325	2206	1	0	1	325
CY121503.1	328	425	0	1	1	425
CY121503.1	329	1295	0	1	1	1295
CY121503.1	331	1422	1	0	1	331
CY121503.1	333	1229	0	1	1	1229
CY121503.1	346	2387	1	1	2	346
CY121503.1	347	1331	0	1	1	1331
CY121503.1	374	2254	4	10	14	374
CY121503.1	374	2342	2	2	4	374
CY121503.1	381	2210	2	15	17	381
CY121503.1	385	2214	0	2	2	2214
CY121503.1	389	2341	18	32	50	389
CY121503.1	390	583	0	1	1	583
CY121503.1	409	2380	0	1	1	2380
CY121503.1	425	1371	0	1	1	1371
CY121503.1	439	468	0	2	2	468
CY121503.1	458	1655	0	1	1	1655
CY121503.1	490	2142	1	0	1	490
CY121503.1	548	1732	0	1	1	1732
CY121503.1	575	2078	0	1	1	2078
CY121503.1	575	2116	1	0	1	575
CY121503.1	640	671	1	0	1	640
CY121503.1	670	1971	1	0	1	670
CY121503.1	671	1929	3	0	3	671
CY121503.1	691	1977	25	29	54	691
CY121503.1	699	1984	0	2	2	1984
CY121503.1	699	2024	1	0	1	699
CY121503.1	706	1527	1	0	1	706
CY121503.1	708	1644	1	0	1	708
CY121503.1	709	2021	1	1	2	709
CY121503.1	720	1555	1	0	1	720
CY121503.1	737	2332	1	0	1	737
CY121503.1	743	1575	0	1	1	1575
CY121503.1	751	1873	1	1	2	751
CY121503.1	759	1628	1	0	1	759
CY121503.1	766	1491	0	1	1	1491
CY121503.1	799	1250	2	0	2	799
CY121503.1	800	1291	1	0	1	800
CY121503.1	833	1879	4	2	6	833
CY121503.1	840	1922	2	1	3	840
CY121503.1	874	1846	0	1	1	1846
CY121503.1	904	1510	0	1	1	1510
CY121503.1	966	2405	1	1	2	966
CY121503.1	988	2031	1	0	1	988
