Segment	Start	Stop	Forward_support	Reverse_support	Total_support	Fuzz_factor
CY121496.1	1020	1786	0	1	1	1786
CY121496.1	1040	1345	1	0	1	1040
CY121496.1	1065	1435	1	2	3	1065
CY121496.1	1074	1096	0	1	1	1096
CY121496.1	1121	1645	1	0	1	1121
CY121496.1	1146	1447	1	0	1	1146
CY121496.1	1147	1697	8	2	10	1147
CY121496.1	1183	1411	0	1	1	1411
CY121496.1	1272	1415	1	0	1	1272
CY121496.1	1355	1711	1	0	1	1355
CY121496.1	1373	1533	3	12	15	1373
CY121496.1	1461	1665	0	1	1	1665
CY121496.1	1604	1722	0	1	1	1722
CY121496.1	1618	1818	0	1	1	1818
CY121496.1	1634	1867	0	1	1	1867
CY121496.1	277	1678	1	0	1	277
CY121496.1	279	1133	1	0	1	279
CY121496.1	283	1057	1	0	1	283
CY121496.1	286	1024	1	0	1	286
CY121496.1	306	517	0	1	1	517
CY121496.1	321	806	1	0	1	321
CY121496.1	322	1663	0	1	1	1663
CY121496.1	324	567	1	0	1	324
CY121496.1	347	1682	9	20	29	347
CY121496.1	347	1733	1	0	1	347
CY121496.1	350	1471	1	0	1	350
CY121496.1	360	1322	0	1	1	1322
CY121496.1	361	1170	0	1	1	1170
CY121496.1	374	774	5	21	26	374
CY121496.1	375	776	0	1	1	776
CY121496.1	402	1286	0	1	1	1286
CY121496.1	411	1472	1	0	1	411
CY121496.1	412	1190	0	1	1	1190
CY121496.1	414	961	0	1	1	961
CY121496.1	443	1318	1	0	1	443
CY121496.1	465	517	1	0	1	465
CY121496.1	478	1726	0	1	1	1726
CY121496.1	485	865	0	1	1	865
CY121496.1	490	1665	1	0	1	490
CY121496.1	491	996	2	3	5	491
CY121496.1	500	1188	1	0	1	500
CY121496.1	530	1500	2	0	2	530
CY121496.1	580	1191	1	0	1	580
CY121496.1	615	1267	18	8	26	615
CY121496.1	618	1465	0	1	1	1465
CY121496.1	684	1066	1	0	1	684
CY121496.1	878	1648	1	0	1	878
CY121496.1	981	1660	0	1	1	1660
CY121496.1	987	1240	1	0	1	987
CY121497.1	238	1044	1	0	1	238
CY121497.1	259	897	1	0	1	259
CY121497.1	288	967	1	0	1	288
CY121497.1	331	723	1	0	1	331
CY121497.1	335	480	1	0	1	335
CY121497.1	350	576	4	12	16	350
CY121497.1	353	584	1	0	1	353
CY121497.1	386	558	1	0	1	386
CY121497.1	393	1136	0	1	1	1136
CY121497.1	396	938	1	0	1	396
CY121497.1	399	734	0	1	1	734
CY121497.1	429	661	0	1	1	661
CY121497.1	443	465	0	1	1	465
CY121497.1	448	866	0	4	4	866
CY121497.1	450	824	4	16	20	450
CY121497.1	453	712	1	5	6	453
CY121497.1	470	554	1	0	1	470
CY121497.1	472	727	0	1	1	727
CY121497.1	475	608	0	1	1	608
CY121497.1	481	590	0	1	1	590
CY121497.1	481	791	1	0	1	481
CY121497.1	482	914	1	0	1	482
CY121497.1	482	959	1	0	1	482
CY121497.1	497	630	1	0	1	497
CY121497.1	513	552	1	0	1	513
CY121497.1	555	939	1	0	1	555
CY121497.1	592	865	5	5	10	592
CY121497.1	608	952	1	0	1	608
CY121497.1	613	968	1	0	1	613
CY121497.1	632	836	0	1	1	836
CY121497.1	649	918	0	1	1	918
CY121497.1	688	842	6	3	9	688
CY121497.1	721	863	1	1	2	721
CY121497.1	735	829	1	0	1	735
CY121497.1	793	915	1	0	1	793
CY121497.1	804	935	1	0	1	804
CY121497.1	880	989	1	0	1	880
CY121497.1	894	1136	1	1	2	894
CY121497.1	941	1113	1	0	1	941
CY121497.1	950	1137	0	1	1	1137
CY121498.1	1018	1372	0	1	1	1372
CY121498.1	1086	1170	5	2	7	1086
CY121498.1	244	1092	1	0	1	244
CY121498.1	307	1443	3	6	9	307
CY121498.1	377	1490	0	1	1	1490
CY121498.1	388	469	0	1	1	469
CY121498.1	400	623	1	0	1	400
CY121498.1	430	1381	0	1	1	1381
CY121498.1	457	834	0	1	1	834
CY121498.1	480	1145	1	0	1	480
CY121498.1	494	1169	3	5	8	494
CY121498.1	497	1349	0	1	1	1349
CY121498.1	521	696	0	1	1	696
CY121498.1	523	1379	1	0	1	523
CY121498.1	547	1397	2	1	3	547
CY121498.1	560	877	0	1	1	877
CY121498.1	584	1170	8	0	8	584
CY121498.1	596	1004	1	0	1	596
CY121498.1	629	1351	1	0	1	629
CY121498.1	641	1489	0	1	1	1489
CY121498.1	739	1027	0	1	1	1027
CY121498.1	844	1275	3	2	5	844
CY121498.1	871	1489	0	1	1	1489
CY121498.1	889	1036	1	0	1	889
CY121498.1	934	1063	1	0	1	934
CY121498.1	968	1528	1	0	1	968
CY121499.1	1088	1334	1	0	1	1088
CY121499.1	1139	1230	1	0	1	1139
CY121499.1	1183	1405	0	1	1	1405
CY121499.1	1277	1444	0	1	1	1444
CY121499.1	1377	1470	0	1	1	1470
CY121499.1	1403	1464	0	1	1	1464
CY121499.1	1405	1466	4	14	18	1405
CY121499.1	1420	1444	0	1	1	1444
CY121499.1	1469	1597	3	1	4	1469
CY121499.1	1546	1627	0	1	1	1627
CY121499.1	321	1370	0	1	1	1370
CY121499.1	350	1438	1	3	4	350
CY121499.1	359	489	0	1	1	489
CY121499.1	379	488	1	0	1	379
CY121499.1	381	499	1	0	1	381
CY121499.1	405	1403	0	1	1	1403
CY121499.1	439	1551	10	1	11	439
CY121499.1	458	1369	2	0	2	458
CY121499.1	483	1297	1	0	1	483
CY121499.1	504	831	1	0	1	504
CY121499.1	509	1036	1	0	1	509
CY121499.1	510	1219	0	1	1	1219
CY121499.1	534	1149	1	0	1	534
CY121499.1	702	1194	0	1	1	1194
CY121499.1	748	1265	1	0	1	748
CY121499.1	750	928	0	1	1	928
CY121499.1	766	1507	1	0	1	766
CY121499.1	871	1567	0	1	1	1567
CY121499.1	984	1561	0	1	1	1561
CY121499.1	990	1044	1	0	1	990
CY121499.1	999	1044	17	6	23	999
CY121500.1	256	789	67	5	72	256
CY121500.1	261	924	1	0	1	261
CY121500.1	281	931	1	0	1	281
CY121500.1	422	956	0	1	1	956
CY121500.1	435	753	5	7	12	435
CY121500.1	466	656	11	15	26	466
CY121500.1	514	743	4	3	7	514
CY121500.1	522	749	0	1	1	749
CY121500.1	603	1023	0	1	1	1023
CY121500.1	641	685	0	1	1	685
CY121500.1	668	843	1	0	1	668
CY121500.1	683	861	1	0	1	683
CY121500.1	719	1008	0	1	1	1008
CY121500.1	742	864	0	1	1	864
CY121500.1	776	897	0	1	1	897
CY121500.1	781	915	0	1	1	915
CY121500.1	843	974	4	2	6	843
CY121500.1	844	959	9	2	11	844
CY121500.1	940	1027	0	1	1	1027
CY121501.1	1119	1195	1	0	1	1119
CY121501.1	1210	1745	1	0	1	1210
CY121501.1	1281	1357	3	2	5	1281
CY121501.1	1281	2114	8	5	13	1281
CY121501.1	1512	2004	0	1	1	2004
CY121501.1	1615	2254	0	1	1	2254
CY121501.1	1637	2334	6	1	7	1637
CY121501.1	1667	2348	0	4	4	2348
CY121501.1	1718	2017	1	0	1	1718
CY121501.1	1726	1837	0	1	1	1837
CY121501.1	1742	2156	1	0	1	1742
CY121501.1	1806	1977	0	1	1	1977
CY121501.1	1867	1917	1	1	2	1867
CY121501.1	1942	2268	1	3	4	1942
CY121501.1	2021	2208	1	0	1	2021
CY121501.1	2030	2151	0	1	1	2151
CY121501.1	2042	2065	5	5	10	2042
CY121501.1	2065	2176	25	9	34	2065
CY121501.1	2076	2106	7	0	7	2076
CY121501.1	2105	2149	1	1	2	2105
CY121501.1	2123	2147	1	0	1	2123
CY121501.1	2132	2174	23	15	38	2132
CY121501.1	2133	2173	24	11	35	2133
CY121501.1	2134	2176	4	1	5	2134
CY121501.1	2134	2182	7	3	10	2134
CY121501.1	2134	2184	49	76	125	2134
CY121501.1	2137	2184	21	7	28	2137
CY121501.1	2148	2187	3	3	6	2148
CY121501.1	2149	2182	38	14	52	2149
CY121501.1	2156	2187	24	8	32	2156
CY121501.1	2186	2243	71	20	91	2186
CY121501.1	2190	2265	1	0	1	2190
CY121501.1	2220	2329	1	0	1	2220
CY121501.1	237	1786	3	0	3	237
CY121501.1	267	325	1	0	1	267
CY121501.1	268	2255	1	0	1	268
CY121501.1	274	328	22	3	25	274
CY121501.1	276	2064	1	0	1	276
CY121501.1	281	306	22	5	27	281
CY121501.1	282	337	3	0	3	282
CY121501.1	284	336	17	2	19	284
CY121501.1	286	1809	3	0	3	286
CY121501.1	288	1914	22	1	23	288
CY121501.1	289	2129	1	0	1	289
CY121501.1	291	2272	1	0	1	291
CY121501.1	292	388	2	1	3	292
CY121501.1	301	2261	6	6	12	301
CY121501.1	305	2171	2	7	9	305
CY121501.1	312	2029	2	19	21	312
CY121501.1	312	2149	9	19	28	312
CY121501.1	313	349	0	2	2	349
CY121501.1	315	2032	0	1	1	2032
CY121501.1	315	2068	0	1	1	2068
CY121501.1	317	2070	4	24	28	317
CY121501.1	317	2157	3	11	14	317
CY121501.1	317	2187	4	10	14	317
CY121501.1	327	2171	3	0	3	327
CY121501.1	327	2193	24	72	96	327
CY121501.1	330	366	8	54	62	330
CY121501.1	333	2168	2	15	17	333
CY121501.1	334	2031	0	3	3	2031
CY121501.1	334	2210	1	2	3	334
CY121501.1	336	2150	7	47	54	336
CY121501.1	336	2182	5	24	29	336
CY121501.1	336	457	9	59	68	336
CY121501.1	337	2186	1	6	7	337
CY121501.1	338	2170	6	37	43	338
CY121501.1	340	2176	1	8	9	340
CY121501.1	343	2141	4	0	4	343
CY121501.1	348	2170	12	44	56	348
CY121501.1	348	2218	3	9	12	348
CY121501.1	350	2190	10	25	35	350
CY121501.1	353	2149	15	52	67	353
CY121501.1	356	2218	12	17	29	356
CY121501.1	358	2117	1	0	1	358
CY121501.1	360	2147	0	1	1	2147
CY121501.1	360	2155	2	2	4	360
CY121501.1	361	2155	9	32	41	361
CY121501.1	361	2215	24	57	81	361
CY121501.1	362	2065	14	80	94	362
CY121501.1	362	2149	97	248	345	362
CY121501.1	362	2157	184	473	657	362
CY121501.1	363	2174	2	0	2	363
CY121501.1	364	2159	0	1	1	2159
CY121501.1	365	412	5	6	11	365
CY121501.1	366	2173	11	33	44	366
CY121501.1	366	2177	5	10	15	366
CY121501.1	367	2145	27	72	99	367
CY121501.1	369	2162	0	23	23	2162
CY121501.1	369	2172	1	9	10	369
CY121501.1	370	2156	0	1	1	2156
CY121501.1	371	2073	0	1	1	2073
CY121501.1	375	2161	0	2	2	2161
CY121501.1	376	2145	12	25	37	376
CY121501.1	385	2168	14	21	35	385
CY121501.1	385	2179	0	2	2	2179
CY121501.1	386	2067	10	40	50	386
CY121501.1	387	2149	5	22	27	387
CY121501.1	391	2188	11	22	33	391
CY121501.1	392	2135	4	10	14	392
CY121501.1	392	2158	10	32	42	392
CY121501.1	392	446	12	46	58	392
CY121501.1	394	2208	16	26	42	394
CY121501.1	395	2209	1	0	1	395
CY121501.1	398	2045	11	38	49	398
CY121501.1	399	2191	0	1	1	2191
CY121501.1	406	2166	0	4	4	2166
CY121501.1	407	2093	14	37	51	407
CY121501.1	407	2134	1	3	4	407
CY121501.1	410	2132	10	33	43	410
CY121501.1	410	2173	12	40	52	410
CY121501.1	410	2192	0	7	7	2192
CY121501.1	412	2136	8	45	53	412
CY121501.1	414	2113	0	1	1	2113
CY121501.1	422	2045	1	0	1	422
CY121501.1	423	2173	136	234	370	423
CY121501.1	437	2187	1	4	5	437
CY121501.1	440	1945	2	3	5	440
CY121501.1	453	2191	0	2	2	2191
CY121501.1	456	1067	1	0	1	456
CY121501.1	457	2151	3	17	20	457
CY121501.1	459	2067	1	8	9	459
CY121501.1	465	2124	0	1	1	2124
CY121501.1	472	2150	6	6	12	472
CY121501.1	473	2174	32	29	61	473
CY121501.1	477	2052	31	42	73	477
CY121501.1	479	2184	24	13	37	479
CY121501.1	485	1630	0	1	1	1630
CY121501.1	486	1940	2	0	2	486
CY121501.1	489	1943	13	37	50	489
CY121501.1	489	2009	2	1	3	489
CY121501.1	552	2134	44	25	69	552
CY121501.1	553	2135	0	1	1	2135
CY121501.1	554	2045	1	6	7	554
CY121501.1	555	1941	1	0	1	555
CY121501.1	557	1943	729	889	1618	557
CY121501.1	557	2036	2	1	3	557
CY121501.1	557	592	16	64	80	557
CY121501.1	560	1858	8	15	23	560
CY121501.1	560	1946	0	1	1	1946
CY121501.1	576	1849	11	14	25	576
CY121501.1	583	1820	1	0	1	583
CY121501.1	584	1954	0	7	7	1954
CY121501.1	584	1955	0	1	1	1955
CY121501.1	596	1832	6	14	20	596
CY121501.1	605	1904	0	5	5	1904
CY121501.1	610	2011	10	7	17	610
CY121501.1	611	1936	9	3	12	611
CY121501.1	619	1955	10	4	14	619
CY121501.1	649	1873	0	9	9	1873
CY121501.1	649	1995	0	3	3	1995
CY121501.1	649	2066	0	3	3	2066
CY121501.1	677	1698	4	5	9	677
CY121501.1	677	1929	1	1	2	677
CY121501.1	695	1945	17	53	70	695
CY121501.1	698	790	1	0	1	698
CY121501.1	751	1873	4	2	6	751
CY121501.1	755	1846	15	5	20	755
CY121501.1	756	1870	38	2	40	756
CY121501.1	756	1933	38	4	42	756
CY121501.1	759	1876	3	0	3	759
CY121501.1	765	1877	2	0	2	765
CY121501.1	769	1063	1	0	1	769
CY121501.1	769	1954	22	3	25	769
CY121501.1	775	1897	1	0	1	775
CY121501.1	782	900	4	3	7	782
CY121501.1	837	1815	11	10	21	837
CY121501.1	841	1195	1	0	1	841
CY121501.1	854	1730	0	1	1	1730
CY121501.1	865	1792	12	11	23	865
CY121501.1	928	1081	0	1	1	1081
CY121501.1	955	2006	1	0	1	955
CY121502.1	1036	2218	1	0	1	1036
CY121502.1	1124	2245	0	1	1	2245
CY121502.1	1133	2029	0	1	1	2029
CY121502.1	1173	1984	1	0	1	1173
CY121502.1	1254	2063	0	1	1	2063
CY121502.1	1260	2460	0	1	1	2460
CY121502.1	1414	1656	4	5	9	1414
CY121502.1	1472	2210	1	0	1	1472
CY121502.1	1474	1867	1	0	1	1474
CY121502.1	1483	2261	0	1	1	2261
CY121502.1	1541	2109	0	1	1	2109
CY121502.1	1673	1779	1	0	1	1673
CY121502.1	1967	2017	1	2	3	1967
CY121502.1	1996	2018	16	13	29	1996
CY121502.1	2056	2100	13	13	26	2056
CY121502.1	2087	2300	0	1	1	2300
CY121502.1	2095	2125	17	12	29	2095
CY121502.1	2185	2210	5	5	10	2185
CY121502.1	2192	2248	9	8	17	2192
CY121502.1	2199	2401	1	1	2	2199
CY121502.1	2202	2242	12	8	20	2202
CY121502.1	2207	2241	7	6	13	2207
CY121502.1	2326	2363	3	1	4	2326
CY121502.1	2423	2458	2	7	9	2423
CY121502.1	243	318	24	0	24	243
CY121502.1	252	314	19	0	19	252
CY121502.1	253	2497	5	3	8	253
CY121502.1	261	2193	21	1	22	261
CY121502.1	267	2379	31	2	33	267
CY121502.1	270	2495	7	4	11	270
CY121502.1	282	2252	1	0	1	282
CY121502.1	283	310	27	2	29	283
CY121502.1	293	2505	0	3	3	2505
CY121502.1	312	874	1	0	1	312
CY121502.1	371	2286	1	0	1	371
CY121502.1	399	2254	3	0	3	399
CY121502.1	407	2465	0	1	1	2465
CY121502.1	433	2195	0	1	1	2195
CY121502.1	438	2292	2	8	10	438
CY121502.1	438	2327	11	9	20	438
CY121502.1	441	2253	1	0	1	441
CY121502.1	441	2330	1	0	1	441
CY121502.1	442	2253	18	75	93	442
CY121502.1	446	2447	1	0	1	446
CY121502.1	456	2457	1	23	24	456
CY121502.1	467	2099	4	13	17	467
CY121502.1	476	923	1	0	1	476
CY121502.1	497	526	1	0	1	497
CY121502.1	512	2092	1	0	1	512
CY121502.1	523	2023	6	3	9	523
CY121502.1	523	2125	1	3	4	523
CY121502.1	525	2307	12	2	14	525
CY121502.1	526	2099	5	3	8	526
CY121502.1	544	2123	1	0	1	544
CY121502.1	546	2125	7	1	8	546
CY121502.1	554	2023	1	1	2	554
CY121502.1	574	2159	1	3	4	574
CY121502.1	587	2116	18	7	25	587
CY121502.1	618	1919	1	0	1	618
CY121502.1	658	688	1	1	2	658
CY121502.1	659	1920	0	1	1	1920
CY121502.1	661	691	0	1	1	691
CY121502.1	686	1909	3	3	6	686
CY121502.1	707	869	1	2	3	707
CY121502.1	733	2108	10	8	18	733
CY121502.1	768	1801	1	0	1	768
CY121502.1	776	2256	1	0	1	776
CY121502.1	834	2323	1	0	1	834
CY121502.1	837	2024	1	0	1	837
CY121502.1	867	1306	1	0	1	867
CY121502.1	973	1080	0	1	1	1080
CY121502.1	980	1977	0	1	1	1977
CY121503.1	1139	1460	3	2	5	1139
CY121503.1	1238	1511	1	0	1	1238
CY121503.1	1313	1567	0	1	1	1567
CY121503.1	1361	1821	0	1	1	1821
CY121503.1	1380	1670	1	0	1	1380
CY121503.1	1425	1459	1	0	1	1425
CY121503.1	1610	1921	0	1	1	1921
CY121503.1	1739	2146	0	1	1	2146
CY121503.1	2007	2183	1	0	1	2007
CY121503.1	2011	2220	1	0	1	2011
CY121503.1	254	1798	1	0	1	254
CY121503.1	287	1809	1	0	1	287
CY121503.1	288	2255	5	2	7	288
CY121503.1	305	1973	0	1	1	1973
CY121503.1	305	2335	6	16	22	305
CY121503.1	307	2117	0	7	7	2117
CY121503.1	308	2338	0	1	1	2338
CY121503.1	312	2372	0	4	4	2372
CY121503.1	317	1450	0	1	1	1450
CY121503.1	317	2335	13	34	47	317
CY121503.1	334	1713	0	1	1	1713
CY121503.1	347	2236	2	0	2	347
CY121503.1	352	2241	1	0	1	352
CY121503.1	352	2289	1	0	1	352
CY121503.1	354	2294	2	0	2	354
CY121503.1	363	2310	6	13	19	363
CY121503.1	364	2300	3	10	13	364
CY121503.1	364	2302	4	24	28	364
CY121503.1	365	2311	0	1	1	2311
CY121503.1	368	2314	10	65	75	368
CY121503.1	369	2169	8	20	28	369
CY121503.1	369	2265	51	140	191	369
CY121503.1	369	2285	21	59	80	369
CY121503.1	370	2316	0	1	1	2316
CY121503.1	371	2267	0	1	1	2267
CY121503.1	378	2311	0	1	1	2311
CY121503.1	381	2314	2	35	37	381
CY121503.1	381	2318	2	6	8	381
CY121503.1	383	1132	0	1	1	1132
CY121503.1	385	2268	0	1	1	2268
CY121503.1	386	2296	3	7	10	386
CY121503.1	387	2219	2	2	4	387
CY121503.1	409	851	0	1	1	851
CY121503.1	415	2222	0	1	1	2222
CY121503.1	418	2250	0	1	1	2250
CY121503.1	420	2248	14	35	49	420
CY121503.1	421	2253	1	2	3	421
CY121503.1	443	2204	5	17	22	443
CY121503.1	462	2250	2	0	2	462
CY121503.1	483	2114	2	0	2	483
CY121503.1	487	2189	0	9	9	2189
CY121503.1	512	2145	0	3	3	2145
CY121503.1	515	1998	29	41	70	515
CY121503.1	516	2187	8	10	18	516
CY121503.1	517	2234	1	0	1	517
CY121503.1	530	2088	0	4	4	2088
CY121503.1	538	2117	0	1	1	2117
CY121503.1	553	617	0	1	1	617
CY121503.1	559	604	1	0	1	559
CY121503.1	564	1638	7	1	8	564
CY121503.1	615	2462	0	1	1	2462
CY121503.1	645	2009	4	3	7	645
CY121503.1	751	1731	4	5	9	751
CY121503.1	839	1787	3	2	5	839
