Segment	Start	Stop	Forward_support	Reverse_support	Total_support	Fuzz_factor
CY121496.1	1001	1032	1	0	1	1001
CY121496.1	1019	1749	0	1	1	1749
CY121496.1	1020	1043	0	1	1	1043
CY121496.1	1030	1139	0	1	1	1139
CY121496.1	1037	1231	1	0	1	1037
CY121496.1	1043	1505	0	1	1	1505
CY121496.1	1044	1173	0	1	1	1173
CY121496.1	1060	1137	1	0	1	1060
CY121496.1	1062	1867	0	1	1	1867
CY121496.1	1089	1382	0	1	1	1382
CY121496.1	1091	1781	1	0	1	1091
CY121496.1	1096	1193	0	1	1	1193
CY121496.1	1136	1633	1	0	1	1136
CY121496.1	1180	1291	6	3	9	1180
CY121496.1	1214	1723	1	0	1	1214
CY121496.1	1219	1249	1	0	1	1219
CY121496.1	1270	1741	1	0	1	1270
CY121496.1	1372	1409	0	1	1	1409
CY121496.1	1451	1580	1	0	1	1451
CY121496.1	1483	1694	0	1	1	1694
CY121496.1	1551	1756	0	1	1	1756
CY121496.1	1776	1895	0	1	1	1895
CY121496.1	1805	1834	0	1	1	1834
CY121496.1	237	1454	1	0	1	237
CY121496.1	240	1102	1	0	1	240
CY121496.1	253	1841	1	0	1	253
CY121496.1	271	1348	1	0	1	271
CY121496.1	277	1678	1	0	1	277
CY121496.1	279	1688	1	0	1	279
CY121496.1	283	689	1	0	1	283
CY121496.1	289	669	1	0	1	289
CY121496.1	298	673	0	1	1	673
CY121496.1	299	1068	0	1	1	1068
CY121496.1	319	475	1	0	1	319
CY121496.1	338	1612	0	1	1	1612
CY121496.1	343	1727	1	0	1	343
CY121496.1	346	1731	3	23	26	346
CY121496.1	346	819	0	1	1	819
CY121496.1	371	1378	1	0	1	371
CY121496.1	372	1389	1	0	1	372
CY121496.1	383	1607	1	0	1	383
CY121496.1	398	1694	1	0	1	398
CY121496.1	403	1817	1	0	1	403
CY121496.1	404	1867	0	1	1	1867
CY121496.1	429	1089	1	0	1	429
CY121496.1	440	1159	1	0	1	440
CY121496.1	453	1082	0	1	1	1082
CY121496.1	456	940	0	1	1	940
CY121496.1	473	1495	1	0	1	473
CY121496.1	520	1489	1	0	1	520
CY121496.1	526	955	0	1	1	955
CY121496.1	528	1736	1	0	1	528
CY121496.1	530	1500	1	0	1	530
CY121496.1	538	1514	20	28	48	538
CY121496.1	541	1755	1	0	1	541
CY121496.1	541	955	0	1	1	955
CY121496.1	548	1207	20	9	29	548
CY121496.1	564	1616	24	15	39	564
CY121496.1	565	1617	0	1	1	1617
CY121496.1	568	1572	1	0	1	568
CY121496.1	575	1435	0	1	1	1435
CY121496.1	589	642	0	1	1	642
CY121496.1	594	1161	1	0	1	594
CY121496.1	606	639	0	1	1	639
CY121496.1	608	1629	0	1	1	1629
CY121496.1	650	977	1	0	1	650
CY121496.1	684	732	0	1	1	732
CY121496.1	696	889	0	1	1	889
CY121496.1	716	1300	0	1	1	1300
CY121496.1	739	885	1	0	1	739
CY121496.1	750	1288	1	0	1	750
CY121496.1	770	1661	0	1	1	1661
CY121496.1	772	1882	0	1	1	1882
CY121496.1	816	1515	0	1	1	1515
CY121496.1	885	991	8	8	16	885
CY121496.1	904	1577	9	6	15	904
CY121496.1	933	1881	0	1	1	1881
CY121496.1	977	1733	0	1	1	1733
CY121497.1	1066	1095	1	0	1	1066
CY121497.1	245	622	1	0	1	245
CY121497.1	257	551	1	0	1	257
CY121497.1	265	1022	1	0	1	265
CY121497.1	276	718	1	0	1	276
CY121497.1	281	574	1	0	1	281
CY121497.1	317	587	1	0	1	317
CY121497.1	350	576	8	52	60	350
CY121497.1	355	864	0	1	1	864
CY121497.1	358	979	0	1	1	979
CY121497.1	366	877	0	1	1	877
CY121497.1	397	702	1	0	1	397
CY121497.1	448	866	8	22	30	448
CY121497.1	504	1015	0	1	1	1015
CY121497.1	504	875	1	0	1	504
CY121497.1	509	833	0	1	1	833
CY121497.1	531	1019	1	0	1	531
CY121497.1	575	898	1	0	1	575
CY121497.1	575	916	1	1	2	575
CY121497.1	588	805	13	14	27	588
CY121497.1	595	734	0	1	1	734
CY121497.1	610	787	1	0	1	610
CY121497.1	614	936	0	1	1	936
CY121497.1	615	890	9	16	25	615
CY121497.1	635	804	6	8	14	635
CY121497.1	679	1012	0	1	1	1012
CY121497.1	679	853	0	1	1	853
CY121497.1	682	818	4	5	9	682
CY121497.1	688	842	3	3	6	688
CY121497.1	716	939	3	8	11	716
CY121497.1	721	863	0	1	1	863
CY121497.1	724	865	1	0	1	724
CY121497.1	729	1021	0	1	1	1021
CY121497.1	756	881	0	1	1	881
CY121497.1	778	1065	1	0	1	778
CY121497.1	787	925	1	1	2	787
CY121497.1	793	835	1	0	1	793
CY121497.1	804	1061	1	0	1	804
CY121497.1	812	996	0	1	1	996
CY121497.1	820	869	7	8	15	820
CY121497.1	822	1123	1	0	1	822
CY121497.1	843	1064	1	0	1	843
CY121497.1	922	1019	0	1	1	1019
CY121497.1	934	1134	0	1	1	1134
CY121497.1	959	983	0	1	1	983
CY121498.1	1020	1158	1	1	2	1020
CY121498.1	1049	1499	0	1	1	1499
CY121498.1	241	320	1	0	1	241
CY121498.1	278	436	1	0	1	278
CY121498.1	303	1442	2	11	13	303
CY121498.1	366	993	0	1	1	993
CY121498.1	387	1244	1	0	1	387
CY121498.1	387	1431	0	1	1	1431
CY121498.1	390	1299	24	110	134	390
CY121498.1	419	917	11	19	30	419
CY121498.1	493	929	14	12	26	493
CY121498.1	497	932	0	1	1	932
CY121498.1	519	1297	1	0	1	519
CY121498.1	582	984	0	1	1	984
CY121498.1	622	1422	0	1	1	1422
CY121498.1	652	692	0	1	1	692
CY121498.1	658	822	1	0	1	658
CY121498.1	825	1154	1	0	1	825
CY121498.1	851	1449	1	0	1	851
CY121498.1	916	1354	1	0	1	916
CY121498.1	953	1153	0	1	1	1153
CY121498.1	959	1548	1	0	1	959
CY121499.1	1006	1365	0	1	1	1365
CY121499.1	1125	1633	0	1	1	1633
CY121499.1	1206	1435	1	0	1	1206
CY121499.1	1248	1433	1	0	1	1248
CY121499.1	1299	1420	1	0	1	1299
CY121499.1	1366	1466	1	0	1	1366
CY121499.1	1474	1691	0	1	1	1691
CY121499.1	1486	1513	1	0	1	1486
CY121499.1	322	1159	0	1	1	1159
CY121499.1	326	365	1	0	1	326
CY121499.1	337	1541	0	1	1	1541
CY121499.1	364	1693	0	1	1	1693
CY121499.1	379	1544	13	47	60	379
CY121499.1	396	1332	1	0	1	396
CY121499.1	441	840	0	1	1	840
CY121499.1	463	996	0	1	1	996
CY121499.1	493	915	1	0	1	493
CY121499.1	548	1125	1	0	1	548
CY121499.1	548	1230	0	1	1	1230
CY121499.1	576	1370	1	0	1	576
CY121499.1	588	1006	0	1	1	1006
CY121499.1	590	1267	0	1	1	1267
CY121499.1	633	900	0	1	1	900
CY121499.1	644	1333	1	0	1	644
CY121499.1	647	1471	0	1	1	1471
CY121499.1	659	830	1	0	1	659
CY121499.1	667	1237	1	0	1	667
CY121499.1	668	1040	0	1	1	1040
CY121499.1	683	1104	1	0	1	683
CY121499.1	692	1338	0	1	1	1338
CY121499.1	697	758	1	0	1	697
CY121499.1	698	758	1	0	1	698
CY121499.1	699	815	1	0	1	699
CY121499.1	760	1514	1	0	1	760
CY121499.1	821	1398	1	0	1	821
CY121499.1	826	1638	1	0	1	826
CY121499.1	845	952	1	0	1	845
CY121499.1	877	1201	0	1	1	1201
CY121499.1	882	1308	0	1	1	1308
CY121499.1	909	1041	8	7	15	909
CY121499.1	910	1042	0	1	1	1042
CY121499.1	958	1377	0	1	1	1377
CY121499.1	980	1252	1	0	1	980
CY121500.1	235	874	1	0	1	235
CY121500.1	252	565	1	0	1	252
CY121500.1	271	917	1	0	1	271
CY121500.1	274	925	25	2	27	274
CY121500.1	279	538	0	1	1	538
CY121500.1	288	927	23	2	25	288
CY121500.1	304	899	1	7	8	304
CY121500.1	327	496	0	1	1	496
CY121500.1	342	809	1	21	22	342
CY121500.1	371	998	0	1	1	998
CY121500.1	372	1014	0	1	1	1014
CY121500.1	380	788	0	1	1	788
CY121500.1	382	825	0	1	1	825
CY121500.1	419	928	0	1	1	928
CY121500.1	444	551	0	1	1	551
CY121500.1	448	622	0	1	1	622
CY121500.1	470	498	0	1	1	498
CY121500.1	477	591	1	0	1	477
CY121500.1	498	536	0	1	1	536
CY121500.1	502	732	1	0	1	502
CY121500.1	509	860	0	1	1	860
CY121500.1	514	743	2	8	10	514
CY121500.1	515	816	1	0	1	515
CY121500.1	522	749	0	1	1	749
CY121500.1	578	648	0	1	1	648
CY121500.1	578	900	0	1	1	900
CY121500.1	584	702	0	1	1	702
CY121500.1	588	693	0	1	1	693
CY121500.1	592	1017	0	1	1	1017
CY121500.1	601	828	1	0	1	601
CY121500.1	654	888	0	1	1	888
CY121500.1	742	858	1	0	1	742
CY121500.1	748	902	1	0	1	748
CY121501.1	1065	1203	1	0	1	1065
CY121501.1	1074	1845	1	0	1	1074
CY121501.1	1166	2080	0	1	1	2080
CY121501.1	1304	2310	1	0	1	1304
CY121501.1	1545	2034	0	1	1	2034
CY121501.1	1566	1651	1	1	2	1566
CY121501.1	1828	1892	11	15	26	1828
CY121501.1	2131	2178	6	7	13	2131
CY121501.1	2141	2187	15	8	23	2141
CY121501.1	2216	2252	2	9	11	2216
CY121501.1	2239	2309	2	3	5	2239
CY121501.1	2279	2311	10	4	14	2279
CY121501.1	238	2327	1	0	1	238
CY121501.1	262	2012	1	0	1	262
CY121501.1	263	2134	1	0	1	263
CY121501.1	264	1986	1	0	1	264
CY121501.1	270	1994	36	7	43	270
CY121501.1	273	2176	1	0	1	273
CY121501.1	274	332	1	0	1	274
CY121501.1	276	2064	1	0	1	276
CY121501.1	276	2143	29	16	45	276
CY121501.1	284	2292	1	0	1	284
CY121501.1	288	842	1	0	1	288
CY121501.1	289	741	1	0	1	289
CY121501.1	291	2035	1	0	1	291
CY121501.1	292	348	10	6	16	292
CY121501.1	293	2150	9	9	18	293
CY121501.1	294	2159	0	1	1	2159
CY121501.1	295	357	1	4	5	295
CY121501.1	306	2275	1	5	6	306
CY121501.1	312	336	0	6	6	336
CY121501.1	327	2297	3	3	6	327
CY121501.1	328	371	0	10	10	371
CY121501.1	336	2179	1	6	7	336
CY121501.1	336	2182	1	17	18	336
CY121501.1	343	2141	1	0	1	343
CY121501.1	357	2093	14	83	97	357
CY121501.1	365	2209	4	5	9	365
CY121501.1	369	2138	18	102	120	369
CY121501.1	369	2143	9	27	36	369
CY121501.1	369	2162	1	1	2	369
CY121501.1	376	2169	18	108	126	376
CY121501.1	377	2135	1	10	11	377
CY121501.1	379	2145	2	13	15	379
CY121501.1	399	2191	0	1	1	2191
CY121501.1	414	2113	0	5	5	2113
CY121501.1	425	539	0	1	1	539
CY121501.1	438	2158	1	0	1	438
CY121501.1	445	2176	22	66	88	445
CY121501.1	448	2005	6	27	33	448
CY121501.1	450	2029	6	55	61	450
CY121501.1	450	2199	20	34	54	450
CY121501.1	451	2228	6	9	15	451
CY121501.1	457	2151	27	38	65	457
CY121501.1	458	2065	33	115	148	458
CY121501.1	459	2066	0	1	1	2066
CY121501.1	461	558	9	34	43	461
CY121501.1	472	2042	0	1	1	2042
CY121501.1	475	2074	1	0	1	475
CY121501.1	483	2082	0	1	1	2082
CY121501.1	495	2143	37	46	83	495
CY121501.1	498	2071	8	33	41	498
CY121501.1	502	2112	0	1	1	2112
CY121501.1	504	2070	1	0	1	504
CY121501.1	513	2011	5	14	19	513
CY121501.1	513	2043	24	51	75	513
CY121501.1	514	2112	142	224	366	514
CY121501.1	515	2183	0	2	2	2183
CY121501.1	518	2234	1	0	1	518
CY121501.1	529	2216	0	1	1	2216
CY121501.1	543	1890	1	0	1	543
CY121501.1	548	2029	19	3	22	548
CY121501.1	553	1916	1	5	6	553
CY121501.1	554	1949	177	207	384	554
CY121501.1	561	1307	9	7	16	561
CY121501.1	586	1963	0	1	1	1963
CY121501.1	589	1967	0	1	1	1967
CY121501.1	609	1829	1	0	1	609
CY121501.1	609	1897	13	18	31	609
CY121501.1	640	1832	1	0	1	640
CY121501.1	645	1822	1	0	1	645
CY121501.1	659	1890	10	3	13	659
CY121501.1	661	847	7	9	16	661
CY121501.1	668	1802	1	0	1	668
CY121501.1	669	1805	1	0	1	669
CY121501.1	672	1846	333	335	668	672
CY121501.1	683	1861	0	2	2	1861
CY121501.1	686	1722	17	20	37	686
CY121501.1	688	1954	0	1	1	1954
CY121501.1	691	1890	0	3	3	1890
CY121501.1	713	1306	1	0	1	713
CY121501.1	713	1854	0	1	1	1854
CY121501.1	721	1840	10	11	21	721
CY121501.1	736	2268	30	8	38	736
CY121501.1	761	1827	22	19	41	761
CY121501.1	769	1834	0	2	2	1834
CY121501.1	846	2166	1	1	2	846
CY121501.1	848	979	1	0	1	848
CY121501.1	899	1803	2	0	2	899
CY121501.1	900	1804	12	11	23	900
CY121502.1	1284	2011	0	1	1	2011
CY121502.1	1295	2429	0	1	1	2429
CY121502.1	1315	1620	0	1	1	1620
CY121502.1	1643	1932	1	0	1	1643
CY121502.1	1656	2465	0	1	1	2465
CY121502.1	1898	2078	0	1	1	2078
CY121502.1	2196	2240	1	0	1	2196
CY121502.1	2281	2305	24	9	33	2281
CY121502.1	2287	2309	524	384	908	2287
CY121502.1	2289	2311	1	0	1	2289
CY121502.1	2339	2361	31	8	39	2339
CY121502.1	2343	2375	20	3	23	2343
CY121502.1	2387	2461	0	1	1	2461
CY121502.1	2420	2454	10	54	64	2420
CY121502.1	244	330	21	0	21	244
CY121502.1	245	276	34	1	35	245
CY121502.1	246	272	2	0	2	246
CY121502.1	254	2145	1	0	1	254
CY121502.1	255	1900	10	1	11	255
CY121502.1	259	294	1	0	1	259
CY121502.1	260	2226	1	0	1	260
CY121502.1	261	294	25	3	28	261
CY121502.1	261	296	25	1	26	261
CY121502.1	274	2180	1	0	1	274
CY121502.1	274	2252	1	0	1	274
CY121502.1	274	2402	1	0	1	274
CY121502.1	290	2227	2	0	2	290
CY121502.1	291	2326	3	0	3	291
CY121502.1	292	2115	1	0	1	292
CY121502.1	293	2370	34	29	63	293
CY121502.1	293	347	38	10	48	293
CY121502.1	294	2083	1	0	1	294
CY121502.1	304	2346	1	0	1	304
CY121502.1	319	2117	10	6	16	319
CY121502.1	325	2284	1	0	1	325
CY121502.1	327	2350	35	58	93	327
CY121502.1	331	2284	1	0	1	331
CY121502.1	335	2283	2	1	3	335
CY121502.1	354	2311	24	5	29	354
CY121502.1	361	2215	1	0	1	361
CY121502.1	363	2215	1	0	1	363
CY121502.1	368	2327	7	2	9	368
CY121502.1	371	2225	0	1	1	2225
CY121502.1	396	2307	12	0	12	396
CY121502.1	397	2243	130	20	150	397
CY121502.1	398	2244	1	0	1	398
CY121502.1	405	2326	28	2	30	405
CY121502.1	408	2455	0	1	1	2455
CY121502.1	409	1136	8	1	9	409
CY121502.1	417	2249	12	6	18	417
CY121502.1	419	2278	5	0	5	419
CY121502.1	427	2260	0	1	1	2260
CY121502.1	466	2197	11	16	27	466
CY121502.1	471	1013	1	0	1	471
CY121502.1	471	2303	0	1	1	2303
CY121502.1	479	2099	27	28	55	479
CY121502.1	479	513	0	2	2	513
CY121502.1	494	2373	1	0	1	494
CY121502.1	495	2350	32	31	63	495
CY121502.1	496	2351	1	0	1	496
CY121502.1	502	2381	29	10	39	502
CY121502.1	517	2104	1	0	1	517
CY121502.1	517	2113	0	2	2	2113
CY121502.1	532	2097	1	0	1	532
CY121502.1	540	2483	0	1	1	2483
CY121502.1	541	2101	1	0	1	541
CY121502.1	542	2291	1	0	1	542
CY121502.1	544	2104	1	0	1	544
CY121502.1	547	2097	1	0	1	547
CY121502.1	547	2197	9	8	17	547
CY121502.1	549	2109	1	0	1	549
CY121502.1	555	2150	3	0	3	555
CY121502.1	556	1999	0	1	1	1999
CY121502.1	556	2062	1	0	1	556
CY121502.1	558	2031	2	0	2	558
CY121502.1	558	2109	2	1	3	558
CY121502.1	565	1078	0	1	1	1078
CY121502.1	565	2197	14	15	29	565
CY121502.1	570	2121	2	0	2	570
CY121502.1	575	2455	1	1	2	575
CY121502.1	576	1520	1	0	1	576
CY121502.1	576	2123	0	2	2	2123
CY121502.1	578	2125	420	394	814	578
CY121502.1	578	2126	1	0	1	578
CY121502.1	579	2126	3	15	18	579
CY121502.1	585	2132	0	1	1	2132
CY121502.1	589	2057	11	10	21	589
CY121502.1	593	2169	1	0	1	593
CY121502.1	604	2182	1	2	3	604
CY121502.1	609	1262	1	0	1	609
CY121502.1	610	2188	38	34	72	610
CY121502.1	613	2041	1	0	1	613
CY121502.1	630	2133	0	5	5	2133
CY121502.1	638	2178	0	1	1	2178
CY121502.1	644	2208	0	1	1	2208
CY121502.1	663	2099	13	5	18	663
CY121502.1	687	1932	1	1	2	687
CY121502.1	694	2082	1	0	1	694
CY121502.1	745	1285	0	1	1	1285
CY121502.1	760	1158	0	1	1	1158
CY121502.1	776	1221	1	0	1	776
CY121502.1	836	1431	1	0	1	836
CY121502.1	887	1886	8	9	17	887
CY121502.1	898	1340	1	0	1	898
CY121502.1	923	2014	0	1	1	2014
CY121502.1	940	1744	1	0	1	940
CY121502.1	969	2333	0	1	1	2333
CY121502.1	975	1876	1	0	1	975
CY121502.1	981	2479	0	1	1	2479
CY121502.1	997	2274	1	0	1	997
CY121502.1	998	2104	1	0	1	998
CY121503.1	1051	2008	1	0	1	1051
CY121503.1	1167	1466	0	1	1	1466
CY121503.1	1171	2049	1	0	1	1171
CY121503.1	1184	2090	29	31	60	1184
CY121503.1	1184	2093	75	96	171	1184
CY121503.1	1246	2030	0	1	1	2030
CY121503.1	1246	2115	0	1	1	2115
CY121503.1	1334	2108	8	9	17	1334
CY121503.1	1394	2040	11	14	25	1394
CY121503.1	1653	1929	0	1	1	1929
CY121503.1	1669	2109	1	1	2	1669
CY121503.1	1701	1734	0	2	2	1734
CY121503.1	1701	2037	6	8	14	1701
CY121503.1	1852	1958	1	0	1	1852
CY121503.1	1949	2013	0	1	1	2013
CY121503.1	2214	2387	6	1	7	2214
CY121503.1	2219	2392	247	100	347	2219
CY121503.1	247	1973	1	0	1	247
CY121503.1	248	2339	1	0	1	248
CY121503.1	249	2232	1	0	1	249
CY121503.1	259	2241	1	0	1	259
CY121503.1	316	2372	8	25	33	316
CY121503.1	322	2144	1	1	2	322
CY121503.1	322	2332	0	1	1	2332
CY121503.1	335	1356	0	1	1	1356
CY121503.1	367	2368	4	57	61	367
CY121503.1	368	2283	1	6	7	368
CY121503.1	370	2274	0	1	1	2274
CY121503.1	436	1892	1	0	1	436
CY121503.1	436	2314	2	1	3	436
CY121503.1	443	485	1	0	1	443
CY121503.1	444	486	197	495	692	444
CY121503.1	445	487	0	1	1	487
CY121503.1	445	488	0	1	1	488
CY121503.1	452	1939	0	1	1	1939
CY121503.1	470	2242	36	72	108	470
CY121503.1	474	2118	1	0	1	474
CY121503.1	485	1998	367	473	840	485
CY121503.1	485	2133	27	51	78	485
CY121503.1	485	2189	3	6	9	485
CY121503.1	486	1999	0	2	2	1999
CY121503.1	491	2139	1	4	5	491
CY121503.1	521	1802	39	41	80	521
CY121503.1	524	1687	0	1	1	1687
CY121503.1	535	2260	0	1	1	2260
CY121503.1	578	1818	0	3	3	1818
CY121503.1	613	1938	309	689	998	613
CY121503.1	613	1940	0	1	1	1940
CY121503.1	614	1939	0	2	2	1939
CY121503.1	618	1979	7	5	12	618
CY121503.1	624	1966	0	1	1	1966
CY121503.1	629	1905	1	0	1	629
CY121503.1	634	1892	0	7	7	1892
CY121503.1	637	1960	16	16	32	637
CY121503.1	645	1598	0	1	1	1598
CY121503.1	667	1892	0	1	1	1892
CY121503.1	678	2032	1	3	4	678
CY121503.1	679	1519	1	0	1	679
CY121503.1	686	1534	8	6	14	686
CY121503.1	689	1879	0	3	3	1879
CY121503.1	837	1811	22	21	43	837
CY121503.1	842	1888	4	3	7	842
CY121503.1	917	1993	1	3	4	917
CY121503.1	970	1667	1	0	1	970
