Segment	Start	Stop	Forward_support	Reverse_support	Total_support	Fuzz_factor
CY121496.1	1019	1831	1	0	1	1019
CY121496.1	1021	1834	0	1	1	1834
CY121496.1	1054	1898	0	1	1	1898
CY121496.1	1076	1189	1	0	1	1076
CY121496.1	1079	1437	0	1	1	1437
CY121496.1	1153	1227	0	1	1	1227
CY121496.1	1180	1291	4	2	6	1180
CY121496.1	1210	1469	0	1	1	1469
CY121496.1	1289	1434	0	1	1	1434
CY121496.1	1301	1323	1	0	1	1301
CY121496.1	1301	1546	0	1	1	1546
CY121496.1	1367	1392	0	1	1	1392
CY121496.1	1422	1637	0	1	1	1637
CY121496.1	1438	1713	0	1	1	1713
CY121496.1	1449	1537	1	0	1	1449
CY121496.1	1516	1737	0	1	1	1737
CY121496.1	1561	1837	1	0	1	1561
CY121496.1	1628	1781	0	1	1	1781
CY121496.1	1678	1702	13	10	23	1678
CY121496.1	1696	1889	0	1	1	1889
CY121496.1	1760	1805	22	1	23	1760
CY121496.1	1785	1868	0	1	1	1868
CY121496.1	255	515	1	0	1	255
CY121496.1	264	1631	1	0	1	264
CY121496.1	266	1669	1	0	1	266
CY121496.1	280	1561	1	0	1	280
CY121496.1	281	387	1	0	1	281
CY121496.1	285	1703	1	0	1	285
CY121496.1	287	1568	2	0	2	287
CY121496.1	330	1660	0	1	1	1660
CY121496.1	335	1539	1	0	1	335
CY121496.1	345	1590	1	26	27	345
CY121496.1	346	1731	4	15	19	346
CY121496.1	350	1751	1	0	1	350
CY121496.1	357	1627	0	1	1	1627
CY121496.1	375	804	0	1	1	804
CY121496.1	376	1639	1	1	2	376
CY121496.1	384	718	1	0	1	384
CY121496.1	395	1640	0	2	2	1640
CY121496.1	421	491	1	0	1	421
CY121496.1	428	1817	0	1	1	1817
CY121496.1	433	480	0	1	1	480
CY121496.1	438	589	0	1	1	589
CY121496.1	458	1571	1	0	1	458
CY121496.1	462	509	1	0	1	462
CY121496.1	474	1886	1	1	2	474
CY121496.1	478	1835	1	0	1	478
CY121496.1	483	1458	0	1	1	1458
CY121496.1	486	975	5	4	9	486
CY121496.1	505	1086	0	1	1	1086
CY121496.1	507	589	1	0	1	507
CY121496.1	524	1724	0	1	1	1724
CY121496.1	552	1583	0	1	1	1583
CY121496.1	554	1707	1	0	1	554
CY121496.1	562	1638	4	3	7	562
CY121496.1	577	1277	1	0	1	577
CY121496.1	647	1834	1	0	1	647
CY121496.1	651	1419	5	2	7	651
CY121496.1	677	1682	1	0	1	677
CY121496.1	684	1408	1	0	1	684
CY121496.1	684	1566	3	1	4	684
CY121496.1	695	1311	0	1	1	1311
CY121496.1	697	943	0	1	1	943
CY121496.1	737	1757	1	0	1	737
CY121496.1	778	1701	0	1	1	1701
CY121496.1	820	1792	1	0	1	820
CY121496.1	887	1863	0	1	1	1863
CY121496.1	907	1167	1	0	1	907
CY121496.1	917	1486	0	1	1	1486
CY121496.1	921	1143	0	1	1	1143
CY121496.1	921	1882	0	1	1	1882
CY121496.1	956	999	2	0	2	956
CY121497.1	1020	1051	1	0	1	1020
CY121497.1	1041	1163	0	1	1	1163
CY121497.1	1056	1093	0	1	1	1093
CY121497.1	1098	1176	0	1	1	1176
CY121497.1	252	545	1	0	1	252
CY121497.1	254	979	1	0	1	254
CY121497.1	255	477	1	0	1	255
CY121497.1	257	551	11	0	11	257
CY121497.1	264	508	1	0	1	264
CY121497.1	272	554	12	1	13	272
CY121497.1	314	719	1	1	2	314
CY121497.1	316	642	0	1	1	642
CY121497.1	325	629	1	0	1	325
CY121497.1	335	883	0	1	1	883
CY121497.1	350	576	3	16	19	350
CY121497.1	355	493	1	0	1	355
CY121497.1	359	987	0	1	1	987
CY121497.1	384	727	0	1	1	727
CY121497.1	387	744	1	0	1	387
CY121497.1	390	864	0	1	1	864
CY121497.1	415	729	1	0	1	415
CY121497.1	417	1002	0	1	1	1002
CY121497.1	437	681	1	3	4	437
CY121497.1	437	816	1	4	5	437
CY121497.1	438	972	0	1	1	972
CY121497.1	450	824	3	8	11	450
CY121497.1	473	524	1	0	1	473
CY121497.1	482	1071	0	1	1	1071
CY121497.1	488	856	0	1	1	856
CY121497.1	496	881	0	1	1	881
CY121497.1	502	989	1	0	1	502
CY121497.1	504	793	2	0	2	504
CY121497.1	534	734	1	0	1	534
CY121497.1	537	1011	1	0	1	537
CY121497.1	557	1059	1	0	1	557
CY121497.1	557	632	1	0	1	557
CY121497.1	560	856	1	0	1	560
CY121497.1	596	1026	14	3	17	596
CY121497.1	609	697	0	1	1	697
CY121497.1	611	1064	1	0	1	611
CY121497.1	651	804	1	0	1	651
CY121497.1	652	1164	0	1	1	1164
CY121497.1	661	989	1	0	1	661
CY121497.1	682	818	1	7	8	682
CY121497.1	687	1000	1	0	1	687
CY121497.1	688	842	2	6	8	688
CY121497.1	689	804	0	1	1	804
CY121497.1	696	732	1	0	1	696
CY121497.1	697	901	0	1	1	901
CY121497.1	709	780	0	1	1	780
CY121497.1	714	1068	1	0	1	714
CY121497.1	714	770	1	0	1	714
CY121497.1	716	1097	1	0	1	716
CY121497.1	721	935	1	2	3	721
CY121497.1	737	790	0	1	1	790
CY121497.1	759	840	1	0	1	759
CY121497.1	761	957	1	1	2	761
CY121497.1	771	951	1	0	1	771
CY121497.1	777	1001	0	1	1	1001
CY121497.1	779	965	1	0	1	779
CY121497.1	785	871	0	1	1	871
CY121497.1	788	852	1	1	2	788
CY121497.1	792	1078	0	1	1	1078
CY121497.1	793	836	1	1	2	793
CY121497.1	795	865	0	1	1	865
CY121497.1	820	869	0	1	1	869
CY121497.1	827	1040	1	0	1	827
CY121497.1	835	875	0	1	1	875
CY121497.1	837	917	1	1	2	837
CY121497.1	865	965	2	0	2	865
CY121497.1	912	1134	0	1	1	1134
CY121498.1	1010	1249	0	1	1	1249
CY121498.1	1046	1347	1	0	1	1046
CY121498.1	1234	1303	1	1	2	1234
CY121498.1	279	726	1	0	1	279
CY121498.1	303	1442	1	7	8	303
CY121498.1	323	1064	0	1	1	1064
CY121498.1	342	465	1	0	1	342
CY121498.1	352	1460	0	1	1	1460
CY121498.1	358	991	0	1	1	991
CY121498.1	367	1031	1	0	1	367
CY121498.1	387	685	0	1	1	685
CY121498.1	390	1299	10	24	34	390
CY121498.1	405	451	0	1	1	451
CY121498.1	438	1270	1	0	1	438
CY121498.1	478	726	1	0	1	478
CY121498.1	482	1474	1	0	1	482
CY121498.1	483	1151	1	0	1	483
CY121498.1	492	1166	0	1	1	1166
CY121498.1	498	809	1	0	1	498
CY121498.1	504	1260	0	1	1	1260
CY121498.1	583	1312	1	1	2	583
CY121498.1	635	714	1	0	1	635
CY121498.1	653	828	0	1	1	828
CY121498.1	775	1012	0	1	1	1012
CY121498.1	801	900	1	0	1	801
CY121498.1	842	879	1	0	1	842
CY121498.1	847	1297	0	1	1	1297
CY121498.1	880	988	0	1	1	988
CY121498.1	964	1241	0	1	1	1241
CY121499.1	1035	1122	0	1	1	1122
CY121499.1	1050	1402	1	0	1	1050
CY121499.1	1065	1339	0	1	1	1339
CY121499.1	1069	1605	1	0	1	1069
CY121499.1	1072	1165	0	1	1	1165
CY121499.1	1074	1583	1	0	1	1074
CY121499.1	1086	1555	1	0	1	1086
CY121499.1	1132	1392	1	0	1	1132
CY121499.1	1171	1544	1	0	1	1171
CY121499.1	1207	1599	1	0	1	1207
CY121499.1	1285	1478	1	0	1	1285
CY121499.1	1442	1496	1	0	1	1442
CY121499.1	1458	1575	0	1	1	1575
CY121499.1	1591	1697	0	2	2	1697
CY121499.1	241	863	1	0	1	241
CY121499.1	248	605	1	0	1	248
CY121499.1	258	613	1	0	1	258
CY121499.1	277	1354	0	1	1	1354
CY121499.1	332	527	1	0	1	332
CY121499.1	333	805	0	1	1	805
CY121499.1	345	1062	0	1	1	1062
CY121499.1	352	937	0	1	1	937
CY121499.1	353	602	1	0	1	353
CY121499.1	355	1625	0	1	1	1625
CY121499.1	355	1630	0	1	1	1630
CY121499.1	382	1385	0	1	1	1385
CY121499.1	382	963	1	0	1	382
CY121499.1	391	432	1	0	1	391
CY121499.1	404	1544	0	1	1	1544
CY121499.1	442	959	1	0	1	442
CY121499.1	446	792	0	1	1	792
CY121499.1	448	489	1	0	1	448
CY121499.1	456	815	0	1	1	815
CY121499.1	459	872	1	0	1	459
CY121499.1	474	1439	0	1	1	1439
CY121499.1	476	1511	0	1	1	1511
CY121499.1	489	1002	1	0	1	489
CY121499.1	492	928	1	0	1	492
CY121499.1	517	1280	0	1	1	1280
CY121499.1	522	737	0	1	1	737
CY121499.1	523	843	3	0	3	523
CY121499.1	524	780	0	1	1	780
CY121499.1	533	1172	1	0	1	533
CY121499.1	543	606	1	0	1	543
CY121499.1	565	821	1	0	1	565
CY121499.1	579	1020	1	0	1	579
CY121499.1	587	1324	0	1	1	1324
CY121499.1	593	1264	0	1	1	1264
CY121499.1	595	1002	1	0	1	595
CY121499.1	621	960	0	1	1	960
CY121499.1	661	1562	1	0	1	661
CY121499.1	690	1604	1	0	1	690
CY121499.1	693	935	1	0	1	693
CY121499.1	705	1685	1	1	2	705
CY121499.1	724	1004	0	1	1	1004
CY121499.1	738	911	2	0	2	738
CY121499.1	748	877	0	1	1	877
CY121499.1	831	1689	0	1	1	1689
CY121499.1	842	941	1	0	1	842
CY121499.1	854	1569	1	0	1	854
CY121499.1	884	1513	0	1	1	1513
CY121499.1	904	1415	0	1	1	1415
CY121499.1	921	1005	1	0	1	921
CY121499.1	955	1097	1	0	1	955
CY121499.1	972	1045	1	3	4	972
CY121500.1	274	925	6	0	6	274
CY121500.1	288	927	12	0	12	288
CY121500.1	291	930	1	0	1	291
CY121500.1	312	362	0	1	1	362
CY121500.1	345	880	6	11	17	345
CY121500.1	349	863	0	1	1	863
CY121500.1	431	891	0	2	2	891
CY121500.1	438	562	4	10	14	438
CY121500.1	502	732	2	0	2	502
CY121500.1	514	743	8	15	23	514
CY121500.1	522	749	2	6	8	522
CY121500.1	537	898	0	1	1	898
CY121500.1	636	774	0	1	1	774
CY121501.1	1075	2357	0	1	1	2357
CY121501.1	1102	2015	0	1	1	2015
CY121501.1	1117	1603	0	1	1	1603
CY121501.1	1126	1634	1	1	2	1126
CY121501.1	1126	1835	1	0	1	1126
CY121501.1	1218	1382	1	0	1	1218
CY121501.1	1273	2258	1	0	1	1273
CY121501.1	1284	1334	0	1	1	1334
CY121501.1	1292	1801	0	1	1	1801
CY121501.1	1330	2220	0	1	1	2220
CY121501.1	1399	1880	0	1	1	1880
CY121501.1	1511	1964	2	2	4	1511
CY121501.1	1513	2114	0	1	1	2114
CY121501.1	1688	2280	1	0	1	1688
CY121501.1	1722	1756	0	5	5	1756
CY121501.1	1880	2386	0	1	1	2386
CY121501.1	1953	2108	3	5	8	1953
CY121501.1	2069	2140	0	1	1	2140
CY121501.1	2087	2131	1	0	1	2087
CY121501.1	2104	2261	1	0	1	2104
CY121501.1	2121	2157	2	3	5	2121
CY121501.1	2122	2174	8	3	11	2122
CY121501.1	2123	2170	0	1	1	2170
CY121501.1	2134	2172	1	0	1	2134
CY121501.1	2141	2187	3	4	7	2141
CY121501.1	2279	2311	9	5	14	2279
CY121501.1	263	2134	1	0	1	263
CY121501.1	274	332	1	0	1	274
CY121501.1	275	1378	1	0	1	275
CY121501.1	276	2143	37	8	45	276
CY121501.1	284	1400	8	1	9	284
CY121501.1	284	2292	2	0	2	284
CY121501.1	285	2273	9	0	9	285
CY121501.1	295	357	7	11	18	295
CY121501.1	304	402	0	1	1	402
CY121501.1	306	2249	0	2	2	2249
CY121501.1	306	2275	3	1	4	306
CY121501.1	316	623	1	0	1	316
CY121501.1	327	2297	0	1	1	2297
CY121501.1	334	2151	1	1	2	334
CY121501.1	335	2173	1	10	11	335
CY121501.1	336	2135	0	4	4	2135
CY121501.1	336	2179	2	20	22	336
CY121501.1	337	389	0	2	2	389
CY121501.1	338	364	0	3	3	364
CY121501.1	345	2180	0	1	1	2180
CY121501.1	347	2193	3	9	12	347
CY121501.1	350	2190	0	1	1	2190
CY121501.1	351	413	1	12	13	351
CY121501.1	365	393	1	11	12	365
CY121501.1	366	2173	0	4	4	2173
CY121501.1	369	2138	6	17	23	369
CY121501.1	369	2143	1	19	20	369
CY121501.1	376	2132	1	21	22	376
CY121501.1	376	2169	13	63	76	376
CY121501.1	385	2179	0	2	2	2179
CY121501.1	387	411	0	16	16	411
CY121501.1	388	1926	0	1	1	1926
CY121501.1	393	2185	0	1	1	2185
CY121501.1	393	479	0	2	2	479
CY121501.1	394	2152	4	26	30	394
CY121501.1	402	2173	3	4	7	402
CY121501.1	403	2155	2	8	10	403
CY121501.1	419	2009	0	1	1	2009
CY121501.1	419	2190	0	1	1	2190
CY121501.1	426	1787	6	10	16	426
CY121501.1	438	473	0	6	6	473
CY121501.1	451	1900	4	14	18	451
CY121501.1	451	2228	30	52	82	451
CY121501.1	456	2158	5	16	21	456
CY121501.1	458	2065	2	15	17	458
CY121501.1	466	1152	0	1	1	1152
CY121501.1	466	2244	0	2	2	2244
CY121501.1	468	2040	6	14	20	468
CY121501.1	475	2074	3	0	3	475
CY121501.1	476	2255	0	1	1	2255
CY121501.1	479	2039	0	1	1	2039
CY121501.1	480	507	0	4	4	507
CY121501.1	481	1796	0	1	1	1796
CY121501.1	481	1954	8	10	18	481
CY121501.1	483	2082	0	1	1	2082
CY121501.1	485	1630	0	1	1	1630
CY121501.1	495	2143	3	8	11	495
CY121501.1	498	2071	13	41	54	498
CY121501.1	500	1015	0	1	1	1015
CY121501.1	513	2043	4	7	11	513
CY121501.1	514	2112	136	168	304	514
CY121501.1	515	2183	1	0	1	515
CY121501.1	517	1808	2	8	10	517
CY121501.1	520	1837	1	0	1	520
CY121501.1	526	1931	1	0	1	526
CY121501.1	528	2017	6	4	10	528
CY121501.1	544	744	2	0	2	544
CY121501.1	554	1949	185	139	324	554
CY121501.1	554	1962	6	5	11	554
CY121501.1	566	2037	0	1	1	2037
CY121501.1	579	625	3	2	5	579
CY121501.1	580	624	0	6	6	624
CY121501.1	586	1963	0	1	1	1963
CY121501.1	596	2053	0	1	1	2053
CY121501.1	597	635	0	1	1	635
CY121501.1	598	2004	5	3	8	598
CY121501.1	611	674	1	2	3	611
CY121501.1	621	1911	0	1	1	1911
CY121501.1	622	1946	6	8	14	622
CY121501.1	624	909	1	0	1	624
CY121501.1	627	1523	0	1	1	1523
CY121501.1	636	1973	5	4	9	636
CY121501.1	637	1904	10	3	13	637
CY121501.1	640	1832	1	0	1	640
CY121501.1	645	1822	3	0	3	645
CY121501.1	647	1839	0	1	1	1839
CY121501.1	653	1909	1	0	1	653
CY121501.1	659	1890	9	3	12	659
CY121501.1	668	1802	3	0	3	668
CY121501.1	668	1928	3	0	3	668
CY121501.1	672	1846	453	407	860	672
CY121501.1	675	1913	4	5	9	675
CY121501.1	676	1808	1	0	1	676
CY121501.1	681	1837	1	0	1	681
CY121501.1	681	1862	0	1	1	1862
CY121501.1	683	1861	0	11	11	1861
CY121501.1	686	1857	0	1	1	1857
CY121501.1	687	1948	1	0	1	687
CY121501.1	688	1954	1	0	1	688
CY121501.1	691	1890	0	7	7	1890
CY121501.1	698	1901	0	2	2	1901
CY121501.1	700	2383	0	29	29	2383
CY121501.1	701	1821	5	2	7	701
CY121501.1	705	2389	0	1	1	2389
CY121501.1	712	1845	10	7	17	712
CY121501.1	713	1854	0	3	3	1854
CY121501.1	718	813	1	1	2	718
CY121501.1	719	1861	0	1	1	1861
CY121501.1	721	1840	6	3	9	721
CY121501.1	724	1931	1	0	1	724
CY121501.1	727	1655	0	1	1	1655
CY121501.1	729	1807	3	0	3	729
CY121501.1	742	1892	4	4	8	742
CY121501.1	743	1828	1	0	1	743
CY121501.1	747	2233	1	0	1	747
CY121501.1	761	1265	1	0	1	761
CY121501.1	774	2057	1	0	1	774
CY121501.1	781	1902	0	1	1	1902
CY121501.1	782	1856	0	1	1	1856
CY121501.1	799	825	0	1	1	825
CY121501.1	853	1614	4	6	10	853
CY121501.1	857	2071	0	1	1	2071
CY121501.1	888	1952	3	2	5	888
CY121501.1	908	2076	1	0	1	908
CY121501.1	952	2345	0	1	1	2345
CY121501.1	986	1407	1	0	1	986
CY121502.1	1001	1368	1	0	1	1001
CY121502.1	1011	1453	1	0	1	1011
CY121502.1	1012	1729	1	0	1	1012
CY121502.1	1019	1639	1	0	1	1019
CY121502.1	1057	1089	1	0	1	1057
CY121502.1	1129	1225	1	0	1	1129
CY121502.1	1148	1467	1	0	1	1148
CY121502.1	1149	1643	1	2	3	1149
CY121502.1	1181	1565	1	0	1	1181
CY121502.1	1185	1762	0	1	1	1762
CY121502.1	1214	1955	1	0	1	1214
CY121502.1	1252	1953	1	0	1	1252
CY121502.1	1284	1515	1	0	1	1284
CY121502.1	1341	1416	0	1	1	1416
CY121502.1	1352	2229	0	1	1	2229
CY121502.1	1403	1868	1	0	1	1403
CY121502.1	1440	1703	0	1	1	1703
CY121502.1	1444	2021	0	1	1	2021
CY121502.1	1503	2058	0	1	1	2058
CY121502.1	1570	2143	1	0	1	1570
CY121502.1	1599	1646	0	1	1	1646
CY121502.1	1615	2019	1	0	1	1615
CY121502.1	1699	1889	1	0	1	1699
CY121502.1	1861	2227	1	0	1	1861
CY121502.1	1892	2353	1	0	1	1892
CY121502.1	1916	2141	0	1	1	2141
CY121502.1	1981	2085	0	1	1	2085
CY121502.1	1999	2176	2	1	3	1999
CY121502.1	1999	2387	1	0	1	1999
CY121502.1	2087	2202	0	1	1	2202
CY121502.1	2098	2330	23	0	23	2098
CY121502.1	2181	2261	1	0	1	2181
CY121502.1	2185	2283	2	0	2	2185
CY121502.1	2281	2305	5	5	10	2281
CY121502.1	2283	2367	20	2	22	2283
CY121502.1	2287	2309	586	321	907	2287
CY121502.1	2294	2316	0	1	1	2316
CY121502.1	240	2160	1	0	1	240
CY121502.1	2420	2454	1	10	11	2420
CY121502.1	245	276	6	0	6	245
CY121502.1	245	324	6	0	6	245
CY121502.1	246	272	2	0	2	246
CY121502.1	249	2123	2	0	2	249
CY121502.1	251	299	13	0	13	251
CY121502.1	255	1900	4	0	4	255
CY121502.1	255	2129	9	0	9	255
CY121502.1	261	294	6	0	6	261
CY121502.1	291	2326	2	0	2	291
CY121502.1	293	2370	4	2	6	293
CY121502.1	293	347	12	0	12	293
CY121502.1	310	2364	4	0	4	310
CY121502.1	319	2117	3	1	4	319
CY121502.1	323	2236	0	1	1	2236
CY121502.1	325	1808	0	1	1	1808
CY121502.1	327	2350	24	16	40	327
CY121502.1	330	2037	1	0	1	330
CY121502.1	335	2339	1	0	1	335
CY121502.1	340	2289	3	1	4	340
CY121502.1	341	2314	1	1	2	341
CY121502.1	346	619	1	0	1	346
CY121502.1	354	2311	6	0	6	354
CY121502.1	357	2305	6	0	6	357
CY121502.1	362	2327	5	2	7	362
CY121502.1	363	2215	2	0	2	363
CY121502.1	368	2327	1	0	1	368
CY121502.1	383	2354	2	1	3	383
CY121502.1	386	2298	1	0	1	386
CY121502.1	387	2378	0	1	1	2378
CY121502.1	392	2262	1	0	1	392
CY121502.1	393	2363	8	1	9	393
CY121502.1	396	2300	2	0	2	396
CY121502.1	396	2307	7	0	7	396
CY121502.1	397	2243	78	6	84	397
CY121502.1	397	2332	2	0	2	397
CY121502.1	403	2132	1	0	1	403
CY121502.1	405	2247	2	1	3	405
CY121502.1	405	2326	10	1	11	405
CY121502.1	417	2249	4	0	4	417
CY121502.1	419	2278	5	0	5	419
CY121502.1	426	2360	3	0	3	426
CY121502.1	428	1976	2	1	3	428
CY121502.1	441	2186	4	1	5	441
CY121502.1	441	2330	1	0	1	441
CY121502.1	444	526	3	0	3	444
CY121502.1	479	507	0	1	1	507
CY121502.1	497	2041	0	1	1	2041
CY121502.1	502	2381	15	4	19	502
CY121502.1	517	2104	1	0	1	517
CY121502.1	517	2113	2	0	2	517
CY121502.1	532	2097	2	0	2	532
CY121502.1	532	2117	1	0	1	532
CY121502.1	536	2079	2	0	2	536
CY121502.1	541	2101	4	0	4	541
CY121502.1	544	2104	2	0	2	544
CY121502.1	547	2097	1	0	1	547
CY121502.1	549	2109	4	0	4	549
CY121502.1	555	2107	1	0	1	555
CY121502.1	558	2109	6	0	6	558
CY121502.1	559	2048	1	0	1	559
CY121502.1	565	2197	6	1	7	565
CY121502.1	566	681	1	0	1	566
CY121502.1	570	2121	2	0	2	570
CY121502.1	575	2455	0	8	8	2455
CY121502.1	576	2123	0	1	1	2123
CY121502.1	576	2247	9	0	9	576
CY121502.1	578	1200	0	1	1	1200
CY121502.1	578	2125	420	381	801	578
CY121502.1	579	2126	0	16	16	2126
CY121502.1	598	2174	0	2	2	2174
CY121502.1	605	2146	0	3	3	2146
CY121502.1	609	2018	0	1	1	2018
CY121502.1	625	2147	0	1	1	2147
CY121502.1	630	2133	0	12	12	2133
CY121502.1	634	1651	4	0	4	634
CY121502.1	636	1803	3	0	3	636
CY121502.1	638	2178	0	1	1	2178
CY121502.1	687	1902	8	2	10	687
CY121502.1	711	1698	1	0	1	711
CY121502.1	713	2101	3	1	4	713
CY121502.1	734	2347	16	7	23	734
CY121502.1	745	1902	1	0	1	745
CY121502.1	760	2378	0	1	1	2378
CY121502.1	762	2003	0	2	2	2003
CY121502.1	797	1678	6	1	7	797
CY121502.1	834	1044	1	0	1	834
CY121502.1	841	1688	0	1	1	1688
CY121502.1	842	1646	1	0	1	842
CY121502.1	861	1872	1	0	1	861
CY121502.1	875	1213	1	0	1	875
CY121502.1	908	1247	1	0	1	908
CY121502.1	910	2498	0	1	1	2498
CY121502.1	974	1457	0	1	1	1457
CY121502.1	978	1886	4	6	10	978
CY121503.1	1010	2177	1	0	1	1010
CY121503.1	1035	1597	0	1	1	1597
CY121503.1	1038	1506	2	0	2	1038
CY121503.1	1164	2095	1	0	1	1164
CY121503.1	1172	2151	0	1	1	2151
CY121503.1	1172	2158	3	4	7	1172
CY121503.1	1179	2164	0	1	1	2164
CY121503.1	1182	1877	1	3	4	1182
CY121503.1	1184	2090	5	17	22	1184
CY121503.1	1184	2093	18	35	53	1184
CY121503.1	1211	2404	1	0	1	1211
CY121503.1	1235	1888	1	2	3	1235
CY121503.1	1246	2115	0	1	1	2115
CY121503.1	1300	1484	1	0	1	1300
CY121503.1	1312	2123	1	2	3	1312
CY121503.1	1325	2150	1	1	2	1325
CY121503.1	1353	1656	1	0	1	1353
CY121503.1	1354	2061	1	0	1	1354
CY121503.1	1386	1835	0	2	2	1835
CY121503.1	1386	2005	1	0	1	1386
CY121503.1	1386	2032	10	33	43	1386
CY121503.1	1386	2034	1	2	3	1386
CY121503.1	1415	2108	0	2	2	2108
CY121503.1	1427	1996	0	2	2	1996
CY121503.1	1572	2094	0	1	1	2094
CY121503.1	1603	1755	0	1	1	1755
CY121503.1	1677	2421	0	1	1	2421
CY121503.1	1680	2284	1	0	1	1680
CY121503.1	1697	2002	1	0	1	1697
CY121503.1	1700	2038	1	0	1	1700
CY121503.1	1703	2148	2	4	6	1703
CY121503.1	1779	2154	0	1	1	2154
CY121503.1	1789	2026	1	0	1	1789
CY121503.1	1802	2039	2	1	3	1802
CY121503.1	1856	2183	0	1	1	2183
CY121503.1	1946	2170	1	0	1	1946
CY121503.1	1949	2034	0	1	1	2034
CY121503.1	2214	2387	2	0	2	2214
CY121503.1	2219	2392	223	52	275	2219
CY121503.1	2220	2393	0	1	1	2393
CY121503.1	2258	2354	1	0	1	2258
CY121503.1	313	2315	1	1	2	313
CY121503.1	340	2329	1	0	1	340
CY121503.1	347	2236	2	0	2	347
CY121503.1	358	2247	1	0	1	358
CY121503.1	371	1274	0	1	1	1274
CY121503.1	372	2297	1	4	5	372
CY121503.1	381	618	0	1	1	618
CY121503.1	382	2294	3	3	6	382
CY121503.1	387	2249	3	12	15	387
CY121503.1	395	510	1	0	1	395
CY121503.1	397	2061	0	1	1	2061
CY121503.1	418	2016	7	13	20	418
CY121503.1	421	678	0	1	1	678
CY121503.1	432	1037	0	1	1	1037
CY121503.1	440	2251	1	9	10	440
CY121503.1	444	486	172	297	469	444
CY121503.1	450	2196	2	14	16	450
CY121503.1	457	504	1	0	1	457
CY121503.1	461	504	0	1	1	504
CY121503.1	470	2242	10	25	35	470
CY121503.1	478	2339	0	1	1	2339
CY121503.1	481	1558	0	1	1	1558
CY121503.1	481	2129	1	0	1	481
CY121503.1	484	1840	1	0	1	484
CY121503.1	485	1998	225	287	512	485
CY121503.1	485	2133	16	40	56	485
CY121503.1	491	2139	1	2	3	491
CY121503.1	510	2186	3	5	8	510
CY121503.1	511	2189	0	1	1	2189
CY121503.1	515	2129	0	1	1	2129
CY121503.1	521	1802	21	15	36	521
CY121503.1	549	2055	0	2	2	2055
CY121503.1	557	1618	1	0	1	557
CY121503.1	564	2032	6	5	11	564
CY121503.1	564	2143	0	1	1	2143
CY121503.1	603	1789	1	0	1	603
CY121503.1	613	1938	230	397	627	613
CY121503.1	614	1939	0	2	2	1939
CY121503.1	637	1960	4	3	7	637
CY121503.1	649	721	0	1	1	721
CY121503.1	689	1879	0	1	1	1879
CY121503.1	698	1934	0	2	2	1934
CY121503.1	743	968	1	0	1	743
CY121503.1	759	1853	2	3	5	759
CY121503.1	781	2362	0	1	1	2362
CY121503.1	785	1780	0	1	1	1780
CY121503.1	837	1811	7	10	17	837
CY121503.1	917	1993	4	6	10	917
CY121503.1	944	1878	1	0	1	944
CY121503.1	965	1873	1	0	1	965
