Segment	Start	Stop	Forward_support	Reverse_support	Total_support	Fuzz_factor
CY121496.1	1000	1029	0	1	1	1029
CY121496.1	1036	1137	1	0	1	1036
CY121496.1	1039	1398	0	1	1	1398
CY121496.1	1040	1214	1	0	1	1040
CY121496.1	1043	1335	0	1	1	1335
CY121496.1	1053	1376	0	1	1	1376
CY121496.1	1060	1645	1	0	1	1060
CY121496.1	1092	1188	0	1	1	1188
CY121496.1	1100	1149	0	1	1	1149
CY121496.1	1102	1459	0	1	1	1459
CY121496.1	1114	1568	1	0	1	1114
CY121496.1	1152	1376	0	1	1	1376
CY121496.1	1181	1872	0	1	1	1872
CY121496.1	1185	1795	1	0	1	1185
CY121496.1	1209	1897	0	1	1	1897
CY121496.1	1216	1796	3	1	4	1216
CY121496.1	1222	1272	1	1	2	1222
CY121496.1	1244	1765	1	0	1	1244
CY121496.1	1252	1636	1	0	1	1252
CY121496.1	1258	1366	1	0	1	1258
CY121496.1	1297	1519	0	1	1	1519
CY121496.1	1297	1724	1	0	1	1297
CY121496.1	1320	1529	0	1	1	1529
CY121496.1	1334	1547	0	1	1	1547
CY121496.1	1404	1730	0	1	1	1730
CY121496.1	1460	1577	0	1	1	1577
CY121496.1	1468	1570	1	0	1	1468
CY121496.1	1489	1682	1	0	1	1489
CY121496.1	1499	1792	1	0	1	1499
CY121496.1	1503	1751	0	1	1	1751
CY121496.1	1519	1818	1	0	1	1519
CY121496.1	1580	1801	1	0	1	1580
CY121496.1	1582	1760	1	0	1	1582
CY121496.1	1607	1736	1	0	1	1607
CY121496.1	1636	1787	1	0	1	1636
CY121496.1	1657	1828	1	0	1	1657
CY121496.1	1666	1702	0	1	1	1702
CY121496.1	1703	1890	0	10	10	1890
CY121496.1	1762	1837	0	1	1	1837
CY121496.1	239	611	1	0	1	239
CY121496.1	245	1856	1	0	1	245
CY121496.1	251	1179	1	0	1	251
CY121496.1	284	1817	1	0	1	284
CY121496.1	284	676	1	0	1	284
CY121496.1	286	1536	1	1	2	286
CY121496.1	289	549	1	1	2	289
CY121496.1	290	1447	1	0	1	290
CY121496.1	317	1686	0	1	1	1686
CY121496.1	327	695	1	0	1	327
CY121496.1	328	899	1	0	1	328
CY121496.1	347	1196	1	0	1	347
CY121496.1	352	1196	0	1	1	1196
CY121496.1	355	1318	1	0	1	355
CY121496.1	355	419	1	0	1	355
CY121496.1	361	1532	0	1	1	1532
CY121496.1	361	567	0	1	1	567
CY121496.1	363	1739	1	0	1	363
CY121496.1	366	1887	0	1	1	1887
CY121496.1	367	1606	0	1	1	1606
CY121496.1	367	1642	1	0	1	367
CY121496.1	377	1461	0	1	1	1461
CY121496.1	381	1333	0	1	1	1333
CY121496.1	383	1579	1	0	1	383
CY121496.1	390	785	1	0	1	390
CY121496.1	393	1682	0	1	1	1682
CY121496.1	395	1640	0	1	1	1640
CY121496.1	395	718	1	0	1	395
CY121496.1	406	1631	0	1	1	1631
CY121496.1	418	1229	1	0	1	418
CY121496.1	422	1113	0	1	1	1113
CY121496.1	425	480	1	0	1	425
CY121496.1	428	1649	1	0	1	428
CY121496.1	429	486	1	0	1	429
CY121496.1	438	1373	1	0	1	438
CY121496.1	439	1289	0	1	1	1289
CY121496.1	442	667	1	0	1	442
CY121496.1	443	643	0	1	1	643
CY121496.1	451	1145	0	1	1	1145
CY121496.1	453	1709	1	0	1	453
CY121496.1	454	737	0	1	1	737
CY121496.1	474	1087	0	1	1	1087
CY121496.1	477	532	1	0	1	477
CY121496.1	483	1400	1	0	1	483
CY121496.1	487	1135	1	0	1	487
CY121496.1	491	996	12	3	15	491
CY121496.1	499	1618	0	1	1	1618
CY121496.1	499	768	0	1	1	768
CY121496.1	501	1435	1	0	1	501
CY121496.1	509	870	1	0	1	509
CY121496.1	516	1053	0	1	1	1053
CY121496.1	520	1057	1	0	1	520
CY121496.1	544	1058	4	3	7	544
CY121496.1	546	1381	1	0	1	546
CY121496.1	547	1072	1	0	1	547
CY121496.1	548	655	1	0	1	548
CY121496.1	550	1209	9	4	13	550
CY121496.1	551	1547	1	0	1	551
CY121496.1	565	811	1	0	1	565
CY121496.1	566	1610	1	0	1	566
CY121496.1	573	956	1	0	1	573
CY121496.1	576	1779	1	0	1	576
CY121496.1	597	1196	1	0	1	597
CY121496.1	597	1649	1	0	1	597
CY121496.1	611	1120	1	0	1	611
CY121496.1	629	1609	0	1	1	1609
CY121496.1	630	1138	0	1	1	1138
CY121496.1	659	1819	1	0	1	659
CY121496.1	660	1569	1	0	1	660
CY121496.1	662	1479	1	0	1	662
CY121496.1	708	832	1	0	1	708
CY121496.1	731	1279	0	1	1	1279
CY121496.1	732	1631	0	1	1	1631
CY121496.1	733	851	0	1	1	851
CY121496.1	738	852	1	0	1	738
CY121496.1	740	1756	0	1	1	1756
CY121496.1	743	865	0	1	1	865
CY121496.1	746	1202	0	1	1	1202
CY121496.1	774	1685	1	0	1	774
CY121496.1	790	1406	1	0	1	790
CY121496.1	799	1477	1	0	1	799
CY121496.1	808	837	1	0	1	808
CY121496.1	815	1774	1	0	1	815
CY121496.1	823	984	0	1	1	984
CY121496.1	832	1671	1	0	1	832
CY121496.1	858	981	1	0	1	858
CY121496.1	862	1325	0	1	1	1325
CY121496.1	865	1834	1	0	1	865
CY121496.1	866	945	1	0	1	866
CY121496.1	878	1773	1	0	1	878
CY121496.1	886	1366	0	1	1	1366
CY121496.1	912	985	1	0	1	912
CY121496.1	917	1640	1	0	1	917
CY121496.1	923	1150	0	1	1	1150
CY121496.1	937	1327	0	1	1	1327
CY121496.1	938	1194	5	2	7	938
CY121496.1	947	1232	3	4	7	947
CY121496.1	947	976	1	0	1	947
CY121496.1	972	1657	0	1	1	1657
CY121496.1	974	1202	0	1	1	1202
CY121496.1	974	1652	1	0	1	974
CY121496.1	993	1300	0	1	1	1300
CY121496.1	998	1060	1	0	1	998
CY121497.1	1012	1108	0	1	1	1108
CY121497.1	1056	1085	0	1	1	1085
CY121497.1	250	367	1	0	1	250
CY121497.1	253	1006	1	0	1	253
CY121497.1	273	1064	1	0	1	273
CY121497.1	299	1065	0	1	1	1065
CY121497.1	320	865	1	0	1	320
CY121497.1	324	370	0	1	1	370
CY121497.1	324	487	1	0	1	324
CY121497.1	334	720	0	1	1	720
CY121497.1	335	715	1	0	1	335
CY121497.1	341	666	0	1	1	666
CY121497.1	344	783	0	1	1	783
CY121497.1	344	934	0	1	1	934
CY121497.1	346	661	1	0	1	346
CY121497.1	349	890	1	0	1	349
CY121497.1	353	726	0	1	1	726
CY121497.1	357	710	1	0	1	357
CY121497.1	361	1020	0	1	1	1020
CY121497.1	364	577	0	1	1	577
CY121497.1	366	598	0	1	1	598
CY121497.1	371	627	1	0	1	371
CY121497.1	384	492	0	1	1	492
CY121497.1	385	981	0	1	1	981
CY121497.1	386	1066	0	1	1	1066
CY121497.1	387	477	0	1	1	477
CY121497.1	390	869	1	0	1	390
CY121497.1	395	506	0	1	1	506
CY121497.1	396	1021	0	1	1	1021
CY121497.1	396	700	0	1	1	700
CY121497.1	397	451	0	1	1	451
CY121497.1	397	481	1	0	1	397
CY121497.1	406	1011	1	0	1	406
CY121497.1	413	746	0	1	1	746
CY121497.1	413	948	0	1	1	948
CY121497.1	415	491	1	0	1	415
CY121497.1	416	493	0	1	1	493
CY121497.1	418	1151	0	1	1	1151
CY121497.1	421	479	1	0	1	421
CY121497.1	422	536	0	1	1	536
CY121497.1	438	651	1	0	1	438
CY121497.1	449	924	0	1	1	924
CY121497.1	470	966	0	1	1	966
CY121497.1	473	962	0	1	1	962
CY121497.1	481	1006	1	0	1	481
CY121497.1	486	1001	1	0	1	486
CY121497.1	486	964	1	0	1	486
CY121497.1	487	764	1	0	1	487
CY121497.1	493	879	0	1	1	879
CY121497.1	499	619	0	1	1	619
CY121497.1	517	557	0	1	1	557
CY121497.1	527	627	0	1	1	627
CY121497.1	529	567	0	1	1	567
CY121497.1	536	939	1	0	1	536
CY121497.1	537	1070	1	0	1	537
CY121497.1	540	1004	2	0	2	540
CY121497.1	540	671	0	1	1	671
CY121497.1	541	883	1	0	1	541
CY121497.1	556	610	1	0	1	556
CY121497.1	559	612	0	1	1	612
CY121497.1	579	1146	0	1	1	1146
CY121497.1	580	756	0	1	1	756
CY121497.1	584	857	1	0	1	584
CY121497.1	586	1047	1	0	1	586
CY121497.1	586	713	0	1	1	713
CY121497.1	587	845	1	0	1	587
CY121497.1	592	865	3	2	5	592
CY121497.1	609	785	0	1	1	785
CY121497.1	626	1109	0	1	1	1109
CY121497.1	630	1150	0	1	1	1150
CY121497.1	631	1015	0	1	1	1015
CY121497.1	635	693	1	0	1	635
CY121497.1	644	981	0	1	1	981
CY121497.1	653	1138	0	1	1	1138
CY121497.1	669	907	0	1	1	907
CY121497.1	682	818	4	6	10	682
CY121497.1	688	788	0	1	1	788
CY121497.1	688	842	1	4	5	688
CY121497.1	710	789	2	2	4	710
CY121497.1	719	801	0	1	1	801
CY121497.1	721	844	0	1	1	844
CY121497.1	721	863	3	11	14	721
CY121497.1	724	835	0	1	1	835
CY121497.1	727	983	1	0	1	727
CY121497.1	746	1105	0	1	1	1105
CY121497.1	756	1141	1	1	2	756
CY121497.1	771	853	2	0	2	771
CY121497.1	795	865	1	3	4	795
CY121497.1	813	1026	0	1	1	1026
CY121497.1	813	915	1	0	1	813
CY121497.1	820	1081	1	0	1	820
CY121497.1	833	1032	0	1	1	1032
CY121497.1	843	915	0	1	1	915
CY121497.1	848	1154	0	1	1	1154
CY121497.1	860	1164	0	1	1	1164
CY121497.1	862	915	0	1	1	915
CY121497.1	863	983	1	0	1	863
CY121497.1	875	1013	1	0	1	875
CY121497.1	879	1031	0	1	1	1031
CY121497.1	900	1016	1	0	1	900
CY121497.1	901	1111	0	1	1	1111
CY121497.1	937	1001	1	0	1	937
CY121497.1	944	1040	0	1	1	1040
CY121497.1	950	1009	0	1	1	1009
CY121497.1	956	1020	0	1	1	1020
CY121497.1	976	1039	1	1	2	976
CY121497.1	986	1142	0	1	1	1142
CY121498.1	1021	1235	1	0	1	1021
CY121498.1	1053	1236	1	0	1	1053
CY121498.1	1112	1215	0	4	4	1215
CY121498.1	1280	1305	0	1	1	1305
CY121498.1	1300	1352	0	1	1	1352
CY121498.1	1301	1492	1	2	3	1301
CY121498.1	1336	1503	7	1	8	1336
CY121498.1	1355	1398	0	1	1	1398
CY121498.1	252	1128	1	0	1	252
CY121498.1	283	635	1	0	1	283
CY121498.1	310	1107	0	1	1	1107
CY121498.1	419	917	4	3	7	419
CY121498.1	434	1409	2	5	7	434
CY121498.1	445	1050	1	0	1	445
CY121498.1	477	587	0	1	1	587
CY121498.1	521	1023	1	0	1	521
CY121498.1	524	729	1	0	1	524
CY121498.1	564	1130	1	0	1	564
CY121498.1	568	1601	0	1	1	1601
CY121498.1	613	1434	1	0	1	613
CY121498.1	627	765	1	0	1	627
CY121498.1	655	1154	0	1	1	1154
CY121498.1	659	1319	1	0	1	659
CY121498.1	724	1145	0	1	1	1145
CY121498.1	750	1388	1	0	1	750
CY121498.1	784	1101	1	0	1	784
CY121498.1	785	1119	1	0	1	785
CY121498.1	813	1161	1	0	1	813
CY121498.1	843	954	0	1	1	954
CY121498.1	851	1338	1	0	1	851
CY121498.1	890	1161	0	1	1	1161
CY121498.1	935	1439	1	0	1	935
CY121498.1	951	1170	0	1	1	1170
CY121498.1	955	1034	1	0	1	955
CY121498.1	968	1467	1	0	1	968
CY121498.1	969	1477	0	1	1	1477
CY121499.1	1038	1482	0	1	1	1482
CY121499.1	1045	1522	0	1	1	1522
CY121499.1	1048	1420	1	0	1	1048
CY121499.1	1068	1345	0	1	1	1345
CY121499.1	1070	1466	0	1	1	1466
CY121499.1	1115	1383	0	1	1	1383
CY121499.1	1122	1270	0	1	1	1270
CY121499.1	1143	1558	0	1	1	1558
CY121499.1	1146	1280	1	0	1	1146
CY121499.1	1155	1229	1	0	1	1155
CY121499.1	1182	1246	0	1	1	1246
CY121499.1	1197	1251	0	1	1	1251
CY121499.1	1319	1709	0	1	1	1709
CY121499.1	1409	1549	0	1	1	1549
CY121499.1	1423	1546	0	1	1	1546
CY121499.1	1430	1614	0	1	1	1614
CY121499.1	1443	1547	0	1	1	1547
CY121499.1	1444	1568	3	4	7	1444
CY121499.1	1448	1498	1	2	3	1448
CY121499.1	1483	1513	1	0	1	1483
CY121499.1	246	378	1	0	1	246
CY121499.1	247	1238	1	0	1	247
CY121499.1	248	605	1	0	1	248
CY121499.1	278	1475	1	0	1	278
CY121499.1	284	1093	1	0	1	284
CY121499.1	285	483	1	0	1	285
CY121499.1	298	1371	0	1	1	1371
CY121499.1	323	1569	0	1	1	1569
CY121499.1	327	867	1	0	1	327
CY121499.1	331	1550	0	1	1	1550
CY121499.1	371	976	1	0	1	371
CY121499.1	376	1172	0	1	1	1172
CY121499.1	385	1579	5	13	18	385
CY121499.1	399	1030	0	1	1	1030
CY121499.1	403	1697	2	24	26	403
CY121499.1	404	1035	0	1	1	1035
CY121499.1	404	1698	0	1	1	1698
CY121499.1	422	1173	1	0	1	422
CY121499.1	423	942	2	2	4	423
CY121499.1	425	1420	0	1	1	1420
CY121499.1	425	1593	1	0	1	425
CY121499.1	428	1340	0	1	1	1340
CY121499.1	429	948	1	0	1	429
CY121499.1	431	1239	0	1	1	1239
CY121499.1	432	720	0	1	1	720
CY121499.1	432	784	1	0	1	432
CY121499.1	447	942	1	0	1	447
CY121499.1	468	1593	0	1	1	1593
CY121499.1	470	984	1	0	1	470
CY121499.1	482	991	1	0	1	482
CY121499.1	502	730	0	1	1	730
CY121499.1	506	1548	1	0	1	506
CY121499.1	524	1073	0	1	1	1073
CY121499.1	548	1369	1	0	1	548
CY121499.1	560	1233	0	1	1	1233
CY121499.1	565	821	1	0	1	565
CY121499.1	572	1599	1	0	1	572
CY121499.1	576	1355	0	1	1	1355
CY121499.1	588	976	0	1	1	976
CY121499.1	594	645	1	0	1	594
CY121499.1	605	1384	1	0	1	605
CY121499.1	619	1510	1	0	1	619
CY121499.1	619	803	0	1	1	803
CY121499.1	621	1230	1	0	1	621
CY121499.1	622	814	0	1	1	814
CY121499.1	627	1236	6	3	9	627
CY121499.1	636	1353	12	14	26	636
CY121499.1	644	1312	1	0	1	644
CY121499.1	662	1240	1	0	1	662
CY121499.1	666	1230	0	1	1	1230
CY121499.1	678	777	0	1	1	777
CY121499.1	699	1558	0	1	1	1558
CY121499.1	705	1381	1	0	1	705
CY121499.1	714	1386	3	4	7	714
CY121499.1	716	1624	0	1	1	1624
CY121499.1	749	1445	6	15	21	749
CY121499.1	752	1493	0	1	1	1493
CY121499.1	778	1058	0	1	1	1058
CY121499.1	832	959	2	0	2	832
CY121499.1	842	1144	0	1	1	1144
CY121499.1	846	1128	1	0	1	846
CY121499.1	847	950	1	0	1	847
CY121499.1	894	1620	0	1	1	1620
CY121499.1	911	1711	0	1	1	1711
CY121499.1	925	1217	1	0	1	925
CY121499.1	939	1336	1	0	1	939
CY121499.1	941	1112	1	0	1	941
CY121499.1	968	1565	1	0	1	968
CY121499.1	972	1045	1	4	5	972
CY121500.1	250	916	1	0	1	250
CY121500.1	273	932	1	0	1	273
CY121500.1	275	937	52	3	55	275
CY121500.1	276	938	1	0	1	276
CY121500.1	290	980	4	1	5	290
CY121500.1	293	660	4	0	4	293
CY121500.1	478	710	1	0	1	478
CY121500.1	514	743	15	31	46	514
CY121500.1	522	749	0	2	2	749
CY121500.1	614	991	1	0	1	614
CY121501.1	1048	1518	1	3	4	1048
CY121501.1	1077	1418	0	1	1	1418
CY121501.1	1090	2372	0	1	1	2372
CY121501.1	1105	1647	0	1	1	1647
CY121501.1	1107	2393	0	1	1	2393
CY121501.1	1170	1705	1	0	1	1170
CY121501.1	1173	1851	0	1	1	1851
CY121501.1	1173	2230	0	1	1	2230
CY121501.1	1260	1649	3	5	8	1260
CY121501.1	1261	1411	0	1	1	1411
CY121501.1	1271	1953	1	0	1	1271
CY121501.1	1311	1834	0	1	1	1834
CY121501.1	1345	1784	0	1	1	1784
CY121501.1	1362	1870	1	0	1	1362
CY121501.1	1387	1821	1	0	1	1387
CY121501.1	1408	2087	0	1	1	2087
CY121501.1	1418	2114	1	0	1	1418
CY121501.1	1441	2261	0	1	1	2261
CY121501.1	1483	2107	1	0	1	1483
CY121501.1	1519	2355	0	1	1	2355
CY121501.1	1527	2261	1	0	1	1527
CY121501.1	1530	2296	1	1	2	1530
CY121501.1	1537	1671	0	1	1	1671
CY121501.1	1545	2266	0	1	1	2266
CY121501.1	1551	1794	1	0	1	1551
CY121501.1	1552	2194	0	1	1	2194
CY121501.1	1561	2090	1	0	1	1561
CY121501.1	1570	2297	0	1	1	2297
CY121501.1	1628	2024	1	0	1	1628
CY121501.1	1664	2200	1	0	1	1664
CY121501.1	1738	1874	0	1	1	1874
CY121501.1	1763	2168	0	1	1	2168
CY121501.1	1801	1823	1	0	1	1801
CY121501.1	1906	1928	0	1	1	1928
CY121501.1	1946	1968	2	1	3	1946
CY121501.1	2043	2145	1	0	1	2043
CY121501.1	250	1699	1	0	1	250
CY121501.1	279	1715	2	0	2	279
CY121501.1	282	341	12	2	14	282
CY121501.1	287	1305	1	0	1	287
CY121501.1	289	2129	1	0	1	289
CY121501.1	293	2182	8	5	13	293
CY121501.1	295	339	1	4	5	295
CY121501.1	303	2195	0	1	1	2195
CY121501.1	312	2171	1	16	17	312
CY121501.1	312	336	0	29	29	336
CY121501.1	325	2117	0	1	1	2117
CY121501.1	327	2189	7	24	31	327
CY121501.1	335	2186	5	26	31	335
CY121501.1	336	2155	0	16	16	2155
CY121501.1	336	370	0	11	11	370
CY121501.1	337	2159	1	26	27	337
CY121501.1	340	2176	1	0	1	340
CY121501.1	344	2191	3	29	32	344
CY121501.1	345	2180	0	1	1	2180
CY121501.1	350	2190	0	1	1	2190
CY121501.1	371	2155	3	30	33	371
CY121501.1	382	2184	5	23	28	382
CY121501.1	392	2176	6	37	43	392
CY121501.1	393	2185	0	14	14	2185
CY121501.1	399	1712	0	1	1	1712
CY121501.1	406	2136	31	194	225	406
CY121501.1	406	2166	0	1	1	2166
CY121501.1	412	2218	0	1	1	2218
CY121501.1	419	2162	0	1	1	2162
CY121501.1	430	2225	7	9	16	430
CY121501.1	432	2176	0	1	1	2176
CY121501.1	441	2033	0	1	1	2033
CY121501.1	444	2180	0	1	1	2180
CY121501.1	492	2066	30	73	103	492
CY121501.1	492	558	6	12	18	492
CY121501.1	500	2072	0	1	1	2072
CY121501.1	540	2034	60	48	108	540
CY121501.1	540	2073	7	9	16	540
CY121501.1	543	729	1	0	1	543
CY121501.1	546	1998	1	0	1	546
CY121501.1	556	2011	1	0	1	556
CY121501.1	557	1943	10	5	15	557
CY121501.1	557	2034	23	17	40	557
CY121501.1	560	1289	1	0	1	560
CY121501.1	564	2053	1	2	3	564
CY121501.1	575	1813	1	0	1	575
CY121501.1	576	1822	1	0	1	576
CY121501.1	583	1258	0	1	1	1258
CY121501.1	584	1955	0	1	1	1955
CY121501.1	584	2059	0	1	1	2059
CY121501.1	586	1511	0	1	1	1511
CY121501.1	591	1766	0	1	1	1766
CY121501.1	596	2053	0	1	1	2053
CY121501.1	610	1609	1	0	1	610
CY121501.1	633	981	1	0	1	633
CY121501.1	643	1102	1	0	1	643
CY121501.1	645	690	0	1	1	690
CY121501.1	657	1650	0	1	1	1650
CY121501.1	658	1673	0	1	1	1673
CY121501.1	669	1983	1	0	1	669
CY121501.1	675	1989	4	5	9	675
CY121501.1	694	2185	12	12	24	694
CY121501.1	695	1714	1	0	1	695
CY121501.1	712	1974	1	0	1	712
CY121501.1	722	2039	0	1	1	2039
CY121501.1	724	1890	8	10	18	724
CY121501.1	735	1785	3	3	6	735
CY121501.1	736	1723	14	8	22	736
CY121501.1	738	1831	3	2	5	738
CY121501.1	742	2005	0	1	1	2005
CY121501.1	758	1683	0	1	1	1683
CY121501.1	764	1575	1	0	1	764
CY121501.1	767	1855	6	7	13	767
CY121501.1	787	1832	0	1	1	1832
CY121501.1	800	1381	0	1	1	1381
CY121501.1	842	1952	1	0	1	842
CY121501.1	846	1721	0	1	1	1721
CY121501.1	871	1673	0	1	1	1673
CY121501.1	875	1974	0	1	1	1974
CY121501.1	880	1979	6	10	16	880
CY121501.1	899	2169	7	5	12	899
CY121501.1	904	2003	0	1	1	2003
CY121501.1	914	2005	0	1	1	2005
CY121501.1	929	2196	0	2	2	2196
CY121501.1	952	2297	2	2	4	952
CY121502.1	1027	1816	1	2	3	1027
CY121502.1	1029	1648	3	1	4	1029
CY121502.1	1055	2041	0	1	1	2041
CY121502.1	1082	2083	1	0	1	1082
CY121502.1	1082	2351	0	1	1	2351
CY121502.1	1084	2457	0	1	1	2457
CY121502.1	1137	1698	1	0	1	1137
CY121502.1	1207	1872	1	0	1	1207
CY121502.1	1232	1677	1	0	1	1232
CY121502.1	1267	2258	0	1	1	2258
CY121502.1	1282	1857	0	1	1	1857
CY121502.1	1287	1847	1	0	1	1287
CY121502.1	1305	1762	0	1	1	1762
CY121502.1	1377	2183	0	1	1	2183
CY121502.1	1509	2170	1	0	1	1509
CY121502.1	1510	1546	0	1	1	1546
CY121502.1	1524	2110	0	1	1	2110
CY121502.1	1537	2092	0	1	1	2092
CY121502.1	1690	2040	1	0	1	1690
CY121502.1	1693	2301	0	1	1	2301
CY121502.1	1776	2251	0	1	1	2251
CY121502.1	1798	2015	0	1	1	2015
CY121502.1	1998	2024	1	0	1	1998
CY121502.1	2157	2186	2	1	3	2157
CY121502.1	2327	2361	3	2	5	2327
CY121502.1	244	2253	17	1	18	244
CY121502.1	249	2311	2	0	2	249
CY121502.1	250	2226	1	0	1	250
CY121502.1	251	2307	3	0	3	251
CY121502.1	253	2457	2	2	4	253
CY121502.1	262	2328	25	1	26	262
CY121502.1	291	2326	1	0	1	291
CY121502.1	293	347	1	1	2	293
CY121502.1	325	2284	1	0	1	325
CY121502.1	348	2338	21	13	34	348
CY121502.1	352	1350	1	0	1	352
CY121502.1	367	2307	7	2	9	367
CY121502.1	369	2286	30	5	35	369
CY121502.1	383	2235	1	0	1	383
CY121502.1	389	424	1	0	1	389
CY121502.1	395	2250	12	1	13	395
CY121502.1	438	2292	1	0	1	438
CY121502.1	438	2353	4	1	5	438
CY121502.1	439	2212	1	0	1	439
CY121502.1	440	2102	1	0	1	440
CY121502.1	441	2193	7	4	11	441
CY121502.1	442	2215	6	9	15	442
CY121502.1	464	1963	1	0	1	464
CY121502.1	472	1701	1	0	1	472
CY121502.1	474	2255	1	0	1	474
CY121502.1	513	1396	1	0	1	513
CY121502.1	526	2108	1	2	3	526
CY121502.1	615	1277	0	1	1	1277
CY121502.1	630	1514	1	1	2	630
CY121502.1	632	703	1	0	1	632
CY121502.1	663	1530	0	1	1	1530
CY121502.1	663	2117	0	1	1	2117
CY121502.1	677	2256	1	0	1	677
CY121502.1	681	2325	1	0	1	681
CY121502.1	686	2048	1	0	1	686
CY121502.1	688	2397	1	0	1	688
CY121502.1	693	1786	1	0	1	693
CY121502.1	714	1828	0	3	3	1828
CY121502.1	778	1656	0	1	1	1656
CY121502.1	783	1949	0	1	1	1949
CY121502.1	794	1781	1	0	1	794
CY121502.1	799	2390	1	0	1	799
CY121502.1	802	1690	1	0	1	802
CY121502.1	808	1826	0	1	1	1826
CY121502.1	829	1790	17	4	21	829
CY121502.1	829	1925	0	1	1	1925
CY121502.1	843	1938	0	1	1	1938
CY121502.1	847	1388	1	0	1	847
CY121502.1	851	1606	1	0	1	851
CY121502.1	854	956	1	0	1	854
CY121502.1	858	1612	0	1	1	1612
CY121502.1	864	1401	0	1	1	1401
CY121502.1	866	2389	0	1	1	2389
CY121502.1	872	2213	0	1	1	2213
CY121502.1	879	1414	0	1	1	1414
CY121502.1	884	1331	1	0	1	884
CY121502.1	906	1838	0	1	1	1838
CY121502.1	939	1037	1	0	1	939
CY121502.1	948	1304	0	1	1	1304
CY121502.1	985	1148	0	1	1	1148
CY121503.1	1015	1692	2	3	5	1015
CY121503.1	1031	1702	0	1	1	1702
CY121503.1	1045	2345	0	1	1	2345
CY121503.1	1052	1959	1	0	1	1052
CY121503.1	1055	1176	1	0	1	1055
CY121503.1	1083	2245	0	1	1	2245
CY121503.1	1084	2328	1	0	1	1084
CY121503.1	1102	2388	1	0	1	1102
CY121503.1	1109	1204	1	0	1	1109
CY121503.1	1149	1579	1	0	1	1149
CY121503.1	1181	1793	1	1	2	1181
CY121503.1	1222	1364	0	1	1	1364
CY121503.1	1224	1607	0	1	1	1607
CY121503.1	1257	2398	1	0	1	1257
CY121503.1	1324	2247	0	1	1	2247
CY121503.1	1329	2387	1	0	1	1329
CY121503.1	1361	1890	1	0	1	1361
CY121503.1	1376	2378	1	0	1	1376
CY121503.1	1570	1663	1	0	1	1570
CY121503.1	1571	1896	0	1	1	1896
CY121503.1	1572	1723	0	1	1	1723
CY121503.1	1585	1736	0	1	1	1736
CY121503.1	1863	2217	0	1	1	2217
CY121503.1	1895	1924	1	0	1	1895
CY121503.1	1897	2304	1	0	1	1897
CY121503.1	2094	2373	1	0	1	2094
CY121503.1	248	2339	1	0	1	248
CY121503.1	259	1781	1	0	1	259
CY121503.1	260	1235	1	0	1	260
CY121503.1	281	589	1	0	1	281
CY121503.1	312	2395	1	1	2	312
CY121503.1	315	2071	1	0	1	315
CY121503.1	317	2335	10	45	55	317
CY121503.1	319	2350	1	0	1	319
CY121503.1	325	2340	18	62	80	325
CY121503.1	331	1587	0	1	1	1587
CY121503.1	333	2278	0	1	1	2278
CY121503.1	337	706	0	1	1	706
CY121503.1	347	2236	2	2	4	347
CY121503.1	358	2247	1	2	3	358
CY121503.1	362	2323	0	1	1	2323
CY121503.1	365	2160	1	0	1	365
CY121503.1	366	1685	0	1	1	1685
CY121503.1	368	2334	56	115	171	368
CY121503.1	369	2176	2	8	10	369
CY121503.1	369	2358	0	1	1	2358
CY121503.1	373	1485	0	1	1	1485
CY121503.1	376	2394	0	1	1	2394
CY121503.1	384	2360	0	2	2	2360
CY121503.1	386	2281	3	56	59	386
CY121503.1	386	421	1	2	3	386
CY121503.1	387	2315	0	4	4	2315
CY121503.1	387	2348	37	79	116	387
CY121503.1	410	2381	2	3	5	410
CY121503.1	410	649	0	1	1	649
CY121503.1	413	2212	0	2	2	2212
CY121503.1	421	2238	3	12	15	421
CY121503.1	451	1090	1	0	1	451
CY121503.1	453	2296	2	2	4	453
CY121503.1	454	2171	8	10	18	454
CY121503.1	466	1393	1	0	1	466
CY121503.1	470	1677	1	0	1	470
CY121503.1	481	1884	1	1	2	481
CY121503.1	485	2222	12	25	37	485
CY121503.1	506	2380	1	0	1	506
CY121503.1	508	2073	4	10	14	508
CY121503.1	512	1992	21	6	27	512
CY121503.1	598	2021	5	6	11	598
CY121503.1	618	1346	0	1	1	1346
CY121503.1	642	1404	0	1	1	1404
CY121503.1	646	1154	1	0	1	646
CY121503.1	646	2114	0	2	2	2114
CY121503.1	646	2348	7	2	9	646
CY121503.1	655	2333	0	1	1	2333
CY121503.1	661	1076	1	0	1	661
CY121503.1	687	2050	0	2	2	2050
CY121503.1	713	2492	0	1	1	2492
CY121503.1	716	2085	1	0	1	716
CY121503.1	744	1904	1	0	1	744
CY121503.1	759	1936	1	0	1	759
CY121503.1	761	1020	0	1	1	1020
CY121503.1	849	1702	1	0	1	849
CY121503.1	881	1836	0	1	1	1836
CY121503.1	897	1102	0	1	1	1102
CY121503.1	897	2204	0	1	1	2204
CY121503.1	898	1832	1	0	1	898
CY121503.1	911	1007	1	0	1	911
CY121503.1	928	1067	0	1	1	1067
CY121503.1	939	1730	1	4	5	939
