Segment	Start	Stop	Forward_support	Reverse_support	Total_support	Fuzz_factor
CY121496.1	1063	1412	1	0	1	1063
CY121496.1	1065	1435	1	0	1	1065
CY121496.1	1069	1874	0	1	1	1874
CY121496.1	1094	1154	1	0	1	1094
CY121496.1	1146	1751	1	0	1	1146
CY121496.1	1182	1747	0	1	1	1747
CY121496.1	1202	1833	1	0	1	1202
CY121496.1	1228	1834	1	0	1	1228
CY121496.1	1231	1390	0	1	1	1390
CY121496.1	1354	1413	1	0	1	1354
CY121496.1	1454	1708	1	0	1	1454
CY121496.1	1476	1598	0	1	1	1598
CY121496.1	1483	1518	1	0	1	1483
CY121496.1	1486	1631	1	0	1	1486
CY121496.1	1530	1745	1	0	1	1530
CY121496.1	1590	1676	1	1	2	1590
CY121496.1	1595	1902	0	1	1	1902
CY121496.1	1674	1773	1	0	1	1674
CY121496.1	1694	1791	1	0	1	1694
CY121496.1	340	1110	0	1	1	1110
CY121496.1	349	868	1	0	1	349
CY121496.1	368	1686	0	1	1	1686
CY121496.1	388	1700	0	1	1	1700
CY121496.1	389	1239	0	1	1	1239
CY121496.1	399	1809	0	1	1	1809
CY121496.1	414	1341	3	0	3	414
CY121496.1	427	1565	0	1	1	1565
CY121496.1	470	1635	1	4	5	470
CY121496.1	496	1371	0	1	1	1371
CY121496.1	506	540	1	0	1	506
CY121496.1	532	1800	1	0	1	532
CY121496.1	548	1207	1	1	2	548
CY121496.1	565	1201	2	0	2	565
CY121496.1	571	854	0	1	1	854
CY121496.1	599	1773	0	1	1	1773
CY121496.1	677	1295	1	0	1	677
CY121496.1	691	1737	1	0	1	691
CY121496.1	710	1307	1	0	1	710
CY121496.1	710	1526	0	1	1	1526
CY121496.1	861	1551	1	0	1	861
CY121496.1	895	1493	1	0	1	895
CY121496.1	901	1745	1	1	2	901
CY121496.1	941	1368	0	1	1	1368
CY121496.1	974	1053	0	1	1	1053
CY121497.1	1029	1136	1	1	2	1029
CY121497.1	249	531	2	0	2	249
CY121497.1	257	551	8	0	8	257
CY121497.1	257	898	2	0	2	257
CY121497.1	258	1006	1	0	1	258
CY121497.1	272	554	15	2	17	272
CY121497.1	273	713	1	0	1	273
CY121497.1	274	787	1	0	1	274
CY121497.1	278	851	1	0	1	278
CY121497.1	316	888	1	0	1	316
CY121497.1	317	795	0	1	1	795
CY121497.1	324	844	1	0	1	324
CY121497.1	326	806	0	1	1	806
CY121497.1	336	939	0	1	1	939
CY121497.1	337	859	1	0	1	337
CY121497.1	350	576	8	0	8	350
CY121497.1	353	563	0	1	1	563
CY121497.1	354	463	0	1	1	463
CY121497.1	384	572	1	0	1	384
CY121497.1	397	1061	0	1	1	1061
CY121497.1	420	459	1	0	1	420
CY121497.1	422	709	2	1	3	422
CY121497.1	437	816	2	3	5	437
CY121497.1	438	682	0	2	2	682
CY121497.1	448	818	2	1	3	448
CY121497.1	448	866	1	0	1	448
CY121497.1	450	824	0	2	2	824
CY121497.1	453	712	0	1	1	712
CY121497.1	456	925	0	1	1	925
CY121497.1	479	687	1	0	1	479
CY121497.1	480	1046	1	0	1	480
CY121497.1	481	1151	0	1	1	1151
CY121497.1	486	762	0	1	1	762
CY121497.1	508	639	1	0	1	508
CY121497.1	525	726	0	1	1	726
CY121497.1	546	591	1	0	1	546
CY121497.1	557	632	1	0	1	557
CY121497.1	571	803	1	0	1	571
CY121497.1	587	690	2	0	2	587
CY121497.1	588	805	2	2	4	588
CY121497.1	592	865	1	1	2	592
CY121497.1	592	964	1	1	2	592
CY121497.1	600	853	1	0	1	600
CY121497.1	625	1040	1	0	1	625
CY121497.1	632	960	0	9	9	960
CY121497.1	649	992	0	1	1	992
CY121497.1	662	805	1	0	1	662
CY121497.1	682	818	3	4	7	682
CY121497.1	684	967	0	1	1	967
CY121497.1	688	842	7	10	17	688
CY121497.1	688	933	1	0	1	688
CY121497.1	689	843	1	0	1	689
CY121497.1	690	826	1	0	1	690
CY121497.1	700	1012	1	0	1	700
CY121497.1	704	792	0	1	1	792
CY121497.1	706	910	1	0	1	706
CY121497.1	713	787	0	1	1	787
CY121497.1	721	863	0	3	3	863
CY121497.1	727	1031	1	0	1	727
CY121497.1	761	957	2	0	2	761
CY121497.1	785	831	1	0	1	785
CY121497.1	789	1143	0	1	1	1143
CY121497.1	793	836	1	0	1	793
CY121497.1	798	933	1	0	1	798
CY121497.1	808	943	0	1	1	943
CY121497.1	820	869	2	2	4	820
CY121497.1	831	880	0	1	1	880
CY121497.1	865	965	1	0	1	865
CY121497.1	894	987	1	0	1	894
CY121497.1	922	1019	1	0	1	922
CY121497.1	936	1022	0	1	1	1022
CY121497.1	952	1162	0	1	1	1162
CY121497.1	981	1087	1	0	1	981
CY121498.1	1209	1247	1	0	1	1209
CY121498.1	1210	1510	1	0	1	1210
CY121498.1	1259	1468	1	0	1	1259
CY121498.1	1278	1417	0	1	1	1417
CY121498.1	1289	1423	0	1	1	1423
CY121498.1	1454	1548	0	1	1	1548
CY121498.1	1503	1531	1	0	1	1503
CY121498.1	1545	1618	1	1	2	1545
CY121498.1	249	1233	1	0	1	249
CY121498.1	252	1236	1	0	1	252
CY121498.1	254	1465	19	0	19	254
CY121498.1	272	1209	1	0	1	272
CY121498.1	275	1508	1	0	1	275
CY121498.1	278	1442	2	0	2	278
CY121498.1	279	1488	2	1	3	279
CY121498.1	299	1422	1	0	1	299
CY121498.1	314	945	1	1	2	314
CY121498.1	336	1522	1	0	1	336
CY121498.1	338	534	0	1	1	534
CY121498.1	367	1452	0	1	1	1452
CY121498.1	387	1209	2	0	2	387
CY121498.1	390	1530	1	0	1	390
CY121498.1	405	763	0	1	1	763
CY121498.1	419	917	0	1	1	917
CY121498.1	510	616	1	0	1	510
CY121498.1	523	1379	1	1	2	523
CY121498.1	556	1179	0	1	1	1179
CY121498.1	581	1362	0	1	1	1362
CY121498.1	628	852	0	1	1	852
CY121498.1	746	1467	0	1	1	1467
CY121498.1	746	1506	1	0	1	746
CY121498.1	805	1275	0	1	1	1275
CY121498.1	880	1110	1	0	1	880
CY121498.1	930	1453	1	0	1	930
CY121499.1	1033	1256	0	1	1	1256
CY121499.1	1068	1121	1	0	1	1068
CY121499.1	1074	1625	0	1	1	1625
CY121499.1	1080	1608	1	0	1	1080
CY121499.1	1098	1440	1	1	2	1098
CY121499.1	1150	1319	0	1	1	1319
CY121499.1	1214	1525	1	0	1	1214
CY121499.1	1297	1485	1	0	1	1297
CY121499.1	1318	1471	0	1	1	1471
CY121499.1	1394	1644	1	0	1	1394
CY121499.1	1417	1545	0	1	1	1545
CY121499.1	1444	1568	0	1	1	1568
CY121499.1	1606	1727	0	1	1	1727
CY121499.1	243	1375	1	0	1	243
CY121499.1	267	429	1	0	1	267
CY121499.1	313	855	0	1	1	855
CY121499.1	320	1085	1	0	1	320
CY121499.1	342	1647	1	0	1	342
CY121499.1	353	783	0	1	1	783
CY121499.1	404	1385	1	0	1	404
CY121499.1	440	643	0	1	1	643
CY121499.1	448	1456	0	1	1	1456
CY121499.1	470	1206	1	0	1	470
CY121499.1	523	843	3	3	6	523
CY121499.1	536	1029	1	0	1	536
CY121499.1	560	768	1	0	1	560
CY121499.1	564	911	1	0	1	564
CY121499.1	570	1494	1	0	1	570
CY121499.1	571	1160	1	0	1	571
CY121499.1	671	1232	1	0	1	671
CY121499.1	691	1025	1	0	1	691
CY121499.1	731	1672	0	1	1	1672
CY121499.1	737	958	0	1	1	958
CY121499.1	774	1044	0	1	1	1044
CY121499.1	783	909	0	1	1	909
CY121499.1	803	1470	0	1	1	1470
CY121499.1	813	872	1	0	1	813
CY121499.1	816	1555	0	1	1	1555
CY121499.1	824	1403	1	0	1	824
CY121499.1	832	908	0	1	1	908
CY121499.1	845	1081	1	0	1	845
CY121499.1	845	1574	1	1	2	845
CY121499.1	878	1006	0	1	1	1006
CY121499.1	878	1570	1	0	1	878
CY121499.1	879	1073	0	1	1	1073
CY121499.1	879	1149	1	0	1	879
CY121499.1	885	1176	1	0	1	885
CY121499.1	981	1576	1	0	1	981
CY121500.1	237	964	1	0	1	237
CY121500.1	258	979	1	0	1	258
CY121500.1	259	960	1	0	1	259
CY121500.1	345	579	1	2	3	345
CY121500.1	354	851	0	4	4	851
CY121500.1	379	846	0	2	2	846
CY121500.1	380	958	3	1	4	380
CY121500.1	389	911	2	1	3	389
CY121500.1	514	743	1	0	1	514
CY121500.1	522	749	2	1	3	522
CY121500.1	588	728	1	0	1	588
CY121500.1	790	848	1	0	1	790
CY121500.1	815	940	1	0	1	815
CY121501.1	1002	2296	1	0	1	1002
CY121501.1	1017	2187	0	1	1	2187
CY121501.1	1048	1981	0	1	1	1981
CY121501.1	1073	1651	0	1	1	1651
CY121501.1	1090	2372	0	1	1	2372
CY121501.1	1136	2155	0	1	1	2155
CY121501.1	1169	2092	0	1	1	2092
CY121501.1	1184	1759	0	1	1	1759
CY121501.1	1222	2017	1	0	1	1222
CY121501.1	1257	1727	1	0	1	1257
CY121501.1	1276	1512	0	1	1	1512
CY121501.1	1440	1955	1	0	1	1440
CY121501.1	1570	2297	2	0	2	1570
CY121501.1	1933	2279	1	0	1	1933
CY121501.1	1947	2188	1	1	2	1947
CY121501.1	2031	2068	0	1	1	2068
CY121501.1	2083	2112	0	1	1	2112
CY121501.1	2093	2345	1	1	2	2093
CY121501.1	2105	2142	0	1	1	2142
CY121501.1	2111	2155	3	0	3	2111
CY121501.1	2144	2196	2	1	3	2144
CY121501.1	2149	2176	7	1	8	2149
CY121501.1	2150	2185	1	0	1	2150
CY121501.1	2242	2272	2	1	3	2242
CY121501.1	2271	2312	3	0	3	2271
CY121501.1	235	259	1	0	1	235
CY121501.1	251	308	1	0	1	251
CY121501.1	268	348	1	0	1	268
CY121501.1	271	2012	3	0	3	271
CY121501.1	274	332	1	0	1	274
CY121501.1	276	2110	1	0	1	276
CY121501.1	280	2129	1	0	1	280
CY121501.1	282	2077	4	0	4	282
CY121501.1	283	2247	4	0	4	283
CY121501.1	288	2141	1	1	2	288
CY121501.1	288	2179	1	0	1	288
CY121501.1	288	310	3	1	4	288
CY121501.1	290	2143	218	226	444	290
CY121501.1	292	2130	2	0	2	292
CY121501.1	292	2284	2	0	2	292
CY121501.1	293	320	1	0	1	293
CY121501.1	300	398	0	1	1	398
CY121501.1	303	2195	0	2	2	2195
CY121501.1	305	2149	1	18	19	305
CY121501.1	305	2164	0	1	1	2164
CY121501.1	306	2174	0	3	3	2174
CY121501.1	308	2287	1	0	1	308
CY121501.1	312	336	0	1	1	336
CY121501.1	312	419	7	109	116	312
CY121501.1	313	2188	0	1	1	2188
CY121501.1	326	1393	0	1	1	1393
CY121501.1	330	2176	0	3	3	2176
CY121501.1	333	2158	2	3	5	333
CY121501.1	335	2186	0	1	1	2186
CY121501.1	336	2150	1	7	8	336
CY121501.1	336	2165	0	1	1	2165
CY121501.1	336	393	1	21	22	336
CY121501.1	337	2144	0	3	3	2144
CY121501.1	337	2159	0	1	1	2159
CY121501.1	337	367	1	2	3	337
CY121501.1	338	1356	0	1	1	1356
CY121501.1	340	2176	0	4	4	2176
CY121501.1	341	445	0	1	1	445
CY121501.1	342	435	0	3	3	435
CY121501.1	345	2180	0	4	4	2180
CY121501.1	362	1079	0	1	1	1079
CY121501.1	362	2142	2	3	5	362
CY121501.1	362	411	0	2	2	411
CY121501.1	363	2147	1	2	3	363
CY121501.1	365	2135	0	2	2	2135
CY121501.1	365	2155	17	52	69	365
CY121501.1	365	406	1	3	4	365
CY121501.1	369	2162	0	2	2	2162
CY121501.1	371	2052	1	4	5	371
CY121501.1	374	451	0	1	1	451
CY121501.1	375	1884	0	1	1	1884
CY121501.1	376	2173	0	2	2	2173
CY121501.1	385	2179	0	2	2	2179
CY121501.1	387	2164	1	2	3	387
CY121501.1	387	2186	0	1	1	2186
CY121501.1	389	2045	4	1	5	389
CY121501.1	392	2155	1	3	4	392
CY121501.1	399	2067	0	2	2	2067
CY121501.1	404	1954	0	1	1	1954
CY121501.1	405	2066	70	156	226	405
CY121501.1	405	2150	1	2	3	405
CY121501.1	406	2166	2	0	2	406
CY121501.1	407	2149	0	2	2	2149
CY121501.1	407	2171	4	16	20	407
CY121501.1	408	2348	0	1	1	2348
CY121501.1	409	2108	1	0	1	409
CY121501.1	410	2217	2	0	2	410
CY121501.1	411	444	0	1	1	444
CY121501.1	414	2074	0	2	2	2074
CY121501.1	414	2113	0	1	1	2113
CY121501.1	418	2132	11	13	24	418
CY121501.1	418	2133	0	1	1	2133
CY121501.1	419	2184	0	1	1	2184
CY121501.1	421	2169	0	1	1	2169
CY121501.1	426	2120	0	1	1	2120
CY121501.1	426	987	1	0	1	426
CY121501.1	430	2274	0	1	1	2274
CY121501.1	432	552	0	1	1	552
CY121501.1	449	573	0	1	1	573
CY121501.1	451	2115	0	1	1	2115
CY121501.1	455	485	0	1	1	485
CY121501.1	456	512	0	2	2	512
CY121501.1	456	552	4	6	10	456
CY121501.1	462	2002	1	0	1	462
CY121501.1	466	2036	1	0	1	466
CY121501.1	469	812	1	0	1	469
CY121501.1	479	2164	17	1	18	479
CY121501.1	484	2175	68	172	240	484
CY121501.1	491	2011	1	2	3	491
CY121501.1	492	2048	7	13	20	492
CY121501.1	499	558	1	1	2	499
CY121501.1	505	2051	0	1	1	2051
CY121501.1	512	2183	0	1	1	2183
CY121501.1	513	2043	1	0	1	513
CY121501.1	513	2217	1	0	1	513
CY121501.1	514	2003	6	2	8	514
CY121501.1	539	2123	1	0	1	539
CY121501.1	539	2173	1	0	1	539
CY121501.1	548	2142	1	1	2	548
CY121501.1	551	600	4	0	4	551
CY121501.1	553	1916	3	3	6	553
CY121501.1	556	2011	0	1	1	2011
CY121501.1	557	2030	2	2	4	557
CY121501.1	568	615	1	0	1	568
CY121501.1	577	2011	1	0	1	577
CY121501.1	578	1814	1	0	1	578
CY121501.1	585	2190	1	0	1	585
CY121501.1	597	1863	1	0	1	597
CY121501.1	598	2004	0	1	1	2004
CY121501.1	607	1995	1	0	1	607
CY121501.1	609	2099	0	2	2	2099
CY121501.1	614	1873	1	1	2	614
CY121501.1	614	1914	0	2	2	1914
CY121501.1	621	1874	1	0	1	621
CY121501.1	636	2007	4	6	10	636
CY121501.1	645	1868	1	4	5	645
CY121501.1	648	1947	2	0	2	648
CY121501.1	649	2066	1	0	1	649
CY121501.1	653	757	2	0	2	653
CY121501.1	659	1943	1	0	1	659
CY121501.1	662	2167	0	1	1	2167
CY121501.1	667	1005	1	0	1	667
CY121501.1	684	2038	1	0	1	684
CY121501.1	687	1847	0	5	5	1847
CY121501.1	690	1850	0	1	1	1850
CY121501.1	694	1898	0	1	1	1898
CY121501.1	701	1997	0	1	1	1997
CY121501.1	706	1924	0	2	2	1924
CY121501.1	729	1807	1	0	1	729
CY121501.1	730	1738	16	8	24	730
CY121501.1	751	1836	4	0	4	751
CY121501.1	751	1883	2	3	5	751
CY121501.1	755	1917	2	0	2	755
CY121501.1	758	1591	4	0	4	758
CY121501.1	770	1073	1	0	1	770
CY121501.1	791	931	1	0	1	791
CY121501.1	813	2021	0	1	1	2021
CY121501.1	816	1712	1	0	1	816
CY121501.1	817	1731	1	0	1	817
CY121501.1	845	1816	0	1	1	1816
CY121501.1	848	1663	3	4	7	848
CY121501.1	848	953	0	2	2	953
CY121501.1	880	1979	0	1	1	1979
CY121501.1	910	1681	1	0	1	910
CY121501.1	919	1727	1	0	1	919
CY121501.1	971	2142	1	1	2	971
CY121502.1	1024	1904	1	0	1	1024
CY121502.1	1032	1639	0	1	1	1639
CY121502.1	1109	2313	1	0	1	1109
CY121502.1	1113	1449	0	1	1	1449
CY121502.1	1172	2153	0	1	1	2153
CY121502.1	1184	1803	0	1	1	1803
CY121502.1	1188	1976	0	1	1	1976
CY121502.1	1206	2195	0	1	1	2195
CY121502.1	1235	1386	1	0	1	1235
CY121502.1	1240	2106	0	1	1	2106
CY121502.1	1440	2289	1	0	1	1440
CY121502.1	1505	1690	0	1	1	1690
CY121502.1	1662	2160	0	1	1	2160
CY121502.1	1674	2054	0	1	1	2054
CY121502.1	1703	2364	0	1	1	2364
CY121502.1	1799	2372	0	1	1	2372
CY121502.1	1802	2103	0	1	1	2103
CY121502.1	1862	2362	1	0	1	1862
CY121502.1	1883	2272	1	0	1	1883
CY121502.1	1911	2111	0	1	1	2111
CY121502.1	2066	2108	1	0	1	2066
CY121502.1	2150	2199	1	0	1	2150
CY121502.1	2157	2243	130	54	184	2157
CY121502.1	2453	2481	0	1	1	2481
CY121502.1	249	2311	1	0	1	249
CY121502.1	250	2324	1	0	1	250
CY121502.1	252	2327	3	0	3	252
CY121502.1	252	296	1	0	1	252
CY121502.1	252	312	2	0	2	252
CY121502.1	253	278	3	0	3	253
CY121502.1	255	2383	1	0	1	255
CY121502.1	261	296	5	0	5	261
CY121502.1	261	363	2	0	2	261
CY121502.1	267	2375	2	0	2	267
CY121502.1	268	2058	1	0	1	268
CY121502.1	268	2295	4	0	4	268
CY121502.1	277	2100	100	0	100	277
CY121502.1	285	2327	3	0	3	285
CY121502.1	292	2115	1	1	2	292
CY121502.1	295	2363	1	0	1	295
CY121502.1	312	2461	0	2	2	2461
CY121502.1	318	2125	0	1	1	2125
CY121502.1	320	610	1	0	1	320
CY121502.1	335	2339	0	1	1	2339
CY121502.1	335	2348	1	0	1	335
CY121502.1	335	369	1	0	1	335
CY121502.1	336	2351	1	0	1	336
CY121502.1	337	2327	2	2	4	337
CY121502.1	346	619	2	0	2	346
CY121502.1	357	2285	3	1	4	357
CY121502.1	360	2292	13	0	13	360
CY121502.1	360	2337	1	0	1	360
CY121502.1	367	2307	1	0	1	367
CY121502.1	371	2323	2	0	2	371
CY121502.1	372	2335	1	1	2	372
CY121502.1	380	2265	1	0	1	380
CY121502.1	386	2301	2	0	2	386
CY121502.1	386	2343	5	0	5	386
CY121502.1	388	2277	1	0	1	388
CY121502.1	393	2348	0	1	1	2348
CY121502.1	402	2295	2	0	2	402
CY121502.1	403	2317	1	0	1	403
CY121502.1	417	2305	1	0	1	417
CY121502.1	419	2306	15	2	17	419
CY121502.1	419	2307	59	15	74	419
CY121502.1	420	2193	2	0	2	420
CY121502.1	426	2243	2	1	3	426
CY121502.1	426	2327	3	0	3	426
CY121502.1	429	2230	1	0	1	429
CY121502.1	430	2308	1	0	1	430
CY121502.1	433	2399	1	0	1	433
CY121502.1	439	2242	6	3	9	439
CY121502.1	444	1500	1	0	1	444
CY121502.1	445	2198	3	1	4	445
CY121502.1	459	2456	1	3	4	459
CY121502.1	463	533	1	1	2	463
CY121502.1	470	1904	1	0	1	470
CY121502.1	470	2151	1	0	1	470
CY121502.1	472	1319	1	0	1	472
CY121502.1	480	2343	2	0	2	480
CY121502.1	511	2141	1	0	1	511
CY121502.1	513	2155	0	2	2	2155
CY121502.1	513	2479	0	1	1	2479
CY121502.1	525	2096	1	1	2	525
CY121502.1	525	2149	1	1	2	525
CY121502.1	527	2197	3	2	5	527
CY121502.1	527	2244	3	5	8	527
CY121502.1	547	2062	1	0	1	547
CY121502.1	555	2150	1	0	1	555
CY121502.1	559	2091	1	0	1	559
CY121502.1	578	2098	0	2	2	2098
CY121502.1	582	1731	0	1	1	1731
CY121502.1	587	2194	1	1	2	587
CY121502.1	588	2155	1	0	1	588
CY121502.1	589	2100	14	13	27	589
CY121502.1	608	2099	1	1	2	608
CY121502.1	619	1314	1	0	1	619
CY121502.1	630	2133	0	1	1	2133
CY121502.1	637	2129	0	1	1	2129
CY121502.1	683	1630	0	1	1	1630
CY121502.1	683	2173	1	0	1	683
CY121502.1	694	1929	1	0	1	694
CY121502.1	694	1931	0	1	1	1931
CY121502.1	696	2101	1	1	2	696
CY121502.1	700	1579	1	0	1	700
CY121502.1	706	953	1	0	1	706
CY121502.1	713	1959	0	1	1	1959
CY121502.1	745	2281	0	1	1	2281
CY121502.1	759	1886	0	1	1	1886
CY121502.1	766	1635	1	0	1	766
CY121502.1	785	2356	1	0	1	785
CY121502.1	789	986	1	0	1	789
CY121502.1	807	1861	1	0	1	807
CY121502.1	808	1655	0	1	1	1655
CY121502.1	825	1560	1	0	1	825
CY121502.1	838	1911	0	1	1	1911
CY121502.1	863	1733	0	1	1	1733
CY121502.1	891	1919	0	2	2	1919
CY121502.1	916	2050	0	1	1	2050
CY121502.1	929	1824	2	0	2	929
CY121502.1	999	1706	1	0	1	999
CY121503.1	1144	2077	1	0	1	1144
CY121503.1	1172	2158	1	0	1	1172
CY121503.1	1177	2036	0	1	1	2036
CY121503.1	1179	2164	0	1	1	2164
CY121503.1	1180	1926	1	0	1	1180
CY121503.1	1182	1236	1	0	1	1182
CY121503.1	1184	2090	5	10	15	1184
CY121503.1	1184	2093	30	41	71	1184
CY121503.1	1196	2093	0	1	1	2093
CY121503.1	1295	1981	0	1	1	1981
CY121503.1	1300	2149	1	2	3	1300
CY121503.1	1325	2150	0	1	1	2150
CY121503.1	1370	1977	0	1	1	1977
CY121503.1	1393	1742	1	0	1	1393
CY121503.1	1394	2040	17	16	33	1394
CY121503.1	1405	1999	0	1	1	1999
CY121503.1	1405	2072	0	1	1	2072
CY121503.1	1415	2108	1	1	2	1415
CY121503.1	1417	1999	1	0	1	1417
CY121503.1	1454	1746	0	1	1	1746
CY121503.1	1548	2239	0	2	2	2239
CY121503.1	1573	2150	1	0	1	1573
CY121503.1	1577	2422	1	0	1	1577
CY121503.1	1620	1956	0	1	1	1956
CY121503.1	1661	2035	0	1	1	2035
CY121503.1	1681	1882	0	1	1	1882
CY121503.1	1701	2037	1	3	4	1701
CY121503.1	1703	2148	2	3	5	1703
CY121503.1	1801	2015	1	0	1	1801
CY121503.1	2063	2368	1	0	1	2063
CY121503.1	2148	2343	1	0	1	2148
CY121503.1	2186	2487	0	1	1	2487
CY121503.1	2206	2259	0	1	1	2259
CY121503.1	2257	2327	1	0	1	2257
CY121503.1	279	1903	6	0	6	279
CY121503.1	319	2350	1	1	2	319
CY121503.1	330	2275	1	0	1	330
CY121503.1	365	2402	0	1	1	2402
CY121503.1	365	2461	0	2	2	2461
CY121503.1	367	2268	12	4	16	367
CY121503.1	372	2318	0	1	1	2318
CY121503.1	373	2252	2	8	10	373
CY121503.1	374	2266	3	0	3	374
CY121503.1	374	2323	0	2	2	2323
CY121503.1	375	2314	0	2	2	2314
CY121503.1	377	2283	0	2	2	2283
CY121503.1	378	2494	0	1	1	2494
CY121503.1	379	2279	2	1	3	379
CY121503.1	382	2282	108	367	475	382
CY121503.1	382	2365	0	1	1	2365
CY121503.1	386	2286	0	10	10	2286
CY121503.1	401	493	0	1	1	493
CY121503.1	405	2250	0	3	3	2250
CY121503.1	411	1882	1	1	2	411
CY121503.1	411	2252	0	1	1	2252
CY121503.1	413	2172	0	1	1	2172
CY121503.1	417	2263	0	1	1	2263
CY121503.1	418	2331	0	2	2	2331
CY121503.1	421	1604	1	0	1	421
CY121503.1	435	2172	0	2	2	2172
CY121503.1	438	1999	1	0	1	438
CY121503.1	444	2216	0	1	1	2216
CY121503.1	449	2398	2	1	3	449
CY121503.1	450	675	0	1	1	675
CY121503.1	459	1105	1	0	1	459
CY121503.1	460	1648	0	1	1	1648
CY121503.1	464	2177	10	11	21	464
CY121503.1	476	2187	1	0	1	476
CY121503.1	481	2128	1	4	5	481
CY121503.1	482	2136	1	0	1	482
CY121503.1	490	2142	2	1	3	490
CY121503.1	519	1041	1	0	1	519
CY121503.1	521	1846	1	0	1	521
CY121503.1	535	2258	8	10	18	535
CY121503.1	537	2037	0	2	2	2037
CY121503.1	539	2012	0	2	2	2012
CY121503.1	549	2264	1	0	1	549
CY121503.1	551	1849	1	0	1	551
CY121503.1	575	2054	1	0	1	575
CY121503.1	608	2268	1	0	1	608
CY121503.1	643	2087	2	1	3	643
CY121503.1	670	1971	1	0	1	670
CY121503.1	686	2051	0	1	1	2051
CY121503.1	691	1978	0	1	1	1978
CY121503.1	695	1982	1	1	2	695
CY121503.1	722	1956	0	1	1	1956
CY121503.1	733	1888	0	1	1	1888
CY121503.1	752	1939	1	0	1	752
CY121503.1	766	1931	1	0	1	766
CY121503.1	780	1642	1	0	1	780
CY121503.1	789	1853	1	1	2	789
CY121503.1	797	1002	1	0	1	797
CY121503.1	829	1832	0	1	1	1832
CY121503.1	844	1842	0	1	1	1842
CY121503.1	846	1869	0	1	1	1869
CY121503.1	859	1816	3	4	7	859
CY121503.1	859	1866	1	0	1	859
CY121503.1	894	1580	0	1	1	1580
CY121503.1	912	1833	0	1	1	1833
CY121503.1	925	1749	3	0	3	925
CY121503.1	966	2047	1	0	1	966
