Segment	Start	Stop	Forward_support	Reverse_support	Total_support	Fuzz_factor
CY121496.1	1001	1076	1	0	1	1001
CY121496.1	1037	1292	1	0	1	1037
CY121496.1	1038	1219	0	1	1	1219
CY121496.1	1091	1436	1	0	1	1091
CY121496.1	1109	1319	1	0	1	1109
CY121496.1	1138	1167	1	0	1	1138
CY121496.1	1172	1818	1	0	1	1172
CY121496.1	1206	1255	0	1	1	1255
CY121496.1	1208	1611	0	1	1	1611
CY121496.1	1269	1772	0	1	1	1772
CY121496.1	1303	1630	0	1	1	1630
CY121496.1	1314	1604	1	0	1	1314
CY121496.1	1319	1744	1	0	1	1319
CY121496.1	1354	1413	19	20	39	1354
CY121496.1	1377	1664	0	1	1	1664
CY121496.1	1378	1720	1	0	1	1378
CY121496.1	1478	1507	1	0	1	1478
CY121496.1	1481	1526	0	1	1	1526
CY121496.1	1590	1762	1	0	1	1590
CY121496.1	1633	1758	22	6	28	1633
CY121496.1	1665	1794	0	1	1	1794
CY121496.1	1682	1786	1	0	1	1682
CY121496.1	1799	1872	0	1	1	1872
CY121496.1	274	810	1	0	1	274
CY121496.1	285	1098	1	0	1	285
CY121496.1	328	900	0	1	1	900
CY121496.1	339	769	0	1	1	769
CY121496.1	367	949	0	1	1	949
CY121496.1	369	1470	1	0	1	369
CY121496.1	369	1577	0	1	1	1577
CY121496.1	388	1120	1	0	1	388
CY121496.1	395	718	1	0	1	395
CY121496.1	426	1308	0	1	1	1308
CY121496.1	436	613	0	1	1	613
CY121496.1	461	1607	1	0	1	461
CY121496.1	491	1375	0	1	1	1375
CY121496.1	507	618	0	1	1	618
CY121496.1	516	1834	1	0	1	516
CY121496.1	564	1616	26	12	38	564
CY121496.1	620	1756	2	0	2	620
CY121496.1	624	1805	1	0	1	624
CY121496.1	624	726	0	1	1	726
CY121496.1	666	1103	0	1	1	1103
CY121496.1	691	1349	0	1	1	1349
CY121496.1	697	1037	0	1	1	1037
CY121496.1	697	810	1	0	1	697
CY121496.1	702	1089	0	1	1	1089
CY121496.1	739	1646	0	1	1	1646
CY121496.1	796	1720	0	1	1	1720
CY121496.1	802	1754	0	1	1	1754
CY121496.1	810	1435	1	1	2	810
CY121496.1	818	1348	1	0	1	818
CY121496.1	840	1448	0	1	1	1448
CY121496.1	845	1313	0	1	1	1313
CY121496.1	854	1748	1	0	1	854
CY121496.1	866	1389	1	0	1	866
CY121496.1	905	1231	1	0	1	905
CY121496.1	960	1723	1	0	1	960
CY121496.1	963	1049	0	1	1	1049
CY121497.1	1016	1097	2	0	2	1016
CY121497.1	1041	1134	0	1	1	1134
CY121497.1	238	1074	1	0	1	238
CY121497.1	238	387	1	0	1	238
CY121497.1	254	956	1	0	1	254
CY121497.1	255	812	1	0	1	255
CY121497.1	257	551	23	0	23	257
CY121497.1	272	554	24	2	26	272
CY121497.1	292	441	1	0	1	292
CY121497.1	316	729	0	1	1	729
CY121497.1	326	660	0	1	1	660
CY121497.1	350	576	0	28	28	576
CY121497.1	355	836	0	1	1	836
CY121497.1	358	759	1	0	1	358
CY121497.1	407	967	0	1	1	967
CY121497.1	416	1040	0	1	1	1040
CY121497.1	416	451	0	1	1	451
CY121497.1	423	844	1	1	2	423
CY121497.1	434	766	0	1	1	766
CY121497.1	445	1095	0	1	1	1095
CY121497.1	487	1051	0	1	1	1051
CY121497.1	495	564	1	0	1	495
CY121497.1	512	668	0	1	1	668
CY121497.1	521	917	0	1	1	917
CY121497.1	525	1152	0	1	1	1152
CY121497.1	544	956	1	0	1	544
CY121497.1	555	698	1	0	1	555
CY121497.1	556	663	0	1	1	663
CY121497.1	557	632	15	19	34	557
CY121497.1	580	1094	1	0	1	580
CY121497.1	586	855	1	0	1	586
CY121497.1	588	1153	0	1	1	1153
CY121497.1	590	848	0	1	1	848
CY121497.1	592	964	6	1	7	592
CY121497.1	609	1155	0	1	1	1155
CY121497.1	618	647	0	1	1	647
CY121497.1	628	941	1	0	1	628
CY121497.1	629	762	12	20	32	629
CY121497.1	632	907	1	0	1	632
CY121497.1	634	953	0	1	1	953
CY121497.1	635	804	1	3	4	635
CY121497.1	655	846	0	1	1	846
CY121497.1	669	741	1	0	1	669
CY121497.1	679	993	0	1	1	993
CY121497.1	682	818	0	1	1	818
CY121497.1	688	842	16	25	41	688
CY121497.1	712	912	0	1	1	912
CY121497.1	714	796	1	0	1	714
CY121497.1	721	863	1	5	6	721
CY121497.1	723	1038	1	0	1	723
CY121497.1	723	768	0	1	1	768
CY121497.1	724	1151	0	1	1	1151
CY121497.1	767	961	0	1	1	961
CY121497.1	777	1163	0	1	1	1163
CY121497.1	800	883	0	1	1	883
CY121497.1	816	1032	1	0	1	816
CY121497.1	861	888	1	0	1	861
CY121497.1	885	1068	1	0	1	885
CY121497.1	908	1000	1	0	1	908
CY121497.1	934	1069	1	0	1	934
CY121497.1	958	1051	1	0	1	958
CY121497.1	990	1179	0	1	1	1179
CY121498.1	1014	1260	0	1	1	1260
CY121498.1	1074	1503	0	1	1	1503
CY121498.1	1362	1430	1	0	1	1362
CY121498.1	306	1451	1	4	5	306
CY121498.1	329	1425	0	10	10	1425
CY121498.1	356	1623	0	1	1	1623
CY121498.1	396	725	1	0	1	396
CY121498.1	398	889	0	1	1	889
CY121498.1	407	625	1	0	1	407
CY121498.1	434	1301	1	0	1	434
CY121498.1	450	912	1	0	1	450
CY121498.1	494	1169	6	1	7	494
CY121498.1	646	1501	1	0	1	646
CY121498.1	652	1364	0	1	1	1364
CY121498.1	662	787	0	1	1	787
CY121498.1	665	970	0	1	1	970
CY121498.1	677	1088	0	1	1	1088
CY121498.1	874	1216	0	1	1	1216
CY121498.1	903	1082	0	1	1	1082
CY121498.1	921	1162	0	1	1	1162
CY121498.1	958	1072	0	1	1	1072
CY121499.1	1015	1695	0	1	1	1695
CY121499.1	1029	1618	0	1	1	1618
CY121499.1	1046	1133	0	1	1	1133
CY121499.1	1099	1183	1	0	1	1099
CY121499.1	1154	1532	0	1	1	1532
CY121499.1	1343	1509	1	0	1	1343
CY121499.1	1524	1570	2	1	3	1524
CY121499.1	246	1417	1	0	1	246
CY121499.1	273	1267	1	0	1	273
CY121499.1	281	756	1	0	1	281
CY121499.1	337	361	3	13	16	337
CY121499.1	353	952	0	1	1	952
CY121499.1	404	1566	0	1	1	1566
CY121499.1	413	1370	1	0	1	413
CY121499.1	458	1406	5	12	17	458
CY121499.1	463	867	1	0	1	463
CY121499.1	467	1205	0	1	1	1205
CY121499.1	467	1699	0	1	1	1699
CY121499.1	506	903	1	0	1	506
CY121499.1	561	755	1	0	1	561
CY121499.1	619	697	1	0	1	619
CY121499.1	763	967	1	0	1	763
CY121499.1	767	842	0	1	1	842
CY121499.1	786	1534	0	1	1	1534
CY121499.1	786	1557	1	0	1	786
CY121499.1	801	1305	0	1	1	1305
CY121499.1	825	898	1	0	1	825
CY121499.1	858	1489	1	0	1	858
CY121499.1	861	920	0	1	1	920
CY121499.1	898	1672	0	1	1	1672
CY121499.1	910	1146	0	1	1	1146
CY121499.1	930	1035	0	1	1	1035
CY121499.1	972	1045	8	4	12	972
CY121499.1	986	1014	17	12	29	986
CY121500.1	358	738	6	57	63	358
CY121500.1	364	742	0	1	1	742
CY121500.1	365	714	0	1	1	714
CY121500.1	395	1011	0	1	1	1011
CY121500.1	418	695	2	0	2	418
CY121500.1	430	702	13	94	107	430
CY121500.1	647	819	0	1	1	819
CY121500.1	784	843	35	27	62	784
CY121500.1	897	959	23	5	28	897
CY121500.1	929	968	14	3	17	929
CY121501.1	1007	1308	0	1	1	1308
CY121501.1	1029	1938	10	10	20	1029
CY121501.1	1074	1995	1	0	1	1074
CY121501.1	1075	2357	0	1	1	2357
CY121501.1	1090	2372	0	1	1	2372
CY121501.1	1126	2254	1	0	1	1126
CY121501.1	1206	1746	0	1	1	1746
CY121501.1	1260	1649	12	9	21	1260
CY121501.1	1279	1392	1	0	1	1279
CY121501.1	1350	1827	1	0	1	1350
CY121501.1	1485	1986	1	0	1	1485
CY121501.1	1792	2080	5	8	13	1792
CY121501.1	1947	2146	31	17	48	1947
CY121501.1	1955	2276	23	6	29	1955
CY121501.1	2006	2220	0	1	1	2220
CY121501.1	2050	2192	1	9	10	2050
CY121501.1	2058	2255	1	0	1	2058
CY121501.1	2063	2113	5	1	6	2063
CY121501.1	2064	2114	74	196	270	2064
CY121501.1	2088	2125	1	0	1	2088
CY121501.1	2101	2133	1	0	1	2101
CY121501.1	2113	2286	25	40	65	2113
CY121501.1	2130	2154	3	1	4	2130
CY121501.1	2134	2158	33	41	74	2134
CY121501.1	2142	2190	27	144	171	2142
CY121501.1	2162	2191	0	1	1	2191
CY121501.1	2163	2188	26	15	41	2163
CY121501.1	2163	2192	41	78	119	2163
CY121501.1	2259	2321	6	0	6	2259
CY121501.1	243	1072	1	0	1	243
CY121501.1	274	332	1	0	1	274
CY121501.1	276	2064	1	0	1	276
CY121501.1	277	645	1	0	1	277
CY121501.1	278	311	1	0	1	278
CY121501.1	279	317	4	0	4	279
CY121501.1	282	2110	1	0	1	282
CY121501.1	283	321	57	6	63	283
CY121501.1	284	2292	1	0	1	284
CY121501.1	285	349	31	9	40	285
CY121501.1	288	317	38	11	49	288
CY121501.1	294	384	9	5	14	294
CY121501.1	295	431	0	2	2	431
CY121501.1	297	2125	1	0	1	297
CY121501.1	312	2134	4	66	70	312
CY121501.1	312	2142	30	201	231	312
CY121501.1	322	345	0	6	6	345
CY121501.1	323	2194	2	13	15	323
CY121501.1	325	2069	1	0	1	325
CY121501.1	328	2170	2	14	16	328
CY121501.1	331	2156	2	0	2	331
CY121501.1	333	2158	16	151	167	333
CY121501.1	334	515	1	79	80	334
CY121501.1	335	2086	0	117	117	2086
CY121501.1	335	363	4	116	120	335
CY121501.1	335	430	8	70	78	335
CY121501.1	336	2066	13	37	50	336
CY121501.1	336	2150	52	394	446	336
CY121501.1	336	457	2	36	38	336
CY121501.1	337	384	1	47	48	337
CY121501.1	340	370	2	64	66	340
CY121501.1	342	435	0	3	3	435
CY121501.1	345	2180	0	5	5	2180
CY121501.1	349	2138	0	14	14	2138
CY121501.1	361	2182	28	154	182	361
CY121501.1	361	2200	0	1	1	2200
CY121501.1	369	2162	0	4	4	2162
CY121501.1	371	2073	0	1	1	2073
CY121501.1	379	2122	1	0	1	379
CY121501.1	382	2135	3	48	51	382
CY121501.1	385	2179	0	1	1	2179
CY121501.1	387	2065	21	224	245	387
CY121501.1	387	2126	20	152	172	387
CY121501.1	387	2142	91	508	599	387
CY121501.1	389	2045	1	0	1	389
CY121501.1	390	2068	0	1	1	2068
CY121501.1	391	418	10	120	130	391
CY121501.1	393	2149	10	62	72	393
CY121501.1	402	2071	0	1	1	2071
CY121501.1	403	428	0	1	1	428
CY121501.1	404	2011	40	320	360	404
CY121501.1	404	2173	27	151	178	404
CY121501.1	405	2174	0	1	1	2174
CY121501.1	406	2166	1	4	5	406
CY121501.1	407	2065	4	107	111	407
CY121501.1	408	2098	5	82	87	408
CY121501.1	408	2170	17	95	112	408
CY121501.1	409	2099	0	2	2	2099
CY121501.1	409	2108	1	0	1	409
CY121501.1	410	1758	0	1	1	1758
CY121501.1	412	2020	0	1	1	2020
CY121501.1	412	2129	109	485	594	412
CY121501.1	412	2136	1	0	1	412
CY121501.1	419	1487	0	1	1	1487
CY121501.1	420	1539	0	1	1	1539
CY121501.1	422	2149	9	63	72	422
CY121501.1	428	875	1	0	1	428
CY121501.1	432	2066	4	44	48	432
CY121501.1	432	2150	10	38	48	432
CY121501.1	437	2043	34	117	151	437
CY121501.1	438	1487	0	1	1	1487
CY121501.1	438	2135	26	90	116	438
CY121501.1	439	2100	5	29	34	439
CY121501.1	441	2028	4	11	15	441
CY121501.1	441	2033	162	441	603	441
CY121501.1	441	814	0	1	1	814
CY121501.1	443	2143	36	92	128	443
CY121501.1	444	2180	0	1	1	2180
CY121501.1	447	2052	0	2	2	2052
CY121501.1	447	957	0	1	1	957
CY121501.1	449	2026	0	1	1	2026
CY121501.1	450	2047	0	12	12	2047
CY121501.1	452	2045	0	2	2	2045
CY121501.1	452	2061	2	0	2	452
CY121501.1	454	2038	2	0	2	454
CY121501.1	454	2128	95	236	331	454
CY121501.1	455	1952	2	0	2	455
CY121501.1	455	2173	33	20	53	455
CY121501.1	456	2040	28	116	144	456
CY121501.1	456	2143	4	54	58	456
CY121501.1	457	2041	1	0	1	457
CY121501.1	458	1602	1	0	1	458
CY121501.1	461	2067	85	272	357	461
CY121501.1	461	496	3	14	17	461
CY121501.1	462	2035	13	38	51	462
CY121501.1	462	2062	1	0	1	462
CY121501.1	464	2063	9	62	71	464
CY121501.1	464	851	1	0	1	464
CY121501.1	467	2092	0	1	1	2092
CY121501.1	469	2043	20	70	90	469
CY121501.1	470	2036	1	0	1	470
CY121501.1	470	500	2	17	19	470
CY121501.1	471	2046	0	1	1	2046
CY121501.1	472	2042	25	94	119	472
CY121501.1	472	2065	14	39	53	472
CY121501.1	474	2283	28	9	37	474
CY121501.1	475	2068	0	1	1	2068
CY121501.1	475	2074	3	0	3	475
CY121501.1	477	2050	23	66	89	477
CY121501.1	480	2008	0	9	9	2008
CY121501.1	480	2174	12	17	29	480
CY121501.1	482	2148	2	0	2	482
CY121501.1	483	2082	1	1	2	483
CY121501.1	484	2008	6	18	24	484
CY121501.1	485	2044	30	68	98	485
CY121501.1	485	2170	0	2	2	2170
CY121501.1	486	1955	22	43	65	486
CY121501.1	491	1915	27	11	38	491
CY121501.1	491	2059	26	48	74	491
CY121501.1	492	2158	16	17	33	492
CY121501.1	494	2091	1	0	1	494
CY121501.1	495	1995	0	1	1	1995
CY121501.1	497	1997	27	48	75	497
CY121501.1	497	2110	22	39	61	497
CY121501.1	505	1875	19	20	39	505
CY121501.1	505	2041	26	44	70	505
CY121501.1	505	2051	7	10	17	505
CY121501.1	509	2067	3	2	5	509
CY121501.1	526	2110	0	1	1	2110
CY121501.1	548	2029	16	16	32	548
CY121501.1	549	2044	32	40	72	549
CY121501.1	552	2030	4	5	9	552
CY121501.1	552	2039	28	35	63	552
CY121501.1	554	1452	1	0	1	554
CY121501.1	556	2011	27	26	53	556
CY121501.1	557	2064	30	37	67	557
CY121501.1	557	2143	14	114	128	557
CY121501.1	561	1926	1	0	1	561
CY121501.1	564	2004	30	20	50	564
CY121501.1	566	2030	0	5	5	2030
CY121501.1	566	2037	0	1	1	2037
CY121501.1	567	2153	1	0	1	567
CY121501.1	578	2011	5	4	9	578
CY121501.1	581	1832	1	0	1	581
CY121501.1	581	1952	4	0	4	581
CY121501.1	584	1954	27	24	51	584
CY121501.1	589	1787	1	0	1	589
CY121501.1	590	1810	1	0	1	590
CY121501.1	594	1993	11	3	14	594
CY121501.1	600	1839	19	10	29	600
CY121501.1	601	1357	0	1	1	1357
CY121501.1	606	1128	1	0	1	606
CY121501.1	607	1214	1	0	1	607
CY121501.1	610	1866	0	1	1	1866
CY121501.1	621	1500	62	32	94	621
CY121501.1	632	1845	1	0	1	632
CY121501.1	633	1846	58	40	98	633
CY121501.1	637	1883	51	46	97	637
CY121501.1	644	2015	0	1	1	2015
CY121501.1	646	1856	0	1	1	1856
CY121501.1	649	1777	6	5	11	649
CY121501.1	659	1858	17	8	25	659
CY121501.1	668	1802	1	0	1	668
CY121501.1	674	1563	1	0	1	674
CY121501.1	682	1636	29	22	51	682
CY121501.1	694	1526	0	1	1	1526
CY121501.1	725	1795	26	26	52	725
CY121501.1	733	1842	12	8	20	733
CY121501.1	747	1235	0	1	1	1235
CY121501.1	751	1794	10	10	20	751
CY121501.1	760	1791	72	54	126	760
CY121501.1	769	1834	1	1	2	769
CY121501.1	769	1954	3	0	3	769
CY121501.1	777	1997	13	4	17	777
CY121501.1	804	1850	2	0	2	804
CY121501.1	806	1764	1	0	1	806
CY121501.1	811	1795	27	11	38	811
CY121501.1	815	1858	24	15	39	815
CY121501.1	818	1861	0	1	1	1861
CY121501.1	820	1840	3	1	4	820
CY121501.1	822	1842	12	33	45	822
CY121501.1	826	1784	42	32	74	826
CY121501.1	844	1681	47	21	68	844
CY121501.1	848	2155	1	0	1	848
CY121501.1	864	2157	1	0	1	864
CY121501.1	895	1828	14	14	28	895
CY121501.1	922	1653	10	18	28	922
CY121501.1	941	2342	0	1	1	2342
CY121501.1	972	2283	0	1	1	2283
CY121502.1	1009	2418	1	0	1	1009
CY121502.1	1022	1235	13	16	29	1022
CY121502.1	1083	1105	0	1	1	1105
CY121502.1	1100	1190	0	1	1	1190
CY121502.1	1104	1202	0	1	1	1202
CY121502.1	1117	1153	0	1	1	1153
CY121502.1	1130	1798	1	0	1	1130
CY121502.1	1208	2040	0	1	1	2040
CY121502.1	1222	1748	0	1	1	1748
CY121502.1	1259	1513	0	1	1	1513
CY121502.1	1422	1517	1	0	1	1422
CY121502.1	1450	2145	0	1	1	2145
CY121502.1	1458	2274	1	0	1	1458
CY121502.1	1464	2022	0	1	1	2022
CY121502.1	1519	2296	1	0	1	1519
CY121502.1	1603	1627	1	0	1	1603
CY121502.1	1676	1850	0	1	1	1850
CY121502.1	2060	2129	18	27	45	2060
CY121502.1	2072	2205	0	1	1	2205
CY121502.1	2123	2402	1	0	1	2123
CY121502.1	2140	2420	1	0	1	2140
CY121502.1	2143	2358	1	0	1	2143
CY121502.1	2179	2252	34	18	52	2179
CY121502.1	2211	2248	4	10	14	2211
CY121502.1	2227	2297	76	5	81	2227
CY121502.1	2229	2261	0	1	1	2261
CY121502.1	2288	2360	69	13	82	2288
CY121502.1	2302	2360	27	25	52	2302
CY121502.1	2325	2364	39	29	68	2325
CY121502.1	2326	2348	42	1	43	2326
CY121502.1	2342	2366	72	11	83	2342
CY121502.1	2428	2456	3	12	15	2428
CY121502.1	244	313	25	2	27	244
CY121502.1	245	269	59	0	59	245
CY121502.1	245	293	46	0	46	245
CY121502.1	247	2322	1	0	1	247
CY121502.1	249	2311	2	0	2	249
CY121502.1	250	2324	1	0	1	250
CY121502.1	250	2420	1	0	1	250
CY121502.1	251	381	52	5	57	251
CY121502.1	252	2327	94	2	96	252
CY121502.1	252	294	104	1	105	252
CY121502.1	252	296	62	0	62	252
CY121502.1	253	2423	1478	8	1486	253
CY121502.1	253	278	2	0	2	253
CY121502.1	254	2250	44	4	48	254
CY121502.1	255	385	1	0	1	255
CY121502.1	261	296	25	1	26	261
CY121502.1	261	452	34	2	36	261
CY121502.1	262	2328	1	0	1	262
CY121502.1	267	336	84	7	91	267
CY121502.1	267	361	1	0	1	267
CY121502.1	270	2336	133	8	141	270
CY121502.1	276	312	1	0	1	276
CY121502.1	276	369	34	5	39	276
CY121502.1	279	2257	1	0	1	279
CY121502.1	291	2326	1	0	1	291
CY121502.1	295	325	2	9	11	295
CY121502.1	296	339	5	1	6	296
CY121502.1	310	2454	61	113	174	310
CY121502.1	310	342	1	0	1	310
CY121502.1	310	370	5	1	6	310
CY121502.1	312	2395	5	4	9	312
CY121502.1	312	339	2	3	5	312
CY121502.1	318	2349	1	4	5	318
CY121502.1	329	390	0	1	1	390
CY121502.1	331	2361	3	3	6	331
CY121502.1	332	2357	1	0	1	332
CY121502.1	334	2437	33	6	39	334
CY121502.1	335	2231	0	11	11	2231
CY121502.1	335	2327	16	6	22	335
CY121502.1	335	2360	110	131	241	335
CY121502.1	339	1838	1	0	1	339
CY121502.1	340	2327	1	1	2	340
CY121502.1	341	2472	0	1	1	2472
CY121502.1	342	2075	8	1	9	342
CY121502.1	344	2327	12	4	16	344
CY121502.1	344	2370	1	1	2	344
CY121502.1	346	2339	13	10	23	346
CY121502.1	356	2361	11	24	35	356
CY121502.1	359	2236	1	0	1	359
CY121502.1	363	2215	2	0	2	363
CY121502.1	368	2248	15	2	17	368
CY121502.1	368	398	25	8	33	368
CY121502.1	372	2335	1	0	1	372
CY121502.1	378	2201	1	1	2	378
CY121502.1	378	2343	29	11	40	378
CY121502.1	380	2326	6	1	7	380
CY121502.1	381	1686	1	0	1	381
CY121502.1	381	410	1	0	1	381
CY121502.1	382	2278	14	0	14	382
CY121502.1	383	2235	0	1	1	2235
CY121502.1	383	2267	1	0	1	383
CY121502.1	383	422	1	0	1	383
CY121502.1	385	2353	45	23	68	385
CY121502.1	390	2390	16	3	19	390
CY121502.1	397	2327	47	6	53	397
CY121502.1	398	2290	12	0	12	398
CY121502.1	399	2182	12	7	19	399
CY121502.1	403	2317	2	0	2	403
CY121502.1	405	2247	19	3	22	405
CY121502.1	407	2230	1	0	1	407
CY121502.1	407	2341	1	0	1	407
CY121502.1	410	2388	0	1	1	2388
CY121502.1	411	2348	168	54	222	411
CY121502.1	416	2327	29	8	37	416
CY121502.1	419	2275	22	0	22	419
CY121502.1	420	2243	34	16	50	420
CY121502.1	421	2132	18	81	99	421
CY121502.1	421	2183	33	11	44	421
CY121502.1	428	2149	1	0	1	428
CY121502.1	438	2360	13	1	14	438
CY121502.1	441	2158	14	0	14	441
CY121502.1	441	468	57	5	62	441
CY121502.1	442	2253	10	4	14	442
CY121502.1	443	891	1	0	1	443
CY121502.1	444	2242	13	1	14	444
CY121502.1	445	2351	68	14	82	445
CY121502.1	449	2234	0	1	1	2234
CY121502.1	450	2278	1	0	1	450
CY121502.1	451	2327	58	16	74	451
CY121502.1	451	2330	22	10	32	451
CY121502.1	462	2192	7	5	12	462
CY121502.1	465	2353	0	1	1	2353
CY121502.1	465	2370	0	2	2	2370
CY121502.1	467	2327	79	45	124	467
CY121502.1	481	776	1	0	1	481
CY121502.1	482	2396	7	1	8	482
CY121502.1	488	2098	129	7	136	488
CY121502.1	493	2425	1	0	1	493
CY121502.1	495	2094	2	0	2	495
CY121502.1	496	2019	13	55	68	496
CY121502.1	497	2098	24	27	51	497
CY121502.1	497	2130	4	12	16	497
CY121502.1	499	2378	0	1	1	2378
CY121502.1	517	2113	2	0	2	517
CY121502.1	518	2228	0	1	1	2228
CY121502.1	519	2253	5	25	30	519
CY121502.1	536	2079	6	0	6	536
CY121502.1	544	1947	0	1	1	1947
CY121502.1	544	2163	1	1	2	544
CY121502.1	555	2097	9	0	9	555
CY121502.1	555	2098	0	1	1	2098
CY121502.1	556	2172	46	4	50	556
CY121502.1	558	2100	605	580	1185	558
CY121502.1	561	2103	3	14	17	561
CY121502.1	561	766	0	1	1	766
CY121502.1	564	2203	1	0	1	564
CY121502.1	569	2099	11	21	32	569
CY121502.1	572	614	5	5	10	572
CY121502.1	574	2148	0	1	1	2148
CY121502.1	575	2154	32	28	60	575
CY121502.1	577	1753	1	0	1	577
CY121502.1	585	2182	0	2	2	2182
CY121502.1	589	2100	12	7	19	589
CY121502.1	593	2327	228	33	261	593
CY121502.1	602	2124	0	1	1	2124
CY121502.1	604	2099	17	14	31	604
CY121502.1	613	2185	2	1	3	613
CY121502.1	625	2147	0	1	1	2147
CY121502.1	630	2133	0	1	1	2133
CY121502.1	631	2111	0	2	2	2111
CY121502.1	656	1793	34	22	56	656
CY121502.1	658	2099	27	26	53	658
CY121502.1	673	2039	14	11	25	673
CY121502.1	711	1931	3	1	4	711
CY121502.1	729	1718	1	0	1	729
CY121502.1	735	2117	0	1	1	2117
CY121502.1	736	1994	1	0	1	736
CY121502.1	741	1910	40	25	65	741
CY121502.1	743	1898	10	3	13	743
CY121502.1	743	2253	10	13	23	743
CY121502.1	756	2267	0	1	1	2267
CY121502.1	757	793	1	0	1	757
CY121502.1	765	2019	23	17	40	765
CY121502.1	774	1922	0	1	1	1922
CY121502.1	794	1860	19	16	35	794
CY121502.1	812	1065	0	1	1	1065
CY121502.1	813	1902	36	24	60	813
CY121502.1	828	1728	3	6	9	828
CY121502.1	829	1925	2	0	2	829
CY121502.1	837	1942	8	5	13	837
CY121502.1	847	1388	1	0	1	847
CY121502.1	849	1677	0	1	1	1677
CY121502.1	888	2117	1	0	1	888
CY121502.1	895	2136	1	0	1	895
CY121502.1	904	2143	51	55	106	904
CY121502.1	910	1363	1	0	1	910
CY121502.1	914	2151	0	2	2	2151
CY121502.1	915	2268	1	0	1	915
CY121502.1	932	2066	1	0	1	932
CY121502.1	945	2157	15	20	35	945
CY121502.1	957	1730	1	0	1	957
CY121502.1	959	1732	12	5	17	959
CY121503.1	1018	1532	0	1	1	1532
CY121503.1	1054	1821	0	1	1	1821
CY121503.1	1075	2397	0	1	1	2397
CY121503.1	1096	1663	4	8	12	1096
CY121503.1	1138	2349	0	1	1	2349
CY121503.1	1143	1226	3	11	14	1143
CY121503.1	1184	2090	12	20	32	1184
CY121503.1	1184	2093	38	61	99	1184
CY121503.1	1201	2377	0	1	1	2377
CY121503.1	1235	2014	6	12	18	1235
CY121503.1	1255	2386	1	0	1	1255
CY121503.1	1300	2176	1	0	1	1300
CY121503.1	1305	1904	1	0	1	1305
CY121503.1	1363	1632	0	1	1	1632
CY121503.1	1386	2005	1	0	1	1386
CY121503.1	1387	2150	1	8	9	1387
CY121503.1	1388	2285	1	0	1	1388
CY121503.1	1389	1450	0	1	1	1450
CY121503.1	1394	2040	47	46	93	1394
CY121503.1	1408	1871	0	1	1	1871
CY121503.1	1548	2063	0	1	1	2063
CY121503.1	1700	2038	16	17	33	1700
CY121503.1	1701	1734	9	8	17	1701
CY121503.1	1703	2474	0	1	1	2474
CY121503.1	1917	1958	0	1	1	1958
CY121503.1	1922	2067	0	1	1	2067
CY121503.1	1948	2033	7	8	15	1948
CY121503.1	2066	2162	1	0	1	2066
CY121503.1	2074	2173	15	15	30	2074
CY121503.1	2081	2185	8	14	22	2081
CY121503.1	2097	2424	0	1	1	2424
CY121503.1	2301	2334	16	6	22	2301
CY121503.1	2334	2375	48	12	60	2334
CY121503.1	241	1221	1	0	1	241
CY121503.1	247	1846	1	0	1	247
CY121503.1	248	2339	1	0	1	248
CY121503.1	256	962	1	0	1	256
CY121503.1	258	2030	1	0	1	258
CY121503.1	280	1101	1	0	1	280
CY121503.1	289	408	1	0	1	289
CY121503.1	293	1863	1	0	1	293
CY121503.1	311	632	6	19	25	311
CY121503.1	316	2281	4	29	33	316
CY121503.1	322	373	1	0	1	322
CY121503.1	323	1311	0	1	1	1311
CY121503.1	330	2152	0	1	1	2152
CY121503.1	330	2275	2	2	4	330
CY121503.1	333	2322	0	1	1	2322
CY121503.1	335	2150	1	0	1	335
CY121503.1	339	633	0	1	1	633
CY121503.1	340	2329	0	1	1	2329
CY121503.1	342	2273	13	140	153	342
CY121503.1	342	750	0	1	1	750
CY121503.1	347	2236	0	1	1	2236
CY121503.1	354	2294	0	1	1	2294
CY121503.1	356	2299	10	91	101	356
CY121503.1	356	2314	18	86	104	356
CY121503.1	359	1993	0	1	1	1993
CY121503.1	363	480	0	1	1	480
CY121503.1	367	2200	13	90	103	367
CY121503.1	368	2334	179	467	646	368
CY121503.1	369	2094	9	77	86	369
CY121503.1	369	2335	1	1	2	369
CY121503.1	374	2160	2	1	3	374
CY121503.1	374	2319	0	5	5	2319
CY121503.1	380	2162	16	190	206	380
CY121503.1	381	2334	33	70	103	381
CY121503.1	384	2360	0	1	1	2360
CY121503.1	387	455	7	111	118	387
CY121503.1	388	2336	31	86	117	388
CY121503.1	395	2201	0	1	1	2201
CY121503.1	404	2335	32	43	75	404
CY121503.1	405	2223	0	1	1	2223
CY121503.1	407	1242	0	1	1	1242
CY121503.1	409	2380	0	5	5	2380
CY121503.1	410	2323	3	0	3	410
CY121503.1	418	2331	3	1	4	418
CY121503.1	428	1947	16	74	90	428
CY121503.1	429	2339	156	193	349	429
CY121503.1	430	1949	0	1	1	1949
CY121503.1	436	2262	3	20	23	436
CY121503.1	440	2361	0	3	3	2361
CY121503.1	443	2204	2	0	2	443
CY121503.1	446	2217	1	0	1	446
CY121503.1	453	2362	0	18	18	2362
CY121503.1	455	2156	90	241	331	455
CY121503.1	457	2350	0	4	4	2350
CY121503.1	458	2216	57	124	181	458
CY121503.1	462	2220	0	2	2	2220
CY121503.1	462	2250	29	58	87	462
CY121503.1	468	2204	0	1	1	2204
CY121503.1	470	2125	0	1	1	2125
CY121503.1	471	2145	1	0	1	471
CY121503.1	472	2127	25	50	75	472
CY121503.1	473	2159	1	0	1	473
CY121503.1	474	2239	0	1	1	2239
CY121503.1	474	2406	9	8	17	474
CY121503.1	476	1156	1	0	1	476
CY121503.1	482	2154	2	1	3	482
CY121503.1	485	2171	27	49	76	485
CY121503.1	485	2335	12	3	15	485
CY121503.1	486	2172	0	1	1	2172
CY121503.1	491	2208	18	33	51	491
CY121503.1	496	2271	29	59	88	496
CY121503.1	506	1613	1	0	1	506
CY121503.1	510	2268	6	2	8	510
CY121503.1	520	1983	17	10	27	520
CY121503.1	526	2205	3	6	9	526
CY121503.1	526	2324	20	8	28	526
CY121503.1	527	2331	5	0	5	527
CY121503.1	544	2067	2	5	7	544
CY121503.1	552	2061	0	1	1	2061
CY121503.1	555	2189	5	5	10	555
CY121503.1	562	1947	39	28	67	562
CY121503.1	579	1833	0	1	1	1833
CY121503.1	619	1988	4	2	6	619
CY121503.1	619	2382	1	0	1	619
CY121503.1	639	2362	0	1	1	2362
CY121503.1	645	1955	5	2	7	645
CY121503.1	645	2013	21	17	38	645
CY121503.1	646	2316	1	0	1	646
CY121503.1	732	1981	1	0	1	732
CY121503.1	752	2000	1	0	1	752
CY121503.1	753	2001	15	14	29	753
CY121503.1	766	2361	1	0	1	766
CY121503.1	768	2051	1	0	1	768
CY121503.1	796	2073	14	28	42	796
CY121503.1	801	1796	1	0	1	801
CY121503.1	830	1775	0	1	1	1775
CY121503.1	839	1808	10	18	28	839
CY121503.1	921	2108	0	1	1	2108
CY121503.1	976	2328	1	0	1	976
