Segment	Start	Stop	Forward_support	Reverse_support	Total_support	Fuzz_factor
CY121496.1	1019	1072	1	0	1	1019
CY121496.1	1312	1715	0	1	1	1715
CY121496.1	1531	1663	1	0	1	1531
CY121496.1	283	527	1	0	1	283
CY121496.1	524	1724	1	0	1	524
CY121496.1	550	1209	2	0	2	550
CY121496.1	632	1137	1	0	1	632
CY121496.1	708	1904	0	1	1	1904
CY121496.1	895	1896	0	2	2	1896
CY121497.1	359	754	1	0	1	359
CY121497.1	377	850	0	1	1	850
CY121497.1	382	1189	0	1	1	1189
CY121497.1	402	1066	0	1	1	1066
CY121497.1	518	935	1	0	1	518
CY121497.1	526	951	1	0	1	526
CY121497.1	605	635	0	1	1	635
CY121497.1	631	995	1	0	1	631
CY121497.1	632	960	1	0	1	632
CY121497.1	657	773	0	1	1	773
CY121497.1	721	863	1	1	2	721
CY121497.1	730	1067	1	0	1	730
CY121497.1	818	1128	0	1	1	1128
CY121497.1	824	880	0	1	1	880
CY121497.1	887	939	0	1	1	939
CY121497.1	952	1116	1	0	1	952
CY121498.1	1538	1612	0	1	1	1612
CY121498.1	371	1408	0	1	1	1408
CY121498.1	375	1127	1	0	1	375
CY121498.1	385	1183	0	1	1	1183
CY121498.1	430	1535	0	1	1	1535
CY121498.1	443	1529	0	1	1	1529
CY121498.1	601	1501	0	1	1	1501
CY121499.1	1074	1309	0	1	1	1309
CY121499.1	1081	1445	1	0	1	1081
CY121499.1	1089	1449	1	0	1	1089
CY121499.1	1146	1181	0	1	1	1181
CY121499.1	1178	1680	0	1	1	1680
CY121499.1	1209	1546	1	0	1	1209
CY121499.1	1310	1626	0	1	1	1626
CY121499.1	1318	1480	0	1	1	1480
CY121499.1	1332	1444	1	0	1	1332
CY121499.1	1415	1482	0	1	1	1482
CY121499.1	1427	1699	0	1	1	1699
CY121499.1	1435	1470	0	1	1	1470
CY121499.1	1499	1543	0	1	1	1543
CY121499.1	248	605	0	1	1	605
CY121499.1	281	1249	1	0	1	281
CY121499.1	284	1661	1	0	1	284
CY121499.1	284	819	1	0	1	284
CY121499.1	288	1317	2	0	2	288
CY121499.1	319	1172	1	0	1	319
CY121499.1	320	1418	0	1	1	1418
CY121499.1	326	1075	1	0	1	326
CY121499.1	326	1149	0	1	1	1149
CY121499.1	334	1119	0	1	1	1119
CY121499.1	348	1590	0	1	1	1590
CY121499.1	353	491	0	1	1	491
CY121499.1	356	1424	0	1	1	1424
CY121499.1	357	1316	0	1	1	1316
CY121499.1	360	1280	0	1	1	1280
CY121499.1	360	565	1	0	1	360
CY121499.1	367	733	0	1	1	733
CY121499.1	391	1253	0	1	1	1253
CY121499.1	393	939	0	1	1	939
CY121499.1	394	1327	0	1	1	1327
CY121499.1	403	1535	0	1	1	1535
CY121499.1	404	449	1	0	1	404
CY121499.1	428	879	1	0	1	428
CY121499.1	433	516	1	0	1	433
CY121499.1	436	1352	1	0	1	436
CY121499.1	441	1460	1	0	1	441
CY121499.1	450	697	0	1	1	697
CY121499.1	459	1280	1	0	1	459
CY121499.1	462	861	0	1	1	861
CY121499.1	464	1124	0	1	1	1124
CY121499.1	466	586	1	0	1	466
CY121499.1	467	604	0	1	1	604
CY121499.1	467	775	0	1	1	775
CY121499.1	467	851	0	1	1	851
CY121499.1	469	975	0	1	1	975
CY121499.1	469	983	0	1	1	983
CY121499.1	480	1390	0	1	1	1390
CY121499.1	485	1608	0	1	1	1608
CY121499.1	493	658	1	0	1	493
CY121499.1	493	856	0	1	1	856
CY121499.1	526	701	1	0	1	526
CY121499.1	528	1071	1	0	1	528
CY121499.1	533	1148	1	0	1	533
CY121499.1	538	1418	1	0	1	538
CY121499.1	540	862	0	1	1	862
CY121499.1	542	1517	1	0	1	542
CY121499.1	548	1179	1	0	1	548
CY121499.1	593	1040	1	0	1	593
CY121499.1	594	1498	1	0	1	594
CY121499.1	594	688	0	1	1	688
CY121499.1	595	1618	1	0	1	595
CY121499.1	595	870	1	0	1	595
CY121499.1	602	1311	1	0	1	602
CY121499.1	602	1681	0	1	1	1681
CY121499.1	603	721	0	1	1	721
CY121499.1	614	1105	1	0	1	614
CY121499.1	622	814	1	0	1	622
CY121499.1	628	1383	1	0	1	628
CY121499.1	640	1544	0	1	1	1544
CY121499.1	653	1063	1	0	1	653
CY121499.1	659	1276	0	1	1	1276
CY121499.1	659	720	1	0	1	659
CY121499.1	665	1067	0	1	1	1067
CY121499.1	670	1178	1	0	1	670
CY121499.1	679	744	1	0	1	679
CY121499.1	710	917	0	1	1	917
CY121499.1	720	1401	1	0	1	720
CY121499.1	748	1686	0	1	1	1686
CY121499.1	770	984	1	0	1	770
CY121499.1	802	1291	0	1	1	1291
CY121499.1	804	1551	0	1	1	1551
CY121499.1	810	1099	0	1	1	1099
CY121499.1	818	1590	0	1	1	1590
CY121499.1	819	1149	0	1	1	1149
CY121499.1	870	976	0	1	1	976
CY121499.1	888	1712	0	1	1	1712
CY121499.1	889	1347	1	0	1	889
CY121499.1	892	1424	1	0	1	892
CY121499.1	892	1687	0	1	1	1687
CY121499.1	897	1464	1	0	1	897
CY121499.1	903	1007	0	1	1	1007
CY121499.1	960	1497	0	1	1	1497
CY121499.1	978	1397	0	1	1	1397
CY121500.1	252	482	1	0	1	252
CY121500.1	255	728	1	0	1	255
CY121500.1	255	867	1	0	1	255
CY121500.1	267	729	1	0	1	267
CY121500.1	272	836	1	0	1	272
CY121500.1	277	784	1	0	1	277
CY121500.1	279	342	1	0	1	279
CY121500.1	279	714	1	0	1	279
CY121500.1	291	571	1	0	1	291
CY121500.1	291	911	1	0	1	291
CY121500.1	345	928	1	0	1	345
CY121500.1	347	680	1	0	1	347
CY121500.1	353	508	0	1	1	508
CY121500.1	355	870	1	0	1	355
CY121500.1	358	1027	0	1	1	1027
CY121500.1	362	544	0	1	1	544
CY121500.1	364	812	0	1	1	812
CY121500.1	364	917	1	0	1	364
CY121500.1	370	641	1	0	1	370
CY121500.1	392	446	0	1	1	446
CY121500.1	399	429	0	1	1	429
CY121500.1	401	758	1	0	1	401
CY121500.1	403	442	0	1	1	442
CY121500.1	403	861	1	0	1	403
CY121500.1	404	1048	0	1	1	1048
CY121500.1	415	910	0	1	1	910
CY121500.1	429	893	1	0	1	429
CY121500.1	433	864	1	0	1	433
CY121500.1	439	890	1	0	1	439
CY121500.1	450	813	1	0	1	450
CY121500.1	459	921	1	0	1	459
CY121500.1	460	708	0	1	1	708
CY121500.1	468	893	1	0	1	468
CY121500.1	487	740	0	1	1	740
CY121500.1	491	806	1	0	1	491
CY121500.1	497	867	1	0	1	497
CY121500.1	500	851	1	0	1	500
CY121500.1	503	931	1	0	1	503
CY121500.1	510	713	2	0	2	510
CY121500.1	527	584	1	0	1	527
CY121500.1	529	578	1	0	1	529
CY121500.1	530	657	1	0	1	530
CY121500.1	531	744	0	1	1	744
CY121500.1	542	926	1	0	1	542
CY121500.1	544	828	1	0	1	544
CY121500.1	550	705	0	1	1	705
CY121500.1	563	711	1	0	1	563
CY121500.1	567	985	1	0	1	567
CY121500.1	588	912	1	0	1	588
CY121500.1	597	815	0	1	1	815
CY121500.1	600	845	1	0	1	600
CY121500.1	670	927	1	0	1	670
CY121500.1	693	761	0	1	1	761
CY121500.1	729	895	0	1	1	895
CY121500.1	735	762	0	1	1	762
CY121500.1	748	972	1	0	1	748
CY121500.1	755	900	1	0	1	755
CY121500.1	758	867	1	0	1	758
CY121500.1	759	830	1	0	1	759
CY121500.1	762	879	1	0	1	762
CY121500.1	770	1033	0	1	1	1033
CY121500.1	785	870	1	0	1	785
CY121500.1	785	915	1	0	1	785
CY121500.1	793	935	0	1	1	935
CY121500.1	855	946	1	0	1	855
CY121500.1	898	1000	0	1	1	1000
CY121500.1	919	1022	0	1	1	1022
CY121500.1	927	1039	0	8	8	1039
CY121501.1	1014	1123	1	0	1	1014
CY121501.1	1078	1531	1	0	1	1078
CY121501.1	1361	2168	1	0	1	1361
CY121501.1	1425	1876	0	1	1	1876
CY121501.1	1513	1861	0	1	1	1861
CY121501.1	1585	2274	1	0	1	1585
CY121501.1	1586	1622	1	0	1	1586
CY121501.1	2016	2181	0	1	1	2181
CY121501.1	373	1522	0	1	1	1522
CY121501.1	388	2146	0	1	1	2146
CY121501.1	403	1149	1	0	1	403
CY121501.1	431	650	1	0	1	431
CY121501.1	459	2069	0	1	1	2069
CY121501.1	464	1268	1	0	1	464
CY121501.1	821	1716	1	0	1	821
CY121501.1	833	1310	0	1	1	1310
CY121501.1	894	1620	0	1	1	1620
CY121502.1	1009	1667	1	0	1	1009
CY121502.1	1014	1696	1	0	1	1014
CY121502.1	1067	2015	1	0	1	1067
CY121502.1	1098	1239	1	0	1	1098
CY121502.1	1100	1461	0	1	1	1461
CY121502.1	1141	1265	0	1	1	1265
CY121502.1	1177	1217	1	0	1	1177
CY121502.1	1196	2123	0	1	1	2123
CY121502.1	1249	1496	1	0	1	1249
CY121502.1	1287	1805	0	1	1	1805
CY121502.1	1289	1576	0	1	1	1576
CY121502.1	1289	2025	0	1	1	2025
CY121502.1	1301	2129	1	0	1	1301
CY121502.1	1325	1926	0	1	1	1926
CY121502.1	1346	2365	0	1	1	2365
CY121502.1	1359	2170	1	0	1	1359
CY121502.1	1377	2128	0	1	1	2128
CY121502.1	1380	2085	0	1	1	2085
CY121502.1	1392	1616	0	1	1	1616
CY121502.1	1410	2300	0	1	1	2300
CY121502.1	1419	2049	1	0	1	1419
CY121502.1	1420	2254	1	0	1	1420
CY121502.1	1439	2026	1	0	1	1439
CY121502.1	1468	1702	0	1	1	1702
CY121502.1	1469	1579	0	1	1	1579
CY121502.1	1513	2133	0	1	1	2133
CY121502.1	1518	1643	0	1	1	1643
CY121502.1	1533	2119	0	1	1	2119
CY121502.1	1541	2121	0	1	1	2121
CY121502.1	1626	1913	1	0	1	1626
CY121502.1	1626	1957	0	1	1	1957
CY121502.1	1654	1826	0	1	1	1826
CY121502.1	1746	2065	1	0	1	1746
CY121502.1	1897	2134	0	1	1	2134
CY121502.1	1960	2154	1	0	1	1960
CY121502.1	2020	2222	0	1	1	2222
CY121502.1	2067	2176	1	0	1	2067
CY121502.1	2199	2302	1	0	1	2199
CY121502.1	297	1675	1	0	1	297
CY121502.1	330	1690	1	0	1	330
CY121502.1	332	1500	1	0	1	332
CY121502.1	399	1582	0	1	1	1582
CY121502.1	405	994	1	0	1	405
CY121502.1	465	1366	1	0	1	465
CY121502.1	469	760	1	0	1	469
CY121502.1	481	806	0	1	1	806
CY121502.1	484	2188	0	1	1	2188
CY121502.1	499	2271	0	1	1	2271
CY121502.1	499	2378	1	0	1	499
CY121502.1	499	861	0	1	1	861
CY121502.1	500	979	1	0	1	500
CY121502.1	501	1855	1	0	1	501
CY121502.1	505	2333	0	1	1	2333
CY121502.1	578	2259	0	1	1	2259
CY121502.1	582	2466	0	1	1	2466
CY121502.1	627	650	0	1	1	650
CY121502.1	645	2209	0	1	1	2209
CY121502.1	674	1133	0	1	1	1133
CY121502.1	679	797	1	0	1	679
CY121502.1	683	1113	1	0	1	683
CY121502.1	684	924	1	0	1	684
CY121502.1	736	820	1	0	1	736
CY121502.1	745	1573	1	0	1	745
CY121502.1	754	1932	0	1	1	1932
CY121502.1	760	922	1	0	1	760
CY121502.1	762	1802	1	0	1	762
CY121502.1	774	1656	1	0	1	774
CY121502.1	783	1884	0	1	1	1884
CY121502.1	805	1142	2	1	3	805
CY121502.1	806	1950	1	0	1	806
CY121502.1	819	1220	0	1	1	1220
CY121502.1	830	1078	0	1	1	1078
CY121502.1	833	1373	1	0	1	833
CY121502.1	835	2084	0	1	1	2084
CY121502.1	835	2259	0	1	1	2259
CY121502.1	842	1598	1	1	2	842
CY121502.1	843	1419	0	1	1	1419
CY121502.1	844	1939	1	0	1	844
CY121502.1	869	2142	0	1	1	2142
CY121502.1	873	1624	0	1	1	1624
CY121502.1	926	1401	0	1	1	1401
CY121502.1	936	2256	0	1	1	2256
CY121502.1	938	2296	0	1	1	2296
CY121502.1	940	2028	0	1	1	2028
CY121502.1	968	1640	1	0	1	968
CY121502.1	971	1679	0	1	1	1679
CY121502.1	982	1399	0	1	1	1399
CY121503.1	1007	1329	0	1	1	1329
CY121503.1	1034	2112	1	0	1	1034
CY121503.1	1055	2145	1	0	1	1055
CY121503.1	1095	1137	0	1	1	1137
CY121503.1	1128	2129	1	0	1	1128
CY121503.1	1144	1761	1	0	1	1144
CY121503.1	1165	2133	1	0	1	1165
CY121503.1	1170	2148	0	1	1	2148
CY121503.1	1176	1324	1	0	1	1176
CY121503.1	1180	1926	0	1	1	1926
CY121503.1	1182	2009	0	1	1	2009
CY121503.1	1218	1659	0	1	1	1659
CY121503.1	1224	2321	0	1	1	2321
CY121503.1	1238	1665	1	0	1	1238
CY121503.1	1244	1461	1	0	1	1244
CY121503.1	1299	1404	1	0	1	1299
CY121503.1	1322	2176	1	0	1	1322
CY121503.1	1364	2334	1	0	1	1364
CY121503.1	1367	2119	1	0	1	1367
CY121503.1	1432	1977	0	1	1	1977
CY121503.1	1453	2203	1	0	1	1453
CY121503.1	1553	1741	0	1	1	1741
CY121503.1	1598	1684	1	0	1	1598
CY121503.1	1602	1625	0	1	1	1625
CY121503.1	1617	1959	0	1	1	1959
CY121503.1	1618	2152	0	1	1	2152
CY121503.1	1624	1947	1	0	1	1624
CY121503.1	1648	1706	1	0	1	1648
CY121503.1	1657	1741	1	0	1	1657
CY121503.1	1704	2304	0	1	1	2304
CY121503.1	1706	1750	0	1	1	1750
CY121503.1	1774	2289	0	1	1	2289
CY121503.1	1795	1925	1	0	1	1795
CY121503.1	1901	2242	0	1	1	2242
CY121503.1	1952	2254	1	0	1	1952
CY121503.1	2168	2257	1	0	1	2168
CY121503.1	2184	2380	1	0	1	2184
CY121503.1	2229	2343	0	1	1	2343
CY121503.1	241	1221	1	0	1	241
CY121503.1	287	1397	1	0	1	287
CY121503.1	341	1652	1	0	1	341
CY121503.1	347	1331	0	1	1	1331
CY121503.1	347	2236	1	1	2	347
CY121503.1	351	1513	0	1	1	1513
CY121503.1	358	2247	0	1	1	2247
CY121503.1	374	403	0	1	1	403
CY121503.1	437	1695	0	1	1	1695
CY121503.1	445	2358	0	1	1	2358
CY121503.1	458	1138	0	1	1	1138
CY121503.1	458	1656	1	0	1	458
CY121503.1	558	1032	1	0	1	558
CY121503.1	606	697	0	1	1	697
CY121503.1	616	703	0	1	1	703
CY121503.1	654	1568	1	0	1	654
CY121503.1	704	2172	0	1	1	2172
CY121503.1	727	1019	0	1	1	1019
CY121503.1	731	2023	0	1	1	2023
CY121503.1	739	2457	0	1	1	2457
CY121503.1	740	1294	1	0	1	740
CY121503.1	740	2461	0	1	1	2461
CY121503.1	797	1705	1	0	1	797
CY121503.1	799	1250	1	0	1	799
CY121503.1	810	1666	1	0	1	810
CY121503.1	823	1283	0	1	1	1283
CY121503.1	830	1300	0	1	1	1300
CY121503.1	841	2200	0	1	1	2200
CY121503.1	846	1511	1	0	1	846
CY121503.1	847	943	0	1	1	943
CY121503.1	942	1999	1	0	1	942
CY121503.1	955	1161	1	0	1	955
CY121503.1	957	1772	1	0	1	957
CY121503.1	964	1006	0	1	1	1006
CY121503.1	982	1803	1	0	1	982
