Segment	Start	Stop	Forward_support	Reverse_support	Total_support	Fuzz_factor
CY121496.1	1014	1608	0	1	1	1608
CY121496.1	1021	1165	0	1	1	1165
CY121496.1	1021	1784	1	0	1	1021
CY121496.1	1028	1767	1	0	1	1028
CY121496.1	1061	1395	0	1	1	1395
CY121496.1	1063	1412	2	1	3	1063
CY121496.1	1063	1556	1	0	1	1063
CY121496.1	1067	1835	1	0	1	1067
CY121496.1	1088	1234	1	0	1	1088
CY121496.1	1104	1612	1	0	1	1104
CY121496.1	1119	1750	1	0	1	1119
CY121496.1	1120	1575	0	1	1	1575
CY121496.1	1133	1803	0	1	1	1803
CY121496.1	1141	1232	1	0	1	1141
CY121496.1	1144	1814	1	0	1	1144
CY121496.1	1150	1272	0	1	1	1272
CY121496.1	1173	1397	1	0	1	1173
CY121496.1	1184	1633	1	0	1	1184
CY121496.1	1193	1236	1	0	1	1193
CY121496.1	1202	1241	3	0	3	1202
CY121496.1	1209	1636	0	1	1	1636
CY121496.1	1214	1534	0	1	1	1534
CY121496.1	1221	1713	1	0	1	1221
CY121496.1	1228	1470	1	0	1	1228
CY121496.1	1230	1404	1	0	1	1230
CY121496.1	1245	1561	1	0	1	1245
CY121496.1	1268	1580	0	1	1	1580
CY121496.1	1269	1636	0	1	1	1636
CY121496.1	1270	1808	1	0	1	1270
CY121496.1	1271	1533	1	0	1	1271
CY121496.1	1279	1777	1	0	1	1279
CY121496.1	1290	1678	1	0	1	1290
CY121496.1	1301	1525	1	0	1	1301
CY121496.1	1315	1543	0	1	1	1543
CY121496.1	1351	1603	0	1	1	1603
CY121496.1	1353	1644	1	0	1	1353
CY121496.1	1354	1413	4	1	5	1354
CY121496.1	1367	1392	2	4	6	1367
CY121496.1	1399	1454	0	1	1	1454
CY121496.1	1403	1778	1	0	1	1403
CY121496.1	1462	1714	1	0	1	1462
CY121496.1	1483	1682	0	1	1	1682
CY121496.1	1516	1655	0	2	2	1655
CY121496.1	1563	1791	0	1	1	1791
CY121496.1	1567	1630	1	0	1	1567
CY121496.1	1572	1705	1	0	1	1572
CY121496.1	1596	1719	0	1	1	1719
CY121496.1	1685	1898	0	1	1	1898
CY121496.1	1711	1873	0	1	1	1873
CY121496.1	1717	1896	0	1	1	1896
CY121496.1	1723	1872	0	1	1	1872
CY121496.1	1748	1821	1	0	1	1748
CY121496.1	247	1515	1	0	1	247
CY121496.1	277	1057	1	0	1	277
CY121496.1	282	1395	1	0	1	282
CY121496.1	283	1255	1	0	1	283
CY121496.1	285	1215	1	0	1	285
CY121496.1	287	913	1	0	1	287
CY121496.1	290	1344	1	0	1	290
CY121496.1	290	1447	1	0	1	290
CY121496.1	330	1801	0	1	1	1801
CY121496.1	335	1502	0	1	1	1502
CY121496.1	350	1624	0	1	1	1624
CY121496.1	365	1817	1	0	1	365
CY121496.1	367	1606	1	0	1	367
CY121496.1	370	1736	1	1	2	370
CY121496.1	375	1755	0	1	1	1755
CY121496.1	377	767	1	3	4	377
CY121496.1	395	499	0	1	1	499
CY121496.1	396	1100	0	1	1	1100
CY121496.1	399	1515	0	1	1	1515
CY121496.1	404	1129	0	1	1	1129
CY121496.1	407	1496	0	1	1	1496
CY121496.1	407	1813	0	1	1	1813
CY121496.1	412	1592	6	10	16	412
CY121496.1	413	1312	1	0	1	413
CY121496.1	413	1517	1	0	1	413
CY121496.1	429	1727	1	0	1	429
CY121496.1	441	593	0	1	1	593
CY121496.1	445	1457	7	11	18	445
CY121496.1	448	1779	1	0	1	448
CY121496.1	454	595	0	1	1	595
CY121496.1	470	606	1	0	1	470
CY121496.1	471	1523	1	0	1	471
CY121496.1	471	1820	0	1	1	1820
CY121496.1	491	1173	1	0	1	491
CY121496.1	491	996	1	0	1	491
CY121496.1	505	1282	0	1	1	1282
CY121496.1	505	1873	0	1	1	1873
CY121496.1	509	996	1	0	1	509
CY121496.1	524	1724	0	1	1	1724
CY121496.1	525	991	1	0	1	525
CY121496.1	534	989	0	1	1	989
CY121496.1	541	658	1	0	1	541
CY121496.1	546	1135	0	3	3	1135
CY121496.1	547	1635	1	1	2	547
CY121496.1	549	1305	1	0	1	549
CY121496.1	553	1768	0	1	1	1768
CY121496.1	555	1032	0	1	1	1032
CY121496.1	558	1015	1	0	1	558
CY121496.1	560	1914	1	4	5	560
CY121496.1	562	1638	3	5	8	562
CY121496.1	588	1780	1	0	1	588
CY121496.1	617	1507	1	0	1	617
CY121496.1	639	1737	1	0	1	639
CY121496.1	641	1631	0	1	1	1631
CY121496.1	645	1360	1	0	1	645
CY121496.1	653	1497	1	0	1	653
CY121496.1	660	1161	0	1	1	1161
CY121496.1	680	1471	1	0	1	680
CY121496.1	713	1399	0	1	1	1399
CY121496.1	713	835	0	1	1	835
CY121496.1	772	1154	0	1	1	1154
CY121496.1	777	1590	0	1	1	1590
CY121496.1	778	1701	1	0	1	778
CY121496.1	809	1877	0	1	1	1877
CY121496.1	812	1363	1	0	1	812
CY121496.1	816	1551	1	0	1	816
CY121496.1	818	1292	1	0	1	818
CY121496.1	862	1798	1	0	1	862
CY121496.1	874	1192	1	0	1	874
CY121496.1	881	1032	1	0	1	881
CY121496.1	887	1218	0	1	1	1218
CY121496.1	898	1350	1	0	1	898
CY121496.1	909	1124	0	1	1	1124
CY121496.1	910	1827	1	0	1	910
CY121496.1	916	1469	1	0	1	916
CY121496.1	956	1171	0	1	1	1171
CY121496.1	984	1796	0	1	1	1796
CY121497.1	1014	1113	1	0	1	1014
CY121497.1	1121	1146	0	1	1	1146
CY121497.1	236	517	1	0	1	236
CY121497.1	249	531	1	0	1	249
CY121497.1	257	551	9	0	9	257
CY121497.1	259	575	9	1	10	259
CY121497.1	261	489	1	0	1	261
CY121497.1	262	1049	1	0	1	262
CY121497.1	272	554	34	4	38	272
CY121497.1	276	391	1	0	1	276
CY121497.1	276	407	1	0	1	276
CY121497.1	282	411	1	0	1	282
CY121497.1	282	520	1	0	1	282
CY121497.1	290	1146	1	1	2	290
CY121497.1	304	539	2	0	2	304
CY121497.1	306	392	0	1	1	392
CY121497.1	308	881	0	1	1	881
CY121497.1	311	751	0	1	1	751
CY121497.1	320	352	1	0	1	320
CY121497.1	335	939	0	1	1	939
CY121497.1	340	1056	0	1	1	1056
CY121497.1	342	510	0	1	1	510
CY121497.1	349	573	1	0	1	349
CY121497.1	350	576	4	28	32	350
CY121497.1	353	658	0	1	1	658
CY121497.1	353	861	0	1	1	861
CY121497.1	360	693	0	1	1	693
CY121497.1	361	789	2	15	17	361
CY121497.1	365	650	0	1	1	650
CY121497.1	370	1151	0	1	1	1151
CY121497.1	375	479	0	1	1	479
CY121497.1	379	804	0	1	1	804
CY121497.1	386	1098	0	1	1	1098
CY121497.1	390	734	0	1	1	734
CY121497.1	392	567	0	1	1	567
CY121497.1	395	705	1	0	1	395
CY121497.1	397	1007	0	1	1	1007
CY121497.1	397	461	0	1	1	461
CY121497.1	397	481	0	1	1	481
CY121497.1	400	533	0	1	1	533
CY121497.1	419	475	1	0	1	419
CY121497.1	427	563	0	1	1	563
CY121497.1	429	1076	1	0	1	429
CY121497.1	434	894	0	1	1	894
CY121497.1	436	635	0	1	1	635
CY121497.1	436	946	1	0	1	436
CY121497.1	437	1085	1	0	1	437
CY121497.1	437	681	0	4	4	681
CY121497.1	437	816	4	13	17	437
CY121497.1	445	953	1	0	1	445
CY121497.1	448	818	0	1	1	818
CY121497.1	449	645	0	1	1	645
CY121497.1	453	479	0	1	1	479
CY121497.1	459	868	1	0	1	459
CY121497.1	460	489	1	0	1	460
CY121497.1	465	557	0	1	1	557
CY121497.1	466	576	1	0	1	466
CY121497.1	472	830	0	1	1	830
CY121497.1	476	576	0	2	2	576
CY121497.1	481	853	1	0	1	481
CY121497.1	488	550	1	0	1	488
CY121497.1	497	627	1	0	1	497
CY121497.1	503	1100	0	1	1	1100
CY121497.1	515	1036	1	0	1	515
CY121497.1	517	553	1	0	1	517
CY121497.1	520	608	0	1	1	608
CY121497.1	526	1062	1	0	1	526
CY121497.1	526	608	0	1	1	608
CY121497.1	527	1169	0	1	1	1169
CY121497.1	528	1149	0	1	1	1149
CY121497.1	539	876	6	2	8	539
CY121497.1	543	588	0	1	1	588
CY121497.1	544	738	1	0	1	544
CY121497.1	551	1098	0	1	1	1098
CY121497.1	552	1145	0	1	1	1145
CY121497.1	556	1147	0	1	1	1147
CY121497.1	568	692	0	1	1	692
CY121497.1	569	662	2	0	2	569
CY121497.1	571	839	0	1	1	839
CY121497.1	582	675	1	0	1	582
CY121497.1	582	784	0	1	1	784
CY121497.1	585	997	1	0	1	585
CY121497.1	587	690	2	0	2	587
CY121497.1	588	805	3	0	3	588
CY121497.1	590	722	1	0	1	590
CY121497.1	591	1062	1	0	1	591
CY121497.1	592	865	1	3	4	592
CY121497.1	592	964	6	4	10	592
CY121497.1	598	941	0	1	1	941
CY121497.1	601	902	0	2	2	902
CY121497.1	606	838	52	54	106	606
CY121497.1	609	704	1	0	1	609
CY121497.1	611	672	1	0	1	611
CY121497.1	620	684	0	1	1	684
CY121497.1	620	826	0	1	1	826
CY121497.1	622	760	1	0	1	622
CY121497.1	629	762	0	3	3	762
CY121497.1	630	1042	0	1	1	1042
CY121497.1	632	960	5	5	10	632
CY121497.1	633	724	0	3	3	724
CY121497.1	635	722	0	1	1	722
CY121497.1	635	804	5	3	8	635
CY121497.1	642	1086	1	0	1	642
CY121497.1	647	978	1	0	1	647
CY121497.1	658	769	1	2	3	658
CY121497.1	664	1189	0	1	1	1189
CY121497.1	682	818	6	20	26	682
CY121497.1	684	859	2	3	5	684
CY121497.1	686	1002	0	1	1	1002
CY121497.1	686	882	0	1	1	882
CY121497.1	688	842	0	4	4	842
CY121497.1	693	1128	1	0	1	693
CY121497.1	700	775	2	0	2	700
CY121497.1	703	959	0	1	1	959
CY121497.1	706	752	0	2	2	752
CY121497.1	716	939	2	2	4	716
CY121497.1	718	895	1	0	1	718
CY121497.1	718	968	2	4	6	718
CY121497.1	721	863	5	15	20	721
CY121497.1	752	875	2	2	4	752
CY121497.1	761	1020	0	1	1	1020
CY121497.1	761	801	1	0	1	761
CY121497.1	761	912	1	0	1	761
CY121497.1	761	957	1	1	2	761
CY121497.1	761	958	0	1	1	958
CY121497.1	767	1137	0	2	2	1137
CY121497.1	768	812	0	1	1	812
CY121497.1	769	821	2	0	2	769
CY121497.1	773	817	2	1	3	773
CY121497.1	777	1022	0	1	1	1022
CY121497.1	782	1106	1	0	1	782
CY121497.1	793	937	0	1	1	937
CY121497.1	795	865	4	5	9	795
CY121497.1	796	1004	1	0	1	796
CY121497.1	796	980	1	0	1	796
CY121497.1	806	1037	1	0	1	806
CY121497.1	807	1051	0	1	1	1051
CY121497.1	820	869	2	0	2	820
CY121497.1	821	866	2	0	2	821
CY121497.1	827	881	1	0	1	827
CY121497.1	829	892	0	1	1	892
CY121497.1	831	1030	1	0	1	831
CY121497.1	831	925	0	1	1	925
CY121497.1	843	1033	1	0	1	843
CY121497.1	854	877	1	0	1	854
CY121497.1	861	908	1	1	2	861
CY121497.1	884	1015	0	1	1	1015
CY121497.1	893	1006	0	1	1	1006
CY121497.1	900	1154	0	1	1	1154
CY121497.1	910	1067	1	0	1	910
CY121497.1	913	944	1	0	1	913
CY121497.1	914	955	1	0	1	914
CY121497.1	927	1043	1	2	3	927
CY121497.1	939	1008	0	1	1	1008
CY121497.1	939	1088	1	0	1	939
CY121497.1	943	1170	0	1	1	1170
CY121497.1	959	1025	1	0	1	959
CY121497.1	968	1064	1	0	1	968
CY121497.1	976	1039	0	4	4	1039
CY121498.1	1025	1081	1	0	1	1025
CY121498.1	1107	1419	1	0	1	1107
CY121498.1	1148	1242	1	0	1	1148
CY121498.1	1252	1444	0	1	1	1444
CY121498.1	1256	1484	0	1	1	1484
CY121498.1	1424	1460	1	0	1	1424
CY121498.1	321	761	0	1	1	761
CY121498.1	346	1319	0	2	2	1319
CY121498.1	349	425	1	0	1	349
CY121498.1	354	1576	0	1	1	1576
CY121498.1	370	1166	0	1	1	1166
CY121498.1	371	585	0	1	1	585
CY121498.1	375	949	0	1	1	949
CY121498.1	376	731	0	1	1	731
CY121498.1	388	575	0	1	1	575
CY121498.1	392	1259	0	1	1	1259
CY121498.1	396	873	1	0	1	396
CY121498.1	403	1344	0	1	1	1344
CY121498.1	403	786	0	1	1	786
CY121498.1	404	741	0	1	1	741
CY121498.1	407	477	1	0	1	407
CY121498.1	412	582	0	1	1	582
CY121498.1	416	1172	0	1	1	1172
CY121498.1	419	1372	1	1	2	419
CY121498.1	450	580	0	1	1	580
CY121498.1	481	1258	1	0	1	481
CY121498.1	486	780	0	1	1	780
CY121498.1	491	1434	1	0	1	491
CY121498.1	501	1270	1	0	1	501
CY121498.1	507	1168	0	1	1	1168
CY121498.1	524	711	0	1	1	711
CY121498.1	525	1317	1	0	1	525
CY121498.1	530	958	0	1	1	958
CY121498.1	531	1136	1	0	1	531
CY121498.1	531	849	0	1	1	849
CY121498.1	541	1377	0	1	1	1377
CY121498.1	546	1065	0	1	1	1065
CY121498.1	551	1118	1	0	1	551
CY121498.1	553	713	1	0	1	553
CY121498.1	596	655	1	0	1	596
CY121498.1	600	655	0	1	1	655
CY121498.1	636	888	1	0	1	636
CY121498.1	638	682	1	0	1	638
CY121498.1	641	785	1	0	1	641
CY121498.1	646	1362	0	1	1	1362
CY121498.1	668	1155	2	0	2	668
CY121498.1	673	1270	1	0	1	673
CY121498.1	726	760	0	1	1	760
CY121498.1	733	1528	0	1	1	1528
CY121498.1	756	1086	0	1	1	1086
CY121498.1	785	1128	0	1	1	1128
CY121498.1	788	1032	0	1	1	1032
CY121498.1	804	923	0	1	1	923
CY121498.1	824	1319	1	0	1	824
CY121498.1	825	1018	1	0	1	825
CY121498.1	900	1015	0	1	1	1015
CY121498.1	974	1110	1	0	1	974
CY121498.1	987	1293	1	0	1	987
CY121499.1	1001	1049	1	0	1	1001
CY121499.1	1015	1040	1	3	4	1015
CY121499.1	1020	1306	1	0	1	1020
CY121499.1	1031	1095	2	0	2	1031
CY121499.1	1053	1423	1	0	1	1053
CY121499.1	1053	1690	0	1	1	1690
CY121499.1	1069	1214	0	1	1	1214
CY121499.1	1073	1305	1	0	1	1073
CY121499.1	1081	1715	0	1	1	1715
CY121499.1	1091	1432	1	0	1	1091
CY121499.1	1105	1378	0	1	1	1378
CY121499.1	1133	1392	0	1	1	1392
CY121499.1	1181	1397	0	1	1	1397
CY121499.1	1185	1581	1	0	1	1185
CY121499.1	1226	1258	0	1	1	1258
CY121499.1	1242	1470	0	1	1	1470
CY121499.1	1253	1454	0	1	1	1454
CY121499.1	1287	1543	0	1	1	1543
CY121499.1	1297	1510	1	0	1	1297
CY121499.1	1365	1616	0	1	1	1616
CY121499.1	1366	1549	0	1	1	1549
CY121499.1	1420	1470	0	1	1	1470
CY121499.1	1423	1621	1	0	1	1423
CY121499.1	1444	1568	3	0	3	1444
CY121499.1	1448	1651	0	1	1	1651
CY121499.1	1469	1597	0	1	1	1597
CY121499.1	1543	1661	1	0	1	1543
CY121499.1	1559	1647	1	0	1	1559
CY121499.1	1562	1695	0	1	1	1695
CY121499.1	1571	1725	1	5	6	1571
CY121499.1	1606	1727	0	4	4	1727
CY121499.1	248	605	1	0	1	248
CY121499.1	260	490	1	0	1	260
CY121499.1	271	1575	1	0	1	271
CY121499.1	288	520	1	0	1	288
CY121499.1	308	1459	0	1	1	1459
CY121499.1	312	988	1	0	1	312
CY121499.1	315	1044	0	2	2	1044
CY121499.1	321	1233	0	1	1	1233
CY121499.1	321	1327	0	1	1	1327
CY121499.1	322	1445	0	1	1	1445
CY121499.1	323	1569	0	1	1	1569
CY121499.1	331	374	0	1	1	374
CY121499.1	341	936	1	0	1	341
CY121499.1	342	763	1	0	1	342
CY121499.1	344	917	1	0	1	344
CY121499.1	347	1718	0	1	1	1718
CY121499.1	354	851	1	0	1	354
CY121499.1	356	974	1	1	2	356
CY121499.1	358	1504	0	1	1	1504
CY121499.1	370	1178	0	1	1	1178
CY121499.1	377	1128	0	1	1	1128
CY121499.1	391	927	1	0	1	391
CY121499.1	394	418	1	0	1	394
CY121499.1	398	651	0	1	1	651
CY121499.1	403	896	0	1	1	896
CY121499.1	404	1545	0	1	1	1545
CY121499.1	406	850	1	0	1	406
CY121499.1	414	1520	0	1	1	1520
CY121499.1	414	914	1	0	1	414
CY121499.1	421	810	1	0	1	421
CY121499.1	423	1456	0	1	1	1456
CY121499.1	423	942	1	0	1	423
CY121499.1	432	1148	1	0	1	432
CY121499.1	432	842	1	0	1	432
CY121499.1	441	1243	0	1	1	1243
CY121499.1	441	1357	0	1	1	1357
CY121499.1	441	828	0	1	1	828
CY121499.1	442	1132	1	0	1	442
CY121499.1	442	1217	0	1	1	1217
CY121499.1	459	1122	0	1	1	1122
CY121499.1	476	1398	10	13	23	476
CY121499.1	476	1516	1	0	1	476
CY121499.1	493	551	0	1	1	551
CY121499.1	493	577	0	1	1	577
CY121499.1	494	1253	0	1	1	1253
CY121499.1	509	1270	0	1	1	1270
CY121499.1	510	830	1	0	1	510
CY121499.1	519	1611	1	0	1	519
CY121499.1	523	940	1	0	1	523
CY121499.1	533	1402	1	1	2	533
CY121499.1	561	1017	0	1	1	1017
CY121499.1	576	1590	0	1	1	1590
CY121499.1	593	1097	1	0	1	593
CY121499.1	594	1149	1	0	1	594
CY121499.1	599	1207	1	0	1	599
CY121499.1	608	1148	1	0	1	608
CY121499.1	618	1016	1	0	1	618
CY121499.1	622	1561	0	1	1	1561
CY121499.1	624	1532	1	0	1	624
CY121499.1	625	1672	0	1	1	1672
CY121499.1	632	1711	0	1	1	1711
CY121499.1	641	1392	0	1	1	1392
CY121499.1	647	1144	1	0	1	647
CY121499.1	647	1553	0	1	1	1553
CY121499.1	666	1698	0	1	1	1698
CY121499.1	669	1694	0	1	1	1694
CY121499.1	670	1473	0	1	1	1473
CY121499.1	680	1079	0	1	1	1079
CY121499.1	690	1604	0	1	1	1604
CY121499.1	692	1162	1	0	1	692
CY121499.1	695	940	0	1	1	940
CY121499.1	723	964	1	0	1	723
CY121499.1	726	935	1	0	1	726
CY121499.1	735	897	2	1	3	735
CY121499.1	751	1057	0	1	1	1057
CY121499.1	751	1194	1	0	1	751
CY121499.1	761	1048	1	0	1	761
CY121499.1	783	1564	0	1	1	1564
CY121499.1	787	1068	0	1	1	1068
CY121499.1	796	909	1	0	1	796
CY121499.1	812	1230	1	0	1	812
CY121499.1	817	1234	1	0	1	817
CY121499.1	825	999	0	1	1	999
CY121499.1	830	1067	0	1	1	1067
CY121499.1	834	1405	0	1	1	1405
CY121499.1	840	934	1	0	1	840
CY121499.1	852	1030	1	0	1	852
CY121499.1	868	943	1	0	1	868
CY121499.1	873	1470	0	1	1	1470
CY121499.1	894	1611	1	0	1	894
CY121499.1	898	1372	1	0	1	898
CY121499.1	900	1495	1	0	1	900
CY121499.1	908	1522	0	1	1	1522
CY121499.1	917	1507	1	0	1	917
CY121499.1	920	976	0	1	1	976
CY121499.1	922	1205	0	1	1	1205
CY121499.1	925	1029	1	0	1	925
CY121499.1	926	1128	1	0	1	926
CY121499.1	929	971	1	0	1	929
CY121499.1	931	953	0	1	1	953
CY121499.1	942	1392	1	0	1	942
CY121499.1	944	1557	1	0	1	944
CY121499.1	946	1073	0	1	1	1073
CY121499.1	952	1301	1	0	1	952
CY121499.1	966	1192	0	1	1	1192
CY121499.1	972	1221	0	1	1	1221
CY121499.1	980	1307	0	1	1	1307
CY121499.1	999	1044	10	4	14	999
CY121500.1	256	789	1	0	1	256
CY121500.1	275	852	1	0	1	275
CY121500.1	323	501	0	1	1	501
CY121500.1	356	822	0	1	1	822
CY121500.1	358	1006	0	1	1	1006
CY121500.1	364	514	0	1	1	514
CY121500.1	414	627	0	1	1	627
CY121500.1	438	562	2	4	6	438
CY121500.1	466	664	1	0	1	466
CY121500.1	476	499	0	3	3	499
CY121500.1	514	743	5	8	13	514
CY121500.1	612	706	0	1	1	706
CY121501.1	1060	1582	0	1	1	1582
CY121501.1	1060	2342	1	0	1	1060
CY121501.1	1090	2372	0	1	1	2372
CY121501.1	1094	2020	0	1	1	2020
CY121501.1	1094	2296	2	2	4	1094
CY121501.1	1102	2288	3	2	5	1102
CY121501.1	1122	2280	1	0	1	1122
CY121501.1	1176	1283	0	1	1	1283
CY121501.1	1234	2255	1	0	1	1234
CY121501.1	1235	1710	1	0	1	1235
CY121501.1	1249	1468	0	1	1	1468
CY121501.1	1271	1313	1	2	3	1271
CY121501.1	1278	2080	0	1	1	2080
CY121501.1	1281	1959	0	1	1	1959
CY121501.1	1305	1396	0	1	1	1396
CY121501.1	1339	2038	1	0	1	1339
CY121501.1	1394	1420	1	2	3	1394
CY121501.1	1406	1974	0	1	1	1974
CY121501.1	1411	2226	0	1	1	2226
CY121501.1	1423	2310	0	1	1	2310
CY121501.1	1503	2287	1	2	3	1503
CY121501.1	1526	1653	1	0	1	1526
CY121501.1	1602	2003	1	0	1	1602
CY121501.1	1609	2209	1	0	1	1609
CY121501.1	1609	2278	1	0	1	1609
CY121501.1	1618	1809	0	1	1	1809
CY121501.1	1642	1676	1	0	1	1642
CY121501.1	1685	2291	1	0	1	1685
CY121501.1	1734	1969	1	0	1	1734
CY121501.1	1758	2241	1	0	1	1758
CY121501.1	1800	1869	1	1	2	1800
CY121501.1	1805	2285	0	1	1	2285
CY121501.1	1832	1863	0	1	1	1863
CY121501.1	1846	2041	0	1	1	2041
CY121501.1	1852	1912	0	1	1	1912
CY121501.1	1917	2038	1	0	1	1917
CY121501.1	1953	2035	1	0	1	1953
CY121501.1	2123	2147	1	0	1	2123
CY121501.1	272	1790	1	0	1	272
CY121501.1	282	2077	1	0	1	282
CY121501.1	284	2292	1	0	1	284
CY121501.1	284	825	1	0	1	284
CY121501.1	291	2004	1	0	1	291
CY121501.1	320	1719	0	1	1	1719
CY121501.1	323	2016	0	6	6	2016
CY121501.1	337	373	0	12	12	373
CY121501.1	341	2250	0	1	1	2250
CY121501.1	342	1503	1	0	1	342
CY121501.1	356	1116	0	1	1	1116
CY121501.1	369	2162	1	0	1	369
CY121501.1	369	2184	10	5	15	369
CY121501.1	380	1755	0	1	1	1755
CY121501.1	386	2266	8	3	11	386
CY121501.1	400	1212	0	1	1	1212
CY121501.1	409	787	0	24	24	787
CY121501.1	465	1609	1	1	2	465
CY121501.1	469	2106	0	1	1	2106
CY121501.1	472	2042	0	1	1	2042
CY121501.1	476	1723	0	1	1	1723
CY121501.1	479	1720	1	0	1	479
CY121501.1	492	2013	2	1	3	492
CY121501.1	492	515	107	132	239	492
CY121501.1	494	1887	10	7	17	494
CY121501.1	500	577	0	1	1	577
CY121501.1	513	549	2	3	5	513
CY121501.1	518	2153	0	1	1	2153
CY121501.1	526	1976	10	7	17	526
CY121501.1	530	1133	1	0	1	530
CY121501.1	543	1226	1	0	1	543
CY121501.1	546	1998	1	0	1	546
CY121501.1	557	1944	2	0	2	557
CY121501.1	557	2030	101	97	198	557
CY121501.1	559	1187	1	0	1	559
CY121501.1	566	2037	0	3	3	2037
CY121501.1	598	2004	5	0	5	598
CY121501.1	610	1785	0	1	1	1785
CY121501.1	618	1064	0	1	1	1064
CY121501.1	634	1021	0	1	1	1021
CY121501.1	643	1676	0	1	1	1676
CY121501.1	644	2066	80	106	186	644
CY121501.1	649	2071	2	3	5	649
CY121501.1	670	1915	4	4	8	670
CY121501.1	672	1622	0	1	1	1622
CY121501.1	672	1641	7	2	9	672
CY121501.1	678	1704	1	0	1	678
CY121501.1	680	2051	16	13	29	680
CY121501.1	682	1708	0	1	1	1708
CY121501.1	691	773	0	1	1	773
CY121501.1	693	1827	1	0	1	693
CY121501.1	701	1997	0	1	1	1997
CY121501.1	703	1992	1	0	1	703
CY121501.1	713	1876	0	1	1	1876
CY121501.1	718	2003	1	0	1	718
CY121501.1	718	813	2	0	2	718
CY121501.1	721	821	0	1	1	821
CY121501.1	725	2072	0	2	2	2072
CY121501.1	729	893	1	0	1	729
CY121501.1	730	1873	5	9	14	730
CY121501.1	736	1831	1	0	1	736
CY121501.1	755	2342	0	1	1	2342
CY121501.1	759	1997	5	4	9	759
CY121501.1	767	843	2	1	3	767
CY121501.1	773	1904	0	1	1	1904
CY121501.1	786	1128	1	0	1	786
CY121501.1	792	1448	0	1	1	1448
CY121501.1	798	1861	1	0	1	798
CY121501.1	830	1747	2	0	2	830
CY121501.1	832	1840	1	0	1	832
CY121501.1	838	1847	0	2	2	1847
CY121501.1	850	1761	1	3	4	850
CY121501.1	854	1722	2	2	4	854
CY121501.1	884	1400	0	1	1	1400
CY121501.1	904	1952	0	1	1	1952
CY121501.1	923	1656	6	5	11	923
CY121501.1	926	2028	0	1	1	2028
CY121501.1	926	971	1	1	2	926
CY121501.1	941	2105	0	1	1	2105
CY121501.1	945	2046	1	0	1	945
CY121501.1	946	1651	1	0	1	946
CY121501.1	949	1654	1	3	4	949
CY121501.1	953	1743	1	3	4	953
CY121501.1	981	1689	4	1	5	981
CY121501.1	989	1272	0	1	1	1272
CY121501.1	995	1094	0	1	1	1094
CY121502.1	1017	1827	1	0	1	1017
CY121502.1	1033	1657	0	1	1	1657
CY121502.1	1062	1118	1	0	1	1062
CY121502.1	1063	1430	0	1	1	1430
CY121502.1	1075	1818	0	1	1	1818
CY121502.1	1108	2271	0	1	1	2271
CY121502.1	1116	1447	1	0	1	1116
CY121502.1	1125	1553	0	1	1	1553
CY121502.1	1134	1989	0	1	1	1989
CY121502.1	1148	1598	1	0	1	1148
CY121502.1	1195	2065	0	1	1	2065
CY121502.1	1220	1712	0	1	1	1712
CY121502.1	1267	2046	0	1	1	2046
CY121502.1	1279	1442	1	0	1	1279
CY121502.1	1342	1367	1	1	2	1342
CY121502.1	1348	1794	0	1	1	1794
CY121502.1	1361	1951	3	1	4	1361
CY121502.1	1370	1917	1	0	1	1370
CY121502.1	1390	1533	1	0	1	1390
CY121502.1	1393	2252	1	2	3	1393
CY121502.1	1404	2367	1	0	1	1404
CY121502.1	1409	2445	1	0	1	1409
CY121502.1	1419	1836	0	1	1	1836
CY121502.1	1423	2119	1	0	1	1423
CY121502.1	1455	1749	1	0	1	1455
CY121502.1	1494	1628	1	0	1	1494
CY121502.1	1517	2260	1	0	1	1517
CY121502.1	1541	2159	0	1	1	2159
CY121502.1	1590	1691	1	0	1	1590
CY121502.1	1622	2215	0	1	1	2215
CY121502.1	1665	1957	0	4	4	1957
CY121502.1	1686	2222	0	1	1	2222
CY121502.1	1686	2424	1	0	1	1686
CY121502.1	1771	2423	1	0	1	1771
CY121502.1	1784	2211	0	1	1	2211
CY121502.1	1788	2070	0	1	1	2070
CY121502.1	1832	1892	1	0	1	1832
CY121502.1	1877	2050	0	1	1	2050
CY121502.1	1895	2307	1	0	1	1895
CY121502.1	1900	2349	0	1	1	2349
CY121502.1	1914	2478	0	1	1	2478
CY121502.1	2052	2111	1	0	1	2052
CY121502.1	2191	2355	0	1	1	2355
CY121502.1	2199	2401	1	0	1	2199
CY121502.1	2247	2464	0	1	1	2464
CY121502.1	2277	2332	1	0	1	2277
CY121502.1	2326	2363	3	3	6	2326
CY121502.1	2407	2463	0	7	7	2463
CY121502.1	244	2253	17	0	17	244
CY121502.1	246	272	11	0	11	246
CY121502.1	251	1631	1	0	1	251
CY121502.1	258	1638	2	0	2	258
CY121502.1	311	497	10	1	11	311
CY121502.1	316	2307	1	1	2	316
CY121502.1	336	709	1	0	1	336
CY121502.1	340	1520	0	1	1	1520
CY121502.1	345	1844	1	0	1	345
CY121502.1	346	619	2	0	2	346
CY121502.1	367	1926	1	0	1	367
CY121502.1	370	1598	0	1	1	1598
CY121502.1	377	921	1	0	1	377
CY121502.1	386	2238	0	2	2	2238
CY121502.1	386	2380	2	1	3	386
CY121502.1	397	2327	2	0	2	397
CY121502.1	398	1296	0	1	1	1296
CY121502.1	398	1328	1	0	1	398
CY121502.1	401	1931	1	0	1	401
CY121502.1	405	2347	1	1	2	405
CY121502.1	413	2470	0	1	1	2470
CY121502.1	429	2353	60	11	71	429
CY121502.1	434	1630	1	0	1	434
CY121502.1	447	1755	1	0	1	447
CY121502.1	450	2460	0	1	1	2460
CY121502.1	454	2377	0	1	1	2377
CY121502.1	457	1819	0	1	1	1819
CY121502.1	491	1987	6	4	10	491
CY121502.1	492	2213	10	18	28	492
CY121502.1	495	2216	0	1	1	2216
CY121502.1	516	1277	0	1	1	1277
CY121502.1	516	1941	1	0	1	516
CY121502.1	541	2081	3	1	4	541
CY121502.1	545	2372	1	0	1	545
CY121502.1	555	1835	0	1	1	1835
CY121502.1	555	2150	1	0	1	555
CY121502.1	565	2183	1	2	3	565
CY121502.1	589	2100	0	4	4	2100
CY121502.1	604	2182	1	0	1	604
CY121502.1	630	759	1	0	1	630
CY121502.1	665	1912	1	0	1	665
CY121502.1	694	2024	2	3	5	694
CY121502.1	696	2063	4	3	7	696
CY121502.1	702	1826	5	1	6	702
CY121502.1	708	1385	1	0	1	708
CY121502.1	711	1497	7	2	9	711
CY121502.1	712	2090	1	0	1	712
CY121502.1	713	1976	1	0	1	713
CY121502.1	714	1977	5	4	9	714
CY121502.1	719	2029	0	2	2	2029
CY121502.1	736	1940	5	3	8	736
CY121502.1	743	1678	14	0	14	743
CY121502.1	746	1912	7	1	8	746
CY121502.1	748	2019	2	0	2	748
CY121502.1	764	1860	6	0	6	764
CY121502.1	764	2002	2	0	2	764
CY121502.1	778	2346	1	0	1	778
CY121502.1	779	1934	1	0	1	779
CY121502.1	780	1850	28	5	33	780
CY121502.1	787	1088	1	0	1	787
CY121502.1	791	1802	0	1	1	1802
CY121502.1	792	1394	1	0	1	792
CY121502.1	796	1814	1	0	1	796
CY121502.1	800	868	0	1	1	868
CY121502.1	801	2009	4	3	7	801
CY121502.1	803	1771	1	0	1	803
CY121502.1	808	1826	0	1	1	1826
CY121502.1	810	1838	1	0	1	810
CY121502.1	813	1840	4	1	5	813
CY121502.1	826	2005	2	3	5	826
CY121502.1	835	1376	1	0	1	835
CY121502.1	840	1107	0	1	1	1107
CY121502.1	857	1207	5	0	5	857
CY121502.1	862	1719	11	0	11	862
CY121502.1	865	1394	0	1	1	1394
CY121502.1	872	1733	0	1	1	1733
CY121502.1	873	1969	0	1	1	1969
CY121502.1	874	1387	1	0	1	874
CY121502.1	879	1899	2	1	3	879
CY121502.1	898	2283	1	0	1	898
CY121502.1	904	1891	7	13	20	904
CY121502.1	916	1124	1	0	1	916
CY121502.1	920	1913	0	1	1	1913
CY121502.1	926	1271	0	1	1	1271
CY121502.1	935	2457	0	1	1	2457
CY121502.1	937	2101	1	0	1	937
CY121502.1	938	1666	1	0	1	938
CY121502.1	941	1025	0	1	1	1025
CY121502.1	945	1831	1	0	1	945
CY121502.1	956	1911	6	2	8	956
CY121502.1	957	1698	4	2	6	957
CY121502.1	965	1926	0	1	1	1926
CY121502.1	967	1186	0	1	1	1186
CY121502.1	970	1822	2	2	4	970
CY121502.1	974	1368	1	0	1	974
CY121502.1	989	2264	0	1	1	2264
CY121503.1	1048	2318	0	1	1	2318
CY121503.1	1051	1294	0	1	1	1294
CY121503.1	1055	1422	0	1	1	1422
CY121503.1	1064	1603	1	0	1	1064
CY121503.1	1095	2343	1	0	1	1095
CY121503.1	1143	2290	0	1	1	2290
CY121503.1	1146	1752	1	0	1	1146
CY121503.1	1168	2033	1	0	1	1168
CY121503.1	1172	2158	1	2	3	1172
CY121503.1	1179	2164	1	1	2	1179
CY121503.1	1184	2090	5	14	19	1184
CY121503.1	1184	2093	22	45	67	1184
CY121503.1	1188	1822	1	1	2	1188
CY121503.1	1200	2184	0	1	1	2184
CY121503.1	1213	1606	1	0	1	1213
CY121503.1	1225	2111	0	1	1	2111
CY121503.1	1227	1880	1	1	2	1227
CY121503.1	1227	2149	1	3	4	1227
CY121503.1	1240	1353	1	0	1	1240
CY121503.1	1300	2149	2	0	2	1300
CY121503.1	1312	2123	0	1	1	2123
CY121503.1	1324	1961	1	0	1	1324
CY121503.1	1325	1681	0	1	1	1681
CY121503.1	1325	2150	3	3	6	1325
CY121503.1	1331	1662	1	0	1	1331
CY121503.1	1394	2040	26	23	49	1394
CY121503.1	1405	1999	0	3	3	1999
CY121503.1	1415	2108	1	1	2	1415
CY121503.1	1446	1906	1	0	1	1446
CY121503.1	1527	2084	1	0	1	1527
CY121503.1	1559	2137	0	1	1	2137
CY121503.1	1571	1896	0	1	1	1896
CY121503.1	1571	2048	0	1	1	2048
CY121503.1	1681	1882	0	1	1	1882
CY121503.1	1701	2037	2	5	7	1701
CY121503.1	1702	1815	0	1	1	1815
CY121503.1	1703	2148	5	6	11	1703
CY121503.1	1726	2306	1	1	2	1726
CY121503.1	1781	1824	0	1	1	1824
CY121503.1	1793	1898	1	0	1	1793
CY121503.1	1921	2295	0	1	1	2295
CY121503.1	1983	2389	1	0	1	1983
CY121503.1	2090	2120	1	1	2	2090
CY121503.1	2335	2405	1	0	1	2335
CY121503.1	242	1810	1	0	1	242
CY121503.1	257	1992	1	0	1	257
CY121503.1	259	1826	6	0	6	259
CY121503.1	311	2347	1	0	1	311
CY121503.1	326	1602	0	1	1	1602
CY121503.1	327	1513	1	0	1	327
CY121503.1	331	1587	0	1	1	1587
CY121503.1	340	2329	0	2	2	2329
CY121503.1	350	1677	0	1	1	1677
CY121503.1	351	1118	0	1	1	1118
CY121503.1	354	745	0	1	1	745
CY121503.1	356	1401	0	1	1	1401
CY121503.1	358	2247	1	0	1	358
CY121503.1	361	966	0	1	1	966
CY121503.1	363	2071	1	13	14	363
CY121503.1	366	1685	0	1	1	1685
CY121503.1	366	2074	0	1	1	2074
CY121503.1	370	1674	1	0	1	370
CY121503.1	379	2271	0	1	1	2271
CY121503.1	385	1283	0	1	1	1283
CY121503.1	398	2132	1	0	1	398
CY121503.1	402	2266	3	18	21	402
CY121503.1	411	2264	1	10	11	411
CY121503.1	415	2222	0	1	1	2222
CY121503.1	416	2154	7	39	46	416
CY121503.1	419	2071	1	1	2	419
CY121503.1	440	1139	0	1	1	1139
CY121503.1	447	2074	0	6	6	2074
CY121503.1	464	2252	15	3	18	464
CY121503.1	481	1884	1	0	1	481
CY121503.1	482	1958	1	0	1	482
CY121503.1	494	1620	1	0	1	494
CY121503.1	508	1985	1	0	1	508
CY121503.1	509	2242	1	2	3	509
CY121503.1	510	2185	3	3	6	510
CY121503.1	515	2188	5	3	8	515
CY121503.1	520	983	1	0	1	520
CY121503.1	523	1754	0	1	1	1754
CY121503.1	543	2203	0	1	1	2203
CY121503.1	549	1761	1	0	1	549
CY121503.1	552	1996	1	0	1	552
CY121503.1	554	1624	6	0	6	554
CY121503.1	556	2000	27	10	37	556
CY121503.1	619	1378	1	0	1	619
CY121503.1	624	2023	0	1	1	2023
CY121503.1	641	2090	5	4	9	641
CY121503.1	652	820	0	1	1	820
CY121503.1	655	2216	0	1	1	2216
CY121503.1	656	1543	0	1	1	1543
CY121503.1	697	959	0	1	1	959
CY121503.1	698	2026	1	5	6	698
CY121503.1	699	2371	0	1	1	2371
CY121503.1	703	2030	0	1	1	2030
CY121503.1	723	1914	1	0	1	723
CY121503.1	726	2023	0	1	1	2023
CY121503.1	730	2326	1	0	1	730
CY121503.1	752	798	1	0	1	752
CY121503.1	752	992	1	0	1	752
CY121503.1	760	1258	0	1	1	1258
CY121503.1	778	1009	0	1	1	1009
CY121503.1	785	819	1	0	1	785
CY121503.1	786	1507	0	1	1	1507
CY121503.1	795	1914	1	1	2	795
CY121503.1	799	1250	1	1	2	799
CY121503.1	809	1079	0	1	1	1079
CY121503.1	811	1914	3	2	5	811
CY121503.1	822	1484	0	1	1	1484
CY121503.1	829	1956	0	2	2	1956
CY121503.1	844	1811	0	1	1	1811
CY121503.1	851	2074	2	0	2	851
CY121503.1	857	1968	0	1	1	1968
CY121503.1	879	2083	0	1	1	2083
CY121503.1	894	1899	0	1	1	1899
CY121503.1	913	1282	0	1	1	1282
CY121503.1	927	2097	1	0	1	927
CY121503.1	935	1782	1	0	1	935
CY121503.1	944	2175	0	1	1	2175
CY121503.1	975	1497	0	1	1	1497
CY121503.1	982	2326	1	0	1	982
