Segment	Start	Stop	Forward_support	Reverse_support	Total_support	Fuzz_factor
CY207731.1	1074	1389	0	1	1	1389
CY207731.1	1085	1403	0	1	1	1403
CY207731.1	1215	1387	1	1	2	1215
CY207731.1	1267	1341	2	3	5	1267
CY207731.1	1304	1654	0	1	1	1654
CY207731.1	1363	1522	2	6	8	1363
CY207731.1	1472	1782	0	1	1	1782
CY207731.1	1606	1638	1	0	1	1606
CY207731.1	1607	1726	1	0	1	1607
CY207731.1	241	1415	1	0	1	241
CY207731.1	250	698	1	0	1	250
CY207731.1	264	1438	1	0	1	264
CY207731.1	276	311	1	0	1	276
CY207731.1	406	1768	3	12	15	406
CY207731.1	431	1207	1	0	1	431
CY207731.1	433	644	3	5	8	433
CY207731.1	435	1882	0	1	1	1882
CY207731.1	440	1267	0	1	1	1267
CY207731.1	441	974	1	0	1	441
CY207731.1	453	937	0	1	1	937
CY207731.1	486	589	1	0	1	486
CY207731.1	495	1212	0	1	1	1212
CY207731.1	554	1090	0	1	1	1090
CY207731.1	555	1337	0	1	1	1337
CY207731.1	572	957	0	1	1	957
CY207731.1	690	1744	0	1	1	1744
CY207731.1	734	1225	1	1	2	734
CY207731.1	758	1003	0	1	1	1003
CY207731.1	811	1277	1	0	1	811
CY207731.1	948	1888	0	1	1	1888
CY207732.1	1044	1096	1	0	1	1044
CY207732.1	267	361	1	0	1	267
CY207732.1	269	844	1	0	1	269
CY207732.1	276	967	1	0	1	276
CY207732.1	277	972	1	0	1	277
CY207732.1	332	965	0	1	1	965
CY207732.1	333	726	1	0	1	333
CY207732.1	338	856	0	1	1	856
CY207732.1	360	731	0	1	1	731
CY207732.1	380	833	0	1	1	833
CY207732.1	387	1044	1	0	1	387
CY207732.1	393	723	0	1	1	723
CY207732.1	394	948	0	1	1	948
CY207732.1	395	844	0	1	1	844
CY207732.1	409	452	0	1	1	452
CY207732.1	409	993	11	25	36	409
CY207732.1	411	763	2	17	19	411
CY207732.1	425	667	0	2	2	667
CY207732.1	430	599	0	9	9	599
CY207732.1	439	739	0	1	1	739
CY207732.1	442	560	1	0	1	442
CY207732.1	442	604	1	0	1	442
CY207732.1	442	717	0	1	1	717
CY207732.1	452	1075	0	1	1	1075
CY207732.1	470	666	0	1	1	666
CY207732.1	477	636	0	1	1	636
CY207732.1	485	953	0	1	1	953
CY207732.1	499	610	0	1	1	610
CY207732.1	507	1017	1	0	1	507
CY207732.1	528	566	0	1	1	566
CY207732.1	535	1172	0	1	1	1172
CY207732.1	573	832	0	1	1	832
CY207732.1	583	962	0	1	1	962
CY207732.1	584	687	2	0	2	584
CY207732.1	586	905	1	0	1	586
CY207732.1	589	862	4	1	5	589
CY207732.1	613	708	0	1	1	708
CY207732.1	630	767	1	0	1	630
CY207732.1	634	1068	1	0	1	634
CY207732.1	686	856	1	0	1	686
CY207732.1	693	1029	1	0	1	693
CY207732.1	702	941	1	0	1	702
CY207732.1	709	1002	1	0	1	709
CY207732.1	712	819	5	2	7	712
CY207732.1	718	860	0	1	1	860
CY207732.1	751	846	0	1	1	846
CY207732.1	768	850	1	4	5	768
CY207732.1	781	896	0	1	1	896
CY207732.1	788	825	0	1	1	825
CY207732.1	790	824	1	3	4	790
CY207732.1	817	866	0	1	1	866
CY207732.1	825	975	1	0	1	825
CY207732.1	828	877	0	1	1	877
CY207732.1	862	962	0	1	1	962
CY207732.1	910	1054	1	0	1	910
CY207732.1	933	1019	1	3	4	933
CY207732.1	973	1036	0	1	1	1036
CY207732.1	975	1074	1	0	1	975
CY207732.1	981	1024	1	0	1	981
CY207733.1	1083	1438	1	0	1	1083
CY207733.1	1152	1443	1	0	1	1152
CY207733.1	1154	1297	1	0	1	1154
CY207733.1	1308	1469	1	1	2	1308
CY207733.1	1308	1562	0	1	1	1562
CY207733.1	1321	1382	0	1	1	1382
CY207733.1	1356	1453	1	0	1	1356
CY207733.1	1531	1605	0	1	1	1605
CY207733.1	236	399	1	0	1	236
CY207733.1	269	1249	1	0	1	269
CY207733.1	282	655	1	0	1	282
CY207733.1	319	1147	0	1	1	1147
CY207733.1	335	637	0	1	1	637
CY207733.1	345	1375	0	1	1	1375
CY207733.1	365	445	0	1	1	445
CY207733.1	430	1460	0	1	1	1460
CY207733.1	484	1365	1	0	1	484
CY207733.1	497	1507	1	0	1	497
CY207733.1	513	1444	0	1	1	1444
CY207733.1	523	661	1	0	1	523
CY207733.1	589	1422	0	1	1	1422
CY207733.1	593	1012	2	1	3	593
CY207733.1	607	691	0	4	4	691
CY207733.1	612	1181	2	3	5	612
CY207733.1	615	1075	1	0	1	615
CY207733.1	735	1066	1	1	2	735
CY207733.1	739	1208	1	0	1	739
CY207733.1	769	1365	0	1	1	1365
CY207733.1	783	1010	0	1	1	1010
CY207733.1	893	1360	1	0	1	893
CY207733.1	909	1586	0	1	1	1586
CY207733.1	915	1042	0	1	1	1042
CY207733.1	951	1587	0	1	1	1587
CY207734.1	1056	1338	0	1	1	1338
CY207734.1	1148	1575	1	0	1	1148
CY207734.1	1205	1498	1	0	1	1205
CY207734.1	1287	1442	0	1	1	1442
CY207734.1	1341	1677	0	1	1	1677
CY207734.1	1475	1693	0	1	1	1693
CY207734.1	244	1392	1	0	1	244
CY207734.1	246	1348	1	0	1	246
CY207734.1	276	609	1	0	1	276
CY207734.1	286	493	1	0	1	286
CY207734.1	312	1677	0	1	1	1677
CY207734.1	340	534	0	1	1	534
CY207734.1	350	644	0	1	1	644
CY207734.1	356	646	0	1	1	646
CY207734.1	360	892	0	1	1	892
CY207734.1	400	1184	0	1	1	1184
CY207734.1	401	1339	0	1	1	1339
CY207734.1	421	937	0	1	1	937
CY207734.1	430	1175	0	1	1	1175
CY207734.1	439	1325	0	1	1	1325
CY207734.1	448	778	0	1	1	778
CY207734.1	461	837	0	1	1	837
CY207734.1	477	1481	0	1	1	1481
CY207734.1	486	1047	0	1	1	1047
CY207734.1	496	1582	0	1	1	1582
CY207734.1	519	1098	0	1	1	1098
CY207734.1	521	1422	2	8	10	521
CY207734.1	521	841	3	4	7	521
CY207734.1	582	1490	7	8	15	582
CY207734.1	597	1519	0	1	1	1519
CY207734.1	600	636	1	0	1	600
CY207734.1	618	831	4	0	4	618
CY207734.1	620	812	1	0	1	620
CY207734.1	662	1467	0	1	1	1467
CY207734.1	723	1069	0	1	1	1069
CY207734.1	731	827	1	0	1	731
CY207734.1	758	1206	1	0	1	758
CY207734.1	770	1305	0	1	1	1305
CY207734.1	783	913	1	0	1	783
CY207734.1	794	1249	0	1	1	1249
CY207734.1	810	958	2	2	4	810
CY207734.1	811	1601	0	1	1	1601
CY207734.1	824	1049	1	2	3	824
CY207734.1	864	1713	0	8	8	1713
CY207734.1	898	1085	3	4	7	898
CY207734.1	926	1120	1	0	1	926
CY207734.1	936	1127	0	1	1	1127
CY207734.1	970	1043	1	1	2	970
CY207734.1	999	1245	0	1	1	1245
CY207735.1	244	386	1	0	1	244
CY207735.1	246	288	1	0	1	246
CY207735.1	254	649	1	0	1	254
CY207735.1	307	360	0	1	1	360
CY207735.1	384	538	0	1	1	538
CY207735.1	426	517	0	1	1	517
CY207735.1	499	729	1	0	1	499
CY207735.1	511	740	35	100	135	511
CY207735.1	511	757	0	1	1	757
CY207735.1	722	833	0	1	1	833
CY207735.1	818	868	0	1	1	868
CY207735.1	916	1019	0	1	1	1019
CY207736.1	1021	2141	1	0	1	1021
CY207736.1	1046	1180	0	1	1	1180
CY207736.1	1095	1789	1	3	4	1095
CY207736.1	1095	2005	4	8	12	1095
CY207736.1	1098	2114	0	1	1	2114
CY207736.1	1100	2013	0	1	1	2013
CY207736.1	1109	2020	0	1	1	2020
CY207736.1	1118	1504	0	1	1	1504
CY207736.1	1119	1604	1	0	1	1119
CY207736.1	1124	1620	1	0	1	1124
CY207736.1	1172	2355	0	1	1	2355
CY207736.1	1190	1985	0	1	1	1985
CY207736.1	1209	1957	0	3	3	1957
CY207736.1	1250	2015	0	1	1	2015
CY207736.1	1258	1647	6	6	12	1258
CY207736.1	1259	1469	0	1	1	1469
CY207736.1	1276	2297	2	1	3	1276
CY207736.1	1278	1401	1	0	1	1278
CY207736.1	1300	1349	0	1	1	1349
CY207736.1	1324	2095	0	1	1	2095
CY207736.1	1426	2089	0	1	1	2089
CY207736.1	1453	2300	0	2	2	2300
CY207736.1	1486	1606	1	0	1	1486
CY207736.1	1527	1571	0	1	1	1571
CY207736.1	1544	2007	0	1	1	2007
CY207736.1	1549	1605	2	1	3	1549
CY207736.1	1566	1995	1	2	3	1566
CY207736.1	1604	1984	1	0	1	1604
CY207736.1	1632	1837	1	0	1	1632
CY207736.1	1675	2132	0	1	1	2132
CY207736.1	1764	2032	1	0	1	1764
CY207736.1	1789	2006	2	3	5	1789
CY207736.1	1853	2092	0	1	1	2092
CY207736.1	1861	1903	5	3	8	1861
CY207736.1	1887	1931	10	4	14	1887
CY207736.1	2004	2031	1	1	2	2004
CY207736.1	2005	2077	1	4	5	2005
CY207736.1	2012	2112	0	2	2	2112
CY207736.1	2038	2129	0	1	1	2129
CY207736.1	2108	2190	1	2	3	2108
CY207736.1	2129	2182	5	9	14	2129
CY207736.1	2150	2280	1	0	1	2150
CY207736.1	2190	2378	0	1	1	2378
CY207736.1	2205	2270	0	5	5	2270
CY207736.1	2257	2319	0	2	2	2319
CY207736.1	252	691	1	0	1	252
CY207736.1	264	2118	1	0	1	264
CY207736.1	266	1722	1	0	1	266
CY207736.1	272	853	1	0	1	272
CY207736.1	278	1925	1	0	1	278
CY207736.1	278	2134	8	1	9	278
CY207736.1	282	312	11	0	11	282
CY207736.1	283	347	2	0	2	283
CY207736.1	287	2127	1	0	1	287
CY207736.1	288	335	176	13	189	288
CY207736.1	325	2195	1	0	1	325
CY207736.1	333	2215	8	5	13	333
CY207736.1	334	2069	0	5	5	2069
CY207736.1	334	2207	4	2	6	334
CY207736.1	334	2216	0	1	1	2216
CY207736.1	354	2209	1	2	3	354
CY207736.1	358	1369	1	0	1	358
CY207736.1	360	2132	2	16	18	360
CY207736.1	361	1840	0	1	1	1840
CY207736.1	368	1178	0	1	1	1178
CY207736.1	368	2130	2	5	7	368
CY207736.1	370	1855	1	0	1	370
CY207736.1	384	2189	1	13	14	384
CY207736.1	385	2132	0	15	15	2132
CY207736.1	388	1948	1	0	1	388
CY207736.1	391	2146	0	1	1	2146
CY207736.1	391	2210	5	13	18	391
CY207736.1	392	2147	31	270	301	392
CY207736.1	393	2148	0	2	2	2148
CY207736.1	402	2041	1	27	28	402
CY207736.1	403	2148	2	37	39	403
CY207736.1	404	2164	0	5	5	2164
CY207736.1	406	1579	1	0	1	406
CY207736.1	406	2141	1	26	27	406
CY207736.1	406	2170	7	13	20	406
CY207736.1	421	2123	0	1	1	2123
CY207736.1	425	2268	0	5	5	2268
CY207736.1	438	2066	1	0	1	438
CY207736.1	441	2170	2	1	3	441
CY207736.1	446	942	0	1	1	942
CY207736.1	448	2070	4	20	24	448
CY207736.1	455	2029	3	12	15	455
CY207736.1	455	2065	13	13	26	455
CY207736.1	485	2032	2	11	13	485
CY207736.1	485	2133	3	5	8	485
CY207736.1	490	2156	0	1	1	2156
CY207736.1	499	2009	13	10	23	499
CY207736.1	503	2043	1	0	1	503
CY207736.1	510	566	6	1	7	510
CY207736.1	512	2064	3	8	11	512
CY207736.1	512	2069	13	36	49	512
CY207736.1	522	1265	1	0	1	522
CY207736.1	522	2136	0	1	1	2136
CY207736.1	523	1488	1	0	1	523
CY207736.1	531	2011	1	1	2	531
CY207736.1	534	1550	1	0	1	534
CY207736.1	549	1874	2	4	6	549
CY207736.1	560	1937	1	0	1	560
CY207736.1	568	2001	7	2	9	568
CY207736.1	577	886	1	0	1	577
CY207736.1	584	1806	1	2	3	584
CY207736.1	588	1001	1	0	1	588
CY207736.1	594	2051	0	1	1	2051
CY207736.1	595	903	1	0	1	595
CY207736.1	596	2002	7	7	14	596
CY207736.1	598	904	4	0	4	598
CY207736.1	602	1974	6	2	8	602
CY207736.1	609	1895	15	3	18	609
CY207736.1	618	2009	2	0	2	618
CY207736.1	627	1889	1	0	1	627
CY207736.1	638	1830	1	0	1	638
CY207736.1	639	1809	1	0	1	639
CY207736.1	640	1933	14	6	20	640
CY207736.1	641	1914	2	0	2	641
CY207736.1	643	1756	7	3	10	643
CY207736.1	649	1583	1	0	1	649
CY207736.1	657	1827	7	3	10	657
CY207736.1	667	1856	1	0	1	667
CY207736.1	678	1955	1	0	1	678
CY207736.1	680	1782	1	0	1	680
CY207736.1	682	1956	8	5	13	682
CY207736.1	684	1813	2	5	7	684
CY207736.1	686	1952	0	1	1	1952
CY207736.1	686	1959	0	1	1	1959
CY207736.1	688	1900	3	3	6	688
CY207736.1	691	1840	6	7	13	691
CY207736.1	699	1995	10	15	25	699
CY207736.1	701	1844	5	5	10	701
CY207736.1	741	1826	11	2	13	741
CY207736.1	762	1572	0	1	1	1572
CY207736.1	768	1535	1	0	1	768
CY207736.1	773	1891	8	4	12	773
CY207736.1	774	1830	3	0	3	774
CY207736.1	778	1682	1	0	1	778
CY207736.1	783	1845	4	6	10	783
CY207736.1	785	835	1	0	1	785
CY207736.1	810	1512	1	0	1	810
CY207736.1	831	1308	0	1	1	1308
CY207736.1	858	1656	6	6	12	858
CY207736.1	877	1357	0	1	1	1357
CY207736.1	878	1977	1	6	7	878
CY207736.1	897	1789	2	4	6	897
CY207736.1	901	1793	0	2	2	1793
CY207736.1	945	1616	2	2	4	945
CY207736.1	951	1619	0	1	1	1619
CY207736.1	952	1879	0	1	1	1879
CY207736.1	987	1900	1	0	1	987
CY207737.1	1095	1338	0	1	1	1338
CY207737.1	1156	1205	3	1	4	1156
CY207737.1	1178	1815	0	1	1	1815
CY207737.1	1231	1685	0	1	1	1685
CY207737.1	1244	1713	0	1	1	1713
CY207737.1	1306	2043	1	4	5	1306
CY207737.1	1317	2366	1	0	1	1317
CY207737.1	1357	1873	1	0	1	1357
CY207737.1	1372	1647	4	7	11	1372
CY207737.1	1445	1623	0	1	1	1623
CY207737.1	1446	1679	0	1	1	1679
CY207737.1	1508	2128	2	3	5	1508
CY207737.1	1581	2008	1	0	1	1581
CY207737.1	1591	2115	1	0	1	1591
CY207737.1	1812	1951	0	1	1	1951
CY207737.1	1984	2014	0	8	8	2014
CY207737.1	2073	2318	1	0	1	2073
CY207737.1	2294	2321	4	1	5	2294
CY207737.1	2325	2356	13	1	14	2325
CY207737.1	247	281	7	0	7	247
CY207737.1	247	289	7	0	7	247
CY207737.1	247	331	7	0	7	247
CY207737.1	257	834	1	0	1	257
CY207737.1	313	2120	1	1	2	313
CY207737.1	357	2249	1	0	1	357
CY207737.1	363	2225	4	58	62	363
CY207737.1	364	1442	1	0	1	364
CY207737.1	387	2302	1	0	1	387
CY207737.1	397	1129	0	1	1	1129
CY207737.1	401	441	1	0	1	401
CY207737.1	404	1131	7	10	17	404
CY207737.1	404	430	1	2	3	404
CY207737.1	428	2193	1	2	3	428
CY207737.1	428	2282	2	0	2	428
CY207737.1	440	2303	19	0	19	440
CY207737.1	464	1418	0	1	1	1418
CY207737.1	475	2187	0	1	1	2187
CY207737.1	477	1271	1	5	6	477
CY207737.1	484	2148	1	0	1	484
CY207737.1	490	2155	7	8	15	490
CY207737.1	490	605	0	1	1	605
CY207737.1	512	2108	1	0	1	512
CY207737.1	520	2047	6	1	7	520
CY207737.1	521	2094	0	3	3	2094
CY207737.1	541	2120	1	4	5	541
CY207737.1	555	1773	1	0	1	555
CY207737.1	579	1135	3	2	5	579
CY207737.1	581	2194	1	0	1	581
CY207737.1	586	2362	7	4	11	586
CY207737.1	626	2232	22	12	34	626
CY207737.1	656	2200	0	1	1	2200
CY207737.1	666	2267	0	1	1	2267
CY207737.1	674	1698	10	0	10	674
CY207737.1	676	2277	0	1	1	2277
CY207737.1	679	1690	1	0	1	679
CY207737.1	683	2046	1	0	1	683
CY207737.1	730	1491	1	0	1	730
CY207737.1	747	1950	0	4	4	1950
CY207737.1	787	1256	0	1	1	1256
CY207737.1	793	1125	1	0	1	793
CY207737.1	801	1524	0	1	1	1524
CY207737.1	806	1841	0	1	1	1841
CY207737.1	838	1215	0	1	1	1215
CY207737.1	842	1383	1	0	1	842
CY207737.1	854	1387	1	0	1	854
CY207737.1	859	1988	1	0	1	859
CY207737.1	864	1758	1	0	1	864
CY207737.1	883	2330	1	0	1	883
CY207737.1	896	1899	0	10	10	1899
CY207737.1	938	1845	5	9	14	938
CY207737.1	994	2441	0	1	1	2441
CY207738.1	1002	2401	4	0	4	1002
CY207738.1	1019	1846	1	0	1	1019
CY207738.1	1030	1549	1	0	1	1030
CY207738.1	1085	2294	1	6	7	1085
CY207738.1	1101	1702	1	0	1	1101
CY207738.1	1108	1709	1	2	3	1108
CY207738.1	1170	1600	0	1	1	1600
CY207738.1	1179	1925	2	0	2	1179
CY207738.1	1278	2174	0	1	1	2174
CY207738.1	1332	1774	1	0	1	1332
CY207738.1	1378	1708	0	1	1	1708
CY207738.1	1387	2211	0	1	1	2211
CY207738.1	1414	2107	2	5	7	1414
CY207738.1	1504	2142	1	0	1	1504
CY207738.1	1573	1701	1	3	4	1573
CY207738.1	1599	2149	5	1	6	1599
CY207738.1	1602	1754	0	1	1	1754
CY207738.1	1823	1918	1	0	1	1823
CY207738.1	1872	2216	0	1	1	2216
CY207738.1	1912	1967	2	2	4	1912
CY207738.1	2079	2227	0	2	2	2227
CY207738.1	2256	2326	6	1	7	2256
CY207738.1	2318	2426	0	1	1	2426
CY207738.1	2322	2430	1	0	1	2322
CY207738.1	253	1944	1	0	1	253
CY207738.1	273	1203	1	0	1	273
CY207738.1	287	1759	12	0	12	287
CY207738.1	292	2435	1	1	2	292
CY207738.1	323	2173	2	11	13	323
CY207738.1	339	2471	0	2	2	2471
CY207738.1	344	2211	4	27	31	344
CY207738.1	361	2219	0	1	1	2219
CY207738.1	366	2280	0	39	39	2280
CY207738.1	367	2311	5	20	25	367
CY207738.1	368	2032	1	16	17	368
CY207738.1	376	1854	0	1	1	1854
CY207738.1	378	2001	0	1	1	2001
CY207738.1	384	2334	16	37	53	384
CY207738.1	387	2313	8	22	30	387
CY207738.1	391	2479	0	16	16	2479
CY207738.1	410	2490	0	1	1	2490
CY207738.1	420	2128	0	1	1	2128
CY207738.1	420	2264	0	14	14	2264
CY207738.1	421	2265	0	1	1	2265
CY207738.1	425	528	0	1	1	528
CY207738.1	429	2279	0	1	1	2279
CY207738.1	431	1490	0	1	1	1490
CY207738.1	435	634	0	1	1	634
CY207738.1	444	945	0	1	1	945
CY207738.1	446	821	0	1	1	821
CY207738.1	468	2198	7	29	36	468
CY207738.1	473	2266	2	1	3	473
CY207738.1	475	1992	0	1	1	1992
CY207738.1	484	2170	1	10	11	484
CY207738.1	487	1225	0	1	1	1225
CY207738.1	494	831	0	7	7	831
CY207738.1	618	1473	1	0	1	618
CY207738.1	643	2204	1	0	1	643
CY207738.1	644	2073	2	3	5	644
CY207738.1	659	1756	0	1	1	1756
CY207738.1	674	2330	5	3	8	674
CY207738.1	741	1792	1	0	1	741
CY207738.1	751	1806	9	0	9	751
CY207738.1	751	774	0	1	1	774
CY207738.1	769	1100	0	1	1	1100
CY207738.1	790	1351	0	1	1	1351
CY207738.1	812	1730	4	1	5	812
CY207738.1	821	1767	3	3	6	821
CY207738.1	832	2137	4	6	10	832
CY207738.1	843	1762	9	5	14	843
CY207738.1	896	1101	0	2	2	1101
CY207738.1	904	2310	1	0	1	904
CY207738.1	909	1997	3	1	4	909
CY207738.1	923	2340	1	0	1	923
CY207738.1	959	2257	0	1	1	2257
CY207738.1	970	1695	0	1	1	1695
CY207738.1	991	1957	0	1	1	1957
