Segment	Start	Stop	Forward_support	Reverse_support	Total_support	Fuzz_factor
CY207731.1	1068	1438	0	1	1	1438
CY207731.1	1167	1205	0	1	1	1205
CY207731.1	1169	1193	0	1	1	1193
CY207731.1	1229	1906	1	0	1	1229
CY207731.1	1246	1397	1	0	1	1246
CY207731.1	1254	1683	1	0	1	1254
CY207731.1	1299	1460	0	1	1	1460
CY207731.1	1324	1673	1	0	1	1324
CY207731.1	1404	1547	1	0	1	1404
CY207731.1	1433	1538	0	1	1	1538
CY207731.1	1621	1644	1	0	1	1621
CY207731.1	1640	1780	1	0	1	1640
CY207731.1	1671	1702	0	1	1	1702
CY207731.1	269	1672	1	0	1	269
CY207731.1	270	1334	1	1	2	270
CY207731.1	285	1349	1	0	1	285
CY207731.1	291	1357	1	0	1	291
CY207731.1	331	1739	1	0	1	331
CY207731.1	345	374	0	1	1	374
CY207731.1	349	377	0	1	1	377
CY207731.1	350	1536	0	1	1	1536
CY207731.1	358	430	1	0	1	358
CY207731.1	359	436	0	1	1	436
CY207731.1	365	427	0	1	1	427
CY207731.1	367	426	0	1	1	426
CY207731.1	376	419	0	1	1	419
CY207731.1	378	1092	0	1	1	1092
CY207731.1	379	952	0	1	1	952
CY207731.1	382	412	0	1	1	412
CY207731.1	400	519	5	7	12	400
CY207731.1	424	1697	0	1	1	1697
CY207731.1	424	477	0	1	1	477
CY207731.1	435	462	0	1	1	462
CY207731.1	442	1563	0	1	1	1563
CY207731.1	445	1116	0	1	1	1116
CY207731.1	445	1763	1	0	1	445
CY207731.1	446	912	0	1	1	912
CY207731.1	455	1010	0	1	1	1010
CY207731.1	457	1060	0	1	1	1060
CY207731.1	457	489	1	0	1	457
CY207731.1	461	1594	0	2	2	1594
CY207731.1	461	508	0	1	1	508
CY207731.1	465	917	1	0	1	465
CY207731.1	477	613	0	1	1	613
CY207731.1	493	1867	0	1	1	1867
CY207731.1	505	622	0	1	1	622
CY207731.1	519	1683	0	1	1	1683
CY207731.1	526	626	0	1	1	626
CY207731.1	527	1727	0	1	1	1727
CY207731.1	567	1451	1	0	1	567
CY207731.1	568	637	0	1	1	637
CY207731.1	571	1416	1	0	1	571
CY207731.1	575	1430	9	3	12	575
CY207731.1	593	1894	0	1	1	1894
CY207731.1	597	780	1	0	1	597
CY207731.1	630	818	0	1	1	818
CY207731.1	633	1085	1	0	1	633
CY207731.1	639	1517	0	1	1	1517
CY207731.1	646	1490	1	0	1	646
CY207731.1	653	1076	0	1	1	1076
CY207731.1	676	1761	0	1	1	1761
CY207731.1	759	1902	0	1	1	1902
CY207731.1	768	1589	0	1	1	1589
CY207731.1	781	1704	0	1	1	1704
CY207731.1	794	1613	1	0	1	794
CY207731.1	818	1072	0	1	1	1072
CY207731.1	841	914	0	1	1	914
CY207731.1	912	954	0	1	1	954
CY207731.1	969	1720	1	0	1	969
CY207731.1	979	1003	1	1	2	979
CY207731.1	989	1354	1	0	1	989
CY207731.1	998	1499	0	1	1	1499
CY207732.1	267	452	1	0	1	267
CY207732.1	267	882	1	0	1	267
CY207732.1	268	550	1	0	1	268
CY207732.1	279	334	1	0	1	279
CY207732.1	280	648	1	0	1	280
CY207732.1	280	732	1	0	1	280
CY207732.1	292	942	0	1	1	942
CY207732.1	333	686	0	1	1	686
CY207732.1	347	573	1	13	14	347
CY207732.1	348	717	1	0	1	348
CY207732.1	355	627	0	1	1	627
CY207732.1	356	608	0	1	1	608
CY207732.1	366	1138	0	1	1	1138
CY207732.1	391	731	0	1	1	731
CY207732.1	391	915	1	0	1	391
CY207732.1	392	421	0	1	1	421
CY207732.1	392	917	0	1	1	917
CY207732.1	394	748	1	0	1	394
CY207732.1	395	1054	0	1	1	1054
CY207732.1	402	963	0	1	1	963
CY207732.1	403	630	1	0	1	403
CY207732.1	406	501	1	0	1	406
CY207732.1	434	874	0	1	1	874
CY207732.1	464	496	0	1	1	496
CY207732.1	471	493	0	3	3	493
CY207732.1	486	558	1	0	1	486
CY207732.1	496	932	0	1	1	932
CY207732.1	500	825	0	1	1	825
CY207732.1	500	838	0	1	1	838
CY207732.1	500	984	1	0	1	500
CY207732.1	509	782	1	0	1	509
CY207732.1	509	815	0	1	1	815
CY207732.1	519	868	0	1	1	868
CY207732.1	568	893	1	0	1	568
CY207732.1	571	1134	0	1	1	1134
CY207732.1	588	663	5	3	8	588
CY207732.1	596	1062	1	0	1	596
CY207732.1	622	646	1	0	1	622
CY207732.1	626	1139	0	1	1	1139
CY207732.1	627	851	1	0	1	627
CY207732.1	644	1057	0	1	1	1057
CY207732.1	666	771	0	1	1	771
CY207732.1	685	839	0	3	3	839
CY207732.1	697	772	0	3	3	772
CY207732.1	716	798	0	1	1	798
CY207732.1	717	771	0	1	1	771
CY207732.1	718	860	2	5	7	718
CY207732.1	732	920	0	1	1	920
CY207732.1	760	800	1	3	4	760
CY207732.1	764	821	0	1	1	821
CY207732.1	812	874	1	1	2	812
CY207732.1	817	866	2	2	4	817
CY207732.1	818	854	2	1	3	818
CY207732.1	830	860	0	1	1	860
CY207732.1	830	959	1	0	1	830
CY207732.1	952	1024	0	1	1	1024
CY207732.1	965	1015	0	1	1	1015
CY207733.1	1000	1103	1	0	1	1000
CY207733.1	1080	1500	1	0	1	1080
CY207733.1	1251	1277	0	1	1	1277
CY207733.1	1266	1360	1	0	1	1266
CY207733.1	1316	1462	7	2	9	1316
CY207733.1	1320	1466	1	0	1	1320
CY207733.1	271	1386	50	2	52	271
CY207733.1	284	1022	1	0	1	284
CY207733.1	322	1436	0	3	3	1436
CY207733.1	330	1401	2	4	6	330
CY207733.1	359	1398	1	0	1	359
CY207733.1	361	1353	1	0	1	361
CY207733.1	365	1475	0	6	6	1475
CY207733.1	366	1359	1	0	1	366
CY207733.1	380	1308	1	0	1	380
CY207733.1	381	1407	102	176	278	381
CY207733.1	396	1154	0	1	1	1154
CY207733.1	407	853	2	3	5	407
CY207733.1	423	1578	0	1	1	1578
CY207733.1	444	1160	1	0	1	444
CY207733.1	457	981	1	0	1	457
CY207733.1	461	527	0	1	1	527
CY207733.1	462	524	0	1	1	524
CY207733.1	469	1365	0	1	1	1365
CY207733.1	469	504	0	1	1	504
CY207733.1	471	1057	0	1	1	1057
CY207733.1	473	511	0	1	1	511
CY207733.1	543	1361	1	0	1	543
CY207733.1	555	635	3	3	6	555
CY207733.1	576	1147	1	0	1	576
CY207733.1	595	1077	1	0	1	595
CY207733.1	631	1371	0	1	1	1371
CY207733.1	674	1176	1	0	1	674
CY207733.1	800	984	0	1	1	984
CY207733.1	817	1146	0	1	1	1146
CY207733.1	840	989	1	0	1	840
CY207733.1	856	1152	0	1	1	1152
CY207733.1	896	1075	0	1	1	1075
CY207733.1	954	1496	1	0	1	954
CY207734.1	1090	1176	1	0	1	1090
CY207734.1	1172	1223	1	0	1	1172
CY207734.1	1279	1342	3	0	3	1279
CY207734.1	1363	1569	0	1	1	1569
CY207734.1	1421	1544	4	1	5	1421
CY207734.1	1475	1509	0	1	1	1509
CY207734.1	245	1236	1	0	1	245
CY207734.1	245	1521	1	0	1	245
CY207734.1	271	1113	1	0	1	271
CY207734.1	274	663	1	0	1	274
CY207734.1	280	618	1	0	1	280
CY207734.1	280	622	1	0	1	280
CY207734.1	281	1356	1	0	1	281
CY207734.1	304	1023	1	0	1	304
CY207734.1	310	550	0	1	1	550
CY207734.1	319	1677	0	1	1	1677
CY207734.1	338	1170	0	1	1	1170
CY207734.1	340	718	0	1	1	718
CY207734.1	341	1711	0	1	1	1711
CY207734.1	344	546	1	0	1	344
CY207734.1	373	598	1	0	1	373
CY207734.1	378	1617	0	1	1	1617
CY207734.1	392	904	0	1	1	904
CY207734.1	401	1314	0	1	1	1314
CY207734.1	403	1701	0	1	1	1701
CY207734.1	403	952	1	0	1	403
CY207734.1	405	1033	0	1	1	1033
CY207734.1	407	992	1	0	1	407
CY207734.1	421	940	0	4	4	940
CY207734.1	422	1340	0	1	1	1340
CY207734.1	426	1559	1	0	1	426
CY207734.1	430	1064	1	0	1	430
CY207734.1	431	468	1	9	10	431
CY207734.1	439	553	0	1	1	553
CY207734.1	439	850	0	1	1	850
CY207734.1	440	810	0	1	1	810
CY207734.1	440	957	1	0	1	440
CY207734.1	457	1585	0	1	1	1585
CY207734.1	460	1536	1	0	1	460
CY207734.1	461	772	0	1	1	772
CY207734.1	464	584	1	0	1	464
CY207734.1	465	1590	0	1	1	1590
CY207734.1	483	1606	0	1	1	1606
CY207734.1	489	1184	0	1	1	1184
CY207734.1	507	1374	1	0	1	507
CY207734.1	511	1081	1	0	1	511
CY207734.1	522	1118	0	1	1	1118
CY207734.1	522	691	0	1	1	691
CY207734.1	536	1543	0	1	1	1543
CY207734.1	540	790	1	0	1	540
CY207734.1	544	1159	1	0	1	544
CY207734.1	547	1350	0	1	1	1350
CY207734.1	559	1208	0	1	1	1208
CY207734.1	563	819	0	1	1	819
CY207734.1	568	1424	1	0	1	568
CY207734.1	568	1435	1	0	1	568
CY207734.1	576	603	0	1	1	603
CY207734.1	586	695	2	4	6	586
CY207734.1	591	1392	1	0	1	591
CY207734.1	591	875	1	0	1	591
CY207734.1	620	803	0	1	1	803
CY207734.1	620	812	1	0	1	620
CY207734.1	657	1388	0	1	1	1388
CY207734.1	721	962	1	9	10	721
CY207734.1	732	947	1	0	1	732
CY207734.1	781	811	0	2	2	811
CY207734.1	808	1617	1	0	1	808
CY207734.1	816	1588	2	1	3	816
CY207734.1	823	1143	0	1	1	1143
CY207734.1	838	1488	0	1	1	1488
CY207734.1	841	1546	0	1	1	1546
CY207734.1	842	1623	0	1	1	1623
CY207734.1	856	1330	1	0	1	856
CY207734.1	893	1593	1	0	1	893
CY207734.1	911	1595	3	0	3	911
CY207734.1	928	1255	0	1	1	1255
CY207734.1	955	1445	1	0	1	955
CY207734.1	963	1154	1	0	1	963
CY207735.1	252	935	123	3	126	252
CY207735.1	256	939	4	0	4	256
CY207735.1	308	965	5	0	5	308
CY207735.1	314	357	0	1	1	357
CY207735.1	363	673	0	1	1	673
CY207735.1	404	458	0	1	1	458
CY207735.1	424	464	0	1	1	464
CY207735.1	425	462	0	1	1	462
CY207735.1	426	673	1	0	1	426
CY207735.1	463	648	0	1	1	648
CY207735.1	465	648	0	1	1	648
CY207735.1	473	509	0	1	1	509
CY207735.1	477	834	0	1	1	834
CY207735.1	478	639	0	1	1	639
CY207735.1	482	831	0	1	1	831
CY207735.1	483	828	0	1	1	828
CY207735.1	487	537	6	12	18	487
CY207735.1	492	612	0	1	1	612
CY207735.1	511	740	4	19	23	511
CY207735.1	594	695	1	0	1	594
CY207735.1	634	805	0	1	1	805
CY207735.1	643	798	0	1	1	798
CY207735.1	765	939	1	0	1	765
CY207735.1	924	958	3	0	3	924
CY207736.1	1029	1775	0	1	1	1775
CY207736.1	1042	1400	1	0	1	1042
CY207736.1	1071	1978	2	6	8	1071
CY207736.1	1085	1965	2	1	3	1085
CY207736.1	1090	1506	0	1	1	1506
CY207736.1	1095	2076	3	5	8	1095
CY207736.1	1106	2098	0	1	1	2098
CY207736.1	1153	1477	1	0	1	1153
CY207736.1	1160	1300	1	0	1	1160
CY207736.1	1183	1332	1	0	1	1183
CY207736.1	1252	1692	1	0	1	1252
CY207736.1	1303	1579	1	0	1	1303
CY207736.1	1376	2204	0	1	1	2204
CY207736.1	1397	2290	0	1	1	2290
CY207736.1	1423	1537	1	0	1	1423
CY207736.1	1456	2345	0	1	1	2345
CY207736.1	1480	1731	4	3	7	1480
CY207736.1	1662	2198	1	0	1	1662
CY207736.1	1750	2001	1	0	1	1750
CY207736.1	1763	1948	1	0	1	1763
CY207736.1	1788	1911	6	5	11	1788
CY207736.1	1827	1896	1	3	4	1827
CY207736.1	1861	1963	2	1	3	1861
CY207736.1	1869	1950	21	19	40	1869
CY207736.1	1978	2222	0	2	2	2222
CY207736.1	2133	2204	21	10	31	2133
CY207736.1	2153	2231	1	0	1	2153
CY207736.1	2160	2252	16	3	19	2160
CY207736.1	277	1713	2	0	2	277
CY207736.1	282	1398	1	0	1	282
CY207736.1	286	453	1	0	1	286
CY207736.1	287	2127	1	0	1	287
CY207736.1	294	1726	11	1	12	294
CY207736.1	294	862	0	2	2	862
CY207736.1	302	1809	0	1	1	1809
CY207736.1	303	1748	1	0	1	303
CY207736.1	304	2246	0	1	1	2246
CY207736.1	306	1418	2	0	2	306
CY207736.1	308	1369	0	1	1	1369
CY207736.1	313	1303	0	1	1	1303
CY207736.1	333	1651	1	0	1	333
CY207736.1	333	2143	1	3	4	333
CY207736.1	334	2153	0	10	10	2153
CY207736.1	334	439	1	0	1	334
CY207736.1	336	2283	3	0	3	336
CY207736.1	347	2145	0	1	1	2145
CY207736.1	351	2148	0	1	1	2148
CY207736.1	352	1951	1	0	1	352
CY207736.1	359	1054	0	1	1	1054
CY207736.1	359	2198	1	0	1	359
CY207736.1	359	2238	58	42	100	359
CY207736.1	361	2361	0	1	1	2361
CY207736.1	363	388	8	35	43	363
CY207736.1	366	2167	33	70	103	366
CY207736.1	367	2160	0	1	1	2160
CY207736.1	387	418	0	2	2	418
CY207736.1	388	1486	0	1	1	1486
CY207736.1	391	477	0	1	1	477
CY207736.1	392	2155	3	33	36	392
CY207736.1	394	744	0	1	1	744
CY207736.1	397	2065	8	20	28	397
CY207736.1	397	2072	1	0	1	397
CY207736.1	397	2189	0	1	1	2189
CY207736.1	400	2075	2	16	18	400
CY207736.1	406	2148	2	21	23	406
CY207736.1	406	2156	0	2	2	2156
CY207736.1	414	1694	0	1	1	1694
CY207736.1	433	2172	2	2	4	433
CY207736.1	436	2085	0	1	1	2085
CY207736.1	436	2156	3	13	16	436
CY207736.1	443	1045	1	0	1	443
CY207736.1	452	1368	1	0	1	452
CY207736.1	453	515	4	2	6	453
CY207736.1	474	1291	0	1	1	1291
CY207736.1	477	1718	1	0	1	477
CY207736.1	477	2162	0	9	9	2162
CY207736.1	483	2073	3	10	13	483
CY207736.1	489	2100	1	0	1	489
CY207736.1	497	1299	0	1	1	1299
CY207736.1	512	2153	4	2	6	512
CY207736.1	544	2016	3	3	6	544
CY207736.1	580	1867	3	4	7	580
CY207736.1	588	2044	9	4	13	588
CY207736.1	590	1890	0	1	1	1890
CY207736.1	598	904	2	0	2	598
CY207736.1	606	1950	24	2	26	606
CY207736.1	610	1136	1	0	1	610
CY207736.1	615	1893	1	0	1	615
CY207736.1	616	1826	16	32	48	616
CY207736.1	616	1894	4	7	11	616
CY207736.1	617	1953	4	10	14	617
CY207736.1	618	2043	1	3	4	618
CY207736.1	619	1829	0	2	2	1829
CY207736.1	627	1889	0	1	1	1889
CY207736.1	633	1746	1	0	1	633
CY207736.1	634	1760	3	5	8	634
CY207736.1	639	2068	0	1	1	2068
CY207736.1	642	1424	1	0	1	642
CY207736.1	651	1915	4	1	5	651
CY207736.1	657	1912	9	5	14	657
CY207736.1	658	1283	0	1	1	1283
CY207736.1	659	1871	7	4	11	659
CY207736.1	669	1892	1	0	1	669
CY207736.1	678	1955	1	1	2	678
CY207736.1	684	1882	2	5	7	684
CY207736.1	699	1691	0	1	1	1691
CY207736.1	699	1995	1	4	5	699
CY207736.1	701	1362	1	0	1	701
CY207736.1	705	1199	0	1	1	1199
CY207736.1	734	1436	1	0	1	734
CY207736.1	740	1716	1	0	1	740
CY207736.1	744	1882	18	12	30	744
CY207736.1	760	1011	1	0	1	760
CY207736.1	761	1897	0	1	1	1897
CY207736.1	762	2038	0	1	1	2038
CY207736.1	763	1290	1	0	1	763
CY207736.1	768	1854	1	0	1	768
CY207736.1	771	1023	1	0	1	771
CY207736.1	771	1889	0	1	1	1889
CY207736.1	776	2051	1	0	1	776
CY207736.1	779	1262	1	0	1	779
CY207736.1	799	1251	1	0	1	799
CY207736.1	801	1484	0	1	1	1484
CY207736.1	810	1275	1	0	1	810
CY207736.1	811	1219	1	0	1	811
CY207736.1	814	1710	5	0	5	814
CY207736.1	821	2029	4	4	8	821
CY207736.1	823	1719	1	0	1	823
CY207736.1	824	1725	8	7	15	824
CY207736.1	827	1056	1	0	1	827
CY207736.1	831	1308	1	0	1	831
CY207736.1	835	1270	0	1	1	1270
CY207736.1	889	1297	0	1	1	1297
CY207736.1	892	969	1	0	1	892
CY207736.1	895	1895	0	1	1	1895
CY207736.1	897	2353	0	1	1	2353
CY207736.1	909	1510	1	0	1	909
CY207736.1	915	1736	2	9	11	915
CY207736.1	916	1663	2	5	7	916
CY207736.1	928	1713	0	1	1	1713
CY207736.1	941	1045	0	1	1	1045
CY207736.1	958	2009	1	0	1	958
CY207736.1	977	1518	0	1	1	1518
CY207736.1	998	1182	1	2	3	998
CY207737.1	1015	2113	0	1	1	2113
CY207737.1	1025	1310	1	0	1	1025
CY207737.1	1053	1834	0	1	1	1834
CY207737.1	1056	1420	1	0	1	1056
CY207737.1	1086	1243	1	0	1	1086
CY207737.1	1087	2193	0	1	1	2193
CY207737.1	1101	1401	0	1	1	1401
CY207737.1	1122	1292	0	1	1	1292
CY207737.1	1123	1818	0	1	1	1818
CY207737.1	1148	1536	0	1	1	1536
CY207737.1	1209	1268	1	0	1	1209
CY207737.1	1305	2132	0	1	1	2132
CY207737.1	1345	2105	1	0	1	1345
CY207737.1	1361	1494	0	1	1	1494
CY207737.1	1402	2062	1	0	1	1402
CY207737.1	1519	1561	0	1	1	1561
CY207737.1	1568	2022	0	1	1	2022
CY207737.1	1693	2265	0	1	1	2265
CY207737.1	1888	2389	0	1	1	2389
CY207737.1	1900	2225	0	1	1	2225
CY207737.1	1908	2034	0	1	1	2034
CY207737.1	1993	2330	1	0	1	1993
CY207737.1	2046	2136	1	0	1	2046
CY207737.1	2065	2112	8	0	8	2065
CY207737.1	2188	2237	2	0	2	2188
CY207737.1	2344	2384	9	0	9	2344
CY207737.1	276	1349	1	0	1	276
CY207737.1	286	2159	1	0	1	286
CY207737.1	311	1431	1	0	1	311
CY207737.1	325	1685	1	0	1	325
CY207737.1	327	865	1	0	1	327
CY207737.1	340	365	1	0	1	340
CY207737.1	363	1244	1	0	1	363
CY207737.1	378	1560	0	1	1	1560
CY207737.1	378	752	1	0	1	378
CY207737.1	385	2250	5	0	5	385
CY207737.1	393	1323	1	0	1	393
CY207737.1	425	2182	1	0	1	425
CY207737.1	439	491	0	15	15	491
CY207737.1	449	2199	6	8	14	449
CY207737.1	449	478	1	0	1	449
CY207737.1	453	2341	0	1	1	2341
CY207737.1	467	1578	1	0	1	467
CY207737.1	474	2191	4	9	13	474
CY207737.1	477	1271	1	0	1	477
CY207737.1	477	1346	1	0	1	477
CY207737.1	478	944	1	0	1	478
CY207737.1	514	685	0	1	1	685
CY207737.1	531	2074	1	0	1	531
CY207737.1	554	2086	1	0	1	554
CY207737.1	573	2093	19	16	35	573
CY207737.1	598	2056	2	6	8	598
CY207737.1	603	1239	1	0	1	603
CY207737.1	607	2065	0	1	1	2065
CY207737.1	611	2119	3	3	6	611
CY207737.1	620	2142	0	1	1	2142
CY207737.1	651	1242	0	1	1	1242
CY207737.1	653	2210	0	1	1	2210
CY207737.1	691	1730	1	0	1	691
CY207737.1	702	2086	1	0	1	702
CY207737.1	703	1953	0	1	1	1953
CY207737.1	705	1582	1	0	1	705
CY207737.1	708	2096	6	2	8	708
CY207737.1	731	2231	0	1	1	2231
CY207737.1	747	1865	2	6	8	747
CY207737.1	763	1802	0	1	1	1802
CY207737.1	767	948	0	1	1	948
CY207737.1	783	2021	0	1	1	2021
CY207737.1	789	1788	0	1	1	1788
CY207737.1	792	1298	0	1	1	1298
CY207737.1	795	1640	0	1	1	1640
CY207737.1	797	1316	1	0	1	797
CY207737.1	803	1650	0	1	1	1650
CY207737.1	820	1827	0	1	1	1827
CY207737.1	826	907	0	1	1	907
CY207737.1	830	1371	1	0	1	830
CY207737.1	830	1816	0	1	1	1816
CY207737.1	832	1894	0	1	1	1894
CY207737.1	842	1383	1	0	1	842
CY207737.1	850	1200	1	0	1	850
CY207737.1	866	1954	0	1	1	1954
CY207737.1	883	1794	0	1	1	1794
CY207737.1	883	2290	1	0	1	883
CY207737.1	897	1822	1	0	1	897
CY207737.1	911	1175	1	0	1	911
CY207737.1	918	1937	0	1	1	1937
CY207737.1	925	963	0	2	2	963
CY207737.1	930	1997	1	0	1	930
CY207737.1	937	1400	0	1	1	1400
CY207737.1	937	1781	0	1	1	1781
CY207737.1	937	2464	0	1	1	2464
CY207738.1	1091	1663	0	1	1	1663
CY207738.1	1118	1675	0	1	1	1675
CY207738.1	1142	1225	0	1	1	1225
CY207738.1	1197	2095	1	0	1	1197
CY207738.1	1229	2067	1	0	1	1229
CY207738.1	1246	2108	0	1	1	2108
CY207738.1	1289	1662	1	1	2	1289
CY207738.1	1299	2381	0	1	1	2381
CY207738.1	1309	1662	1	0	1	1309
CY207738.1	1320	1676	1	0	1	1320
CY207738.1	1330	1661	1	0	1	1330
CY207738.1	1337	1666	1	0	1	1337
CY207738.1	1351	2100	1	0	1	1351
CY207738.1	1363	2333	1	0	1	1363
CY207738.1	1369	2359	1	0	1	1369
CY207738.1	1427	2496	0	1	1	2496
CY207738.1	1449	1490	0	1	1	1490
CY207738.1	1547	2077	0	1	1	2077
CY207738.1	1586	1860	0	1	1	1860
CY207738.1	1648	2358	1	0	1	1648
CY207738.1	1700	1733	2	1	3	1700
CY207738.1	1703	2303	5	2	7	1703
CY207738.1	1722	2258	1	0	1	1722
CY207738.1	1747	1850	0	1	1	1850
CY207738.1	1834	2237	1	0	1	1834
CY207738.1	1912	1957	0	1	1	1957
CY207738.1	1925	1947	0	1	1	1947
CY207738.1	2105	2351	1	0	1	2105
CY207738.1	2117	2177	1	0	1	2117
CY207738.1	2256	2326	1	0	1	2256
CY207738.1	2269	2351	3	0	3	2269
CY207738.1	234	751	1	0	1	234
CY207738.1	241	1221	1	0	1	241
CY207738.1	245	804	1	0	1	245
CY207738.1	250	1180	1	0	1	250
CY207738.1	252	492	1	0	1	252
CY207738.1	253	2480	0	1	1	2480
CY207738.1	288	407	1	0	1	288
CY207738.1	321	1851	1	0	1	321
CY207738.1	322	1310	2	0	2	322
CY207738.1	324	1034	0	1	1	1034
CY207738.1	325	1293	1	0	1	325
CY207738.1	339	2328	0	1	1	2328
CY207738.1	343	1610	0	1	1	1610
CY207738.1	347	1246	1	0	1	347
CY207738.1	357	459	0	1	1	459
CY207738.1	360	2288	6	18	24	360
CY207738.1	365	2359	1	0	1	365
CY207738.1	368	466	1	0	1	368
CY207738.1	372	2237	1	0	1	372
CY207738.1	375	1642	2	2	4	375
CY207738.1	375	473	1	0	1	375
CY207738.1	376	2423	1	0	1	376
CY207738.1	382	1649	1	1	2	382
CY207738.1	383	2359	1	0	1	383
CY207738.1	384	2431	1	0	1	384
CY207738.1	390	1691	0	1	1	1691
CY207738.1	391	1273	0	1	1	1273
CY207738.1	395	767	0	1	1	767
CY207738.1	398	2061	0	1	1	2061
CY207738.1	404	776	0	1	1	776
CY207738.1	408	2215	0	1	1	2215
CY207738.1	408	2379	0	1	1	2379
CY207738.1	408	2387	1	0	1	408
CY207738.1	418	790	0	1	1	790
CY207738.1	419	2217	3	17	20	419
CY207738.1	424	1370	0	1	1	1370
CY207738.1	434	790	1	0	1	434
CY207738.1	444	1103	1	0	1	444
CY207738.1	454	2021	1	0	1	454
CY207738.1	456	1776	0	1	1	1776
CY207738.1	458	1665	0	1	1	1665
CY207738.1	460	906	0	1	1	906
CY207738.1	465	1672	0	1	1	1672
CY207738.1	468	1662	1	0	1	468
CY207738.1	475	989	1	0	1	475
CY207738.1	478	1681	1	0	1	478
CY207738.1	492	2119	6	21	27	492
CY207738.1	494	1710	1	1	2	494
CY207738.1	513	2068	4	7	11	513
CY207738.1	519	1322	0	2	2	1322
CY207738.1	519	1805	1	0	1	519
CY207738.1	533	2275	1	12	13	533
CY207738.1	674	2102	2	5	7	674
CY207738.1	675	2496	0	3	3	2496
CY207738.1	678	2106	0	1	1	2106
CY207738.1	695	1410	1	0	1	695
CY207738.1	695	1630	0	1	1	1630
CY207738.1	725	750	1	0	1	725
CY207738.1	736	2167	1	0	1	736
CY207738.1	747	1316	0	1	1	1316
CY207738.1	776	2223	1	0	1	776
CY207738.1	815	856	0	1	1	856
CY207738.1	822	1314	1	0	1	822
CY207738.1	822	879	1	0	1	822
CY207738.1	824	2084	0	1	1	2084
CY207738.1	856	2053	0	1	1	2053
CY207738.1	869	1708	2	3	5	869
CY207738.1	872	1711	1	0	1	872
CY207738.1	879	1950	0	1	1	1950
CY207738.1	883	1746	5	6	11	883
CY207738.1	887	1749	0	1	1	1749
CY207738.1	892	1669	0	1	1	1669
CY207738.1	921	1384	1	0	1	921
CY207738.1	943	1571	1	0	1	943
CY207738.1	945	1717	0	1	1	1717
CY207738.1	971	1734	1	0	1	971
CY207738.1	993	1744	0	1	1	1744
