Segment	Start	Stop	Forward_support	Reverse_support	Total_support	Fuzz_factor
CY207731.1	1001	1677	1	0	1	1001
CY207731.1	1003	1447	0	1	1	1447
CY207731.1	1064	1183	0	1	1	1183
CY207731.1	272	1600	40	4	44	272
CY207731.1	364	971	0	1	1	971
CY207731.1	371	698	0	1	1	698
CY207731.1	442	1496	1	0	1	442
CY207731.1	529	1629	1	0	1	529
CY207731.1	918	1698	1	0	1	918
CY207731.1	994	1237	1	0	1	994
CY207732.1	265	1001	1	0	1	265
CY207732.1	288	752	1	0	1	288
CY207732.1	388	847	1	1	2	388
CY207732.1	457	925	0	1	1	925
CY207732.1	538	681	1	0	1	538
CY207732.1	677	701	1	0	1	677
CY207732.1	697	772	1	6	7	697
CY207732.1	718	860	7	13	20	718
CY207732.1	758	954	4	3	7	758
CY207732.1	773	909	1	0	1	773
CY207732.1	819	915	0	1	1	915
CY207732.1	924	1040	0	2	2	1040
CY207733.1	1018	1074	0	3	3	1074
CY207733.1	1096	1140	1	0	1	1096
CY207733.1	1266	1360	0	1	1	1360
CY207733.1	278	495	1	0	1	278
CY207733.1	648	825	0	1	1	825
CY207733.1	650	689	1	0	1	650
CY207734.1	1474	1508	1	0	1	1474
CY207734.1	1536	1584	1	0	1	1536
CY207734.1	243	1313	1	0	1	243
CY207734.1	245	1559	1	0	1	245
CY207734.1	283	1132	1	0	1	283
CY207734.1	357	449	0	1	1	449
CY207734.1	628	920	0	1	1	920
CY207734.1	705	1547	1	0	1	705
CY207734.1	942	1252	4	3	7	942
CY207734.1	992	1172	1	0	1	992
CY207735.1	273	816	14	1	15	273
CY207735.1	286	383	1	0	1	286
CY207735.1	303	915	4	13	17	303
CY207735.1	519	748	0	1	1	748
CY207735.1	841	923	9	1	10	841
CY207735.1	920	964	0	2	2	964
CY207736.1	1054	1755	0	1	1	1755
CY207736.1	1076	1533	0	1	1	1533
CY207736.1	1276	2297	6	4	10	1276
CY207736.1	2008	2063	6	5	11	2008
CY207736.1	2068	2207	1	0	1	2068
CY207736.1	269	461	1	0	1	269
CY207736.1	333	2120	0	1	1	2120
CY207736.1	364	952	0	1	1	952
CY207736.1	441	1679	4	3	7	441
CY207736.1	608	1877	1	0	1	608
CY207736.1	617	1103	0	1	1	1103
CY207736.1	638	1839	1	0	1	638
CY207736.1	640	1870	9	10	19	640
CY207736.1	649	1856	12	11	23	649
CY207736.1	685	1873	7	11	18	685
CY207736.1	713	1790	13	7	20	713
CY207736.1	779	2013	0	1	1	2013
CY207736.1	802	828	1	0	1	802
CY207736.1	807	1924	1	0	1	807
CY207736.1	878	1977	22	29	51	878
CY207736.1	916	954	1	0	1	916
CY207736.1	918	2349	0	1	1	2349
CY207736.1	951	1622	0	1	1	1622
CY207736.1	952	2216	0	1	1	2216
CY207736.1	953	1799	1	0	1	953
CY207736.1	962	1621	1	0	1	962
CY207737.1	1306	2043	2	3	5	1306
CY207737.1	1539	2359	1	0	1	1539
CY207737.1	1747	1898	0	1	1	1898
CY207737.1	2004	2341	0	1	1	2341
CY207737.1	240	1632	1	0	1	240
CY207737.1	245	1251	1	0	1	245
CY207737.1	400	989	1	0	1	400
CY207737.1	531	2438	1	0	1	531
CY207737.1	835	1169	0	1	1	1169
CY207737.1	848	1259	1	1	2	848
CY207737.1	920	1859	1	0	1	920
CY207738.1	1705	2234	0	1	1	2234
CY207738.1	2218	2391	2	0	2	2218
CY207738.1	270	925	1	0	1	270
CY207738.1	273	661	1	0	1	273
CY207738.1	346	2235	2	1	3	346
CY207738.1	364	2243	30	103	133	364
CY207738.1	385	1753	0	1	1	1753
CY207738.1	444	2410	0	1	1	2410
CY207738.1	456	2154	1	0	1	456
CY207738.1	481	2153	1	0	1	481
CY207738.1	508	2378	7	2	9	508
CY207738.1	514	2169	23	39	62	514
CY207738.1	518	1965	0	5	5	1965
CY207738.1	518	2070	6	20	26	518
CY207738.1	535	1729	1	0	1	535
CY207738.1	575	2014	3	9	12	575
CY207738.1	673	2075	2	9	11	673
CY207738.1	683	1660	0	1	1	1660
CY207738.1	702	2231	21	21	42	702
CY207738.1	843	1868	17	15	32	843
CY207738.1	967	1709	0	1	1	1709
