Segment	Start	Stop	Forward_support	Reverse_support	Total_support	Fuzz_factor
CY207731.1	1069	1607	1	0	1	1069
CY207731.1	1149	1221	0	2	2	1221
CY207731.1	1559	1702	1	0	1	1559
CY207731.1	1593	1720	1	0	1	1593
CY207731.1	1683	1873	0	1	1	1873
CY207731.1	245	1309	1	0	1	245
CY207731.1	285	1349	1	0	1	285
CY207731.1	337	1499	0	1	1	1499
CY207731.1	466	1352	0	1	1	1352
CY207731.1	552	1188	1	0	1	552
CY207731.1	658	1416	1	0	1	658
CY207731.1	709	1887	0	1	1	1887
CY207731.1	823	1879	1	4	5	823
CY207731.1	825	1374	0	1	1	1374
CY207732.1	269	962	1	0	1	269
CY207732.1	357	658	1	0	1	357
CY207732.1	358	786	1	3	4	358
CY207732.1	367	644	0	1	1	644
CY207732.1	380	747	0	1	1	747
CY207732.1	423	607	1	0	1	423
CY207732.1	426	649	0	1	1	649
CY207732.1	507	864	1	0	1	507
CY207732.1	512	1071	0	1	1	1071
CY207732.1	585	1170	0	1	1	1170
CY207732.1	593	1023	6	2	8	593
CY207732.1	679	815	1	1	2	679
CY207732.1	681	856	0	1	1	856
CY207732.1	768	850	1	1	2	768
CY207732.1	810	941	1	0	1	810
CY207732.1	883	1093	0	1	1	1093
CY207732.1	918	964	1	0	1	918
CY207732.1	933	1019	3	2	5	933
CY207733.1	1076	1120	1	0	1	1076
CY207733.1	1488	1524	2	3	5	1488
CY207733.1	320	1439	1	7	8	320
CY207734.1	1285	1356	0	1	1	1356
CY207734.1	1421	1544	6	1	7	1421
CY207734.1	1442	1566	8	2	10	1442
CY207734.1	349	1561	0	2	2	1561
CY207734.1	572	982	1	0	1	572
CY207734.1	651	1306	0	1	1	1306
CY207734.1	741	814	4	9	13	741
CY207734.1	953	1152	1	0	1	953
CY207735.1	393	618	0	1	1	618
CY207735.1	409	534	0	1	1	534
CY207735.1	475	707	1	0	1	475
CY207735.1	511	740	8	25	33	511
CY207735.1	706	780	1	0	1	706
CY207736.1	1014	1415	1	0	1	1014
CY207736.1	1112	1771	0	1	1	1771
CY207736.1	1361	1820	0	1	1	1820
CY207736.1	1384	1732	1	0	1	1384
CY207736.1	1464	2167	0	1	1	2167
CY207736.1	1547	1935	1	0	1	1547
CY207736.1	1754	1869	1	0	1	1754
CY207736.1	1822	2096	0	1	1	2096
CY207736.1	2257	2319	1	0	1	2257
CY207736.1	288	313	6	4	10	288
CY207736.1	311	2270	0	1	1	2270
CY207736.1	363	2133	2	14	16	363
CY207736.1	410	2134	107	140	247	410
CY207736.1	414	2138	0	1	1	2138
CY207736.1	438	2066	14	24	38	438
CY207736.1	445	1917	7	0	7	445
CY207736.1	551	2172	0	1	1	2172
CY207736.1	595	1814	1	0	1	595
CY207736.1	596	2002	3	8	11	596
CY207736.1	620	1829	4	6	10	620
CY207736.1	623	1938	1	0	1	623
CY207736.1	628	1945	16	10	26	628
CY207736.1	644	1917	0	1	1	1917
CY207736.1	666	1671	0	1	1	1671
CY207736.1	668	1732	17	12	29	668
CY207736.1	682	1680	8	9	17	682
CY207736.1	699	1691	0	1	1	1691
CY207736.1	699	1995	13	18	31	699
CY207736.1	740	1716	0	1	1	1716
CY207736.1	747	2061	0	1	1	2061
CY207736.1	776	2051	0	1	1	2051
CY207736.1	817	2270	1	0	1	817
CY207736.1	827	2013	0	1	1	2013
CY207736.1	829	2012	0	1	1	2012
CY207736.1	870	1777	16	19	35	870
CY207736.1	915	1654	5	6	11	915
CY207736.1	917	1656	1	0	1	917
CY207737.1	1129	1273	1	0	1	1129
CY207737.1	1145	1796	13	6	19	1145
CY207737.1	2099	2317	1	0	1	2099
CY207737.1	323	2084	2	0	2	323
CY207737.1	403	936	1	0	1	403
CY207737.1	445	2259	1	0	1	445
CY207737.1	541	2094	5	3	8	541
CY207737.1	689	1951	2	0	2	689
CY207737.1	737	1876	0	1	1	1876
CY207737.1	750	2014	0	1	1	2014
CY207737.1	789	1958	17	15	32	789
CY207737.1	808	1819	2	2	4	808
CY207738.1	1176	2285	1	0	1	1176
CY207738.1	1678	1749	1	0	1	1678
CY207738.1	2088	2374	1	0	1	2088
CY207738.1	264	1611	1	0	1	264
CY207738.1	352	661	0	1	1	661
CY207738.1	360	1691	1	0	1	360
CY207738.1	362	1693	1	11	12	362
CY207738.1	372	2237	2	0	2	372
CY207738.1	373	2314	32	77	109	373
CY207738.1	375	2316	0	1	1	2316
CY207738.1	383	2323	0	1	1	2323
CY207738.1	387	2264	2	74	76	387
CY207738.1	407	2331	0	1	1	2331
CY207738.1	429	2279	0	1	1	2279
CY207738.1	507	2193	0	1	1	2193
CY207738.1	510	2196	18	19	37	510
CY207738.1	521	1965	4	7	11	521
CY207738.1	845	1815	13	9	22	845
CY207738.1	891	1740	1	1	2	891
CY207738.1	952	1893	1	1	2	952
