Segment	Start	Stop	Forward_support	Reverse_support	Total_support	Fuzz_factor
CY207731.1	1002	1574	0	1	1	1574
CY207731.1	1018	1214	0	1	1	1214
CY207731.1	1027	1785	1	0	1	1027
CY207731.1	1035	1262	0	1	1	1262
CY207731.1	1068	1438	1	0	1	1068
CY207731.1	1080	1581	1	0	1	1080
CY207731.1	1092	1385	1	0	1	1092
CY207731.1	1104	1157	1	0	1	1104
CY207731.1	1112	1141	0	1	1	1141
CY207731.1	1148	1706	1	0	1	1148
CY207731.1	1159	1631	1	0	1	1159
CY207731.1	1160	1667	1	0	1	1160
CY207731.1	1172	1486	0	1	1	1486
CY207731.1	1182	1240	0	1	1	1240
CY207731.1	1185	1734	1	0	1	1185
CY207731.1	1191	1222	0	1	1	1222
CY207731.1	1213	1688	1	0	1	1213
CY207731.1	1236	1635	0	1	1	1635
CY207731.1	1304	1716	0	1	1	1716
CY207731.1	1305	1333	0	1	1	1333
CY207731.1	1311	1736	0	1	1	1736
CY207731.1	1315	1671	1	0	1	1315
CY207731.1	1336	1779	1	0	1	1336
CY207731.1	1341	1877	0	1	1	1877
CY207731.1	1349	1474	0	2	2	1474
CY207731.1	1358	1419	0	1	1	1419
CY207731.1	1376	1536	0	3	3	1536
CY207731.1	1427	1745	0	1	1	1745
CY207731.1	1476	1534	1	0	1	1476
CY207731.1	1478	1510	1	0	1	1478
CY207731.1	1479	1630	1	0	1	1479
CY207731.1	1645	1788	1	0	1	1645
CY207731.1	1650	1683	1	0	1	1650
CY207731.1	1712	1750	1	0	1	1712
CY207731.1	236	526	1	0	1	236
CY207731.1	258	1668	1	0	1	258
CY207731.1	262	381	1	0	1	262
CY207731.1	268	561	1	0	1	268
CY207731.1	270	1198	1	0	1	270
CY207731.1	272	785	1	0	1	272
CY207731.1	280	1346	1	0	1	280
CY207731.1	286	1100	1	0	1	286
CY207731.1	286	1709	0	1	1	1709
CY207731.1	296	1224	1	0	1	296
CY207731.1	298	1365	0	1	1	1365
CY207731.1	333	1572	0	1	1	1572
CY207731.1	333	1888	0	1	1	1888
CY207731.1	365	885	1	0	1	365
CY207731.1	367	426	0	1	1	426
CY207731.1	368	428	0	1	1	428
CY207731.1	371	978	0	1	1	978
CY207731.1	384	1514	0	1	1	1514
CY207731.1	393	951	0	1	1	951
CY207731.1	398	1643	0	1	1	1643
CY207731.1	402	1661	0	1	1	1661
CY207731.1	408	495	0	1	1	495
CY207731.1	412	1536	1	0	1	412
CY207731.1	415	912	0	1	1	912
CY207731.1	416	1717	0	1	1	1717
CY207731.1	421	815	0	1	1	815
CY207731.1	428	1178	1	0	1	428
CY207731.1	430	1315	0	1	1	1315
CY207731.1	436	840	0	1	1	840
CY207731.1	437	521	0	1	1	521
CY207731.1	441	1535	0	1	1	1535
CY207731.1	445	569	1	0	1	445
CY207731.1	451	872	0	1	1	872
CY207731.1	452	741	0	1	1	741
CY207731.1	452	786	1	0	1	452
CY207731.1	454	1505	0	1	1	1505
CY207731.1	457	685	0	1	1	685
CY207731.1	458	1706	0	1	1	1706
CY207731.1	469	1762	0	1	1	1762
CY207731.1	477	1910	0	1	1	1910
CY207731.1	481	1638	0	1	1	1638
CY207731.1	482	1641	0	1	1	1641
CY207731.1	482	504	0	1	1	504
CY207731.1	486	1897	1	0	1	486
CY207731.1	490	1899	0	1	1	1899
CY207731.1	507	594	0	1	1	594
CY207731.1	508	1517	1	0	1	508
CY207731.1	510	1638	1	0	1	510
CY207731.1	518	1347	1	0	1	518
CY207731.1	519	1683	0	2	2	1683
CY207731.1	527	1727	0	1	1	1727
CY207731.1	530	1698	1	0	1	530
CY207731.1	544	1263	1	0	1	544
CY207731.1	559	1063	1	0	1	559
CY207731.1	559	1531	0	1	1	1531
CY207731.1	565	1641	1	0	1	565
CY207731.1	574	601	1	0	1	574
CY207731.1	581	660	0	1	1	660
CY207731.1	582	1117	1	0	1	582
CY207731.1	593	1266	0	1	1	1266
CY207731.1	614	1091	1	0	1	614
CY207731.1	621	669	0	1	1	669
CY207731.1	639	993	1	0	1	639
CY207731.1	641	1685	1	0	1	641
CY207731.1	655	1588	0	1	1	1588
CY207731.1	698	1643	1	0	1	698
CY207731.1	703	1784	1	0	1	703
CY207731.1	721	759	0	1	1	759
CY207731.1	742	1596	0	1	1	1596
CY207731.1	745	1877	0	1	1	1877
CY207731.1	771	1635	1	0	1	771
CY207731.1	775	1698	1	0	1	775
CY207731.1	822	1858	1	0	1	822
CY207731.1	840	1384	1	0	1	840
CY207731.1	845	1521	3	3	6	845
CY207731.1	857	1655	1	0	1	857
CY207731.1	862	1597	1	0	1	862
CY207731.1	903	1515	0	1	1	1515
CY207731.1	912	1035	0	1	1	1035
CY207731.1	933	974	0	2	2	974
CY207731.1	935	1210	1	0	1	935
CY207731.1	943	1241	1	0	1	943
CY207731.1	944	1733	1	0	1	944
CY207731.1	949	996	1	0	1	949
CY207731.1	972	1304	0	1	1	1304
CY207731.1	979	1875	0	1	1	1875
CY207732.1	1081	1163	0	1	1	1163
CY207732.1	241	937	1	0	1	241
CY207732.1	267	382	1	0	1	267
CY207732.1	268	666	1	0	1	268
CY207732.1	273	705	1	0	1	273
CY207732.1	278	338	1	0	1	278
CY207732.1	278	488	1	0	1	278
CY207732.1	281	1016	1	0	1	281
CY207732.1	282	1083	1	0	1	282
CY207732.1	286	649	1	0	1	286
CY207732.1	296	720	1	0	1	296
CY207732.1	321	802	0	2	2	802
CY207732.1	322	587	1	0	1	322
CY207732.1	349	1141	0	1	1	1141
CY207732.1	356	643	0	1	1	643
CY207732.1	361	626	1	0	1	361
CY207732.1	381	965	0	1	1	965
CY207732.1	393	883	1	0	1	393
CY207732.1	402	1053	0	1	1	1053
CY207732.1	407	458	1	0	1	407
CY207732.1	410	452	0	1	1	452
CY207732.1	413	800	0	1	1	800
CY207732.1	431	477	0	1	1	477
CY207732.1	433	467	0	1	1	467
CY207732.1	437	690	0	1	1	690
CY207732.1	442	537	1	0	1	442
CY207732.1	456	1135	0	1	1	1135
CY207732.1	458	955	1	0	1	458
CY207732.1	463	493	0	1	1	493
CY207732.1	466	494	0	1	1	494
CY207732.1	477	630	0	1	1	630
CY207732.1	477	835	1	0	1	477
CY207732.1	477	898	1	0	1	477
CY207732.1	490	897	0	1	1	897
CY207732.1	500	640	0	1	1	640
CY207732.1	522	959	0	1	1	959
CY207732.1	554	1129	0	1	1	1129
CY207732.1	554	754	0	1	1	754
CY207732.1	556	609	1	0	1	556
CY207732.1	583	740	0	1	1	740
CY207732.1	583	968	0	1	1	968
CY207732.1	589	745	1	0	1	589
CY207732.1	589	862	1	7	8	589
CY207732.1	593	1023	4	4	8	593
CY207732.1	601	995	6	1	7	601
CY207732.1	605	1045	1	0	1	605
CY207732.1	630	852	1	0	1	630
CY207732.1	637	1073	1	0	1	637
CY207732.1	654	810	1	0	1	654
CY207732.1	667	993	1	0	1	667
CY207732.1	679	815	4	5	9	679
CY207732.1	692	738	0	1	1	738
CY207732.1	697	772	1	3	4	697
CY207732.1	702	848	0	1	1	848
CY207732.1	705	847	0	1	1	847
CY207732.1	710	820	0	1	1	820
CY207732.1	713	936	2	3	5	713
CY207732.1	718	860	4	5	9	718
CY207732.1	720	826	0	1	1	826
CY207732.1	727	973	0	1	1	973
CY207732.1	734	783	1	0	1	734
CY207732.1	758	964	1	0	1	758
CY207732.1	777	987	1	0	1	777
CY207732.1	785	910	0	1	1	910
CY207732.1	801	1124	0	1	1	1124
CY207732.1	804	1029	1	0	1	804
CY207732.1	804	918	2	1	3	804
CY207732.1	815	956	1	0	1	815
CY207732.1	842	1065	1	0	1	842
CY207732.1	854	936	1	0	1	854
CY207732.1	914	961	1	0	1	914
CY207732.1	924	1040	0	1	1	1040
CY207732.1	933	1019	0	1	1	1019
CY207732.1	941	1138	0	1	1	1138
CY207732.1	954	1023	1	0	1	954
CY207732.1	958	1002	1	0	1	958
CY207733.1	1105	1208	0	1	1	1208
CY207733.1	1107	1260	0	1	1	1260
CY207733.1	1208	1413	0	1	1	1413
CY207733.1	1263	1338	0	1	1	1338
CY207733.1	1273	1447	0	1	1	1447
CY207733.1	1290	1433	1	0	1	1290
CY207733.1	1333	1420	1	0	1	1333
CY207733.1	275	476	1	0	1	275
CY207733.1	331	1579	0	1	1	1579
CY207733.1	363	1597	0	1	1	1597
CY207733.1	365	1475	0	4	4	1475
CY207733.1	379	1465	2	3	5	379
CY207733.1	380	1468	0	2	2	1468
CY207733.1	380	899	0	1	1	899
CY207733.1	396	1431	0	1	1	1431
CY207733.1	404	600	0	1	1	600
CY207733.1	417	1178	0	1	1	1178
CY207733.1	424	638	0	1	1	638
CY207733.1	436	1053	0	1	1	1053
CY207733.1	453	923	1	0	1	453
CY207733.1	474	1437	1	0	1	474
CY207733.1	479	507	0	1	1	507
CY207733.1	499	623	0	1	1	623
CY207733.1	549	1054	1	0	1	549
CY207733.1	558	1070	1	0	1	558
CY207733.1	559	987	0	1	1	987
CY207733.1	561	1073	3	6	9	561
CY207733.1	582	1026	0	1	1	1026
CY207733.1	614	719	0	1	1	719
CY207733.1	726	1069	1	0	1	726
CY207733.1	778	1031	0	1	1	1031
CY207733.1	796	1581	0	1	1	1581
CY207733.1	818	1399	0	1	1	1399
CY207733.1	825	1004	0	1	1	1004
CY207733.1	852	1390	1	0	1	852
CY207733.1	887	973	0	1	1	973
CY207733.1	978	1480	1	0	1	978
CY207734.1	1015	1169	1	0	1	1015
CY207734.1	1042	1525	1	0	1	1042
CY207734.1	1123	1162	0	1	1	1162
CY207734.1	1125	1289	0	1	1	1289
CY207734.1	1149	1199	0	1	1	1199
CY207734.1	1169	1475	0	1	1	1475
CY207734.1	1177	1671	0	1	1	1671
CY207734.1	1250	1373	1	0	1	1250
CY207734.1	1279	1319	0	1	1	1319
CY207734.1	1316	1472	0	1	1	1472
CY207734.1	1319	1512	1	1	2	1319
CY207734.1	1325	1640	0	1	1	1640
CY207734.1	1353	1488	1	0	1	1353
CY207734.1	1370	1570	1	0	1	1370
CY207734.1	1410	1439	0	1	1	1439
CY207734.1	1421	1564	2	1	3	1421
CY207734.1	1435	1512	7	4	11	1435
CY207734.1	1441	1530	1	0	1	1441
CY207734.1	1442	1484	0	1	1	1484
CY207734.1	1467	1519	1	0	1	1467
CY207734.1	1468	1518	0	1	1	1518
CY207734.1	1472	1516	0	1	1	1516
CY207734.1	1489	1706	0	1	1	1706
CY207734.1	1507	1584	1	0	1	1507
CY207734.1	1530	1558	0	1	1	1558
CY207734.1	1534	1588	2	0	2	1534
CY207734.1	1580	1697	2	5	7	1580
CY207734.1	1606	1724	0	5	5	1724
CY207734.1	246	603	1	0	1	246
CY207734.1	272	1146	1	0	1	272
CY207734.1	275	805	1	0	1	275
CY207734.1	282	333	1	0	1	282
CY207734.1	295	406	1	0	1	295
CY207734.1	304	829	1	0	1	304
CY207734.1	310	713	0	1	1	713
CY207734.1	322	1216	1	0	1	322
CY207734.1	334	585	1	0	1	334
CY207734.1	341	996	1	0	1	341
CY207734.1	344	876	0	1	1	876
CY207734.1	373	911	1	0	1	373
CY207734.1	382	1557	0	1	1	1557
CY207734.1	391	935	0	1	1	935
CY207734.1	402	913	0	1	1	913
CY207734.1	419	1532	0	1	1	1532
CY207734.1	421	940	0	1	1	940
CY207734.1	423	1135	0	1	1	1135
CY207734.1	427	579	0	1	1	579
CY207734.1	428	1383	1	9	10	428
CY207734.1	430	1395	1	0	1	430
CY207734.1	430	765	1	0	1	430
CY207734.1	432	950	1	0	1	432
CY207734.1	434	1388	0	1	1	1388
CY207734.1	448	1439	0	1	1	1439
CY207734.1	452	572	0	1	1	572
CY207734.1	456	1681	1	0	1	456
CY207734.1	462	1015	1	0	1	462
CY207734.1	470	590	1	0	1	470
CY207734.1	471	583	0	1	1	583
CY207734.1	475	790	1	0	1	475
CY207734.1	480	882	1	0	1	480
CY207734.1	481	1589	1	8	9	481
CY207734.1	481	891	1	0	1	481
CY207734.1	488	1603	0	1	1	1603
CY207734.1	491	514	1	0	1	491
CY207734.1	517	963	0	1	1	963
CY207734.1	519	1311	0	1	1	1311
CY207734.1	519	1400	1	3	4	519
CY207734.1	520	841	1	4	5	520
CY207734.1	524	1493	1	0	1	524
CY207734.1	529	813	0	1	1	813
CY207734.1	546	1065	0	1	1	1065
CY207734.1	549	1576	0	1	1	1576
CY207734.1	552	602	1	0	1	552
CY207734.1	552	809	1	0	1	552
CY207734.1	553	1415	0	1	1	1415
CY207734.1	565	1300	1	0	1	565
CY207734.1	587	808	0	1	1	808
CY207734.1	595	756	1	0	1	595
CY207734.1	625	1234	1	0	1	625
CY207734.1	628	886	1	0	1	628
CY207734.1	636	1560	1	0	1	636
CY207734.1	637	832	1	0	1	637
CY207734.1	641	836	0	1	1	836
CY207734.1	646	1345	0	1	1	1345
CY207734.1	663	703	0	1	1	703
CY207734.1	673	907	1	0	1	673
CY207734.1	680	1151	0	1	1	1151
CY207734.1	692	1006	1	0	1	692
CY207734.1	701	1516	1	0	1	701
CY207734.1	708	1511	0	1	1	1511
CY207734.1	735	1095	1	0	1	735
CY207734.1	738	999	0	1	1	999
CY207734.1	742	1685	0	1	1	1685
CY207734.1	746	1619	0	1	1	1619
CY207734.1	747	1156	0	1	1	1156
CY207734.1	757	1067	0	1	1	1067
CY207734.1	778	1159	0	1	1	1159
CY207734.1	783	895	1	0	1	783
CY207734.1	800	1694	0	1	1	1694
CY207734.1	803	1338	0	1	1	1338
CY207734.1	808	1541	1	0	1	808
CY207734.1	812	1184	1	0	1	812
CY207734.1	814	1234	0	1	1	1234
CY207734.1	821	1035	0	1	1	1035
CY207734.1	823	1373	0	1	1	1373
CY207734.1	828	891	1	1	2	828
CY207734.1	832	916	0	1	1	916
CY207734.1	837	1572	1	0	1	837
CY207734.1	840	1544	0	1	1	1544
CY207734.1	841	1310	1	0	1	841
CY207734.1	845	1606	0	1	1	1606
CY207734.1	845	964	0	1	1	964
CY207734.1	848	1181	0	1	1	1181
CY207734.1	862	1192	1	0	1	862
CY207734.1	893	1371	1	0	1	893
CY207734.1	893	1511	0	1	1	1511
CY207734.1	906	955	2	1	3	906
CY207734.1	924	1678	0	1	1	1678
CY207734.1	928	1121	0	1	1	1121
CY207734.1	954	1074	1	0	1	954
CY207734.1	972	1448	0	1	1	1448
CY207734.1	986	1114	0	1	1	1114
CY207734.1	986	1359	1	0	1	986
CY207735.1	288	914	3	0	3	288
CY207735.1	325	359	0	3	3	359
CY207735.1	411	475	0	1	1	475
CY207735.1	428	458	0	1	1	458
CY207735.1	471	641	0	1	1	641
CY207735.1	475	639	0	1	1	639
CY207735.1	479	636	0	1	1	636
CY207735.1	481	802	0	1	1	802
CY207735.1	482	633	0	1	1	633
CY207735.1	491	901	2	20	22	491
CY207735.1	511	740	12	60	72	511
CY207735.1	519	746	0	1	1	746
CY207735.1	579	851	3	3	6	579
CY207736.1	1002	2152	3	6	9	1002
CY207736.1	1043	2325	0	1	1	2325
CY207736.1	1046	1979	1	1	2	1046
CY207736.1	1073	2355	0	1	1	2355
CY207736.1	1075	1193	1	0	1	1075
CY207736.1	1076	1909	1	0	1	1076
CY207736.1	1079	1515	1	0	1	1079
CY207736.1	1079	1900	0	1	1	1900
CY207736.1	1086	1603	4	3	7	1086
CY207736.1	1091	2346	0	1	1	2346
CY207736.1	1092	1274	0	1	1	1274
CY207736.1	1095	2005	1	4	5	1095
CY207736.1	1100	2013	0	1	1	2013
CY207736.1	1101	1323	0	1	1	1323
CY207736.1	1104	2136	1	0	1	1104
CY207736.1	1105	1750	1	0	1	1105
CY207736.1	1121	2031	0	1	1	2031
CY207736.1	1122	1732	0	1	1	1732
CY207736.1	1130	1651	0	1	1	1651
CY207736.1	1139	1735	0	1	1	1735
CY207736.1	1208	1743	1	0	1	1208
CY207736.1	1224	1930	0	1	1	1930
CY207736.1	1241	1422	0	1	1	1422
CY207736.1	1257	2174	4	7	11	1257
CY207736.1	1274	1349	0	1	1	1349
CY207736.1	1360	1968	0	1	1	1968
CY207736.1	1371	2271	0	1	1	2271
CY207736.1	1449	1476	0	1	1	1476
CY207736.1	1464	1612	0	1	1	1612
CY207736.1	1566	1861	1	0	1	1566
CY207736.1	1568	1653	0	1	1	1653
CY207736.1	1586	2238	3	0	3	1586
CY207736.1	1635	2332	0	2	2	2332
CY207736.1	1664	1820	0	1	1	1820
CY207736.1	1675	2006	1	2	3	1675
CY207736.1	1752	1962	0	1	1	1962
CY207736.1	1812	2018	2	0	2	1812
CY207736.1	1834	2090	0	1	1	2090
CY207736.1	1839	2376	0	1	1	2376
CY207736.1	1920	2043	0	1	1	2043
CY207736.1	1953	2274	0	3	3	2274
CY207736.1	1967	2019	0	1	1	2019
CY207736.1	1978	2222	4	2	6	1978
CY207736.1	2013	2074	3	2	5	2013
CY207736.1	2062	2273	1	0	1	2062
CY207736.1	2105	2346	0	1	1	2346
CY207736.1	2151	2270	3	1	4	2151
CY207736.1	2166	2228	0	1	1	2228
CY207736.1	2257	2319	0	1	1	2319
CY207736.1	248	2218	1	0	1	248
CY207736.1	262	1249	1	0	1	262
CY207736.1	272	1259	1	0	1	272
CY207736.1	273	1376	1	0	1	273
CY207736.1	276	2213	1	0	1	276
CY207736.1	280	368	2	1	3	280
CY207736.1	282	1718	1	0	1	282
CY207736.1	283	2226	2	0	2	283
CY207736.1	284	2238	4	0	4	284
CY207736.1	286	418	1	0	1	286
CY207736.1	297	1742	1	0	1	297
CY207736.1	307	1578	1	0	1	307
CY207736.1	327	2217	1	0	1	327
CY207736.1	333	2112	0	5	5	2112
CY207736.1	334	2028	2	4	6	334
CY207736.1	334	2238	1	0	1	334
CY207736.1	336	1401	1	0	1	336
CY207736.1	336	362	1	0	1	336
CY207736.1	351	1010	1	0	1	351
CY207736.1	366	1713	0	1	1	1713
CY207736.1	369	2152	0	1	1	2152
CY207736.1	375	2180	0	1	1	2180
CY207736.1	385	2155	2	11	13	385
CY207736.1	394	744	1	0	1	394
CY207736.1	400	1404	0	1	1	1404
CY207736.1	414	1694	0	1	1	1694
CY207736.1	430	1637	0	1	1	1637
CY207736.1	431	934	0	1	1	934
CY207736.1	435	2134	0	1	1	2134
CY207736.1	443	1198	1	0	1	443
CY207736.1	443	2156	0	9	9	2156
CY207736.1	454	2043	2	4	6	454
CY207736.1	462	1702	1	0	1	462
CY207736.1	474	504	1	1	2	474
CY207736.1	479	1965	1	1	2	479
CY207736.1	482	2063	0	1	1	2063
CY207736.1	483	1301	1	0	1	483
CY207736.1	483	1465	1	0	1	483
CY207736.1	483	2010	5	4	9	483
CY207736.1	483	2168	0	1	1	2168
CY207736.1	486	705	1	0	1	486
CY207736.1	488	618	1	0	1	488
CY207736.1	493	1562	3	0	3	493
CY207736.1	499	2026	0	2	2	2026
CY207736.1	504	1724	1	0	1	504
CY207736.1	513	2257	0	1	1	2257
CY207736.1	528	870	1	0	1	528
CY207736.1	538	2028	3	2	5	538
CY207736.1	547	900	0	1	1	900
CY207736.1	550	1179	0	1	1	1179
CY207736.1	554	1877	8	2	10	554
CY207736.1	555	1955	3	0	3	555
CY207736.1	555	1965	2	1	3	555
CY207736.1	555	2028	0	1	1	2028
CY207736.1	564	2035	2	1	3	564
CY207736.1	564	904	7	0	7	564
CY207736.1	581	2042	4	8	12	581
CY207736.1	589	622	1	0	1	589
CY207736.1	612	1871	1	1	2	612
CY207736.1	619	1303	1	0	1	619
CY207736.1	623	1557	1	0	1	623
CY207736.1	625	960	1	0	1	625
CY207736.1	628	1753	6	7	13	628
CY207736.1	637	2212	1	0	1	637
CY207736.1	638	2166	1	0	1	638
CY207736.1	641	1557	0	1	1	1557
CY207736.1	641	2216	1	0	1	641
CY207736.1	643	2218	11	5	16	643
CY207736.1	647	1934	4	6	10	647
CY207736.1	648	1814	1	0	1	648
CY207736.1	653	947	2	0	2	653
CY207736.1	664	2057	4	2	6	664
CY207736.1	665	2057	0	1	1	2057
CY207736.1	672	1634	1	0	1	672
CY207736.1	675	1333	0	1	1	1333
CY207736.1	675	806	0	1	1	806
CY207736.1	676	2123	1	0	1	676
CY207736.1	689	771	1	0	1	689
CY207736.1	692	1883	3	3	6	692
CY207736.1	692	2183	0	2	2	2183
CY207736.1	696	1886	0	2	2	1886
CY207736.1	696	779	0	1	1	779
CY207736.1	711	1498	4	0	4	711
CY207736.1	723	1994	2	2	4	723
CY207736.1	723	900	1	0	1	723
CY207736.1	727	1958	0	1	1	1958
CY207736.1	731	1679	1	0	1	731
CY207736.1	745	2035	1	0	1	745
CY207736.1	751	1900	1	0	1	751
CY207736.1	773	1458	1	0	1	773
CY207736.1	811	1729	1	0	1	811
CY207736.1	812	1739	4	8	12	812
CY207736.1	812	853	1	0	1	812
CY207736.1	813	1863	1	0	1	813
CY207736.1	814	1710	4	1	5	814
CY207736.1	823	1719	1	0	1	823
CY207736.1	825	1003	0	1	1	1003
CY207736.1	833	1543	1	0	1	833
CY207736.1	848	1759	1	0	1	848
CY207736.1	848	1956	0	1	1	1956
CY207736.1	862	1043	0	1	1	1043
CY207736.1	865	1974	0	2	2	1974
CY207736.1	869	1104	1	0	1	869
CY207736.1	873	1562	0	1	1	1562
CY207736.1	884	984	1	0	1	884
CY207736.1	885	1202	1	0	1	885
CY207736.1	896	1900	0	1	1	1900
CY207736.1	901	1448	0	1	1	1448
CY207736.1	910	1745	0	3	3	1745
CY207736.1	925	1560	0	1	1	1560
CY207736.1	929	1258	0	1	1	1258
CY207736.1	939	1640	0	1	1	1640
CY207736.1	946	2365	0	1	1	2365
CY207736.1	985	1120	0	1	1	1120
CY207736.1	995	1530	0	1	1	1530
CY207737.1	1002	2254	0	1	1	2254
CY207737.1	1003	2096	0	1	1	2096
CY207737.1	1019	2299	1	0	1	1019
CY207737.1	1020	1937	0	1	1	1937
CY207737.1	1031	2408	0	1	1	2408
CY207737.1	1050	1392	0	1	1	1392
CY207737.1	1094	1744	1	0	1	1094
CY207737.1	1159	1927	1	0	1	1159
CY207737.1	1162	2141	0	1	1	2141
CY207737.1	1250	1281	0	1	1	1281
CY207737.1	1285	1688	1	0	1	1285
CY207737.1	1291	2273	1	0	1	1291
CY207737.1	1293	2346	1	0	1	1293
CY207737.1	1346	2231	0	1	1	2231
CY207737.1	1377	1492	1	0	1	1377
CY207737.1	1435	1757	1	0	1	1435
CY207737.1	1464	2082	0	1	1	2082
CY207737.1	1532	1966	1	0	1	1532
CY207737.1	1581	2008	0	3	3	2008
CY207737.1	1622	2064	1	0	1	1622
CY207737.1	1637	1966	1	0	1	1637
CY207737.1	1766	2418	1	0	1	1766
CY207737.1	1788	2150	0	1	1	2150
CY207737.1	1838	2255	1	0	1	1838
CY207737.1	1856	2128	0	1	1	2128
CY207737.1	1958	2340	1	0	1	1958
CY207737.1	1959	2235	0	1	1	2235
CY207737.1	2052	2140	5	0	5	2052
CY207737.1	2059	2355	0	1	1	2355
CY207737.1	2076	2317	1	0	1	2076
CY207737.1	2216	2284	1	0	1	2216
CY207737.1	2280	2378	1	0	1	2280
CY207737.1	2372	2395	1	0	1	2372
CY207737.1	241	294	6	0	6	241
CY207737.1	242	295	1	0	1	242
CY207737.1	245	1251	1	0	1	245
CY207737.1	339	2185	0	1	1	2185
CY207737.1	358	2210	1	0	1	358
CY207737.1	361	1516	1	0	1	361
CY207737.1	373	417	1	0	1	373
CY207737.1	388	2226	7	15	22	388
CY207737.1	390	421	1	0	1	390
CY207737.1	394	418	0	1	1	418
CY207737.1	401	426	1	0	1	401
CY207737.1	405	2233	0	1	1	2233
CY207737.1	438	2286	1	0	1	438
CY207737.1	443	1231	1	0	1	443
CY207737.1	447	2276	1	1	2	447
CY207737.1	447	745	1	0	1	447
CY207737.1	462	1611	0	1	1	1611
CY207737.1	466	2298	0	1	1	2298
CY207737.1	469	2135	1	9	10	469
CY207737.1	472	1523	1	0	1	472
CY207737.1	475	872	1	0	1	475
CY207737.1	477	2166	3	4	7	477
CY207737.1	478	2149	0	1	1	2149
CY207737.1	489	2368	1	0	1	489
CY207737.1	494	2373	1	0	1	494
CY207737.1	515	2227	0	1	1	2227
CY207737.1	521	2014	4	2	6	521
CY207737.1	528	561	0	1	1	561
CY207737.1	538	1420	1	0	1	538
CY207737.1	543	769	1	0	1	543
CY207737.1	554	1379	1	0	1	554
CY207737.1	560	930	1	0	1	560
CY207737.1	566	2016	2	0	2	566
CY207737.1	566	2019	3	2	5	566
CY207737.1	597	1045	1	0	1	597
CY207737.1	604	766	0	1	1	766
CY207737.1	616	647	0	1	1	647
CY207737.1	630	1207	1	0	1	630
CY207737.1	632	2148	0	1	1	2148
CY207737.1	674	1712	1	0	1	674
CY207737.1	680	2281	1	0	1	680
CY207737.1	708	1730	3	4	7	708
CY207737.1	719	941	0	1	1	941
CY207737.1	734	1768	0	1	1	1768
CY207737.1	737	1645	1	0	1	737
CY207737.1	751	2080	0	1	1	2080
CY207737.1	770	1527	0	1	1	1527
CY207737.1	774	1465	1	0	1	774
CY207737.1	782	1083	1	0	1	782
CY207737.1	785	1389	1	0	1	785
CY207737.1	785	1799	5	4	9	785
CY207737.1	795	994	0	1	1	994
CY207737.1	803	1821	2	3	5	803
CY207737.1	806	2317	0	1	1	2317
CY207737.1	829	1489	1	0	1	829
CY207737.1	829	1802	0	6	6	1802
CY207737.1	831	1023	1	0	1	831
CY207737.1	832	1808	0	6	6	1808
CY207737.1	893	2278	1	0	1	893
CY207737.1	898	2282	0	1	1	2282
CY207737.1	907	1881	0	6	6	1881
CY207737.1	916	2310	1	0	1	916
CY207737.1	953	1236	0	1	1	1236
CY207737.1	983	1163	0	1	1	1163
CY207737.1	983	2294	1	0	1	983
CY207738.1	1001	1416	0	1	1	1416
CY207738.1	1033	2433	0	1	1	2433
CY207738.1	1044	2344	1	0	1	1044
CY207738.1	1088	1540	1	0	1	1088
CY207738.1	1108	1322	1	0	1	1108
CY207738.1	1142	1225	0	1	1	1225
CY207738.1	1146	1185	1	0	1	1146
CY207738.1	1226	2311	1	0	1	1226
CY207738.1	1264	1289	1	0	1	1264
CY207738.1	1265	1488	1	2	3	1265
CY207738.1	1287	1443	0	1	1	1443
CY207738.1	1299	2047	0	1	1	2047
CY207738.1	1318	2171	0	1	1	2171
CY207738.1	1322	1653	1	0	1	1322
CY207738.1	1322	1750	0	1	1	1750
CY207738.1	1365	1449	1	2	3	1365
CY207738.1	1375	1402	1	0	1	1375
CY207738.1	1393	2336	0	1	1	2336
CY207738.1	1438	2401	1	0	1	1438
CY207738.1	1469	2409	1	0	1	1469
CY207738.1	1480	2192	1	0	1	1480
CY207738.1	1483	2295	0	1	1	2295
CY207738.1	1598	1992	0	1	1	1992
CY207738.1	1607	2228	0	1	1	2228
CY207738.1	1625	1687	0	1	1	1687
CY207738.1	1678	1706	2	0	2	1678
CY207738.1	1687	2134	0	1	1	2134
CY207738.1	1700	1733	1	1	2	1700
CY207738.1	1722	2073	1	0	1	1722
CY207738.1	1785	2354	0	1	1	2354
CY207738.1	1823	1924	0	1	1	1924
CY207738.1	1824	2394	0	1	1	2394
CY207738.1	1922	1950	0	1	1	1950
CY207738.1	2180	2395	1	0	1	2180
CY207738.1	2185	2380	1	0	1	2185
CY207738.1	2214	2252	1	0	1	2214
CY207738.1	2242	2406	1	0	1	2242
CY207738.1	247	2338	1	0	1	247
CY207738.1	250	1925	1	0	1	250
CY207738.1	262	585	1	0	1	262
CY207738.1	268	1524	1	0	1	268
CY207738.1	278	1827	1	1	2	278
CY207738.1	280	1992	1	0	1	280
CY207738.1	281	1311	1	0	1	281
CY207738.1	283	2341	1	0	1	283
CY207738.1	285	662	1	0	1	285
CY207738.1	288	407	1	0	1	288
CY207738.1	325	1293	0	1	1	1293
CY207738.1	325	1696	0	1	1	1696
CY207738.1	337	2413	1	0	1	337
CY207738.1	340	943	0	1	1	943
CY207738.1	344	1240	0	1	1	1240
CY207738.1	346	1330	0	1	1	1330
CY207738.1	346	2235	1	0	1	346
CY207738.1	347	485	0	1	1	485
CY207738.1	348	1397	0	1	1	1397
CY207738.1	357	2246	1	0	1	357
CY207738.1	360	1868	1	0	1	360
CY207738.1	369	422	1	0	1	369
CY207738.1	372	2237	2	0	2	372
CY207738.1	375	398	0	9	9	398
CY207738.1	376	2170	0	2	2	2170
CY207738.1	376	477	1	0	1	376
CY207738.1	378	2243	1	0	1	378
CY207738.1	381	1671	1	0	1	381
CY207738.1	384	2431	1	0	1	384
CY207738.1	386	2248	9	20	29	386
CY207738.1	386	2347	15	16	31	386
CY207738.1	391	1273	0	1	1	1273
CY207738.1	403	2334	3	6	9	403
CY207738.1	408	2379	2	0	2	408
CY207738.1	408	2387	0	1	1	2387
CY207738.1	414	2221	0	1	1	2221
CY207738.1	415	2215	3	18	21	415
CY207738.1	419	2313	4	7	11	419
CY207738.1	423	796	0	1	1	796
CY207738.1	428	2230	0	1	1	2230
CY207738.1	438	796	0	1	1	796
CY207738.1	446	2462	0	1	1	2462
CY207738.1	462	715	0	1	1	715
CY207738.1	468	1709	1	0	1	468
CY207738.1	469	832	1	0	1	469
CY207738.1	473	956	0	1	1	956
CY207738.1	475	2143	3	4	7	475
CY207738.1	478	1681	0	1	1	1681
CY207738.1	480	1883	2	0	2	480
CY207738.1	481	2153	0	1	1	2153
CY207738.1	483	2130	6	6	12	483
CY207738.1	484	1896	10	20	30	484
CY207738.1	494	1710	1	1	2	494
CY207738.1	503	1494	1	0	1	503
CY207738.1	516	1092	0	1	1	1092
CY207738.1	529	1754	1	0	1	529
CY207738.1	535	1129	0	1	1	1129
CY207738.1	536	2192	1	0	1	536
CY207738.1	546	2163	5	6	11	546
CY207738.1	556	1157	1	0	1	556
CY207738.1	562	2214	0	1	1	2214
CY207738.1	567	2099	2	2	4	567
CY207738.1	567	928	0	1	1	928
CY207738.1	577	1817	1	1	2	577
CY207738.1	580	2100	1	0	1	580
CY207738.1	584	1509	1	0	1	584
CY207738.1	586	1928	2	0	2	586
CY207738.1	615	814	1	0	1	615
CY207738.1	655	1252	0	2	2	1252
CY207738.1	663	1938	0	7	7	1938
CY207738.1	671	1270	1	0	1	671
CY207738.1	715	1696	0	1	1	1696
CY207738.1	732	1997	0	1	1	1997
CY207738.1	771	2043	0	1	1	2043
CY207738.1	773	2438	0	1	1	2438
CY207738.1	776	2000	1	0	1	776
CY207738.1	785	2322	1	0	1	785
CY207738.1	786	1306	0	1	1	1306
CY207738.1	797	1363	0	1	1	1363
CY207738.1	812	1158	0	1	1	1158
CY207738.1	816	1909	1	0	1	816
CY207738.1	824	1921	14	17	31	824
CY207738.1	833	1556	1	0	1	833
CY207738.1	833	1894	2	4	6	833
CY207738.1	840	1772	6	2	8	840
CY207738.1	848	1860	2	2	4	848
CY207738.1	862	1057	1	0	1	862
CY207738.1	868	1842	1	5	6	868
CY207738.1	896	1101	0	1	1	1101
CY207738.1	897	1225	1	0	1	897
CY207738.1	899	2228	0	1	1	2228
CY207738.1	922	1824	1	3	4	922
CY207738.1	925	1751	4	3	7	925
CY207738.1	928	951	0	1	1	951
CY207738.1	932	1713	3	3	6	932
CY207738.1	938	2416	1	0	1	938
CY207738.1	959	2077	0	1	1	2077
CY207738.1	986	1832	2	5	7	986
CY207738.1	988	1936	2	1	3	988
