Segment	Start	Stop	Forward_support	Reverse_support	Total_support	Fuzz_factor
CY207731.1	1002	1290	1	0	1	1002
CY207731.1	1007	1695	0	1	1	1695
CY207731.1	1018	1192	1	0	1	1018
CY207731.1	1138	1169	0	1	1	1169
CY207731.1	1138	1771	0	1	1	1771
CY207731.1	1158	1237	1	0	1	1158
CY207731.1	1269	1512	1	0	1	1269
CY207731.1	1319	1659	0	1	1	1659
CY207731.1	1329	1413	1	0	1	1329
CY207731.1	1356	1429	1	0	1	1356
CY207731.1	1360	1561	0	1	1	1561
CY207731.1	1368	1519	1	0	1	1368
CY207731.1	1414	1666	2	9	11	1414
CY207731.1	1452	1769	0	1	1	1769
CY207731.1	1706	1893	0	5	5	1893
CY207731.1	1725	1787	0	1	1	1787
CY207731.1	289	1762	1	0	1	289
CY207731.1	290	403	1	0	1	290
CY207731.1	298	1365	0	1	1	1365
CY207731.1	337	1111	0	1	1	1111
CY207731.1	341	1775	1	0	1	341
CY207731.1	346	484	0	1	1	484
CY207731.1	347	1230	1	0	1	347
CY207731.1	389	1451	0	1	1	1451
CY207731.1	398	1745	1	0	1	398
CY207731.1	416	845	0	1	1	845
CY207731.1	425	692	0	1	1	692
CY207731.1	435	824	0	1	1	824
CY207731.1	439	1144	0	1	1	1144
CY207731.1	440	1330	0	1	1	1330
CY207731.1	444	1100	0	1	1	1100
CY207731.1	453	910	0	1	1	910
CY207731.1	457	961	0	1	1	961
CY207731.1	461	1350	1	0	1	461
CY207731.1	462	785	0	1	1	785
CY207731.1	466	1105	0	1	1	1105
CY207731.1	481	1468	1	0	1	481
CY207731.1	527	1727	1	0	1	527
CY207731.1	530	1755	1	0	1	530
CY207731.1	535	824	1	0	1	535
CY207731.1	554	1680	0	1	1	1680
CY207731.1	558	1658	1	0	1	558
CY207731.1	563	1491	1	0	1	563
CY207731.1	575	1451	1	0	1	575
CY207731.1	585	1554	0	1	1	1554
CY207731.1	596	1677	1	0	1	596
CY207731.1	602	1133	1	0	1	602
CY207731.1	605	866	1	0	1	605
CY207731.1	683	708	0	1	1	708
CY207731.1	685	1173	0	1	1	1173
CY207731.1	695	1365	0	1	1	1365
CY207731.1	700	1230	0	1	1	1230
CY207731.1	728	1348	0	1	1	1348
CY207731.1	734	1232	0	1	1	1232
CY207731.1	744	1843	0	1	1	1843
CY207731.1	786	813	0	1	1	813
CY207731.1	795	1751	1	0	1	795
CY207731.1	799	1281	0	1	1	1281
CY207731.1	801	1717	0	1	1	1717
CY207731.1	805	1495	1	0	1	805
CY207731.1	819	1303	0	1	1	1303
CY207731.1	832	1654	3	4	7	832
CY207731.1	855	976	0	1	1	976
CY207731.1	861	1204	0	1	1	1204
CY207731.1	863	924	0	1	1	924
CY207731.1	891	1104	1	0	1	891
CY207731.1	907	1479	0	1	1	1479
CY207731.1	948	1916	0	1	1	1916
CY207731.1	968	1054	1	0	1	968
CY207732.1	241	610	1	0	1	241
CY207732.1	275	848	10	0	10	275
CY207732.1	337	677	0	1	1	677
CY207732.1	343	890	0	1	1	890
CY207732.1	355	484	0	1	1	484
CY207732.1	355	901	1	0	1	355
CY207732.1	356	766	0	1	1	766
CY207732.1	367	865	0	1	1	865
CY207732.1	373	767	0	1	1	767
CY207732.1	392	773	0	1	1	773
CY207732.1	394	1061	0	1	1	1061
CY207732.1	396	765	1	0	1	396
CY207732.1	402	545	0	1	1	545
CY207732.1	412	631	1	0	1	412
CY207732.1	445	863	7	32	39	445
CY207732.1	458	790	0	1	1	790
CY207732.1	473	534	0	1	1	534
CY207732.1	490	1044	1	0	1	490
CY207732.1	500	1065	1	0	1	500
CY207732.1	513	650	0	1	1	650
CY207732.1	538	709	0	1	1	709
CY207732.1	548	836	1	0	1	548
CY207732.1	558	872	1	0	1	558
CY207732.1	572	769	1	0	1	572
CY207732.1	583	689	0	1	1	689
CY207732.1	586	851	0	1	1	851
CY207732.1	589	961	4	4	8	589
CY207732.1	597	765	0	1	1	765
CY207732.1	605	720	1	0	1	605
CY207732.1	647	786	0	1	1	786
CY207732.1	647	915	0	1	1	915
CY207732.1	654	839	1	0	1	654
CY207732.1	679	815	4	9	13	679
CY207732.1	680	936	10	7	17	680
CY207732.1	685	839	0	1	1	839
CY207732.1	697	1043	1	0	1	697
CY207732.1	713	774	0	1	1	774
CY207732.1	715	965	0	1	1	965
CY207732.1	718	860	2	10	12	718
CY207732.1	782	1091	0	1	1	1091
CY207732.1	782	1148	0	1	1	1148
CY207732.1	863	1031	0	1	1	1031
CY207732.1	875	1066	1	0	1	875
CY207732.1	880	1027	1	0	1	880
CY207732.1	923	990	1	0	1	923
CY207733.1	1294	1485	9	7	16	1294
CY207733.1	1308	1469	11	4	15	1308
CY207733.1	272	1543	1	0	1	272
CY207733.1	364	1366	0	1	1	1366
CY207733.1	365	1475	0	1	1	1475
CY207733.1	403	1063	1	0	1	403
CY207733.1	474	496	0	1	1	496
CY207733.1	577	1163	6	5	11	577
CY207733.1	591	712	0	1	1	712
CY207733.1	985	1506	1	0	1	985
CY207734.1	1093	1147	0	1	1	1147
CY207734.1	1250	1465	0	1	1	1465
CY207734.1	1330	1518	0	1	1	1518
CY207734.1	1341	1400	1	0	1	1341
CY207734.1	1421	1574	1	0	1	1421
CY207734.1	1442	1566	2	4	6	1442
CY207734.1	1460	1601	0	1	1	1601
CY207734.1	1469	1516	0	1	1	1516
CY207734.1	1512	1698	0	1	1	1698
CY207734.1	1647	1686	0	3	3	1686
CY207734.1	246	603	1	0	1	246
CY207734.1	346	1350	1	0	1	346
CY207734.1	346	817	1	0	1	346
CY207734.1	353	1255	0	1	1	1255
CY207734.1	365	1699	0	1	1	1699
CY207734.1	384	1570	0	1	1	1570
CY207734.1	400	995	1	0	1	400
CY207734.1	401	599	0	1	1	599
CY207734.1	401	661	0	1	1	661
CY207734.1	407	798	1	0	1	407
CY207734.1	435	974	0	1	1	974
CY207734.1	438	1153	1	0	1	438
CY207734.1	444	517	1	0	1	444
CY207734.1	446	1490	1	0	1	446
CY207734.1	452	1370	0	1	1	1370
CY207734.1	461	1368	0	1	1	1368
CY207734.1	461	1531	1	0	1	461
CY207734.1	465	705	0	1	1	705
CY207734.1	469	1581	0	1	1	1581
CY207734.1	481	1246	0	1	1	1246
CY207734.1	485	897	1	0	1	485
CY207734.1	518	677	1	0	1	518
CY207734.1	591	1049	1	0	1	591
CY207734.1	601	1054	1	0	1	601
CY207734.1	622	1013	1	0	1	622
CY207734.1	654	681	0	1	1	681
CY207734.1	657	1474	1	0	1	657
CY207734.1	682	1708	0	1	1	1708
CY207734.1	690	1139	0	1	1	1139
CY207734.1	718	776	1	0	1	718
CY207734.1	719	980	1	0	1	719
CY207734.1	720	875	5	1	6	720
CY207734.1	725	986	6	7	13	725
CY207734.1	745	1017	0	1	1	1017
CY207734.1	761	1037	0	1	1	1037
CY207734.1	765	1186	1	0	1	765
CY207734.1	768	983	0	1	1	983
CY207734.1	785	1230	1	0	1	785
CY207734.1	816	1588	0	1	1	1588
CY207734.1	837	1461	0	1	1	1461
CY207734.1	884	1052	1	0	1	884
CY207734.1	937	959	1	0	1	937
CY207734.1	942	1293	0	1	1	1293
CY207735.1	366	841	7	22	29	366
CY207735.1	397	552	0	1	1	552
CY207735.1	475	707	1	0	1	475
CY207735.1	511	740	34	73	107	511
CY207735.1	519	746	0	2	2	746
CY207735.1	596	681	1	0	1	596
CY207735.1	627	711	0	1	1	711
CY207736.1	1009	1665	1	0	1	1009
CY207736.1	1049	1945	1	0	1	1049
CY207736.1	1075	2043	0	1	1	2043
CY207736.1	1105	2082	1	0	1	1105
CY207736.1	1162	1354	1	0	1	1162
CY207736.1	1202	1369	1	0	1	1202
CY207736.1	1324	1563	0	1	1	1563
CY207736.1	1345	1993	0	1	1	1993
CY207736.1	1355	2232	1	0	1	1355
CY207736.1	1366	1972	1	0	1	1366
CY207736.1	1458	1956	0	1	1	1956
CY207736.1	1461	1662	1	0	1	1461
CY207736.1	1494	1913	0	1	1	1913
CY207736.1	1608	1884	1	0	1	1608
CY207736.1	1756	2115	0	1	1	2115
CY207736.1	1789	2006	2	7	9	1789
CY207736.1	1790	2007	1	0	1	1790
CY207736.1	1854	1996	1	2	3	1854
CY207736.1	1875	2177	0	1	1	2177
CY207736.1	1895	1941	0	1	1	1941
CY207736.1	2075	2175	1	0	1	2075
CY207736.1	2091	2152	3	6	9	2091
CY207736.1	2108	2190	0	1	1	2190
CY207736.1	2133	2188	1	0	1	2133
CY207736.1	268	2042	1	0	1	268
CY207736.1	311	337	1	1	2	311
CY207736.1	335	2224	2	2	4	335
CY207736.1	354	1039	0	1	1	1039
CY207736.1	361	1256	0	1	1	1256
CY207736.1	423	819	0	1	1	819
CY207736.1	433	1008	0	1	1	1008
CY207736.1	481	1730	0	1	1	1730
CY207736.1	487	1040	1	0	1	487
CY207736.1	490	2064	1	0	1	490
CY207736.1	500	2064	22	20	42	500
CY207736.1	511	895	1	0	1	511
CY207736.1	519	652	1	0	1	519
CY207736.1	529	2009	14	4	18	529
CY207736.1	538	1895	0	1	1	1895
CY207736.1	544	1059	1	0	1	544
CY207736.1	565	2236	0	1	1	2236
CY207736.1	586	730	0	1	1	730
CY207736.1	648	985	0	1	1	985
CY207736.1	695	1942	0	1	1	1942
CY207736.1	696	779	0	1	1	779
CY207736.1	726	913	2	4	6	726
CY207736.1	736	966	0	1	1	966
CY207736.1	743	2110	1	0	1	743
CY207736.1	745	943	0	1	1	943
CY207736.1	764	2043	1	0	1	764
CY207736.1	780	1464	1	0	1	780
CY207736.1	784	1688	0	1	1	1688
CY207736.1	801	1374	1	0	1	801
CY207736.1	842	1481	0	1	1	1481
CY207736.1	878	1977	2	18	20	878
CY207736.1	895	1863	0	1	1	1863
CY207736.1	917	1453	1	0	1	917
CY207736.1	950	1757	1	0	1	950
CY207736.1	977	1122	0	1	1	1122
CY207736.1	981	1019	0	1	1	1019
CY207737.1	1056	1086	1	0	1	1056
CY207737.1	1089	2047	1	0	1	1089
CY207737.1	1134	2466	0	1	1	2466
CY207737.1	1158	1501	1	0	1	1158
CY207737.1	1242	1677	0	1	1	1677
CY207737.1	1273	2059	8	8	16	1273
CY207737.1	1280	2069	0	1	1	2069
CY207737.1	1349	1862	0	1	1	1862
CY207737.1	1639	1821	1	0	1	1639
CY207737.1	1700	2231	1	0	1	1700
CY207737.1	323	2215	0	1	1	2215
CY207737.1	341	1501	1	0	1	341
CY207737.1	358	1917	1	0	1	358
CY207737.1	374	968	1	0	1	374
CY207737.1	396	1552	0	1	1	1552
CY207737.1	432	2344	1	0	1	432
CY207737.1	440	1326	1	0	1	440
CY207737.1	462	2229	8	45	53	462
CY207737.1	482	1372	0	1	1	1372
CY207737.1	536	1617	0	1	1	1617
CY207737.1	603	1271	1	0	1	603
CY207737.1	743	1094	0	1	1	1094
CY207737.1	751	1245	1	0	1	751
CY207737.1	794	1657	1	0	1	794
CY207737.1	841	1508	0	1	1	1508
CY207737.1	923	2130	0	1	1	2130
CY207737.1	949	2447	0	1	1	2447
CY207737.1	993	1935	1	0	1	993
CY207738.1	1004	1738	1	0	1	1004
CY207738.1	1012	1427	1	0	1	1012
CY207738.1	1030	1388	0	1	1	1388
CY207738.1	1108	1709	1	0	1	1108
CY207738.1	1200	1450	0	1	1	1450
CY207738.1	1217	2480	0	1	1	2480
CY207738.1	1221	1355	0	1	1	1355
CY207738.1	1236	2120	1	0	1	1236
CY207738.1	1268	2369	1	0	1	1268
CY207738.1	1278	1306	0	1	1	1306
CY207738.1	1286	1848	0	1	1	1848
CY207738.1	1295	1528	1	0	1	1295
CY207738.1	1322	2121	1	0	1	1322
CY207738.1	1334	2292	1	0	1	1334
CY207738.1	1437	1502	0	1	1	1502
CY207738.1	1465	1817	0	1	1	1817
CY207738.1	1469	1770	0	1	1	1770
CY207738.1	1469	2171	0	1	1	2171
CY207738.1	1499	2245	0	1	1	2245
CY207738.1	1573	1868	1	0	1	1573
CY207738.1	1605	1659	0	1	1	1659
CY207738.1	1652	1776	1	0	1	1652
CY207738.1	1675	2191	0	1	1	2191
CY207738.1	1724	2192	1	0	1	1724
CY207738.1	1748	2148	0	1	1	2148
CY207738.1	1790	2139	1	0	1	1790
CY207738.1	1913	2396	1	0	1	1913
CY207738.1	1935	2254	1	0	1	1935
CY207738.1	1998	2305	1	0	1	1998
CY207738.1	2204	2480	0	1	1	2480
CY207738.1	238	580	1	0	1	238
CY207738.1	251	883	1	0	1	251
CY207738.1	255	1382	1	0	1	255
CY207738.1	335	743	0	1	1	743
CY207738.1	339	1235	0	1	1	1235
CY207738.1	344	1240	1	0	1	344
CY207738.1	344	1327	1	0	1	344
CY207738.1	346	2235	0	1	1	2235
CY207738.1	347	1246	0	1	1	1246
CY207738.1	349	2262	1	0	1	349
CY207738.1	350	1846	1	0	1	350
CY207738.1	357	2142	0	1	1	2142
CY207738.1	357	2246	1	0	1	357
CY207738.1	373	1251	0	1	1	1251
CY207738.1	380	1267	0	1	1	1267
CY207738.1	390	1756	0	1	1	1756
CY207738.1	415	707	0	1	1	707
CY207738.1	418	2212	0	1	1	2212
CY207738.1	425	2306	0	1	1	2306
CY207738.1	445	2128	0	1	1	2128
CY207738.1	471	1526	1	0	1	471
CY207738.1	508	2002	0	1	1	2002
CY207738.1	528	1656	1	0	1	528
CY207738.1	547	2349	0	1	1	2349
CY207738.1	635	1953	0	1	1	1953
CY207738.1	656	2159	0	1	1	2159
CY207738.1	732	841	1	0	1	732
CY207738.1	771	1522	1	0	1	771
CY207738.1	797	2325	4	1	5	797
CY207738.1	830	1376	0	1	1	1376
CY207738.1	844	1422	1	0	1	844
CY207738.1	873	1711	0	1	1	1711
CY207738.1	896	1101	1	0	1	896
CY207738.1	925	1794	0	1	1	1794
CY207738.1	938	1678	0	1	1	1678
CY207738.1	958	1778	0	1	1	1778
CY207738.1	960	2450	0	1	1	2450
CY207738.1	968	1547	1	0	1	968
CY207738.1	976	1308	2	1	3	976
CY207738.1	992	2270	0	1	1	2270
