Segment	Start	Stop	Forward_support	Reverse_support	Total_support	Fuzz_factor
CY207731.1	1002	1605	0	1	1	1605
CY207731.1	1019	1375	1	0	1	1019
CY207731.1	1069	1163	1	0	1	1069
CY207731.1	1103	1152	0	1	1	1152
CY207731.1	1131	1260	1	0	1	1131
CY207731.1	1132	1663	1	0	1	1132
CY207731.1	1157	1550	1	0	1	1157
CY207731.1	1158	1259	1	0	1	1158
CY207731.1	1183	1605	1	0	1	1183
CY207731.1	1189	1686	0	1	1	1686
CY207731.1	1192	1277	0	1	1	1277
CY207731.1	1208	1431	0	1	1	1431
CY207731.1	1212	1692	0	1	1	1692
CY207731.1	1217	1538	1	0	1	1217
CY207731.1	1217	1859	1	0	1	1217
CY207731.1	1232	1803	1	0	1	1232
CY207731.1	1246	1369	0	1	1	1369
CY207731.1	1263	1697	1	0	1	1263
CY207731.1	1264	1814	1	0	1	1264
CY207731.1	1328	1729	0	1	1	1729
CY207731.1	1334	1652	1	0	1	1334
CY207731.1	1337	1495	0	1	1	1495
CY207731.1	1354	1694	0	1	1	1694
CY207731.1	1357	1416	0	1	1	1416
CY207731.1	1376	1536	1	0	1	1376
CY207731.1	1409	1907	0	1	1	1907
CY207731.1	1428	1463	0	1	1	1463
CY207731.1	1430	1716	1	0	1	1430
CY207731.1	1495	1815	0	1	1	1815
CY207731.1	1519	1658	1	0	1	1519
CY207731.1	1620	1662	1	0	1	1620
CY207731.1	1621	1704	1	0	1	1621
CY207731.1	1641	1822	0	1	1	1822
CY207731.1	1684	1763	1	0	1	1684
CY207731.1	1701	1744	0	1	1	1744
CY207731.1	1706	1893	0	1	1	1893
CY207731.1	1858	1900	0	1	1	1900
CY207731.1	260	1798	2	0	2	260
CY207731.1	274	1442	1	0	1	274
CY207731.1	278	418	21	4	25	278
CY207731.1	280	420	1	0	1	280
CY207731.1	289	1309	1	0	1	289
CY207731.1	294	1314	1	0	1	294
CY207731.1	310	1229	1	0	1	310
CY207731.1	341	1289	1	0	1	341
CY207731.1	369	1411	1	1	2	369
CY207731.1	382	1481	0	1	1	1481
CY207731.1	386	669	0	2	2	669
CY207731.1	399	1370	1	0	1	399
CY207731.1	429	715	0	1	1	715
CY207731.1	431	781	0	1	1	781
CY207731.1	432	1284	1	0	1	432
CY207731.1	433	1239	3	0	3	433
CY207731.1	436	934	0	1	1	934
CY207731.1	442	1378	0	2	2	1378
CY207731.1	445	494	0	1	1	494
CY207731.1	448	1460	0	1	1	1460
CY207731.1	449	1375	2	4	6	449
CY207731.1	453	1308	1	0	1	453
CY207731.1	454	1505	1	0	1	454
CY207731.1	460	1359	1	0	1	460
CY207731.1	464	1014	1	0	1	464
CY207731.1	470	1020	0	1	1	1020
CY207731.1	473	609	0	1	1	609
CY207731.1	476	1660	6	16	22	476
CY207731.1	477	985	0	2	2	985
CY207731.1	484	1217	1	0	1	484
CY207731.1	486	946	1	0	1	486
CY207731.1	489	978	1	5	6	489
CY207731.1	490	1874	0	1	1	1874
CY207731.1	490	603	0	1	1	603
CY207731.1	492	1308	2	1	3	492
CY207731.1	494	999	3	1	4	494
CY207731.1	496	846	1	0	1	496
CY207731.1	510	1149	0	1	1	1149
CY207731.1	518	1347	2	0	2	518
CY207731.1	524	1485	0	1	1	1485
CY207731.1	526	1106	0	1	1	1106
CY207731.1	529	1414	1	0	1	529
CY207731.1	533	1503	0	1	1	1503
CY207731.1	537	1008	1	0	1	537
CY207731.1	541	1517	1	1	2	541
CY207731.1	541	1793	2	0	2	541
CY207731.1	545	1265	1	0	1	545
CY207731.1	547	1061	1	1	2	547
CY207731.1	549	1368	0	1	1	1368
CY207731.1	550	1638	0	1	1	1638
CY207731.1	561	1018	1	1	2	561
CY207731.1	562	1396	1	1	2	562
CY207731.1	563	1917	0	1	1	1917
CY207731.1	565	1641	2	1	3	565
CY207731.1	566	914	1	0	1	566
CY207731.1	568	1204	2	1	3	568
CY207731.1	574	601	1	0	1	574
CY207731.1	601	1590	0	1	1	1590
CY207731.1	616	1131	1	0	1	616
CY207731.1	616	650	0	1	1	650
CY207731.1	620	1124	0	1	1	1124
CY207731.1	622	1261	1	0	1	622
CY207731.1	651	1230	0	1	1	1230
CY207731.1	675	1483	0	1	1	1483
CY207731.1	700	1590	1	0	1	700
CY207731.1	737	1304	1	1	2	737
CY207731.1	753	853	0	1	1	853
CY207731.1	766	1774	0	1	1	1774
CY207731.1	775	1563	0	1	1	1563
CY207731.1	782	1293	1	0	1	782
CY207731.1	794	1613	0	1	1	1613
CY207731.1	799	1754	1	0	1	799
CY207731.1	811	1654	0	1	1	1654
CY207731.1	817	884	0	1	1	884
CY207731.1	823	1879	0	2	2	1879
CY207731.1	920	1643	1	0	1	920
CY207731.1	987	1499	1	0	1	987
CY207732.1	1009	1149	1	0	1	1009
CY207732.1	251	953	1	0	1	251
CY207732.1	254	548	3	0	3	254
CY207732.1	258	572	1	0	1	258
CY207732.1	263	1067	2	0	2	263
CY207732.1	268	550	11	0	11	268
CY207732.1	275	657	2	0	2	275
CY207732.1	275	848	9	0	9	275
CY207732.1	276	849	1	0	1	276
CY207732.1	276	983	1	0	1	276
CY207732.1	283	334	1	0	1	283
CY207732.1	287	583	1	0	1	287
CY207732.1	294	838	1	0	1	294
CY207732.1	311	857	1	0	1	311
CY207732.1	316	1048	1	1	2	316
CY207732.1	319	839	1	0	1	319
CY207732.1	321	802	0	1	1	802
CY207732.1	337	920	0	1	1	920
CY207732.1	347	573	0	2	2	573
CY207732.1	348	707	0	1	1	707
CY207732.1	358	840	0	1	1	840
CY207732.1	381	792	0	1	1	792
CY207732.1	394	856	0	1	1	856
CY207732.1	397	934	1	0	1	397
CY207732.1	400	684	0	1	1	684
CY207732.1	403	674	1	0	1	403
CY207732.1	405	1016	0	1	1	1016
CY207732.1	405	1028	0	1	1	1028
CY207732.1	411	763	1	0	1	411
CY207732.1	419	533	0	1	1	533
CY207732.1	419	706	0	2	2	706
CY207732.1	420	1170	0	1	1	1170
CY207732.1	425	861	0	2	2	861
CY207732.1	426	696	1	0	1	426
CY207732.1	428	828	1	0	1	428
CY207732.1	434	678	0	2	2	678
CY207732.1	434	813	0	2	2	813
CY207732.1	445	680	0	1	1	680
CY207732.1	445	815	0	1	1	815
CY207732.1	445	863	1	2	3	445
CY207732.1	445	935	1	0	1	445
CY207732.1	447	821	0	1	1	821
CY207732.1	453	531	0	1	1	531
CY207732.1	483	627	0	1	1	627
CY207732.1	487	853	1	0	1	487
CY207732.1	488	918	0	1	1	918
CY207732.1	494	520	0	1	1	520
CY207732.1	499	673	0	1	1	673
CY207732.1	501	803	0	1	1	803
CY207732.1	502	883	0	1	1	883
CY207732.1	523	710	2	0	2	523
CY207732.1	525	1082	0	1	1	1082
CY207732.1	536	628	0	1	1	628
CY207732.1	538	1131	0	1	1	1131
CY207732.1	541	566	1	1	2	541
CY207732.1	543	669	0	1	1	669
CY207732.1	544	822	0	1	1	822
CY207732.1	566	622	1	1	2	566
CY207732.1	576	788	1	1	2	576
CY207732.1	584	687	0	1	1	687
CY207732.1	586	842	0	1	1	842
CY207732.1	589	862	3	4	7	589
CY207732.1	601	995	1	1	2	601
CY207732.1	629	688	0	1	1	688
CY207732.1	638	1151	0	1	1	1151
CY207732.1	656	1095	0	1	1	1095
CY207732.1	656	827	1	0	1	656
CY207732.1	667	862	0	1	1	862
CY207732.1	679	815	9	5	14	679
CY207732.1	679	863	1	0	1	679
CY207732.1	681	964	1	0	1	681
CY207732.1	685	839	1	6	7	685
CY207732.1	686	840	0	1	1	840
CY207732.1	699	777	0	1	1	777
CY207732.1	703	907	1	0	1	703
CY207732.1	715	965	0	2	2	965
CY207732.1	716	789	1	0	1	716
CY207732.1	716	969	1	0	1	716
CY207732.1	718	860	4	5	9	718
CY207732.1	718	959	1	0	1	718
CY207732.1	720	905	1	0	1	720
CY207732.1	721	862	0	1	1	862
CY207732.1	749	872	0	1	1	872
CY207732.1	760	1080	0	1	1	1080
CY207732.1	790	833	0	1	1	833
CY207732.1	792	862	0	1	1	862
CY207732.1	797	1080	0	1	1	1080
CY207732.1	817	866	0	1	1	866
CY207732.1	824	963	1	0	1	824
CY207732.1	826	1062	1	0	1	826
CY207732.1	869	971	0	1	1	971
CY207732.1	870	1057	1	0	1	870
CY207732.1	873	1059	1	0	1	873
CY207732.1	881	1012	0	1	1	1012
CY207732.1	919	1016	1	0	1	919
CY207732.1	933	1019	0	1	1	1019
CY207733.1	1278	1305	0	1	1	1305
CY207733.1	1487	1572	0	2	2	1572
CY207733.1	270	1493	2	0	2	270
CY207733.1	270	1506	69	0	69	270
CY207733.1	271	1375	1	0	1	271
CY207733.1	275	844	2	0	2	275
CY207733.1	283	1269	1	0	1	283
CY207733.1	307	938	2	0	2	307
CY207733.1	315	1360	1	0	1	315
CY207733.1	317	1383	1	0	1	317
CY207733.1	318	1464	1	3	4	318
CY207733.1	319	1147	1	0	1	319
CY207733.1	331	1571	0	2	2	1571
CY207733.1	333	1243	0	2	2	1243
CY207733.1	337	1428	2	0	2	337
CY207733.1	382	1233	0	1	1	1233
CY207733.1	382	1311	0	1	1	1311
CY207733.1	386	1122	0	1	1	1122
CY207733.1	387	1450	1	0	1	387
CY207733.1	401	1568	0	1	1	1568
CY207733.1	436	1452	8	2	10	436
CY207733.1	442	708	0	1	1	708
CY207733.1	458	765	1	0	1	458
CY207733.1	501	1401	0	2	2	1401
CY207733.1	531	1495	0	2	2	1495
CY207733.1	539	1105	1	0	1	539
CY207733.1	571	1147	0	1	1	1147
CY207733.1	579	1073	1	0	1	579
CY207733.1	620	1296	1	0	1	620
CY207733.1	654	1081	1	0	1	654
CY207733.1	657	928	1	0	1	657
CY207733.1	671	1502	0	1	1	1502
CY207733.1	697	1043	1	0	1	697
CY207733.1	701	861	0	1	1	861
CY207733.1	702	1323	0	1	1	1323
CY207733.1	764	1353	0	1	1	1353
CY207733.1	774	802	1	0	1	774
CY207733.1	786	866	1	0	1	786
CY207733.1	851	1092	1	0	1	851
CY207733.1	967	1007	1	0	1	967
CY207734.1	1002	1491	1	0	1	1002
CY207734.1	1013	1038	0	1	1	1038
CY207734.1	1065	1720	0	1	1	1720
CY207734.1	1114	1553	0	1	1	1553
CY207734.1	1395	1597	1	0	1	1395
CY207734.1	1421	1544	0	1	1	1544
CY207734.1	1442	1566	0	1	1	1566
CY207734.1	1479	1502	1	0	1	1479
CY207734.1	1501	1543	1	0	1	1501
CY207734.1	1651	1695	0	1	1	1695
CY207734.1	256	1542	1	0	1	256
CY207734.1	280	1364	1	0	1	280
CY207734.1	308	641	1	0	1	308
CY207734.1	311	378	0	1	1	378
CY207734.1	346	1588	0	1	1	1588
CY207734.1	358	1480	0	1	1	1480
CY207734.1	360	1473	0	2	2	1473
CY207734.1	372	894	0	1	1	894
CY207734.1	373	1486	0	1	1	1486
CY207734.1	374	1484	1	0	1	374
CY207734.1	388	645	1	1	2	388
CY207734.1	397	619	0	1	1	619
CY207734.1	401	766	1	0	1	401
CY207734.1	402	1423	0	1	1	1423
CY207734.1	402	1696	0	1	1	1696
CY207734.1	402	467	0	1	1	467
CY207734.1	403	1381	0	1	1	1381
CY207734.1	411	851	1	0	1	411
CY207734.1	417	1551	0	1	1	1551
CY207734.1	421	940	0	1	1	940
CY207734.1	423	1132	0	1	1	1132
CY207734.1	423	773	0	1	1	773
CY207734.1	426	1362	0	1	1	1362
CY207734.1	443	535	0	1	1	535
CY207734.1	445	1378	0	1	1	1378
CY207734.1	446	493	0	1	1	493
CY207734.1	460	859	0	1	1	859
CY207734.1	510	1647	0	1	1	1647
CY207734.1	521	1422	0	1	1	1422
CY207734.1	522	1545	4	0	4	522
CY207734.1	532	1510	0	1	1	1510
CY207734.1	537	1713	0	2	2	1713
CY207734.1	554	1369	0	1	1	1369
CY207734.1	559	1270	0	1	1	1270
CY207734.1	559	1298	0	1	1	1298
CY207734.1	601	1008	1	0	1	601
CY207734.1	609	754	1	0	1	609
CY207734.1	617	1395	1	0	1	617
CY207734.1	617	1453	1	0	1	617
CY207734.1	683	1562	0	1	1	1562
CY207734.1	720	1233	1	0	1	720
CY207734.1	722	823	0	1	1	823
CY207734.1	732	1466	0	1	1	1466
CY207734.1	749	1047	0	1	1	1047
CY207734.1	757	1302	0	1	1	1302
CY207734.1	797	1372	1	0	1	797
CY207734.1	799	1602	0	1	1	1602
CY207734.1	810	1228	1	0	1	810
CY207734.1	815	1232	1	0	1	815
CY207734.1	829	1364	0	1	1	1364
CY207734.1	838	1115	0	1	1	1115
CY207734.1	876	1590	0	1	1	1590
CY207734.1	896	1186	1	0	1	896
CY207734.1	900	1686	0	1	1	1686
CY207734.1	906	955	1	1	2	906
CY207734.1	919	1468	0	1	1	1468
CY207734.1	949	1488	1	0	1	949
CY207734.1	958	1421	1	0	1	958
CY207734.1	961	1368	0	1	1	1368
CY207734.1	962	1048	1	1	2	962
CY207734.1	968	1006	0	1	1	1006
CY207734.1	971	1042	0	1	1	1042
CY207734.1	972	1388	1	0	1	972
CY207734.1	976	1509	2	0	2	976
CY207734.1	996	1539	0	1	1	1539
CY207734.1	997	1042	2	0	2	997
CY207735.1	254	955	1	0	1	254
CY207735.1	258	824	0	1	1	824
CY207735.1	258	977	3	0	3	258
CY207735.1	269	470	1	0	1	269
CY207735.1	271	936	2	0	2	271
CY207735.1	280	956	1	0	1	280
CY207735.1	287	915	2	0	2	287
CY207735.1	342	576	1	2	3	342
CY207735.1	366	841	1	0	1	366
CY207735.1	366	955	0	1	1	955
CY207735.1	413	1002	0	2	2	1002
CY207735.1	429	737	0	1	1	737
CY207735.1	430	780	1	3	4	430
CY207735.1	459	845	1	0	1	459
CY207735.1	465	595	0	1	1	595
CY207735.1	470	705	1	0	1	470
CY207735.1	499	729	0	1	1	729
CY207735.1	511	740	12	19	31	511
CY207735.1	519	746	0	1	1	746
CY207735.1	548	839	0	1	1	839
CY207735.1	583	652	0	1	1	652
CY207735.1	632	824	0	1	1	824
CY207735.1	664	1035	0	1	1	1035
CY207735.1	669	777	1	0	1	669
CY207735.1	782	851	1	0	1	782
CY207735.1	801	846	1	0	1	801
CY207735.1	964	1012	0	1	1	1012
CY207736.1	1001	1437	0	1	1	1437
CY207736.1	1008	1103	1	0	1	1008
CY207736.1	1034	1683	1	2	3	1034
CY207736.1	1037	1687	0	2	2	1687
CY207736.1	1046	1979	1	2	3	1046
CY207736.1	1047	1438	1	0	1	1047
CY207736.1	1060	2314	1	0	1	1060
CY207736.1	1071	1978	0	1	1	1978
CY207736.1	1084	1647	0	1	1	1647
CY207736.1	1090	1506	0	1	1	1506
CY207736.1	1095	2005	0	1	1	2005
CY207736.1	1127	1463	1	1	2	1127
CY207736.1	1141	2122	0	1	1	2122
CY207736.1	1158	1181	0	1	1	1181
CY207736.1	1179	1724	0	1	1	1724
CY207736.1	1205	1389	0	1	1	1389
CY207736.1	1205	2158	0	1	1	2158
CY207736.1	1206	1652	0	1	1	1652
CY207736.1	1234	1977	0	1	1	1977
CY207736.1	1274	1982	0	1	1	1982
CY207736.1	1277	1861	1	0	1	1277
CY207736.1	1297	1351	1	0	1	1297
CY207736.1	1423	2015	1	0	1	1423
CY207736.1	1446	1896	0	1	1	1896
CY207736.1	1462	1900	0	1	1	1900
CY207736.1	1508	1793	0	1	1	1793
CY207736.1	1511	1701	1	0	1	1511
CY207736.1	1549	1605	0	1	1	1605
CY207736.1	1553	1929	0	1	1	1929
CY207736.1	1566	1995	1	2	3	1566
CY207736.1	1662	2198	0	1	1	2198
CY207736.1	1787	2312	0	1	1	2312
CY207736.1	1811	1854	1	0	1	1811
CY207736.1	1828	1936	1	1	2	1828
CY207736.1	1853	2001	0	1	1	2001
CY207736.1	1879	2301	0	1	1	2301
CY207736.1	1954	2253	1	0	1	1954
CY207736.1	1966	2238	1	0	1	1966
CY207736.1	1978	2222	0	3	3	2222
CY207736.1	2006	2059	1	0	1	2006
CY207736.1	2078	2146	1	0	1	2078
CY207736.1	2116	2167	1	0	1	2116
CY207736.1	2135	2170	1	0	1	2135
CY207736.1	2221	2350	0	1	1	2350
CY207736.1	235	2058	1	0	1	235
CY207736.1	259	291	1	0	1	259
CY207736.1	266	2253	3	0	3	266
CY207736.1	280	2153	1	0	1	280
CY207736.1	282	1398	4	0	4	282
CY207736.1	282	2184	22	3	25	282
CY207736.1	283	1076	1	0	1	283
CY207736.1	283	1652	1	0	1	283
CY207736.1	286	315	1	0	1	286
CY207736.1	290	2052	1	0	1	290
CY207736.1	318	2204	0	1	1	2204
CY207736.1	328	2259	0	21	21	2259
CY207736.1	334	2064	0	13	13	2064
CY207736.1	334	368	0	1	1	368
CY207736.1	335	2142	0	5	5	2142
CY207736.1	335	2157	4	22	26	335
CY207736.1	335	2224	0	1	1	2224
CY207736.1	336	1391	1	0	1	336
CY207736.1	342	2148	0	1	1	2148
CY207736.1	343	390	1	0	1	343
CY207736.1	355	392	1	0	1	355
CY207736.1	359	2153	0	2	2	2153
CY207736.1	360	2237	1	1	2	360
CY207736.1	363	2213	2	1	3	363
CY207736.1	367	2160	0	1	1	2160
CY207736.1	367	2244	0	1	1	2244
CY207736.1	383	2153	1	1	2	383
CY207736.1	384	2148	0	2	2	2148
CY207736.1	389	1413	0	1	1	1413
CY207736.1	390	2238	0	1	1	2238
CY207736.1	391	2125	0	2	2	2125
CY207736.1	391	2183	0	1	1	2183
CY207736.1	392	2042	0	9	9	2042
CY207736.1	401	1014	0	1	1	1014
CY207736.1	401	1708	0	1	1	1708
CY207736.1	401	2149	0	3	3	2149
CY207736.1	403	2170	0	1	1	2170
CY207736.1	403	513	1	0	1	403
CY207736.1	404	2109	0	1	1	2109
CY207736.1	405	2041	0	4	4	2041
CY207736.1	406	1742	0	1	1	1742
CY207736.1	406	2148	1	0	1	406
CY207736.1	414	2038	0	1	1	2038
CY207736.1	415	2155	0	5	5	2155
CY207736.1	430	2028	0	1	1	2028
CY207736.1	430	2148	0	6	6	2148
CY207736.1	437	2149	0	6	6	2149
CY207736.1	441	2028	3	5	8	441
CY207736.1	441	2111	1	0	1	441
CY207736.1	445	2032	0	1	1	2032
CY207736.1	449	2121	0	6	6	2121
CY207736.1	449	2186	1	0	1	449
CY207736.1	451	1393	1	0	1	451
CY207736.1	453	1950	2	0	2	453
CY207736.1	454	2153	0	1	1	2153
CY207736.1	456	2184	1	0	1	456
CY207736.1	461	1919	1	0	1	461
CY207736.1	465	1705	1	0	1	465
CY207736.1	469	1514	0	1	1	1514
CY207736.1	474	1494	2	1	3	474
CY207736.1	474	1693	1	1	2	474
CY207736.1	475	2005	3	0	3	475
CY207736.1	475	2108	1	0	1	475
CY207736.1	477	2063	1	1	2	477
CY207736.1	478	2058	1	0	1	478
CY207736.1	487	2223	1	0	1	487
CY207736.1	490	2028	3	1	4	490
CY207736.1	490	2034	1	0	1	490
CY207736.1	490	2064	3	2	5	490
CY207736.1	493	565	1	0	1	493
CY207736.1	496	797	1	0	1	496
CY207736.1	497	1934	4	0	4	497
CY207736.1	497	2064	1	0	1	497
CY207736.1	500	2050	2	0	2	500
CY207736.1	512	2028	0	1	1	2028
CY207736.1	514	2037	1	0	1	514
CY207736.1	520	2016	1	1	2	520
CY207736.1	537	1945	0	1	1	1945
CY207736.1	547	1391	1	0	1	547
CY207736.1	553	1139	1	0	1	553
CY207736.1	555	2046	0	1	1	2046
CY207736.1	555	2064	2	0	2	555
CY207736.1	560	1466	1	0	1	560
CY207736.1	563	1854	1	0	1	563
CY207736.1	563	1950	0	1	1	1950
CY207736.1	563	2001	1	0	1	563
CY207736.1	564	2035	0	1	1	2035
CY207736.1	566	1895	1	0	1	566
CY207736.1	571	790	1	0	1	571
CY207736.1	571	929	1	0	1	571
CY207736.1	573	2010	1	0	1	573
CY207736.1	574	1733	2	0	2	574
CY207736.1	577	932	1	0	1	577
CY207736.1	583	2188	1	1	2	583
CY207736.1	586	2105	0	1	1	2105
CY207736.1	594	1001	0	1	1	1001
CY207736.1	596	2002	3	0	3	596
CY207736.1	598	654	0	1	1	654
CY207736.1	598	904	1	0	1	598
CY207736.1	605	1888	0	1	1	1888
CY207736.1	606	1957	0	1	1	1957
CY207736.1	607	636	0	1	1	636
CY207736.1	608	1913	2	0	2	608
CY207736.1	609	1942	0	1	1	1942
CY207736.1	610	1957	4	0	4	610
CY207736.1	612	1912	1	0	1	612
CY207736.1	617	1904	0	1	1	1904
CY207736.1	624	1447	1	0	1	624
CY207736.1	627	1936	1	0	1	627
CY207736.1	628	1937	0	1	1	1937
CY207736.1	628	1945	0	1	1	1945
CY207736.1	633	2099	0	1	1	2099
CY207736.1	643	2024	1	0	1	643
CY207736.1	644	1854	0	1	1	1854
CY207736.1	646	1926	0	1	1	1926
CY207736.1	657	1912	1	0	1	657
CY207736.1	659	1889	0	1	1	1889
CY207736.1	659	845	0	1	1	845
CY207736.1	670	1569	0	1	1	1569
CY207736.1	670	882	0	1	1	882
CY207736.1	673	1911	2	1	3	673
CY207736.1	674	2331	0	1	1	2331
CY207736.1	678	1955	1	0	1	678
CY207736.1	681	1513	1	0	1	681
CY207736.1	681	1803	2	0	2	681
CY207736.1	681	1868	0	1	1	1868
CY207736.1	688	2080	1	0	1	688
CY207736.1	690	1753	0	1	1	1753
CY207736.1	709	1127	1	0	1	709
CY207736.1	714	1855	1	0	1	714
CY207736.1	728	1788	1	0	1	728
CY207736.1	728	1868	2	0	2	728
CY207736.1	728	1871	1	0	1	728
CY207736.1	728	1941	1	0	1	728
CY207736.1	728	2279	1	0	1	728
CY207736.1	730	1728	0	1	1	1728
CY207736.1	736	873	0	1	1	873
CY207736.1	743	1899	1	0	1	743
CY207736.1	744	2234	1	0	1	744
CY207736.1	749	1691	1	0	1	749
CY207736.1	749	1856	1	1	2	749
CY207736.1	749	1928	1	2	3	749
CY207736.1	753	1909	1	0	1	753
CY207736.1	755	1889	1	1	2	755
CY207736.1	769	2080	2	1	3	769
CY207736.1	770	1542	1	0	1	770
CY207736.1	770	2259	4	4	8	770
CY207736.1	771	1863	2	0	2	771
CY207736.1	773	1458	1	0	1	773
CY207736.1	780	1464	2	0	2	780
CY207736.1	790	1831	0	1	1	1831
CY207736.1	806	1774	6	4	10	806
CY207736.1	809	1377	0	1	1	1377
CY207736.1	810	1701	1	0	1	810
CY207736.1	813	1750	1	1	2	813
CY207736.1	825	2293	0	1	1	2293
CY207736.1	835	1927	0	1	1	1927
CY207736.1	836	1725	0	1	1	1725
CY207736.1	848	2211	0	1	1	2211
CY207736.1	851	1695	0	1	1	1695
CY207736.1	852	1597	1	1	2	852
CY207736.1	858	1647	1	1	2	858
CY207736.1	859	1865	0	1	1	1865
CY207736.1	867	1859	0	1	1	1859
CY207736.1	885	1696	2	4	6	885
CY207736.1	887	1292	1	0	1	887
CY207736.1	908	1736	1	0	1	908
CY207736.1	910	1878	0	1	1	1878
CY207736.1	914	2167	0	1	1	2167
CY207736.1	923	1080	1	0	1	923
CY207736.1	926	1079	0	2	2	1079
CY207736.1	934	1626	0	1	1	1626
CY207736.1	943	1975	1	0	1	943
CY207736.1	949	2060	0	1	1	2060
CY207736.1	979	1324	0	1	1	1324
CY207737.1	1001	1695	0	1	1	1695
CY207737.1	1015	1067	0	1	1	1067
CY207737.1	1068	1235	0	1	1	1235
CY207737.1	1089	2365	1	0	1	1089
CY207737.1	1098	1230	0	1	1	1230
CY207737.1	1375	1880	1	0	1	1375
CY207737.1	1628	2213	0	1	1	2213
CY207737.1	1644	2010	0	1	1	2010
CY207737.1	1739	2457	0	1	1	2457
CY207737.1	1767	1793	0	1	1	1793
CY207737.1	1789	1955	0	1	1	1955
CY207737.1	1919	1965	0	1	1	1965
CY207737.1	2051	2095	1	0	1	2051
CY207737.1	2174	2219	0	1	1	2219
CY207737.1	2178	2227	0	1	1	2227
CY207737.1	2278	2302	1	0	1	2278
CY207737.1	2280	2307	1	0	1	2280
CY207737.1	2291	2324	0	1	1	2324
CY207737.1	241	267	1	0	1	241
CY207737.1	271	2355	1	0	1	271
CY207737.1	317	2186	1	0	1	317
CY207737.1	332	2334	1	1	2	332
CY207737.1	335	2298	3	0	3	335
CY207737.1	351	622	0	1	1	622
CY207737.1	369	2480	0	2	2	2480
CY207737.1	380	2242	5	0	5	380
CY207737.1	388	2205	0	2	2	2205
CY207737.1	391	1761	2	0	2	391
CY207737.1	391	2189	0	13	13	2189
CY207737.1	392	2298	2	0	2	392
CY207737.1	393	2285	2	0	2	393
CY207737.1	394	1121	1	0	1	394
CY207737.1	401	2293	1	0	1	401
CY207737.1	404	1131	3	2	5	404
CY207737.1	404	2345	0	1	1	2345
CY207737.1	419	2232	1	0	1	419
CY207737.1	436	2355	1	1	2	436
CY207737.1	462	1611	0	1	1	1611
CY207737.1	466	2132	2	0	2	466
CY207737.1	483	2204	0	2	2	2204
CY207737.1	487	1797	0	1	1	1797
CY207737.1	508	2123	1	1	2	508
CY207737.1	509	1535	1	0	1	509
CY207737.1	539	2253	0	1	1	2253
CY207737.1	548	2123	1	1	2	548
CY207737.1	574	1451	1	0	1	574
CY207737.1	582	2010	0	1	1	2010
CY207737.1	588	2019	0	2	2	2019
CY207737.1	616	1802	0	1	1	1802
CY207737.1	624	2095	1	0	1	624
CY207737.1	631	2124	1	2	3	631
CY207737.1	639	1846	0	1	1	1846
CY207737.1	642	868	1	0	1	642
CY207737.1	651	1749	1	0	1	651
CY207737.1	653	744	1	1	2	653
CY207737.1	658	1728	0	2	2	1728
CY207737.1	664	1663	1	0	1	664
CY207737.1	671	1822	0	1	1	1822
CY207737.1	673	1898	1	0	1	673
CY207737.1	724	1047	1	0	1	724
CY207737.1	754	1868	0	1	1	1868
CY207737.1	775	1974	0	1	1	1974
CY207737.1	789	1835	0	1	1	1835
CY207737.1	791	824	1	0	1	791
CY207737.1	807	1502	1	0	1	807
CY207737.1	814	1800	1	0	1	814
CY207737.1	824	1283	0	1	1	1283
CY207737.1	832	1708	1	1	2	832
CY207737.1	835	2133	5	3	8	835
CY207737.1	856	1835	1	0	1	856
CY207737.1	865	920	1	0	1	865
CY207737.1	870	1753	1	0	1	870
CY207737.1	874	1714	1	0	1	874
CY207737.1	877	932	0	1	1	932
CY207737.1	878	2471	0	1	1	2471
CY207737.1	880	1954	1	0	1	880
CY207737.1	923	1188	1	0	1	923
CY207737.1	948	1840	2	0	2	948
CY207737.1	966	1470	0	1	1	1470
CY207738.1	1002	2092	0	1	1	2092
CY207738.1	1006	1482	0	1	1	1482
CY207738.1	1056	2080	0	1	1	2080
CY207738.1	1073	1393	1	0	1	1073
CY207738.1	1078	2050	0	1	1	2050
CY207738.1	1170	2028	0	1	1	2028
CY207738.1	1203	1269	0	1	1	1269
CY207738.1	1321	1375	1	0	1	1321
CY207738.1	1393	2039	0	1	1	2039
CY207738.1	1432	1786	1	0	1	1432
CY207738.1	1465	1917	1	0	1	1465
CY207738.1	1476	1696	1	0	1	1476
CY207738.1	1488	1802	0	1	1	1802
CY207738.1	1572	1792	0	1	1	1792
CY207738.1	1644	2462	0	1	1	2462
CY207738.1	1833	2351	0	1	1	2351
CY207738.1	1924	2208	0	1	1	2208
CY207738.1	2228	2363	0	1	1	2363
CY207738.1	2311	2334	1	1	2	2311
CY207738.1	2336	2447	0	1	1	2447
CY207738.1	269	1407	1	0	1	269
CY207738.1	282	375	1	0	1	282
CY207738.1	287	2030	1	0	1	287
CY207738.1	304	2193	0	1	1	2193
CY207738.1	308	2162	1	0	1	308
CY207738.1	330	2317	7	5	12	330
CY207738.1	337	926	1	0	1	337
CY207738.1	345	1352	0	1	1	1352
CY207738.1	367	2313	31	75	106	367
CY207738.1	374	1315	1	0	1	374
CY207738.1	378	2327	0	1	1	2327
CY207738.1	385	2301	4	22	26	385
CY207738.1	386	2270	0	1	1	2270
CY207738.1	386	2322	0	1	1	2322
CY207738.1	386	2341	9	14	23	386
CY207738.1	415	2241	0	1	1	2241
CY207738.1	416	1492	1	0	1	416
CY207738.1	421	742	1	0	1	421
CY207738.1	424	1882	1	0	1	424
CY207738.1	453	2347	0	1	1	2347
CY207738.1	464	2040	0	2	2	2040
CY207738.1	468	955	0	1	1	955
CY207738.1	482	2230	1	0	1	482
CY207738.1	483	2136	1	1	2	483
CY207738.1	484	2164	1	0	1	484
CY207738.1	485	1701	1	0	1	485
CY207738.1	486	2170	0	1	1	2170
CY207738.1	492	2298	1	1	2	492
CY207738.1	495	545	0	4	4	545
CY207738.1	508	1781	1	0	1	508
CY207738.1	520	2325	2	1	3	520
CY207738.1	545	2197	1	1	2	545
CY207738.1	554	2051	1	1	2	554
CY207738.1	566	2102	0	2	2	2102
CY207738.1	575	2098	1	2	3	575
CY207738.1	589	1765	1	0	1	589
CY207738.1	589	2030	1	0	1	589
CY207738.1	593	2070	0	1	1	2070
CY207738.1	615	685	0	1	1	685
CY207738.1	622	1925	0	1	1	1925
CY207738.1	623	1922	1	0	1	623
CY207738.1	630	2041	2	0	2	630
CY207738.1	638	1268	0	1	1	1268
CY207738.1	641	2029	0	1	1	2029
CY207738.1	645	2028	0	1	1	2028
CY207738.1	646	1668	0	1	1	1668
CY207738.1	675	1952	3	1	4	675
CY207738.1	695	1904	2	1	3	695
CY207738.1	695	2055	1	1	2	695
CY207738.1	696	1661	0	1	1	1661
CY207738.1	708	1815	0	1	1	1815
CY207738.1	714	1426	1	0	1	714
CY207738.1	751	1869	0	1	1	1869
CY207738.1	771	926	1	0	1	771
CY207738.1	776	1765	1	0	1	776
CY207738.1	776	2223	0	1	1	2223
CY207738.1	797	2325	1	0	1	797
CY207738.1	797	2332	0	1	1	2332
CY207738.1	798	2323	1	0	1	798
CY207738.1	803	1449	0	1	1	1449
CY207738.1	811	1451	0	1	1	1451
CY207738.1	825	1894	0	3	3	1894
CY207738.1	831	1864	1	0	1	831
CY207738.1	853	2215	0	1	1	2215
CY207738.1	856	1861	0	1	1	1861
CY207738.1	857	1809	2	3	5	857
CY207738.1	859	2396	1	0	1	859
CY207738.1	872	1758	0	1	1	1758
CY207738.1	874	1957	0	1	1	1957
CY207738.1	885	1885	3	6	9	885
CY207738.1	896	1101	0	1	1	1101
CY207738.1	898	1826	0	1	1	1826
CY207738.1	943	1780	13	7	20	943
CY207738.1	949	1634	1	2	3	949
CY207738.1	975	2146	0	1	1	2146
CY207738.1	993	1441	0	1	1	1441
