Segment	Start	Stop	Forward_support	Reverse_support	Total_support	Fuzz_factor
CY207731.1	1013	1042	1	0	1	1013
CY207731.1	1032	1080	1	0	1	1032
CY207731.1	1055	1783	1	0	1	1055
CY207731.1	1066	1415	0	2	2	1415
CY207731.1	1084	1416	1	0	1	1084
CY207731.1	1153	1283	1	0	1	1153
CY207731.1	1187	1788	1	0	1	1187
CY207731.1	1201	1242	1	0	1	1201
CY207731.1	1245	1543	0	1	1	1543
CY207731.1	1264	1639	1	0	1	1264
CY207731.1	1284	1780	1	0	1	1284
CY207731.1	1344	1837	1	0	1	1344
CY207731.1	1376	1536	1	6	7	1376
CY207731.1	1432	1770	1	0	1	1432
CY207731.1	1578	1714	0	1	1	1714
CY207731.1	1663	1870	0	1	1	1870
CY207731.1	257	1920	1	0	1	257
CY207731.1	343	858	0	1	1	858
CY207731.1	347	1785	1	0	1	347
CY207731.1	363	1460	0	2	2	1460
CY207731.1	370	1609	0	1	1	1609
CY207731.1	371	1799	0	1	1	1799
CY207731.1	391	692	1	0	1	391
CY207731.1	393	1511	1	0	1	393
CY207731.1	399	524	0	1	1	524
CY207731.1	407	854	0	1	1	854
CY207731.1	412	1495	0	1	1	1495
CY207731.1	459	971	0	1	1	971
CY207731.1	490	1307	0	1	1	1307
CY207731.1	492	1164	0	1	1	1164
CY207731.1	506	780	1	0	1	506
CY207731.1	514	1138	1	0	1	514
CY207731.1	550	1578	0	1	1	1578
CY207731.1	568	1204	2	4	6	568
CY207731.1	570	1839	1	0	1	570
CY207731.1	574	609	1	2	3	574
CY207731.1	581	1886	0	3	3	1886
CY207731.1	614	1394	1	0	1	614
CY207731.1	669	1442	1	0	1	669
CY207731.1	989	1311	1	0	1	989
CY207731.1	997	1751	0	1	1	1751
CY207732.1	273	979	1	0	1	273
CY207732.1	355	768	0	1	1	768
CY207732.1	359	1138	0	1	1	1138
CY207732.1	380	664	0	1	1	664
CY207732.1	394	528	0	1	1	528
CY207732.1	444	901	1	0	1	444
CY207732.1	530	1015	1	0	1	530
CY207732.1	534	924	0	1	1	924
CY207732.1	540	835	1	1	2	540
CY207732.1	558	849	0	1	1	849
CY207732.1	593	1023	20	8	28	593
CY207732.1	616	959	0	1	1	959
CY207732.1	628	890	1	0	1	628
CY207732.1	630	874	0	1	1	874
CY207732.1	659	959	0	1	1	959
CY207732.1	676	719	1	0	1	676
CY207732.1	676	935	1	0	1	676
CY207732.1	685	839	1	3	4	685
CY207732.1	706	1082	1	0	1	706
CY207732.1	709	1066	1	0	1	709
CY207732.1	709	931	0	1	1	931
CY207732.1	710	1166	0	1	1	1166
CY207732.1	715	965	2	0	2	715
CY207732.1	718	860	0	2	2	860
CY207732.1	719	799	0	1	1	799
CY207732.1	750	852	1	0	1	750
CY207732.1	787	869	1	0	1	787
CY207732.1	817	866	4	1	5	817
CY207732.1	831	1125	0	1	1	1125
CY207732.1	852	1034	0	1	1	1034
CY207732.1	862	962	2	0	2	862
CY207732.1	886	1063	1	0	1	886
CY207732.1	906	1158	0	1	1	1158
CY207732.1	923	1022	1	0	1	923
CY207732.1	954	1058	0	1	1	1058
CY207732.1	954	1169	0	1	1	1169
CY207732.1	973	1036	0	1	1	1036
CY207733.1	1100	1495	1	0	1	1100
CY207733.1	1169	1499	0	1	1	1499
CY207733.1	1244	1457	1	0	1	1244
CY207733.1	370	949	0	1	1	949
CY207733.1	471	812	1	0	1	471
CY207733.1	488	998	1	0	1	488
CY207733.1	531	890	0	1	1	890
CY207733.1	655	1244	0	1	1	1244
CY207733.1	890	1118	0	1	1	1118
CY207733.1	936	1075	1	0	1	936
CY207733.1	987	1153	0	1	1	1153
CY207734.1	1000	1353	0	1	1	1353
CY207734.1	1003	1207	0	1	1	1207
CY207734.1	1012	1084	2	3	5	1012
CY207734.1	1029	1093	5	2	7	1029
CY207734.1	1102	1422	1	0	1	1102
CY207734.1	1131	1303	1	0	1	1131
CY207734.1	1209	1559	1	0	1	1209
CY207734.1	1391	1565	1	0	1	1391
CY207734.1	1463	1502	1	0	1	1463
CY207734.1	1482	1504	0	1	1	1504
CY207734.1	280	1253	1	0	1	280
CY207734.1	349	1565	1	0	1	349
CY207734.1	350	1696	0	1	1	1696
CY207734.1	421	940	0	1	1	940
CY207734.1	432	769	0	1	1	769
CY207734.1	437	956	0	1	1	956
CY207734.1	470	590	0	1	1	590
CY207734.1	499	564	0	1	1	564
CY207734.1	530	1322	3	4	7	530
CY207734.1	531	1432	1	0	1	531
CY207734.1	557	1371	1	0	1	557
CY207734.1	585	1067	0	1	1	1067
CY207734.1	589	715	1	0	1	589
CY207734.1	591	691	1	0	1	591
CY207734.1	718	1699	0	1	1	1699
CY207734.1	740	1176	0	1	1	1176
CY207734.1	746	1501	1	0	1	746
CY207734.1	749	1639	2	2	4	749
CY207734.1	760	1434	0	1	1	1434
CY207734.1	768	1031	0	1	1	1031
CY207734.1	820	1385	4	7	11	820
CY207734.1	830	1271	0	1	1	1271
CY207734.1	832	1006	1	0	1	832
CY207734.1	888	1171	0	1	1	1171
CY207735.1	499	729	1	0	1	499
CY207735.1	511	740	10	17	27	511
CY207735.1	649	686	0	1	1	686
CY207735.1	852	1013	0	1	1	1013
CY207736.1	1126	2130	0	1	1	2130
CY207736.1	1150	1879	1	0	1	1150
CY207736.1	1167	2079	1	0	1	1167
CY207736.1	1185	2282	0	1	1	2282
CY207736.1	1244	2093	1	0	1	1244
CY207736.1	1281	1746	1	1	2	1281
CY207736.1	1358	1937	1	0	1	1358
CY207736.1	1360	1449	0	1	1	1449
CY207736.1	1407	2266	0	1	1	2266
CY207736.1	1509	1861	1	0	1	1509
CY207736.1	1520	1604	0	1	1	1604
CY207736.1	1562	1767	3	3	6	1562
CY207736.1	1749	1803	1	2	3	1749
CY207736.1	1837	2093	0	1	1	2093
CY207736.1	2016	2064	2	2	4	2016
CY207736.1	2130	2172	3	3	6	2130
CY207736.1	249	1632	1	0	1	249
CY207736.1	253	347	1	0	1	253
CY207736.1	268	574	1	0	1	268
CY207736.1	272	979	1	0	1	272
CY207736.1	334	2210	10	3	13	334
CY207736.1	335	2142	0	6	6	2142
CY207736.1	335	2224	3	2	5	335
CY207736.1	358	2167	0	8	8	2167
CY207736.1	362	392	0	12	12	392
CY207736.1	364	2171	0	1	1	2171
CY207736.1	368	1999	0	1	1	1999
CY207736.1	392	2155	2	28	30	392
CY207736.1	404	2164	0	1	1	2164
CY207736.1	490	2156	0	1	1	2156
CY207736.1	533	1109	1	0	1	533
CY207736.1	573	669	2	0	2	573
CY207736.1	587	1917	2	0	2	587
CY207736.1	624	1309	1	0	1	624
CY207736.1	646	686	3	1	4	646
CY207736.1	666	1798	1	0	1	666
CY207736.1	679	1835	7	12	19	679
CY207736.1	695	729	1	0	1	695
CY207736.1	696	779	0	1	1	779
CY207736.1	761	1945	14	7	21	761
CY207736.1	767	1952	0	1	1	1952
CY207736.1	805	886	2	2	4	805
CY207736.1	822	1379	1	0	1	822
CY207736.1	823	1719	1	0	1	823
CY207736.1	826	995	1	0	1	826
CY207736.1	843	2178	2	1	3	843
CY207736.1	850	888	0	1	1	888
CY207736.1	853	918	3	1	4	853
CY207736.1	896	1625	11	5	16	896
CY207736.1	937	1713	0	1	1	1713
CY207736.1	977	1604	6	2	8	977
CY207737.1	1023	1124	2	2	4	1023
CY207737.1	1075	2148	0	1	1	2148
CY207737.1	1160	2393	1	0	1	1160
CY207737.1	1264	2337	1	0	1	1264
CY207737.1	1278	1534	1	0	1	1278
CY207737.1	1278	1721	1	0	1	1278
CY207737.1	1326	2221	0	1	1	2221
CY207737.1	1428	2022	1	0	1	1428
CY207737.1	1445	2445	0	2	2	2445
CY207737.1	1571	1839	0	1	1	1839
CY207737.1	1576	2188	1	0	1	1576
CY207737.1	1620	2284	1	0	1	1620
CY207737.1	1621	2376	1	0	1	1621
CY207737.1	1737	1862	0	1	1	1862
CY207737.1	1992	2035	0	1	1	2035
CY207737.1	313	2120	2	0	2	313
CY207737.1	378	2349	1	0	1	378
CY207737.1	382	2356	39	16	55	382
CY207737.1	388	2334	7	3	10	388
CY207737.1	445	2273	1	0	1	445
CY207737.1	448	2242	6	0	6	448
CY207737.1	458	2293	1	0	1	458
CY207737.1	462	2209	3	8	11	462
CY207737.1	467	2300	9	10	19	467
CY207737.1	470	2012	5	2	7	470
CY207737.1	511	578	1	0	1	511
CY207737.1	531	2074	1	0	1	531
CY207737.1	541	2102	8	1	9	541
CY207737.1	574	2268	15	7	22	574
CY207737.1	586	1005	1	0	1	586
CY207737.1	611	1757	2	6	8	611
CY207737.1	738	1822	0	2	2	1822
CY207737.1	740	1631	1	0	1	740
CY207737.1	750	2209	4	5	9	750
CY207737.1	759	1997	3	5	8	759
CY207737.1	764	1484	1	0	1	764
CY207737.1	774	2064	0	1	1	2064
CY207737.1	832	2019	0	1	1	2019
CY207737.1	860	2224	1	0	1	860
CY207737.1	883	1493	1	0	1	883
CY207737.1	905	1867	0	2	2	1867
CY207737.1	936	1282	1	0	1	936
CY207737.1	975	1944	2	9	11	975
CY207738.1	1062	1208	0	2	2	1208
CY207738.1	1070	1839	4	6	10	1070
CY207738.1	1081	1254	1	0	1	1081
CY207738.1	1112	1375	0	1	1	1375
CY207738.1	1217	1972	0	1	1	1972
CY207738.1	1227	1768	1	0	1	1227
CY207738.1	1280	1441	0	1	1	1441
CY207738.1	1365	1449	1	0	1	1365
CY207738.1	1423	1674	0	1	1	1674
CY207738.1	1506	1963	1	0	1	1506
CY207738.1	1647	1754	0	1	1	1754
CY207738.1	1844	2173	0	1	1	2173
CY207738.1	1883	2134	1	0	1	1883
CY207738.1	1975	2345	1	0	1	1975
CY207738.1	2080	2184	1	0	1	2080
CY207738.1	278	2118	5	0	5	278
CY207738.1	339	1235	0	1	1	1235
CY207738.1	346	1330	1	0	1	346
CY207738.1	376	2282	0	8	8	2282
CY207738.1	399	2217	1	0	1	399
CY207738.1	405	2130	5	28	33	405
CY207738.1	411	2262	1	23	24	411
CY207738.1	423	2070	3	14	17	423
CY207738.1	429	2279	0	1	1	2279
CY207738.1	431	2281	0	1	1	2281
CY207738.1	452	924	1	0	1	452
CY207738.1	494	2115	1	3	4	494
CY207738.1	524	1161	1	0	1	524
CY207738.1	528	1971	8	7	15	528
CY207738.1	627	2044	0	1	1	2044
CY207738.1	641	2037	0	1	1	2037
CY207738.1	645	2210	4	3	7	645
CY207738.1	658	2013	3	6	9	658
CY207738.1	660	2038	1	1	2	660
CY207738.1	660	2077	1	0	1	660
CY207738.1	662	2073	4	2	6	662
CY207738.1	674	1017	0	1	1	1017
CY207738.1	715	844	0	1	1	844
CY207738.1	720	2049	6	8	14	720
CY207738.1	721	1955	1	1	2	721
CY207738.1	724	2053	0	1	1	2053
CY207738.1	732	1319	0	1	1	1319
CY207738.1	754	2072	0	1	1	2072
CY207738.1	756	1313	0	1	1	1313
CY207738.1	773	1686	1	0	1	773
CY207738.1	851	2073	2	2	4	851
CY207738.1	855	1814	3	3	6	855
CY207738.1	855	2077	0	1	1	2077
CY207738.1	869	1780	5	4	9	869
CY207738.1	870	2204	0	1	1	2204
CY207738.1	973	1924	1	0	1	973
