Segment	Start	Stop	Forward_support	Reverse_support	Total_support	Fuzz_factor
CY207731.1	1007	1772	1	0	1	1007
CY207731.1	1034	1634	0	1	1	1634
CY207731.1	1107	1758	0	1	1	1758
CY207731.1	1116	1682	1	0	1	1116
CY207731.1	1128	1155	1	0	1	1128
CY207731.1	1138	1367	0	1	1	1367
CY207731.1	1177	1596	0	1	1	1596
CY207731.1	1183	1591	0	1	1	1591
CY207731.1	1226	1660	1	0	1	1226
CY207731.1	1244	1542	0	1	1	1542
CY207731.1	1287	1370	1	0	1	1287
CY207731.1	1304	1326	10	8	18	1304
CY207731.1	1368	1711	1	0	1	1368
CY207731.1	1374	1782	1	0	1	1374
CY207731.1	1430	1625	0	1	1	1625
CY207731.1	1456	1514	1	0	1	1456
CY207731.1	1457	1726	0	1	1	1726
CY207731.1	1476	1883	0	1	1	1883
CY207731.1	1504	1625	1	0	1	1504
CY207731.1	1505	1891	0	1	1	1891
CY207731.1	1519	1658	1	1	2	1519
CY207731.1	1672	1804	1	0	1	1672
CY207731.1	1679	1791	1	0	1	1679
CY207731.1	1745	1810	1	0	1	1745
CY207731.1	239	415	1	0	1	239
CY207731.1	256	627	1	0	1	256
CY207731.1	257	1920	0	1	1	1920
CY207731.1	268	412	1	0	1	268
CY207731.1	281	575	1	0	1	281
CY207731.1	288	1419	1	0	1	288
CY207731.1	288	892	1	0	1	288
CY207731.1	289	1412	1	0	1	289
CY207731.1	289	655	1	0	1	289
CY207731.1	290	1558	1	0	1	290
CY207731.1	296	781	1	0	1	296
CY207731.1	306	1115	1	0	1	306
CY207731.1	335	375	5	7	12	335
CY207731.1	342	1444	0	1	1	1444
CY207731.1	353	1202	0	1	1	1202
CY207731.1	369	1886	0	1	1	1886
CY207731.1	393	1603	1	0	1	393
CY207731.1	394	716	0	1	1	716
CY207731.1	406	1678	1	1	2	406
CY207731.1	407	1140	0	1	1	1140
CY207731.1	420	549	0	1	1	549
CY207731.1	423	1913	0	1	1	1913
CY207731.1	427	1705	24	46	70	427
CY207731.1	432	661	0	1	1	661
CY207731.1	434	1285	1	0	1	434
CY207731.1	435	1139	0	1	1	1139
CY207731.1	436	1320	0	1	1	1320
CY207731.1	437	461	0	1	1	461
CY207731.1	451	1089	1	0	1	451
CY207731.1	464	803	0	1	1	803
CY207731.1	465	1130	1	0	1	465
CY207731.1	470	1899	0	1	1	1899
CY207731.1	480	1572	0	1	1	1572
CY207731.1	489	1133	1	0	1	489
CY207731.1	489	1597	0	1	1	1597
CY207731.1	492	1118	0	1	1	1118
CY207731.1	492	1308	0	1	1	1308
CY207731.1	510	1217	0	1	1	1217
CY207731.1	525	1903	0	1	1	1903
CY207731.1	527	1727	0	2	2	1727
CY207731.1	529	1414	10	18	28	529
CY207731.1	533	945	1	0	1	533
CY207731.1	537	1889	0	1	1	1889
CY207731.1	539	635	0	1	1	635
CY207731.1	547	621	0	1	1	621
CY207731.1	552	905	0	1	1	905
CY207731.1	557	1027	0	1	1	1027
CY207731.1	560	1191	1	0	1	560
CY207731.1	561	1018	1	0	1	561
CY207731.1	563	619	0	1	1	619
CY207731.1	569	1047	12	13	25	569
CY207731.1	572	1318	0	1	1	1318
CY207731.1	580	1175	0	1	1	1175
CY207731.1	589	1410	0	1	1	1410
CY207731.1	597	1265	1	0	1	597
CY207731.1	601	1075	0	1	1	1075
CY207731.1	613	1226	0	1	1	1226
CY207731.1	620	840	0	1	1	840
CY207731.1	621	988	1	0	1	621
CY207731.1	658	1289	1	0	1	658
CY207731.1	660	1401	0	1	1	1401
CY207731.1	714	980	1	0	1	714
CY207731.1	728	1614	0	1	1	1614
CY207731.1	742	1116	1	0	1	742
CY207731.1	752	1430	0	1	1	1430
CY207731.1	759	1267	1	0	1	759
CY207731.1	761	1269	13	8	21	761
CY207731.1	776	1208	1	0	1	776
CY207731.1	879	1060	0	1	1	1060
CY207731.1	916	951	0	1	1	951
CY207731.1	939	1209	1	0	1	939
CY207731.1	991	1821	0	1	1	1821
CY207732.1	255	989	1	0	1	255
CY207732.1	256	801	1	0	1	256
CY207732.1	257	928	1	0	1	257
CY207732.1	271	650	1	0	1	271
CY207732.1	273	384	1	0	1	273
CY207732.1	275	638	1	0	1	275
CY207732.1	275	827	1	1	2	275
CY207732.1	308	957	1	0	1	308
CY207732.1	312	663	2	5	7	312
CY207732.1	320	633	5	4	9	320
CY207732.1	320	687	0	1	1	687
CY207732.1	355	1069	0	1	1	1069
CY207732.1	358	469	1	0	1	358
CY207732.1	364	906	0	1	1	906
CY207732.1	374	1156	0	1	1	1156
CY207732.1	374	1160	0	1	1	1160
CY207732.1	376	610	0	1	1	610
CY207732.1	382	787	0	1	1	787
CY207732.1	392	645	0	1	1	645
CY207732.1	393	854	1	0	1	393
CY207732.1	395	452	1	0	1	395
CY207732.1	398	732	0	1	1	732
CY207732.1	403	895	0	1	1	895
CY207732.1	407	538	0	1	1	538
CY207732.1	411	909	0	1	1	909
CY207732.1	415	700	0	1	1	700
CY207732.1	418	905	0	1	1	905
CY207732.1	439	464	0	1	1	464
CY207732.1	483	808	0	1	1	808
CY207732.1	483	977	0	1	1	977
CY207732.1	487	1022	1	0	1	487
CY207732.1	500	964	0	1	1	964
CY207732.1	523	801	0	1	1	801
CY207732.1	524	624	2	11	13	524
CY207732.1	535	938	1	0	1	535
CY207732.1	557	936	0	1	1	936
CY207732.1	587	678	0	1	1	678
CY207732.1	605	901	0	1	1	901
CY207732.1	606	709	0	1	1	709
CY207732.1	607	767	1	0	1	607
CY207732.1	609	741	0	1	1	741
CY207732.1	625	731	0	1	1	731
CY207732.1	627	999	1	0	1	627
CY207732.1	667	829	1	0	1	667
CY207732.1	667	862	1	0	1	667
CY207732.1	677	937	1	0	1	677
CY207732.1	718	860	3	10	13	718
CY207732.1	748	1160	0	1	1	1160
CY207732.1	750	1141	0	1	1	1141
CY207732.1	764	802	0	1	1	802
CY207732.1	801	904	1	1	2	801
CY207732.1	811	1028	0	1	1	1028
CY207732.1	811	969	0	1	1	969
CY207732.1	833	967	1	0	1	833
CY207732.1	870	1148	0	1	1	1148
CY207732.1	900	964	1	0	1	900
CY207732.1	902	936	0	1	1	936
CY207732.1	982	1147	0	1	1	1147
CY207732.1	997	1035	0	1	1	1035
CY207733.1	1047	1537	0	1	1	1537
CY207733.1	1122	1350	1	0	1	1122
CY207733.1	1169	1596	0	1	1	1596
CY207733.1	1224	1334	0	1	1	1334
CY207733.1	1244	1273	1	0	1	1244
CY207733.1	1402	1469	1	0	1	1402
CY207733.1	1409	1470	0	1	1	1470
CY207733.1	275	1350	1	0	1	275
CY207733.1	280	494	1	0	1	280
CY207733.1	285	563	1	0	1	285
CY207733.1	307	938	0	8	8	938
CY207733.1	337	1308	1	0	1	337
CY207733.1	365	1475	0	1	1	1475
CY207733.1	399	629	0	1	1	629
CY207733.1	429	521	0	1	1	521
CY207733.1	447	777	0	1	1	777
CY207733.1	464	532	3	2	5	464
CY207733.1	475	516	0	1	1	516
CY207733.1	481	569	1	0	1	481
CY207733.1	497	1358	1	0	1	497
CY207733.1	537	1088	0	1	1	1088
CY207733.1	544	1074	0	1	1	1074
CY207733.1	554	1406	0	1	1	1406
CY207733.1	569	794	1	0	1	569
CY207733.1	574	1414	1	0	1	574
CY207733.1	581	1418	1	0	1	581
CY207733.1	598	1000	1	0	1	598
CY207733.1	666	859	1	0	1	666
CY207733.1	776	1295	1	0	1	776
CY207733.1	802	1461	1	0	1	802
CY207733.1	828	1409	0	1	1	1409
CY207733.1	851	979	0	1	1	979
CY207733.1	939	1337	0	1	1	1337
CY207733.1	958	1411	0	1	1	1411
CY207734.1	1008	1518	1	0	1	1008
CY207734.1	1012	1084	4	1	5	1012
CY207734.1	1029	1093	7	4	11	1029
CY207734.1	1054	1156	1	0	1	1054
CY207734.1	1056	1478	0	1	1	1478
CY207734.1	1083	1164	1	0	1	1083
CY207734.1	1123	1574	1	0	1	1123
CY207734.1	1128	1188	1	0	1	1128
CY207734.1	1181	1315	1	0	1	1181
CY207734.1	1200	1708	0	1	1	1708
CY207734.1	1246	1502	0	1	1	1502
CY207734.1	1247	1494	1	0	1	1247
CY207734.1	1309	1598	1	0	1	1309
CY207734.1	1521	1686	0	1	1	1686
CY207734.1	245	1443	1	0	1	245
CY207734.1	263	1559	1	0	1	263
CY207734.1	274	1223	1	0	1	274
CY207734.1	276	1006	1	0	1	276
CY207734.1	280	809	1	0	1	280
CY207734.1	280	977	1	0	1	280
CY207734.1	281	1356	1	0	1	281
CY207734.1	313	1387	0	2	2	1387
CY207734.1	351	593	0	1	1	593
CY207734.1	353	807	0	1	1	807
CY207734.1	357	597	0	1	1	597
CY207734.1	362	495	0	1	1	495
CY207734.1	364	1410	0	1	1	1410
CY207734.1	373	1169	0	1	1	1169
CY207734.1	401	732	0	1	1	732
CY207734.1	401	779	0	1	1	779
CY207734.1	402	1324	1	0	1	402
CY207734.1	417	838	0	1	1	838
CY207734.1	421	940	0	1	1	940
CY207734.1	427	1435	1	0	1	427
CY207734.1	433	1483	10	36	46	433
CY207734.1	436	1215	1	0	1	436
CY207734.1	436	1486	0	1	1	1486
CY207734.1	439	1478	0	1	1	1478
CY207734.1	439	1679	0	1	1	1679
CY207734.1	440	1487	0	1	1	1487
CY207734.1	440	1673	0	1	1	1673
CY207734.1	440	957	1	0	1	440
CY207734.1	449	984	0	1	1	984
CY207734.1	450	1717	0	1	1	1717
CY207734.1	451	981	0	1	1	981
CY207734.1	456	943	1	0	1	456
CY207734.1	457	1417	0	1	1	1417
CY207734.1	464	584	0	1	1	584
CY207734.1	465	559	1	0	1	465
CY207734.1	465	738	0	1	1	738
CY207734.1	468	619	0	1	1	619
CY207734.1	468	798	1	0	1	468
CY207734.1	469	1167	0	1	1	1167
CY207734.1	483	1606	1	0	1	483
CY207734.1	484	1551	1	0	1	484
CY207734.1	521	841	5	7	12	521
CY207734.1	522	880	1	0	1	522
CY207734.1	557	766	0	1	1	766
CY207734.1	558	788	0	1	1	788
CY207734.1	563	1158	0	1	1	1158
CY207734.1	574	1207	1	0	1	574
CY207734.1	658	748	1	0	1	658
CY207734.1	685	733	1	0	1	685
CY207734.1	690	1299	1	0	1	690
CY207734.1	704	1689	0	1	1	1689
CY207734.1	715	817	1	0	1	715
CY207734.1	765	1201	0	1	1	1201
CY207734.1	765	1452	0	1	1	1452
CY207734.1	781	811	2	7	9	781
CY207734.1	790	1302	1	0	1	790
CY207734.1	795	1156	0	1	1	1156
CY207734.1	810	958	0	1	1	958
CY207734.1	815	1232	0	1	1	1232
CY207734.1	816	1588	1	1	2	816
CY207734.1	822	1367	1	0	1	822
CY207734.1	829	866	0	1	1	866
CY207734.1	829	962	1	0	1	829
CY207734.1	866	1449	0	1	1	1449
CY207734.1	885	1574	1	0	1	885
CY207734.1	892	1609	0	1	1	1609
CY207734.1	894	994	1	0	1	894
CY207734.1	898	1407	0	1	1	1407
CY207734.1	937	1145	0	1	1	1145
CY207734.1	972	1413	0	1	1	1413
CY207734.1	992	1505	0	1	1	1505
CY207735.1	255	681	1	0	1	255
CY207735.1	269	374	1	0	1	269
CY207735.1	269	403	1	0	1	269
CY207735.1	272	818	1	0	1	272
CY207735.1	276	970	3	0	3	276
CY207735.1	290	382	1	0	1	290
CY207735.1	305	957	1	0	1	305
CY207735.1	324	348	0	1	1	348
CY207735.1	350	845	0	1	1	845
CY207735.1	422	768	15	67	82	422
CY207735.1	428	514	0	1	1	514
CY207735.1	471	523	2	0	2	471
CY207735.1	499	729	1	0	1	499
CY207735.1	511	740	15	56	71	511
CY207735.1	521	661	0	1	1	661
CY207735.1	538	797	0	1	1	797
CY207735.1	598	835	4	2	6	598
CY207735.1	760	887	1	0	1	760
CY207735.1	795	951	0	1	1	951
CY207735.1	912	935	3	5	8	912
CY207735.1	960	988	0	3	3	988
CY207736.1	1032	1737	1	0	1	1032
CY207736.1	1074	1489	1	0	1	1074
CY207736.1	1085	2266	1	2	3	1085
CY207736.1	1090	1506	7	8	15	1090
CY207736.1	1127	1309	0	1	1	1309
CY207736.1	1140	1365	1	0	1	1140
CY207736.1	1151	1689	0	1	1	1689
CY207736.1	1167	2013	0	1	1	2013
CY207736.1	1183	2224	12	3	15	1183
CY207736.1	1210	2072	0	1	1	2072
CY207736.1	1269	1369	0	1	1	1369
CY207736.1	1275	1372	0	1	1	1372
CY207736.1	1294	1697	1	0	1	1294
CY207736.1	1328	2165	0	1	1	2165
CY207736.1	1377	2190	0	1	1	2190
CY207736.1	1443	1571	0	1	1	1571
CY207736.1	1445	1716	1	0	1	1445
CY207736.1	1460	1970	0	1	1	1970
CY207736.1	1507	1598	6	4	10	1507
CY207736.1	1566	1691	2	9	11	1566
CY207736.1	1584	2003	2	5	7	1584
CY207736.1	1603	1713	1	0	1	1603
CY207736.1	1607	1954	0	1	1	1954
CY207736.1	1626	2157	1	0	1	1626
CY207736.1	1671	1747	1	0	1	1671
CY207736.1	1765	2043	0	1	1	2043
CY207736.1	1796	2343	0	1	1	2343
CY207736.1	1944	2027	21	18	39	1944
CY207736.1	2087	2317	1	0	1	2087
CY207736.1	2162	2210	4	2	6	2162
CY207736.1	2176	2230	0	1	1	2230
CY207736.1	259	1659	1	0	1	259
CY207736.1	260	463	1	0	1	260
CY207736.1	271	1637	1	0	1	271
CY207736.1	300	2259	0	1	1	2259
CY207736.1	300	469	1	0	1	300
CY207736.1	304	2264	0	1	1	2264
CY207736.1	311	1100	1	0	1	311
CY207736.1	331	2004	1	3	4	331
CY207736.1	333	1651	1	0	1	333
CY207736.1	348	2188	1	0	1	348
CY207736.1	352	1679	28	53	81	352
CY207736.1	368	427	1	0	1	368
CY207736.1	386	2144	5	95	100	386
CY207736.1	391	2183	2	11	13	391
CY207736.1	404	2164	0	2	2	2164
CY207736.1	406	1874	1	0	1	406
CY207736.1	407	1690	0	1	1	1690
CY207736.1	421	2005	3	4	7	421
CY207736.1	432	454	11	1	12	432
CY207736.1	445	2203	11	3	14	445
CY207736.1	450	1150	0	1	1	1150
CY207736.1	453	1915	7	3	10	453
CY207736.1	469	1968	1	0	1	469
CY207736.1	472	510	7	1	8	472
CY207736.1	472	535	1	0	1	472
CY207736.1	490	2028	8	4	12	490
CY207736.1	499	1945	12	2	14	499
CY207736.1	512	1995	12	4	16	512
CY207736.1	512	2028	5	4	9	512
CY207736.1	515	1155	0	1	1	1155
CY207736.1	515	1904	15	2	17	515
CY207736.1	544	1808	1	0	1	544
CY207736.1	547	1811	13	4	17	547
CY207736.1	551	1865	0	1	1	1865
CY207736.1	561	1023	1	0	1	561
CY207736.1	563	2001	2	0	2	563
CY207736.1	568	1993	9	5	14	568
CY207736.1	571	2009	14	7	21	571
CY207736.1	579	1839	1	0	1	579
CY207736.1	580	1923	10	4	14	580
CY207736.1	587	1871	29	16	45	587
CY207736.1	591	1919	8	7	15	591
CY207736.1	607	1792	23	10	33	607
CY207736.1	607	1827	1	0	1	607
CY207736.1	622	1961	13	13	26	622
CY207736.1	625	1900	1	0	1	625
CY207736.1	628	1909	3	3	6	628
CY207736.1	631	1897	1	1	2	631
CY207736.1	635	1856	6	6	12	635
CY207736.1	635	1917	5	5	10	635
CY207736.1	644	1868	21	27	48	644
CY207736.1	651	1912	2	1	3	651
CY207736.1	654	1913	11	18	29	654
CY207736.1	671	2029	13	15	28	671
CY207736.1	674	2226	8	4	12	674
CY207736.1	677	1884	2	0	2	677
CY207736.1	678	700	6	9	15	678
CY207736.1	679	1835	1	0	1	679
CY207736.1	686	1952	0	1	1	1952
CY207736.1	689	1888	1	1	2	689
CY207736.1	689	2046	0	5	5	2046
CY207736.1	689	771	0	1	1	771
CY207736.1	695	1938	0	1	1	1938
CY207736.1	698	1846	7	14	21	698
CY207736.1	699	2203	5	12	17	699
CY207736.1	702	1863	3	2	5	702
CY207736.1	711	1699	0	1	1	1699
CY207736.1	722	1788	1	0	1	722
CY207736.1	723	1855	15	18	33	723
CY207736.1	723	1994	14	9	23	723
CY207736.1	727	1850	11	13	24	727
CY207736.1	728	1775	4	3	7	728
CY207736.1	728	2279	7	1	8	728
CY207736.1	742	1833	7	5	12	742
CY207736.1	742	1914	3	1	4	742
CY207736.1	755	1828	1	0	1	755
CY207736.1	759	1545	0	1	1	1545
CY207736.1	765	1839	1	0	1	765
CY207736.1	776	1826	33	15	48	776
CY207736.1	777	1810	1	0	1	777
CY207736.1	784	1207	1	0	1	784
CY207736.1	785	1877	74	28	102	785
CY207736.1	786	1834	0	1	1	1834
CY207736.1	792	1850	30	10	40	792
CY207736.1	804	1785	14	6	20	804
CY207736.1	808	2259	1	0	1	808
CY207736.1	814	1710	1	0	1	814
CY207736.1	816	1583	12	9	21	816
CY207736.1	825	1654	2	2	4	825
CY207736.1	826	1592	0	1	1	1592
CY207736.1	828	1510	1	0	1	828
CY207736.1	842	1470	0	1	1	1470
CY207736.1	846	1118	1	0	1	846
CY207736.1	848	1736	11	3	14	848
CY207736.1	851	1695	1	0	1	851
CY207736.1	862	1720	14	16	30	862
CY207736.1	866	1817	12	11	23	866
CY207736.1	884	1902	5	6	11	884
CY207736.1	885	1599	7	5	12	885
CY207736.1	894	1084	1	0	1	894
CY207736.1	896	1493	0	1	1	1493
CY207736.1	898	943	0	1	1	943
CY207736.1	912	1984	1	0	1	912
CY207736.1	922	2345	0	1	1	2345
CY207736.1	938	1853	0	1	1	1853
CY207736.1	939	1072	1	0	1	939
CY207736.1	989	1017	0	1	1	1017
CY207737.1	1060	2177	1	0	1	1060
CY207737.1	1077	1271	0	1	1	1271
CY207737.1	1088	2495	0	1	1	2495
CY207737.1	1133	2215	0	1	1	2215
CY207737.1	1174	2172	1	0	1	1174
CY207737.1	1203	1829	0	1	1	1829
CY207737.1	1250	1369	0	1	1	1369
CY207737.1	1375	2258	1	0	1	1375
CY207737.1	1387	2270	21	17	38	1387
CY207737.1	1496	2303	0	1	1	2303
CY207737.1	1583	1850	0	1	1	1850
CY207737.1	1621	2256	0	1	1	2256
CY207737.1	1961	2046	0	1	1	2046
CY207737.1	2085	2199	1	0	1	2085
CY207737.1	2149	2242	11	2	13	2149
CY207737.1	244	2306	1	0	1	244
CY207737.1	274	1358	1	0	1	274
CY207737.1	286	2321	2	0	2	286
CY207737.1	306	2332	5	3	8	306
CY207737.1	339	553	0	1	1	553
CY207737.1	390	1503	1	0	1	390
CY207737.1	423	2096	2	0	2	423
CY207737.1	425	2303	1	0	1	425
CY207737.1	462	2299	3	1	4	462
CY207737.1	492	2093	10	18	28	492
CY207737.1	503	586	0	1	1	586
CY207737.1	512	2108	0	1	1	2108
CY207737.1	526	1893	5	1	6	526
CY207737.1	528	561	1	0	1	528
CY207737.1	531	2074	1	0	1	531
CY207737.1	579	2095	2	9	11	579
CY207737.1	581	2097	0	1	1	2097
CY207737.1	605	966	1	0	1	605
CY207737.1	615	889	0	1	1	889
CY207737.1	624	702	14	3	17	624
CY207737.1	627	2061	0	1	1	2061
CY207737.1	640	2301	0	1	1	2301
CY207737.1	657	1763	49	20	69	657
CY207737.1	661	1767	0	1	1	1767
CY207737.1	661	2096	0	1	1	2096
CY207737.1	668	2177	12	11	23	668
CY207737.1	672	2021	7	6	13	672
CY207737.1	683	2095	3	4	7	683
CY207737.1	742	1896	2	12	14	742
CY207737.1	743	2290	0	1	1	2290
CY207737.1	750	1910	1	7	8	750
CY207737.1	751	2160	1	0	1	751
CY207737.1	753	2013	4	14	18	753
CY207737.1	757	1797	0	1	1	1797
CY207737.1	787	1644	0	1	1	1644
CY207737.1	791	1809	4	0	4	791
CY207737.1	793	1368	1	0	1	793
CY207737.1	803	1821	1	0	1	803
CY207737.1	810	1829	0	1	1	1829
CY207737.1	812	1831	40	55	95	812
CY207737.1	813	1830	5	9	14	813
CY207737.1	814	1782	1	0	1	814
CY207737.1	824	1920	0	1	1	1920
CY207737.1	826	1879	0	2	2	1879
CY207737.1	827	1767	1	0	1	827
CY207737.1	839	1268	0	1	1	1268
CY207737.1	848	1926	0	1	1	1926
CY207737.1	861	1819	20	11	31	861
CY207737.1	888	2120	7	10	17	888
CY207737.1	903	1749	1	0	1	903
CY207737.1	908	2167	1	0	1	908
CY207737.1	919	1726	1	0	1	919
CY207737.1	927	1771	4	3	7	927
CY207737.1	930	1738	8	7	15	930
CY207737.1	934	1472	0	1	1	1472
CY207737.1	938	1588	0	1	1	1588
CY207737.1	938	1728	4	3	7	938
CY207737.1	962	1823	5	4	9	962
CY207738.1	1016	1166	1	0	1	1016
CY207738.1	1023	1712	20	17	37	1023
CY207738.1	1030	2486	0	1	1	2486
CY207738.1	1042	2047	0	3	3	2047
CY207738.1	1074	1910	0	1	1	1910
CY207738.1	1154	1843	0	1	1	1843
CY207738.1	1188	1818	1	0	1	1188
CY207738.1	1250	1524	1	0	1	1250
CY207738.1	1298	2369	1	0	1	1298
CY207738.1	1313	2104	0	1	1	2104
CY207738.1	1319	2019	0	1	1	2019
CY207738.1	1322	1835	0	1	1	1835
CY207738.1	1476	1498	0	1	1	1498
CY207738.1	1661	1764	1	0	1	1661
CY207738.1	1700	1733	3	4	7	1700
CY207738.1	1705	2079	0	1	1	2079
CY207738.1	1716	1755	7	8	15	1716
CY207738.1	1750	1836	1	2	3	1750
CY207738.1	1770	1852	1	0	1	1770
CY207738.1	2167	2240	1	0	1	2167
CY207738.1	2256	2326	1	1	2	2256
CY207738.1	2351	2380	1	0	1	2351
CY207738.1	2371	2393	1	10	11	2371
CY207738.1	261	651	1	0	1	261
CY207738.1	284	353	1	0	1	284
CY207738.1	309	2178	0	3	3	2178
CY207738.1	321	1136	1	0	1	321
CY207738.1	327	1315	0	1	1	1315
CY207738.1	329	2274	1	0	1	329
CY207738.1	330	1586	1	0	1	330
CY207738.1	332	1228	1	0	1	332
CY207738.1	339	1235	1	0	1	339
CY207738.1	339	2328	1	0	1	339
CY207738.1	346	2235	2	0	2	346
CY207738.1	347	2323	1	0	1	347
CY207738.1	349	2340	0	1	1	2340
CY207738.1	357	2246	1	1	2	357
CY207738.1	361	956	1	0	1	361
CY207738.1	362	2313	5	7	12	362
CY207738.1	364	2159	0	1	1	2159
CY207738.1	365	736	0	1	1	736
CY207738.1	366	2267	0	1	1	2267
CY207738.1	367	2313	23	43	66	367
CY207738.1	367	2317	11	19	30	367
CY207738.1	368	2116	4	17	21	368
CY207738.1	370	1134	1	0	1	370
CY207738.1	370	2326	22	30	52	370
CY207738.1	373	2329	0	2	2	2329
CY207738.1	380	1267	0	1	1	1267
CY207738.1	382	1473	0	1	1	1473
CY207738.1	395	1400	1	0	1	395
CY207738.1	397	2131	1	0	1	397
CY207738.1	408	2379	1	0	1	408
CY207738.1	409	1462	0	1	1	1462
CY207738.1	434	2270	0	21	21	2270
CY207738.1	437	1296	0	1	1	1296
CY207738.1	440	2152	2	30	32	440
CY207738.1	442	2203	1	0	1	442
CY207738.1	443	2174	1	0	1	443
CY207738.1	444	2156	0	1	1	2156
CY207738.1	446	2196	22	37	59	446
CY207738.1	450	2194	2	3	5	450
CY207738.1	454	2021	1	2	3	454
CY207738.1	454	2191	10	27	37	454
CY207738.1	468	1290	1	0	1	468
CY207738.1	481	1976	0	1	1	1976
CY207738.1	483	828	1	0	1	483
CY207738.1	484	2071	6	21	27	484
CY207738.1	490	2035	14	48	62	490
CY207738.1	490	2230	22	22	44	490
CY207738.1	498	2050	2	6	8	498
CY207738.1	503	2234	183	179	362	503
CY207738.1	509	2189	1	8	9	509
CY207738.1	511	2069	1	0	1	511
CY207738.1	511	2072	2	17	19	511
CY207738.1	513	2071	4	27	31	513
CY207738.1	525	2074	13	55	68	525
CY207738.1	528	1971	3	10	13	528
CY207738.1	528	2070	10	47	57	528
CY207738.1	530	1351	0	1	1	1351
CY207738.1	532	2066	38	111	149	532
CY207738.1	534	1977	0	1	1	1977
CY207738.1	534	2259	0	1	1	2259
CY207738.1	546	2271	0	1	1	2271
CY207738.1	560	2030	1	0	1	560
CY207738.1	566	2113	8	5	13	566
CY207738.1	567	2038	15	53	68	567
CY207738.1	573	1967	1	0	1	573
CY207738.1	574	1830	11	11	22	574
CY207738.1	577	2218	1	0	1	577
CY207738.1	580	2086	2	3	5	580
CY207738.1	585	2020	3	18	21	585
CY207738.1	597	1801	4	5	9	597
CY207738.1	598	2015	2	15	17	598
CY207738.1	600	1865	10	13	23	600
CY207738.1	636	1814	12	6	18	636
CY207738.1	641	1866	3	0	3	641
CY207738.1	647	2336	1	0	1	647
CY207738.1	654	2332	0	1	1	2332
CY207738.1	657	1995	0	5	5	1995
CY207738.1	662	1887	35	40	75	662
CY207738.1	664	2171	6	3	9	664
CY207738.1	675	2049	4	15	19	675
CY207738.1	690	1958	2	8	10	690
CY207738.1	704	1424	1	0	1	704
CY207738.1	707	2074	1	3	4	707
CY207738.1	718	2379	1	0	1	718
CY207738.1	720	2054	3	6	9	720
CY207738.1	737	1937	3	17	20	737
CY207738.1	777	844	7	3	10	777
CY207738.1	780	1813	1	0	1	780
CY207738.1	788	1991	5	7	12	788
CY207738.1	788	853	0	1	1	853
CY207738.1	789	1866	1	0	1	789
CY207738.1	791	1907	2	0	2	791
CY207738.1	797	1913	35	34	69	797
CY207738.1	798	1249	0	1	1	1249
CY207738.1	801	2018	0	1	1	2018
CY207738.1	805	1830	3	4	7	805
CY207738.1	809	1850	10	7	17	809
CY207738.1	812	1931	0	3	3	1931
CY207738.1	823	1874	12	11	23	823
CY207738.1	827	1937	6	5	11	827
CY207738.1	829	1879	0	2	2	1879
CY207738.1	842	1860	1	0	1	842
CY207738.1	843	1810	9	6	15	843
CY207738.1	853	1843	1	0	1	853
CY207738.1	856	1861	10	4	14	856
CY207738.1	857	1879	12	8	20	857
CY207738.1	861	1845	4	8	12	861
CY207738.1	882	2101	10	24	34	882
CY207738.1	896	1101	1	2	3	896
CY207738.1	899	1808	7	2	9	899
CY207738.1	918	1569	0	1	1	1569
CY207738.1	920	2000	4	3	7	920
CY207738.1	923	1693	2	3	5	923
CY207738.1	963	1724	4	4	8	963
CY207738.1	975	1434	0	1	1	1434
CY207738.1	979	1318	0	1	1	1318
