Segment	Start	Stop	Forward_support	Reverse_support	Total_support	Fuzz_factor
CY207731.1	1011	1284	1	0	1	1011
CY207731.1	1017	1368	0	1	1	1368
CY207731.1	1024	1507	1	0	1	1024
CY207731.1	1032	1104	1	0	1	1032
CY207731.1	1032	1720	1	0	1	1032
CY207731.1	1046	1177	1	0	1	1046
CY207731.1	1081	1261	1	0	1	1081
CY207731.1	1086	1781	1	0	1	1086
CY207731.1	1098	1499	1	0	1	1098
CY207731.1	1101	1522	1	0	1	1101
CY207731.1	1131	1168	1	0	1	1131
CY207731.1	1132	1473	0	1	1	1473
CY207731.1	1154	1612	1	0	1	1154
CY207731.1	1158	1704	0	1	1	1704
CY207731.1	1163	1682	1	0	1	1163
CY207731.1	1176	1872	0	1	1	1872
CY207731.1	1180	1210	1	1	2	1180
CY207731.1	1200	1912	0	1	1	1912
CY207731.1	1258	1628	1	0	1	1258
CY207731.1	1267	1820	0	1	1	1820
CY207731.1	1299	1651	0	1	1	1651
CY207731.1	1305	1412	0	1	1	1412
CY207731.1	1314	1668	1	0	1	1314
CY207731.1	1338	1730	0	1	1	1730
CY207731.1	1340	1836	0	1	1	1836
CY207731.1	1369	1426	0	1	1	1426
CY207731.1	1386	1736	1	0	1	1386
CY207731.1	1400	1618	0	1	1	1618
CY207731.1	1411	1500	0	1	1	1500
CY207731.1	1432	1519	0	1	1	1519
CY207731.1	1474	1837	1	0	1	1474
CY207731.1	1482	1771	0	1	1	1771
CY207731.1	1511	1818	1	0	1	1511
CY207731.1	1513	1734	0	1	1	1734
CY207731.1	1519	1658	0	1	1	1658
CY207731.1	1539	1898	0	1	1	1898
CY207731.1	1605	1710	1	0	1	1605
CY207731.1	1615	1678	0	1	1	1678
CY207731.1	1635	1724	1	0	1	1635
CY207731.1	1680	1760	0	1	1	1760
CY207731.1	1697	1794	1	0	1	1697
CY207731.1	1727	1817	0	1	1	1817
CY207731.1	1781	1901	0	1	1	1901
CY207731.1	1786	1812	0	1	1	1812
CY207731.1	248	1859	1	0	1	248
CY207731.1	252	1796	1	0	1	252
CY207731.1	287	1637	1	0	1	287
CY207731.1	288	1660	1	0	1	288
CY207731.1	288	486	1	0	1	288
CY207731.1	290	1267	1	0	1	290
CY207731.1	291	1357	1	0	1	291
CY207731.1	299	1131	1	0	1	299
CY207731.1	310	1601	0	1	1	1601
CY207731.1	312	346	1	0	1	312
CY207731.1	313	606	1	0	1	313
CY207731.1	323	1895	0	1	1	1895
CY207731.1	351	843	1	0	1	351
CY207731.1	353	565	0	1	1	565
CY207731.1	369	1694	0	1	1	1694
CY207731.1	372	1156	0	1	1	1156
CY207731.1	373	1412	1	0	1	373
CY207731.1	380	641	0	1	1	641
CY207731.1	381	1726	0	1	1	1726
CY207731.1	385	1334	1	0	1	385
CY207731.1	389	1416	0	1	1	1416
CY207731.1	394	1132	0	1	1	1132
CY207731.1	398	555	1	0	1	398
CY207731.1	401	1597	0	1	1	1597
CY207731.1	402	1250	1	0	1	402
CY207731.1	406	1678	0	1	1	1678
CY207731.1	406	1765	0	1	1	1765
CY207731.1	413	991	1	0	1	413
CY207731.1	421	1785	1	0	1	421
CY207731.1	423	530	0	1	1	530
CY207731.1	424	1793	0	1	1	1793
CY207731.1	429	1684	0	1	1	1684
CY207731.1	430	1513	0	1	1	1513
CY207731.1	434	1739	1	0	1	434
CY207731.1	437	1639	0	1	1	1639
CY207731.1	443	1418	0	1	1	1418
CY207731.1	446	1883	0	1	1	1883
CY207731.1	449	1302	1	0	1	449
CY207731.1	451	1041	1	0	1	451
CY207731.1	457	1049	1	0	1	457
CY207731.1	457	1393	1	0	1	457
CY207731.1	458	1728	1	0	1	458
CY207731.1	459	737	0	1	1	737
CY207731.1	460	1511	1	0	1	460
CY207731.1	462	1298	0	1	1	1298
CY207731.1	464	1014	0	1	1	1014
CY207731.1	469	1880	0	1	1	1880
CY207731.1	472	629	0	1	1	629
CY207731.1	473	855	1	0	1	473
CY207731.1	475	1261	1	0	1	475
CY207731.1	477	547	0	1	1	547
CY207731.1	480	1086	1	0	1	480
CY207731.1	481	1550	0	1	1	1550
CY207731.1	484	853	0	1	1	853
CY207731.1	486	1616	0	1	1	1616
CY207731.1	489	1386	0	1	1	1386
CY207731.1	489	1892	0	1	1	1892
CY207731.1	499	597	0	1	1	597
CY207731.1	502	527	1	0	1	502
CY207731.1	508	1449	0	1	1	1449
CY207731.1	508	598	1	0	1	508
CY207731.1	509	1714	1	0	1	509
CY207731.1	512	1388	1	0	1	512
CY207731.1	516	860	0	1	1	860
CY207731.1	527	1301	0	1	1	1301
CY207731.1	527	1727	1	0	1	527
CY207731.1	527	563	0	1	1	563
CY207731.1	527	653	0	1	1	653
CY207731.1	531	709	1	0	1	531
CY207731.1	541	1517	1	0	1	541
CY207731.1	549	1761	1	0	1	549
CY207731.1	556	618	0	1	1	618
CY207731.1	558	1129	1	0	1	558
CY207731.1	559	1099	1	0	1	559
CY207731.1	559	719	0	1	1	719
CY207731.1	565	1641	1	1	2	565
CY207731.1	567	1619	1	2	3	567
CY207731.1	567	1885	1	0	1	567
CY207731.1	568	1204	4	5	9	568
CY207731.1	570	600	0	1	1	600
CY207731.1	576	1307	1	0	1	576
CY207731.1	591	1099	1	0	1	591
CY207731.1	595	982	1	0	1	595
CY207731.1	602	1548	0	1	1	1548
CY207731.1	617	1002	1	1	2	617
CY207731.1	621	1508	0	1	1	1508
CY207731.1	625	1265	1	0	1	625
CY207731.1	640	1547	0	1	1	1547
CY207731.1	642	1840	0	1	1	1840
CY207731.1	643	1591	0	1	1	1591
CY207731.1	648	1755	1	0	1	648
CY207731.1	651	1304	0	1	1	1304
CY207731.1	660	957	0	1	1	957
CY207731.1	695	1710	1	0	1	695
CY207731.1	699	1484	0	1	1	1484
CY207731.1	700	1883	0	1	1	1883
CY207731.1	731	818	0	1	1	818
CY207731.1	732	1429	0	1	1	1429
CY207731.1	737	1195	1	0	1	737
CY207731.1	737	1304	0	1	1	1304
CY207731.1	738	1604	0	1	1	1604
CY207731.1	747	946	1	0	1	747
CY207731.1	753	1646	0	1	1	1646
CY207731.1	758	1693	0	1	1	1693
CY207731.1	760	1471	0	1	1	1471
CY207731.1	762	977	0	1	1	977
CY207731.1	766	1347	1	0	1	766
CY207731.1	781	1704	1	0	1	781
CY207731.1	804	1775	1	0	1	804
CY207731.1	816	1712	1	0	1	816
CY207731.1	835	916	1	0	1	835
CY207731.1	837	1300	1	0	1	837
CY207731.1	901	1767	1	0	1	901
CY207731.1	918	943	0	1	1	943
CY207731.1	920	1618	0	1	1	1618
CY207731.1	922	946	0	1	1	946
CY207731.1	926	1707	1	0	1	926
CY207731.1	939	1347	1	0	1	939
CY207731.1	972	1013	0	2	2	1013
CY207731.1	977	1208	0	1	1	1208
CY207731.1	977	1759	1	0	1	977
CY207731.1	977	1871	0	1	1	1871
CY207731.1	993	1773	2	0	2	993
CY207732.1	239	954	1	0	1	239
CY207732.1	247	949	0	1	1	949
CY207732.1	248	931	1	0	1	248
CY207732.1	251	953	1	0	1	251
CY207732.1	253	1016	1	0	1	253
CY207732.1	258	380	1	0	1	258
CY207732.1	260	542	1	0	1	260
CY207732.1	261	910	1	0	1	261
CY207732.1	276	471	1	0	1	276
CY207732.1	278	1087	1	0	1	278
CY207732.1	280	723	1	0	1	280
CY207732.1	288	727	1	0	1	288
CY207732.1	292	325	0	1	1	325
CY207732.1	292	439	1	0	1	292
CY207732.1	308	892	0	1	1	892
CY207732.1	320	358	0	1	1	358
CY207732.1	334	682	4	16	20	334
CY207732.1	336	870	0	1	1	870
CY207732.1	338	1017	0	1	1	1017
CY207732.1	341	903	1	0	1	341
CY207732.1	342	1074	1	0	1	342
CY207732.1	342	1151	0	1	1	1151
CY207732.1	356	766	0	1	1	766
CY207732.1	358	840	0	1	1	840
CY207732.1	364	1100	1	0	1	364
CY207732.1	369	560	0	1	1	560
CY207732.1	371	731	0	1	1	731
CY207732.1	374	555	0	1	1	555
CY207732.1	376	959	0	1	1	959
CY207732.1	382	1081	1	0	1	382
CY207732.1	387	608	0	1	1	608
CY207732.1	387	789	1	0	1	387
CY207732.1	392	497	0	1	1	497
CY207732.1	393	793	1	0	1	393
CY207732.1	395	553	1	0	1	395
CY207732.1	399	968	0	1	1	968
CY207732.1	403	1053	1	0	1	403
CY207732.1	403	677	0	1	1	677
CY207732.1	403	679	0	1	1	679
CY207732.1	411	940	1	0	1	411
CY207732.1	413	1054	1	0	1	413
CY207732.1	421	851	1	0	1	421
CY207732.1	435	672	0	1	1	672
CY207732.1	439	823	0	1	1	823
CY207732.1	440	908	1	0	1	440
CY207732.1	460	572	0	1	1	572
CY207732.1	463	1080	1	0	1	463
CY207732.1	468	800	0	1	1	800
CY207732.1	472	1068	1	0	1	472
CY207732.1	473	605	0	1	1	605
CY207732.1	473	840	0	1	1	840
CY207732.1	476	805	0	1	1	805
CY207732.1	478	930	1	0	1	478
CY207732.1	483	905	0	1	1	905
CY207732.1	485	1081	0	1	1	1081
CY207732.1	485	943	0	1	1	943
CY207732.1	500	627	0	1	1	627
CY207732.1	506	1151	0	1	1	1151
CY207732.1	509	558	1	0	1	509
CY207732.1	510	536	1	0	1	510
CY207732.1	528	779	0	1	1	779
CY207732.1	533	1099	0	1	1	1099
CY207732.1	535	1068	0	1	1	1068
CY207732.1	535	728	0	1	1	728
CY207732.1	535	791	0	1	1	791
CY207732.1	536	1143	0	1	1	1143
CY207732.1	536	769	0	1	1	769
CY207732.1	557	828	0	1	1	828
CY207732.1	561	751	1	0	1	561
CY207732.1	566	647	0	1	1	647
CY207732.1	569	941	0	1	1	941
CY207732.1	585	617	1	0	1	585
CY207732.1	600	863	0	1	1	863
CY207732.1	602	697	1	0	1	602
CY207732.1	605	669	0	1	1	669
CY207732.1	621	873	1	0	1	621
CY207732.1	628	725	1	0	1	628
CY207732.1	647	1059	0	1	1	1059
CY207732.1	654	1159	0	1	1	1159
CY207732.1	663	731	0	1	1	731
CY207732.1	676	833	1	0	1	676
CY207732.1	679	815	1	3	4	679
CY207732.1	680	1019	1	0	1	680
CY207732.1	681	964	1	0	1	681
CY207732.1	702	1002	1	0	1	702
CY207732.1	705	1083	1	0	1	705
CY207732.1	717	883	1	0	1	717
CY207732.1	718	860	6	4	10	718
CY207732.1	720	1179	0	1	1	1179
CY207732.1	746	818	1	0	1	746
CY207732.1	748	1131	0	1	1	1131
CY207732.1	753	873	1	0	1	753
CY207732.1	765	1062	1	0	1	765
CY207732.1	769	799	1	0	1	769
CY207732.1	774	947	1	0	1	774
CY207732.1	788	1143	0	1	1	1143
CY207732.1	798	932	0	1	1	932
CY207732.1	805	994	1	0	1	805
CY207732.1	828	877	1	0	1	828
CY207732.1	830	900	1	0	1	830
CY207732.1	834	914	3	0	3	834
CY207732.1	844	925	0	1	1	925
CY207732.1	862	962	1	0	1	862
CY207732.1	885	959	1	0	1	885
CY207732.1	922	1159	0	1	1	1159
CY207732.1	941	1149	0	1	1	1149
CY207732.1	976	1017	1	0	1	976
CY207733.1	1008	1058	0	1	1	1058
CY207733.1	1014	1381	1	0	1	1014
CY207733.1	1044	1554	0	1	1	1554
CY207733.1	1046	1469	1	0	1	1046
CY207733.1	1055	1419	1	0	1	1055
CY207733.1	1071	1268	0	1	1	1268
CY207733.1	1090	1184	3	5	8	1090
CY207733.1	1103	1427	0	1	1	1427
CY207733.1	1135	1426	1	0	1	1135
CY207733.1	1135	1474	1	0	1	1135
CY207733.1	1169	1511	0	1	1	1511
CY207733.1	1188	1430	0	1	1	1430
CY207733.1	1386	1464	0	1	1	1464
CY207733.1	1496	1596	0	1	1	1596
CY207733.1	1531	1605	0	1	1	1605
CY207733.1	236	399	1	0	1	236
CY207733.1	274	820	1	0	1	274
CY207733.1	279	1430	1	0	1	279
CY207733.1	283	680	1	0	1	283
CY207733.1	283	965	1	0	1	283
CY207733.1	314	1435	1	7	8	314
CY207733.1	336	417	0	1	1	417
CY207733.1	341	448	0	1	1	448
CY207733.1	363	1235	0	1	1	1235
CY207733.1	365	1475	0	3	3	1475
CY207733.1	380	1468	0	1	1	1468
CY207733.1	381	1337	1	0	1	381
CY207733.1	385	546	1	0	1	385
CY207733.1	385	730	0	1	1	730
CY207733.1	385	852	0	1	1	852
CY207733.1	389	1240	0	1	1	1240
CY207733.1	393	1396	0	1	1	1396
CY207733.1	407	853	0	1	1	853
CY207733.1	423	966	1	0	1	423
CY207733.1	441	1046	0	1	1	1046
CY207733.1	442	649	1	0	1	442
CY207733.1	443	836	0	1	1	836
CY207733.1	458	534	0	1	1	534
CY207733.1	470	1015	0	1	1	1015
CY207733.1	490	1450	1	0	1	490
CY207733.1	511	1132	1	0	1	511
CY207733.1	524	564	1	1	2	524
CY207733.1	572	1036	1	0	1	572
CY207733.1	574	1461	1	0	1	574
CY207733.1	583	1267	0	1	1	1267
CY207733.1	584	1082	11	8	19	584
CY207733.1	586	1084	0	1	1	1084
CY207733.1	620	936	0	1	1	936
CY207733.1	622	1474	0	1	1	1474
CY207733.1	628	1163	1	0	1	628
CY207733.1	654	680	0	1	1	680
CY207733.1	661	825	1	0	1	661
CY207733.1	666	802	0	1	1	802
CY207733.1	674	1385	1	0	1	674
CY207733.1	714	1250	1	0	1	714
CY207733.1	737	1440	0	1	1	1440
CY207733.1	755	1412	1	1	2	755
CY207733.1	763	1323	1	0	1	763
CY207733.1	769	1469	0	1	1	1469
CY207733.1	818	1089	0	1	1	1089
CY207733.1	871	899	1	0	1	871
CY207733.1	929	1024	0	1	1	1024
CY207733.1	932	1248	0	1	1	1248
CY207733.1	959	1182	0	1	1	1182
CY207733.1	961	1461	1	0	1	961
CY207733.1	973	1188	0	1	1	1188
CY207733.1	987	1410	1	0	1	987
CY207733.1	988	1318	0	1	1	1318
CY207733.1	991	1301	1	0	1	991
CY207733.1	992	1499	1	0	1	992
CY207733.1	996	1367	0	1	1	1367
CY207734.1	1010	1584	1	0	1	1010
CY207734.1	1043	1227	0	1	1	1227
CY207734.1	1057	1364	0	1	1	1364
CY207734.1	1072	1588	1	0	1	1072
CY207734.1	1122	1679	0	1	1	1679
CY207734.1	1132	1429	0	1	1	1429
CY207734.1	1143	1277	1	0	1	1143
CY207734.1	1190	1600	0	1	1	1600
CY207734.1	1250	1538	0	1	1	1538
CY207734.1	1293	1427	0	1	1	1427
CY207734.1	1319	1436	1	0	1	1319
CY207734.1	1368	1494	1	0	1	1368
CY207734.1	1395	1550	1	0	1	1395
CY207734.1	1464	1521	0	1	1	1521
CY207734.1	1472	1510	0	1	1	1510
CY207734.1	1496	1544	0	1	1	1544
CY207734.1	1502	1574	1	0	1	1502
CY207734.1	1536	1683	0	1	1	1683
CY207734.1	240	598	1	0	1	240
CY207734.1	242	1575	1	0	1	242
CY207734.1	245	1521	1	0	1	245
CY207734.1	246	1519	1	0	1	246
CY207734.1	246	603	1	0	1	246
CY207734.1	255	1453	0	1	1	1453
CY207734.1	258	587	1	0	1	258
CY207734.1	280	1276	1	0	1	280
CY207734.1	288	930	1	0	1	288
CY207734.1	292	1406	0	1	1	1406
CY207734.1	299	1179	0	1	1	1179
CY207734.1	304	829	0	1	1	829
CY207734.1	308	881	1	0	1	308
CY207734.1	313	1387	1	1	2	313
CY207734.1	320	748	0	1	1	748
CY207734.1	327	889	0	1	1	889
CY207734.1	329	801	0	1	1	801
CY207734.1	331	1193	0	1	1	1193
CY207734.1	337	945	0	1	1	945
CY207734.1	340	1144	0	1	1	1144
CY207734.1	350	1371	1	0	1	350
CY207734.1	354	1619	1	0	1	354
CY207734.1	359	1004	0	1	1	1004
CY207734.1	369	1346	0	1	1	1346
CY207734.1	371	593	0	1	1	593
CY207734.1	375	1375	0	1	1	1375
CY207734.1	386	1370	1	1	2	386
CY207734.1	392	1144	0	1	1	1144
CY207734.1	393	1464	0	1	1	1464
CY207734.1	395	1522	1	0	1	395
CY207734.1	396	474	0	1	1	474
CY207734.1	400	1452	0	1	1	1452
CY207734.1	419	1585	0	1	1	1585
CY207734.1	420	884	0	1	1	884
CY207734.1	421	940	1	4	5	421
CY207734.1	435	587	1	0	1	435
CY207734.1	440	957	1	1	2	440
CY207734.1	444	1523	0	1	1	1523
CY207734.1	448	1601	0	1	1	1601
CY207734.1	455	1257	0	1	1	1257
CY207734.1	461	975	1	0	1	461
CY207734.1	464	584	1	0	1	464
CY207734.1	465	1590	0	1	1	1590
CY207734.1	465	996	0	1	1	996
CY207734.1	467	793	1	0	1	467
CY207734.1	467	981	0	1	1	981
CY207734.1	480	523	0	1	1	523
CY207734.1	484	1529	0	1	1	1529
CY207734.1	484	1551	1	0	1	484
CY207734.1	505	1026	0	1	1	1026
CY207734.1	512	1437	0	1	1	1437
CY207734.1	531	986	0	1	1	986
CY207734.1	538	1371	1	0	1	538
CY207734.1	539	578	0	1	1	578
CY207734.1	545	1569	1	0	1	545
CY207734.1	548	1445	0	1	1	1445
CY207734.1	548	1547	1	0	1	548
CY207734.1	552	1314	1	0	1	552
CY207734.1	556	1583	0	1	1	1583
CY207734.1	558	623	3	2	5	558
CY207734.1	559	1024	0	1	1	1024
CY207734.1	568	1041	0	1	1	1041
CY207734.1	569	1041	0	1	1	1041
CY207734.1	572	781	1	0	1	572
CY207734.1	574	831	1	1	2	574
CY207734.1	591	1579	1	0	1	591
CY207734.1	600	766	1	0	1	600
CY207734.1	600	848	1	0	1	600
CY207734.1	600	898	1	0	1	600
CY207734.1	606	1568	0	1	1	1568
CY207734.1	619	860	0	1	1	860
CY207734.1	620	812	3	1	4	620
CY207734.1	621	871	0	1	1	871
CY207734.1	629	1289	0	1	1	1289
CY207734.1	646	1283	1	0	1	646
CY207734.1	651	902	0	1	1	902
CY207734.1	655	774	1	0	1	655
CY207734.1	657	1304	0	1	1	1304
CY207734.1	662	702	1	0	1	662
CY207734.1	666	1584	1	0	1	666
CY207734.1	672	1403	1	0	1	672
CY207734.1	673	1468	1	0	1	673
CY207734.1	677	918	1	0	1	677
CY207734.1	678	744	1	0	1	678
CY207734.1	680	1413	1	0	1	680
CY207734.1	682	915	1	0	1	682
CY207734.1	683	1169	0	1	1	1169
CY207734.1	718	1520	0	1	1	1520
CY207734.1	743	1091	1	0	1	743
CY207734.1	754	1137	1	0	1	754
CY207734.1	770	1312	1	0	1	770
CY207734.1	777	1161	1	0	1	777
CY207734.1	803	982	0	1	1	982
CY207734.1	807	1718	0	1	1	1718
CY207734.1	812	1681	0	1	1	1681
CY207734.1	814	1370	0	1	1	1370
CY207734.1	838	1502	1	0	1	838
CY207734.1	840	1224	1	0	1	840
CY207734.1	841	1622	1	1	2	841
CY207734.1	851	1584	1	0	1	851
CY207734.1	863	1412	0	1	1	1412
CY207734.1	870	1563	1	0	1	870
CY207734.1	908	1609	1	0	1	908
CY207734.1	911	1595	1	0	1	911
CY207734.1	912	1469	1	0	1	912
CY207734.1	927	1704	0	1	1	1704
CY207734.1	930	1291	0	1	1	1291
CY207734.1	957	1228	1	0	1	957
CY207734.1	971	1042	1	0	1	971
CY207734.1	992	1465	0	1	1	1465
CY207735.1	244	389	1	0	1	244
CY207735.1	255	836	1	0	1	255
CY207735.1	261	930	1	0	1	261
CY207735.1	272	933	1	0	1	272
CY207735.1	287	383	1	0	1	287
CY207735.1	287	961	3	0	3	287
CY207735.1	288	377	1	0	1	288
CY207735.1	361	1016	0	1	1	1016
CY207735.1	361	848	0	1	1	848
CY207735.1	363	568	0	1	1	568
CY207735.1	410	688	0	1	1	688
CY207735.1	419	446	0	1	1	446
CY207735.1	428	892	0	1	1	892
CY207735.1	439	542	0	1	1	542
CY207735.1	459	652	0	1	1	652
CY207735.1	462	524	0	1	1	524
CY207735.1	475	707	0	1	1	707
CY207735.1	482	782	0	1	1	782
CY207735.1	494	1005	0	2	2	1005
CY207735.1	499	729	1	2	3	499
CY207735.1	511	740	39	109	148	511
CY207735.1	519	746	5	13	18	519
CY207735.1	533	571	0	1	1	571
CY207735.1	629	880	0	1	1	880
CY207735.1	657	795	1	0	1	657
CY207735.1	763	846	1	0	1	763
CY207735.1	790	923	4	3	7	790
CY207736.1	1000	2194	0	1	1	2194
CY207736.1	1011	2240	1	0	1	1011
CY207736.1	1014	2050	0	1	1	2050
CY207736.1	1022	2047	16	20	36	1022
CY207736.1	1033	1069	1	3	4	1033
CY207736.1	1046	2222	0	1	1	2222
CY207736.1	1067	1672	0	1	1	1672
CY207736.1	1079	1810	0	1	1	1810
CY207736.1	1080	2362	0	1	1	2362
CY207736.1	1095	2005	15	11	26	1095
CY207736.1	1101	2062	1	0	1	1101
CY207736.1	1109	2020	0	1	1	2020
CY207736.1	1115	1306	0	1	1	1306
CY207736.1	1117	1858	0	1	1	1858
CY207736.1	1160	1300	0	1	1	1300
CY207736.1	1174	1711	0	1	1	1711
CY207736.1	1182	2229	1	0	1	1182
CY207736.1	1191	1520	0	1	1	1520
CY207736.1	1197	1825	0	1	1	1825
CY207736.1	1235	1792	1	1	2	1235
CY207736.1	1236	1863	0	1	1	1863
CY207736.1	1242	1686	6	5	11	1242
CY207736.1	1248	1327	1	2	3	1248
CY207736.1	1261	1376	0	1	1	1376
CY207736.1	1267	1518	0	1	1	1518
CY207736.1	1275	1617	1	0	1	1275
CY207736.1	1277	1567	0	1	1	1567
CY207736.1	1314	1425	1	0	1	1314
CY207736.1	1327	1371	0	1	1	1371
CY207736.1	1341	2118	0	1	1	2118
CY207736.1	1372	1624	1	0	1	1372
CY207736.1	1413	2110	0	1	1	2110
CY207736.1	1415	2253	1	0	1	1415
CY207736.1	1421	1829	0	1	1	1829
CY207736.1	1454	2255	1	0	1	1454
CY207736.1	1517	1993	0	1	1	1993
CY207736.1	1558	1665	1	0	1	1558
CY207736.1	1570	2225	0	1	1	2225
CY207736.1	1653	2188	1	0	1	1653
CY207736.1	1675	2006	1	0	1	1675
CY207736.1	1729	1808	1	0	1	1729
CY207736.1	1743	2190	1	0	1	1743
CY207736.1	1744	1980	1	0	1	1744
CY207736.1	1769	2231	1	0	1	1769
CY207736.1	1772	2152	1	0	1	1772
CY207736.1	1789	2006	0	6	6	2006
CY207736.1	1848	2022	1	0	1	1848
CY207736.1	1869	2185	0	1	1	2185
CY207736.1	2063	2344	0	1	1	2344
CY207736.1	2074	2288	2	2	4	2074
CY207736.1	2185	2283	1	7	8	2185
CY207736.1	2221	2350	0	1	1	2350
CY207736.1	273	1376	0	1	1	1376
CY207736.1	276	2213	1	0	1	276
CY207736.1	277	1713	1	0	1	277
CY207736.1	285	977	1	0	1	285
CY207736.1	286	1503	1	0	1	286
CY207736.1	298	2060	0	1	1	2060
CY207736.1	300	1513	1	0	1	300
CY207736.1	304	2154	1	5	6	304
CY207736.1	307	2067	0	1	1	2067
CY207736.1	316	1560	0	1	1	1560
CY207736.1	353	1572	0	1	1	1572
CY207736.1	358	1001	0	1	1	1001
CY207736.1	374	791	1	0	1	374
CY207736.1	383	705	0	1	1	705
CY207736.1	397	1710	0	1	1	1710
CY207736.1	401	1896	1	0	1	401
CY207736.1	403	1592	1	0	1	403
CY207736.1	404	2164	1	0	1	404
CY207736.1	410	2134	0	1	1	2134
CY207736.1	427	991	1	1	2	427
CY207736.1	430	2153	0	1	1	2153
CY207736.1	438	1521	1	0	1	438
CY207736.1	446	1272	0	1	1	1272
CY207736.1	453	1089	1	0	1	453
CY207736.1	455	1217	0	1	1	1217
CY207736.1	457	780	1	0	1	457
CY207736.1	463	1607	1	0	1	463
CY207736.1	463	878	0	1	1	878
CY207736.1	472	1446	1	0	1	472
CY207736.1	476	1459	2	0	2	476
CY207736.1	479	2283	0	1	1	2283
CY207736.1	483	1465	0	1	1	1465
CY207736.1	522	946	1	0	1	522
CY207736.1	554	727	1	0	1	554
CY207736.1	562	2002	29	8	37	562
CY207736.1	563	2007	5	1	6	563
CY207736.1	564	2035	11	4	15	564
CY207736.1	574	1733	1	0	1	574
CY207736.1	583	1758	1	0	1	583
CY207736.1	584	1961	1	0	1	584
CY207736.1	589	1764	0	2	2	1764
CY207736.1	596	2002	16	7	23	596
CY207736.1	606	1900	8	8	16	606
CY207736.1	608	738	1	0	1	608
CY207736.1	610	733	1	0	1	610
CY207736.1	616	1544	16	8	24	616
CY207736.1	625	1463	0	1	1	1463
CY207736.1	627	1121	1	0	1	627
CY207736.1	643	1371	1	0	1	643
CY207736.1	644	1861	8	3	11	644
CY207736.1	647	715	0	1	1	715
CY207736.1	651	1766	0	1	1	1766
CY207736.1	663	912	1	0	1	663
CY207736.1	670	1988	0	4	4	1988
CY207736.1	674	1887	21	26	47	674
CY207736.1	675	1507	1	0	1	675
CY207736.1	686	1952	0	1	1	1952
CY207736.1	688	1900	0	1	1	1900
CY207736.1	688	716	2	0	2	688
CY207736.1	689	771	2	0	2	689
CY207736.1	693	966	0	1	1	966
CY207736.1	695	1938	0	1	1	1938
CY207736.1	695	2101	0	1	1	2101
CY207736.1	698	1515	1	0	1	698
CY207736.1	699	817	2	0	2	699
CY207736.1	705	1786	0	1	1	1786
CY207736.1	709	2259	0	1	1	2259
CY207736.1	715	1312	1	0	1	715
CY207736.1	720	1121	0	1	1	1121
CY207736.1	722	2075	0	1	1	2075
CY207736.1	725	2363	0	1	1	2363
CY207736.1	740	1716	1	0	1	740
CY207736.1	743	1395	1	0	1	743
CY207736.1	766	968	1	0	1	766
CY207736.1	767	1952	23	23	46	767
CY207736.1	773	1458	1	0	1	773
CY207736.1	777	1510	1	0	1	777
CY207736.1	781	1976	1	4	5	781
CY207736.1	812	2112	1	0	1	812
CY207736.1	814	1710	1	2	3	814
CY207736.1	823	1558	0	1	1	1558
CY207736.1	824	1169	0	1	1	1169
CY207736.1	824	1506	1	0	1	824
CY207736.1	831	1308	1	1	2	831
CY207736.1	840	1950	1	0	1	840
CY207736.1	845	1942	0	1	1	1942
CY207736.1	847	1513	1	0	1	847
CY207736.1	848	1759	0	1	1	1759
CY207736.1	853	1401	0	1	1	1401
CY207736.1	859	2353	0	1	1	2353
CY207736.1	863	1527	10	8	18	863
CY207736.1	879	2277	1	0	1	879
CY207736.1	882	1613	0	1	1	1613
CY207736.1	906	2370	0	1	1	2370
CY207736.1	915	1667	2	2	4	915
CY207736.1	921	1810	1	0	1	921
CY207736.1	946	1713	1	0	1	946
CY207736.1	946	2365	0	1	1	2365
CY207736.1	950	1394	2	4	6	950
CY207736.1	950	1424	0	1	1	1424
CY207736.1	953	2004	1	0	1	953
CY207736.1	979	1878	0	1	1	1878
CY207736.1	980	1369	0	1	1	1369
CY207736.1	988	1107	0	1	1	1107
CY207736.1	996	1351	0	1	1	1351
CY207737.1	1029	1984	0	1	1	1984
CY207737.1	1054	1661	1	0	1	1054
CY207737.1	1081	1277	0	1	1	1277
CY207737.1	1106	2214	1	0	1	1106
CY207737.1	1153	1384	0	1	1	1384
CY207737.1	1161	1208	1	0	1	1161
CY207737.1	1166	1204	1	0	1	1166
CY207737.1	1268	1519	0	1	1	1519
CY207737.1	1308	2291	1	0	1	1308
CY207737.1	1415	1804	0	1	1	1804
CY207737.1	1444	1526	1	0	1	1444
CY207737.1	1445	1944	1	1	2	1445
CY207737.1	1462	1802	0	1	1	1802
CY207737.1	1496	1539	1	0	1	1496
CY207737.1	1505	1948	0	1	1	1948
CY207737.1	1548	2305	1	0	1	1548
CY207737.1	1679	2217	0	1	1	2217
CY207737.1	1774	2123	0	1	1	2123
CY207737.1	1826	1855	0	1	1	1855
CY207737.1	1908	2060	0	1	1	2060
CY207737.1	2236	2273	0	1	1	2273
CY207737.1	2308	2411	1	0	1	2308
CY207737.1	240	714	1	0	1	240
CY207737.1	258	414	1	0	1	258
CY207737.1	341	614	1	0	1	341
CY207737.1	343	1318	1	0	1	343
CY207737.1	367	2188	30	51	81	367
CY207737.1	372	1300	0	2	2	1300
CY207737.1	372	916	2	0	2	372
CY207737.1	377	1534	0	1	1	1534
CY207737.1	394	2207	0	1	1	2207
CY207737.1	395	1364	0	1	1	1364
CY207737.1	398	2312	1	0	1	398
CY207737.1	400	989	1	0	1	400
CY207737.1	404	1131	1	0	1	404
CY207737.1	409	2236	0	1	1	2236
CY207737.1	415	2236	0	1	1	2236
CY207737.1	453	2232	0	1	1	2232
CY207737.1	461	955	0	1	1	955
CY207737.1	476	2089	1	0	1	476
CY207737.1	484	2118	1	0	1	484
CY207737.1	488	1909	1	0	1	488
CY207737.1	489	2368	0	2	2	2368
CY207737.1	491	1576	0	1	1	1576
CY207737.1	494	2067	0	1	1	2067
CY207737.1	494	2373	1	0	1	494
CY207737.1	496	588	0	1	1	588
CY207737.1	507	2061	25	18	43	507
CY207737.1	527	2112	0	1	1	2112
CY207737.1	594	1444	0	1	1	1444
CY207737.1	602	2302	0	1	1	2302
CY207737.1	611	2217	0	1	1	2217
CY207737.1	620	894	1	0	1	620
CY207737.1	623	662	1	0	1	623
CY207737.1	626	1458	1	0	1	626
CY207737.1	640	2204	2	1	3	640
CY207737.1	640	2301	1	0	1	640
CY207737.1	651	2255	0	1	1	2255
CY207737.1	661	828	1	0	1	661
CY207737.1	680	2281	2	0	2	680
CY207737.1	686	963	1	0	1	686
CY207737.1	706	2272	0	1	1	2272
CY207737.1	734	2187	0	1	1	2187
CY207737.1	740	2247	0	1	1	2247
CY207737.1	753	2092	2	5	7	753
CY207737.1	756	1280	1	0	1	756
CY207737.1	774	913	0	1	1	913
CY207737.1	781	1277	1	0	1	781
CY207737.1	784	869	1	0	1	784
CY207737.1	790	1737	1	0	1	790
CY207737.1	798	1502	1	0	1	798
CY207737.1	798	831	0	1	1	831
CY207737.1	801	1524	0	1	1	1524
CY207737.1	803	1650	1	0	1	803
CY207737.1	827	1201	1	0	1	827
CY207737.1	834	900	1	0	1	834
CY207737.1	839	1934	0	1	1	1934
CY207737.1	842	1125	1	0	1	842
CY207737.1	850	1268	1	0	1	850
CY207737.1	850	907	0	1	1	907
CY207737.1	852	1594	0	1	1	1594
CY207737.1	855	900	1	0	1	855
CY207737.1	857	1595	1	0	1	857
CY207737.1	894	1917	1	0	1	894
CY207737.1	899	2451	0	1	1	2451
CY207737.1	904	1582	1	0	1	904
CY207737.1	907	1486	1	0	1	907
CY207737.1	914	2291	1	0	1	914
CY207737.1	958	1429	0	1	1	1429
CY207737.1	958	2299	0	1	1	2299
CY207737.1	967	2258	0	1	1	2258
CY207737.1	968	1679	1	0	1	968
CY207737.1	987	2205	1	0	1	987
CY207737.1	993	1736	1	0	1	993
CY207738.1	1001	1416	0	1	1	1416
CY207738.1	1009	1226	1	0	1	1009
CY207738.1	1012	1427	0	1	1	1427
CY207738.1	1014	2001	0	1	1	2001
CY207738.1	1021	2486	0	1	1	2486
CY207738.1	1039	1798	1	0	1	1039
CY207738.1	1041	1786	0	1	1	1786
CY207738.1	1042	1633	1	0	1	1042
CY207738.1	1068	1500	0	1	1	1500
CY207738.1	1069	1282	0	1	1	1282
CY207738.1	1082	1194	0	1	1	1194
CY207738.1	1091	2392	1	0	1	1091
CY207738.1	1097	1873	1	0	1	1097
CY207738.1	1101	1160	2	1	3	1101
CY207738.1	1111	2142	1	0	1	1111
CY207738.1	1124	2330	0	1	1	2330
CY207738.1	1127	2241	1	0	1	1127
CY207738.1	1130	2326	1	0	1	1130
CY207738.1	1144	2473	0	1	1	2473
CY207738.1	1151	1788	0	1	1	1788
CY207738.1	1166	1693	1	0	1	1166
CY207738.1	1223	1303	0	1	1	1303
CY207738.1	1233	1868	0	1	1	1868
CY207738.1	1248	2250	0	1	1	2250
CY207738.1	1259	1616	0	1	1	1616
CY207738.1	1259	2193	1	0	1	1259
CY207738.1	1274	1839	1	0	1	1274
CY207738.1	1289	1662	1	0	1	1289
CY207738.1	1302	1656	1	0	1	1302
CY207738.1	1321	1709	1	0	1	1321
CY207738.1	1330	1730	1	0	1	1330
CY207738.1	1336	1450	0	1	1	1450
CY207738.1	1393	1775	1	0	1	1393
CY207738.1	1400	1425	1	2	3	1400
CY207738.1	1438	2078	1	0	1	1438
CY207738.1	1440	2199	1	0	1	1440
CY207738.1	1449	2079	1	0	1	1449
CY207738.1	1468	1739	1	0	1	1468
CY207738.1	1473	1506	1	0	1	1473
CY207738.1	1482	2325	1	0	1	1482
CY207738.1	1529	2349	1	0	1	1529
CY207738.1	1571	1610	1	0	1	1571
CY207738.1	1590	1693	1	0	1	1590
CY207738.1	1596	2158	1	0	1	1596
CY207738.1	1603	2205	0	1	1	2205
CY207738.1	1606	1640	1	0	1	1606
CY207738.1	1607	2146	0	1	1	2146
CY207738.1	1687	2166	3	3	6	1687
CY207738.1	1689	2474	0	1	1	2474
CY207738.1	1703	2303	1	0	1	1703
CY207738.1	1738	1830	1	0	1	1738
CY207738.1	1768	1816	1	0	1	1768
CY207738.1	1789	1921	0	1	1	1921
CY207738.1	1894	1916	2	7	9	1894
CY207738.1	1912	1967	2	5	7	1912
CY207738.1	1981	2009	15	2	17	1981
CY207738.1	2016	2065	0	1	1	2065
CY207738.1	2073	2350	0	1	1	2350
CY207738.1	2148	2382	6	1	7	2148
CY207738.1	2218	2391	1	0	1	2218
CY207738.1	2311	2374	11	18	29	2311
CY207738.1	241	1221	1	0	1	241
CY207738.1	245	804	1	0	1	245
CY207738.1	247	2338	0	1	1	2338
CY207738.1	260	835	1	0	1	260
CY207738.1	286	1808	1	0	1	286
CY207738.1	287	1753	1	0	1	287
CY207738.1	299	2283	1	0	1	299
CY207738.1	300	1111	0	1	1	1111
CY207738.1	306	2237	5	10	15	306
CY207738.1	309	2239	0	1	1	2239
CY207738.1	316	713	0	1	1	713
CY207738.1	322	1310	1	0	1	322
CY207738.1	325	1293	0	1	1	1293
CY207738.1	332	1228	1	3	4	332
CY207738.1	335	1774	0	1	1	1774
CY207738.1	339	1235	0	1	1	1235
CY207738.1	339	2328	1	0	1	339
CY207738.1	344	1240	0	1	1	1240
CY207738.1	346	1330	1	0	1	346
CY207738.1	346	2235	2	2	4	346
CY207738.1	347	2323	1	1	2	347
CY207738.1	351	1129	0	1	1	1129
CY207738.1	357	2246	2	1	3	357
CY207738.1	366	2384	0	1	1	2384
CY207738.1	374	1364	0	1	1	1364
CY207738.1	375	1642	0	1	1	1642
CY207738.1	375	1831	0	1	1	1831
CY207738.1	375	2393	0	1	1	2393
CY207738.1	376	2423	0	1	1	2423
CY207738.1	376	476	0	1	1	476
CY207738.1	376	477	0	1	1	477
CY207738.1	377	1547	1	0	1	377
CY207738.1	378	2270	2	1	3	378
CY207738.1	380	1267	0	1	1	1267
CY207738.1	382	1649	0	1	1	1649
CY207738.1	382	1925	0	1	1	1925
CY207738.1	390	1691	0	1	1	1691
CY207738.1	395	767	0	3	3	767
CY207738.1	400	1901	0	1	1	1901
CY207738.1	404	776	0	4	4	776
CY207738.1	405	618	0	1	1	618
CY207738.1	408	2215	1	0	1	408
CY207738.1	408	2379	1	0	1	408
CY207738.1	413	1662	0	1	1	1662
CY207738.1	413	694	0	1	1	694
CY207738.1	414	1750	0	1	1	1750
CY207738.1	414	2221	0	1	1	2221
CY207738.1	431	2281	0	1	1	2281
CY207738.1	442	1442	0	1	1	1442
CY207738.1	454	2021	1	0	1	454
CY207738.1	464	503	1	0	1	464
CY207738.1	465	1672	0	2	2	1672
CY207738.1	467	1297	1	1	2	467
CY207738.1	467	2173	0	1	1	2173
CY207738.1	480	1031	1	1	2	480
CY207738.1	482	1698	1	0	1	482
CY207738.1	487	1469	1	0	1	487
CY207738.1	493	1519	1	0	1	493
CY207738.1	493	1598	1	0	1	493
CY207738.1	494	1710	1	0	1	494
CY207738.1	496	1795	0	1	1	1795
CY207738.1	506	1093	0	1	1	1093
CY207738.1	509	2136	0	1	1	2136
CY207738.1	514	1020	0	1	1	1020
CY207738.1	525	1077	0	1	1	1077
CY207738.1	532	2016	1	0	1	532
CY207738.1	538	2163	10	41	51	538
CY207738.1	541	1245	1	0	1	541
CY207738.1	546	2049	51	110	161	546
CY207738.1	548	2051	1	1	2	548
CY207738.1	551	2171	1	0	1	551
CY207738.1	555	1137	1	0	1	555
CY207738.1	558	2064	0	4	4	2064
CY207738.1	569	1808	0	1	1	1808
CY207738.1	575	846	0	1	1	846
CY207738.1	578	2008	0	1	1	2008
CY207738.1	593	1037	0	1	1	1037
CY207738.1	623	2064	0	1	1	2064
CY207738.1	625	2311	1	0	1	625
CY207738.1	636	767	1	0	1	636
CY207738.1	647	2336	1	0	1	647
CY207738.1	653	1820	13	6	19	653
CY207738.1	654	2332	1	0	1	654
CY207738.1	661	2470	0	1	1	2470
CY207738.1	697	2118	0	1	1	2118
CY207738.1	699	2370	1	0	1	699
CY207738.1	706	1854	1	0	1	706
CY207738.1	707	1643	1	0	1	707
CY207738.1	711	1832	0	1	1	1832
CY207738.1	725	1436	0	1	1	1436
CY207738.1	726	748	1	0	1	726
CY207738.1	732	1997	0	1	1	1997
CY207738.1	738	2362	0	1	1	2362
CY207738.1	741	1751	0	1	1	1751
CY207738.1	761	1698	1	0	1	761
CY207738.1	764	1925	0	1	1	1925
CY207738.1	776	2223	0	1	1	2223
CY207738.1	780	1813	1	0	1	780
CY207738.1	785	2322	1	0	1	785
CY207738.1	793	2045	0	3	3	2045
CY207738.1	797	1005	0	1	1	1005
CY207738.1	798	1249	0	2	2	1249
CY207738.1	815	1671	1	0	1	815
CY207738.1	818	901	5	0	5	818
CY207738.1	822	879	2	1	3	822
CY207738.1	832	1888	12	13	25	832
CY207738.1	834	1521	1	0	1	834
CY207738.1	845	984	0	1	1	984
CY207738.1	851	1740	0	1	1	1740
CY207738.1	865	1328	0	1	1	1328
CY207738.1	869	897	1	0	1	869
CY207738.1	871	2462	0	1	1	2462
CY207738.1	880	1080	0	1	1	1080
CY207738.1	896	1101	7	1	8	896
CY207738.1	922	1751	0	1	1	1751
CY207738.1	950	1679	3	2	5	950
CY207738.1	972	2096	0	1	1	2096
CY207738.1	986	1800	1	0	1	986
