Segment	Start	Stop	Forward_support	Reverse_support	Total_support	Fuzz_factor
CY207731.1	1013	1530	0	1	1	1530
CY207731.1	1031	1665	1	0	1	1031
CY207731.1	1039	1820	0	1	1	1820
CY207731.1	1062	1424	1	0	1	1062
CY207731.1	1109	1883	0	1	1	1883
CY207731.1	1175	1431	0	1	1	1431
CY207731.1	1178	1309	0	1	1	1309
CY207731.1	1181	1274	0	1	1	1274
CY207731.1	1198	1786	0	1	1	1786
CY207731.1	1268	1710	1	0	1	1268
CY207731.1	1282	1338	1	0	1	1282
CY207731.1	1306	1609	0	1	1	1609
CY207731.1	1321	1579	0	1	1	1579
CY207731.1	1325	1420	1	0	1	1325
CY207731.1	1349	1474	0	1	1	1474
CY207731.1	1370	1395	1	0	1	1370
CY207731.1	1375	1592	1	0	1	1375
CY207731.1	1411	1708	1	0	1	1411
CY207731.1	1432	1780	1	0	1	1432
CY207731.1	1485	1545	1	0	1	1485
CY207731.1	1519	1658	1	0	1	1519
CY207731.1	1575	1686	0	1	1	1686
CY207731.1	1706	1893	0	1	1	1893
CY207731.1	1845	1908	0	2	2	1908
CY207731.1	241	1846	1	0	1	241
CY207731.1	244	1118	1	0	1	244
CY207731.1	272	1144	1	0	1	272
CY207731.1	272	854	1	0	1	272
CY207731.1	281	1705	1	0	1	281
CY207731.1	285	1349	1	1	2	285
CY207731.1	285	1605	1	0	1	285
CY207731.1	289	1054	1	0	1	289
CY207731.1	289	1693	1	0	1	289
CY207731.1	291	1479	1	0	1	291
CY207731.1	296	1725	1	0	1	296
CY207731.1	370	1081	0	1	1	1081
CY207731.1	371	1754	0	1	1	1754
CY207731.1	392	1587	1	0	1	392
CY207731.1	395	1600	0	1	1	1600
CY207731.1	405	916	0	1	1	916
CY207731.1	407	1726	0	1	1	1726
CY207731.1	411	1727	1	0	1	411
CY207731.1	412	1473	0	1	1	1473
CY207731.1	421	1734	0	1	1	1734
CY207731.1	431	1703	0	1	1	1703
CY207731.1	437	624	0	1	1	624
CY207731.1	438	1162	0	1	1	1162
CY207731.1	443	890	0	1	1	890
CY207731.1	452	674	0	1	1	674
CY207731.1	456	825	1	0	1	456
CY207731.1	460	1892	0	1	1	1892
CY207731.1	461	1384	0	1	1	1384
CY207731.1	472	1125	0	1	1	1125
CY207731.1	472	971	0	1	1	971
CY207731.1	473	1455	0	1	1	1455
CY207731.1	476	573	0	1	1	573
CY207731.1	481	1370	0	1	1	1370
CY207731.1	485	1350	0	1	1	1350
CY207731.1	487	1351	1	0	1	487
CY207731.1	489	978	3	1	4	489
CY207731.1	501	598	0	1	1	598
CY207731.1	525	1756	1	0	1	525
CY207731.1	529	1162	1	0	1	529
CY207731.1	531	1142	0	1	1	1142
CY207731.1	532	963	0	1	1	963
CY207731.1	533	1503	1	1	2	533
CY207731.1	542	1441	1	0	1	542
CY207731.1	547	1061	0	1	1	1061
CY207731.1	561	1018	0	1	1	1018
CY207731.1	562	1396	1	0	1	562
CY207731.1	568	1204	0	1	1	1204
CY207731.1	588	1837	1	0	1	588
CY207731.1	600	1092	0	1	1	1092
CY207731.1	647	1494	1	0	1	647
CY207731.1	648	1902	0	1	1	1902
CY207731.1	651	1870	0	1	1	1870
CY207731.1	654	902	1	0	1	654
CY207731.1	658	864	0	1	1	864
CY207731.1	667	1478	0	1	1	1478
CY207731.1	692	743	1	0	1	692
CY207731.1	706	935	1	0	1	706
CY207731.1	709	1206	1	0	1	709
CY207731.1	759	1089	1	0	1	759
CY207731.1	781	1759	1	0	1	781
CY207731.1	793	1325	0	1	1	1325
CY207731.1	803	997	1	0	1	803
CY207731.1	807	1113	1	0	1	807
CY207731.1	854	1137	0	1	1	1137
CY207731.1	859	1530	1	0	1	859
CY207731.1	864	953	0	1	1	953
CY207731.1	906	1821	1	0	1	906
CY207731.1	945	1439	1	0	1	945
CY207731.1	949	1314	1	0	1	949
CY207731.1	949	1438	1	0	1	949
CY207731.1	980	1750	1	0	1	980
CY207731.1	986	1509	0	1	1	1509
CY207731.1	996	1035	1	0	1	996
CY207732.1	1010	1082	1	0	1	1010
CY207732.1	239	821	1	0	1	239
CY207732.1	260	720	1	0	1	260
CY207732.1	268	550	2	0	2	268
CY207732.1	275	848	1	0	1	275
CY207732.1	343	587	0	1	1	587
CY207732.1	347	573	0	2	2	573
CY207732.1	355	625	0	1	1	625
CY207732.1	357	517	0	1	1	517
CY207732.1	367	855	0	1	1	855
CY207732.1	374	737	0	1	1	737
CY207732.1	378	787	1	0	1	378
CY207732.1	398	960	0	1	1	960
CY207732.1	398	982	0	1	1	982
CY207732.1	408	852	0	1	1	852
CY207732.1	415	1090	0	1	1	1090
CY207732.1	430	599	0	1	1	599
CY207732.1	444	668	1	0	1	444
CY207732.1	447	821	0	2	2	821
CY207732.1	450	627	0	1	1	627
CY207732.1	453	564	0	1	1	564
CY207732.1	458	674	0	1	1	674
CY207732.1	458	868	1	0	1	458
CY207732.1	462	612	0	1	1	612
CY207732.1	510	914	0	1	1	914
CY207732.1	523	788	1	0	1	523
CY207732.1	549	897	1	1	2	549
CY207732.1	553	864	0	1	1	864
CY207732.1	564	633	0	1	1	633
CY207732.1	573	914	1	0	1	573
CY207732.1	576	694	1	0	1	576
CY207732.1	589	862	3	1	4	589
CY207732.1	616	718	0	1	1	718
CY207732.1	629	957	1	1	2	629
CY207732.1	632	801	0	1	1	801
CY207732.1	656	767	1	0	1	656
CY207732.1	671	726	1	0	1	671
CY207732.1	679	815	1	4	5	679
CY207732.1	680	1030	0	1	1	1030
CY207732.1	680	936	1	1	2	680
CY207732.1	685	839	0	3	3	839
CY207732.1	690	974	1	1	2	690
CY207732.1	716	789	0	1	1	789
CY207732.1	718	860	0	3	3	860
CY207732.1	749	872	1	0	1	749
CY207732.1	758	954	1	0	1	758
CY207732.1	832	903	1	0	1	832
CY207732.1	838	1058	1	0	1	838
CY207732.1	874	995	1	0	1	874
CY207732.1	875	1142	0	1	1	1142
CY207732.1	933	1019	0	1	1	1019
CY207733.1	1018	1074	0	1	1	1074
CY207733.1	1105	1208	1	1	2	1105
CY207733.1	1129	1233	1	0	1	1129
CY207733.1	282	1445	1	0	1	282
CY207733.1	328	1405	0	1	1	1405
CY207733.1	363	785	0	1	1	785
CY207733.1	383	618	0	1	1	618
CY207733.1	398	796	0	1	1	796
CY207733.1	407	1433	0	1	1	1433
CY207733.1	488	1431	1	0	1	488
CY207733.1	521	893	0	1	1	893
CY207733.1	555	1248	1	0	1	555
CY207733.1	555	592	0	1	1	592
CY207733.1	555	822	1	0	1	555
CY207733.1	614	1597	0	1	1	1597
CY207733.1	671	773	0	1	1	773
CY207733.1	946	1141	0	1	1	1141
CY207733.1	952	1030	1	0	1	952
CY207733.1	954	1171	1	0	1	954
CY207733.1	955	1022	0	1	1	1022
CY207733.1	986	1353	1	0	1	986
CY207734.1	1014	1537	0	1	1	1537
CY207734.1	1018	1360	0	1	1	1360
CY207734.1	1027	1708	0	1	1	1708
CY207734.1	1075	1442	0	1	1	1442
CY207734.1	1120	1464	0	1	1	1464
CY207734.1	1127	1192	1	0	1	1127
CY207734.1	1131	1495	0	1	1	1495
CY207734.1	1254	1704	0	1	1	1704
CY207734.1	1260	1397	0	1	1	1397
CY207734.1	1368	1539	1	0	1	1368
CY207734.1	1442	1566	1	1	2	1442
CY207734.1	1448	1483	0	1	1	1483
CY207734.1	1651	1695	0	2	2	1695
CY207734.1	242	1041	1	0	1	242
CY207734.1	245	1512	1	0	1	245
CY207734.1	280	1463	1	0	1	280
CY207734.1	305	732	1	0	1	305
CY207734.1	324	650	0	1	1	650
CY207734.1	344	1219	1	0	1	344
CY207734.1	389	1554	1	0	1	389
CY207734.1	404	896	1	0	1	404
CY207734.1	408	1443	1	0	1	408
CY207734.1	418	1010	1	0	1	418
CY207734.1	419	751	0	1	1	751
CY207734.1	430	1624	1	0	1	430
CY207734.1	434	970	0	1	1	970
CY207734.1	444	1529	0	1	1	1529
CY207734.1	473	1405	0	1	1	1405
CY207734.1	473	772	0	1	1	772
CY207734.1	476	710	0	1	1	710
CY207734.1	500	1022	0	1	1	1022
CY207734.1	506	1686	0	1	1	1686
CY207734.1	506	959	1	0	1	506
CY207734.1	533	1469	1	0	1	533
CY207734.1	547	1362	1	0	1	547
CY207734.1	564	1402	1	0	1	564
CY207734.1	574	866	0	1	1	866
CY207734.1	592	1670	1	0	1	592
CY207734.1	682	915	3	0	3	682
CY207734.1	716	1095	1	0	1	716
CY207734.1	722	905	1	0	1	722
CY207734.1	733	784	0	1	1	784
CY207734.1	772	1398	1	0	1	772
CY207734.1	810	1228	1	1	2	810
CY207734.1	837	1041	1	0	1	837
CY207734.1	840	1425	0	1	1	1425
CY207734.1	841	1538	1	0	1	841
CY207734.1	842	1678	0	1	1	1678
CY207734.1	877	951	0	1	1	951
CY207734.1	881	1511	0	1	1	1511
CY207734.1	898	1544	1	0	1	898
CY207734.1	900	1686	0	1	1	1686
CY207734.1	914	1458	0	1	1	1458
CY207734.1	966	1051	0	1	1	1051
CY207734.1	997	1042	1	0	1	997
CY207735.1	273	946	3	0	3	273
CY207735.1	333	380	0	1	1	380
CY207735.1	427	778	0	2	2	778
CY207735.1	511	740	18	38	56	511
CY207735.1	519	746	0	3	3	746
CY207735.1	523	552	2	0	2	523
CY207735.1	852	889	0	1	1	889
CY207735.1	970	1037	0	1	1	1037
CY207736.1	1015	1684	1	0	1	1015
CY207736.1	1015	2180	0	2	2	2180
CY207736.1	1092	2294	0	1	1	2294
CY207736.1	1095	1789	1	0	1	1095
CY207736.1	1097	1652	1	0	1	1097
CY207736.1	1101	1411	1	0	1	1101
CY207736.1	1106	2047	1	0	1	1106
CY207736.1	1134	1225	0	1	1	1225
CY207736.1	1225	2303	1	0	1	1225
CY207736.1	1228	1434	0	1	1	1434
CY207736.1	1254	1457	0	1	1	1457
CY207736.1	1382	1473	0	1	1	1473
CY207736.1	1509	1962	0	1	1	1962
CY207736.1	1514	1656	0	1	1	1656
CY207736.1	1545	2294	0	1	1	2294
CY207736.1	1566	1995	0	1	1	1995
CY207736.1	1655	2111	0	1	1	2111
CY207736.1	1688	2094	0	1	1	2094
CY207736.1	196	1713	1	0	1	196
CY207736.1	2089	2144	1	0	1	2089
CY207736.1	2103	2147	8	2	10	2103
CY207736.1	2103	2169	0	1	1	2169
CY207736.1	2112	2216	2	0	2	2112
CY207736.1	2130	2172	2	0	2	2130
CY207736.1	2130	2271	1	1	2	2130
CY207736.1	2132	2156	0	1	1	2156
CY207736.1	2132	2170	0	1	1	2170
CY207736.1	2132	2174	0	1	1	2174
CY207736.1	2132	2192	0	1	1	2192
CY207736.1	2143	2182	0	1	1	2182
CY207736.1	2221	2350	0	1	1	2350
CY207736.1	254	306	4	0	4	254
CY207736.1	282	1398	1	0	1	282
CY207736.1	282	312	1	0	1	282
CY207736.1	288	2038	1	0	1	288
CY207736.1	291	2180	1	0	1	291
CY207736.1	310	2258	0	1	1	2258
CY207736.1	331	2163	1	21	22	331
CY207736.1	332	2251	0	3	3	2251
CY207736.1	334	2148	1	1	2	334
CY207736.1	335	2157	0	1	1	2157
CY207736.1	345	2155	0	1	1	2155
CY207736.1	346	2090	0	1	1	2090
CY207736.1	359	418	0	1	1	418
CY207736.1	361	2172	1	0	1	361
CY207736.1	363	410	0	12	12	410
CY207736.1	375	2180	1	0	1	375
CY207736.1	377	2143	1	10	11	377
CY207736.1	385	2132	0	4	4	2132
CY207736.1	385	2140	0	2	2	2140
CY207736.1	392	2027	0	1	1	2027
CY207736.1	393	2135	0	1	1	2135
CY207736.1	402	2215	3	0	3	402
CY207736.1	406	2064	1	1	2	406
CY207736.1	415	2063	0	1	1	2063
CY207736.1	416	1972	1	0	1	416
CY207736.1	416	2144	0	3	3	2144
CY207736.1	437	2149	0	7	7	2149
CY207736.1	449	484	0	1	1	484
CY207736.1	450	2141	0	8	8	2141
CY207736.1	455	2065	2	1	3	455
CY207736.1	458	2057	0	3	3	2057
CY207736.1	461	2063	0	2	2	2063
CY207736.1	465	680	1	0	1	465
CY207736.1	467	2002	10	1	11	467
CY207736.1	471	1255	0	1	1	1255
CY207736.1	473	2072	0	1	1	2072
CY207736.1	475	513	0	3	3	513
CY207736.1	477	2010	154	87	241	477
CY207736.1	477	2027	0	1	1	2027
CY207736.1	478	505	8	0	8	478
CY207736.1	504	2005	0	1	1	2005
CY207736.1	511	2041	0	3	3	2041
CY207736.1	512	550	1	0	1	512
CY207736.1	529	2041	1	0	1	529
CY207736.1	530	2017	0	1	1	2017
CY207736.1	534	2027	0	2	2	2027
CY207736.1	538	1999	0	1	1	1999
CY207736.1	547	2172	0	2	2	2172
CY207736.1	549	2028	2	0	2	549
CY207736.1	555	1960	0	1	1	1960
CY207736.1	555	2064	0	1	1	2064
CY207736.1	555	2089	1	1	2	555
CY207736.1	568	1376	1	0	1	568
CY207736.1	568	955	1	0	1	568
CY207736.1	571	2020	1	1	2	571
CY207736.1	574	2010	5	5	10	574
CY207736.1	579	2076	1	1	2	579
CY207736.1	584	2013	0	1	1	2013
CY207736.1	596	1971	1	0	1	596
CY207736.1	596	2002	2	2	4	596
CY207736.1	608	2009	1	0	1	608
CY207736.1	616	1304	1	0	1	616
CY207736.1	634	1926	0	1	1	1926
CY207736.1	648	1869	1	1	2	648
CY207736.1	671	1999	1	0	1	671
CY207736.1	673	1849	1	1	2	673
CY207736.1	690	1520	1	0	1	690
CY207736.1	699	1995	1	1	2	699
CY207736.1	723	1994	4	1	5	723
CY207736.1	728	1620	3	2	5	728
CY207736.1	728	2279	1	0	1	728
CY207736.1	731	1667	2	0	2	731
CY207736.1	740	1871	1	0	1	740
CY207736.1	760	1923	0	1	1	1923
CY207736.1	767	1952	0	1	1	1952
CY207736.1	782	1881	6	0	6	782
CY207736.1	794	2152	0	1	1	2152
CY207736.1	799	1563	2	0	2	799
CY207736.1	817	1844	1	1	2	817
CY207736.1	824	1832	2	1	3	824
CY207736.1	838	1592	1	0	1	838
CY207736.1	865	2038	0	1	1	2038
CY207736.1	884	1657	1	0	1	884
CY207736.1	899	1644	1	0	1	899
CY207736.1	901	1265	1	0	1	901
CY207736.1	961	1097	0	1	1	1097
CY207736.1	964	1654	0	1	1	1654
CY207736.1	997	2255	1	1	2	997
CY207737.1	1018	1492	1	0	1	1018
CY207737.1	1069	1622	2	0	2	1069
CY207737.1	1075	1842	0	1	1	1842
CY207737.1	1087	2171	1	0	1	1087
CY207737.1	1147	1577	1	0	1	1147
CY207737.1	1171	2215	0	1	1	2215
CY207737.1	1181	2383	1	0	1	1181
CY207737.1	1222	1539	0	1	1	1539
CY207737.1	1276	1712	1	0	1	1276
CY207737.1	1320	1961	1	0	1	1320
CY207737.1	1400	2329	0	1	1	2329
CY207737.1	1476	2266	1	0	1	1476
CY207737.1	1494	2067	0	1	1	2067
CY207737.1	1885	2052	0	1	1	2052
CY207737.1	1936	2366	1	0	1	1936
CY207737.1	1939	2172	0	1	1	2172
CY207737.1	2050	2123	1	0	1	2050
CY207737.1	2166	2216	1	0	1	2166
CY207737.1	2178	2227	1	0	1	2178
CY207737.1	2178	2251	1	0	1	2178
CY207737.1	2181	2237	2	0	2	2181
CY207737.1	240	288	1	0	1	240
CY207737.1	244	2059	3	0	3	244
CY207737.1	248	273	1	0	1	248
CY207737.1	306	2343	1	0	1	306
CY207737.1	334	2182	1	0	1	334
CY207737.1	339	733	1	0	1	339
CY207737.1	356	2285	1	0	1	356
CY207737.1	378	2116	1	0	1	378
CY207737.1	388	2207	0	2	2	2207
CY207737.1	391	2144	1	0	1	391
CY207737.1	397	933	0	1	1	933
CY207737.1	400	2190	1	0	1	400
CY207737.1	411	723	1	0	1	411
CY207737.1	431	1978	1	0	1	431
CY207737.1	438	2286	1	0	1	438
CY207737.1	443	978	1	0	1	443
CY207737.1	462	2243	0	1	1	2243
CY207737.1	477	538	1	0	1	477
CY207737.1	493	735	0	1	1	735
CY207737.1	502	2018	0	1	1	2018
CY207737.1	505	2164	6	3	9	505
CY207737.1	505	545	0	1	1	545
CY207737.1	509	1168	1	0	1	509
CY207737.1	521	2121	16	3	19	521
CY207737.1	526	2149	1	0	1	526
CY207737.1	550	1868	1	1	2	550
CY207737.1	556	2172	1	0	1	556
CY207737.1	570	2204	0	1	1	2204
CY207737.1	571	2092	0	1	1	2092
CY207737.1	591	642	0	1	1	642
CY207737.1	602	2090	1	0	1	602
CY207737.1	603	2094	0	1	1	2094
CY207737.1	604	2020	1	0	1	604
CY207737.1	611	1796	1	1	2	611
CY207737.1	636	762	0	1	1	762
CY207737.1	675	2052	0	2	2	2052
CY207737.1	681	2182	1	0	1	681
CY207737.1	693	2068	1	0	1	693
CY207737.1	707	2052	1	0	1	707
CY207737.1	711	1674	0	1	1	1674
CY207737.1	714	2248	1	0	1	714
CY207737.1	743	1882	0	1	1	1882
CY207737.1	743	1905	0	2	2	1905
CY207737.1	750	2014	1	0	1	750
CY207737.1	759	2000	1	1	2	759
CY207737.1	760	1882	0	1	1	1882
CY207737.1	760	1894	2	0	2	760
CY207737.1	771	2011	0	1	1	2011
CY207737.1	789	1867	1	0	1	789
CY207737.1	790	1960	2	0	2	790
CY207737.1	790	2012	1	0	1	790
CY207737.1	809	1831	1	0	1	809
CY207737.1	812	1770	1	1	2	812
CY207737.1	836	1102	1	0	1	836
CY207737.1	860	1659	1	0	1	860
CY207737.1	875	1828	1	0	1	875
CY207737.1	897	1768	0	1	1	1768
CY207737.1	897	1822	0	2	2	1822
CY207737.1	908	1755	1	0	1	908
CY207737.1	915	1759	1	2	3	915
CY207737.1	923	1855	1	0	1	923
CY207737.1	940	1913	1	0	1	940
CY207737.1	951	1830	1	0	1	951
CY207737.1	966	1061	0	1	1	1061
CY207737.1	985	1093	0	1	1	1093
CY207737.1	998	2450	0	1	1	2450
CY207738.1	1038	1519	0	1	1	1519
CY207738.1	1043	2305	0	1	1	2305
CY207738.1	1084	1671	0	1	1	1671
CY207738.1	1118	1877	0	1	1	1877
CY207738.1	1124	2330	1	0	1	1124
CY207738.1	1157	1527	1	0	1	1157
CY207738.1	1227	1678	1	0	1	1227
CY207738.1	1349	1860	1	0	1	1349
CY207738.1	1448	2299	1	0	1	1448
CY207738.1	1571	2372	1	0	1	1571
CY207738.1	1582	1788	0	1	1	1788
CY207738.1	1607	1935	0	1	1	1935
CY207738.1	1680	2349	0	1	1	2349
CY207738.1	1952	2473	0	1	1	2473
CY207738.1	2243	2340	1	0	1	2243
CY207738.1	2337	2406	1	0	1	2337
CY207738.1	252	913	1	0	1	252
CY207738.1	271	1050	1	0	1	271
CY207738.1	279	376	1	0	1	279
CY207738.1	280	1561	4	0	4	280
CY207738.1	284	2224	2	1	3	284
CY207738.1	286	1808	1	0	1	286
CY207738.1	309	2306	2	0	2	309
CY207738.1	311	1824	0	1	1	1824
CY207738.1	349	562	0	1	1	562
CY207738.1	364	2275	0	3	3	2275
CY207738.1	367	2313	1	3	4	367
CY207738.1	374	2247	0	1	1	2247
CY207738.1	407	2333	2	1	3	407
CY207738.1	419	2195	0	1	1	2195
CY207738.1	419	2311	1	0	1	419
CY207738.1	419	2313	2	1	3	419
CY207738.1	446	564	1	0	1	446
CY207738.1	482	1587	1	0	1	482
CY207738.1	503	1919	1	0	1	503
CY207738.1	503	2302	0	1	1	2302
CY207738.1	504	2237	1	4	5	504
CY207738.1	514	2169	0	1	1	2169
CY207738.1	518	2192	1	0	1	518
CY207738.1	520	2141	2	0	2	520
CY207738.1	565	1473	0	1	1	1473
CY207738.1	568	1481	0	1	1	1481
CY207738.1	575	996	0	1	1	996
CY207738.1	578	1932	0	1	1	1932
CY207738.1	588	830	0	1	1	830
CY207738.1	637	1135	1	0	1	637
CY207738.1	645	1815	5	0	5	645
CY207738.1	663	1938	0	1	1	1938
CY207738.1	692	1846	3	0	3	692
CY207738.1	705	1971	1	0	1	705
CY207738.1	751	979	1	0	1	751
CY207738.1	753	2041	1	0	1	753
CY207738.1	774	1872	0	1	1	1872
CY207738.1	787	1481	0	1	1	1481
CY207738.1	809	1840	0	1	1	1840
CY207738.1	810	1913	1	0	1	810
CY207738.1	821	1767	1	0	1	821
CY207738.1	843	1810	0	1	1	1810
CY207738.1	847	1810	2	0	2	847
CY207738.1	852	1186	1	0	1	852
CY207738.1	855	2176	0	1	1	2176
CY207738.1	893	1827	1	0	1	893
CY207738.1	896	2146	0	1	1	2146
CY207738.1	921	1122	1	0	1	921
CY207738.1	968	1795	1	0	1	968
CY207738.1	975	1211	1	0	1	975
CY207738.1	988	1681	0	1	1	1681
CY207738.1	988	2202	0	1	1	2202
