Segment	Start	Stop	Forward_support	Reverse_support	Total_support	Fuzz_factor
CY207731.1	1058	1759	1	0	1	1058
CY207731.1	1248	1550	0	1	1	1550
CY207731.1	1490	1750	0	1	1	1750
CY207731.1	1586	1916	0	1	1	1916
CY207731.1	392	490	0	1	1	490
CY207731.1	428	1627	30	6	36	428
CY207731.1	429	1628	1	0	1	429
CY207731.1	484	831	1	0	1	484
CY207731.1	488	1196	0	1	1	1196
CY207731.1	488	1434	0	1	1	1434
CY207731.1	568	1195	0	8	8	1195
CY207731.1	621	1018	1	0	1	621
CY207731.1	652	1837	0	1	1	1837
CY207731.1	662	1364	1	0	1	662
CY207731.1	700	1667	1	0	1	700
CY207731.1	729	1145	1	0	1	729
CY207731.1	802	1191	1	0	1	802
CY207731.1	952	1178	1	0	1	952
CY207732.1	383	743	0	1	1	743
CY207732.1	415	741	0	1	1	741
CY207732.1	438	799	0	1	1	799
CY207732.1	497	781	0	1	1	781
CY207732.1	515	1068	0	1	1	1068
CY207732.1	535	564	0	1	1	564
CY207732.1	590	837	0	1	1	837
CY207732.1	612	835	0	1	1	835
CY207732.1	626	1062	0	1	1	1062
CY207733.1	270	1391	1	0	1	270
CY207733.1	305	1407	0	1	1	1407
CY207733.1	695	971	1	0	1	695
CY207733.1	744	1537	1	0	1	744
CY207733.1	936	1567	0	1	1	1567
CY207733.1	972	1150	1	0	1	972
CY207734.1	1088	1211	1	0	1	1088
CY207734.1	1363	1497	0	1	1	1497
CY207734.1	249	905	1	0	1	249
CY207734.1	275	1352	1	0	1	275
CY207734.1	405	693	0	1	1	693
CY207734.1	597	799	1	0	1	597
CY207734.1	620	812	1	0	1	620
CY207734.1	672	706	1	0	1	672
CY207734.1	681	1519	1	0	1	681
CY207734.1	751	934	0	1	1	934
CY207735.1	1014	1036	0	220	220	1036
CY207735.1	288	853	40	3	43	288
CY207735.1	301	807	11	7	18	301
CY207735.1	316	354	0	1	1	354
CY207735.1	319	345	0	1	1	345
CY207735.1	839	887	9	5	14	839
CY207735.1	886	984	9	27	36	886
CY207735.1	922	962	1	0	1	922
CY207736.1	1001	1787	0	1	1	1787
CY207736.1	1078	1484	0	27	27	1484
CY207736.1	1117	1551	0	1	1	1551
CY207736.1	1884	1938	4	13	17	1884
CY207736.1	1921	2040	1	0	1	1921
CY207736.1	2230	2346	0	1	1	2346
CY207736.1	2237	2259	0	8	8	2259
CY207736.1	244	338	1	0	1	244
CY207736.1	250	1545	1	0	1	250
CY207736.1	273	2032	2	0	2	273
CY207736.1	274	2062	1	0	1	274
CY207736.1	280	2075	1	0	1	280
CY207736.1	288	421	27	2	29	288
CY207736.1	292	2246	1	1	2	292
CY207736.1	303	334	1	1	2	303
CY207736.1	314	2163	4	64	68	314
CY207736.1	334	2133	100	425	525	334
CY207736.1	341	2139	0	1	1	2139
CY207736.1	346	2006	8	23	31	346
CY207736.1	346	2172	1	0	1	346
CY207736.1	347	2145	0	2	2	2145
CY207736.1	360	2162	9	19	28	360
CY207736.1	363	391	11	25	36	363
CY207736.1	364	2171	8	24	32	364
CY207736.1	366	624	1	0	1	366
CY207736.1	367	2160	0	8	8	2160
CY207736.1	383	2177	0	1	1	2177
CY207736.1	391	2170	18	84	102	391
CY207736.1	392	2147	1	0	1	392
CY207736.1	394	2173	0	1	1	2173
CY207736.1	406	2141	13	160	173	406
CY207736.1	408	2076	39	185	224	408
CY207736.1	415	2101	6	8	14	415
CY207736.1	416	1972	1	0	1	416
CY207736.1	442	2178	1	0	1	442
CY207736.1	449	2144	55	173	228	449
CY207736.1	449	2172	3	0	3	449
CY207736.1	458	2009	6	12	18	458
CY207736.1	460	2000	1	0	1	460
CY207736.1	467	1957	1	1	2	467
CY207736.1	467	2002	2	0	2	467
CY207736.1	469	2185	1	4	5	469
CY207736.1	477	2033	23	52	75	477
CY207736.1	478	2010	21	26	47	478
CY207736.1	479	2011	0	1	1	2011
CY207736.1	479	517	9	0	9	479
CY207736.1	481	2080	0	1	1	2080
CY207736.1	483	2168	0	1	1	2168
CY207736.1	489	2005	17	21	38	489
CY207736.1	503	2010	16	2	18	503
CY207736.1	512	2028	7	13	20	512
CY207736.1	555	1981	31	11	42	555
CY207736.1	559	1924	2	0	2	559
CY207736.1	579	1830	1	0	1	579
CY207736.1	581	1972	187	151	338	581
CY207736.1	595	1995	0	1	1	1995
CY207736.1	597	2001	0	2	2	2001
CY207736.1	608	1842	59	58	117	608
CY207736.1	612	636	6	5	11	612
CY207736.1	616	2006	1	0	1	616
CY207736.1	617	1926	40	21	61	617
CY207736.1	617	1951	27	17	44	617
CY207736.1	618	1852	0	1	1	1852
CY207736.1	618	2059	17	7	24	618
CY207736.1	623	1865	2	1	3	623
CY207736.1	754	799	19	5	24	754
CY207736.1	770	1817	13	1	14	770
CY207736.1	828	1723	17	9	26	828
CY207737.1	1531	2175	1	0	1	1531
CY207737.1	1903	2317	0	1	1	2317
CY207737.1	2363	2388	1	0	1	2363
CY207737.1	240	290	82	0	82	240
CY207737.1	247	331	1	0	1	247
CY207737.1	286	2321	1	0	1	286
CY207737.1	286	2333	3	0	3	286
CY207737.1	287	449	84	0	84	287
CY207737.1	288	2334	47	3	50	288
CY207737.1	317	2186	1	0	1	317
CY207737.1	330	2322	4	2	6	330
CY207737.1	354	2198	14	45	59	354
CY207737.1	377	2443	2	13	15	377
CY207737.1	416	2205	71	158	229	416
CY207737.1	422	2176	1	0	1	422
CY207737.1	422	2180	0	1	1	2180
CY207737.1	425	2183	475	367	842	425
CY207737.1	426	2131	1	0	1	426
CY207737.1	437	2206	17	63	80	437
CY207737.1	440	2166	12	0	12	440
CY207737.1	440	2215	0	2	2	2215
CY207737.1	453	2232	0	2	2	2232
CY207737.1	465	2194	19	74	93	465
CY207737.1	469	2250	0	2	2	2250
CY207737.1	582	2091	24	10	34	582
CY207737.1	682	1916	26	27	53	682
CY207737.1	703	1559	0	1	1	1559
CY207737.1	753	1893	0	1	1	1893
CY207737.1	853	1607	0	1	1	1607
CY207737.1	967	1725	5	7	12	967
CY207738.1	1010	2405	1	0	1	1010
CY207738.1	1088	2342	1	0	1	1088
CY207738.1	1427	2496	0	1	1	2496
CY207738.1	1907	2240	1	0	1	1907
CY207738.1	2040	2068	2	12	14	2040
CY207738.1	2169	2314	1	22	23	2169
CY207738.1	2234	2322	0	1	1	2322
CY207738.1	2256	2326	1	0	1	2256
CY207738.1	2260	2342	4	0	4	2260
CY207738.1	2269	2351	1	0	1	2269
CY207738.1	2310	2371	218	209	427	2310
CY207738.1	2367	2398	0	1	1	2398
CY207738.1	2371	2402	5	86	91	2371
CY207738.1	262	2120	2	0	2	262
CY207738.1	265	2124	1	0	1	265
CY207738.1	280	2137	56	2	58	280
CY207738.1	281	312	72	3	75	281
CY207738.1	298	2235	2	1	3	298
CY207738.1	316	2325	82	60	142	316
CY207738.1	319	2314	39	25	64	319
CY207738.1	324	2335	2	4	6	324
CY207738.1	360	2154	1	0	1	360
CY207738.1	366	2267	1	0	1	366
CY207738.1	367	2195	65	331	396	367
CY207738.1	368	2196	0	1	1	2196
CY207738.1	368	2372	5	10	15	368
CY207738.1	383	2312	0	1	1	2312
CY207738.1	386	2314	312	1039	1351	386
CY207738.1	387	2315	0	1	1	2315
CY207738.1	396	2317	5	3	8	396
CY207738.1	408	2215	0	1	1	2215
CY207738.1	408	2379	0	1	1	2379
CY207738.1	411	2334	0	1	1	2334
CY207738.1	417	2330	0	1	1	2330
CY207738.1	419	2195	23	116	139	419
CY207738.1	445	2339	0	2	2	2339
CY207738.1	455	2168	4	15	19	455
CY207738.1	464	2195	7	15	22	464
CY207738.1	472	2168	199	422	621	472
CY207738.1	473	2169	0	3	3	2169
CY207738.1	492	2237	25	46	71	492
CY207738.1	503	2247	0	1	1	2247
CY207738.1	503	2257	0	1	1	2257
CY207738.1	514	2389	22	4	26	514
CY207738.1	565	2173	28	72	100	565
CY207738.1	598	2219	0	1	1	2219
CY207738.1	626	1071	1	0	1	626
CY207738.1	640	1778	1	0	1	640
CY207738.1	654	1801	1	0	1	654
CY207738.1	676	1833	44	34	78	676
CY207738.1	711	1892	30	24	54	711
CY207738.1	733	1914	0	1	1	1914
CY207738.1	776	1988	20	29	49	776
