Segment	Start	Stop	Forward_support	Reverse_support	Total_support	Fuzz_factor
CY207731.1	1009	1089	0	1	1	1089
CY207731.1	1010	1736	0	1	1	1736
CY207731.1	1055	1720	1	0	1	1055
CY207731.1	1056	1500	0	1	1	1500
CY207731.1	1060	1785	0	1	1	1785
CY207731.1	1063	1399	0	1	1	1399
CY207731.1	1063	1504	1	0	1	1063
CY207731.1	1063	1691	0	1	1	1691
CY207731.1	1064	1426	1	0	1	1064
CY207731.1	1082	1665	1	0	1	1082
CY207731.1	1109	1527	0	1	1	1527
CY207731.1	1121	1438	1	0	1	1121
CY207731.1	1139	1763	1	0	1	1139
CY207731.1	1151	1897	0	1	1	1897
CY207731.1	1185	1710	1	0	1	1185
CY207731.1	1207	1404	1	0	1	1207
CY207731.1	1215	1387	1	0	1	1215
CY207731.1	1217	1369	0	1	1	1369
CY207731.1	1221	1646	1	0	1	1221
CY207731.1	1226	1574	1	0	1	1226
CY207731.1	1228	1258	1	0	1	1228
CY207731.1	1300	1696	1	0	1	1300
CY207731.1	1304	1326	3	0	3	1304
CY207731.1	1304	1367	1	0	1	1304
CY207731.1	1304	1733	1	0	1	1304
CY207731.1	1321	1853	1	0	1	1321
CY207731.1	1324	1673	0	1	1	1673
CY207731.1	1328	1473	1	0	1	1328
CY207731.1	1357	1416	1	0	1	1357
CY207731.1	1370	1395	1	0	1	1370
CY207731.1	1419	1655	0	1	1	1655
CY207731.1	1458	1505	1	0	1	1458
CY207731.1	1479	1791	1	0	1	1479
CY207731.1	1506	1912	0	1	1	1912
CY207731.1	1509	1607	0	1	1	1607
CY207731.1	1531	1665	0	1	1	1665
CY207731.1	1538	1873	0	1	1	1873
CY207731.1	1547	1889	0	1	1	1889
CY207731.1	1560	1751	0	1	1	1751
CY207731.1	1581	1710	1	0	1	1581
CY207731.1	1589	1743	1	0	1	1589
CY207731.1	1600	1639	1	0	1	1600
CY207731.1	1672	1719	1	0	1	1672
CY207731.1	1695	1746	1	0	1	1695
CY207731.1	1706	1893	0	1	1	1893
CY207731.1	1847	1885	0	1	1	1885
CY207731.1	240	1307	1	0	1	240
CY207731.1	242	1594	1	0	1	242
CY207731.1	254	998	1	0	1	254
CY207731.1	259	1705	3	0	3	259
CY207731.1	271	1666	1	0	1	271
CY207731.1	272	1808	1	0	1	272
CY207731.1	277	1267	1	0	1	277
CY207731.1	290	1918	1	0	1	290
CY207731.1	292	724	1	0	1	292
CY207731.1	330	1673	1	2	3	330
CY207731.1	353	494	1	0	1	353
CY207731.1	364	531	1	0	1	364
CY207731.1	370	1609	0	1	1	1609
CY207731.1	373	1006	1	0	1	373
CY207731.1	373	667	1	0	1	373
CY207731.1	376	875	0	1	1	875
CY207731.1	383	487	0	1	1	487
CY207731.1	394	483	1	0	1	394
CY207731.1	402	1372	1	0	1	402
CY207731.1	402	780	1	0	1	402
CY207731.1	406	1879	0	1	1	1879
CY207731.1	416	1474	0	1	1	1474
CY207731.1	416	1580	0	3	3	1580
CY207731.1	424	509	0	1	1	509
CY207731.1	434	477	0	1	1	477
CY207731.1	439	1111	0	1	1	1111
CY207731.1	443	1280	0	1	1	1280
CY207731.1	445	1716	0	1	1	1716
CY207731.1	447	1258	1	0	1	447
CY207731.1	451	1305	0	1	1	1305
CY207731.1	453	603	0	1	1	603
CY207731.1	459	1089	0	1	1	1089
CY207731.1	459	1771	1	0	1	459
CY207731.1	477	1317	1	0	1	477
CY207731.1	477	835	0	1	1	835
CY207731.1	481	1578	0	1	1	1578
CY207731.1	489	690	1	0	1	489
CY207731.1	489	718	0	1	1	718
CY207731.1	493	888	0	1	1	888
CY207731.1	494	999	0	1	1	999
CY207731.1	496	988	1	0	1	496
CY207731.1	497	1524	0	1	1	1524
CY207731.1	499	525	0	1	1	525
CY207731.1	504	918	0	1	1	918
CY207731.1	509	1915	0	1	1	1915
CY207731.1	528	1595	0	1	1	1595
CY207731.1	533	1503	1	1	2	533
CY207731.1	547	1061	2	0	2	547
CY207731.1	548	1683	1	0	1	548
CY207731.1	565	1641	1	1	2	565
CY207731.1	567	1619	1	0	1	567
CY207731.1	568	1204	0	4	4	1204
CY207731.1	570	686	1	0	1	570
CY207731.1	571	1500	0	1	1	1500
CY207731.1	573	1503	1	0	1	573
CY207731.1	575	626	0	1	1	626
CY207731.1	577	1736	1	0	1	577
CY207731.1	597	1636	0	1	1	1636
CY207731.1	602	1747	1	0	1	602
CY207731.1	603	1763	1	0	1	603
CY207731.1	620	1648	1	0	1	620
CY207731.1	639	1614	0	1	1	1614
CY207731.1	643	1710	0	1	1	1710
CY207731.1	685	1702	1	0	1	685
CY207731.1	687	1836	1	0	1	687
CY207731.1	695	1660	0	1	1	1660
CY207731.1	699	876	0	1	1	876
CY207731.1	700	1656	1	0	1	700
CY207731.1	721	1264	0	1	1	1264
CY207731.1	737	1673	0	1	1	1673
CY207731.1	770	1123	0	1	1	1123
CY207731.1	801	1761	1	0	1	801
CY207731.1	806	1164	0	1	1	1164
CY207731.1	818	1084	0	1	1	1084
CY207731.1	819	1696	1	0	1	819
CY207731.1	843	1574	0	1	1	1574
CY207731.1	844	1761	1	0	1	844
CY207731.1	848	1751	1	0	1	848
CY207731.1	891	1029	0	1	1	1029
CY207731.1	902	1636	1	0	1	902
CY207731.1	910	1391	1	0	1	910
CY207731.1	910	1560	1	0	1	910
CY207731.1	931	1143	0	1	1	1143
CY207731.1	940	1230	1	0	1	940
CY207731.1	947	1118	0	1	1	1118
CY207731.1	949	1144	1	0	1	949
CY207731.1	977	1704	1	0	1	977
CY207731.1	978	1824	1	0	1	978
CY207731.1	991	1777	0	1	1	1777
CY207731.1	995	1254	1	0	1	995
CY207732.1	1012	1113	1	0	1	1012
CY207732.1	267	569	1	0	1	267
CY207732.1	268	550	2	0	2	268
CY207732.1	271	569	1	0	1	271
CY207732.1	275	848	4	0	4	275
CY207732.1	278	461	1	0	1	278
CY207732.1	278	720	1	0	1	278
CY207732.1	280	957	1	0	1	280
CY207732.1	287	374	1	0	1	287
CY207732.1	294	838	2	0	2	294
CY207732.1	303	887	0	1	1	887
CY207732.1	320	1152	0	1	1	1152
CY207732.1	339	925	1	0	1	339
CY207732.1	341	634	0	1	1	634
CY207732.1	356	775	0	1	1	775
CY207732.1	376	638	0	1	1	638
CY207732.1	377	583	0	1	1	583
CY207732.1	382	939	0	1	1	939
CY207732.1	385	1031	0	1	1	1031
CY207732.1	393	1146	0	1	1	1146
CY207732.1	394	1059	0	1	1	1059
CY207732.1	394	516	1	0	1	394
CY207732.1	403	552	0	1	1	552
CY207732.1	414	813	0	1	1	813
CY207732.1	419	706	0	3	3	706
CY207732.1	420	475	0	1	1	475
CY207732.1	421	794	1	0	1	421
CY207732.1	425	667	0	1	1	667
CY207732.1	430	575	0	1	1	575
CY207732.1	434	678	0	2	2	678
CY207732.1	438	811	1	0	1	438
CY207732.1	441	773	0	1	1	773
CY207732.1	444	756	0	1	1	756
CY207732.1	445	815	0	1	1	815
CY207732.1	445	863	0	1	1	863
CY207732.1	450	592	0	1	1	592
CY207732.1	452	1068	1	0	1	452
CY207732.1	454	656	0	1	1	656
CY207732.1	459	530	0	1	1	530
CY207732.1	461	920	1	0	1	461
CY207732.1	471	529	0	1	1	529
CY207732.1	478	726	0	1	1	726
CY207732.1	483	683	1	0	1	483
CY207732.1	485	538	1	0	1	485
CY207732.1	485	791	1	0	1	485
CY207732.1	486	714	1	0	1	486
CY207732.1	487	942	1	0	1	487
CY207732.1	500	1052	0	1	1	1052
CY207732.1	502	608	0	1	1	608
CY207732.1	524	624	0	1	1	624
CY207732.1	525	751	0	1	1	751
CY207732.1	527	825	1	0	1	527
CY207732.1	532	797	1	0	1	532
CY207732.1	532	969	1	0	1	532
CY207732.1	536	941	0	1	1	941
CY207732.1	538	884	0	1	1	884
CY207732.1	544	857	0	1	1	857
CY207732.1	548	692	0	1	1	692
CY207732.1	549	897	1	0	1	549
CY207732.1	554	628	0	1	1	628
CY207732.1	565	900	1	1	2	565
CY207732.1	582	960	1	0	1	582
CY207732.1	584	687	0	1	1	687
CY207732.1	589	862	1	1	2	589
CY207732.1	590	630	0	1	1	630
CY207732.1	593	1023	4	1	5	593
CY207732.1	594	1018	0	1	1	1018
CY207732.1	598	658	1	0	1	598
CY207732.1	598	979	0	1	1	979
CY207732.1	602	661	0	1	1	661
CY207732.1	619	641	1	0	1	619
CY207732.1	622	710	0	1	1	710
CY207732.1	622	874	0	1	1	874
CY207732.1	626	946	1	0	1	626
CY207732.1	629	891	1	0	1	629
CY207732.1	632	801	0	1	1	801
CY207732.1	634	961	1	0	1	634
CY207732.1	655	914	1	0	1	655
CY207732.1	663	1031	1	0	1	663
CY207732.1	666	691	1	0	1	666
CY207732.1	679	815	2	4	6	679
CY207732.1	681	964	1	0	1	681
CY207732.1	682	1024	0	1	1	1024
CY207732.1	695	937	0	1	1	937
CY207732.1	697	772	0	1	1	772
CY207732.1	700	864	0	1	1	864
CY207732.1	701	748	1	0	1	701
CY207732.1	716	789	0	1	1	789
CY207732.1	716	954	0	1	1	954
CY207732.1	716	970	1	0	1	716
CY207732.1	717	917	1	0	1	717
CY207732.1	718	860	4	9	13	718
CY207732.1	718	959	1	0	1	718
CY207732.1	739	1003	1	0	1	739
CY207732.1	753	1149	0	1	1	1149
CY207732.1	781	910	1	0	1	781
CY207732.1	782	1069	0	1	1	1069
CY207732.1	797	954	1	0	1	797
CY207732.1	803	1034	1	0	1	803
CY207732.1	804	1014	2	0	2	804
CY207732.1	811	1022	1	0	1	811
CY207732.1	812	1024	1	0	1	812
CY207732.1	818	854	0	1	1	854
CY207732.1	827	856	1	0	1	827
CY207732.1	849	970	1	0	1	849
CY207732.1	851	914	0	1	1	914
CY207732.1	856	965	0	2	2	965
CY207732.1	857	931	0	1	1	931
CY207732.1	859	999	1	0	1	859
CY207732.1	862	962	0	1	1	962
CY207732.1	870	898	0	1	1	898
CY207732.1	878	1052	1	0	1	878
CY207732.1	919	1016	1	1	2	919
CY207732.1	955	1075	1	0	1	955
CY207733.1	1018	1074	2	0	2	1018
CY207733.1	1082	1590	0	1	1	1590
CY207733.1	1105	1208	0	1	1	1208
CY207733.1	1227	1296	0	1	1	1296
CY207733.1	1254	1295	1	0	1	1254
CY207733.1	269	315	1	0	1	269
CY207733.1	272	678	1	0	1	272
CY207733.1	321	1389	1	0	1	321
CY207733.1	331	1485	0	1	1	1485
CY207733.1	367	1063	0	1	1	1063
CY207733.1	417	1041	1	0	1	417
CY207733.1	421	699	1	0	1	421
CY207733.1	436	1324	0	1	1	1324
CY207733.1	462	1104	0	1	1	1104
CY207733.1	521	628	1	0	1	521
CY207733.1	576	1098	0	1	1	1098
CY207733.1	633	746	1	0	1	633
CY207733.1	647	692	1	0	1	647
CY207733.1	655	726	0	1	1	726
CY207733.1	657	928	0	1	1	928
CY207733.1	700	1056	1	0	1	700
CY207733.1	726	1425	0	1	1	1425
CY207733.1	749	1155	0	1	1	1155
CY207733.1	777	1134	0	1	1	1134
CY207733.1	871	1393	0	1	1	1393
CY207733.1	883	1021	1	1	2	883
CY207733.1	883	943	0	1	1	943
CY207733.1	945	1249	0	1	1	1249
CY207733.1	948	1027	0	2	2	1027
CY207733.1	954	1171	0	2	2	1171
CY207733.1	955	1041	0	1	1	1041
CY207733.1	964	1140	1	0	1	964
CY207733.1	979	1585	0	1	1	1585
CY207734.1	1008	1452	1	0	1	1008
CY207734.1	1018	1421	0	1	1	1421
CY207734.1	1037	1556	0	1	1	1556
CY207734.1	1046	1192	1	0	1	1046
CY207734.1	1100	1208	1	1	2	1100
CY207734.1	1111	1323	0	1	1	1323
CY207734.1	1187	1525	0	1	1	1525
CY207734.1	1213	1671	0	1	1	1671
CY207734.1	1234	1588	0	1	1	1588
CY207734.1	1258	1368	1	0	1	1258
CY207734.1	1280	1363	1	0	1	1280
CY207734.1	1283	1421	1	0	1	1283
CY207734.1	1287	1442	1	0	1	1287
CY207734.1	1287	1564	1	1	2	1287
CY207734.1	1322	1589	0	1	1	1589
CY207734.1	1326	1350	1	0	1	1326
CY207734.1	1358	1401	1	0	1	1358
CY207734.1	1368	1552	1	0	1	1368
CY207734.1	1375	1641	0	1	1	1641
CY207734.1	1395	1469	0	1	1	1469
CY207734.1	1405	1452	1	0	1	1405
CY207734.1	1416	1467	1	0	1	1416
CY207734.1	1436	1483	1	0	1	1436
CY207734.1	1442	1566	1	2	3	1442
CY207734.1	1461	1495	0	1	1	1495
CY207734.1	1508	1543	0	1	1	1543
CY207734.1	1521	1559	0	1	1	1559
CY207734.1	1534	1597	1	0	1	1534
CY207734.1	1569	1723	0	2	2	1723
CY207734.1	1589	1695	0	3	3	1695
CY207734.1	1613	1676	0	1	1	1676
CY207734.1	1633	1683	0	1	1	1683
CY207734.1	1647	1686	0	1	1	1686
CY207734.1	1658	1693	0	1	1	1693
CY207734.1	242	1575	1	0	1	242
CY207734.1	250	1003	1	0	1	250
CY207734.1	250	698	1	0	1	250
CY207734.1	270	567	1	0	1	270
CY207734.1	275	1604	1	0	1	275
CY207734.1	280	440	1	0	1	280
CY207734.1	283	1480	1	0	1	283
CY207734.1	288	822	2	0	2	288
CY207734.1	290	828	1	0	1	290
CY207734.1	319	1027	1	0	1	319
CY207734.1	321	792	1	0	1	321
CY207734.1	340	1564	1	0	1	340
CY207734.1	373	405	1	0	1	373
CY207734.1	387	1469	1	0	1	387
CY207734.1	388	756	0	1	1	756
CY207734.1	400	916	1	0	1	400
CY207734.1	407	1394	0	1	1	1394
CY207734.1	408	1370	0	1	1	1370
CY207734.1	418	1698	0	1	1	1698
CY207734.1	418	704	1	0	1	418
CY207734.1	420	843	0	1	1	843
CY207734.1	422	1185	0	1	1	1185
CY207734.1	424	1380	0	1	1	1380
CY207734.1	425	675	0	1	1	675
CY207734.1	426	672	0	1	1	672
CY207734.1	439	1308	0	1	1	1308
CY207734.1	439	1565	0	1	1	1565
CY207734.1	462	1701	0	1	1	1701
CY207734.1	465	1598	0	1	1	1598
CY207734.1	473	1430	0	1	1	1430
CY207734.1	477	1315	1	0	1	477
CY207734.1	477	1491	0	1	1	1491
CY207734.1	481	891	0	1	1	891
CY207734.1	489	993	0	1	1	993
CY207734.1	494	1496	1	0	1	494
CY207734.1	502	1370	1	0	1	502
CY207734.1	513	1022	1	0	1	513
CY207734.1	518	1056	0	1	1	1056
CY207734.1	521	1422	2	1	3	521
CY207734.1	521	841	0	1	1	841
CY207734.1	522	717	1	0	1	522
CY207734.1	522	839	1	0	1	522
CY207734.1	527	999	1	0	1	527
CY207734.1	538	866	0	1	1	866
CY207734.1	541	1324	0	1	1	1324
CY207734.1	548	1381	1	0	1	548
CY207734.1	552	1465	1	0	1	552
CY207734.1	559	1146	1	0	1	559
CY207734.1	563	1229	1	0	1	563
CY207734.1	574	1421	1	0	1	574
CY207734.1	579	884	1	0	1	579
CY207734.1	620	812	1	0	1	620
CY207734.1	643	1483	1	0	1	643
CY207734.1	658	1718	0	1	1	1718
CY207734.1	671	1467	1	1	2	671
CY207734.1	671	1504	1	0	1	671
CY207734.1	680	1371	1	0	1	680
CY207734.1	684	1567	1	0	1	684
CY207734.1	728	1178	0	1	1	1178
CY207734.1	729	829	1	0	1	729
CY207734.1	746	1231	0	1	1	1231
CY207734.1	753	1112	1	0	1	753
CY207734.1	754	814	0	1	1	814
CY207734.1	761	800	1	0	1	761
CY207734.1	768	1454	0	1	1	1454
CY207734.1	788	1095	1	0	1	788
CY207734.1	794	1390	0	1	1	1390
CY207734.1	800	1368	1	0	1	800
CY207734.1	801	1550	1	0	1	801
CY207734.1	810	958	1	0	1	810
CY207734.1	824	1049	2	0	2	824
CY207734.1	833	1452	0	1	1	1452
CY207734.1	833	1511	1	0	1	833
CY207734.1	840	1553	1	0	1	840
CY207734.1	845	964	0	1	1	964
CY207734.1	859	1118	1	0	1	859
CY207734.1	873	1701	0	1	1	1701
CY207734.1	877	1425	0	1	1	1425
CY207734.1	896	1186	0	1	1	1186
CY207734.1	898	1085	0	1	1	1085
CY207734.1	905	1204	1	0	1	905
CY207734.1	906	1420	0	1	1	1420
CY207734.1	906	955	0	2	2	955
CY207734.1	908	1672	0	1	1	1672
CY207734.1	918	1027	0	1	1	1027
CY207734.1	927	1506	0	1	1	1506
CY207734.1	928	1565	1	0	1	928
CY207734.1	940	1225	0	1	1	1225
CY207734.1	942	1252	0	1	1	1252
CY207734.1	943	1031	1	0	1	943
CY207734.1	943	1327	1	0	1	943
CY207734.1	952	1569	0	1	1	1569
CY207734.1	957	1044	0	1	1	1044
CY207734.1	960	1194	1	0	1	960
CY207734.1	962	1048	1	0	1	962
CY207734.1	967	1505	1	0	1	967
CY207734.1	972	1203	0	1	1	1203
CY207734.1	976	998	0	1	1	998
CY207734.1	997	1042	0	1	1	1042
CY207735.1	254	308	2	0	2	254
CY207735.1	273	901	3	0	3	273
CY207735.1	282	309	1	0	1	282
CY207735.1	283	887	5	0	5	283
CY207735.1	330	807	1	0	1	330
CY207735.1	340	385	0	1	1	385
CY207735.1	350	979	0	1	1	979
CY207735.1	403	574	1	0	1	403
CY207735.1	435	836	0	1	1	836
CY207735.1	468	555	0	1	1	555
CY207735.1	470	705	1	0	1	470
CY207735.1	475	707	0	1	1	707
CY207735.1	499	729	4	0	4	499
CY207735.1	511	740	23	60	83	511
CY207735.1	513	786	2	1	3	513
CY207735.1	519	746	2	2	4	519
CY207735.1	523	1018	0	1	1	1018
CY207735.1	523	552	0	4	4	552
CY207735.1	529	686	0	1	1	686
CY207735.1	598	835	1	0	1	598
CY207735.1	648	683	1	0	1	648
CY207735.1	849	876	0	1	1	876
CY207735.1	850	889	0	1	1	889
CY207736.1	1003	1054	1	0	1	1003
CY207736.1	1003	1332	0	1	1	1332
CY207736.1	1004	2355	0	1	1	2355
CY207736.1	1006	2190	0	1	1	2190
CY207736.1	1009	2040	1	0	1	1009
CY207736.1	1010	2245	0	1	1	2245
CY207736.1	1025	1823	1	0	1	1025
CY207736.1	1033	2353	0	1	1	2353
CY207736.1	1034	1580	0	1	1	1580
CY207736.1	1042	2262	0	1	1	2262
CY207736.1	1046	1979	0	1	1	1979
CY207736.1	1047	1851	0	1	1	1851
CY207736.1	1059	1145	0	1	1	1145
CY207736.1	1071	1978	0	2	2	1978
CY207736.1	1072	2324	1	0	1	1072
CY207736.1	1073	2355	0	2	2	2355
CY207736.1	1077	1960	2	0	2	1077
CY207736.1	1080	2362	0	1	1	2362
CY207736.1	1090	1506	1	0	1	1090
CY207736.1	1090	2186	0	1	1	2186
CY207736.1	1092	2294	0	3	3	2294
CY207736.1	1094	1993	0	1	1	1993
CY207736.1	1095	1789	0	1	1	1789
CY207736.1	1095	2005	1	3	4	1095
CY207736.1	1095	2076	1	0	1	1095
CY207736.1	1109	2020	0	1	1	2020
CY207736.1	1111	1986	0	1	1	1986
CY207736.1	1119	2001	1	0	1	1119
CY207736.1	1130	1842	0	1	1	1842
CY207736.1	1179	1769	1	0	1	1179
CY207736.1	1186	2046	0	1	1	2046
CY207736.1	1190	1985	0	1	1	1985
CY207736.1	1191	1729	1	0	1	1191
CY207736.1	1223	1846	1	0	1	1223
CY207736.1	1228	2043	0	1	1	2043
CY207736.1	1233	1625	0	1	1	1625
CY207736.1	1265	1993	0	1	1	1993
CY207736.1	1277	1316	0	1	1	1316
CY207736.1	1277	1861	0	1	1	1861
CY207736.1	1279	2043	0	1	1	2043
CY207736.1	1285	1986	0	1	1	1986
CY207736.1	1304	2102	0	1	1	2102
CY207736.1	1315	1364	0	1	1	1364
CY207736.1	1354	1861	0	1	1	1861
CY207736.1	1393	2009	1	0	1	1393
CY207736.1	1414	1465	0	1	1	1465
CY207736.1	1439	1785	0	1	1	1785
CY207736.1	1454	1970	0	1	1	1970
CY207736.1	1462	1900	1	0	1	1462
CY207736.1	1464	2303	0	1	1	2303
CY207736.1	1485	2131	0	1	1	2131
CY207736.1	1514	1619	0	1	1	1619
CY207736.1	1540	2044	0	1	1	2044
CY207736.1	1544	2007	0	1	1	2007
CY207736.1	1557	1921	1	0	1	1557
CY207736.1	1566	1995	0	1	1	1995
CY207736.1	1567	2204	0	1	1	2204
CY207736.1	1640	1978	1	0	1	1640
CY207736.1	1672	2260	0	1	1	2260
CY207736.1	1733	2030	1	0	1	1733
CY207736.1	1735	2133	0	1	1	2133
CY207736.1	1756	2264	1	0	1	1756
CY207736.1	1772	2116	0	1	1	2116
CY207736.1	1796	2055	0	1	1	2055
CY207736.1	1810	2369	0	1	1	2369
CY207736.1	1897	1928	1	0	1	1897
CY207736.1	1897	2227	1	0	1	1897
CY207736.1	2013	2074	1	0	1	2013
CY207736.1	2131	2171	0	1	1	2171
CY207736.1	2196	2231	1	0	1	2196
CY207736.1	2221	2350	0	2	2	2350
CY207736.1	2316	2354	0	1	1	2354
CY207736.1	249	306	2	0	2	249
CY207736.1	264	1143	1	0	1	264
CY207736.1	270	1812	1	0	1	270
CY207736.1	271	1610	1	0	1	271
CY207736.1	282	417	1	0	1	282
CY207736.1	292	2224	1	0	1	292
CY207736.1	334	2148	0	1	1	2148
CY207736.1	360	1031	1	0	1	360
CY207736.1	363	2126	0	1	1	2126
CY207736.1	363	2207	0	1	1	2207
CY207736.1	364	1040	1	0	1	364
CY207736.1	364	1760	1	0	1	364
CY207736.1	365	2365	0	1	1	2365
CY207736.1	374	1465	1	0	1	374
CY207736.1	377	2155	0	8	8	2155
CY207736.1	390	2144	0	2	2	2144
CY207736.1	394	2173	6	17	23	394
CY207736.1	397	1710	1	0	1	397
CY207736.1	403	2284	0	1	1	2284
CY207736.1	406	2064	1	0	1	406
CY207736.1	406	2148	1	2	3	406
CY207736.1	413	1041	1	0	1	413
CY207736.1	417	2028	0	1	1	2028
CY207736.1	430	1934	4	0	4	430
CY207736.1	430	2133	0	1	1	2133
CY207736.1	435	2120	0	1	1	2120
CY207736.1	438	2066	1	1	2	438
CY207736.1	449	2186	0	1	1	2186
CY207736.1	453	2009	3	3	6	453
CY207736.1	453	2112	0	1	1	2112
CY207736.1	453	2255	1	0	1	453
CY207736.1	457	1144	1	0	1	457
CY207736.1	457	1223	0	1	1	1223
CY207736.1	464	1679	0	1	1	1679
CY207736.1	464	2170	0	1	1	2170
CY207736.1	479	990	1	0	1	479
CY207736.1	482	2070	1	0	1	482
CY207736.1	483	1465	1	0	1	483
CY207736.1	485	2069	1	0	1	485
CY207736.1	493	2017	0	1	1	2017
CY207736.1	503	1609	3	1	4	503
CY207736.1	511	2057	2	3	5	511
CY207736.1	512	2017	2	0	2	512
CY207736.1	517	1687	0	1	1	1687
CY207736.1	530	1999	0	1	1	1999
CY207736.1	535	1946	1	0	1	535
CY207736.1	538	2064	1	0	1	538
CY207736.1	549	2028	0	1	1	2028
CY207736.1	555	621	1	0	1	555
CY207736.1	556	2351	0	1	1	2351
CY207736.1	561	2028	1	0	1	561
CY207736.1	562	1187	0	1	1	1187
CY207736.1	562	2005	9	1	10	562
CY207736.1	564	1828	1	0	1	564
CY207736.1	567	2012	1	1	2	567
CY207736.1	572	1565	1	0	1	572
CY207736.1	574	1733	2	0	2	574
CY207736.1	575	1850	1	0	1	575
CY207736.1	577	932	1	0	1	577
CY207736.1	584	1025	0	1	1	1025
CY207736.1	586	1466	1	0	1	586
CY207736.1	586	2002	1	0	1	586
CY207736.1	589	658	1	0	1	589
CY207736.1	590	2125	2	0	2	590
CY207736.1	594	1986	0	1	1	1986
CY207736.1	596	2002	1	0	1	596
CY207736.1	600	979	1	0	1	600
CY207736.1	605	2024	0	1	1	2024
CY207736.1	611	1945	2	0	2	611
CY207736.1	616	1934	2	0	2	616
CY207736.1	629	1949	2	1	3	629
CY207736.1	634	1926	0	1	1	1926
CY207736.1	641	1914	1	0	1	641
CY207736.1	643	853	0	1	1	853
CY207736.1	645	1863	0	1	1	1863
CY207736.1	650	1869	0	1	1	1869
CY207736.1	654	1862	0	1	1	1862
CY207736.1	655	1678	1	0	1	655
CY207736.1	656	1903	1	0	1	656
CY207736.1	666	1002	2	0	2	666
CY207736.1	672	1028	1	0	1	672
CY207736.1	673	1987	1	2	3	673
CY207736.1	674	1590	2	0	2	674
CY207736.1	674	1916	1	0	1	674
CY207736.1	678	1955	3	3	6	678
CY207736.1	680	811	0	1	1	811
CY207736.1	682	1820	1	0	1	682
CY207736.1	685	1964	0	1	1	1964
CY207736.1	686	1559	1	1	2	686
CY207736.1	687	1733	1	1	2	687
CY207736.1	689	771	1	0	1	689
CY207736.1	694	1720	0	1	1	1720
CY207736.1	696	779	1	0	1	696
CY207736.1	698	1793	1	0	1	698
CY207736.1	699	1928	0	1	1	1928
CY207736.1	699	1995	1	0	1	699
CY207736.1	709	1379	0	1	1	1379
CY207736.1	714	1657	0	1	1	1657
CY207736.1	715	1851	0	1	1	1851
CY207736.1	722	2004	1	0	1	722
CY207736.1	723	1910	1	5	6	723
CY207736.1	723	1994	6	3	9	723
CY207736.1	729	1835	1	0	1	729
CY207736.1	729	1927	1	0	1	729
CY207736.1	734	1270	0	1	1	1270
CY207736.1	735	1902	1	0	1	735
CY207736.1	746	1846	1	0	1	746
CY207736.1	748	1796	1	0	1	748
CY207736.1	749	1697	1	0	1	749
CY207736.1	755	2029	1	0	1	755
CY207736.1	756	1789	2	0	2	756
CY207736.1	757	1807	2	0	2	757
CY207736.1	758	1562	0	1	1	1562
CY207736.1	758	1789	0	1	1	1789
CY207736.1	767	1371	0	1	1	1371
CY207736.1	767	1952	1	1	2	767
CY207736.1	769	2080	1	0	1	769
CY207736.1	771	2047	0	1	1	2047
CY207736.1	775	1776	1	0	1	775
CY207736.1	775	1874	1	0	1	775
CY207736.1	777	1701	1	0	1	777
CY207736.1	784	1784	1	0	1	784
CY207736.1	787	1996	1	0	1	787
CY207736.1	789	929	1	0	1	789
CY207736.1	802	2346	1	0	1	802
CY207736.1	804	1803	1	0	1	804
CY207736.1	823	1791	1	0	1	823
CY207736.1	824	2186	1	0	1	824
CY207736.1	828	1965	2	0	2	828
CY207736.1	829	1599	0	1	1	1599
CY207736.1	835	2342	0	1	1	2342
CY207736.1	849	1930	0	1	1	1930
CY207736.1	850	899	0	1	1	899
CY207736.1	852	1820	0	1	1	1820
CY207736.1	853	885	1	0	1	853
CY207736.1	861	2234	1	0	1	861
CY207736.1	862	1678	1	0	1	862
CY207736.1	867	1792	2	0	2	867
CY207736.1	873	1545	0	1	1	1545
CY207736.1	873	2049	2	0	2	873
CY207736.1	874	1718	3	5	8	874
CY207736.1	885	1321	0	1	1	1321
CY207736.1	885	2118	1	0	1	885
CY207736.1	904	1833	1	0	1	904
CY207736.1	915	1667	1	0	1	915
CY207736.1	916	1653	0	1	1	1653
CY207736.1	917	1725	7	0	7	917
CY207736.1	922	1728	0	1	1	1728
CY207736.1	928	1730	1	0	1	928
CY207736.1	938	1192	1	0	1	938
CY207736.1	939	1927	0	1	1	1927
CY207736.1	941	2289	0	1	1	2289
CY207736.1	944	1649	0	1	1	1649
CY207736.1	947	1652	1	0	1	947
CY207736.1	953	2004	1	0	1	953
CY207736.1	957	2248	0	1	1	2248
CY207736.1	962	1976	0	1	1	1976
CY207736.1	966	1726	1	0	1	966
CY207736.1	970	1848	0	1	1	1848
CY207736.1	985	2233	0	1	1	2233
CY207736.1	999	2264	0	1	1	2264
CY207737.1	1021	1816	0	1	1	1816
CY207737.1	1041	1279	0	1	1	1279
CY207737.1	1046	1626	0	1	1	1626
CY207737.1	1063	2299	1	0	1	1063
CY207737.1	1078	1132	0	1	1	1132
CY207737.1	1175	1312	0	1	1	1312
CY207737.1	1182	2016	0	1	1	2016
CY207737.1	1213	2368	1	0	1	1213
CY207737.1	1306	2043	1	1	2	1306
CY207737.1	1398	1968	0	1	1	1968
CY207737.1	1399	1799	0	1	1	1799
CY207737.1	1413	1969	1	0	1	1413
CY207737.1	1457	2339	1	0	1	1457
CY207737.1	1497	1621	0	1	1	1621
CY207737.1	1497	1847	0	1	1	1847
CY207737.1	1541	2160	1	0	1	1541
CY207737.1	1623	1983	0	1	1	1983
CY207737.1	1679	2043	0	1	1	2043
CY207737.1	1682	2322	0	1	1	2322
CY207737.1	1877	2022	0	1	1	2022
CY207737.1	1912	2340	0	1	1	2340
CY207737.1	1917	2082	0	1	1	2082
CY207737.1	2001	2035	0	1	1	2035
CY207737.1	2194	2225	1	0	1	2194
CY207737.1	2204	2238	1	0	1	2204
CY207737.1	2272	2333	1	0	1	2272
CY207737.1	239	2285	9	0	9	239
CY207737.1	239	341	1	0	1	239
CY207737.1	240	262	1	0	1	240
CY207737.1	2428	2450	0	2	2	2450
CY207737.1	246	1342	2	0	2	246
CY207737.1	246	2302	5	0	5	246
CY207737.1	247	289	1	0	1	247
CY207737.1	251	973	1	0	1	251
CY207737.1	283	2288	1	0	1	283
CY207737.1	287	2302	1	0	1	287
CY207737.1	289	314	1	0	1	289
CY207737.1	297	2284	1	0	1	297
CY207737.1	341	614	1	0	1	341
CY207737.1	350	2238	1	0	1	350
CY207737.1	363	2188	0	2	2	2188
CY207737.1	369	1552	0	1	1	1552
CY207737.1	373	1560	0	1	1	1560
CY207737.1	382	2375	0	1	1	2375
CY207737.1	384	2206	1	1	2	384
CY207737.1	385	2129	1	0	1	385
CY207737.1	389	2188	0	1	1	2188
CY207737.1	395	2390	1	0	1	395
CY207737.1	404	1131	1	0	1	404
CY207737.1	435	2039	1	0	1	435
CY207737.1	440	2215	0	1	1	2215
CY207737.1	447	1310	1	0	1	447
CY207737.1	455	1853	0	1	1	1853
CY207737.1	459	2189	1	0	1	459
CY207737.1	464	1975	0	1	1	1975
CY207737.1	467	1239	1	0	1	467
CY207737.1	468	1260	0	1	1	1260
CY207737.1	474	2125	0	1	1	2125
CY207737.1	494	2167	5	5	10	494
CY207737.1	501	2189	1	0	1	501
CY207737.1	525	2182	0	1	1	2182
CY207737.1	526	2093	1	0	1	526
CY207737.1	542	2043	1	0	1	542
CY207737.1	542	2165	1	0	1	542
CY207737.1	553	2204	1	0	1	553
CY207737.1	553	587	1	0	1	553
CY207737.1	554	1661	1	0	1	554
CY207737.1	558	2230	1	0	1	558
CY207737.1	561	1615	0	1	1	1615
CY207737.1	574	2199	1	0	1	574
CY207737.1	578	2150	1	0	1	578
CY207737.1	583	2071	1	0	1	583
CY207737.1	604	1773	2	0	2	604
CY207737.1	613	996	1	0	1	613
CY207737.1	616	2150	1	0	1	616
CY207737.1	631	1943	1	0	1	631
CY207737.1	639	2212	0	1	1	2212
CY207737.1	647	971	1	0	1	647
CY207737.1	665	1781	2	0	2	665
CY207737.1	669	1980	2	1	3	669
CY207737.1	669	710	0	1	1	710
CY207737.1	678	1681	0	1	1	1681
CY207737.1	679	2299	1	0	1	679
CY207737.1	681	2081	2	0	2	681
CY207737.1	682	1663	0	1	1	1663
CY207737.1	682	1894	1	0	1	682
CY207737.1	687	2117	1	0	1	687
CY207737.1	687	768	1	0	1	687
CY207737.1	690	1947	3	0	3	690
CY207737.1	702	1379	1	0	1	702
CY207737.1	705	2047	1	0	1	705
CY207737.1	706	868	1	0	1	706
CY207737.1	711	965	0	1	1	965
CY207737.1	712	1412	1	0	1	712
CY207737.1	724	1881	0	1	1	1881
CY207737.1	740	2116	0	1	1	2116
CY207737.1	743	1753	1	0	1	743
CY207737.1	747	2014	0	1	1	2014
CY207737.1	748	2013	0	2	2	2013
CY207737.1	753	2011	0	2	2	2011
CY207737.1	755	1758	0	1	1	1758
CY207737.1	759	1999	0	1	1	1999
CY207737.1	762	2251	0	1	1	2251
CY207737.1	767	1997	0	1	1	1997
CY207737.1	777	1980	1	0	1	777
CY207737.1	781	2092	1	0	1	781
CY207737.1	790	1698	0	2	2	1698
CY207737.1	791	1965	0	1	1	1965
CY207737.1	803	1788	1	0	1	803
CY207737.1	806	1316	1	0	1	806
CY207737.1	824	1920	0	1	1	1920
CY207737.1	825	2250	1	0	1	825
CY207737.1	828	2172	1	0	1	828
CY207737.1	835	1397	0	1	1	1397
CY207737.1	839	1806	0	4	4	1806
CY207737.1	843	1810	0	1	1	1810
CY207737.1	847	1816	0	1	1	1816
CY207737.1	853	1760	1	0	1	853
CY207737.1	866	1954	1	0	1	866
CY207737.1	870	1772	1	0	1	870
CY207737.1	871	1741	0	1	1	1741
CY207737.1	876	1742	1	0	1	876
CY207737.1	884	1774	1	0	1	884
CY207737.1	891	1354	0	1	1	1354
CY207737.1	893	2278	0	1	1	2278
CY207737.1	898	1761	1	0	1	898
CY207737.1	904	1790	1	0	1	904
CY207737.1	907	1878	0	1	1	1878
CY207737.1	911	1779	1	0	1	911
CY207737.1	914	1769	0	1	1	1769
CY207737.1	924	1835	1	0	1	924
CY207737.1	925	1668	1	0	1	925
CY207737.1	934	1981	1	0	1	934
CY207737.1	935	1689	0	1	1	1689
CY207737.1	936	2174	0	1	1	2174
CY207737.1	940	1737	0	1	1	1737
CY207737.1	944	1791	1	0	1	944
CY207737.1	962	1510	1	0	1	962
CY207737.1	985	2317	1	0	1	985
CY207738.1	1006	1682	0	1	1	1682
CY207738.1	1033	1691	0	1	1	1691
CY207738.1	1087	1669	0	1	1	1669
CY207738.1	1108	1709	1	0	1	1108
CY207738.1	1124	2330	1	2	3	1124
CY207738.1	1125	2016	0	1	1	2016
CY207738.1	1127	1512	0	1	1	1512
CY207738.1	1136	1511	1	0	1	1136
CY207738.1	1150	2328	1	0	1	1150
CY207738.1	1171	2347	0	1	1	2347
CY207738.1	1180	1674	1	0	1	1180
CY207738.1	1202	2004	0	1	1	2004
CY207738.1	1243	1305	0	1	1	1305
CY207738.1	1262	2113	1	0	1	1262
CY207738.1	1298	2337	1	0	1	1298
CY207738.1	1328	2386	0	1	1	2386
CY207738.1	1365	1449	1	0	1	1365
CY207738.1	1386	2149	0	1	1	2149
CY207738.1	1413	1576	0	1	1	1576
CY207738.1	1416	1686	1	0	1	1416
CY207738.1	1444	1573	1	0	1	1444
CY207738.1	1448	1749	0	1	1	1749
CY207738.1	1473	1906	0	1	1	1906
CY207738.1	1602	1754	0	1	1	1754
CY207738.1	1664	1887	1	0	1	1664
CY207738.1	1678	1834	0	1	1	1834
CY207738.1	1681	2491	0	2	2	2491
CY207738.1	1696	2315	1	0	1	1696
CY207738.1	1747	1779	0	1	1	1779
CY207738.1	1819	2201	0	1	1	2201
CY207738.1	1918	2062	0	1	1	2062
CY207738.1	1922	1950	1	0	1	1922
CY207738.1	2123	2183	1	0	1	2123
CY207738.1	2185	2214	1	0	1	2185
CY207738.1	2256	2326	0	1	1	2326
CY207738.1	2269	2351	0	1	1	2351
CY207738.1	239	1801	1	0	1	239
CY207738.1	242	1795	1	0	1	242
CY207738.1	248	2231	1	0	1	248
CY207738.1	256	1809	41	0	41	256
CY207738.1	275	1928	1	0	1	275
CY207738.1	276	2356	2	0	2	276
CY207738.1	280	1263	1	0	1	280
CY207738.1	280	959	1	0	1	280
CY207738.1	284	677	1	0	1	284
CY207738.1	286	1938	1	0	1	286
CY207738.1	357	2246	1	0	1	357
CY207738.1	358	2210	0	3	3	2210
CY207738.1	358	2270	0	1	1	2270
CY207738.1	360	1907	0	1	1	1907
CY207738.1	365	1249	1	0	1	365
CY207738.1	373	2334	1	0	1	373
CY207738.1	373	2347	0	1	1	2347
CY207738.1	374	1716	0	1	1	1716
CY207738.1	382	1649	0	1	1	1649
CY207738.1	383	1684	0	1	1	1684
CY207738.1	387	2317	0	1	1	2317
CY207738.1	388	2353	0	7	7	2353
CY207738.1	400	1163	0	2	2	1163
CY207738.1	400	1901	0	1	1	1901
CY207738.1	408	1257	0	1	1	1257
CY207738.1	408	1531	1	0	1	408
CY207738.1	408	2379	0	1	1	2379
CY207738.1	411	2312	0	2	2	2312
CY207738.1	414	2221	1	1	2	414
CY207738.1	425	2306	0	1	1	2306
CY207738.1	426	2308	0	1	1	2308
CY207738.1	432	2037	0	1	1	2037
CY207738.1	436	2288	0	1	1	2288
CY207738.1	443	1688	0	1	1	1688
CY207738.1	446	2156	0	1	1	2156
CY207738.1	455	1933	0	1	1	1933
CY207738.1	466	491	0	2	2	491
CY207738.1	470	2265	17	24	41	470
CY207738.1	477	1308	0	1	1	1308
CY207738.1	481	2115	2	5	7	481
CY207738.1	481	2134	1	1	2	481
CY207738.1	483	2251	0	1	1	2251
CY207738.1	488	2337	0	1	1	2337
CY207738.1	489	1770	1	0	1	489
CY207738.1	489	2116	0	3	3	2116
CY207738.1	489	2173	1	15	16	489
CY207738.1	489	2281	0	1	1	2281
CY207738.1	492	1012	0	1	1	1012
CY207738.1	492	2209	0	1	1	2209
CY207738.1	492	2217	1	0	1	492
CY207738.1	495	2138	0	1	1	2138
CY207738.1	495	2210	1	1	2	495
CY207738.1	496	2189	1	0	1	496
CY207738.1	497	2312	1	0	1	497
CY207738.1	500	2476	0	1	1	2476
CY207738.1	503	2019	0	1	1	2019
CY207738.1	505	2187	1	0	1	505
CY207738.1	513	2248	1	0	1	513
CY207738.1	514	1419	1	0	1	514
CY207738.1	514	2217	1	0	1	514
CY207738.1	519	579	1	0	1	519
CY207738.1	523	2210	2	0	2	523
CY207738.1	534	1454	0	1	1	1454
CY207738.1	552	1424	2	1	3	552
CY207738.1	563	2148	0	1	1	2148
CY207738.1	566	2113	1	0	1	566
CY207738.1	589	1647	1	0	1	589
CY207738.1	596	2174	1	0	1	596
CY207738.1	605	1873	0	3	3	1873
CY207738.1	647	2336	1	1	2	647
CY207738.1	649	2020	1	0	1	649
CY207738.1	680	2014	1	0	1	680
CY207738.1	692	1988	0	1	1	1988
CY207738.1	695	2050	0	1	1	2050
CY207738.1	707	1884	1	0	1	707
CY207738.1	707	1960	1	0	1	707
CY207738.1	708	1815	1	1	2	708
CY207738.1	710	2140	0	1	1	2140
CY207738.1	718	1100	0	1	1	1100
CY207738.1	720	1949	1	0	1	720
CY207738.1	732	1873	1	0	1	732
CY207738.1	732	1945	0	1	1	1945
CY207738.1	736	1347	1	0	1	736
CY207738.1	749	1992	1	1	2	749
CY207738.1	750	1907	1	0	1	750
CY207738.1	750	1922	1	0	1	750
CY207738.1	751	1939	1	0	1	751
CY207738.1	760	2223	1	0	1	760
CY207738.1	761	1815	4	1	5	761
CY207738.1	761	866	0	1	1	866
CY207738.1	763	1809	1	0	1	763
CY207738.1	768	2324	1	0	1	768
CY207738.1	776	1830	2	0	2	776
CY207738.1	779	1958	1	1	2	779
CY207738.1	788	1793	0	1	1	1793
CY207738.1	802	1919	0	1	1	1919
CY207738.1	808	1850	1	0	1	808
CY207738.1	825	1746	1	0	1	825
CY207738.1	827	1743	0	1	1	1743
CY207738.1	828	1831	1	0	1	828
CY207738.1	831	1814	1	0	1	831
CY207738.1	836	1719	0	1	1	1719
CY207738.1	836	2071	1	0	1	836
CY207738.1	843	1810	0	1	1	1810
CY207738.1	846	1774	1	0	1	846
CY207738.1	847	1333	0	1	1	1333
CY207738.1	849	1797	1	0	1	849
CY207738.1	855	1814	0	1	1	1814
CY207738.1	856	1861	2	1	3	856
CY207738.1	857	1711	1	0	1	857
CY207738.1	858	1849	0	1	1	1849
CY207738.1	860	2349	0	1	1	2349
CY207738.1	861	1846	1	0	1	861
CY207738.1	862	1712	1	0	1	862
CY207738.1	868	1550	0	1	1	1550
CY207738.1	870	2204	2	0	2	870
CY207738.1	877	2184	0	1	1	2184
CY207738.1	883	1844	2	3	5	883
CY207738.1	885	1823	0	1	1	1823
CY207738.1	896	1101	1	0	1	896
CY207738.1	899	1808	2	1	3	899
CY207738.1	899	2112	0	1	1	2112
CY207738.1	917	1712	1	1	2	917
CY207738.1	933	2091	1	0	1	933
CY207738.1	935	1814	1	0	1	935
CY207738.1	952	1749	1	0	1	952
CY207738.1	971	1310	0	1	1	1310
CY207738.1	973	2203	3	2	5	973
CY207738.1	974	1628	1	0	1	974
CY207738.1	978	2331	1	0	1	978
CY207738.1	979	1754	0	1	1	1754
CY207738.1	995	1988	0	1	1	1988
