Segment	Start	Stop	Forward_support	Reverse_support	Total_support	Fuzz_factor
CY207731.1	1018	1452	0	1	1	1452
CY207731.1	1032	1295	0	1	1	1295
CY207731.1	1070	1572	0	1	1	1572
CY207731.1	1097	1499	1	0	1	1097
CY207731.1	1099	1876	0	1	1	1876
CY207731.1	1101	1803	0	1	1	1803
CY207731.1	1109	1476	0	1	1	1476
CY207731.1	1143	1523	0	1	1	1523
CY207731.1	1171	1774	0	1	1	1774
CY207731.1	1177	1494	0	1	1	1494
CY207731.1	1178	1228	1	0	1	1178
CY207731.1	1181	1455	0	1	1	1455
CY207731.1	1261	1337	1	0	1	1261
CY207731.1	1305	1803	1	0	1	1305
CY207731.1	1311	1357	0	1	1	1357
CY207731.1	1324	1729	0	1	1	1729
CY207731.1	1344	1405	1	0	1	1344
CY207731.1	1419	1642	1	0	1	1419
CY207731.1	1422	1651	1	0	1	1422
CY207731.1	1432	1664	1	0	1	1432
CY207731.1	1538	1610	0	1	1	1610
CY207731.1	1615	1681	0	1	1	1681
CY207731.1	1623	1683	1	0	1	1623
CY207731.1	1660	1733	1	0	1	1660
CY207731.1	1682	1716	0	1	1	1716
CY207731.1	1705	1735	1	0	1	1705
CY207731.1	1709	1748	1	0	1	1709
CY207731.1	1763	1825	0	1	1	1825
CY207731.1	235	1521	1	0	1	235
CY207731.1	245	806	1	0	1	245
CY207731.1	255	1710	1	0	1	255
CY207731.1	283	706	1	0	1	283
CY207731.1	289	1443	1	0	1	289
CY207731.1	290	1828	1	0	1	290
CY207731.1	293	1768	1	0	1	293
CY207731.1	297	1808	1	0	1	297
CY207731.1	305	1259	1	0	1	305
CY207731.1	332	1708	1	0	1	332
CY207731.1	350	1716	1	0	1	350
CY207731.1	354	1571	1	0	1	354
CY207731.1	357	1690	0	1	1	1690
CY207731.1	362	770	0	1	1	770
CY207731.1	364	968	0	1	1	968
CY207731.1	373	398	0	2	2	398
CY207731.1	376	1038	0	1	1	1038
CY207731.1	379	429	0	1	1	429
CY207731.1	382	426	0	1	1	426
CY207731.1	384	1577	0	2	2	1577
CY207731.1	385	906	0	1	1	906
CY207731.1	390	1305	0	1	1	1305
CY207731.1	391	1274	0	1	1	1274
CY207731.1	393	1577	1	0	1	393
CY207731.1	393	1585	0	5	5	1585
CY207731.1	398	1643	1	0	1	398
CY207731.1	402	1247	1	0	1	402
CY207731.1	419	1584	0	1	1	1584
CY207731.1	425	739	0	1	1	739
CY207731.1	428	1794	1	0	1	428
CY207731.1	430	1233	0	1	1	1233
CY207731.1	430	1588	0	1	1	1588
CY207731.1	433	1593	0	1	1	1593
CY207731.1	440	1427	1	0	1	440
CY207731.1	440	1476	0	1	1	1476
CY207731.1	447	505	0	1	1	505
CY207731.1	453	1564	1	0	1	453
CY207731.1	457	1474	1	0	1	457
CY207731.1	457	1479	0	1	1	1479
CY207731.1	458	1151	0	1	1	1151
CY207731.1	458	966	0	1	1	966
CY207731.1	461	1775	0	1	1	1775
CY207731.1	464	1634	0	1	1	1634
CY207731.1	484	1503	0	1	1	1503
CY207731.1	490	1724	1	1	2	490
CY207731.1	492	1308	0	1	1	1308
CY207731.1	518	1600	0	1	1	1600
CY207731.1	535	1024	0	1	1	1024
CY207731.1	539	1049	0	1	1	1049
CY207731.1	540	1325	0	1	1	1325
CY207731.1	540	585	1	0	1	540
CY207731.1	548	1755	0	1	1	1755
CY207731.1	557	1022	0	1	1	1022
CY207731.1	561	1018	2	0	2	561
CY207731.1	568	1204	1	1	2	568
CY207731.1	569	1700	0	1	1	1700
CY207731.1	571	894	0	1	1	894
CY207731.1	584	658	0	1	1	658
CY207731.1	589	1283	0	1	1	1283
CY207731.1	591	995	1	0	1	591
CY207731.1	597	743	0	1	1	743
CY207731.1	601	658	0	1	1	658
CY207731.1	602	1218	0	1	1	1218
CY207731.1	607	1386	1	0	1	607
CY207731.1	612	843	0	1	1	843
CY207731.1	633	887	1	0	1	633
CY207731.1	654	1245	0	1	1	1245
CY207731.1	658	1157	1	0	1	658
CY207731.1	668	1354	0	1	1	1354
CY207731.1	670	821	1	0	1	670
CY207731.1	687	1351	1	0	1	687
CY207731.1	688	1057	1	0	1	688
CY207731.1	703	1186	0	1	1	1186
CY207731.1	704	1729	1	0	1	704
CY207731.1	710	1320	1	0	1	710
CY207731.1	713	1303	0	1	1	1303
CY207731.1	723	1274	0	1	1	1274
CY207731.1	775	1554	0	1	1	1554
CY207731.1	779	1884	0	1	1	1884
CY207731.1	792	1349	1	0	1	792
CY207731.1	805	1280	1	0	1	805
CY207731.1	806	1105	1	0	1	806
CY207731.1	817	1000	1	0	1	817
CY207731.1	819	1313	0	1	1	1313
CY207731.1	823	1879	0	2	2	1879
CY207731.1	823	951	0	1	1	951
CY207731.1	833	873	0	1	1	873
CY207731.1	841	1896	0	1	1	1896
CY207731.1	843	1616	0	1	1	1616
CY207731.1	874	1304	1	0	1	874
CY207731.1	892	1443	1	0	1	892
CY207731.1	893	1033	1	0	1	893
CY207731.1	903	1575	0	1	1	1575
CY207731.1	920	961	0	1	1	961
CY207731.1	977	1182	1	0	1	977
CY207731.1	981	1151	0	1	1	1151
CY207731.1	986	1320	1	0	1	986
CY207732.1	1101	1136	0	1	1	1136
CY207732.1	245	975	1	0	1	245
CY207732.1	259	765	1	0	1	259
CY207732.1	262	1021	1	0	1	262
CY207732.1	268	550	1	0	1	268
CY207732.1	269	551	1	0	1	269
CY207732.1	275	848	3	0	3	275
CY207732.1	278	369	1	0	1	278
CY207732.1	321	898	0	1	1	898
CY207732.1	338	978	0	1	1	978
CY207732.1	355	759	0	1	1	759
CY207732.1	357	800	1	0	1	357
CY207732.1	363	984	1	0	1	363
CY207732.1	394	536	0	1	1	536
CY207732.1	394	702	0	1	1	702
CY207732.1	398	576	1	0	1	398
CY207732.1	403	648	0	1	1	648
CY207732.1	412	515	1	0	1	412
CY207732.1	415	911	1	0	1	415
CY207732.1	421	1043	0	1	1	1043
CY207732.1	426	631	1	0	1	426
CY207732.1	428	568	0	1	1	568
CY207732.1	430	599	0	1	1	599
CY207732.1	438	647	0	1	1	647
CY207732.1	440	555	0	1	1	555
CY207732.1	442	633	0	1	1	633
CY207732.1	442	659	0	1	1	659
CY207732.1	445	962	1	0	1	445
CY207732.1	448	716	1	0	1	448
CY207732.1	453	1001	1	0	1	453
CY207732.1	461	496	0	1	1	496
CY207732.1	477	951	1	0	1	477
CY207732.1	478	1108	1	0	1	478
CY207732.1	478	955	0	1	1	955
CY207732.1	483	870	0	1	1	870
CY207732.1	485	791	0	1	1	791
CY207732.1	498	972	1	0	1	498
CY207732.1	499	673	0	1	1	673
CY207732.1	523	560	1	0	1	523
CY207732.1	523	984	0	1	1	984
CY207732.1	535	813	1	0	1	535
CY207732.1	549	897	1	0	1	549
CY207732.1	553	959	1	0	1	553
CY207732.1	584	981	0	1	1	981
CY207732.1	587	662	0	1	1	662
CY207732.1	589	862	0	2	2	862
CY207732.1	593	1023	1	0	1	593
CY207732.1	605	1072	0	1	1	1072
CY207732.1	618	1151	0	1	1	1151
CY207732.1	639	825	0	1	1	825
CY207732.1	654	1024	1	0	1	654
CY207732.1	656	710	1	0	1	656
CY207732.1	665	807	1	0	1	665
CY207732.1	681	831	0	1	1	831
CY207732.1	683	709	1	0	1	683
CY207732.1	715	915	0	1	1	915
CY207732.1	715	965	1	0	1	715
CY207732.1	716	850	1	0	1	716
CY207732.1	718	860	0	4	4	860
CY207732.1	758	954	1	0	1	758
CY207732.1	764	914	1	0	1	764
CY207732.1	768	850	1	1	2	768
CY207732.1	772	1021	0	1	1	1021
CY207732.1	773	814	1	0	1	773
CY207732.1	810	1015	1	0	1	810
CY207732.1	810	1043	1	0	1	810
CY207732.1	817	866	0	2	2	866
CY207732.1	818	854	0	1	1	854
CY207732.1	845	906	1	0	1	845
CY207732.1	896	922	1	0	1	896
CY207732.1	905	936	0	1	1	936
CY207732.1	939	970	1	0	1	939
CY207732.1	965	995	1	0	1	965
CY207733.1	1025	1052	0	1	1	1052
CY207733.1	1053	1273	0	1	1	1273
CY207733.1	1143	1278	1	0	1	1143
CY207733.1	1288	1450	0	1	1	1450
CY207733.1	1427	1498	2	0	2	1427
CY207733.1	277	640	1	0	1	277
CY207733.1	283	1102	7	0	7	283
CY207733.1	288	1435	1	0	1	288
CY207733.1	288	1478	1	1	2	288
CY207733.1	330	1437	0	2	2	1437
CY207733.1	362	1427	1	0	1	362
CY207733.1	376	1352	0	1	1	1352
CY207733.1	380	1285	0	1	1	1285
CY207733.1	380	1414	1	0	1	380
CY207733.1	380	988	0	1	1	988
CY207733.1	404	1147	1	0	1	404
CY207733.1	472	1439	1	0	1	472
CY207733.1	486	930	0	1	1	930
CY207733.1	577	1163	1	0	1	577
CY207733.1	585	685	1	0	1	585
CY207733.1	665	1306	0	1	1	1306
CY207733.1	690	847	0	1	1	847
CY207733.1	722	931	0	1	1	931
CY207733.1	871	1409	1	0	1	871
CY207733.1	915	1450	0	1	1	1450
CY207733.1	948	1027	1	0	1	948
CY207733.1	955	1022	0	1	1	1022
CY207734.1	1002	1442	0	1	1	1442
CY207734.1	1047	1241	0	1	1	1241
CY207734.1	1053	1480	0	1	1	1480
CY207734.1	1190	1403	0	1	1	1403
CY207734.1	1300	1576	0	1	1	1576
CY207734.1	1325	1540	1	0	1	1325
CY207734.1	1327	1562	0	1	1	1562
CY207734.1	1330	1729	0	1	1	1729
CY207734.1	1363	1586	0	1	1	1586
CY207734.1	1382	1491	1	0	1	1382
CY207734.1	1407	1451	0	1	1	1451
CY207734.1	1421	1544	0	1	1	1544
CY207734.1	1528	1567	1	1	2	1528
CY207734.1	1562	1686	0	1	1	1686
CY207734.1	1569	1723	0	1	1	1723
CY207734.1	1580	1697	0	1	1	1697
CY207734.1	1604	1725	0	1	1	1725
CY207734.1	1622	1712	0	1	1	1712
CY207734.1	244	1441	1	0	1	244
CY207734.1	268	1464	1	0	1	268
CY207734.1	270	295	1	0	1	270
CY207734.1	272	1100	1	0	1	272
CY207734.1	289	479	1	0	1	289
CY207734.1	336	1520	1	1	2	336
CY207734.1	345	1567	1	0	1	345
CY207734.1	364	1056	0	1	1	1056
CY207734.1	369	1502	0	1	1	1502
CY207734.1	371	1561	1	0	1	371
CY207734.1	376	1544	1	1	2	376
CY207734.1	388	1517	0	1	1	1517
CY207734.1	394	1401	0	1	1	1401
CY207734.1	394	559	0	1	1	559
CY207734.1	405	798	0	1	1	798
CY207734.1	420	1401	0	1	1	1401
CY207734.1	420	1587	0	1	1	1587
CY207734.1	422	920	0	1	1	920
CY207734.1	429	1483	1	0	1	429
CY207734.1	437	1419	0	1	1	1419
CY207734.1	439	1533	0	1	1	1533
CY207734.1	443	634	1	0	1	443
CY207734.1	453	1130	0	1	1	1130
CY207734.1	453	1394	0	1	1	1394
CY207734.1	457	1183	0	1	1	1183
CY207734.1	465	1100	0	1	1	1100
CY207734.1	466	968	0	1	1	968
CY207734.1	470	983	0	1	1	983
CY207734.1	472	1378	1	0	1	472
CY207734.1	484	808	0	1	1	808
CY207734.1	498	1661	0	1	1	1661
CY207734.1	510	580	0	1	1	580
CY207734.1	520	1526	1	0	1	520
CY207734.1	521	841	0	1	1	841
CY207734.1	545	1465	0	1	1	1465
CY207734.1	592	936	1	0	1	592
CY207734.1	609	1600	1	0	1	609
CY207734.1	665	725	1	0	1	665
CY207734.1	683	927	1	0	1	683
CY207734.1	702	1356	1	0	1	702
CY207734.1	715	1535	0	1	1	1535
CY207734.1	725	986	1	0	1	725
CY207734.1	744	1094	1	0	1	744
CY207734.1	781	818	1	0	1	781
CY207734.1	818	1174	0	1	1	1174
CY207734.1	828	1203	0	1	1	1203
CY207734.1	833	1511	1	0	1	833
CY207734.1	836	920	0	1	1	920
CY207734.1	940	1417	1	0	1	940
CY207734.1	942	1252	0	1	1	1252
CY207734.1	958	1139	0	1	1	1139
CY207734.1	962	1048	0	1	1	1048
CY207735.1	236	984	1	0	1	236
CY207735.1	251	611	1	0	1	251
CY207735.1	253	288	1	0	1	253
CY207735.1	254	936	2	0	2	254
CY207735.1	259	914	1	0	1	259
CY207735.1	268	977	1	0	1	268
CY207735.1	272	777	0	1	1	777
CY207735.1	272	934	2	0	2	272
CY207735.1	273	978	1	0	1	273
CY207735.1	273	981	2	0	2	273
CY207735.1	288	914	2	0	2	288
CY207735.1	288	965	1	0	1	288
CY207735.1	349	843	1	0	1	349
CY207735.1	350	382	0	1	1	382
CY207735.1	360	860	0	1	1	860
CY207735.1	384	845	0	1	1	845
CY207735.1	385	892	0	1	1	892
CY207735.1	414	757	0	1	1	757
CY207735.1	429	509	0	1	1	509
CY207735.1	438	849	0	1	1	849
CY207735.1	470	705	1	0	1	470
CY207735.1	475	707	1	0	1	475
CY207735.1	499	729	3	0	3	499
CY207735.1	511	740	20	31	51	511
CY207735.1	519	746	1	2	3	519
CY207735.1	523	552	1	1	2	523
CY207735.1	549	992	0	1	1	992
CY207735.1	552	664	0	1	1	664
CY207735.1	613	700	0	1	1	700
CY207735.1	648	822	1	0	1	648
CY207735.1	690	736	0	1	1	736
CY207735.1	732	922	0	1	1	922
CY207735.1	766	1046	0	1	1	1046
CY207735.1	807	855	1	0	1	807
CY207735.1	925	984	0	2	2	984
CY207736.1	1030	1161	1	0	1	1030
CY207736.1	1033	2353	0	2	2	2353
CY207736.1	1059	1145	0	2	2	1145
CY207736.1	1059	1997	0	1	1	1997
CY207736.1	1060	2314	0	1	1	2314
CY207736.1	1071	1978	0	1	1	1978
CY207736.1	1080	1141	1	0	1	1080
CY207736.1	1090	2271	0	1	1	2271
CY207736.1	1095	2005	0	2	2	2005
CY207736.1	1100	1644	0	1	1	1644
CY207736.1	1133	2249	0	1	1	2249
CY207736.1	1144	1677	1	0	1	1144
CY207736.1	1155	1962	1	0	1	1155
CY207736.1	1166	1561	0	1	1	1561
CY207736.1	1201	1529	0	1	1	1529
CY207736.1	1258	1647	0	1	1	1647
CY207736.1	1335	1762	0	1	1	1762
CY207736.1	1360	2094	1	0	1	1360
CY207736.1	1408	1591	0	1	1	1591
CY207736.1	1427	1961	0	1	1	1961
CY207736.1	1527	2293	0	1	1	2293
CY207736.1	1539	1677	1	0	1	1539
CY207736.1	1545	2294	0	1	1	2294
CY207736.1	1566	1995	0	2	2	1995
CY207736.1	1606	1876	1	0	1	1606
CY207736.1	1686	2353	0	1	1	2353
CY207736.1	1690	2203	0	1	1	2203
CY207736.1	1737	1890	1	0	1	1737
CY207736.1	1774	1823	0	1	1	1823
CY207736.1	1826	1868	0	1	1	1868
CY207736.1	1849	1979	0	1	1	1979
CY207736.1	1850	1969	1	0	1	1850
CY207736.1	1970	1992	1	0	1	1970
CY207736.1	2004	2031	1	0	1	2004
CY207736.1	2008	2031	0	1	1	2031
CY207736.1	2011	2064	7	6	13	2011
CY207736.1	2056	2147	4	0	4	2056
CY207736.1	2110	2132	0	1	1	2132
CY207736.1	2110	2162	1	1	2	2110
CY207736.1	2120	2172	1	1	2	2120
CY207736.1	2120	2216	1	0	1	2120
CY207736.1	2120	2265	1	0	1	2120
CY207736.1	2123	2198	10	5	15	2123
CY207736.1	2129	2155	1	1	2	2129
CY207736.1	2129	2265	1	1	2	2129
CY207736.1	2132	2170	2	0	2	2132
CY207736.1	2146	2215	1	2	3	2146
CY207736.1	2154	2215	1	0	1	2154
CY207736.1	2159	2201	5	3	8	2159
CY207736.1	2161	2185	0	1	1	2185
CY207736.1	2166	2212	0	1	1	2212
CY207736.1	2179	2238	0	1	1	2238
CY207736.1	2206	2264	0	1	1	2264
CY207736.1	2206	2281	0	1	1	2281
CY207736.1	2214	2237	1	0	1	2214
CY207736.1	2215	2265	0	4	4	2265
CY207736.1	2243	2282	0	1	1	2282
CY207736.1	255	305	2	0	2	255
CY207736.1	268	2241	3	0	3	268
CY207736.1	269	305	7	0	7	269
CY207736.1	272	330	1	0	1	272
CY207736.1	273	1912	1	0	1	273
CY207736.1	277	1713	1	0	1	277
CY207736.1	277	2206	1	0	1	277
CY207736.1	280	2075	1	0	1	280
CY207736.1	280	311	1	0	1	280
CY207736.1	280	370	11	3	14	280
CY207736.1	280	983	1	0	1	280
CY207736.1	281	2029	1	0	1	281
CY207736.1	282	1398	2	0	2	282
CY207736.1	282	2074	1	0	1	282
CY207736.1	282	2155	1	0	1	282
CY207736.1	282	305	0	1	1	305
CY207736.1	283	2105	1	0	1	283
CY207736.1	283	2239	1	0	1	283
CY207736.1	284	2136	1	0	1	284
CY207736.1	286	308	1	0	1	286
CY207736.1	286	315	3	0	3	286
CY207736.1	290	2215	1	0	1	290
CY207736.1	290	336	1	0	1	290
CY207736.1	311	2216	1	0	1	311
CY207736.1	311	2246	0	1	1	2246
CY207736.1	318	2141	0	1	1	2141
CY207736.1	318	2149	0	2	2	2149
CY207736.1	320	513	1	0	1	320
CY207736.1	322	2242	0	1	1	2242
CY207736.1	325	2222	1	0	1	325
CY207736.1	325	2237	3	6	9	325
CY207736.1	326	2256	0	2	2	2256
CY207736.1	328	2046	0	1	1	2046
CY207736.1	328	2141	0	1	1	2141
CY207736.1	328	2223	1	0	1	328
CY207736.1	331	2230	1	0	1	331
CY207736.1	331	410	1	4	5	331
CY207736.1	333	2184	1	0	1	333
CY207736.1	333	2215	0	1	1	2215
CY207736.1	334	2133	0	1	1	2133
CY207736.1	334	2148	1	6	7	334
CY207736.1	334	2182	0	1	1	2182
CY207736.1	334	2210	1	0	1	334
CY207736.1	334	418	0	1	1	418
CY207736.1	335	2157	0	1	1	2157
CY207736.1	335	2224	0	1	1	2224
CY207736.1	335	2258	0	1	1	2258
CY207736.1	338	2222	1	1	2	338
CY207736.1	345	2155	0	1	1	2155
CY207736.1	349	1961	1	0	1	349
CY207736.1	351	387	30	136	166	351
CY207736.1	352	388	0	2	2	388
CY207736.1	353	2026	1	0	1	353
CY207736.1	353	2140	0	1	1	2140
CY207736.1	356	2218	0	1	1	2218
CY207736.1	359	2198	0	1	1	2198
CY207736.1	360	1980	3	4	7	360
CY207736.1	360	2140	0	2	2	2140
CY207736.1	360	2147	0	2	2	2147
CY207736.1	361	2144	0	1	1	2144
CY207736.1	361	2216	1	0	1	361
CY207736.1	361	2258	1	0	1	361
CY207736.1	361	387	0	3	3	387
CY207736.1	362	2114	0	1	1	2114
CY207736.1	363	2133	0	9	9	2133
CY207736.1	363	407	0	1	1	407
CY207736.1	363	410	0	1	1	410
CY207736.1	365	2143	1	17	18	365
CY207736.1	366	2120	0	1	1	2120
CY207736.1	367	2160	0	1	1	2160
CY207736.1	367	2177	0	1	1	2177
CY207736.1	374	2143	0	3	3	2143
CY207736.1	375	2148	0	1	1	2148
CY207736.1	380	2153	0	1	1	2153
CY207736.1	383	2141	0	1	1	2141
CY207736.1	383	2163	0	1	1	2163
CY207736.1	385	2132	0	1	1	2132
CY207736.1	385	2155	0	1	1	2155
CY207736.1	385	2169	0	1	1	2169
CY207736.1	385	2222	1	0	1	385
CY207736.1	385	587	1	3	4	385
CY207736.1	386	2131	0	1	1	2131
CY207736.1	386	2186	0	1	1	2186
CY207736.1	387	1723	0	3	3	1723
CY207736.1	390	2180	1	3	4	390
CY207736.1	390	2230	1	1	2	390
CY207736.1	390	416	0	1	1	416
CY207736.1	390	442	0	1	1	442
CY207736.1	392	2049	1	2	3	392
CY207736.1	392	2140	0	2	2	2140
CY207736.1	392	2145	0	1	1	2145
CY207736.1	402	2041	0	3	3	2041
CY207736.1	403	2062	1	0	1	403
CY207736.1	403	437	0	1	1	437
CY207736.1	405	2167	0	1	1	2167
CY207736.1	406	2064	1	0	1	406
CY207736.1	406	2141	0	2	2	2141
CY207736.1	406	2156	1	8	9	406
CY207736.1	408	2120	0	1	1	2120
CY207736.1	408	2238	1	0	1	408
CY207736.1	410	2134	0	1	1	2134
CY207736.1	412	2163	0	13	13	2163
CY207736.1	415	2191	4	3	7	415
CY207736.1	415	525	1	4	5	415
CY207736.1	416	2144	1	8	9	416
CY207736.1	426	2048	0	1	1	2048
CY207736.1	427	2063	2	0	2	427
CY207736.1	428	1964	0	1	1	1964
CY207736.1	428	2168	0	1	1	2168
CY207736.1	429	2217	1	0	1	429
CY207736.1	433	2010	0	1	1	2010
CY207736.1	433	2164	2	58	60	433
CY207736.1	433	463	1	0	1	433
CY207736.1	436	2089	0	1	1	2089
CY207736.1	437	2149	0	1	1	2149
CY207736.1	440	2041	3	14	17	440
CY207736.1	448	2147	25	131	156	448
CY207736.1	449	1864	0	1	1	1864
CY207736.1	450	1965	4	2	6	450
CY207736.1	450	2043	0	2	2	2043
CY207736.1	454	2153	0	2	2	2153
CY207736.1	455	2072	0	1	1	2072
CY207736.1	460	2000	1	0	1	460
CY207736.1	470	2040	1	0	1	470
CY207736.1	471	2051	2	2	4	471
CY207736.1	475	2259	0	1	1	2259
CY207736.1	477	2027	0	1	1	2027
CY207736.1	477	2063	0	1	1	2063
CY207736.1	478	2010	1	1	2	478
CY207736.1	478	2145	0	1	1	2145
CY207736.1	478	2168	0	2	2	2168
CY207736.1	479	1774	1	0	1	479
CY207736.1	481	2080	0	1	1	2080
CY207736.1	482	1975	1	0	1	482
CY207736.1	482	2063	0	1	1	2063
CY207736.1	483	2168	0	2	2	2168
CY207736.1	484	2086	0	1	1	2086
CY207736.1	485	1302	1	0	1	485
CY207736.1	485	2251	1	0	1	485
CY207736.1	490	556	2	0	2	490
CY207736.1	492	2076	0	1	1	2076
CY207736.1	493	2038	1	0	1	493
CY207736.1	495	2089	0	1	1	2089
CY207736.1	499	2005	0	1	1	2005
CY207736.1	500	2028	1	1	2	500
CY207736.1	502	2044	1	0	1	502
CY207736.1	504	2010	0	1	1	2010
CY207736.1	504	2106	2	1	3	504
CY207736.1	511	2009	3	1	4	511
CY207736.1	511	2041	0	1	1	2041
CY207736.1	512	2034	0	1	1	2034
CY207736.1	512	2064	15	16	31	512
CY207736.1	512	553	1	0	1	512
CY207736.1	514	2028	0	1	1	2028
CY207736.1	514	2063	1	0	1	514
CY207736.1	515	2010	5	2	7	515
CY207736.1	523	1440	1	0	1	523
CY207736.1	528	2045	1	0	1	528
CY207736.1	532	561	16	2	18	532
CY207736.1	534	2027	0	2	2	2027
CY207736.1	537	2024	1	1	2	537
CY207736.1	537	2057	0	1	1	2057
CY207736.1	538	1934	2	0	2	538
CY207736.1	540	791	1	0	1	540
CY207736.1	545	571	1	0	1	545
CY207736.1	547	1958	1	0	1	547
CY207736.1	547	2010	1	0	1	547
CY207736.1	549	2050	0	2	2	2050
CY207736.1	552	2028	1	0	1	552
CY207736.1	563	1950	1	0	1	563
CY207736.1	564	2035	1	1	2	564
CY207736.1	564	2064	1	1	2	564
CY207736.1	575	2009	1	1	2	575
CY207736.1	576	1999	1	0	1	576
CY207736.1	576	2050	0	1	1	2050
CY207736.1	581	1972	0	1	1	1972
CY207736.1	581	2010	1	1	2	581
CY207736.1	587	2007	1	0	1	587
CY207736.1	588	1587	1	0	1	588
CY207736.1	596	1877	2	0	2	596
CY207736.1	596	2002	5	0	5	596
CY207736.1	598	2035	1	0	1	598
CY207736.1	598	672	1	1	2	598
CY207736.1	600	851	0	1	1	851
CY207736.1	602	1842	2	0	2	602
CY207736.1	606	1944	0	1	1	1944
CY207736.1	607	1934	3	0	3	607
CY207736.1	607	2035	5	4	9	607
CY207736.1	607	643	1	0	1	607
CY207736.1	608	1950	1	0	1	608
CY207736.1	608	1957	1	0	1	608
CY207736.1	609	1874	2	1	3	609
CY207736.1	609	1888	0	1	1	1888
CY207736.1	611	2009	24	4	28	611
CY207736.1	616	1954	1	0	1	616
CY207736.1	616	2063	6	6	12	616
CY207736.1	616	2132	1	1	2	616
CY207736.1	617	2144	8	5	13	617
CY207736.1	618	1965	1	0	1	618
CY207736.1	620	1949	4	0	4	620
CY207736.1	623	1938	1	0	1	623
CY207736.1	629	795	1	0	1	629
CY207736.1	639	1809	1	0	1	639
CY207736.1	640	1870	1	0	1	640
CY207736.1	640	1911	1	2	3	640
CY207736.1	644	1011	1	0	1	644
CY207736.1	644	1854	1	0	1	644
CY207736.1	647	1856	2	0	2	647
CY207736.1	647	1883	1	0	1	647
CY207736.1	648	1869	1	0	1	648
CY207736.1	650	1841	2	0	2	650
CY207736.1	651	1902	0	1	1	1902
CY207736.1	657	1895	0	1	1	1895
CY207736.1	671	1871	1	1	2	671
CY207736.1	675	2147	0	1	1	2147
CY207736.1	678	1887	1	0	1	678
CY207736.1	679	1956	0	1	1	1956
CY207736.1	679	2252	0	1	1	2252
CY207736.1	680	1844	1	0	1	680
CY207736.1	682	849	1	0	1	682
CY207736.1	684	1826	1	0	1	684
CY207736.1	684	1855	1	0	1	684
CY207736.1	684	1870	0	1	1	1870
CY207736.1	686	1952	0	1	1	1952
CY207736.1	686	1959	3	2	5	686
CY207736.1	687	1345	0	1	1	1345
CY207736.1	695	810	0	1	1	810
CY207736.1	699	1995	1	3	4	699
CY207736.1	710	1857	0	1	1	1857
CY207736.1	712	1841	0	2	2	1841
CY207736.1	719	755	1	0	1	719
CY207736.1	723	1994	2	2	4	723
CY207736.1	727	1842	0	1	1	1842
CY207736.1	728	1888	0	2	2	1888
CY207736.1	729	775	3	1	4	729
CY207736.1	731	1859	0	1	1	1859
CY207736.1	732	1715	1	0	1	732
CY207736.1	736	1920	4	1	5	736
CY207736.1	741	786	1	0	1	741
CY207736.1	742	1832	1	0	1	742
CY207736.1	748	1639	1	0	1	748
CY207736.1	749	1788	1	0	1	749
CY207736.1	753	1724	0	1	1	1724
CY207736.1	753	1753	0	2	2	1753
CY207736.1	754	1838	1	0	1	754
CY207736.1	755	1828	1	0	1	755
CY207736.1	767	1952	0	2	2	1952
CY207736.1	773	1722	1	0	1	773
CY207736.1	778	1874	0	1	1	1874
CY207736.1	779	1900	1	1	2	779
CY207736.1	802	1846	0	1	1	1846
CY207736.1	807	1897	1	0	1	807
CY207736.1	826	1820	1	0	1	826
CY207736.1	842	2001	1	0	1	842
CY207736.1	843	2178	0	1	1	2178
CY207736.1	848	1695	1	0	1	848
CY207736.1	848	2280	1	0	1	848
CY207736.1	851	1612	1	1	2	851
CY207736.1	851	1695	3	4	7	851
CY207736.1	851	1856	2	0	2	851
CY207736.1	853	1725	0	1	1	1725
CY207736.1	894	2230	0	1	1	2230
CY207736.1	898	1678	1	0	1	898
CY207736.1	903	1680	1	0	1	903
CY207736.1	908	1667	0	1	1	1667
CY207736.1	939	1605	1	0	1	939
CY207736.1	956	1541	1	0	1	956
CY207736.1	992	1140	1	0	1	992
CY207737.1	1013	2252	1	0	1	1013
CY207737.1	1015	1697	0	1	1	1697
CY207737.1	1026	1908	0	1	1	1908
CY207737.1	1055	2430	0	1	1	2430
CY207737.1	1083	1336	1	0	1	1083
CY207737.1	1170	1396	1	0	1	1170
CY207737.1	1175	2074	1	0	1	1175
CY207737.1	1262	2338	1	0	1	1262
CY207737.1	1268	1314	0	1	1	1314
CY207737.1	1300	2145	1	0	1	1300
CY207737.1	1425	2297	1	0	1	1425
CY207737.1	1442	1764	1	0	1	1442
CY207737.1	1525	1754	1	1	2	1525
CY207737.1	1536	2230	0	1	1	2230
CY207737.1	1537	2000	1	0	1	1537
CY207737.1	1573	2249	0	1	1	2249
CY207737.1	1578	1779	1	0	1	1578
CY207737.1	1579	1663	1	0	1	1579
CY207737.1	1602	2112	0	1	1	2112
CY207737.1	1680	2221	1	0	1	1680
CY207737.1	1753	2276	1	0	1	1753
CY207737.1	1789	2476	0	1	1	2476
CY207737.1	1962	1985	0	1	1	1985
CY207737.1	2049	2111	1	0	1	2049
CY207737.1	2054	2120	1	0	1	2054
CY207737.1	2061	2237	1	0	1	2061
CY207737.1	2069	2199	1	0	1	2069
CY207737.1	2076	2121	0	1	1	2121
CY207737.1	2102	2355	1	0	1	2102
CY207737.1	2119	2155	3	0	3	2119
CY207737.1	2129	2193	1	0	1	2129
CY207737.1	2151	2198	1	0	1	2151
CY207737.1	2166	2216	1	0	1	2166
CY207737.1	2178	2227	1	0	1	2178
CY207737.1	2181	2204	1	0	1	2181
CY207737.1	2181	2239	1	0	1	2181
CY207737.1	2189	2303	1	0	1	2189
CY207737.1	2191	2237	1	0	1	2191
CY207737.1	2206	2243	0	1	1	2243
CY207737.1	2255	2451	0	1	1	2451
CY207737.1	2270	2303	1	0	1	2270
CY207737.1	2273	2303	2	0	2	2273
CY207737.1	2280	2333	1	0	1	2280
CY207737.1	2282	2304	0	1	1	2304
CY207737.1	2288	2367	1	0	1	2288
CY207737.1	2291	2321	4	0	4	2291
CY207737.1	2291	2347	2	0	2	2291
CY207737.1	2293	2340	0	1	1	2340
CY207737.1	2297	2358	3	0	3	2297
CY207737.1	2321	2358	1	0	1	2321
CY207737.1	2345	2375	1	0	1	2345
CY207737.1	2362	2391	1	0	1	2362
CY207737.1	2377	2449	0	1	1	2449
CY207737.1	2401	2450	1	2	3	2401
CY207737.1	240	262	2	0	2	240
CY207737.1	240	271	7	0	7	240
CY207737.1	240	288	3	0	3	240
CY207737.1	2410	2450	0	1	1	2450
CY207737.1	2413	2450	1	2	3	2413
CY207737.1	2413	2451	0	1	1	2451
CY207737.1	241	267	3	0	3	241
CY207737.1	241	294	4	1	5	241
CY207737.1	244	2220	1	0	1	244
CY207737.1	244	2306	2	0	2	244
CY207737.1	246	293	1	0	1	246
CY207737.1	246	314	1	0	1	246
CY207737.1	247	289	2	0	2	247
CY207737.1	247	291	2	0	2	247
CY207737.1	247	340	2	0	2	247
CY207737.1	248	273	1	0	1	248
CY207737.1	256	2310	1	0	1	256
CY207737.1	265	288	1	0	1	265
CY207737.1	276	365	1	0	1	276
CY207737.1	280	356	1	0	1	280
CY207737.1	288	2325	2	0	2	288
CY207737.1	290	2451	2	2	4	290
CY207737.1	298	2315	4	0	4	298
CY207737.1	320	2356	1	0	1	320
CY207737.1	335	2322	3	0	3	335
CY207737.1	337	2063	0	1	1	2063
CY207737.1	339	2224	0	1	1	2224
CY207737.1	339	2399	1	0	1	339
CY207737.1	340	2302	2	1	3	340
CY207737.1	340	385	0	2	2	385
CY207737.1	350	2243	0	1	1	2243
CY207737.1	354	2302	1	0	1	354
CY207737.1	363	2334	1	0	1	363
CY207737.1	373	2450	0	1	1	2450
CY207737.1	380	2237	1	0	1	380
CY207737.1	381	2190	0	1	1	2190
CY207737.1	381	2193	0	1	1	2193
CY207737.1	381	2394	1	0	1	381
CY207737.1	383	2269	0	1	1	2269
CY207737.1	386	2224	1	0	1	386
CY207737.1	386	2337	2	0	2	386
CY207737.1	387	2296	1	0	1	387
CY207737.1	388	2207	0	1	1	2207
CY207737.1	390	2299	1	0	1	390
CY207737.1	391	2144	1	0	1	391
CY207737.1	391	2182	0	1	1	2182
CY207737.1	391	2214	1	0	1	391
CY207737.1	391	2273	1	0	1	391
CY207737.1	392	2181	0	1	1	2181
CY207737.1	392	2243	1	0	1	392
CY207737.1	392	2322	1	0	1	392
CY207737.1	392	2355	0	2	2	2355
CY207737.1	398	1593	0	1	1	1593
CY207737.1	404	1131	1	2	3	404
CY207737.1	417	2260	2	0	2	417
CY207737.1	425	2192	0	1	1	2192
CY207737.1	428	2193	1	0	1	428
CY207737.1	429	2167	1	0	1	429
CY207737.1	436	2225	0	1	1	2225
CY207737.1	436	2243	5	1	6	436
CY207737.1	437	2208	1	1	2	437
CY207737.1	439	2321	1	0	1	439
CY207737.1	445	2091	1	0	1	445
CY207737.1	445	2273	1	0	1	445
CY207737.1	446	2181	1	0	1	446
CY207737.1	446	2205	1	0	1	446
CY207737.1	446	2247	1	0	1	446
CY207737.1	446	2322	1	0	1	446
CY207737.1	447	2244	0	1	1	2244
CY207737.1	448	2093	0	1	1	2093
CY207737.1	461	2281	1	1	2	461
CY207737.1	461	2302	0	9	9	2302
CY207737.1	462	2094	0	1	1	2094
CY207737.1	463	2204	0	1	1	2204
CY207737.1	466	522	0	1	1	522
CY207737.1	472	2223	5	11	16	472
CY207737.1	476	2149	4	8	12	476
CY207737.1	476	2208	1	0	1	476
CY207737.1	477	2130	0	2	2	2130
CY207737.1	483	2176	1	0	1	483
CY207737.1	486	2217	0	1	1	2217
CY207737.1	490	2155	1	5	6	490
CY207737.1	490	2346	8	3	11	490
CY207737.1	491	2094	3	1	4	491
CY207737.1	503	1104	0	1	1	1104
CY207737.1	503	2136	0	1	1	2136
CY207737.1	504	2071	1	0	1	504
CY207737.1	520	2062	1	0	1	520
CY207737.1	522	2182	2	0	2	522
CY207737.1	528	2191	1	1	2	528
CY207737.1	536	2149	1	0	1	536
CY207737.1	569	2093	1	4	5	569
CY207737.1	574	2199	1	0	1	574
CY207737.1	578	2181	1	0	1	578
CY207737.1	587	1615	1	0	1	587
CY207737.1	603	2094	1	0	1	603
CY207737.1	604	2093	0	1	1	2093
CY207737.1	611	1757	1	0	1	611
CY207737.1	614	1819	2	0	2	614
CY207737.1	636	2117	0	1	1	2117
CY207737.1	650	1073	1	0	1	650
CY207737.1	650	2359	0	1	1	2359
CY207737.1	668	1991	0	1	1	1991
CY207737.1	669	2111	0	1	1	2111
CY207737.1	672	1936	2	1	3	672
CY207737.1	683	1834	0	1	1	1834
CY207737.1	692	2092	1	0	1	692
CY207737.1	702	1061	0	1	1	1061
CY207737.1	704	1553	1	0	1	704
CY207737.1	707	2277	1	0	1	707
CY207737.1	708	2069	0	1	1	2069
CY207737.1	729	1822	0	1	1	1822
CY207737.1	748	1830	0	1	1	1830
CY207737.1	756	1043	1	0	1	756
CY207737.1	757	1797	1	0	1	757
CY207737.1	778	1879	1	0	1	778
CY207737.1	783	1911	6	4	10	783
CY207737.1	805	1025	1	0	1	805
CY207737.1	807	1654	1	0	1	807
CY207737.1	807	2058	1	0	1	807
CY207737.1	810	1828	1	0	1	810
CY207737.1	815	1397	1	0	1	815
CY207737.1	837	873	0	1	1	873
CY207737.1	853	1607	0	1	1	1607
CY207737.1	859	1739	1	0	1	859
CY207737.1	876	1560	0	1	1	1560
CY207737.1	918	1793	0	1	1	1793
CY207737.1	918	1911	0	1	1	1911
CY207737.1	938	1823	1	0	1	938
CY207738.1	1006	1692	0	1	1	1692
CY207738.1	1054	1141	0	1	1	1141
CY207738.1	1093	1475	1	0	1	1093
CY207738.1	1159	1271	1	0	1	1159
CY207738.1	1201	1455	0	1	1	1455
CY207738.1	1202	2136	0	1	1	2136
CY207738.1	1226	1737	0	1	1	1737
CY207738.1	1297	2178	1	0	1	1297
CY207738.1	1306	1931	0	1	1	1931
CY207738.1	1424	2151	0	1	1	2151
CY207738.1	1599	2149	0	1	1	2149
CY207738.1	1602	1846	1	0	1	1602
CY207738.1	1732	1913	0	1	1	1913
CY207738.1	1747	1804	1	0	1	1747
CY207738.1	1748	2313	0	1	1	2313
CY207738.1	1847	2077	0	1	1	2077
CY207738.1	1946	1971	1	0	1	1946
CY207738.1	2256	2326	2	0	2	2256
CY207738.1	2311	2334	1	0	1	2311
CY207738.1	2311	2338	1	0	1	2311
CY207738.1	2356	2402	0	1	1	2402
CY207738.1	2370	2397	0	1	1	2397
CY207738.1	247	1647	1	0	1	247
CY207738.1	250	1581	1	0	1	250
CY207738.1	279	347	3	0	3	279
CY207738.1	281	316	1	0	1	281
CY207738.1	284	1866	1	0	1	284
CY207738.1	294	326	3	0	3	294
CY207738.1	302	324	0	1	1	324
CY207738.1	316	2314	0	1	1	2314
CY207738.1	316	2327	0	1	1	2327
CY207738.1	316	2334	5	1	6	316
CY207738.1	362	2313	0	1	1	2313
CY207738.1	365	420	0	1	1	420
CY207738.1	366	2295	0	1	1	2295
CY207738.1	367	2255	0	1	1	2255
CY207738.1	367	2313	0	1	1	2313
CY207738.1	367	2317	0	1	1	2317
CY207738.1	367	2346	0	2	2	2346
CY207738.1	368	2252	0	1	1	2252
CY207738.1	369	2403	1	0	1	369
CY207738.1	369	422	1	3	4	369
CY207738.1	371	2217	0	1	1	2217
CY207738.1	371	2313	1	0	1	371
CY207738.1	374	2217	0	1	1	2217
CY207738.1	374	2311	1	8	9	374
CY207738.1	374	411	1	0	1	374
CY207738.1	375	2296	0	2	2	2296
CY207738.1	376	1852	1	2	3	376
CY207738.1	376	2282	2	5	7	376
CY207738.1	385	2167	3	7	10	385
CY207738.1	386	2196	0	2	2	2196
CY207738.1	386	2314	0	1	1	2314
CY207738.1	386	2334	1	0	1	386
CY207738.1	387	2313	5	19	24	387
CY207738.1	387	466	1	3	4	387
CY207738.1	392	2179	0	1	1	2179
CY207738.1	393	427	1	0	1	393
CY207738.1	395	2121	0	1	1	2121
CY207738.1	399	2187	0	4	4	2187
CY207738.1	399	2247	1	3	4	399
CY207738.1	404	2202	0	1	1	2202
CY207738.1	405	1658	0	1	1	1658
CY207738.1	410	2079	0	1	1	2079
CY207738.1	410	2251	0	1	1	2251
CY207738.1	411	1463	0	1	1	1463
CY207738.1	411	2270	0	4	4	2270
CY207738.1	411	2314	0	1	1	2314
CY207738.1	412	2171	0	1	1	2171
CY207738.1	414	2221	0	1	1	2221
CY207738.1	419	2195	0	1	1	2195
CY207738.1	420	2168	0	1	1	2168
CY207738.1	420	2264	0	1	1	2264
CY207738.1	420	2313	1	6	7	420
CY207738.1	421	1766	1	0	1	421
CY207738.1	427	2186	0	1	1	2186
CY207738.1	429	2279	0	1	1	2279
CY207738.1	434	2238	0	1	1	2238
CY207738.1	435	2247	2	5	7	435
CY207738.1	435	2313	1	8	9	435
CY207738.1	453	2170	1	0	1	453
CY207738.1	453	2196	0	1	1	2196
CY207738.1	453	2347	1	1	2	453
CY207738.1	466	2204	1	0	1	466
CY207738.1	468	2163	1	0	1	468
CY207738.1	468	2311	3	2	5	468
CY207738.1	471	2169	0	1	1	2169
CY207738.1	471	2211	1	1	2	471
CY207738.1	474	2129	0	1	1	2129
CY207738.1	481	2053	0	1	1	2053
CY207738.1	483	2157	1	3	4	483
CY207738.1	484	2196	0	1	1	2196
CY207738.1	485	2168	2	1	3	485
CY207738.1	489	1552	0	1	1	1552
CY207738.1	489	963	1	0	1	489
CY207738.1	491	2169	1	1	2	491
CY207738.1	492	2131	0	3	3	2131
CY207738.1	494	2130	0	2	2	2130
CY207738.1	514	2163	0	1	1	2163
CY207738.1	514	2169	0	1	1	2169
CY207738.1	520	1836	0	1	1	1836
CY207738.1	538	2161	1	0	1	538
CY207738.1	547	2032	1	0	1	547
CY207738.1	552	2407	0	1	1	2407
CY207738.1	553	2204	0	1	1	2204
CY207738.1	589	861	0	1	1	861
CY207738.1	623	2106	1	0	1	623
CY207738.1	627	1537	1	0	1	627
CY207738.1	635	1054	1	0	1	635
CY207738.1	640	2273	1	0	1	640
CY207738.1	650	2119	0	1	1	2119
CY207738.1	669	1825	0	1	1	1825
CY207738.1	677	2183	1	0	1	677
CY207738.1	677	833	0	1	1	833
CY207738.1	687	812	1	0	1	687
CY207738.1	729	1947	1	0	1	729
CY207738.1	732	1867	0	1	1	1867
CY207738.1	733	1936	0	1	1	1936
CY207738.1	746	1646	1	0	1	746
CY207738.1	749	1967	0	1	1	1967
CY207738.1	764	1925	1	0	1	764
CY207738.1	765	1948	3	3	6	765
CY207738.1	771	1788	1	0	1	771
CY207738.1	778	1923	2	0	2	778
CY207738.1	784	1779	1	0	1	784
CY207738.1	789	1876	0	1	1	1876
CY207738.1	797	1938	1	1	2	797
CY207738.1	808	1472	1	0	1	808
CY207738.1	829	1821	1	0	1	829
CY207738.1	833	1774	0	1	1	1774
CY207738.1	842	1717	1	0	1	842
CY207738.1	842	1733	0	1	1	1733
CY207738.1	869	1545	1	0	1	869
CY207738.1	870	2204	1	0	1	870
CY207738.1	878	2300	0	1	1	2300
CY207738.1	896	1530	1	0	1	896
CY207738.1	921	1789	1	0	1	921
CY207738.1	942	2308	1	0	1	942
CY207738.1	953	1423	1	0	1	953
CY207738.1	968	1820	0	1	1	1820
