Segment	Start	Stop	Forward_support	Reverse_support	Total_support	Fuzz_factor
CY207731.1	1002	1182	0	1	1	1182
CY207731.1	1040	1363	1	0	1	1040
CY207731.1	1043	1908	0	1	1	1908
CY207731.1	1054	1312	0	2	2	1312
CY207731.1	1133	1793	1	0	1	1133
CY207731.1	1189	1892	0	1	1	1892
CY207731.1	1193	1237	0	1	1	1237
CY207731.1	1210	1711	0	1	1	1711
CY207731.1	1231	1574	1	0	1	1231
CY207731.1	1261	1479	0	1	1	1479
CY207731.1	1264	1419	0	1	1	1419
CY207731.1	1264	1456	1	0	1	1264
CY207731.1	1264	1601	1	0	1	1264
CY207731.1	1286	1695	1	0	1	1286
CY207731.1	1302	1333	1	0	1	1302
CY207731.1	1303	1399	1	0	1	1303
CY207731.1	1311	1436	0	1	1	1436
CY207731.1	1331	1474	1	0	1	1331
CY207731.1	1353	1562	0	1	1	1562
CY207731.1	1355	1482	1	0	1	1355
CY207731.1	1411	1756	1	0	1	1411
CY207731.1	1443	1710	1	0	1	1443
CY207731.1	1469	1758	1	0	1	1469
CY207731.1	1486	1774	1	0	1	1486
CY207731.1	1563	1745	0	1	1	1745
CY207731.1	1650	1694	1	0	1	1650
CY207731.1	1695	1758	0	1	1	1758
CY207731.1	1695	1788	1	0	1	1695
CY207731.1	1729	1759	1	0	1	1729
CY207731.1	261	1134	1	0	1	261
CY207731.1	265	1747	1	0	1	265
CY207731.1	274	847	1	0	1	274
CY207731.1	287	1581	1	0	1	287
CY207731.1	288	1797	1	0	1	288
CY207731.1	289	323	1	0	1	289
CY207731.1	290	1234	1	0	1	290
CY207731.1	294	1411	1	0	1	294
CY207731.1	334	507	1	0	1	334
CY207731.1	371	1541	0	1	1	1541
CY207731.1	372	1376	1	0	1	372
CY207731.1	385	1304	0	1	1	1304
CY207731.1	385	1579	0	1	1	1579
CY207731.1	387	1589	0	1	1	1589
CY207731.1	389	472	0	1	1	472
CY207731.1	390	1640	1	0	1	390
CY207731.1	392	1486	0	1	1	1486
CY207731.1	396	1099	0	1	1	1099
CY207731.1	398	1062	0	1	1	1062
CY207731.1	404	1753	0	1	1	1753
CY207731.1	414	814	0	1	1	814
CY207731.1	418	798	1	0	1	418
CY207731.1	421	1369	0	1	1	1369
CY207731.1	443	1709	0	1	1	1709
CY207731.1	449	1375	1	1	2	449
CY207731.1	458	1356	1	0	1	458
CY207731.1	460	611	1	0	1	460
CY207731.1	467	665	0	1	1	665
CY207731.1	472	1353	1	0	1	472
CY207731.1	474	1630	0	1	1	1630
CY207731.1	480	1707	1	0	1	480
CY207731.1	486	1311	0	1	1	1311
CY207731.1	489	738	0	1	1	738
CY207731.1	489	929	0	1	1	929
CY207731.1	515	1006	0	1	1	1006
CY207731.1	518	1217	0	1	1	1217
CY207731.1	518	1620	0	1	1	1620
CY207731.1	527	1438	1	0	1	527
CY207731.1	531	862	1	0	1	531
CY207731.1	544	1643	0	1	1	1643
CY207731.1	545	1736	0	1	1	1736
CY207731.1	547	1061	1	0	1	547
CY207731.1	548	583	0	1	1	583
CY207731.1	561	1392	1	0	1	561
CY207731.1	565	1641	1	2	3	565
CY207731.1	568	1204	0	1	1	1204
CY207731.1	572	957	1	0	1	572
CY207731.1	581	1696	1	0	1	581
CY207731.1	596	823	1	0	1	596
CY207731.1	605	1542	1	0	1	605
CY207731.1	610	1538	0	1	1	1538
CY207731.1	632	1147	1	0	1	632
CY207731.1	645	1150	0	1	1	1150
CY207731.1	647	1609	1	0	1	647
CY207731.1	698	1731	1	0	1	698
CY207731.1	704	975	0	1	1	975
CY207731.1	705	1390	1	0	1	705
CY207731.1	722	828	1	0	1	722
CY207731.1	726	1154	0	1	1	1154
CY207731.1	737	1673	1	0	1	737
CY207731.1	748	1761	1	0	1	748
CY207731.1	755	842	0	1	1	842
CY207731.1	757	1269	1	1	2	757
CY207731.1	757	804	1	0	1	757
CY207731.1	781	1259	0	1	1	1259
CY207731.1	810	1750	0	1	1	1750
CY207731.1	818	1095	0	1	1	1095
CY207731.1	819	1516	0	1	1	1516
CY207731.1	846	1739	1	0	1	846
CY207731.1	857	1614	0	1	1	1614
CY207731.1	873	1562	1	0	1	873
CY207731.1	904	1761	1	0	1	904
CY207731.1	935	1210	0	1	1	1210
CY207731.1	944	1615	1	0	1	944
CY207731.1	960	1438	0	1	1	1438
CY207731.1	990	1626	0	1	1	1626
CY207732.1	1077	1099	0	1	1	1099
CY207732.1	256	895	1	0	1	256
CY207732.1	257	978	1	0	1	257
CY207732.1	262	901	1	0	1	262
CY207732.1	267	536	1	0	1	267
CY207732.1	268	550	1	0	1	268
CY207732.1	275	848	1	0	1	275
CY207732.1	286	602	1	0	1	286
CY207732.1	321	802	1	1	2	321
CY207732.1	330	723	1	0	1	330
CY207732.1	337	1087	1	0	1	337
CY207732.1	343	604	1	0	1	343
CY207732.1	366	954	1	0	1	366
CY207732.1	367	911	0	1	1	911
CY207732.1	373	679	0	1	1	679
CY207732.1	391	1135	0	1	1	1135
CY207732.1	402	521	0	1	1	521
CY207732.1	414	1085	0	1	1	1085
CY207732.1	424	830	1	0	1	424
CY207732.1	426	705	1	0	1	426
CY207732.1	427	553	0	1	1	553
CY207732.1	428	999	0	1	1	999
CY207732.1	438	1142	0	1	1	1142
CY207732.1	463	726	1	0	1	463
CY207732.1	484	1082	1	0	1	484
CY207732.1	497	854	1	0	1	497
CY207732.1	500	1128	0	1	1	1128
CY207732.1	500	606	0	1	1	606
CY207732.1	516	555	1	0	1	516
CY207732.1	519	704	1	0	1	519
CY207732.1	523	872	0	1	1	872
CY207732.1	534	854	1	0	1	534
CY207732.1	540	835	0	1	1	835
CY207732.1	584	687	1	0	1	584
CY207732.1	589	862	0	1	1	862
CY207732.1	589	938	0	1	1	938
CY207732.1	593	1023	1	1	2	593
CY207732.1	595	996	1	0	1	595
CY207732.1	597	622	0	1	1	622
CY207732.1	602	846	1	0	1	602
CY207732.1	613	708	0	1	1	708
CY207732.1	622	1065	1	0	1	622
CY207732.1	626	1017	0	1	1	1017
CY207732.1	628	724	1	0	1	628
CY207732.1	629	955	0	1	1	955
CY207732.1	648	826	1	0	1	648
CY207732.1	654	756	0	1	1	756
CY207732.1	656	767	0	1	1	767
CY207732.1	685	839	0	1	1	839
CY207732.1	696	794	0	1	1	794
CY207732.1	697	772	0	1	1	772
CY207732.1	718	860	0	5	5	860
CY207732.1	759	981	1	0	1	759
CY207732.1	764	1031	0	1	1	1031
CY207732.1	768	1138	0	1	1	1138
CY207732.1	790	833	1	0	1	790
CY207732.1	810	1024	0	1	1	1024
CY207732.1	812	874	0	1	1	874
CY207732.1	817	866	0	2	2	866
CY207732.1	821	909	1	0	1	821
CY207732.1	842	884	0	1	1	884
CY207732.1	862	962	2	0	2	862
CY207732.1	871	1082	1	0	1	871
CY207732.1	877	915	1	0	1	877
CY207732.1	881	933	0	1	1	933
CY207732.1	951	1002	1	0	1	951
CY207733.1	1018	1074	1	0	1	1018
CY207733.1	1110	1423	1	0	1	1110
CY207733.1	1539	1568	0	1	1	1568
CY207733.1	1543	1592	0	1	1	1592
CY207733.1	246	1435	1	0	1	246
CY207733.1	247	1352	1	0	1	247
CY207733.1	256	1466	1	0	1	256
CY207733.1	267	1400	1	0	1	267
CY207733.1	279	398	1	0	1	279
CY207733.1	285	328	1	0	1	285
CY207733.1	307	1460	0	1	1	1460
CY207733.1	334	1277	1	0	1	334
CY207733.1	344	511	0	1	1	511
CY207733.1	360	1445	1	0	1	360
CY207733.1	381	1067	0	1	1	1067
CY207733.1	383	655	0	1	1	655
CY207733.1	433	1089	1	0	1	433
CY207733.1	453	714	1	0	1	453
CY207733.1	471	941	0	1	1	941
CY207733.1	488	694	0	1	1	694
CY207733.1	524	924	1	0	1	524
CY207733.1	577	1043	1	0	1	577
CY207733.1	596	947	0	1	1	947
CY207733.1	651	855	1	0	1	651
CY207733.1	687	1240	1	0	1	687
CY207733.1	698	1286	1	0	1	698
CY207733.1	779	1404	0	1	1	1404
CY207733.1	820	1439	0	1	1	1439
CY207733.1	820	973	1	0	1	820
CY207733.1	875	1314	0	1	1	1314
CY207733.1	884	1424	0	1	1	1424
CY207733.1	948	1027	1	1	2	948
CY207734.1	1003	1217	0	1	1	1217
CY207734.1	1012	1084	0	2	2	1084
CY207734.1	1027	1543	1	0	1	1027
CY207734.1	1064	1336	0	1	1	1336
CY207734.1	1085	1359	1	0	1	1085
CY207734.1	1246	1481	0	1	1	1481
CY207734.1	1283	1474	0	1	1	1474
CY207734.1	1357	1682	0	1	1	1682
CY207734.1	1388	1544	1	0	1	1388
CY207734.1	1437	1491	1	0	1	1437
CY207734.1	1628	1687	0	1	1	1687
CY207734.1	244	1103	1	0	1	244
CY207734.1	245	1521	1	0	1	245
CY207734.1	252	417	1	0	1	252
CY207734.1	268	1417	1	0	1	268
CY207734.1	285	1168	1	0	1	285
CY207734.1	288	822	2	0	2	288
CY207734.1	290	836	1	0	1	290
CY207734.1	318	963	1	0	1	318
CY207734.1	319	591	1	0	1	319
CY207734.1	330	1307	0	1	1	1307
CY207734.1	341	1542	1	0	1	341
CY207734.1	344	898	1	0	1	344
CY207734.1	350	1334	0	1	1	1334
CY207734.1	359	496	1	0	1	359
CY207734.1	374	1170	0	1	1	1170
CY207734.1	392	1341	0	1	1	1341
CY207734.1	396	1593	1	0	1	396
CY207734.1	402	1696	0	1	1	1696
CY207734.1	403	1193	0	1	1	1193
CY207734.1	415	1483	1	0	1	415
CY207734.1	423	916	0	1	1	916
CY207734.1	427	680	1	0	1	427
CY207734.1	430	775	0	1	1	775
CY207734.1	439	548	0	1	1	548
CY207734.1	457	785	1	0	1	457
CY207734.1	484	1042	0	1	1	1042
CY207734.1	486	1490	0	1	1	1490
CY207734.1	497	1250	0	1	1	1250
CY207734.1	501	1312	1	0	1	501
CY207734.1	508	1498	0	1	1	1498
CY207734.1	516	1445	0	1	1	1445
CY207734.1	521	841	1	0	1	521
CY207734.1	521	982	0	1	1	982
CY207734.1	522	806	0	1	1	806
CY207734.1	555	626	0	1	1	626
CY207734.1	574	1539	0	1	1	1539
CY207734.1	587	1227	0	1	1	1227
CY207734.1	600	1078	0	1	1	1078
CY207734.1	638	1027	0	1	1	1027
CY207734.1	640	1058	1	0	1	640
CY207734.1	673	712	0	1	1	712
CY207734.1	676	1095	1	0	1	676
CY207734.1	678	744	0	1	1	744
CY207734.1	680	1469	0	1	1	1469
CY207734.1	703	1379	1	0	1	703
CY207734.1	707	908	0	1	1	908
CY207734.1	709	1166	1	0	1	709
CY207734.1	738	808	0	1	1	808
CY207734.1	738	991	0	1	1	991
CY207734.1	745	1337	0	1	1	1337
CY207734.1	756	1641	1	0	1	756
CY207734.1	757	1211	0	1	1	1211
CY207734.1	768	1186	1	0	1	768
CY207734.1	791	1511	1	0	1	791
CY207734.1	794	947	1	0	1	794
CY207734.1	804	1352	0	1	1	1352
CY207734.1	809	896	1	0	1	809
CY207734.1	815	1232	0	1	1	1232
CY207734.1	821	1035	1	0	1	821
CY207734.1	824	1049	0	1	1	1049
CY207734.1	833	1511	1	1	2	833
CY207734.1	843	1469	0	1	1	1469
CY207734.1	868	947	0	1	1	947
CY207734.1	882	1562	0	1	1	1562
CY207734.1	951	1373	0	1	1	1373
CY207734.1	961	1089	1	0	1	961
CY207734.1	972	1388	0	1	1	1388
CY207734.1	990	1426	0	1	1	1426
CY207735.1	236	273	1	0	1	236
CY207735.1	253	781	1	0	1	253
CY207735.1	258	984	1	0	1	258
CY207735.1	272	937	1	0	1	272
CY207735.1	342	576	0	1	1	576
CY207735.1	354	844	1	1	2	354
CY207735.1	390	575	0	1	1	575
CY207735.1	478	712	1	0	1	478
CY207735.1	511	740	10	10	20	511
CY207735.1	579	851	0	1	1	851
CY207735.1	648	847	1	0	1	648
CY207735.1	956	998	0	1	1	998
CY207736.1	1022	2047	1	0	1	1022
CY207736.1	1023	1718	1	0	1	1023
CY207736.1	1046	1979	1	0	1	1046
CY207736.1	1046	2350	0	1	1	2350
CY207736.1	1073	2355	0	1	1	2355
CY207736.1	1078	2375	0	1	1	2375
CY207736.1	1092	2294	0	1	1	2294
CY207736.1	1095	2005	0	1	1	2005
CY207736.1	1116	1743	1	0	1	1116
CY207736.1	1140	2123	1	0	1	1140
CY207736.1	1167	1732	0	1	1	1732
CY207736.1	1218	1410	1	0	1	1218
CY207736.1	1230	1692	1	0	1	1230
CY207736.1	1237	2190	0	1	1	2190
CY207736.1	1271	2216	0	1	1	2216
CY207736.1	1325	1933	1	0	1	1325
CY207736.1	1438	2257	0	1	1	2257
CY207736.1	1443	1868	0	1	1	1868
CY207736.1	1462	1900	0	1	1	1900
CY207736.1	1510	2002	0	1	1	2002
CY207736.1	1513	2137	0	1	1	2137
CY207736.1	1550	2192	0	1	1	2192
CY207736.1	1653	1727	1	0	1	1653
CY207736.1	1803	2062	1	0	1	1803
CY207736.1	1859	2130	0	1	1	2130
CY207736.1	2050	2198	0	1	1	2198
CY207736.1	2090	2298	0	1	1	2298
CY207736.1	2131	2171	1	1	2	2131
CY207736.1	2139	2215	1	0	1	2139
CY207736.1	236	271	1	0	1	236
CY207736.1	252	1028	1	0	1	252
CY207736.1	268	2241	1	0	1	268
CY207736.1	271	2174	1	0	1	271
CY207736.1	281	314	4	0	4	281
CY207736.1	282	2241	1	0	1	282
CY207736.1	286	308	1	0	1	286
CY207736.1	345	2147	0	1	1	2147
CY207736.1	356	2115	0	2	2	2115
CY207736.1	362	2171	0	1	1	2171
CY207736.1	363	391	1	1	2	363
CY207736.1	375	2177	1	0	1	375
CY207736.1	383	2153	0	2	2	2153
CY207736.1	385	2147	0	1	1	2147
CY207736.1	386	856	0	1	1	856
CY207736.1	392	2063	0	1	1	2063
CY207736.1	401	2047	0	1	1	2047
CY207736.1	405	2143	0	2	2	2143
CY207736.1	411	2032	0	1	1	2032
CY207736.1	435	2144	0	1	1	2144
CY207736.1	444	2041	0	1	1	2041
CY207736.1	448	2147	0	1	1	2147
CY207736.1	449	582	0	1	1	582
CY207736.1	452	2108	0	1	1	2108
CY207736.1	460	563	0	1	1	563
CY207736.1	468	2069	1	0	1	468
CY207736.1	473	2149	0	2	2	2149
CY207736.1	483	1966	1	0	1	483
CY207736.1	484	2225	1	0	1	484
CY207736.1	495	2030	2	2	4	495
CY207736.1	498	1560	0	1	1	1560
CY207736.1	501	1963	1	0	1	501
CY207736.1	512	1895	2	0	2	512
CY207736.1	516	724	1	0	1	516
CY207736.1	536	2259	6	2	8	536
CY207736.1	546	907	1	0	1	546
CY207736.1	550	1919	1	0	1	550
CY207736.1	558	1890	1	0	1	558
CY207736.1	564	1825	1	0	1	564
CY207736.1	564	2035	1	1	2	564
CY207736.1	564	904	1	0	1	564
CY207736.1	572	1481	1	0	1	572
CY207736.1	574	1733	4	1	5	574
CY207736.1	594	912	1	0	1	594
CY207736.1	606	1970	1	0	1	606
CY207736.1	608	1891	0	1	1	1891
CY207736.1	616	1901	1	0	1	616
CY207736.1	618	1991	1	0	1	618
CY207736.1	619	1950	1	0	1	619
CY207736.1	626	1517	0	1	1	1517
CY207736.1	626	650	1	0	1	626
CY207736.1	628	1913	1	0	1	628
CY207736.1	645	904	0	1	1	904
CY207736.1	666	1002	1	0	1	666
CY207736.1	666	1584	0	1	1	1584
CY207736.1	666	1990	0	1	1	1990
CY207736.1	667	1283	0	1	1	1283
CY207736.1	670	1988	2	0	2	670
CY207736.1	675	1870	0	1	1	1870
CY207736.1	686	1845	1	0	1	686
CY207736.1	699	1995	1	0	1	699
CY207736.1	699	2028	0	1	1	2028
CY207736.1	723	1647	1	0	1	723
CY207736.1	723	1994	1	0	1	723
CY207736.1	723	2202	1	0	1	723
CY207736.1	725	1171	1	0	1	725
CY207736.1	726	913	0	1	1	913
CY207736.1	729	2000	0	1	1	2000
CY207736.1	731	1859	0	1	1	1859
CY207736.1	746	1939	1	0	1	746
CY207736.1	748	1915	0	1	1	1915
CY207736.1	749	1890	1	0	1	749
CY207736.1	755	1776	1	0	1	755
CY207736.1	755	2065	1	0	1	755
CY207736.1	760	1923	0	1	1	1923
CY207736.1	767	1952	1	3	4	767
CY207736.1	775	1840	1	0	1	775
CY207736.1	776	1678	1	0	1	776
CY207736.1	786	1762	1	0	1	786
CY207736.1	786	1785	1	0	1	786
CY207736.1	786	903	1	0	1	786
CY207736.1	810	1458	1	0	1	810
CY207736.1	810	1539	1	0	1	810
CY207736.1	810	1606	0	1	1	1606
CY207736.1	823	2280	1	0	1	823
CY207736.1	833	1423	1	0	1	833
CY207736.1	843	2196	1	0	1	843
CY207736.1	849	1930	0	1	1	1930
CY207736.1	880	2030	0	1	1	2030
CY207736.1	886	1821	1	0	1	886
CY207736.1	893	1720	1	0	1	893
CY207736.1	893	1978	1	0	1	893
CY207736.1	902	1854	0	1	1	1854
CY207736.1	902	1967	0	1	1	1967
CY207736.1	970	1848	1	0	1	970
CY207736.1	973	1064	1	1	2	973
CY207736.1	998	1182	0	1	1	1182
CY207737.1	1010	1672	0	1	1	1672
CY207737.1	1026	1225	1	0	1	1026
CY207737.1	1037	1160	0	1	1	1160
CY207737.1	1038	2450	0	1	1	2450
CY207737.1	1055	1491	1	0	1	1055
CY207737.1	1065	2087	1	0	1	1065
CY207737.1	1087	1205	0	1	1	1205
CY207737.1	1087	2458	0	1	1	2458
CY207737.1	1111	2159	1	0	1	1111
CY207737.1	1144	2116	1	0	1	1144
CY207737.1	1148	1829	0	1	1	1829
CY207737.1	1156	1645	0	1	1	1645
CY207737.1	1184	2119	0	1	1	2119
CY207737.1	1214	1975	1	0	1	1214
CY207737.1	1230	2360	1	0	1	1230
CY207737.1	1345	2318	1	0	1	1345
CY207737.1	1527	2277	0	1	1	2277
CY207737.1	1530	1583	0	1	1	1583
CY207737.1	1542	2384	1	0	1	1542
CY207737.1	1680	1898	1	0	1	1680
CY207737.1	1725	2235	0	1	1	2235
CY207737.1	1737	1807	1	0	1	1737
CY207737.1	1741	1797	1	0	1	1741
CY207737.1	1779	2161	0	1	1	2161
CY207737.1	1829	2017	0	1	1	2017
CY207737.1	1867	2258	0	1	1	2258
CY207737.1	1929	2020	1	0	1	1929
CY207737.1	2182	2305	1	0	1	2182
CY207737.1	2183	2457	0	1	1	2457
CY207737.1	2358	2455	0	1	1	2455
CY207737.1	2359	2450	1	1	2	2359
CY207737.1	2413	2450	0	1	1	2450
CY207737.1	258	1780	1	0	1	258
CY207737.1	288	2180	1	0	1	288
CY207737.1	295	2217	1	0	1	295
CY207737.1	306	2223	0	1	1	2223
CY207737.1	332	2322	1	0	1	332
CY207737.1	341	614	1	0	1	341
CY207737.1	364	1217	1	0	1	364
CY207737.1	378	2244	1	0	1	378
CY207737.1	392	2188	0	1	1	2188
CY207737.1	392	2217	0	2	2	2217
CY207737.1	446	2188	1	0	1	446
CY207737.1	464	1752	1	0	1	464
CY207737.1	471	1062	1	0	1	471
CY207737.1	488	2121	1	0	1	488
CY207737.1	492	2093	1	0	1	492
CY207737.1	511	912	0	1	1	912
CY207737.1	541	1403	0	1	1	1403
CY207737.1	564	2489	0	1	1	2489
CY207737.1	579	2104	2	0	2	579
CY207737.1	611	2041	0	1	1	2041
CY207737.1	616	2145	1	0	1	616
CY207737.1	626	2232	0	1	1	2232
CY207737.1	696	1162	1	0	1	696
CY207737.1	722	1829	1	0	1	722
CY207737.1	736	814	0	1	1	814
CY207737.1	754	2272	0	1	1	2272
CY207737.1	761	1824	1	0	1	761
CY207737.1	777	1998	1	0	1	777
CY207737.1	784	2099	1	0	1	784
CY207737.1	790	1865	1	0	1	790
CY207737.1	790	2339	0	1	1	2339
CY207737.1	792	1969	1	0	1	792
CY207737.1	797	1172	1	0	1	797
CY207737.1	798	1502	0	1	1	1502
CY207737.1	834	2460	0	1	1	2460
CY207737.1	839	1783	0	1	1	1783
CY207737.1	855	1354	0	1	1	1354
CY207737.1	870	1459	0	1	1	1459
CY207737.1	875	1824	1	0	1	875
CY207737.1	888	1756	1	0	1	888
CY207737.1	937	1859	0	1	1	1859
CY207737.1	941	2115	1	0	1	941
CY207737.1	962	1718	0	1	1	1718
CY207737.1	962	1827	1	0	1	962
CY207737.1	999	1689	1	0	1	999
CY207738.1	1000	1656	1	0	1	1000
CY207738.1	1015	1431	0	1	1	1431
CY207738.1	1030	1252	1	0	1	1030
CY207738.1	1033	2240	1	0	1	1033
CY207738.1	1037	1711	0	1	1	1711
CY207738.1	1039	1717	0	1	1	1717
CY207738.1	1053	2210	1	0	1	1053
CY207738.1	1053	2381	1	0	1	1053
CY207738.1	1062	2248	0	1	1	2248
CY207738.1	1072	1643	0	1	1	1643
CY207738.1	1077	2208	1	0	1	1077
CY207738.1	1116	1907	0	1	1	1907
CY207738.1	1124	2330	1	0	1	1124
CY207738.1	1147	1834	0	1	1	1834
CY207738.1	1166	2306	1	0	1	1166
CY207738.1	1178	1284	1	0	1	1178
CY207738.1	1203	1274	0	1	1	1274
CY207738.1	1284	1931	1	0	1	1284
CY207738.1	1284	2147	1	0	1	1284
CY207738.1	1290	1330	0	1	1	1330
CY207738.1	1322	1750	1	0	1	1322
CY207738.1	1324	2341	1	0	1	1324
CY207738.1	1342	1632	0	1	1	1632
CY207738.1	1357	1478	1	0	1	1357
CY207738.1	1382	2145	1	0	1	1382
CY207738.1	1386	2149	0	1	1	2149
CY207738.1	1414	2107	1	0	1	1414
CY207738.1	1429	1542	1	0	1	1429
CY207738.1	1455	1762	1	0	1	1455
CY207738.1	1475	1555	1	0	1	1475
CY207738.1	1526	2086	0	1	1	2086
CY207738.1	1579	1958	1	0	1	1579
CY207738.1	1622	1875	0	1	1	1875
CY207738.1	1640	1956	0	1	1	1956
CY207738.1	1691	1886	0	1	1	1886
CY207738.1	1703	2303	0	1	1	2303
CY207738.1	1891	1953	1	0	1	1891
CY207738.1	2311	2334	1	0	1	2311
CY207738.1	243	2111	1	0	1	243
CY207738.1	249	1952	1	0	1	249
CY207738.1	249	441	1	0	1	249
CY207738.1	258	1790	1	0	1	258
CY207738.1	271	1763	1	0	1	271
CY207738.1	278	1720	1	0	1	278
CY207738.1	332	1228	1	0	1	332
CY207738.1	333	711	1	0	1	333
CY207738.1	335	473	0	1	1	473
CY207738.1	344	1240	0	1	1	1240
CY207738.1	360	1584	1	0	1	360
CY207738.1	362	2195	0	1	1	2195
CY207738.1	369	2216	0	1	1	2216
CY207738.1	373	2254	0	1	1	2254
CY207738.1	373	621	0	1	1	621
CY207738.1	374	2234	0	1	1	2234
CY207738.1	385	1662	1	2	3	385
CY207738.1	397	2131	1	0	1	397
CY207738.1	409	2209	1	0	1	409
CY207738.1	410	2204	0	1	1	2204
CY207738.1	424	2084	0	1	1	2084
CY207738.1	428	1955	0	1	1	1955
CY207738.1	433	1886	1	0	1	433
CY207738.1	440	687	0	1	1	687
CY207738.1	453	2193	0	1	1	2193
CY207738.1	458	2203	0	3	3	2203
CY207738.1	464	2177	0	1	1	2177
CY207738.1	471	2255	1	0	1	471
CY207738.1	471	2266	2	0	2	471
CY207738.1	483	2418	0	1	1	2418
CY207738.1	484	2192	0	1	1	2192
CY207738.1	495	2170	0	1	1	2170
CY207738.1	500	1964	1	0	1	500
CY207738.1	504	1727	0	1	1	1727
CY207738.1	518	2177	0	1	1	2177
CY207738.1	519	2215	1	1	2	519
CY207738.1	525	2185	1	0	1	525
CY207738.1	541	2195	1	0	1	541
CY207738.1	550	961	0	1	1	961
CY207738.1	585	2117	0	1	1	2117
CY207738.1	614	1056	0	1	1	1056
CY207738.1	617	764	1	0	1	617
CY207738.1	642	1322	1	0	1	642
CY207738.1	670	1997	0	1	1	1997
CY207738.1	674	1811	1	0	1	674
CY207738.1	717	1951	1	0	1	717
CY207738.1	719	1900	0	1	1	1900
CY207738.1	720	1949	7	1	8	720
CY207738.1	729	1263	1	0	1	729
CY207738.1	741	1309	1	0	1	741
CY207738.1	767	946	1	0	1	767
CY207738.1	769	1781	1	0	1	769
CY207738.1	776	1884	0	1	1	1884
CY207738.1	782	1866	1	0	1	782
CY207738.1	787	1640	0	1	1	1640
CY207738.1	787	1707	1	0	1	787
CY207738.1	794	1424	1	0	1	794
CY207738.1	833	2238	1	0	1	833
CY207738.1	839	1810	2	0	2	839
CY207738.1	843	1872	0	1	1	1872
CY207738.1	848	1861	0	1	1	1861
CY207738.1	851	2035	0	1	1	2035
CY207738.1	856	1861	0	1	1	1861
CY207738.1	867	1842	1	0	1	867
CY207738.1	870	2204	1	2	3	870
CY207738.1	877	2184	0	1	1	2184
CY207738.1	894	952	0	1	1	952
CY207738.1	896	1101	0	1	1	1101
CY207738.1	899	2263	0	1	1	2263
CY207738.1	922	1766	0	1	1	1766
CY207738.1	930	2068	0	1	1	2068
CY207738.1	938	1269	0	1	1	1269
CY207738.1	944	2048	0	1	1	2048
CY207738.1	944	2240	1	0	1	944
CY207738.1	946	1687	0	1	1	1687
