Segment	Start	Stop	Forward_support	Reverse_support	Total_support	Fuzz_factor
CY207731.1	1004	1517	1	0	1	1004
CY207731.1	1041	1216	1	0	1	1041
CY207731.1	1063	1651	1	0	1	1063
CY207731.1	1063	1687	1	0	1	1063
CY207731.1	1083	1605	1	0	1	1083
CY207731.1	1084	1283	0	1	1	1283
CY207731.1	1086	1117	0	1	1	1117
CY207731.1	1099	1634	1	0	1	1099
CY207731.1	1105	1203	1	0	1	1105
CY207731.1	1106	1599	1	0	1	1106
CY207731.1	1119	1384	1	0	1	1119
CY207731.1	1138	1209	0	1	1	1209
CY207731.1	1171	1679	1	0	1	1171
CY207731.1	1176	1871	0	1	1	1871
CY207731.1	1219	1517	0	1	1	1517
CY207731.1	1226	1267	1	0	1	1226
CY207731.1	1229	1918	0	1	1	1918
CY207731.1	1231	1708	1	0	1	1231
CY207731.1	1232	1883	0	1	1	1883
CY207731.1	1261	1644	1	0	1	1261
CY207731.1	1267	1299	1	1	2	1267
CY207731.1	1267	1341	1	0	1	1267
CY207731.1	1267	1598	0	1	1	1598
CY207731.1	1300	1338	0	1	1	1338
CY207731.1	1306	1637	0	1	1	1637
CY207731.1	1309	1425	0	1	1	1425
CY207731.1	1309	1599	0	1	1	1599
CY207731.1	1332	1877	0	1	1	1877
CY207731.1	1340	1919	0	1	1	1919
CY207731.1	1369	1410	0	1	1	1410
CY207731.1	1402	1790	1	0	1	1402
CY207731.1	1413	1606	1	0	1	1413
CY207731.1	1415	1772	1	0	1	1415
CY207731.1	1422	1633	0	1	1	1633
CY207731.1	1433	1489	1	0	1	1433
CY207731.1	1443	1805	1	0	1	1443
CY207731.1	1474	1697	1	0	1	1474
CY207731.1	1497	1548	0	1	1	1548
CY207731.1	1505	1661	1	0	1	1505
CY207731.1	1518	1652	1	0	1	1518
CY207731.1	1519	1658	2	0	2	1519
CY207731.1	1534	1592	0	1	1	1592
CY207731.1	1627	1695	3	0	3	1627
CY207731.1	1630	1841	1	0	1	1630
CY207731.1	1638	1676	1	0	1	1638
CY207731.1	1640	1786	0	1	1	1786
CY207731.1	1661	1735	1	1	2	1661
CY207731.1	1729	1881	0	1	1	1881
CY207731.1	237	1635	1	0	1	237
CY207731.1	248	1693	1	0	1	248
CY207731.1	253	1629	2	0	2	253
CY207731.1	260	1685	4	0	4	260
CY207731.1	260	1736	1	0	1	260
CY207731.1	275	311	1	0	1	275
CY207731.1	289	1539	1	0	1	289
CY207731.1	290	1571	1	0	1	290
CY207731.1	290	1631	1	0	1	290
CY207731.1	293	1823	1	0	1	293
CY207731.1	294	1734	3	0	3	294
CY207731.1	296	527	1	0	1	296
CY207731.1	306	814	1	0	1	306
CY207731.1	338	394	0	1	1	394
CY207731.1	343	1564	1	2	3	343
CY207731.1	346	1730	1	0	1	346
CY207731.1	350	624	1	0	1	350
CY207731.1	356	1837	0	1	1	1837
CY207731.1	359	1650	0	1	1	1650
CY207731.1	360	1748	2	3	5	360
CY207731.1	366	1585	8	0	8	366
CY207731.1	369	917	0	1	1	917
CY207731.1	372	863	0	1	1	863
CY207731.1	374	1668	1	0	1	374
CY207731.1	379	1598	18	34	52	379
CY207731.1	384	1690	1	0	1	384
CY207731.1	386	1152	1	0	1	386
CY207731.1	390	1620	0	1	1	1620
CY207731.1	392	1653	2	0	2	392
CY207731.1	393	1660	3	0	3	393
CY207731.1	397	571	1	0	1	397
CY207731.1	398	1643	0	1	1	1643
CY207731.1	400	1265	0	1	1	1265
CY207731.1	405	498	0	1	1	498
CY207731.1	407	843	0	1	1	843
CY207731.1	428	837	0	1	1	837
CY207731.1	429	1588	0	2	2	1588
CY207731.1	433	1768	0	1	1	1768
CY207731.1	440	1238	0	1	1	1238
CY207731.1	443	1841	0	1	1	1841
CY207731.1	452	1703	0	1	1	1703
CY207731.1	457	1261	0	1	1	1261
CY207731.1	457	615	0	1	1	615
CY207731.1	465	1576	0	1	1	1576
CY207731.1	468	1595	1	0	1	468
CY207731.1	472	1587	1	5	6	472
CY207731.1	473	1482	0	3	3	1482
CY207731.1	484	1308	0	1	1	1308
CY207731.1	486	854	0	1	1	854
CY207731.1	489	1773	0	1	1	1773
CY207731.1	494	1584	1	0	1	494
CY207731.1	497	1884	0	1	1	1884
CY207731.1	498	1035	1	0	1	498
CY207731.1	502	1040	0	1	1	1040
CY207731.1	503	1059	0	1	1	1059
CY207731.1	504	1289	1	0	1	504
CY207731.1	504	994	0	1	1	994
CY207731.1	518	1650	1	0	1	518
CY207731.1	521	1366	12	12	24	521
CY207731.1	526	1456	0	1	1	1456
CY207731.1	537	1157	0	1	1	1157
CY207731.1	544	1182	0	1	1	1182
CY207731.1	547	1061	2	2	4	547
CY207731.1	568	1204	8	6	14	568
CY207731.1	573	858	1	0	1	573
CY207731.1	582	1345	1	0	1	582
CY207731.1	606	1141	1	0	1	606
CY207731.1	608	1408	0	3	3	1408
CY207731.1	608	1716	1	0	1	608
CY207731.1	612	819	0	1	1	819
CY207731.1	633	1342	1	0	1	633
CY207731.1	636	1457	0	1	1	1457
CY207731.1	642	750	0	1	1	750
CY207731.1	676	1638	1	0	1	676
CY207731.1	692	1522	0	1	1	1522
CY207731.1	705	1269	1	1	2	705
CY207731.1	716	1008	1	0	1	716
CY207731.1	721	1431	1	0	1	721
CY207731.1	721	1665	1	0	1	721
CY207731.1	723	835	1	0	1	723
CY207731.1	732	1837	1	0	1	732
CY207731.1	735	1402	0	1	1	1402
CY207731.1	737	818	1	0	1	737
CY207731.1	756	1695	1	0	1	756
CY207731.1	759	1579	0	1	1	1579
CY207731.1	770	1892	0	1	1	1892
CY207731.1	781	1704	0	1	1	1704
CY207731.1	791	1324	1	0	1	791
CY207731.1	792	1118	1	0	1	792
CY207731.1	801	1037	1	0	1	801
CY207731.1	806	836	0	1	1	836
CY207731.1	814	1444	1	0	1	814
CY207731.1	816	1181	0	1	1	1181
CY207731.1	818	1199	0	1	1	1199
CY207731.1	823	1879	0	3	3	1879
CY207731.1	845	1716	1	0	1	845
CY207731.1	857	1050	1	0	1	857
CY207731.1	862	1341	1	0	1	862
CY207731.1	881	1130	1	0	1	881
CY207731.1	971	1752	1	0	1	971
CY207731.1	993	1810	1	0	1	993
CY207732.1	1013	1035	0	1	1	1035
CY207732.1	1093	1171	0	1	1	1171
CY207732.1	243	655	1	0	1	243
CY207732.1	250	335	1	0	1	250
CY207732.1	256	731	1	0	1	256
CY207732.1	268	550	1	0	1	268
CY207732.1	279	536	1	0	1	279
CY207732.1	286	568	1	0	1	286
CY207732.1	293	909	1	0	1	293
CY207732.1	305	800	0	1	1	800
CY207732.1	310	1086	0	1	1	1086
CY207732.1	311	716	1	0	1	311
CY207732.1	311	965	1	0	1	311
CY207732.1	332	781	0	1	1	781
CY207732.1	336	939	0	2	2	939
CY207732.1	338	821	1	0	1	338
CY207732.1	354	425	0	1	1	425
CY207732.1	355	1143	0	1	1	1143
CY207732.1	363	969	1	0	1	363
CY207732.1	392	1140	0	1	1	1140
CY207732.1	396	1124	0	1	1	1124
CY207732.1	397	1158	0	1	1	1158
CY207732.1	403	1171	0	1	1	1171
CY207732.1	411	763	0	1	1	763
CY207732.1	414	1026	0	1	1	1026
CY207732.1	414	1065	0	1	1	1065
CY207732.1	419	706	0	6	6	706
CY207732.1	430	687	1	0	1	430
CY207732.1	439	1133	0	1	1	1133
CY207732.1	447	821	1	5	6	447
CY207732.1	452	1136	0	1	1	1136
CY207732.1	454	981	0	1	1	981
CY207732.1	465	494	1	1	2	465
CY207732.1	465	780	0	1	1	780
CY207732.1	468	589	0	1	1	589
CY207732.1	478	814	1	0	1	478
CY207732.1	498	941	0	1	1	941
CY207732.1	499	855	1	0	1	499
CY207732.1	503	940	0	1	1	940
CY207732.1	509	1057	0	1	1	1057
CY207732.1	512	1172	0	1	1	1172
CY207732.1	534	860	0	1	1	860
CY207732.1	536	980	1	0	1	536
CY207732.1	557	1142	0	1	1	1142
CY207732.1	561	732	1	0	1	561
CY207732.1	582	721	1	2	3	582
CY207732.1	587	719	1	0	1	587
CY207732.1	589	862	2	4	6	589
CY207732.1	593	1023	2	2	4	593
CY207732.1	612	943	0	1	1	943
CY207732.1	622	710	1	0	1	622
CY207732.1	627	944	1	0	1	627
CY207732.1	629	664	1	0	1	629
CY207732.1	640	731	1	0	1	640
CY207732.1	679	815	11	16	27	679
CY207732.1	681	856	0	1	1	856
CY207732.1	683	824	1	0	1	683
CY207732.1	685	839	3	6	9	685
CY207732.1	697	772	1	1	2	697
CY207732.1	715	965	1	1	2	715
CY207732.1	716	789	1	0	1	716
CY207732.1	718	860	1	3	4	718
CY207732.1	718	959	1	0	1	718
CY207732.1	733	844	0	1	1	844
CY207732.1	759	859	1	1	2	759
CY207732.1	764	880	0	1	1	880
CY207732.1	764	949	1	0	1	764
CY207732.1	764	961	0	1	1	961
CY207732.1	768	850	1	1	2	768
CY207732.1	783	852	1	0	1	783
CY207732.1	789	981	0	1	1	981
CY207732.1	790	956	1	0	1	790
CY207732.1	791	834	0	1	1	834
CY207732.1	812	968	1	0	1	812
CY207732.1	817	866	0	2	2	866
CY207732.1	818	854	3	2	5	818
CY207732.1	828	851	1	0	1	828
CY207732.1	837	1018	1	0	1	837
CY207732.1	845	1054	1	0	1	845
CY207732.1	855	935	0	1	1	935
CY207732.1	873	1062	1	0	1	873
CY207732.1	887	974	0	1	1	974
CY207732.1	902	1134	1	1	2	902
CY207732.1	956	1129	1	0	1	956
CY207733.1	1008	1381	0	1	1	1381
CY207733.1	1073	1321	1	0	1	1073
CY207733.1	1090	1184	0	2	2	1184
CY207733.1	1104	1230	0	2	2	1230
CY207733.1	1105	1208	0	3	3	1208
CY207733.1	1244	1356	0	1	1	1356
CY207733.1	1287	1408	1	0	1	1287
CY207733.1	1294	1485	1	2	3	1294
CY207733.1	1316	1462	1	1	2	1316
CY207733.1	1316	1566	1	0	1	1316
CY207733.1	1380	1420	2	0	2	1380
CY207733.1	1380	1445	4	0	4	1380
CY207733.1	1390	1428	1	0	1	1390
CY207733.1	237	286	1	0	1	237
CY207733.1	237	300	1	0	1	237
CY207733.1	263	770	1	0	1	263
CY207733.1	265	976	7	0	7	265
CY207733.1	269	1468	1	0	1	269
CY207733.1	270	1364	3	0	3	270
CY207733.1	270	1391	263	1	264	270
CY207733.1	270	1418	3	0	3	270
CY207733.1	271	1417	5	0	5	271
CY207733.1	275	1476	4	0	4	275
CY207733.1	279	1482	98	0	98	279
CY207733.1	282	1253	6	0	6	282
CY207733.1	282	785	7	0	7	282
CY207733.1	299	1444	0	1	1	1444
CY207733.1	301	1402	4	4	8	301
CY207733.1	322	1418	1	3	4	322
CY207733.1	352	1365	0	2	2	1365
CY207733.1	352	462	0	2	2	462
CY207733.1	355	1444	3	0	3	355
CY207733.1	356	1493	1	1	2	356
CY207733.1	365	1475	0	1	1	1475
CY207733.1	369	1427	0	1	1	1427
CY207733.1	370	1293	0	6	6	1293
CY207733.1	372	638	0	1	1	638
CY207733.1	381	1200	0	2	2	1200
CY207733.1	381	1493	4	1	5	381
CY207733.1	396	1421	0	1	1	1421
CY207733.1	405	1124	1	1	2	405
CY207733.1	448	1265	0	1	1	1265
CY207733.1	449	546	0	1	1	546
CY207733.1	482	1251	0	1	1	1251
CY207733.1	487	1162	0	1	1	1162
CY207733.1	492	1296	3	0	3	492
CY207733.1	513	1000	1	0	1	513
CY207733.1	513	1111	0	1	1	1111
CY207733.1	513	1292	0	5	5	1292
CY207733.1	519	1172	2	1	3	519
CY207733.1	538	1264	0	1	1	1264
CY207733.1	546	706	1	0	1	546
CY207733.1	547	1087	1	0	1	547
CY207733.1	576	1257	1	0	1	576
CY207733.1	669	1528	0	1	1	1528
CY207733.1	736	1180	0	1	1	1180
CY207733.1	753	1073	0	1	1	1073
CY207733.1	770	1099	0	1	1	1099
CY207733.1	779	1061	0	1	1	1061
CY207733.1	816	1031	0	1	1	1031
CY207733.1	817	1124	0	1	1	1124
CY207733.1	840	989	1	0	1	840
CY207733.1	875	1116	0	1	1	1116
CY207733.1	922	1378	2	0	2	922
CY207733.1	955	1041	1	0	1	955
CY207733.1	960	1027	0	1	1	1027
CY207734.1	1010	1038	0	1	1	1038
CY207734.1	1015	1310	0	1	1	1310
CY207734.1	1025	1494	1	0	1	1025
CY207734.1	1025	1539	0	1	1	1539
CY207734.1	1029	1093	0	1	1	1093
CY207734.1	1100	1251	0	1	1	1251
CY207734.1	1190	1306	0	1	1	1306
CY207734.1	1234	1274	1	0	1	1234
CY207734.1	1277	1382	1	0	1	1277
CY207734.1	1288	1377	0	1	1	1377
CY207734.1	1289	1511	0	1	1	1511
CY207734.1	1306	1430	0	1	1	1430
CY207734.1	1311	1347	0	1	1	1347
CY207734.1	1319	1472	0	1	1	1472
CY207734.1	1336	1379	1	0	1	1336
CY207734.1	1360	1395	0	1	1	1395
CY207734.1	1382	1405	1	0	1	1382
CY207734.1	1399	1474	1	0	1	1399
CY207734.1	1412	1468	0	1	1	1468
CY207734.1	1425	1470	0	1	1	1470
CY207734.1	1442	1566	2	1	3	1442
CY207734.1	1505	1670	0	1	1	1670
CY207734.1	1517	1575	0	1	1	1575
CY207734.1	1580	1697	0	4	4	1697
CY207734.1	1589	1695	0	2	2	1695
CY207734.1	1649	1692	0	1	1	1692
CY207734.1	245	1452	1	0	1	245
CY207734.1	275	805	1	0	1	275
CY207734.1	281	1356	1	0	1	281
CY207734.1	282	728	1	0	1	282
CY207734.1	287	1489	8	1	9	287
CY207734.1	318	924	1	0	1	318
CY207734.1	319	470	0	1	1	470
CY207734.1	343	1065	0	1	1	1065
CY207734.1	346	817	0	1	1	817
CY207734.1	350	1494	0	1	1	1494
CY207734.1	354	1538	1	0	1	354
CY207734.1	375	789	1	0	1	375
CY207734.1	387	1469	1	0	1	387
CY207734.1	392	1562	0	8	8	1562
CY207734.1	401	1239	0	1	1	1239
CY207734.1	401	766	1	0	1	401
CY207734.1	409	1513	0	1	1	1513
CY207734.1	417	505	0	1	1	505
CY207734.1	426	892	1	0	1	426
CY207734.1	429	1538	1	3	4	429
CY207734.1	438	1372	1	0	1	438
CY207734.1	439	750	0	1	1	750
CY207734.1	476	1394	0	2	2	1394
CY207734.1	478	1015	1	0	1	478
CY207734.1	478	890	0	1	1	890
CY207734.1	521	627	0	1	1	627
CY207734.1	522	1280	0	1	1	1280
CY207734.1	522	1545	0	1	1	1545
CY207734.1	524	1230	0	1	1	1230
CY207734.1	545	1586	0	1	1	1586
CY207734.1	558	795	0	1	1	795
CY207734.1	564	1091	0	1	1	1091
CY207734.1	583	635	0	1	1	635
CY207734.1	591	1698	0	1	1	1698
CY207734.1	592	659	3	0	3	592
CY207734.1	593	1417	1	0	1	593
CY207734.1	598	1176	1	2	3	598
CY207734.1	620	812	1	0	1	620
CY207734.1	645	1491	1	0	1	645
CY207734.1	657	991	0	1	1	991
CY207734.1	658	1453	1	0	1	658
CY207734.1	664	725	0	1	1	725
CY207734.1	682	1246	0	1	1	1246
CY207734.1	682	915	1	0	1	682
CY207734.1	686	1242	0	1	1	1242
CY207734.1	697	1501	1	0	1	697
CY207734.1	701	1402	1	0	1	701
CY207734.1	712	1384	1	1	2	712
CY207734.1	717	1145	0	2	2	1145
CY207734.1	717	1713	0	1	1	1713
CY207734.1	721	962	0	1	1	962
CY207734.1	729	1145	1	0	1	729
CY207734.1	745	1205	0	1	1	1205
CY207734.1	749	1394	1	0	1	749
CY207734.1	755	1628	1	0	1	755
CY207734.1	758	1469	0	1	1	1469
CY207734.1	760	1482	0	1	1	1482
CY207734.1	760	1684	0	1	1	1684
CY207734.1	771	1247	1	0	1	771
CY207734.1	824	1049	1	0	1	824
CY207734.1	839	1071	0	1	1	1071
CY207734.1	840	1420	0	1	1	1420
CY207734.1	848	1272	0	1	1	1272
CY207734.1	906	1451	0	1	1	1451
CY207734.1	906	955	0	1	1	955
CY207734.1	955	1617	0	1	1	1617
CY207734.1	971	1042	0	3	3	1042
CY207734.1	974	1439	1	0	1	974
CY207734.1	997	1387	0	1	1	1387
CY207735.1	1014	1036	0	1	1	1036
CY207735.1	256	961	2	0	2	256
CY207735.1	268	914	1	0	1	268
CY207735.1	268	921	14	1	15	268
CY207735.1	272	890	0	1	1	890
CY207735.1	273	304	18	0	18	273
CY207735.1	283	901	14	1	15	283
CY207735.1	287	912	1	0	1	287
CY207735.1	288	853	1	0	1	288
CY207735.1	299	323	0	2	2	323
CY207735.1	299	875	3	3	6	299
CY207735.1	319	770	1	0	1	319
CY207735.1	349	1027	0	5	5	1027
CY207735.1	349	850	0	1	1	850
CY207735.1	349	934	0	1	1	934
CY207735.1	351	1037	0	3	3	1037
CY207735.1	351	842	0	1	1	842
CY207735.1	353	844	1	1	2	353
CY207735.1	359	865	0	1	1	865
CY207735.1	360	893	0	6	6	893
CY207735.1	384	499	1	19	20	384
CY207735.1	385	865	0	28	28	865
CY207735.1	414	614	0	1	1	614
CY207735.1	416	922	1	20	21	416
CY207735.1	417	923	0	1	1	923
CY207735.1	428	782	0	1	1	782
CY207735.1	452	738	1	6	7	452
CY207735.1	452	768	0	8	8	768
CY207735.1	460	503	0	1	1	503
CY207735.1	477	516	1	2	3	477
CY207735.1	489	537	9	8	17	489
CY207735.1	499	729	1	0	1	499
CY207735.1	511	740	19	59	78	511
CY207735.1	519	746	0	2	2	746
CY207735.1	543	875	2	9	11	543
CY207735.1	547	745	0	1	1	745
CY207735.1	840	865	2	0	2	840
CY207735.1	942	972	0	1	1	972
CY207736.1	1000	1588	1	0	1	1000
CY207736.1	1018	1871	1	0	1	1018
CY207736.1	1027	1063	1	0	1	1027
CY207736.1	1034	1106	2	1	3	1034
CY207736.1	1034	1290	0	1	1	1290
CY207736.1	1034	2368	1	0	1	1034
CY207736.1	1040	2137	1	2	3	1040
CY207736.1	1070	1493	0	1	1	1493
CY207736.1	1091	1598	1	0	1	1091
CY207736.1	1092	2294	0	1	1	2294
CY207736.1	1111	2088	0	2	2	2088
CY207736.1	1116	2008	0	1	1	2008
CY207736.1	1123	2122	0	1	1	2122
CY207736.1	1151	2064	1	1	2	1151
CY207736.1	1153	2032	2	0	2	1153
CY207736.1	1157	1417	0	1	1	1417
CY207736.1	1174	2043	1	0	1	1174
CY207736.1	1204	1240	1	0	1	1204
CY207736.1	1205	2286	1	0	1	1205
CY207736.1	1209	1957	0	1	1	1957
CY207736.1	1258	1647	1	3	4	1258
CY207736.1	1287	1785	1	0	1	1287
CY207736.1	1318	1646	1	0	1	1318
CY207736.1	1370	2027	11	6	17	1370
CY207736.1	1389	1695	1	0	1	1389
CY207736.1	1397	2234	0	1	1	2234
CY207736.1	1424	1971	1	0	1	1424
CY207736.1	1466	1644	1	1	2	1466
CY207736.1	1467	1687	0	1	1	1687
CY207736.1	1481	1915	1	0	1	1481
CY207736.1	1484	2042	1	0	1	1484
CY207736.1	1486	1511	0	1	1	1511
CY207736.1	1490	2238	1	0	1	1490
CY207736.1	1497	2251	1	0	1	1497
CY207736.1	1511	1701	1	0	1	1511
CY207736.1	1539	2241	0	1	1	2241
CY207736.1	1544	2007	0	1	1	2007
CY207736.1	1578	2108	0	1	1	2108
CY207736.1	1584	2003	1	6	7	1584
CY207736.1	1607	2245	0	1	1	2245
CY207736.1	1608	2145	0	1	1	2145
CY207736.1	1639	1666	0	1	1	1666
CY207736.1	1737	1777	4	0	4	1737
CY207736.1	1748	1970	1	0	1	1748
CY207736.1	1755	2060	1	0	1	1755
CY207736.1	1769	2231	0	1	1	2231
CY207736.1	1775	1872	0	1	1	1872
CY207736.1	1831	2341	0	1	1	2341
CY207736.1	1833	2062	0	1	1	2062
CY207736.1	1863	2234	0	1	1	2234
CY207736.1	1876	2027	0	1	1	2027
CY207736.1	1920	2198	0	1	1	2198
CY207736.1	1942	2030	1	1	2	1942
CY207736.1	1946	2156	0	4	4	2156
CY207736.1	2001	2033	14	13	27	2001
CY207736.1	2006	2034	0	2	2	2034
CY207736.1	2008	2042	1	1	2	2008
CY207736.1	2027	2075	0	1	1	2075
CY207736.1	2028	2149	1	9	10	2028
CY207736.1	2062	2100	2	0	2	2062
CY207736.1	2063	2259	2	0	2	2063
CY207736.1	2064	2108	95	16	111	2064
CY207736.1	2074	2288	1	0	1	2074
CY207736.1	2100	2130	0	1	1	2130
CY207736.1	2105	2145	1	1	2	2105
CY207736.1	2108	2190	1	0	1	2108
CY207736.1	2108	2282	9	3	12	2108
CY207736.1	2111	2155	3	1	4	2111
CY207736.1	2121	2145	1	0	1	2121
CY207736.1	2130	2172	0	6	6	2172
CY207736.1	2130	2186	1	1	2	2130
CY207736.1	2132	2170	1	1	2	2132
CY207736.1	2137	2215	1	0	1	2137
CY207736.1	2139	2171	1	1	2	2139
CY207736.1	2140	2177	1	1	2	2140
CY207736.1	2141	2171	5	5	10	2141
CY207736.1	2141	2175	2	0	2	2141
CY207736.1	2143	2172	1	0	1	2143
CY207736.1	2143	2226	0	2	2	2226
CY207736.1	2147	2170	4	8	12	2147
CY207736.1	2157	2194	22	12	34	2157
CY207736.1	2161	2184	0	1	1	2184
CY207736.1	2162	2213	30	21	51	2162
CY207736.1	2167	2216	1	0	1	2167
CY207736.1	2167	2246	0	1	1	2246
CY207736.1	2190	2270	0	1	1	2270
CY207736.1	2198	2239	9	5	14	2198
CY207736.1	2206	2230	3	1	4	2206
CY207736.1	2208	2255	12	11	23	2208
CY207736.1	2215	2256	1	0	1	2215
CY207736.1	2224	2248	0	1	1	2248
CY207736.1	2237	2259	0	1	1	2259
CY207736.1	2249	2282	0	2	2	2282
CY207736.1	2256	2292	0	1	1	2292
CY207736.1	2257	2282	0	1	1	2282
CY207736.1	2270	2324	0	1	1	2324
CY207736.1	234	318	2	0	2	234
CY207736.1	241	266	1	0	1	241
CY207736.1	251	2254	1	0	1	251
CY207736.1	262	1249	1	0	1	262
CY207736.1	262	1898	1	0	1	262
CY207736.1	266	2253	3	0	3	266
CY207736.1	266	302	1	0	1	266
CY207736.1	268	297	38	6	44	268
CY207736.1	268	312	3	0	3	268
CY207736.1	269	294	2	1	3	269
CY207736.1	269	305	7	0	7	269
CY207736.1	271	2110	14	0	14	271
CY207736.1	273	2032	1	1	2	273
CY207736.1	274	2062	1	0	1	274
CY207736.1	280	1103	1	0	1	280
CY207736.1	280	404	1	1	2	280
CY207736.1	281	2149	2	1	3	281
CY207736.1	282	1398	7	0	7	282
CY207736.1	282	2152	1	1	2	282
CY207736.1	282	2187	2	0	2	282
CY207736.1	282	334	31	5	36	282
CY207736.1	283	2264	1	0	1	283
CY207736.1	285	389	1	1	2	285
CY207736.1	286	315	6	0	6	286
CY207736.1	287	1104	1	0	1	287
CY207736.1	288	313	10	1	11	288
CY207736.1	291	2251	2	0	2	291
CY207736.1	291	368	1	0	1	291
CY207736.1	292	2258	0	4	4	2258
CY207736.1	292	377	1	0	1	292
CY207736.1	293	2212	3	3	6	293
CY207736.1	293	355	1	0	1	293
CY207736.1	296	2114	1	2	3	296
CY207736.1	297	2251	2	0	2	297
CY207736.1	300	2259	1	0	1	300
CY207736.1	303	2222	1	0	1	303
CY207736.1	304	2226	1	0	1	304
CY207736.1	304	327	4	2	6	304
CY207736.1	307	335	1	0	1	307
CY207736.1	311	355	1	0	1	311
CY207736.1	313	1965	0	1	1	1965
CY207736.1	321	2215	3	0	3	321
CY207736.1	325	2195	1	0	1	325
CY207736.1	325	403	5	1	6	325
CY207736.1	326	2168	0	2	2	2168
CY207736.1	326	362	1	9	10	326
CY207736.1	328	2148	0	3	3	2148
CY207736.1	328	2210	0	2	2	2210
CY207736.1	331	2141	2	35	37	331
CY207736.1	331	368	5	2	7	331
CY207736.1	332	2208	1	2	3	332
CY207736.1	333	2143	1	17	18	333
CY207736.1	333	2144	0	3	3	2144
CY207736.1	333	2240	1	0	1	333
CY207736.1	333	2282	0	1	1	2282
CY207736.1	333	361	1	0	1	333
CY207736.1	334	2064	0	1	1	2064
CY207736.1	334	2148	0	1	1	2148
CY207736.1	334	2153	17	150	167	334
CY207736.1	334	2177	1	0	1	334
CY207736.1	334	2198	1	2	3	334
CY207736.1	334	2207	2	0	2	334
CY207736.1	334	2245	0	1	1	2245
CY207736.1	334	361	0	1	1	361
CY207736.1	334	392	2	0	2	334
CY207736.1	335	2193	2	0	2	335
CY207736.1	335	2224	1	0	1	335
CY207736.1	335	502	0	1	1	502
CY207736.1	336	2077	0	1	1	2077
CY207736.1	337	2217	11	7	18	337
CY207736.1	338	2174	10	5	15	338
CY207736.1	338	360	1	0	1	338
CY207736.1	342	2160	0	1	1	2160
CY207736.1	344	1393	1	0	1	344
CY207736.1	345	2209	2	2	4	345
CY207736.1	351	2114	1	0	1	351
CY207736.1	352	2115	1	11	12	352
CY207736.1	354	2105	2	0	2	354
CY207736.1	354	387	0	1	1	387
CY207736.1	356	2115	3	32	35	356
CY207736.1	359	2182	6	11	17	359
CY207736.1	359	2198	0	3	3	2198
CY207736.1	360	1961	10	3	13	360
CY207736.1	360	2119	0	1	1	2119
CY207736.1	360	2193	5	2	7	360
CY207736.1	360	2224	0	3	3	2224
CY207736.1	360	425	0	1	1	425
CY207736.1	362	756	1	0	1	362
CY207736.1	363	2148	0	1	1	2148
CY207736.1	363	2163	4	18	22	363
CY207736.1	363	404	1	1	2	363
CY207736.1	363	442	3	8	11	363
CY207736.1	364	2171	10	25	35	364
CY207736.1	364	2175	0	1	1	2175
CY207736.1	366	1957	2	14	16	366
CY207736.1	367	2148	9	53	62	367
CY207736.1	367	2160	0	5	5	2160
CY207736.1	368	2205	2	5	7	368
CY207736.1	369	2238	1	0	1	369
CY207736.1	370	2151	0	1	1	2151
CY207736.1	370	2267	0	2	2	2267
CY207736.1	372	449	0	1	1	449
CY207736.1	375	2064	3	18	21	375
CY207736.1	375	404	0	4	4	404
CY207736.1	380	2148	8	59	67	380
CY207736.1	380	2182	0	2	2	2182
CY207736.1	380	404	1	1	2	380
CY207736.1	385	2063	1	0	1	385
CY207736.1	385	2132	8	26	34	385
CY207736.1	385	2140	1	0	1	385
CY207736.1	385	2147	5	66	71	385
CY207736.1	385	454	1	0	1	385
CY207736.1	386	2144	0	5	5	2144
CY207736.1	386	2172	0	4	4	2172
CY207736.1	390	2089	0	5	5	2089
CY207736.1	391	2183	0	2	2	2183
CY207736.1	391	477	0	1	1	477
CY207736.1	392	1018	1	0	1	392
CY207736.1	393	417	2	5	7	393
CY207736.1	396	2133	3	15	18	396
CY207736.1	400	1515	1	0	1	400
CY207736.1	400	2156	2	6	8	400
CY207736.1	400	2238	39	10	49	400
CY207736.1	402	2134	0	6	6	2134
CY207736.1	402	2143	0	8	8	2143
CY207736.1	403	2064	4	7	11	403
CY207736.1	403	2124	0	2	2	2124
CY207736.1	403	2223	1	1	2	403
CY207736.1	404	2134	24	110	134	404
CY207736.1	404	2164	1	4	5	404
CY207736.1	405	2104	2	8	10	405
CY207736.1	406	2028	0	2	2	2028
CY207736.1	406	2141	0	2	2	2141
CY207736.1	407	2033	2	5	7	407
CY207736.1	408	2273	2	14	16	408
CY207736.1	409	2029	7	5	12	409
CY207736.1	409	2136	1	3	4	409
CY207736.1	409	2141	1	52	53	409
CY207736.1	410	2134	0	2	2	2134
CY207736.1	410	461	6	3	9	410
CY207736.1	411	2144	0	3	3	2144
CY207736.1	415	2063	2	4	6	415
CY207736.1	415	2132	3	45	48	415
CY207736.1	416	2168	0	4	4	2168
CY207736.1	416	2286	0	1	1	2286
CY207736.1	427	1065	1	1	2	427
CY207736.1	427	454	33	9	42	427
CY207736.1	427	464	1	1	2	427
CY207736.1	428	2090	1	15	16	428
CY207736.1	429	2057	1	6	7	429
CY207736.1	431	1964	6	0	6	431
CY207736.1	432	2063	74	12	86	432
CY207736.1	432	2147	0	4	4	2147
CY207736.1	434	2032	0	1	1	2032
CY207736.1	435	2120	0	1	1	2120
CY207736.1	435	504	1	1	2	435
CY207736.1	436	2238	7	2	9	436
CY207736.1	437	2072	0	2	2	2072
CY207736.1	437	2149	0	1	1	2149
CY207736.1	438	1829	5	1	6	438
CY207736.1	438	2066	4	8	12	438
CY207736.1	438	2223	2	0	2	438
CY207736.1	439	2037	13	55	68	439
CY207736.1	439	2049	1	0	1	439
CY207736.1	441	2064	41	53	94	441
CY207736.1	441	2110	1	0	1	441
CY207736.1	442	2214	15	2	17	442
CY207736.1	444	2112	0	1	1	2112
CY207736.1	448	2109	2	0	2	448
CY207736.1	448	2140	1	3	4	448
CY207736.1	449	2104	1	6	7	449
CY207736.1	450	2059	2	2	4	450
CY207736.1	451	2072	0	1	1	2072
CY207736.1	453	2104	4	5	9	453
CY207736.1	454	2069	1	5	6	454
CY207736.1	454	2153	0	15	15	2153
CY207736.1	454	486	0	2	2	486
CY207736.1	454	498	6	1	7	454
CY207736.1	454	565	2	0	2	454
CY207736.1	455	2065	16	54	70	455
CY207736.1	455	565	0	1	1	565
CY207736.1	458	2077	0	1	1	2077
CY207736.1	459	2148	1	6	7	459
CY207736.1	459	2162	0	2	2	2162
CY207736.1	460	2000	3	0	3	460
CY207736.1	461	2135	0	2	2	2135
CY207736.1	463	986	0	1	1	986
CY207736.1	466	1962	1	0	1	466
CY207736.1	466	2034	1	2	3	466
CY207736.1	467	2002	2	0	2	467
CY207736.1	467	2204	2	0	2	467
CY207736.1	468	1007	1	0	1	468
CY207736.1	468	2034	1	0	1	468
CY207736.1	468	2223	4	1	5	468
CY207736.1	472	1999	4	0	4	472
CY207736.1	472	2223	22	14	36	472
CY207736.1	473	2011	2	2	4	473
CY207736.1	476	1942	14	0	14	476
CY207736.1	476	2029	20	34	54	476
CY207736.1	476	2064	0	1	1	2064
CY207736.1	476	2213	3	0	3	476
CY207736.1	477	2027	3	1	4	477
CY207736.1	477	2070	2	4	6	477
CY207736.1	477	823	0	1	1	823
CY207736.1	478	2010	6	1	7	478
CY207736.1	478	2042	4	20	24	478
CY207736.1	479	1383	1	0	1	479
CY207736.1	479	587	2	0	2	479
CY207736.1	481	2045	0	1	1	2045
CY207736.1	481	2080	0	7	7	2080
CY207736.1	482	2027	1	2	3	482
CY207736.1	483	2042	2	3	5	483
CY207736.1	484	2175	2	0	2	484
CY207736.1	485	1115	0	1	1	1115
CY207736.1	485	2064	1	0	1	485
CY207736.1	485	518	2	0	2	485
CY207736.1	487	2028	0	2	2	2028
CY207736.1	489	1909	0	1	1	1909
CY207736.1	489	515	0	1	1	515
CY207736.1	490	2028	2	5	7	490
CY207736.1	490	2029	1	2	3	490
CY207736.1	490	2064	3	4	7	490
CY207736.1	490	513	4	0	4	490
CY207736.1	490	556	1	0	1	490
CY207736.1	491	2134	1	1	2	491
CY207736.1	492	2005	1	0	1	492
CY207736.1	492	2019	5	4	9	492
CY207736.1	492	2057	1	2	3	492
CY207736.1	493	2174	1	0	1	493
CY207736.1	493	2180	4	2	6	493
CY207736.1	495	2030	28	35	63	495
CY207736.1	497	1941	32	2	34	497
CY207736.1	497	2010	1	1	2	497
CY207736.1	499	2009	1	0	1	499
CY207736.1	499	521	1	0	1	499
CY207736.1	500	1955	1	0	1	500
CY207736.1	500	1990	3	3	6	500
CY207736.1	500	2046	10	33	43	500
CY207736.1	500	2047	0	1	1	2047
CY207736.1	500	2069	9	17	26	500
CY207736.1	500	2133	1	3	4	500
CY207736.1	500	2153	7	8	15	500
CY207736.1	501	2009	2	1	3	501
CY207736.1	503	2049	0	1	1	2049
CY207736.1	503	2063	3	5	8	503
CY207736.1	504	1914	105	32	137	504
CY207736.1	504	1959	4	0	4	504
CY207736.1	504	2058	1	1	2	504
CY207736.1	507	2029	2	0	2	507
CY207736.1	511	1987	1	0	1	511
CY207736.1	511	2005	1	0	1	511
CY207736.1	511	2030	2	3	5	511
CY207736.1	511	2041	1	0	1	511
CY207736.1	512	1955	3	0	3	512
CY207736.1	512	2046	2	3	5	512
CY207736.1	512	2064	3	6	9	512
CY207736.1	513	2009	2	1	3	513
CY207736.1	513	566	2	0	2	513
CY207736.1	515	2010	1	0	1	515
CY207736.1	515	2042	1	0	1	515
CY207736.1	518	1961	1	0	1	518
CY207736.1	519	2003	1	0	1	519
CY207736.1	519	2014	2	0	2	519
CY207736.1	520	2063	2	0	2	520
CY207736.1	521	1982	1	0	1	521
CY207736.1	521	980	1	0	1	521
CY207736.1	523	1920	2	0	2	523
CY207736.1	524	1929	1	0	1	524
CY207736.1	537	2089	0	1	1	2089
CY207736.1	538	1962	7	1	8	538
CY207736.1	538	2028	162	135	297	538
CY207736.1	538	2030	2	2	4	538
CY207736.1	538	2046	0	1	1	2046
CY207736.1	538	2201	6	1	7	538
CY207736.1	538	608	7	4	11	538
CY207736.1	540	2045	2	0	2	540
CY207736.1	542	1937	34	9	43	542
CY207736.1	546	1870	1	1	2	546
CY207736.1	547	1951	9	4	13	547
CY207736.1	547	2042	0	3	3	2042
CY207736.1	547	582	9	8	17	547
CY207736.1	548	1342	16	4	20	548
CY207736.1	548	2009	0	1	1	2009
CY207736.1	548	2041	6	6	12	548
CY207736.1	549	1868	1	0	1	549
CY207736.1	549	2042	4	0	4	549
CY207736.1	550	2083	39	83	122	550
CY207736.1	550	2175	2	1	3	550
CY207736.1	551	1865	1	0	1	551
CY207736.1	551	1951	0	2	2	1951
CY207736.1	551	2172	1	0	1	551
CY207736.1	552	1985	2	2	4	552
CY207736.1	552	2011	1	1	2	552
CY207736.1	553	2005	2	0	2	553
CY207736.1	553	819	1	0	1	553
CY207736.1	554	2009	0	2	2	2009
CY207736.1	555	1895	1	0	1	555
CY207736.1	555	1934	4	0	4	555
CY207736.1	555	2007	46	23	69	555
CY207736.1	555	2028	5	3	8	555
CY207736.1	555	2064	5	4	9	555
CY207736.1	557	1863	2	0	2	557
CY207736.1	557	2009	1	1	2	557
CY207736.1	560	1937	4	0	4	560
CY207736.1	562	2051	0	5	5	2051
CY207736.1	562	2275	0	1	1	2275
CY207736.1	563	2001	67	5	72	563
CY207736.1	564	1941	15	2	17	564
CY207736.1	566	1931	1	0	1	566
CY207736.1	566	2004	398	236	634	566
CY207736.1	569	1992	4	7	11	569
CY207736.1	570	2000	1	0	1	570
CY207736.1	570	2009	0	5	5	2009
CY207736.1	572	2028	1	1	2	572
CY207736.1	573	1905	1	0	1	573
CY207736.1	575	1539	1	0	1	575
CY207736.1	581	1901	1	1	2	581
CY207736.1	582	1953	0	1	1	1953
CY207736.1	584	1961	1	0	1	584
CY207736.1	584	2189	1	0	1	584
CY207736.1	585	1923	1	0	1	585
CY207736.1	586	2105	0	1	1	2105
CY207736.1	588	2044	0	1	1	2044
CY207736.1	591	1927	1	1	2	591
CY207736.1	594	2051	0	2	2	2051
CY207736.1	595	1861	1	0	1	595
CY207736.1	597	1885	1	0	1	597
CY207736.1	598	1870	1	0	1	598
CY207736.1	598	2035	0	6	6	2035
CY207736.1	600	1916	20	11	31	600
CY207736.1	602	2021	0	1	1	2021
CY207736.1	603	1874	3	1	4	603
CY207736.1	606	1950	2	0	2	606
CY207736.1	607	1827	2	0	2	607
CY207736.1	607	1840	2	0	2	607
CY207736.1	607	1967	4	0	4	607
CY207736.1	607	652	1	0	1	607
CY207736.1	609	1917	4	1	5	609
CY207736.1	610	1932	4	4	8	610
CY207736.1	610	2092	0	1	1	2092
CY207736.1	616	728	1	0	1	616
CY207736.1	617	2164	1	1	2	617
CY207736.1	618	1917	1	0	1	618
CY207736.1	619	1820	4	1	5	619
CY207736.1	619	1929	1	1	2	619
CY207736.1	619	1957	2	0	2	619
CY207736.1	620	1949	27	11	38	620
CY207736.1	621	1955	5	4	9	621
CY207736.1	622	1722	3	2	5	622
CY207736.1	623	1938	2	0	2	623
CY207736.1	625	1900	1	0	1	625
CY207736.1	625	2015	0	1	1	2015
CY207736.1	627	1828	32	15	47	627
CY207736.1	627	1889	1	0	1	627
CY207736.1	628	1945	17	11	28	628
CY207736.1	629	1856	5	1	6	629
CY207736.1	629	1931	2	1	3	629
CY207736.1	632	1947	1	2	3	632
CY207736.1	633	1746	1	1	2	633
CY207736.1	634	2032	0	1	1	2032
CY207736.1	637	2030	0	1	1	2030
CY207736.1	638	1830	2	0	2	638
CY207736.1	638	1839	1	1	2	638
CY207736.1	638	2063	2	0	2	638
CY207736.1	640	1894	7	1	8	640
CY207736.1	644	1854	5	0	5	644
CY207736.1	645	1837	1	0	1	645
CY207736.1	646	1284	1	0	1	646
CY207736.1	647	1856	8	5	13	647
CY207736.1	647	1869	2	0	2	647
CY207736.1	647	2017	2	4	6	647
CY207736.1	649	1871	265	167	432	649
CY207736.1	649	1912	3	1	4	649
CY207736.1	654	1678	3	5	8	654
CY207736.1	654	1864	1	0	1	654
CY207736.1	657	1912	3	1	4	657
CY207736.1	657	1995	1	0	1	657
CY207736.1	658	1850	1	1	2	658
CY207736.1	662	2278	0	1	1	2278
CY207736.1	663	1887	12	10	22	663
CY207736.1	673	1813	7	5	12	673
CY207736.1	673	1839	1	2	3	673
CY207736.1	673	1862	2	2	4	673
CY207736.1	673	1870	1	1	2	673
CY207736.1	674	1833	1	0	1	674
CY207736.1	676	1833	1	0	1	676
CY207736.1	678	1868	3	2	5	678
CY207736.1	678	1955	5	4	9	678
CY207736.1	679	1835	3	0	3	679
CY207736.1	684	1833	1	0	1	684
CY207736.1	684	1855	2	2	4	684
CY207736.1	685	2340	0	1	1	2340
CY207736.1	689	1881	0	1	1	1881
CY207736.1	689	771	1	1	2	689
CY207736.1	691	1825	1	0	1	691
CY207736.1	692	1872	0	4	4	1872
CY207736.1	693	1888	1	0	1	693
CY207736.1	696	1899	1	1	2	696
CY207736.1	697	1845	0	1	1	1845
CY207736.1	697	870	0	1	1	870
CY207736.1	698	1846	10	6	16	698
CY207736.1	699	1736	0	2	2	1736
CY207736.1	701	1830	7	2	9	701
CY207736.1	702	1895	4	3	7	702
CY207736.1	702	1912	10	4	14	702
CY207736.1	702	2133	0	3	3	2133
CY207736.1	704	1373	0	1	1	1373
CY207736.1	709	1847	0	1	1	1847
CY207736.1	710	1972	1	0	1	710
CY207736.1	713	1770	1	0	1	713
CY207736.1	716	1701	1	0	1	716
CY207736.1	716	1846	0	2	2	1846
CY207736.1	716	811	1	0	1	716
CY207736.1	717	2041	1	0	1	717
CY207736.1	718	849	1	2	3	718
CY207736.1	722	1736	1	0	1	722
CY207736.1	723	1994	2	7	9	723
CY207736.1	727	1913	2	0	2	727
CY207736.1	729	2011	4	4	8	729
CY207736.1	731	1859	3	0	3	731
CY207736.1	736	2030	1	1	2	736
CY207736.1	737	1856	1	1	2	737
CY207736.1	746	1846	2	1	3	746
CY207736.1	746	1873	3	1	4	746
CY207736.1	747	903	1	0	1	747
CY207736.1	748	783	1	0	1	748
CY207736.1	749	1941	2	1	3	749
CY207736.1	752	1587	4	1	5	752
CY207736.1	753	1864	78	49	127	753
CY207736.1	753	1913	2	0	2	753
CY207736.1	755	1828	9	2	11	755
CY207736.1	755	1956	2	2	4	755
CY207736.1	758	1732	1	0	1	758
CY207736.1	763	1875	0	1	1	1875
CY207736.1	767	1952	3	4	7	767
CY207736.1	770	1881	1	1	2	770
CY207736.1	771	1889	0	1	1	1889
CY207736.1	773	1895	6	1	7	773
CY207736.1	775	1827	5	0	5	775
CY207736.1	779	1887	0	2	2	1887
CY207736.1	779	1900	3	0	3	779
CY207736.1	789	834	0	1	1	834
CY207736.1	796	1546	8	3	11	796
CY207736.1	800	2155	0	1	1	2155
CY207736.1	801	2074	1	0	1	801
CY207736.1	805	2091	0	1	1	2091
CY207736.1	809	1666	3	2	5	809
CY207736.1	810	1512	1	0	1	810
CY207736.1	810	1701	1	0	1	810
CY207736.1	811	2114	0	1	1	2114
CY207736.1	812	2185	2	0	2	812
CY207736.1	814	1710	2	0	2	814
CY207736.1	815	1760	7	5	12	815
CY207736.1	822	1651	2	0	2	822
CY207736.1	822	1945	0	1	1	1945
CY207736.1	823	1719	1	0	1	823
CY207736.1	823	1720	2	0	2	823
CY207736.1	823	2259	2	1	3	823
CY207736.1	825	2293	1	0	1	825
CY207736.1	829	1692	6	5	11	829
CY207736.1	830	1777	1	1	2	830
CY207736.1	832	1774	0	1	1	1774
CY207736.1	832	1775	9	5	14	832
CY207736.1	835	1735	9	6	15	835
CY207736.1	838	1738	0	1	1	1738
CY207736.1	842	1679	138	137	275	842
CY207736.1	846	1950	0	1	1	1950
CY207736.1	848	1723	2	1	3	848
CY207736.1	849	1930	1	0	1	849
CY207736.1	851	1649	1	1	2	851
CY207736.1	851	1695	1	12	13	851
CY207736.1	852	1928	0	1	1	1928
CY207736.1	858	1690	0	3	3	1690
CY207736.1	858	2252	0	1	1	2252
CY207736.1	863	1492	0	1	1	1492
CY207736.1	870	2044	1	2	3	870
CY207736.1	875	1984	0	1	1	1984
CY207736.1	876	1172	1	0	1	876
CY207736.1	878	1910	0	1	1	1910
CY207736.1	878	1977	0	2	2	1977
CY207736.1	887	1694	1	1	2	887
CY207736.1	902	1854	1	0	1	902
CY207736.1	909	2302	0	1	1	2302
CY207736.1	915	1871	0	1	1	1871
CY207736.1	915	2133	0	2	2	2133
CY207736.1	923	2006	1	0	1	923
CY207736.1	930	1967	1	0	1	930
CY207736.1	933	2254	3	0	3	933
CY207736.1	944	1035	0	1	1	1035
CY207736.1	944	1871	1	0	1	944
CY207736.1	945	1814	0	1	1	1814
CY207736.1	962	1196	0	1	1	1196
CY207736.1	973	1064	1	0	1	973
CY207736.1	992	1518	1	1	2	992
CY207736.1	997	2255	1	0	1	997
CY207736.1	998	1182	0	1	1	1182
CY207737.1	1004	1360	0	1	1	1360
CY207737.1	1005	1689	0	2	2	1689
CY207737.1	1005	1811	0	3	3	1811
CY207737.1	1023	1124	1	1	2	1023
CY207737.1	1023	1263	0	1	1	1263
CY207737.1	1024	1405	0	1	1	1405
CY207737.1	1037	1760	3	1	4	1037
CY207737.1	1054	1849	0	1	1	1849
CY207737.1	1061	1966	1	0	1	1061
CY207737.1	1069	1633	0	2	2	1633
CY207737.1	1124	1841	0	1	1	1841
CY207737.1	1144	1845	0	1	1	1845
CY207737.1	1176	1863	1	0	1	1176
CY207737.1	1180	2117	1	0	1	1180
CY207737.1	1202	2078	0	1	1	2078
CY207737.1	1210	1354	1	0	1	1210
CY207737.1	1273	2090	0	1	1	2090
CY207737.1	1372	2010	1	0	1	1372
CY207737.1	1378	1997	0	1	1	1997
CY207737.1	1398	2170	0	1	1	2170
CY207737.1	1413	1446	0	1	1	1446
CY207737.1	1447	2014	0	1	1	2014
CY207737.1	1593	1999	0	1	1	1999
CY207737.1	1601	2074	1	0	1	1601
CY207737.1	1672	1955	0	1	1	1955
CY207737.1	1687	2185	0	1	1	2185
CY207737.1	1830	2495	0	1	1	2495
CY207737.1	1962	2019	0	3	3	2019
CY207737.1	2053	2124	2	1	3	2053
CY207737.1	2061	2161	1	0	1	2061
CY207737.1	2152	2181	3	1	4	2152
CY207737.1	2178	2227	3	0	3	2178
CY207737.1	2180	2284	12	0	12	2180
CY207737.1	2188	2237	9	3	12	2188
CY207737.1	2194	2225	5	0	5	2194
CY207737.1	2204	2243	12	5	17	2204
CY207737.1	2206	2249	1	3	4	2206
CY207737.1	2247	2285	5	0	5	2247
CY207737.1	2273	2303	6	3	9	2273
CY207737.1	2291	2333	4	1	5	2291
CY207737.1	2321	2348	4	1	5	2321
CY207737.1	2321	2358	6	1	7	2321
CY207737.1	2323	2376	0	1	1	2376
CY207737.1	2330	2360	2	1	3	2330
CY207737.1	2331	2451	0	10	10	2451
CY207737.1	2334	2356	3	0	3	2334
CY207737.1	2345	2469	0	1	1	2469
CY207737.1	238	263	4	0	4	238
CY207737.1	2398	2454	0	3	3	2454
CY207737.1	240	264	10	0	10	240
CY207737.1	2413	2450	0	4	4	2450
CY207737.1	2414	2450	0	9	9	2450
CY207737.1	2418	2453	0	6	6	2453
CY207737.1	241	267	2	0	2	241
CY207737.1	2426	2454	2	33	35	2426
CY207737.1	2428	2450	12	90	102	2428
CY207737.1	245	2242	1	0	1	245
CY207737.1	247	2247	9	0	9	247
CY207737.1	247	298	9	0	9	247
CY207737.1	248	273	5	0	5	248
CY207737.1	250	278	9	1	10	250
CY207737.1	268	2195	1	0	1	268
CY207737.1	285	2222	1	0	1	285
CY207737.1	286	2321	2	0	2	286
CY207737.1	290	2322	5	0	5	290
CY207737.1	306	2325	1	0	1	306
CY207737.1	307	334	5	0	5	307
CY207737.1	323	2070	2	0	2	323
CY207737.1	326	2323	9	0	9	326
CY207737.1	327	2324	6	1	7	327
CY207737.1	330	2243	5	0	5	330
CY207737.1	330	2322	5	1	6	330
CY207737.1	330	2334	5	2	7	330
CY207737.1	330	2355	0	1	1	2355
CY207737.1	330	505	0	2	2	505
CY207737.1	331	2232	1	0	1	331
CY207737.1	331	365	1	0	1	331
CY207737.1	334	2449	0	1	1	2449
CY207737.1	335	2384	2	0	2	335
CY207737.1	336	2237	25	7	32	336
CY207737.1	336	2333	2	0	2	336
CY207737.1	338	2361	1	0	1	338
CY207737.1	341	614	1	0	1	341
CY207737.1	349	2203	2	0	2	349
CY207737.1	351	2264	1	0	1	351
CY207737.1	352	2205	1	0	1	352
CY207737.1	354	2231	3	0	3	354
CY207737.1	355	2071	24	2	26	355
CY207737.1	355	2121	2	4	6	355
CY207737.1	357	2188	10	12	22	357
CY207737.1	358	2210	5	0	5	358
CY207737.1	362	2182	1	3	4	362
CY207737.1	363	2238	93	10	103	363
CY207737.1	363	2325	1	1	2	363
CY207737.1	364	2311	6	0	6	364
CY207737.1	364	2340	13	8	21	364
CY207737.1	371	2205	0	1	1	2205
CY207737.1	372	446	0	1	1	446
CY207737.1	378	2244	2	1	3	378
CY207737.1	378	2262	1	0	1	378
CY207737.1	380	2204	1	2	3	380
CY207737.1	380	2242	1	0	1	380
CY207737.1	381	2190	1	2	3	381
CY207737.1	387	432	0	3	3	432
CY207737.1	388	2340	3	1	4	388
CY207737.1	390	2355	10	3	13	390
CY207737.1	391	2302	0	1	1	2302
CY207737.1	392	2334	6	1	7	392
CY207737.1	392	2355	5	0	5	392
CY207737.1	398	2261	2	0	2	398
CY207737.1	400	1151	0	1	1	1151
CY207737.1	403	2076	4	1	5	403
CY207737.1	411	2188	1	0	1	411
CY207737.1	415	2165	1	0	1	415
CY207737.1	419	2232	2	0	2	419
CY207737.1	420	2212	1	0	1	420
CY207737.1	422	2281	1	0	1	422
CY207737.1	424	2141	2	0	2	424
CY207737.1	424	2216	120	167	287	424
CY207737.1	424	2237	8	1	9	424
CY207737.1	424	2283	60	1	61	424
CY207737.1	425	2443	0	1	1	2443
CY207737.1	428	2193	3	0	3	428
CY207737.1	428	2274	1	0	1	428
CY207737.1	430	2068	1	0	1	430
CY207737.1	433	2127	1	2	3	433
CY207737.1	433	2223	0	1	1	2223
CY207737.1	433	2355	2	1	3	433
CY207737.1	435	2165	56	6	62	435
CY207737.1	435	2192	1	1	2	435
CY207737.1	436	2181	1	0	1	436
CY207737.1	436	2217	2	0	2	436
CY207737.1	436	2278	5	0	5	436
CY207737.1	437	2206	0	1	1	2206
CY207737.1	444	1348	1	0	1	444
CY207737.1	446	2181	1	0	1	446
CY207737.1	446	2226	2	9	11	446
CY207737.1	457	2204	0	4	4	2204
CY207737.1	458	2293	1	0	1	458
CY207737.1	459	2061	1	0	1	459
CY207737.1	462	2094	2	7	9	462
CY207737.1	466	2094	0	4	4	2094
CY207737.1	466	2298	0	2	2	2298
CY207737.1	469	2250	0	1	1	2250
CY207737.1	472	2247	0	1	1	2247
CY207737.1	480	1942	1	0	1	480
CY207737.1	480	2204	1	1	2	480
CY207737.1	480	2275	0	1	1	2275
CY207737.1	480	2304	15	5	20	480
CY207737.1	483	1925	1	2	3	483
CY207737.1	486	2217	0	1	1	2217
CY207737.1	488	1472	1	0	1	488
CY207737.1	490	2235	2	0	2	490
CY207737.1	492	1305	0	1	1	1305
CY207737.1	492	2237	1	1	2	492
CY207737.1	498	2089	7	3	10	498
CY207737.1	505	2104	0	1	1	2104
CY207737.1	513	2181	2	0	2	513
CY207737.1	516	2079	1	0	1	516
CY207737.1	516	2133	0	3	3	2133
CY207737.1	516	734	1	0	1	516
CY207737.1	520	2091	1	4	5	520
CY207737.1	520	2193	74	61	135	520
CY207737.1	521	2207	0	1	1	2207
CY207737.1	526	2130	3	3	6	526
CY207737.1	527	2092	1	0	1	527
CY207737.1	527	2199	0	2	2	2199
CY207737.1	531	2074	3	0	3	531
CY207737.1	533	2204	0	3	3	2204
CY207737.1	535	2094	4	0	4	535
CY207737.1	536	2011	0	2	2	2011
CY207737.1	539	2221	0	1	1	2221
CY207737.1	541	2089	1	0	1	541
CY207737.1	541	2141	1	0	1	541
CY207737.1	542	2047	0	1	1	2047
CY207737.1	542	2136	2	0	2	542
CY207737.1	543	2269	0	1	1	2269
CY207737.1	544	2104	1	0	1	544
CY207737.1	549	2093	1	1	2	549
CY207737.1	549	2096	305	215	520	549
CY207737.1	550	2097	1	0	1	550
CY207737.1	556	2118	3	20	23	556
CY207737.1	559	2110	1	0	1	559
CY207737.1	559	2198	1	0	1	559
CY207737.1	566	2125	32	27	59	566
CY207737.1	568	2119	0	1	1	2119
CY207737.1	572	2258	0	1	1	2258
CY207737.1	574	2208	30	17	47	574
CY207737.1	575	1836	0	1	1	1836
CY207737.1	577	2004	0	1	1	2004
CY207737.1	577	2182	2	0	2	577
CY207737.1	577	2340	14	1	15	577
CY207737.1	579	2143	0	1	1	2143
CY207737.1	581	2206	0	1	1	2206
CY207737.1	582	1836	0	1	1	1836
CY207737.1	582	2182	3	2	5	582
CY207737.1	582	609	2	1	3	582
CY207737.1	583	2238	1	0	1	583
CY207737.1	589	2224	1	0	1	589
CY207737.1	590	2011	2	5	7	590
CY207737.1	598	2116	1	0	1	598
CY207737.1	603	2087	2	0	2	603
CY207737.1	603	2243	6	1	7	603
CY207737.1	604	2018	2	1	3	604
CY207737.1	604	2176	1	0	1	604
CY207737.1	610	2023	1	1	2	610
CY207737.1	611	1769	6	0	6	611
CY207737.1	617	2095	1	0	1	617
CY207737.1	621	2151	4	0	4	621
CY207737.1	622	1750	6	3	9	622
CY207737.1	622	1755	3	1	4	622
CY207737.1	622	1757	5	0	5	622
CY207737.1	624	2026	0	1	1	2026
CY207737.1	628	2017	5	5	10	628
CY207737.1	631	2018	1	2	3	631
CY207737.1	632	2092	37	22	59	632
CY207737.1	635	1898	1	0	1	635
CY207737.1	640	2137	2	0	2	640
CY207737.1	640	2204	0	2	2	2204
CY207737.1	640	2301	1	0	1	640
CY207737.1	646	1882	1	0	1	646
CY207737.1	650	2119	0	1	1	2119
CY207737.1	651	2176	2	0	2	651
CY207737.1	652	2189	1	0	1	652
CY207737.1	657	2053	4	0	4	657
CY207737.1	657	2182	2	1	3	657
CY207737.1	658	2094	3	2	5	658
CY207737.1	658	2121	1	0	1	658
CY207737.1	660	1907	1	3	4	660
CY207737.1	665	2046	2	1	3	665
CY207737.1	668	2087	0	2	2	2087
CY207737.1	676	1684	1	2	3	676
CY207737.1	678	2198	5	1	6	678
CY207737.1	683	2095	1	1	2	683
CY207737.1	686	2136	5	2	7	686
CY207737.1	689	2019	1	0	1	689
CY207737.1	691	1949	1	0	1	691
CY207737.1	691	2108	3	2	5	691
CY207737.1	691	2204	33	10	43	691
CY207737.1	699	1921	0	1	1	1921
CY207737.1	702	1962	1	1	2	702
CY207737.1	702	2008	1	1	2	702
CY207737.1	709	2014	1	1	2	709
CY207737.1	710	2276	1	0	1	710
CY207737.1	722	1899	0	1	1	1899
CY207737.1	723	1977	0	1	1	1977
CY207737.1	732	1718	0	2	2	1718
CY207737.1	745	2008	2	2	4	745
CY207737.1	747	1950	0	1	1	1950
CY207737.1	749	1898	0	4	4	1898
CY207737.1	751	2256	0	1	1	2256
CY207737.1	753	1807	0	2	2	1807
CY207737.1	754	1304	1	0	1	754
CY207737.1	755	2373	0	1	1	2373
CY207737.1	757	2000	0	1	1	2000
CY207737.1	758	1912	0	1	1	1912
CY207737.1	760	1882	0	1	1	1882
CY207737.1	763	1997	0	2	2	1997
CY207737.1	763	2367	1	0	1	763
CY207737.1	769	1917	0	1	1	1917
CY207737.1	776	1920	7	6	13	776
CY207737.1	780	1867	2	1	3	780
CY207737.1	789	2165	1	1	2	789
CY207737.1	790	1367	0	1	1	1367
CY207737.1	794	1832	2	1	3	794
CY207737.1	795	1946	1	3	4	795
CY207737.1	803	1821	0	1	1	1821
CY207737.1	808	1835	3	0	3	808
CY207737.1	809	1960	0	1	1	1960
CY207737.1	820	1827	1	0	1	820
CY207737.1	831	1299	1	0	1	831
CY207737.1	832	1769	1	0	1	832
CY207737.1	840	2361	0	1	1	2361
CY207737.1	851	1408	1	0	1	851
CY207737.1	861	1758	1	0	1	861
CY207737.1	874	1996	1	3	4	874
CY207737.1	875	1770	3	1	4	875
CY207737.1	881	2310	0	1	1	2310
CY207737.1	895	1793	1	0	1	895
CY207737.1	899	1821	0	1	1	1821
CY207737.1	913	1797	1	0	1	913
CY207737.1	913	2358	1	0	1	913
CY207737.1	915	1635	2	0	2	915
CY207737.1	925	1737	2	1	3	925
CY207737.1	927	1960	0	1	1	1960
CY207737.1	928	1877	2	2	4	928
CY207737.1	929	1859	0	1	1	1859
CY207737.1	938	1799	2	2	4	938
CY207737.1	959	1694	1	0	1	959
CY207737.1	961	1636	2	1	3	961
CY207737.1	962	1623	3	0	3	962
CY207737.1	964	1826	1	1	2	964
CY207737.1	992	1489	1	0	1	992
CY207737.1	993	1736	1	0	1	993
CY207737.1	993	2252	1	0	1	993
CY207737.1	994	1739	0	1	1	1739
CY207738.1	1000	1842	2	1	3	1000
CY207738.1	1002	1988	0	1	1	1988
CY207738.1	1004	2313	1	0	1	1004
CY207738.1	1010	1821	2	1	3	1010
CY207738.1	1019	1768	3	6	9	1019
CY207738.1	1059	1683	1	0	1	1059
CY207738.1	1062	2037	1	1	2	1062
CY207738.1	1105	1324	0	1	1	1324
CY207738.1	1113	2052	1	0	1	1113
CY207738.1	1124	2330	0	2	2	2330
CY207738.1	1139	2338	1	0	1	1139
CY207738.1	1141	1639	0	2	2	1639
CY207738.1	1142	1225	1	0	1	1142
CY207738.1	1154	2167	0	1	1	2167
CY207738.1	1186	1242	1	0	1	1186
CY207738.1	1202	1497	0	1	1	1497
CY207738.1	1252	1571	0	1	1	1571
CY207738.1	1280	1471	0	1	1	1471
CY207738.1	1296	1386	0	1	1	1386
CY207738.1	1315	1441	1	0	1	1315
CY207738.1	1336	1945	1	0	1	1336
CY207738.1	1357	1793	0	1	1	1793
CY207738.1	1357	2181	1	0	1	1357
CY207738.1	1361	1823	0	1	1	1823
CY207738.1	1365	1665	1	0	1	1365
CY207738.1	1436	2193	0	1	1	2193
CY207738.1	1475	1633	1	0	1	1475
CY207738.1	1475	1792	0	1	1	1792
CY207738.1	1481	1571	1	0	1	1481
CY207738.1	1602	1754	1	0	1	1602
CY207738.1	1603	1639	1	0	1	1603
CY207738.1	1696	1789	1	1	2	1696
CY207738.1	1747	1853	0	1	1	1853
CY207738.1	1786	2193	0	1	1	2193
CY207738.1	1823	1876	2	1	3	1823
CY207738.1	1898	2248	0	1	1	2248
CY207738.1	2163	2192	0	1	1	2192
CY207738.1	2183	2238	1	0	1	2183
CY207738.1	2313	2347	13	6	19	2313
CY207738.1	2356	2395	0	1	1	2395
CY207738.1	235	1799	1	0	1	235
CY207738.1	2370	2397	0	3	3	2397
CY207738.1	238	2268	2	0	2	238
CY207738.1	247	2338	0	1	1	2338
CY207738.1	248	2231	1	0	1	248
CY207738.1	278	2263	4	1	5	278
CY207738.1	280	1869	1	0	1	280
CY207738.1	285	1726	1	0	1	285
CY207738.1	286	1866	2	1	3	286
CY207738.1	298	2194	0	1	1	2194
CY207738.1	299	2283	4	2	6	299
CY207738.1	304	2270	1	0	1	304
CY207738.1	304	2318	0	3	3	2318
CY207738.1	307	2229	1	0	1	307
CY207738.1	309	2290	1	0	1	309
CY207738.1	312	2286	0	1	1	2286
CY207738.1	313	2191	3	5	8	313
CY207738.1	315	2280	2	3	5	315
CY207738.1	317	2211	1	1	2	317
CY207738.1	321	2331	2	0	2	321
CY207738.1	322	2236	2	2	4	322
CY207738.1	323	2318	10	5	15	323
CY207738.1	323	443	1	0	1	323
CY207738.1	324	2335	8	5	13	324
CY207738.1	329	2274	1	0	1	329
CY207738.1	344	1240	1	0	1	344
CY207738.1	346	2235	1	0	1	346
CY207738.1	348	1221	1	0	1	348
CY207738.1	348	2360	0	1	1	2360
CY207738.1	361	1291	0	1	1	1291
CY207738.1	362	2319	1	1	2	362
CY207738.1	363	2292	7	8	15	363
CY207738.1	363	2297	1	2	3	363
CY207738.1	365	2267	2	4	6	365
CY207738.1	365	2334	3	3	6	365
CY207738.1	366	2267	0	1	1	2267
CY207738.1	367	2195	2	12	14	367
CY207738.1	367	2313	8	20	28	367
CY207738.1	368	2104	0	1	1	2104
CY207738.1	368	2252	1	6	7	368
CY207738.1	368	2372	16	33	49	368
CY207738.1	368	402	0	1	1	402
CY207738.1	369	2371	1	2	3	369
CY207738.1	371	1863	1	3	4	371
CY207738.1	371	2311	2	2	4	371
CY207738.1	372	1543	0	1	1	1543
CY207738.1	372	2301	1	0	1	372
CY207738.1	373	2334	5	3	8	373
CY207738.1	373	2390	1	1	2	373
CY207738.1	374	2269	0	5	5	2269
CY207738.1	374	2313	2	3	5	374
CY207738.1	374	2317	0	7	7	2317
CY207738.1	376	2137	0	4	4	2137
CY207738.1	376	757	0	1	1	757
CY207738.1	377	2216	0	2	2	2216
CY207738.1	377	2339	1	1	2	377
CY207738.1	379	2329	0	1	1	2329
CY207738.1	381	2295	0	4	4	2295
CY207738.1	385	2295	2	5	7	385
CY207738.1	386	2132	8	44	52	386
CY207738.1	386	2196	4	33	37	386
CY207738.1	386	2334	30	46	76	386
CY207738.1	387	2223	1	4	5	387
CY207738.1	387	2313	2	1	3	387
CY207738.1	388	2282	4	35	39	388
CY207738.1	390	1691	0	1	1	1691
CY207738.1	391	2193	0	1	1	2193
CY207738.1	393	1647	1	0	1	393
CY207738.1	398	1868	1	5	6	398
CY207738.1	399	2217	7	1	8	399
CY207738.1	399	2225	4	26	30	399
CY207738.1	401	2347	34	55	89	401
CY207738.1	404	2222	2	0	2	404
CY207738.1	408	2215	5	0	5	408
CY207738.1	408	2379	0	3	3	2379
CY207738.1	409	1288	0	1	1	1288
CY207738.1	410	1881	0	1	1	1881
CY207738.1	410	2228	71	236	307	410
CY207738.1	411	2297	1	2	3	411
CY207738.1	412	1990	0	1	1	1990
CY207738.1	413	2368	8	8	16	413
CY207738.1	414	2221	0	3	3	2221
CY207738.1	416	2360	2	8	10	416
CY207738.1	417	2254	1	5	6	417
CY207738.1	417	2330	3	1	4	417
CY207738.1	418	2231	2	18	20	418
CY207738.1	418	2233	0	1	1	2233
CY207738.1	419	2247	1	2	3	419
CY207738.1	421	2301	1	1	2	421
CY207738.1	422	495	75	189	264	422
CY207738.1	423	1711	0	3	3	1711
CY207738.1	425	2306	1	0	1	425
CY207738.1	427	2241	0	11	11	2241
CY207738.1	428	2218	0	7	7	2218
CY207738.1	428	2338	1	0	1	428
CY207738.1	429	2279	0	1	1	2279
CY207738.1	431	2224	1	7	8	431
CY207738.1	431	2330	1	2	3	431
CY207738.1	433	2323	0	1	1	2323
CY207738.1	436	637	0	1	1	637
CY207738.1	437	2236	3	4	7	437
CY207738.1	437	2348	0	1	1	2348
CY207738.1	438	1751	0	1	1	1751
CY207738.1	438	2216	0	1	1	2216
CY207738.1	438	2254	0	2	2	2254
CY207738.1	438	2398	0	3	3	2398
CY207738.1	439	1106	0	1	1	1106
CY207738.1	439	2360	0	6	6	2360
CY207738.1	440	2351	35	86	121	440
CY207738.1	440	514	0	1	1	514
CY207738.1	441	2193	1	0	1	441
CY207738.1	442	2203	32	1	33	442
CY207738.1	443	2371	0	1	1	2371
CY207738.1	444	2218	7	29	36	444
CY207738.1	444	2410	0	1	1	2410
CY207738.1	448	2210	4	17	21	448
CY207738.1	453	2196	4	16	20	453
CY207738.1	453	2210	46	127	173	453
CY207738.1	455	2237	1	0	1	455
CY207738.1	455	2264	3	13	16	455
CY207738.1	456	2189	3	14	17	456
CY207738.1	457	1514	0	1	1	1514
CY207738.1	457	1889	0	1	1	1889
CY207738.1	457	2215	2	0	2	457
CY207738.1	457	2425	10	12	22	457
CY207738.1	458	1770	1	0	1	458
CY207738.1	459	2280	0	1	1	2280
CY207738.1	460	2314	2	2	4	460
CY207738.1	461	2219	235	394	629	461
CY207738.1	461	2367	0	1	1	2367
CY207738.1	463	2221	2	4	6	463
CY207738.1	473	2117	1	0	1	473
CY207738.1	473	2238	0	7	7	2238
CY207738.1	474	2195	0	1	1	2195
CY207738.1	477	2325	1	0	1	477
CY207738.1	478	2326	31	26	57	478
CY207738.1	481	2153	2	3	5	481
CY207738.1	481	2215	0	1	1	2215
CY207738.1	483	2021	1	1	2	483
CY207738.1	484	2218	4	5	9	484
CY207738.1	484	2222	4	9	13	484
CY207738.1	484	2334	0	1	1	2334
CY207738.1	485	1878	0	1	1	1878
CY207738.1	485	2157	4	23	27	485
CY207738.1	488	2293	1	0	1	488
CY207738.1	491	2234	1	5	6	491
CY207738.1	493	2285	0	1	1	2285
CY207738.1	493	2404	0	2	2	2404
CY207738.1	494	2073	3	10	13	494
CY207738.1	494	2150	0	1	1	2150
CY207738.1	494	2199	1	4	5	494
CY207738.1	495	2132	3	7	10	495
CY207738.1	495	2218	4	6	10	495
CY207738.1	497	1313	0	1	1	1313
CY207738.1	498	2171	4	6	10	498
CY207738.1	503	2085	0	1	1	2085
CY207738.1	504	2209	3	12	15	504
CY207738.1	505	2143	2	1	3	505
CY207738.1	507	2163	1	3	4	507
CY207738.1	509	2215	4	6	10	509
CY207738.1	510	2002	2	2	4	510
CY207738.1	510	2188	2	0	2	510
CY207738.1	510	2204	1	2	3	510
CY207738.1	514	2191	29	79	108	514
CY207738.1	518	2187	3	2	5	518
CY207738.1	518	2419	0	1	1	2419
CY207738.1	519	2074	0	1	1	2074
CY207738.1	519	2087	0	4	4	2087
CY207738.1	519	926	0	1	1	926
CY207738.1	521	1668	2	1	3	521
CY207738.1	523	2210	2	4	6	523
CY207738.1	525	2215	29	34	63	525
CY207738.1	528	2056	0	2	2	2056
CY207738.1	530	2189	2	4	6	530
CY207738.1	531	2071	0	4	4	2071
CY207738.1	533	2206	0	1	1	2206
CY207738.1	535	2032	5	1	6	535
CY207738.1	536	2170	3	3	6	536
CY207738.1	545	1975	1	2	3	545
CY207738.1	547	1678	1	3	4	547
CY207738.1	547	1850	1	0	1	547
CY207738.1	559	2073	1	0	1	559
CY207738.1	560	2066	0	1	1	2066
CY207738.1	564	2296	0	1	1	2296
CY207738.1	565	2115	1	6	7	565
CY207738.1	565	2142	2	3	5	565
CY207738.1	566	2188	0	2	2	2188
CY207738.1	569	1941	3	0	3	569
CY207738.1	574	2115	0	1	1	2115
CY207738.1	578	1527	1	0	1	578
CY207738.1	578	2067	2	1	3	578
CY207738.1	580	2092	0	1	1	2092
CY207738.1	583	2078	0	3	3	2078
CY207738.1	584	2015	0	5	5	2015
CY207738.1	589	2005	0	1	1	2005
CY207738.1	590	1998	0	1	1	1998
CY207738.1	592	1964	0	1	1	1964
CY207738.1	592	2114	1	2	3	592
CY207738.1	594	2387	3	0	3	594
CY207738.1	598	2103	0	4	4	2103
CY207738.1	602	1510	0	1	1	1510
CY207738.1	602	1888	0	1	1	1888
CY207738.1	604	2395	6	34	40	604
CY207738.1	605	2074	1	5	6	605
CY207738.1	612	1840	1	0	1	612
CY207738.1	612	2067	0	3	3	2067
CY207738.1	619	1863	0	3	3	1863
CY207738.1	622	1976	4	1	5	622
CY207738.1	624	1502	1	0	1	624
CY207738.1	628	2041	2	2	4	628
CY207738.1	631	1923	2	0	2	631
CY207738.1	631	1991	1	1	2	631
CY207738.1	631	2073	1	0	1	631
CY207738.1	634	1925	4	0	4	634
CY207738.1	641	1944	13	2	15	641
CY207738.1	643	1801	7	5	12	643
CY207738.1	644	1947	73	151	224	644
CY207738.1	644	2031	0	2	2	2031
CY207738.1	645	1948	0	1	1	1948
CY207738.1	651	2171	1	1	2	651
CY207738.1	652	2015	1	0	1	652
CY207738.1	657	1838	1	0	1	657
CY207738.1	657	2020	17	35	52	657
CY207738.1	660	2038	0	3	3	2038
CY207738.1	662	2086	0	1	1	2086
CY207738.1	663	2132	2	3	5	663
CY207738.1	672	1971	3	2	5	672
CY207738.1	675	1737	1	1	2	675
CY207738.1	675	2070	2	1	3	675
CY207738.1	685	1371	0	1	1	1371
CY207738.1	687	1989	2	10	12	687
CY207738.1	690	1916	2	0	2	690
CY207738.1	695	1990	0	1	1	1990
CY207738.1	695	2030	1	1	2	695
CY207738.1	695	2102	0	1	1	2102
CY207738.1	704	2071	1	0	1	704
CY207738.1	708	1938	2	0	2	708
CY207738.1	709	1957	1	2	3	709
CY207738.1	721	2054	1	0	1	721
CY207738.1	732	1874	1	1	2	732
CY207738.1	732	2040	0	1	1	2040
CY207738.1	735	1957	0	1	1	1957
CY207738.1	737	1937	0	1	1	1937
CY207738.1	740	1936	0	1	1	1936
CY207738.1	741	2048	0	1	1	2048
CY207738.1	741	2273	1	0	1	741
CY207738.1	747	1880	0	1	1	1880
CY207738.1	748	1896	1	0	1	748
CY207738.1	748	2015	0	1	1	2015
CY207738.1	749	1860	2	1	3	749
CY207738.1	750	1943	17	12	29	750
CY207738.1	750	1972	7	2	9	750
CY207738.1	760	1887	0	1	1	1887
CY207738.1	760	1967	2	0	2	760
CY207738.1	763	1891	0	1	1	1891
CY207738.1	765	1956	1	1	2	765
CY207738.1	766	1842	0	1	1	1842
CY207738.1	767	1519	0	1	1	1519
CY207738.1	769	2241	1	0	1	769
CY207738.1	776	1891	1	0	1	776
CY207738.1	776	2223	1	0	1	776
CY207738.1	777	1868	1	0	1	777
CY207738.1	777	1996	1	4	5	777
CY207738.1	781	1868	6	6	12	781
CY207738.1	786	1860	1	2	3	786
CY207738.1	794	1868	1	2	3	794
CY207738.1	801	2018	0	1	1	2018
CY207738.1	801	2348	0	1	1	2348
CY207738.1	803	1900	1	2	3	803
CY207738.1	809	1878	0	1	1	1878
CY207738.1	811	1892	1	1	2	811
CY207738.1	813	1892	1	0	1	813
CY207738.1	822	879	2	0	2	822
CY207738.1	826	1886	1	1	2	826
CY207738.1	832	1825	1	0	1	832
CY207738.1	838	1786	0	2	2	1786
CY207738.1	839	2311	2	0	2	839
CY207738.1	842	1780	0	1	1	1780
CY207738.1	842	1860	1	0	1	842
CY207738.1	843	1809	9	6	15	843
CY207738.1	843	1868	0	1	1	1868
CY207738.1	846	1860	2	2	4	846
CY207738.1	847	1815	1	0	1	847
CY207738.1	847	1841	1	1	2	847
CY207738.1	850	1701	1	0	1	850
CY207738.1	857	1772	1	1	2	857
CY207738.1	858	1705	2	2	4	858
CY207738.1	858	1731	3	1	4	858
CY207738.1	858	1769	0	1	1	1769
CY207738.1	865	1841	5	2	7	865
CY207738.1	877	2184	1	1	2	877
CY207738.1	894	1891	0	1	1	1891
CY207738.1	896	1101	2	0	2	896
CY207738.1	899	1996	0	1	1	1996
CY207738.1	909	1997	2	0	2	909
CY207738.1	910	1915	2	1	3	910
CY207738.1	911	1719	1	0	1	911
CY207738.1	923	1871	4	2	6	923
CY207738.1	928	1689	1	0	1	928
CY207738.1	934	1783	2	1	3	934
CY207738.1	934	1798	1	1	2	934
CY207738.1	935	1579	1	0	1	935
CY207738.1	942	1706	0	1	1	1706
CY207738.1	944	2035	0	1	1	2035
CY207738.1	945	1897	0	1	1	1897
CY207738.1	958	1854	1	0	1	958
CY207738.1	961	1916	7	5	12	961
CY207738.1	974	1575	1	0	1	974
CY207738.1	988	2074	1	1	2	988
CY207738.1	990	2100	0	1	1	2100
