Segment	Start	Stop	Forward_support	Reverse_support	Total_support	Fuzz_factor
CY207731.1	1031	1472	0	1	1	1472
CY207731.1	1045	1329	1	0	1	1045
CY207731.1	1061	1407	1	0	1	1061
CY207731.1	1068	1438	0	1	1	1438
CY207731.1	1069	1634	1	0	1	1069
CY207731.1	1120	1424	0	1	1	1424
CY207731.1	1193	1439	0	1	1	1439
CY207731.1	1210	1233	0	1	1	1233
CY207731.1	1223	1723	1	0	1	1223
CY207731.1	1226	1329	0	1	1	1329
CY207731.1	1273	1844	0	1	1	1844
CY207731.1	1290	1336	1	0	1	1290
CY207731.1	1302	1333	5	3	8	1302
CY207731.1	1311	1357	13	11	24	1311
CY207731.1	1353	1776	1	0	1	1353
CY207731.1	1443	1663	0	1	1	1663
CY207731.1	1469	1638	1	0	1	1469
CY207731.1	1588	1612	0	1	1	1612
CY207731.1	1697	1911	0	1	1	1911
CY207731.1	1729	1759	0	1	1	1759
CY207731.1	244	1691	1	0	1	244
CY207731.1	262	1803	1	0	1	262
CY207731.1	265	1397	1	0	1	265
CY207731.1	289	822	1	0	1	289
CY207731.1	300	1724	1	0	1	300
CY207731.1	300	953	1	0	1	300
CY207731.1	325	1253	0	1	1	1253
CY207731.1	344	599	1	0	1	344
CY207731.1	350	1820	0	1	1	1820
CY207731.1	358	1157	1	0	1	358
CY207731.1	369	1694	0	1	1	1694
CY207731.1	386	477	0	1	1	477
CY207731.1	386	565	0	1	1	565
CY207731.1	396	654	0	1	1	654
CY207731.1	401	1191	0	1	1	1191
CY207731.1	416	675	0	1	1	675
CY207731.1	440	1696	0	1	1	1696
CY207731.1	457	527	0	1	1	527
CY207731.1	457	650	0	1	1	650
CY207731.1	458	1896	0	1	1	1896
CY207731.1	490	821	1	0	1	490
CY207731.1	491	1130	1	0	1	491
CY207731.1	491	845	0	1	1	845
CY207731.1	506	738	0	1	1	738
CY207731.1	508	1040	1	0	1	508
CY207731.1	508	1043	0	1	1	1043
CY207731.1	513	1125	1	0	1	513
CY207731.1	527	1727	1	0	1	527
CY207731.1	555	618	0	1	1	618
CY207731.1	559	1751	1	0	1	559
CY207731.1	576	1062	1	0	1	576
CY207731.1	663	1572	0	1	1	1572
CY207731.1	682	837	1	0	1	682
CY207731.1	693	1058	0	1	1	1058
CY207731.1	708	892	1	0	1	708
CY207731.1	738	1728	0	1	1	1728
CY207731.1	741	1669	1	0	1	741
CY207731.1	745	1559	0	1	1	1559
CY207731.1	767	1734	1	0	1	767
CY207731.1	773	1317	1	0	1	773
CY207731.1	817	1298	0	1	1	1298
CY207731.1	828	1891	0	1	1	1891
CY207731.1	837	1202	0	1	1	1202
CY207731.1	843	1492	1	0	1	843
CY207731.1	889	1090	1	0	1	889
CY207731.1	914	952	1	0	1	914
CY207731.1	916	1753	1	0	1	916
CY207731.1	931	1715	0	1	1	1715
CY207731.1	991	1748	0	1	1	1748
CY207731.1	994	1762	0	1	1	1762
CY207732.1	247	949	1	0	1	247
CY207732.1	260	542	1	0	1	260
CY207732.1	261	719	1	0	1	261
CY207732.1	268	550	2	0	2	268
CY207732.1	273	400	1	0	1	273
CY207732.1	274	568	14	0	14	274
CY207732.1	278	949	1	0	1	278
CY207732.1	284	587	1	1	2	284
CY207732.1	290	440	1	0	1	290
CY207732.1	332	1158	0	1	1	1158
CY207732.1	337	1089	1	0	1	337
CY207732.1	342	741	0	1	1	741
CY207732.1	350	1047	0	1	1	1047
CY207732.1	350	873	0	1	1	873
CY207732.1	359	394	1	0	1	359
CY207732.1	359	543	1	0	1	359
CY207732.1	373	868	0	1	1	868
CY207732.1	373	915	1	0	1	373
CY207732.1	379	928	0	1	1	928
CY207732.1	380	685	0	1	1	685
CY207732.1	385	476	0	1	1	476
CY207732.1	393	1132	0	1	1	1132
CY207732.1	395	926	0	1	1	926
CY207732.1	403	438	0	1	1	438
CY207732.1	410	567	1	0	1	410
CY207732.1	411	880	0	1	1	880
CY207732.1	412	472	0	1	1	472
CY207732.1	415	512	0	1	1	512
CY207732.1	431	731	0	1	1	731
CY207732.1	432	519	0	1	1	519
CY207732.1	436	981	1	0	1	436
CY207732.1	442	943	0	1	1	943
CY207732.1	445	863	11	64	75	445
CY207732.1	470	626	0	1	1	626
CY207732.1	476	810	1	0	1	476
CY207732.1	479	968	0	1	1	968
CY207732.1	482	589	0	1	1	589
CY207732.1	483	674	0	1	1	674
CY207732.1	483	731	0	1	1	731
CY207732.1	496	648	0	1	1	648
CY207732.1	523	948	0	1	1	948
CY207732.1	537	636	1	0	1	537
CY207732.1	548	1036	0	1	1	1036
CY207732.1	553	833	0	1	1	833
CY207732.1	569	727	1	0	1	569
CY207732.1	581	763	0	1	1	763
CY207732.1	595	932	1	0	1	595
CY207732.1	613	781	1	0	1	613
CY207732.1	618	885	1	0	1	618
CY207732.1	629	954	1	0	1	629
CY207732.1	636	1053	1	0	1	636
CY207732.1	642	731	1	0	1	642
CY207732.1	672	818	1	0	1	672
CY207732.1	694	898	1	0	1	694
CY207732.1	697	772	7	25	32	697
CY207732.1	699	970	0	1	1	970
CY207732.1	718	860	1	1	2	718
CY207732.1	722	794	0	1	1	794
CY207732.1	731	1133	0	1	1	1133
CY207732.1	732	1068	0	1	1	1068
CY207732.1	752	851	0	1	1	851
CY207732.1	764	913	0	1	1	913
CY207732.1	797	1003	1	0	1	797
CY207732.1	798	1018	1	0	1	798
CY207732.1	801	1160	0	1	1	1160
CY207732.1	817	1021	1	0	1	817
CY207732.1	868	1137	0	1	1	1137
CY207732.1	876	1070	1	0	1	876
CY207732.1	879	1032	0	1	1	1032
CY207732.1	882	1176	0	1	1	1176
CY207732.1	954	1048	1	0	1	954
CY207732.1	956	1131	0	1	1	1131
CY207733.1	1020	1171	21	18	39	1020
CY207733.1	1028	1468	1	0	1	1028
CY207733.1	1093	1501	0	1	1	1501
CY207733.1	1096	1171	7	12	19	1096
CY207733.1	1150	1175	1	0	1	1150
CY207733.1	1173	1530	0	1	1	1530
CY207733.1	1178	1506	1	0	1	1178
CY207733.1	1183	1278	1	0	1	1183
CY207733.1	265	293	1	0	1	265
CY207733.1	279	1441	1	0	1	279
CY207733.1	282	1445	635	7	642	282
CY207733.1	283	1446	2	0	2	283
CY207733.1	290	1382	2	0	2	290
CY207733.1	300	1402	12	9	21	300
CY207733.1	330	1427	123	202	325	330
CY207733.1	336	1409	1	0	1	336
CY207733.1	365	1475	0	1	1	1475
CY207733.1	381	1138	0	1	1	1138
CY207733.1	401	1017	0	1	1	1017
CY207733.1	402	618	0	1	1	618
CY207733.1	407	1078	0	1	1	1078
CY207733.1	446	550	1	0	1	446
CY207733.1	495	1275	0	1	1	1275
CY207733.1	496	1059	0	1	1	1059
CY207733.1	529	612	1	0	1	529
CY207733.1	531	1420	0	1	1	1420
CY207733.1	576	1014	0	1	1	1014
CY207733.1	578	1081	12	5	17	578
CY207733.1	596	1095	0	1	1	1095
CY207733.1	614	974	0	1	1	974
CY207733.1	616	1365	1	0	1	616
CY207733.1	655	684	0	1	1	684
CY207733.1	767	1396	0	1	1	1396
CY207733.1	791	1432	1	0	1	791
CY207733.1	827	1336	0	1	1	1336
CY207733.1	836	915	5	3	8	836
CY207733.1	922	968	0	8	8	968
CY207733.1	941	1431	1	0	1	941
CY207734.1	1004	1040	1	0	1	1004
CY207734.1	1028	1074	1	0	1	1028
CY207734.1	1034	1685	0	1	1	1685
CY207734.1	1041	1196	0	1	1	1196
CY207734.1	1083	1565	1	0	1	1083
CY207734.1	1090	1569	0	1	1	1569
CY207734.1	1103	1385	0	1	1	1385
CY207734.1	1126	1440	0	1	1	1440
CY207734.1	1177	1465	0	1	1	1465
CY207734.1	1206	1381	1	0	1	1206
CY207734.1	1244	1309	1	0	1	1244
CY207734.1	1255	1589	1	0	1	1255
CY207734.1	1308	1529	0	1	1	1529
CY207734.1	1350	1492	1	0	1	1350
CY207734.1	1364	1557	1	0	1	1364
CY207734.1	1368	1468	1	0	1	1368
CY207734.1	1372	1573	1	0	1	1372
CY207734.1	1390	1686	0	1	1	1686
CY207734.1	1449	1654	0	1	1	1654
CY207734.1	1459	1511	1	0	1	1459
CY207734.1	1468	1517	0	1	1	1517
CY207734.1	1521	1546	15	4	19	1521
CY207734.1	1523	1637	1	0	1	1523
CY207734.1	237	1128	1	0	1	237
CY207734.1	240	1507	1	0	1	240
CY207734.1	255	1316	1	0	1	255
CY207734.1	259	1258	1	0	1	259
CY207734.1	262	1313	1	0	1	262
CY207734.1	269	1210	1	0	1	269
CY207734.1	270	1127	1	0	1	270
CY207734.1	281	1356	2	0	2	281
CY207734.1	286	656	1	0	1	286
CY207734.1	288	1367	1	0	1	288
CY207734.1	290	930	1	0	1	290
CY207734.1	297	894	1	0	1	297
CY207734.1	308	1436	0	1	1	1436
CY207734.1	313	1387	1	0	1	313
CY207734.1	346	817	0	1	1	817
CY207734.1	357	883	0	1	1	883
CY207734.1	363	1037	0	1	1	1037
CY207734.1	373	1020	1	0	1	373
CY207734.1	379	1494	1	0	1	379
CY207734.1	379	721	0	1	1	721
CY207734.1	390	930	0	1	1	930
CY207734.1	391	1555	1	0	1	391
CY207734.1	395	1689	0	1	1	1689
CY207734.1	401	831	0	1	1	831
CY207734.1	405	608	0	1	1	608
CY207734.1	410	556	1	0	1	410
CY207734.1	422	647	0	1	1	647
CY207734.1	432	1511	1	0	1	432
CY207734.1	439	597	1	0	1	439
CY207734.1	443	1288	0	1	1	1288
CY207734.1	449	785	1	0	1	449
CY207734.1	458	1583	0	1	1	1583
CY207734.1	461	1103	1	0	1	461
CY207734.1	465	1704	0	1	1	1704
CY207734.1	476	1046	0	1	1	1046
CY207734.1	484	1551	0	1	1	1551
CY207734.1	514	1430	7	18	25	514
CY207734.1	524	1444	0	1	1	1444
CY207734.1	528	937	1	0	1	528
CY207734.1	540	1056	0	1	1	1056
CY207734.1	558	981	0	1	1	981
CY207734.1	562	1392	0	1	1	1392
CY207734.1	576	754	1	0	1	576
CY207734.1	606	663	1	0	1	606
CY207734.1	620	812	1	0	1	620
CY207734.1	623	1423	0	1	1	1423
CY207734.1	642	1249	0	1	1	1249
CY207734.1	651	733	0	1	1	733
CY207734.1	663	1458	0	1	1	1458
CY207734.1	710	1652	0	1	1	1652
CY207734.1	741	988	1	0	1	741
CY207734.1	754	805	1	0	1	754
CY207734.1	765	1655	1	0	1	765
CY207734.1	784	1022	0	1	1	1022
CY207734.1	810	840	0	1	1	840
CY207734.1	810	958	15	23	38	810
CY207734.1	816	1487	1	0	1	816
CY207734.1	819	1146	0	1	1	1146
CY207734.1	832	1192	0	1	1	1192
CY207734.1	837	1053	0	1	1	1053
CY207734.1	860	1679	1	0	1	860
CY207734.1	866	923	0	1	1	923
CY207734.1	870	1628	0	1	1	1628
CY207734.1	874	1070	1	0	1	874
CY207734.1	874	1657	0	1	1	1657
CY207734.1	877	1295	0	1	1	1295
CY207734.1	887	1233	0	1	1	1233
CY207734.1	898	970	1	0	1	898
CY207734.1	904	1350	1	0	1	904
CY207734.1	926	1693	0	1	1	1693
CY207734.1	957	1228	0	1	1	1228
CY207734.1	960	1347	1	0	1	960
CY207734.1	986	1555	1	0	1	986
CY207735.1	264	642	1	0	1	264
CY207735.1	425	487	26	86	112	425
CY207735.1	425	509	0	1	1	509
CY207735.1	441	990	0	1	1	990
CY207735.1	443	677	0	1	1	677
CY207735.1	461	562	0	1	1	562
CY207735.1	499	729	1	0	1	499
CY207735.1	511	740	14	24	38	511
CY207735.1	531	558	1	0	1	531
CY207735.1	660	905	0	1	1	905
CY207735.1	902	1026	0	1	1	1026
CY207736.1	1025	1866	1	0	1	1025
CY207736.1	1034	1621	0	1	1	1621
CY207736.1	1035	1810	1	0	1	1035
CY207736.1	1054	1255	0	1	1	1255
CY207736.1	1071	2236	1	0	1	1071
CY207736.1	1085	1222	1	0	1	1085
CY207736.1	1184	2188	1	0	1	1184
CY207736.1	1189	1223	1	0	1	1189
CY207736.1	1196	2167	0	1	1	2167
CY207736.1	1205	1782	0	1	1	1782
CY207736.1	1208	1678	0	1	1	1678
CY207736.1	1211	2091	1	0	1	1211
CY207736.1	1242	1686	1	0	1	1242
CY207736.1	1259	2095	0	1	1	2095
CY207736.1	1273	1546	3	5	8	1273
CY207736.1	1273	1791	0	1	1	1791
CY207736.1	1341	1534	0	1	1	1534
CY207736.1	1370	2284	0	1	1	2284
CY207736.1	1512	2192	0	1	1	2192
CY207736.1	1663	2209	0	1	1	2209
CY207736.1	1703	2043	0	1	1	2043
CY207736.1	1715	2221	0	1	1	2221
CY207736.1	1768	1795	0	1	1	1795
CY207736.1	1805	1949	0	1	1	1949
CY207736.1	1877	2266	0	1	1	2266
CY207736.1	2068	2146	1	0	1	2068
CY207736.1	271	1152	1	0	1	271
CY207736.1	271	1275	1	0	1	271
CY207736.1	289	725	1	0	1	289
CY207736.1	291	772	1	0	1	291
CY207736.1	293	1272	1	0	1	293
CY207736.1	298	2202	0	2	2	2202
CY207736.1	301	1822	1	1	2	301
CY207736.1	311	1680	1	0	1	311
CY207736.1	312	1181	1	0	1	312
CY207736.1	317	1823	1	0	1	317
CY207736.1	326	971	1	0	1	326
CY207736.1	371	2003	1	0	1	371
CY207736.1	376	1844	1	0	1	376
CY207736.1	397	1837	1	0	1	397
CY207736.1	399	1539	0	1	1	1539
CY207736.1	428	1113	0	1	1	1113
CY207736.1	440	1494	1	0	1	440
CY207736.1	453	841	0	1	1	841
CY207736.1	488	1646	1	0	1	488
CY207736.1	491	1040	1	0	1	491
CY207736.1	500	2064	31	22	53	500
CY207736.1	546	1590	0	1	1	1590
CY207736.1	551	1914	1	0	1	551
CY207736.1	565	912	1	0	1	565
CY207736.1	586	2231	1	0	1	586
CY207736.1	596	1701	0	1	1	1701
CY207736.1	597	1920	36	39	75	597
CY207736.1	607	715	1	0	1	607
CY207736.1	624	1968	1	0	1	624
CY207736.1	625	1900	1	0	1	625
CY207736.1	630	1948	1	3	4	630
CY207736.1	643	1918	1	0	1	643
CY207736.1	648	1920	46	26	72	648
CY207736.1	665	1875	30	29	59	665
CY207736.1	666	1909	41	41	82	666
CY207736.1	677	2274	0	1	1	2274
CY207736.1	689	1888	0	1	1	1888
CY207736.1	695	1938	0	1	1	1938
CY207736.1	737	1944	0	1	1	1944
CY207736.1	758	1045	1	0	1	758
CY207736.1	762	787	13	7	20	762
CY207736.1	766	1451	0	1	1	1451
CY207736.1	783	1624	1	0	1	783
CY207736.1	785	2121	59	47	106	785
CY207736.1	786	1311	0	1	1	1311
CY207736.1	786	2050	1	0	1	786
CY207736.1	798	2373	0	1	1	2373
CY207736.1	814	1710	7	1	8	814
CY207736.1	815	2150	0	1	1	2150
CY207736.1	823	1719	2	0	2	823
CY207736.1	827	2286	1	0	1	827
CY207736.1	830	1697	2	1	3	830
CY207736.1	839	1738	54	53	107	839
CY207736.1	842	1734	1	0	1	842
CY207736.1	846	2204	1	0	1	846
CY207736.1	848	1743	0	1	1	1743
CY207736.1	851	985	0	1	1	985
CY207736.1	858	1767	0	1	1	1767
CY207736.1	863	1754	21	26	47	863
CY207736.1	884	1812	1	0	1	884
CY207736.1	887	938	1	0	1	887
CY207736.1	890	1818	2	4	6	890
CY207736.1	911	2225	0	1	1	2225
CY207736.1	922	1728	0	1	1	1728
CY207736.1	942	1168	0	1	1	1168
CY207736.1	955	1609	0	1	1	1609
CY207736.1	959	1544	1	0	1	959
CY207736.1	970	1180	0	1	1	1180
CY207736.1	970	1574	1	0	1	970
CY207736.1	974	1600	23	32	55	974
CY207736.1	989	2048	1	0	1	989
CY207737.1	1005	1722	0	2	2	1722
CY207737.1	1046	2322	1	0	1	1046
CY207737.1	1084	1185	1	0	1	1084
CY207737.1	1148	1958	0	1	1	1958
CY207737.1	1153	2206	0	1	1	2206
CY207737.1	1266	1512	0	1	1	1512
CY207737.1	1301	1354	0	1	1	1354
CY207737.1	1350	1411	1	0	1	1350
CY207737.1	1645	2402	0	1	1	2402
CY207737.1	1663	1963	1	0	1	1663
CY207737.1	1669	1858	0	1	1	1858
CY207737.1	1772	1900	0	21	21	1900
CY207737.1	1801	1916	0	1	1	1916
CY207737.1	1847	1933	1	0	1	1847
CY207737.1	1888	2230	0	1	1	2230
CY207737.1	2020	2237	1	0	1	2020
CY207737.1	2071	2363	1	0	1	2071
CY207737.1	2271	2473	0	1	1	2473
CY207737.1	244	2306	1	0	1	244
CY207737.1	245	1251	1	1	2	245
CY207737.1	258	975	1	0	1	258
CY207737.1	277	1422	1	0	1	277
CY207737.1	297	2339	2	0	2	297
CY207737.1	311	2145	1	0	1	311
CY207737.1	313	2357	5	5	10	313
CY207737.1	352	418	11	42	53	352
CY207737.1	364	1283	1	0	1	364
CY207737.1	371	1301	1	0	1	371
CY207737.1	372	1294	2	0	2	372
CY207737.1	372	1300	3	1	4	372
CY207737.1	379	1307	0	1	1	1307
CY207737.1	384	1315	0	2	2	1315
CY207737.1	393	1323	6	0	6	393
CY207737.1	398	1332	68	37	105	398
CY207737.1	419	2297	1	0	1	419
CY207737.1	432	2339	1	0	1	432
CY207737.1	454	1187	1	0	1	454
CY207737.1	455	1371	1	1	2	455
CY207737.1	456	809	1	0	1	456
CY207737.1	482	609	1	0	1	482
CY207737.1	495	2357	0	1	1	2357
CY207737.1	518	567	0	1	1	567
CY207737.1	523	2255	1	0	1	523
CY207737.1	554	2419	8	3	11	554
CY207737.1	555	2420	1	0	1	555
CY207737.1	569	1028	1	0	1	569
CY207737.1	586	2081	1	0	1	586
CY207737.1	665	2046	3	0	3	665
CY207737.1	688	2056	124	124	248	688
CY207737.1	696	2134	0	1	1	2134
CY207737.1	699	1712	0	1	1	1712
CY207737.1	702	2086	0	1	1	2086
CY207737.1	712	2069	0	1	1	2069
CY207737.1	732	2068	0	1	1	2068
CY207737.1	745	1990	11	19	30	745
CY207737.1	760	1888	0	35	35	1888
CY207737.1	779	900	30	15	45	779
CY207737.1	787	2367	1	0	1	787
CY207737.1	801	1524	0	1	1	1524
CY207737.1	822	1916	0	1	1	1916
CY207737.1	824	1920	0	1	1	1920
CY207737.1	825	1873	20	41	61	825
CY207737.1	850	1879	2	0	2	850
CY207737.1	850	1894	61	33	94	850
CY207737.1	867	1728	1	0	1	867
CY207737.1	874	1882	18	40	58	874
CY207737.1	880	2295	1	0	1	880
CY207737.1	887	2376	1	0	1	887
CY207737.1	895	1755	44	43	87	895
CY207737.1	920	1778	0	1	1	1778
CY207737.1	958	1630	1	0	1	958
CY207737.1	983	2182	1	0	1	983
CY207737.1	996	1715	1	18	19	996
CY207738.1	1007	2099	1	0	1	1007
CY207738.1	1050	1095	1	0	1	1050
CY207738.1	1084	2368	1	0	1	1084
CY207738.1	1142	2090	1	0	1	1142
CY207738.1	1244	2314	27	17	44	1244
CY207738.1	1247	2325	0	1	1	2325
CY207738.1	1256	1935	1	0	1	1256
CY207738.1	1269	1539	0	1	1	1539
CY207738.1	1276	1311	1	17	18	1276
CY207738.1	1299	1653	0	1	1	1653
CY207738.1	1301	1645	0	1	1	1645
CY207738.1	1460	2310	1	0	1	1460
CY207738.1	1461	2097	0	1	1	2097
CY207738.1	1487	1546	0	1	1	1546
CY207738.1	1490	1924	1	0	1	1490
CY207738.1	1673	2381	1	0	1	1673
CY207738.1	1681	2342	0	1	1	2342
CY207738.1	1741	1881	0	1	1	1881
CY207738.1	1897	2153	0	1	1	2153
CY207738.1	2177	2407	5	2	7	2177
CY207738.1	2311	2455	0	1	1	2455
CY207738.1	2322	2457	0	1	1	2457
CY207738.1	2370	2397	1	9	10	2370
CY207738.1	273	744	1	0	1	273
CY207738.1	285	2327	1	0	1	285
CY207738.1	339	1235	0	2	2	1235
CY207738.1	344	1240	0	2	2	1240
CY207738.1	344	1657	0	1	1	1657
CY207738.1	346	2235	1	0	1	346
CY207738.1	357	2246	0	1	1	2246
CY207738.1	362	2317	0	1	1	2317
CY207738.1	364	1115	0	1	1	1115
CY207738.1	367	2217	27	128	155	367
CY207738.1	371	2317	14	47	61	371
CY207738.1	372	2237	1	0	1	372
CY207738.1	373	1950	1	31	32	373
CY207738.1	375	1642	1	1	2	375
CY207738.1	376	422	23	194	217	376
CY207738.1	378	2243	0	1	1	2243
CY207738.1	386	1851	12	80	92	386
CY207738.1	390	820	0	1	1	820
CY207738.1	395	767	0	1	1	767
CY207738.1	396	2247	25	87	112	396
CY207738.1	402	1821	0	1	1	1821
CY207738.1	408	1843	0	1	1	1843
CY207738.1	414	2221	1	0	1	414
CY207738.1	415	2283	38	141	179	415
CY207738.1	453	2196	1	0	1	453
CY207738.1	470	2263	1	0	1	470
CY207738.1	479	1616	1	0	1	479
CY207738.1	485	2001	2	6	8	485
CY207738.1	493	1546	1	0	1	493
CY207738.1	494	1306	1	0	1	494
CY207738.1	495	2218	38	39	77	495
CY207738.1	530	1106	1	1	2	530
CY207738.1	567	1506	1	0	1	567
CY207738.1	626	1963	0	1	1	1963
CY207738.1	630	2037	8	6	14	630
CY207738.1	631	1116	1	0	1	631
CY207738.1	644	1820	1	0	1	644
CY207738.1	646	1716	0	1	1	1716
CY207738.1	665	2073	7	25	32	665
CY207738.1	665	2115	1	0	1	665
CY207738.1	669	2051	131	238	369	669
CY207738.1	690	2048	0	1	1	2048
CY207738.1	693	2065	0	1	1	2065
CY207738.1	694	1444	0	1	1	1444
CY207738.1	695	2102	0	1	1	2102
CY207738.1	739	969	0	1	1	969
CY207738.1	744	2404	1	0	1	744
CY207738.1	751	1647	1	0	1	751
CY207738.1	757	1534	1	0	1	757
CY207738.1	786	1883	6	2	8	786
CY207738.1	798	1249	1	0	1	798
CY207738.1	810	2153	0	1	1	2153
CY207738.1	811	1522	1	0	1	811
CY207738.1	831	1578	1	0	1	831
CY207738.1	831	1777	4	0	4	831
CY207738.1	835	1780	45	35	80	835
CY207738.1	854	1795	0	1	1	1795
CY207738.1	861	2281	0	1	1	2281
CY207738.1	887	1888	1	0	1	887
CY207738.1	893	1794	0	1	1	1794
CY207738.1	942	1406	0	1	1	1406
CY207738.1	946	2153	1	0	1	946
CY207738.1	957	1695	0	1	1	1695
CY207738.1	957	987	1	0	1	957
CY207738.1	979	1318	1	0	1	979
