Segment	Start	Stop	Forward_support	Reverse_support	Total_support	Fuzz_factor
CY207731.1	1004	1049	0	1	1	1049
CY207731.1	1018	1214	1	0	1	1018
CY207731.1	1020	1876	0	1	1	1876
CY207731.1	1049	1189	1	0	1	1049
CY207731.1	1083	1532	1	0	1	1083
CY207731.1	1093	1767	1	0	1	1093
CY207731.1	1164	1753	1	0	1	1164
CY207731.1	1213	1466	1	0	1	1213
CY207731.1	1272	1564	1	0	1	1272
CY207731.1	1302	1333	0	1	1	1333
CY207731.1	1304	1326	1	0	1	1304
CY207731.1	1325	1888	0	1	1	1888
CY207731.1	1357	1416	2	1	3	1357
CY207731.1	1412	1836	0	1	1	1836
CY207731.1	1424	1711	0	1	1	1711
CY207731.1	1472	1495	0	2	2	1495
CY207731.1	1482	1887	0	1	1	1887
CY207731.1	1553	1695	0	1	1	1695
CY207731.1	1690	1742	1	0	1	1690
CY207731.1	1701	1744	1	0	1	1701
CY207731.1	246	553	1	0	1	246
CY207731.1	248	1859	0	1	1	1859
CY207731.1	252	1796	8	0	8	252
CY207731.1	273	630	1	0	1	273
CY207731.1	275	1830	1	0	1	275
CY207731.1	289	1566	1	0	1	289
CY207731.1	347	1261	1	0	1	347
CY207731.1	350	1438	0	1	1	1438
CY207731.1	351	1579	0	1	1	1579
CY207731.1	351	725	0	1	1	725
CY207731.1	354	413	1	0	1	354
CY207731.1	369	1694	0	1	1	1694
CY207731.1	370	1491	1	0	1	370
CY207731.1	372	888	1	0	1	372
CY207731.1	374	441	1	0	1	374
CY207731.1	378	1567	0	1	1	1567
CY207731.1	386	1616	0	1	1	1616
CY207731.1	389	417	0	1	1	417
CY207731.1	390	1041	0	1	1	1041
CY207731.1	393	1425	1	0	1	393
CY207731.1	409	1435	19	35	54	409
CY207731.1	431	1214	0	1	1	1214
CY207731.1	436	1458	0	1	1	1458
CY207731.1	437	804	0	1	1	804
CY207731.1	452	493	0	1	1	493
CY207731.1	458	979	0	1	1	979
CY207731.1	470	1138	1	0	1	470
CY207731.1	472	629	1	1	2	472
CY207731.1	477	828	1	0	1	477
CY207731.1	489	1274	1	0	1	489
CY207731.1	491	530	0	1	1	530
CY207731.1	498	832	1	0	1	498
CY207731.1	510	556	0	1	1	556
CY207731.1	528	1744	0	1	1	1744
CY207731.1	530	801	1	0	1	530
CY207731.1	542	1325	0	1	1	1325
CY207731.1	547	1061	3	0	3	547
CY207731.1	555	1140	0	1	1	1140
CY207731.1	565	1641	1	1	2	565
CY207731.1	574	601	1	1	2	574
CY207731.1	575	1280	1	1	2	575
CY207731.1	618	1515	1	0	1	618
CY207731.1	620	1225	1	0	1	620
CY207731.1	630	1136	0	1	1	1136
CY207731.1	633	884	0	1	1	884
CY207731.1	656	1502	0	1	1	1502
CY207731.1	683	1007	1	0	1	683
CY207731.1	689	1166	0	1	1	1166
CY207731.1	723	1152	0	1	1	1152
CY207731.1	743	1118	1	0	1	743
CY207731.1	754	1639	1	0	1	754
CY207731.1	776	1303	0	1	1	1303
CY207731.1	796	1587	0	1	1	1587
CY207731.1	818	1391	0	1	1	1391
CY207731.1	877	1040	1	0	1	877
CY207731.1	898	1382	1	0	1	898
CY207731.1	925	958	0	1	1	958
CY207731.1	957	1186	1	0	1	957
CY207731.1	990	1883	0	1	1	1883
CY207732.1	246	732	1	0	1	246
CY207732.1	254	1095	1	0	1	254
CY207732.1	256	476	1	0	1	256
CY207732.1	267	569	1	0	1	267
CY207732.1	271	799	1	0	1	271
CY207732.1	272	724	1	0	1	272
CY207732.1	272	944	9	1	10	272
CY207732.1	305	594	0	1	1	594
CY207732.1	311	965	6	0	6	311
CY207732.1	313	766	1	0	1	313
CY207732.1	316	1048	2	4	6	316
CY207732.1	317	575	0	1	1	575
CY207732.1	334	964	2	3	5	334
CY207732.1	336	1143	0	1	1	1143
CY207732.1	341	1144	0	1	1	1144
CY207732.1	341	551	1	0	1	341
CY207732.1	350	489	0	1	1	489
CY207732.1	369	470	0	1	1	470
CY207732.1	369	556	0	1	1	556
CY207732.1	393	717	1	0	1	393
CY207732.1	395	1141	0	1	1	1141
CY207732.1	397	776	0	1	1	776
CY207732.1	451	1060	0	1	1	1060
CY207732.1	452	846	0	1	1	846
CY207732.1	458	731	1	0	1	458
CY207732.1	466	783	1	0	1	466
CY207732.1	470	1094	0	1	1	1094
CY207732.1	473	573	2	8	10	473
CY207732.1	485	538	1	0	1	485
CY207732.1	487	909	0	1	1	909
CY207732.1	499	673	0	1	1	673
CY207732.1	500	606	2	2	4	500
CY207732.1	500	757	1	0	1	500
CY207732.1	501	832	1	0	1	501
CY207732.1	513	636	1	0	1	513
CY207732.1	517	726	0	1	1	726
CY207732.1	517	766	1	0	1	517
CY207732.1	517	804	1	0	1	517
CY207732.1	524	624	0	1	1	624
CY207732.1	533	631	1	0	1	533
CY207732.1	538	824	0	1	1	824
CY207732.1	540	835	2	0	2	540
CY207732.1	541	913	0	1	1	913
CY207732.1	543	1002	1	0	1	543
CY207732.1	566	998	1	0	1	566
CY207732.1	567	1082	1	0	1	567
CY207732.1	567	843	0	1	1	843
CY207732.1	573	705	1	0	1	573
CY207732.1	573	909	1	0	1	573
CY207732.1	588	825	1	0	1	588
CY207732.1	589	668	1	0	1	589
CY207732.1	589	862	0	1	1	862
CY207732.1	589	961	3	0	3	589
CY207732.1	593	1023	4	0	4	593
CY207732.1	595	996	8	1	9	595
CY207732.1	603	645	0	1	1	645
CY207732.1	626	697	1	0	1	626
CY207732.1	626	858	2	2	4	626
CY207732.1	629	957	1	0	1	629
CY207732.1	649	1019	1	0	1	649
CY207732.1	655	703	1	0	1	655
CY207732.1	661	1148	0	1	1	1148
CY207732.1	679	815	1	2	3	679
CY207732.1	680	782	0	1	1	782
CY207732.1	680	816	1	0	1	680
CY207732.1	680	936	1	0	1	680
CY207732.1	684	1070	1	0	1	684
CY207732.1	685	839	1	1	2	685
CY207732.1	686	840	1	0	1	686
CY207732.1	714	771	0	1	1	771
CY207732.1	718	860	2	4	6	718
CY207732.1	745	778	1	0	1	745
CY207732.1	746	1142	0	1	1	1142
CY207732.1	754	823	0	1	1	823
CY207732.1	758	798	0	1	1	798
CY207732.1	768	850	0	1	1	850
CY207732.1	768	969	0	1	1	969
CY207732.1	769	936	1	0	1	769
CY207732.1	803	1034	2	1	3	803
CY207732.1	804	1014	2	1	3	804
CY207732.1	817	866	3	4	7	817
CY207732.1	817	885	0	1	1	885
CY207732.1	821	1148	0	1	1	1148
CY207732.1	827	882	1	0	1	827
CY207732.1	857	1065	0	1	1	1065
CY207732.1	859	1168	0	1	1	1168
CY207732.1	862	962	2	1	3	862
CY207732.1	864	937	2	0	2	864
CY207732.1	880	1134	0	1	1	1134
CY207732.1	932	981	0	1	1	981
CY207732.1	933	1019	8	2	10	933
CY207732.1	956	1080	0	1	1	1080
CY207733.1	1000	1101	1	0	1	1000
CY207733.1	1018	1074	1	1	2	1018
CY207733.1	1027	1104	1	1	2	1027
CY207733.1	1078	1468	0	1	1	1468
CY207733.1	1294	1485	2	1	3	1294
CY207733.1	1333	1360	0	1	1	1360
CY207733.1	1381	1469	1	0	1	1381
CY207733.1	1395	1455	2	1	3	1395
CY207733.1	281	1377	1	0	1	281
CY207733.1	284	1245	1	0	1	284
CY207733.1	338	388	0	1	1	388
CY207733.1	344	1453	0	1	1	1453
CY207733.1	378	816	0	1	1	816
CY207733.1	402	891	1	0	1	402
CY207733.1	440	1285	0	1	1	1285
CY207733.1	443	1410	0	1	1	1410
CY207733.1	472	1068	0	1	1	1068
CY207733.1	520	1032	0	1	1	1032
CY207733.1	541	1231	4	2	6	541
CY207733.1	561	1073	3	4	7	561
CY207733.1	577	1033	0	1	1	1033
CY207733.1	588	1000	0	1	1	1000
CY207733.1	592	1595	0	1	1	1595
CY207733.1	609	1528	1	0	1	609
CY207733.1	612	1010	1	0	1	612
CY207733.1	627	1592	0	1	1	1592
CY207733.1	651	683	1	0	1	651
CY207733.1	720	1159	1	0	1	720
CY207733.1	766	1406	1	0	1	766
CY207733.1	852	945	0	1	1	945
CY207733.1	900	1215	0	1	1	1215
CY207733.1	928	1109	0	1	1	1109
CY207733.1	954	1171	1	0	1	954
CY207733.1	965	1016	0	1	1	1016
CY207734.1	1006	1047	0	1	1	1047
CY207734.1	1052	1695	0	1	1	1695
CY207734.1	1075	1125	1	0	1	1075
CY207734.1	1126	1233	0	3	3	1233
CY207734.1	1137	1228	1	0	1	1137
CY207734.1	1158	1568	0	1	1	1568
CY207734.1	1221	1721	0	1	1	1721
CY207734.1	1371	1637	1	0	1	1371
CY207734.1	1375	1497	1	0	1	1375
CY207734.1	1388	1623	1	0	1	1388
CY207734.1	1400	1575	1	0	1	1400
CY207734.1	1421	1544	2	1	3	1421
CY207734.1	1442	1566	0	3	3	1566
CY207734.1	1460	1601	1	0	1	1460
CY207734.1	1497	1562	1	0	1	1497
CY207734.1	1499	1558	1	0	1	1499
CY207734.1	1580	1697	0	3	3	1697
CY207734.1	1589	1695	0	2	2	1695
CY207734.1	246	603	1	0	1	246
CY207734.1	267	1488	1	0	1	267
CY207734.1	274	1557	1	0	1	274
CY207734.1	276	1401	1	0	1	276
CY207734.1	282	817	1	0	1	282
CY207734.1	288	999	1	0	1	288
CY207734.1	313	1506	0	1	1	1506
CY207734.1	321	545	0	1	1	545
CY207734.1	344	1590	0	1	1	1590
CY207734.1	346	1588	0	1	1	1588
CY207734.1	350	553	0	1	1	553
CY207734.1	362	1251	0	1	1	1251
CY207734.1	387	1219	0	1	1	1219
CY207734.1	403	1512	0	1	1	1512
CY207734.1	405	1174	1	0	1	405
CY207734.1	421	940	0	1	1	940
CY207734.1	431	1005	0	1	1	1005
CY207734.1	440	1013	0	1	1	1013
CY207734.1	445	588	0	1	1	588
CY207734.1	448	739	0	1	1	739
CY207734.1	457	1585	1	0	1	457
CY207734.1	457	955	0	1	1	955
CY207734.1	458	1147	0	1	1	1147
CY207734.1	461	593	0	1	1	593
CY207734.1	468	798	1	0	1	468
CY207734.1	475	1119	0	1	1	1119
CY207734.1	488	1497	0	1	1	1497
CY207734.1	508	1100	1	0	1	508
CY207734.1	512	1382	5	4	9	512
CY207734.1	520	882	1	0	1	520
CY207734.1	521	841	3	2	5	521
CY207734.1	522	1545	3	1	4	522
CY207734.1	531	893	1	0	1	531
CY207734.1	544	1346	1	0	1	544
CY207734.1	545	1455	0	1	1	1455
CY207734.1	555	1458	0	1	1	1458
CY207734.1	558	796	1	0	1	558
CY207734.1	559	1530	0	1	1	1530
CY207734.1	575	1353	1	0	1	575
CY207734.1	583	1048	0	1	1	1048
CY207734.1	589	633	1	0	1	589
CY207734.1	591	1596	0	1	1	1596
CY207734.1	600	636	0	1	1	636
CY207734.1	623	1171	1	0	1	623
CY207734.1	656	1109	1	0	1	656
CY207734.1	680	1469	1	2	3	680
CY207734.1	735	1200	0	1	1	1200
CY207734.1	745	788	0	1	1	788
CY207734.1	755	1377	3	4	7	755
CY207734.1	756	1318	0	1	1	1318
CY207734.1	773	1575	1	0	1	773
CY207734.1	781	937	0	1	1	937
CY207734.1	798	1116	1	0	1	798
CY207734.1	801	1324	1	0	1	801
CY207734.1	824	1049	1	0	1	824
CY207734.1	845	964	1	1	2	845
CY207734.1	890	1246	0	1	1	1246
CY207734.1	892	1412	0	1	1	1412
CY207734.1	940	1398	2	0	2	940
CY207734.1	942	1252	1	3	4	942
CY207734.1	944	1212	1	0	1	944
CY207734.1	951	1373	1	2	3	951
CY207734.1	961	1368	1	1	2	961
CY207734.1	990	1426	1	0	1	990
CY207734.1	997	1042	0	1	1	1042
CY207735.1	271	450	1	0	1	271
CY207735.1	351	1037	1	4	5	351
CY207735.1	421	498	0	1	1	498
CY207735.1	499	729	2	0	2	499
CY207735.1	511	740	7	33	40	511
CY207735.1	533	594	1	0	1	533
CY207735.1	690	736	0	1	1	736
CY207735.1	847	895	4	0	4	847
CY207735.1	935	1003	0	1	1	1003
CY207736.1	1039	1792	0	1	1	1792
CY207736.1	1049	1936	1	0	1	1049
CY207736.1	1059	1145	2	0	2	1059
CY207736.1	1071	1978	1	3	4	1071
CY207736.1	1092	2294	1	0	1	1092
CY207736.1	1095	1543	1	2	3	1095
CY207736.1	1098	1346	1	0	1	1098
CY207736.1	1112	1805	1	0	1	1112
CY207736.1	1123	2196	0	1	1	2196
CY207736.1	1126	2272	1	0	1	1126
CY207736.1	1160	1300	1	0	1	1160
CY207736.1	1167	2041	0	1	1	2041
CY207736.1	1169	2142	0	1	1	2142
CY207736.1	1183	2323	1	0	1	1183
CY207736.1	1235	1852	0	1	1	1852
CY207736.1	1242	1686	4	0	4	1242
CY207736.1	1243	2040	0	1	1	2040
CY207736.1	1256	2253	0	1	1	2253
CY207736.1	1258	1647	3	2	5	1258
CY207736.1	1260	1693	1	0	1	1260
CY207736.1	1338	1712	0	1	1	1712
CY207736.1	1355	2191	1	3	4	1355
CY207736.1	1376	1697	1	0	1	1376
CY207736.1	1382	1414	0	1	1	1414
CY207736.1	1388	2147	0	1	1	2147
CY207736.1	1395	2075	0	1	1	2075
CY207736.1	1403	1734	0	1	1	1734
CY207736.1	1475	2166	0	1	1	2166
CY207736.1	1511	2262	0	1	1	2262
CY207736.1	1514	1656	3	1	4	1514
CY207736.1	1535	2121	0	1	1	2121
CY207736.1	1542	2219	1	0	1	1542
CY207736.1	1544	2007	2	3	5	1544
CY207736.1	1550	1878	1	0	1	1550
CY207736.1	1558	1725	0	1	1	1725
CY207736.1	1567	2204	1	2	3	1567
CY207736.1	1653	2188	1	0	1	1653
CY207736.1	1704	1744	1	0	1	1704
CY207736.1	1725	2146	0	1	1	2146
CY207736.1	1748	1800	0	1	1	1800
CY207736.1	1789	2006	1	2	3	1789
CY207736.1	1819	1853	0	1	1	1853
CY207736.1	1949	2000	7	7	14	1949
CY207736.1	1954	2038	0	2	2	2038
CY207736.1	1955	2341	0	1	1	2341
CY207736.1	1978	2222	1	2	3	1978
CY207736.1	2074	2288	3	0	3	2074
CY207736.1	2095	2121	0	1	1	2121
CY207736.1	2103	2205	1	1	2	2103
CY207736.1	2108	2190	3	2	5	2108
CY207736.1	2236	2270	0	2	2	2270
CY207736.1	2257	2319	0	2	2	2319
CY207736.1	266	2253	1	0	1	266
CY207736.1	274	1692	1	0	1	274
CY207736.1	277	1713	1	0	1	277
CY207736.1	282	2155	2	0	2	282
CY207736.1	282	2224	1	0	1	282
CY207736.1	283	1728	1	0	1	283
CY207736.1	284	1273	1	0	1	284
CY207736.1	291	1321	1	0	1	291
CY207736.1	321	2215	1	0	1	321
CY207736.1	333	2215	0	1	1	2215
CY207736.1	352	1972	1	0	1	352
CY207736.1	359	2148	0	4	4	2148
CY207736.1	366	624	1	0	1	366
CY207736.1	370	1678	0	1	1	1678
CY207736.1	380	2198	1	0	1	380
CY207736.1	384	2208	10	30	40	384
CY207736.1	387	2255	0	1	1	2255
CY207736.1	388	2212	0	1	1	2212
CY207736.1	391	477	0	1	1	477
CY207736.1	394	2217	1	0	1	394
CY207736.1	439	2031	1	0	1	439
CY207736.1	442	1066	1	0	1	442
CY207736.1	448	2140	14	41	55	448
CY207736.1	448	2147	1	4	5	448
CY207736.1	454	491	1	0	1	454
CY207736.1	458	562	1	0	1	458
CY207736.1	460	2000	1	0	1	460
CY207736.1	461	1898	4	1	5	461
CY207736.1	463	1607	0	1	1	1607
CY207736.1	467	1729	0	1	1	1729
CY207736.1	467	2104	1	0	1	467
CY207736.1	470	2040	1	0	1	470
CY207736.1	471	2018	1	1	2	471
CY207736.1	477	2033	2	5	7	477
CY207736.1	478	2018	2	2	4	478
CY207736.1	479	1653	1	0	1	479
CY207736.1	483	1628	0	1	1	1628
CY207736.1	483	2010	9	6	15	483
CY207736.1	483	2168	0	1	1	2168
CY207736.1	485	544	7	1	8	485
CY207736.1	489	2041	3	2	5	489
CY207736.1	493	1859	0	1	1	1859
CY207736.1	506	2050	66	93	159	506
CY207736.1	511	1987	4	3	7	511
CY207736.1	512	2049	1	0	1	512
CY207736.1	514	2042	2	3	5	514
CY207736.1	520	2011	2	0	2	520
CY207736.1	526	1995	37	10	47	526
CY207736.1	528	1715	1	0	1	528
CY207736.1	530	1999	1	0	1	530
CY207736.1	538	1852	1	0	1	538
CY207736.1	542	2019	2	1	3	542
CY207736.1	545	1729	4	0	4	545
CY207736.1	546	1660	2	0	2	546
CY207736.1	547	1833	7	4	11	547
CY207736.1	548	1957	13	2	15	548
CY207736.1	548	2009	10	4	14	548
CY207736.1	549	2011	3	1	4	549
CY207736.1	551	1958	2	2	4	551
CY207736.1	555	2011	4	2	6	555
CY207736.1	556	1841	6	7	13	556
CY207736.1	566	2007	4	0	4	566
CY207736.1	567	1686	16	4	20	567
CY207736.1	567	2005	2	1	3	567
CY207736.1	567	950	1	0	1	567
CY207736.1	574	1733	1	0	1	574
CY207736.1	581	1938	7	2	9	581
CY207736.1	583	2188	1	2	3	583
CY207736.1	584	1961	1	0	1	584
CY207736.1	585	1109	1	0	1	585
CY207736.1	592	1371	3	1	4	592
CY207736.1	594	1906	0	5	5	1906
CY207736.1	596	2009	5	3	8	596
CY207736.1	598	932	1	0	1	598
CY207736.1	603	2001	13	7	20	603
CY207736.1	607	1755	1	2	3	607
CY207736.1	609	1928	6	1	7	609
CY207736.1	612	1580	1	0	1	612
CY207736.1	616	1819	5	1	6	616
CY207736.1	616	1882	9	5	14	616
CY207736.1	616	1935	1	0	1	616
CY207736.1	617	1047	1	0	1	617
CY207736.1	617	1772	0	1	1	1772
CY207736.1	620	1949	5	2	7	620
CY207736.1	621	1890	7	10	17	621
CY207736.1	621	1944	3	0	3	621
CY207736.1	623	1946	33	19	52	623
CY207736.1	627	1896	0	1	1	1896
CY207736.1	635	1929	7	2	9	635
CY207736.1	637	1929	1	1	2	637
CY207736.1	639	1809	1	0	1	639
CY207736.1	639	1933	1	1	2	639
CY207736.1	641	1845	0	1	1	1845
CY207736.1	642	1819	6	4	10	642
CY207736.1	643	1918	8	4	12	643
CY207736.1	644	1844	3	1	4	644
CY207736.1	644	1863	1	1	2	644
CY207736.1	644	1872	2	4	6	644
CY207736.1	646	1821	1	0	1	646
CY207736.1	647	1881	1	0	1	647
CY207736.1	648	2276	0	1	1	2276
CY207736.1	649	1912	2	0	2	649
CY207736.1	653	1353	1	0	1	653
CY207736.1	653	1922	1	1	2	653
CY207736.1	656	1903	1	2	3	656
CY207736.1	657	1852	2	1	3	657
CY207736.1	657	1912	3	4	7	657
CY207736.1	658	1841	28	23	51	658
CY207736.1	660	1913	2	1	3	660
CY207736.1	670	1805	7	11	18	670
CY207736.1	673	1678	3	0	3	673
CY207736.1	673	1889	0	1	1	1889
CY207736.1	677	1608	1	0	1	677
CY207736.1	677	1844	6	1	7	677
CY207736.1	678	1667	2	3	5	678
CY207736.1	678	1955	5	4	9	678
CY207736.1	684	1806	6	3	9	684
CY207736.1	686	1653	4	1	5	686
CY207736.1	686	1952	1	3	4	686
CY207736.1	688	1848	2	3	5	688
CY207736.1	689	771	0	1	1	771
CY207736.1	695	2010	0	1	1	2010
CY207736.1	697	1820	1	0	1	697
CY207736.1	699	1995	1	2	3	699
CY207736.1	701	1622	5	5	10	701
CY207736.1	702	1965	0	3	3	1965
CY207736.1	707	1988	1	0	1	707
CY207736.1	712	1841	4	5	9	712
CY207736.1	713	1770	4	0	4	713
CY207736.1	713	1844	1	1	2	713
CY207736.1	713	1950	0	2	2	1950
CY207736.1	714	1863	2	5	7	714
CY207736.1	716	1596	0	1	1	1596
CY207736.1	721	1841	1	0	1	721
CY207736.1	722	1947	2	3	5	722
CY207736.1	723	1994	6	7	13	723
CY207736.1	727	1783	27	22	49	727
CY207736.1	728	1935	1	3	4	728
CY207736.1	728	2279	5	1	6	728
CY207736.1	730	2151	1	0	1	730
CY207736.1	733	1997	0	1	1	1997
CY207736.1	734	1937	0	1	1	1937
CY207736.1	735	1485	1	0	1	735
CY207736.1	736	1777	14	13	27	736
CY207736.1	740	816	0	1	1	816
CY207736.1	742	1858	0	4	4	1858
CY207736.1	749	1602	2	0	2	749
CY207736.1	749	1912	3	0	3	749
CY207736.1	752	1827	16	8	24	752
CY207736.1	753	1850	15	15	30	753
CY207736.1	754	1912	2	0	2	754
CY207736.1	755	1599	3	2	5	755
CY207736.1	756	1705	5	0	5	756
CY207736.1	757	1812	9	8	17	757
CY207736.1	759	1764	1	0	1	759
CY207736.1	762	1768	2	0	2	762
CY207736.1	765	1744	1	0	1	765
CY207736.1	765	1839	1	1	2	765
CY207736.1	770	1783	0	1	1	1783
CY207736.1	773	1407	1	0	1	773
CY207736.1	773	1679	3	0	3	773
CY207736.1	775	1825	1	0	1	775
CY207736.1	776	2006	1	0	1	776
CY207736.1	779	1887	0	1	1	1887
CY207736.1	782	1826	6	3	9	782
CY207736.1	783	1754	1	0	1	783
CY207736.1	784	1696	8	3	11	784
CY207736.1	802	1848	0	1	1	1848
CY207736.1	807	1771	24	5	29	807
CY207736.1	809	1493	5	0	5	809
CY207736.1	809	1870	10	2	12	809
CY207736.1	810	1539	0	1	1	1539
CY207736.1	810	1701	1	0	1	810
CY207736.1	810	950	1	0	1	810
CY207736.1	813	1594	5	1	6	813
CY207736.1	818	1503	0	1	1	1503
CY207736.1	821	1679	1	0	1	821
CY207736.1	822	1830	2	0	2	822
CY207736.1	823	1719	1	2	3	823
CY207736.1	823	1735	1	1	2	823
CY207736.1	824	1536	1	0	1	824
CY207736.1	825	1807	6	2	8	825
CY207736.1	827	1644	1	1	2	827
CY207736.1	830	1838	2	0	2	830
CY207736.1	835	1855	1	1	2	835
CY207736.1	836	1845	34	31	65	836
CY207736.1	837	1545	2	2	4	837
CY207736.1	840	1806	8	4	12	840
CY207736.1	842	1812	5	1	6	842
CY207736.1	842	2069	0	2	2	2069
CY207736.1	845	1563	3	2	5	845
CY207736.1	847	1859	0	1	1	1859
CY207736.1	849	1821	0	1	1	1821
CY207736.1	851	1587	1	8	9	851
CY207736.1	853	1544	1	0	1	853
CY207736.1	853	1914	1	0	1	853
CY207736.1	858	1919	20	15	35	858
CY207736.1	859	1938	3	3	6	859
CY207736.1	862	1726	3	2	5	862
CY207736.1	863	1818	0	1	1	1818
CY207736.1	867	1617	6	1	7	867
CY207736.1	869	1643	0	1	1	1643
CY207736.1	872	1919	1	1	2	872
CY207736.1	878	1977	0	5	5	1977
CY207736.1	895	1645	2	4	6	895
CY207736.1	895	1904	1	0	1	895
CY207736.1	896	1625	2	0	2	896
CY207736.1	908	1667	0	2	2	1667
CY207736.1	909	2215	1	0	1	909
CY207736.1	911	1925	0	1	1	1925
CY207736.1	912	1494	0	1	1	1494
CY207736.1	915	1775	0	1	1	1775
CY207736.1	917	1951	0	1	1	1951
CY207736.1	926	1079	2	2	4	926
CY207736.1	933	2045	1	0	1	933
CY207736.1	937	2253	2	5	7	937
CY207736.1	944	1896	2	5	7	944
CY207736.1	949	2060	4	4	8	949
CY207736.1	953	2004	0	1	1	2004
CY207736.1	956	1724	1	0	1	956
CY207736.1	956	1772	0	1	1	1772
CY207736.1	957	1021	0	1	1	1021
CY207736.1	963	1633	1	0	1	963
CY207736.1	963	2136	1	0	1	963
CY207736.1	972	1650	6	4	10	972
CY207736.1	975	2050	0	2	2	2050
CY207736.1	977	1664	0	1	1	1664
CY207736.1	997	2255	5	3	8	997
CY207737.1	1062	2010	0	1	1	2010
CY207737.1	1074	2304	1	0	1	1074
CY207737.1	1087	1247	1	0	1	1087
CY207737.1	1093	1368	0	1	1	1368
CY207737.1	1095	2339	1	0	1	1095
CY207737.1	1101	2427	1	0	1	1101
CY207737.1	1167	1751	1	0	1	1167
CY207737.1	1175	1227	0	1	1	1227
CY207737.1	1294	2039	0	1	1	2039
CY207737.1	1346	1407	0	1	1	1407
CY207737.1	1524	2115	1	0	1	1524
CY207737.1	1593	2263	1	0	1	1593
CY207737.1	1664	2406	1	0	1	1664
CY207737.1	1683	2004	0	1	1	2004
CY207737.1	248	2492	1	0	1	248
CY207737.1	281	1524	1	0	1	281
CY207737.1	285	1176	1	0	1	285
CY207737.1	325	614	1	0	1	325
CY207737.1	337	1334	1	0	1	337
CY207737.1	341	2322	3	0	3	341
CY207737.1	341	614	2	0	2	341
CY207737.1	352	2238	3	1	4	352
CY207737.1	359	919	0	1	1	919
CY207737.1	369	2289	1	0	1	369
CY207737.1	381	2303	12	1	13	381
CY207737.1	384	432	0	2	2	432
CY207737.1	394	2207	0	2	2	2207
CY207737.1	429	2192	5	13	18	429
CY207737.1	432	2195	0	1	1	2195
CY207737.1	465	2133	0	2	2	2133
CY207737.1	472	1224	1	0	1	472
CY207737.1	472	2119	1	0	1	472
CY207737.1	472	2142	0	1	1	2142
CY207737.1	492	2096	0	1	1	2096
CY207737.1	495	2079	0	1	1	2079
CY207737.1	507	2454	0	1	1	2454
CY207737.1	530	2188	5	2	7	530
CY207737.1	535	1021	1	0	1	535
CY207737.1	536	2239	6	0	6	536
CY207737.1	542	1868	1	0	1	542
CY207737.1	544	2039	0	2	2	2039
CY207737.1	559	2198	1	1	2	559
CY207737.1	565	1855	0	1	1	1855
CY207737.1	566	2012	2	1	3	566
CY207737.1	567	2210	2	4	6	567
CY207737.1	568	2226	4	1	5	568
CY207737.1	579	1135	1	0	1	579
CY207737.1	591	2322	1	0	1	591
CY207737.1	593	1830	0	1	1	1830
CY207737.1	602	1975	1	5	6	602
CY207737.1	614	1768	1	0	1	614
CY207737.1	615	1763	3	2	5	615
CY207737.1	615	2039	4	4	8	615
CY207737.1	645	1997	1	0	1	645
CY207737.1	646	2012	2	1	3	646
CY207737.1	646	2138	5	3	8	646
CY207737.1	647	2171	1	0	1	647
CY207737.1	659	1723	1	2	3	659
CY207737.1	682	1698	3	2	5	682
CY207737.1	684	1700	1	0	1	684
CY207737.1	685	2076	1	1	2	685
CY207737.1	688	2066	1	1	2	688
CY207737.1	706	1991	1	2	3	706
CY207737.1	724	2013	1	0	1	724
CY207737.1	733	1378	5	2	7	733
CY207737.1	735	2028	0	1	1	2028
CY207737.1	738	2018	0	3	3	2018
CY207737.1	744	2060	0	1	1	2060
CY207737.1	759	1961	0	1	1	1961
CY207737.1	760	1977	2	1	3	760
CY207737.1	760	1996	0	1	1	1996
CY207737.1	763	1648	3	1	4	763
CY207737.1	787	1900	1	0	1	787
CY207737.1	802	1957	3	8	11	802
CY207737.1	819	1832	1	2	3	819
CY207737.1	824	1828	0	1	1	1828
CY207737.1	827	1951	0	1	1	1951
CY207737.1	831	1371	1	0	1	831
CY207737.1	841	1867	3	2	5	841
CY207737.1	848	1582	1	0	1	848
CY207737.1	850	1827	0	1	1	1827
CY207737.1	861	1788	1	1	2	861
CY207737.1	871	1774	1	0	1	871
CY207737.1	873	1921	0	1	1	1921
CY207737.1	882	1768	3	1	4	882
CY207737.1	889	1868	2	4	6	889
CY207737.1	894	1578	2	1	3	894
CY207737.1	904	1875	0	1	1	1875
CY207737.1	910	2298	5	3	8	910
CY207737.1	916	1613	4	1	5	916
CY207737.1	919	2294	1	0	1	919
CY207737.1	920	1810	6	4	10	920
CY207737.1	941	1787	0	1	1	1787
CY207737.1	961	1819	2	1	3	961
CY207737.1	996	1999	0	1	1	1999
CY207738.1	1000	1842	0	1	1	1842
CY207738.1	1000	2072	0	3	3	2072
CY207738.1	1002	1803	1	2	3	1002
CY207738.1	1009	1682	2	0	2	1009
CY207738.1	1037	1614	2	1	3	1037
CY207738.1	1058	1643	0	1	1	1643
CY207738.1	1062	2248	1	1	2	1062
CY207738.1	1088	1498	1	0	1	1088
CY207738.1	1096	2114	1	0	1	1096
CY207738.1	1096	2231	1	0	1	1096
CY207738.1	1108	1709	1	0	1	1108
CY207738.1	1158	1869	1	0	1	1158
CY207738.1	1168	1255	0	1	1	1255
CY207738.1	1168	1637	0	1	1	1637
CY207738.1	1176	1753	1	0	1	1176
CY207738.1	1199	1854	1	0	1	1199
CY207738.1	1203	1665	1	0	1	1203
CY207738.1	1234	1665	1	0	1	1234
CY207738.1	1238	1403	0	1	1	1403
CY207738.1	1251	1391	1	0	1	1251
CY207738.1	1285	2178	1	1	2	1285
CY207738.1	1318	1879	1	0	1	1318
CY207738.1	1338	1900	0	1	1	1900
CY207738.1	1339	1459	0	1	1	1459
CY207738.1	1346	1705	1	0	1	1346
CY207738.1	1366	2314	1	0	1	1366
CY207738.1	1391	1797	1	0	1	1391
CY207738.1	1401	1438	0	1	1	1438
CY207738.1	1409	1996	1	2	3	1409
CY207738.1	1474	1616	1	0	1	1474
CY207738.1	1652	1702	1	1	2	1652
CY207738.1	1675	1705	0	1	1	1705
CY207738.1	1681	2491	0	2	2	2491
CY207738.1	1711	1841	0	1	1	1841
CY207738.1	1804	2322	0	1	1	2322
CY207738.1	1809	1846	0	2	2	1846
CY207738.1	1817	2338	1	0	1	1817
CY207738.1	2035	2300	0	1	1	2300
CY207738.1	2040	2073	0	1	1	2073
CY207738.1	2080	2303	0	1	1	2303
CY207738.1	2218	2391	2	0	2	2218
CY207738.1	2251	2336	0	1	1	2336
CY207738.1	2256	2326	1	0	1	2256
CY207738.1	2296	2479	0	4	4	2479
CY207738.1	2299	2324	0	2	2	2324
CY207738.1	240	1246	1	0	1	240
CY207738.1	241	1221	1	0	1	241
CY207738.1	244	1371	1	0	1	244
CY207738.1	279	2146	1	0	1	279
CY207738.1	318	2349	1	2	3	318
CY207738.1	322	1310	0	1	1	1310
CY207738.1	331	428	0	1	1	428
CY207738.1	332	1228	0	1	1	1228
CY207738.1	345	1089	1	0	1	345
CY207738.1	348	1221	0	1	1	1221
CY207738.1	350	821	0	1	1	821
CY207738.1	356	1083	0	1	1	1083
CY207738.1	359	1119	0	1	1	1119
CY207738.1	361	2373	1	1	2	361
CY207738.1	362	2331	7	9	16	362
CY207738.1	365	1684	0	1	1	1684
CY207738.1	365	2359	0	1	1	2359
CY207738.1	367	2277	0	7	7	2277
CY207738.1	379	405	0	1	1	405
CY207738.1	385	1877	1	2	3	385
CY207738.1	396	874	0	1	1	874
CY207738.1	402	927	1	0	1	402
CY207738.1	404	1808	0	1	1	1808
CY207738.1	408	1429	3	5	8	408
CY207738.1	408	2387	0	1	1	2387
CY207738.1	414	2221	0	1	1	2221
CY207738.1	419	1566	1	0	1	419
CY207738.1	419	2346	5	5	10	419
CY207738.1	431	2285	2	5	7	431
CY207738.1	440	1398	0	1	1	1398
CY207738.1	443	1662	1	0	1	443
CY207738.1	443	2423	0	3	3	2423
CY207738.1	445	860	0	1	1	860
CY207738.1	453	2221	25	56	81	453
CY207738.1	460	1291	0	1	1	1291
CY207738.1	463	2233	0	1	1	2233
CY207738.1	465	1672	0	1	1	1672
CY207738.1	467	1297	1	0	1	467
CY207738.1	468	2209	3	10	13	468
CY207738.1	470	1308	1	0	1	470
CY207738.1	471	2255	13	24	37	471
CY207738.1	473	2238	18	27	45	473
CY207738.1	477	1836	0	1	1	1836
CY207738.1	482	1698	0	1	1	1698
CY207738.1	483	1932	0	1	1	1932
CY207738.1	483	2250	5	7	12	483
CY207738.1	486	2332	8	2	10	486
CY207738.1	489	923	0	1	1	923
CY207738.1	490	1649	5	2	7	490
CY207738.1	490	703	0	1	1	703
CY207738.1	491	615	1	0	1	491
CY207738.1	493	643	1	0	1	493
CY207738.1	495	2210	3	7	10	495
CY207738.1	503	1871	5	6	11	503
CY207738.1	513	2196	1	2	3	513
CY207738.1	518	1432	0	1	1	1432
CY207738.1	518	2129	2	6	8	518
CY207738.1	518	2186	0	4	4	2186
CY207738.1	519	1055	1	0	1	519
CY207738.1	519	2162	0	1	1	2162
CY207738.1	523	2071	1	2	3	523
CY207738.1	525	1406	0	1	1	1406
CY207738.1	528	1891	0	1	1	1891
CY207738.1	530	2175	2	4	6	530
CY207738.1	534	1682	0	1	1	1682
CY207738.1	538	560	0	1	1	560
CY207738.1	557	1406	1	0	1	557
CY207738.1	561	2170	1	3	4	561
CY207738.1	565	2126	7	15	22	565
CY207738.1	565	2140	6	2	8	565
CY207738.1	566	2163	1	0	1	566
CY207738.1	570	2149	5	16	21	570
CY207738.1	575	2089	0	1	1	2089
CY207738.1	584	2002	1	3	4	584
CY207738.1	606	1998	0	1	1	1998
CY207738.1	606	2092	5	8	13	606
CY207738.1	609	1510	1	0	1	609
CY207738.1	627	1954	1	2	3	627
CY207738.1	628	2037	2	3	5	628
CY207738.1	640	1855	2	1	3	640
CY207738.1	642	850	1	0	1	642
CY207738.1	645	1943	1	0	1	645
CY207738.1	646	2027	2	3	5	646
CY207738.1	647	2336	1	0	1	647
CY207738.1	650	2119	0	1	1	2119
CY207738.1	653	1705	1	0	1	653
CY207738.1	654	2332	0	1	1	2332
CY207738.1	655	1252	0	3	3	1252
CY207738.1	657	2068	0	1	1	2068
CY207738.1	658	1936	10	14	24	658
CY207738.1	659	2020	0	3	3	2020
CY207738.1	662	1860	4	0	4	662
CY207738.1	669	1997	0	2	2	1997
CY207738.1	672	1971	7	8	15	672
CY207738.1	680	2113	0	1	1	2113
CY207738.1	693	2066	1	0	1	693
CY207738.1	695	1990	0	1	1	1990
CY207738.1	695	2340	0	1	1	2340
CY207738.1	696	1661	0	1	1	1661
CY207738.1	711	1351	1	0	1	711
CY207738.1	711	987	1	0	1	711
CY207738.1	717	1242	0	1	1	1242
CY207738.1	718	1898	2	0	2	718
CY207738.1	720	2019	2	4	6	720
CY207738.1	730	1892	1	0	1	730
CY207738.1	731	1945	0	2	2	1945
CY207738.1	732	2049	0	1	1	2049
CY207738.1	733	1914	1	0	1	733
CY207738.1	735	2359	1	0	1	735
CY207738.1	738	1933	2	3	5	738
CY207738.1	740	1924	28	29	57	740
CY207738.1	740	1928	2	2	4	740
CY207738.1	741	1348	0	1	1	1348
CY207738.1	747	2468	0	1	1	2468
CY207738.1	752	2043	1	0	1	752
CY207738.1	771	1960	1	2	3	771
CY207738.1	771	1988	0	2	2	1988
CY207738.1	778	1111	0	1	1	1111
CY207738.1	780	1813	1	0	1	780
CY207738.1	783	1793	1	0	1	783
CY207738.1	784	1631	0	1	1	1631
CY207738.1	784	1774	1	1	2	784
CY207738.1	790	1868	2	1	3	790
CY207738.1	797	1855	2	3	5	797
CY207738.1	818	1679	0	1	1	1679
CY207738.1	820	2043	1	0	1	820
CY207738.1	826	1998	4	6	10	826
CY207738.1	828	1831	4	3	7	828
CY207738.1	829	1598	2	0	2	829
CY207738.1	832	1825	1	0	1	832
CY207738.1	837	1768	1	0	1	837
CY207738.1	839	1814	2	0	2	839
CY207738.1	839	1867	4	3	7	839
CY207738.1	839	1871	1	0	1	839
CY207738.1	840	1928	1	3	4	840
CY207738.1	842	1773	38	21	59	842
CY207738.1	842	1927	1	0	1	842
CY207738.1	846	1892	0	2	2	1892
CY207738.1	848	1701	1	3	4	848
CY207738.1	849	2029	1	0	1	849
CY207738.1	850	1852	3	2	5	850
CY207738.1	850	1855	0	1	1	1855
CY207738.1	850	1860	4	2	6	850
CY207738.1	852	1783	0	1	1	1783
CY207738.1	855	1761	4	2	6	855
CY207738.1	855	1850	3	1	4	855
CY207738.1	855	2117	3	11	14	855
CY207738.1	856	1850	1	1	2	856
CY207738.1	856	1861	10	7	17	856
CY207738.1	870	2113	1	0	1	870
CY207738.1	870	2204	2	1	3	870
CY207738.1	877	2184	0	1	1	2184
CY207738.1	882	1992	0	1	1	1992
CY207738.1	895	1808	1	0	1	895
CY207738.1	896	1101	1	0	1	896
CY207738.1	898	1871	2	3	5	898
CY207738.1	899	1528	0	1	1	1528
CY207738.1	899	1813	4	5	9	899
CY207738.1	910	1723	2	0	2	910
CY207738.1	923	1213	0	1	1	1213
CY207738.1	928	1689	18	9	27	928
CY207738.1	933	2048	1	2	3	933
CY207738.1	943	2332	1	0	1	943
CY207738.1	945	1566	4	1	5	945
CY207738.1	946	1794	4	3	7	946
CY207738.1	947	1372	0	1	1	1372
CY207738.1	955	1196	0	1	1	1196
CY207738.1	960	1554	1	1	2	960
CY207738.1	964	1888	11	7	18	964
CY207738.1	965	1228	0	1	1	1228
CY207738.1	966	1890	0	1	1	1890
CY207738.1	971	1751	14	13	27	971
CY207738.1	975	1748	3	2	5	975
CY207738.1	985	1270	1	0	1	985
CY207738.1	988	1936	1	2	3	988
CY207738.1	989	1578	0	1	1	1578
CY207738.1	994	1840	6	0	6	994
