Segment	Start	Stop	Forward_support	Reverse_support	Total_support	Fuzz_factor
CY207731.1	1003	1303	0	1	1	1303
CY207731.1	1028	1195	1	1	2	1028
CY207731.1	1030	1461	1	0	1	1030
CY207731.1	1034	1679	0	1	1	1679
CY207731.1	1081	1273	1	0	1	1081
CY207731.1	1087	1604	1	0	1	1087
CY207731.1	1173	1233	0	1	1	1233
CY207731.1	1197	1668	1	0	1	1197
CY207731.1	1223	1907	0	1	1	1907
CY207731.1	1236	1376	1	0	1	1236
CY207731.1	1266	1648	0	1	1	1648
CY207731.1	1300	1412	1	2	3	1300
CY207731.1	1422	1657	0	1	1	1657
CY207731.1	1496	1603	1	0	1	1496
CY207731.1	1518	1762	0	1	1	1762
CY207731.1	1682	1803	1	0	1	1682
CY207731.1	1695	1746	1	0	1	1695
CY207731.1	1797	1824	0	2	2	1824
CY207731.1	1847	1885	0	1	1	1885
CY207731.1	244	1121	1	0	1	244
CY207731.1	254	1500	4	0	4	254
CY207731.1	257	684	1	0	1	257
CY207731.1	283	488	1	0	1	283
CY207731.1	285	1349	1	0	1	285
CY207731.1	289	527	1	0	1	289
CY207731.1	293	1510	2	0	2	293
CY207731.1	294	1056	1	0	1	294
CY207731.1	294	1515	16	2	18	294
CY207731.1	294	1669	1	0	1	294
CY207731.1	332	361	1	0	1	332
CY207731.1	344	860	0	1	1	860
CY207731.1	349	1515	0	1	1	1515
CY207731.1	350	1690	0	1	1	1690
CY207731.1	354	902	1	0	1	354
CY207731.1	369	1694	1	0	1	369
CY207731.1	369	396	1	0	1	369
CY207731.1	391	1154	1	0	1	391
CY207731.1	393	429	0	2	2	429
CY207731.1	394	1686	2	2	4	394
CY207731.1	429	1684	0	3	3	1684
CY207731.1	434	1205	1	0	1	434
CY207731.1	435	1690	0	1	1	1690
CY207731.1	440	1022	1	0	1	440
CY207731.1	449	1375	0	1	1	1375
CY207731.1	449	1431	0	1	1	1431
CY207731.1	449	525	1	0	1	449
CY207731.1	454	1505	0	1	1	1505
CY207731.1	455	1685	0	1	1	1685
CY207731.1	466	1681	1	0	1	466
CY207731.1	473	1511	1	0	1	473
CY207731.1	475	1650	1	0	1	475
CY207731.1	476	1577	0	1	1	1577
CY207731.1	477	565	0	1	1	565
CY207731.1	485	1651	0	1	1	1651
CY207731.1	489	978	2	4	6	489
CY207731.1	490	536	0	1	1	536
CY207731.1	493	702	0	1	1	702
CY207731.1	504	1099	0	1	1	1099
CY207731.1	511	1597	1	0	1	511
CY207731.1	520	1594	0	1	1	1594
CY207731.1	523	1492	1	0	1	523
CY207731.1	526	1165	2	0	2	526
CY207731.1	526	1243	1	0	1	526
CY207731.1	526	1608	2	0	2	526
CY207731.1	548	1416	1	0	1	548
CY207731.1	549	1761	0	2	2	1761
CY207731.1	561	1018	0	1	1	1018
CY207731.1	562	1396	0	3	3	1396
CY207731.1	565	1641	2	0	2	565
CY207731.1	568	1204	3	2	5	568
CY207731.1	569	1047	1	0	1	569
CY207731.1	571	655	1	0	1	571
CY207731.1	581	948	1	0	1	581
CY207731.1	588	1243	0	1	1	1243
CY207731.1	612	1195	1	0	1	612
CY207731.1	628	1358	1	0	1	628
CY207731.1	642	1702	1	0	1	642
CY207731.1	648	824	0	1	1	824
CY207731.1	650	1157	0	1	1	1157
CY207731.1	656	1873	0	1	1	1873
CY207731.1	671	1365	0	1	1	1365
CY207731.1	734	1564	0	1	1	1564
CY207731.1	737	1304	0	1	1	1304
CY207731.1	746	1293	4	2	6	746
CY207731.1	777	1679	0	1	1	1679
CY207731.1	779	1496	0	1	1	1496
CY207731.1	790	1736	0	2	2	1736
CY207731.1	806	1796	1	0	1	806
CY207731.1	810	1750	0	1	1	1750
CY207731.1	816	930	1	0	1	816
CY207731.1	870	1632	1	0	1	870
CY207731.1	874	1885	0	1	1	1885
CY207731.1	901	1749	0	1	1	1749
CY207731.1	916	1754	1	0	1	916
CY207731.1	937	1664	0	1	1	1664
CY207731.1	940	1090	1	0	1	940
CY207731.1	994	1452	1	0	1	994
CY207732.1	1003	1142	0	1	1	1142
CY207732.1	1064	1124	0	1	1	1124
CY207732.1	1107	1132	0	1	1	1132
CY207732.1	250	1067	0	1	1	1067
CY207732.1	268	550	4	0	4	268
CY207732.1	272	979	1	0	1	272
CY207732.1	275	848	15	1	16	275
CY207732.1	275	938	1	0	1	275
CY207732.1	276	849	3	0	3	276
CY207732.1	276	983	4	0	4	276
CY207732.1	278	702	1	0	1	278
CY207732.1	291	835	1	0	1	291
CY207732.1	299	1043	1	0	1	299
CY207732.1	301	834	1	0	1	301
CY207732.1	311	965	2	0	2	311
CY207732.1	314	800	1	0	1	314
CY207732.1	321	904	1	0	1	321
CY207732.1	337	920	1	2	3	337
CY207732.1	339	925	0	3	3	925
CY207732.1	344	413	0	1	1	413
CY207732.1	347	573	0	2	2	573
CY207732.1	358	786	0	1	1	786
CY207732.1	394	765	0	1	1	765
CY207732.1	403	581	0	1	1	581
CY207732.1	413	829	0	1	1	829
CY207732.1	415	856	0	1	1	856
CY207732.1	415	964	1	0	1	415
CY207732.1	429	850	0	1	1	850
CY207732.1	434	678	0	2	2	678
CY207732.1	439	624	0	1	1	624
CY207732.1	445	854	0	1	1	854
CY207732.1	445	863	1	0	1	445
CY207732.1	451	1053	0	1	1	1053
CY207732.1	453	1151	0	1	1	1151
CY207732.1	459	519	0	1	1	519
CY207732.1	468	1059	0	2	2	1059
CY207732.1	473	940	1	0	1	473
CY207732.1	486	834	1	0	1	486
CY207732.1	500	598	0	1	1	598
CY207732.1	540	835	0	1	1	835
CY207732.1	549	897	1	1	2	549
CY207732.1	553	959	0	1	1	959
CY207732.1	556	984	0	1	1	984
CY207732.1	581	632	1	0	1	581
CY207732.1	582	1172	0	1	1	1172
CY207732.1	585	802	0	1	1	802
CY207732.1	589	862	2	5	7	589
CY207732.1	590	785	0	1	1	785
CY207732.1	593	1023	1	0	1	593
CY207732.1	608	827	0	1	1	827
CY207732.1	613	708	0	2	2	708
CY207732.1	622	710	1	0	1	622
CY207732.1	627	1173	0	1	1	1173
CY207732.1	628	960	1	0	1	628
CY207732.1	629	957	2	0	2	629
CY207732.1	633	1160	0	1	1	1160
CY207732.1	679	815	5	4	9	679
CY207732.1	680	936	0	1	1	936
CY207732.1	681	964	1	0	1	681
CY207732.1	685	839	1	4	5	685
CY207732.1	693	1043	1	0	1	693
CY207732.1	699	854	0	1	1	854
CY207732.1	715	965	1	1	2	715
CY207732.1	716	789	0	1	1	789
CY207732.1	718	860	1	4	5	718
CY207732.1	721	756	0	1	1	756
CY207732.1	753	864	0	1	1	864
CY207732.1	781	910	1	1	2	781
CY207732.1	797	954	1	0	1	797
CY207732.1	798	864	1	0	1	798
CY207732.1	804	1014	0	1	1	1014
CY207732.1	824	850	0	1	1	850
CY207732.1	829	1082	1	0	1	829
CY207732.1	862	962	0	1	1	962
CY207732.1	919	1016	0	1	1	1016
CY207732.1	933	1019	0	1	1	1019
CY207733.1	1018	1074	1	0	1	1018
CY207733.1	1077	1566	0	1	1	1566
CY207733.1	1083	1204	1	0	1	1083
CY207733.1	1090	1184	1	0	1	1090
CY207733.1	1105	1208	1	0	1	1105
CY207733.1	1115	1331	0	1	1	1331
CY207733.1	1300	1498	1	0	1	1300
CY207733.1	1538	1570	0	1	1	1570
CY207733.1	283	583	1	0	1	283
CY207733.1	300	1428	1	0	1	300
CY207733.1	300	719	1	0	1	300
CY207733.1	304	1436	0	1	1	1436
CY207733.1	334	899	0	1	1	899
CY207733.1	335	1358	1	0	1	335
CY207733.1	338	1467	1	0	1	338
CY207733.1	339	1312	1	0	1	339
CY207733.1	396	1391	0	1	1	1391
CY207733.1	399	529	0	1	1	529
CY207733.1	400	1078	0	1	1	1078
CY207733.1	402	1215	0	1	1	1215
CY207733.1	404	1359	0	1	1	1359
CY207733.1	407	853	0	2	2	853
CY207733.1	436	1452	2	3	5	436
CY207733.1	443	718	0	1	1	718
CY207733.1	485	558	1	0	1	485
CY207733.1	489	723	1	0	1	489
CY207733.1	531	598	1	0	1	531
CY207733.1	542	837	0	1	1	837
CY207733.1	581	1034	1	0	1	581
CY207733.1	597	734	0	1	1	734
CY207733.1	617	770	0	1	1	770
CY207733.1	717	854	1	0	1	717
CY207733.1	730	1419	1	0	1	730
CY207733.1	740	1374	1	0	1	740
CY207733.1	790	1010	0	1	1	1010
CY207733.1	881	1407	1	0	1	881
CY207733.1	953	1587	0	1	1	1587
CY207733.1	954	987	0	1	1	987
CY207734.1	1012	1084	1	1	2	1012
CY207734.1	1021	1065	1	0	1	1021
CY207734.1	1071	1576	0	1	1	1576
CY207734.1	1076	1502	1	0	1	1076
CY207734.1	1114	1398	0	1	1	1398
CY207734.1	1123	1536	1	0	1	1123
CY207734.1	1124	1511	0	1	1	1511
CY207734.1	1126	1367	0	1	1	1367
CY207734.1	1130	1317	0	1	1	1317
CY207734.1	1155	1678	0	1	1	1678
CY207734.1	1221	1501	0	1	1	1501
CY207734.1	1249	1574	1	0	1	1249
CY207734.1	1305	1565	0	1	1	1565
CY207734.1	1422	1525	1	0	1	1422
CY207734.1	1422	1614	0	1	1	1614
CY207734.1	1425	1483	0	1	1	1483
CY207734.1	1435	1512	1	0	1	1435
CY207734.1	1442	1566	0	1	1	1566
CY207734.1	1562	1686	0	6	6	1686
CY207734.1	1604	1725	0	1	1	1725
CY207734.1	1624	1675	0	1	1	1675
CY207734.1	275	805	2	0	2	275
CY207734.1	280	1294	1	0	1	280
CY207734.1	282	1588	2	0	2	282
CY207734.1	282	817	1	0	1	282
CY207734.1	288	822	3	0	3	288
CY207734.1	349	1561	0	1	1	1561
CY207734.1	354	1538	1	0	1	354
CY207734.1	354	988	1	0	1	354
CY207734.1	360	1473	1	0	1	360
CY207734.1	364	1098	0	1	1	1098
CY207734.1	368	1502	0	1	1	1502
CY207734.1	388	1483	0	3	3	1483
CY207734.1	401	1519	1	0	1	401
CY207734.1	402	1587	1	1	2	402
CY207734.1	402	1692	0	1	1	1692
CY207734.1	402	1696	0	4	4	1696
CY207734.1	402	463	0	2	2	463
CY207734.1	402	925	1	0	1	402
CY207734.1	422	1185	0	2	2	1185
CY207734.1	422	896	0	2	2	896
CY207734.1	429	1361	0	1	1	1361
CY207734.1	429	1430	0	1	1	1430
CY207734.1	439	1355	0	1	1	1355
CY207734.1	441	1688	0	1	1	1688
CY207734.1	442	950	1	0	1	442
CY207734.1	443	1539	0	1	1	1539
CY207734.1	457	702	1	0	1	457
CY207734.1	461	836	0	1	1	836
CY207734.1	464	584	0	2	2	584
CY207734.1	465	1628	0	1	1	1628
CY207734.1	466	1696	0	1	1	1696
CY207734.1	466	533	0	1	1	533
CY207734.1	469	1395	1	0	1	469
CY207734.1	469	1472	1	2	3	469
CY207734.1	473	1362	0	1	1	1362
CY207734.1	478	1239	0	1	1	1239
CY207734.1	478	1441	2	3	5	478
CY207734.1	483	1606	0	1	1	1606
CY207734.1	485	1132	0	1	1	1132
CY207734.1	490	1404	0	1	1	1404
CY207734.1	520	1160	1	0	1	520
CY207734.1	520	841	1	0	1	520
CY207734.1	521	1101	1	0	1	521
CY207734.1	521	1422	0	1	1	1422
CY207734.1	522	1545	3	0	3	522
CY207734.1	536	773	1	0	1	536
CY207734.1	537	1145	0	1	1	1145
CY207734.1	550	767	0	1	1	767
CY207734.1	557	1686	0	1	1	1686
CY207734.1	561	1588	0	1	1	1588
CY207734.1	574	1413	0	1	1	1413
CY207734.1	587	1480	0	1	1	1480
CY207734.1	591	1271	0	1	1	1271
CY207734.1	620	812	1	0	1	620
CY207734.1	644	1667	0	1	1	1667
CY207734.1	663	723	0	1	1	723
CY207734.1	683	735	0	1	1	735
CY207734.1	721	962	1	0	1	721
CY207734.1	723	808	0	1	1	808
CY207734.1	725	986	0	1	1	986
CY207734.1	732	1466	0	1	1	1466
CY207734.1	737	1675	0	2	2	1675
CY207734.1	756	1641	0	1	1	1641
CY207734.1	772	829	1	0	1	772
CY207734.1	784	1186	1	0	1	784
CY207734.1	788	1095	1	0	1	788
CY207734.1	810	1228	2	0	2	810
CY207734.1	824	1049	0	1	1	1049
CY207734.1	825	1192	0	1	1	1192
CY207734.1	833	1511	2	1	3	833
CY207734.1	842	1623	0	1	1	1623
CY207734.1	847	1285	0	1	1	1285
CY207734.1	868	1647	1	0	1	868
CY207734.1	873	1204	1	0	1	873
CY207734.1	877	1558	1	0	1	877
CY207734.1	878	907	0	1	1	907
CY207734.1	894	1217	1	0	1	894
CY207734.1	896	1186	0	1	1	1186
CY207734.1	901	1202	1	0	1	901
CY207734.1	930	1404	0	1	1	1404
CY207734.1	934	1166	1	0	1	934
CY207734.1	939	1494	1	0	1	939
CY207734.1	941	1053	1	0	1	941
CY207734.1	961	1368	0	1	1	1368
CY207734.1	962	1048	1	0	1	962
CY207734.1	976	1509	1	0	1	976
CY207734.1	984	1626	0	1	1	1626
CY207734.1	997	1042	0	1	1	1042
CY207735.1	285	924	4	1	5	285
CY207735.1	340	1033	0	1	1	1033
CY207735.1	342	576	0	1	1	576
CY207735.1	389	536	0	1	1	536
CY207735.1	461	563	1	1	2	461
CY207735.1	481	716	1	0	1	481
CY207735.1	482	694	0	1	1	694
CY207735.1	511	740	12	39	51	511
CY207735.1	511	774	0	1	1	774
CY207735.1	519	746	0	3	3	746
CY207735.1	533	594	0	1	1	594
CY207735.1	548	839	1	0	1	548
CY207735.1	554	992	0	1	1	992
CY207735.1	555	882	0	1	1	882
CY207735.1	595	699	0	1	1	699
CY207735.1	683	855	0	1	1	855
CY207735.1	847	895	1	0	1	847
CY207735.1	916	1019	0	4	4	1019
CY207735.1	941	1002	0	1	1	1002
CY207735.1	960	988	0	1	1	988
CY207736.1	1003	2122	1	0	1	1003
CY207736.1	1021	1614	1	0	1	1021
CY207736.1	1029	1277	1	0	1	1029
CY207736.1	1047	1544	1	0	1	1047
CY207736.1	1051	1525	1	0	1	1051
CY207736.1	1054	2047	1	0	1	1054
CY207736.1	1072	2245	0	1	1	2245
CY207736.1	1073	2355	0	1	1	2355
CY207736.1	1076	1461	0	1	1	1461
CY207736.1	1078	1593	1	0	1	1078
CY207736.1	1092	2294	0	1	1	2294
CY207736.1	1095	2005	1	1	2	1095
CY207736.1	1101	1305	1	0	1	1101
CY207736.1	1106	2356	0	1	1	2356
CY207736.1	1119	1962	1	1	2	1119
CY207736.1	1120	1840	0	1	1	1840
CY207736.1	1128	2315	0	2	2	2315
CY207736.1	1208	2285	0	1	1	2285
CY207736.1	1226	1461	0	1	1	1461
CY207736.1	1234	2375	0	1	1	2375
CY207736.1	1258	1647	1	0	1	1258
CY207736.1	1276	2297	0	1	1	2297
CY207736.1	1289	1810	0	1	1	1810
CY207736.1	1313	2020	1	1	2	1313
CY207736.1	1314	2066	0	1	1	2066
CY207736.1	1371	1436	1	0	1	1371
CY207736.1	1374	1483	0	1	1	1483
CY207736.1	1456	1665	0	1	1	1665
CY207736.1	1509	1836	0	3	3	1836
CY207736.1	1510	2002	1	0	1	1510
CY207736.1	1531	1563	1	0	1	1531
CY207736.1	1566	1995	1	4	5	1566
CY207736.1	1573	1848	1	0	1	1573
CY207736.1	1662	2198	0	2	2	2198
CY207736.1	1697	1739	1	0	1	1697
CY207736.1	1760	1958	1	0	1	1760
CY207736.1	1789	2006	0	1	1	2006
CY207736.1	1862	1895	1	1	2	1862
CY207736.1	1877	2037	1	0	1	1877
CY207736.1	1879	2301	1	0	1	1879
CY207736.1	2006	2028	1	0	1	2006
CY207736.1	2013	2074	0	1	1	2074
CY207736.1	2087	2174	26	25	51	2087
CY207736.1	2109	2183	2	0	2	2109
CY207736.1	2122	2144	0	1	1	2144
CY207736.1	2131	2171	0	2	2	2171
CY207736.1	2132	2188	1	0	1	2132
CY207736.1	2139	2185	1	0	1	2139
CY207736.1	2144	2187	0	1	1	2187
CY207736.1	2167	2216	1	0	1	2167
CY207736.1	2221	2350	0	1	1	2350
CY207736.1	2257	2319	1	0	1	2257
CY207736.1	248	292	2	0	2	248
CY207736.1	249	314	2	0	2	249
CY207736.1	268	334	3	0	3	268
CY207736.1	278	1634	1	0	1	278
CY207736.1	279	311	1	0	1	279
CY207736.1	281	1354	1	0	1	281
CY207736.1	282	313	1	0	1	282
CY207736.1	288	2038	1	0	1	288
CY207736.1	303	409	1	0	1	303
CY207736.1	321	1915	1	0	1	321
CY207736.1	325	369	0	1	1	369
CY207736.1	331	2282	0	1	1	2282
CY207736.1	333	1097	1	1	2	333
CY207736.1	336	1401	1	0	1	336
CY207736.1	362	2171	0	1	1	2171
CY207736.1	363	2153	0	1	1	2153
CY207736.1	363	2182	1	0	1	363
CY207736.1	365	2143	1	0	1	365
CY207736.1	367	2160	0	8	8	2160
CY207736.1	375	2163	0	1	1	2163
CY207736.1	375	2251	0	3	3	2251
CY207736.1	380	2180	0	1	1	2180
CY207736.1	383	2170	0	2	2	2170
CY207736.1	383	2213	1	8	9	383
CY207736.1	385	2147	0	3	3	2147
CY207736.1	390	2141	0	1	1	2141
CY207736.1	392	2150	0	3	3	2150
CY207736.1	400	2084	1	9	10	400
CY207736.1	400	2163	1	8	9	400
CY207736.1	402	2142	0	1	1	2142
CY207736.1	403	2029	0	1	1	2029
CY207736.1	404	2164	0	1	1	2164
CY207736.1	408	2167	0	2	2	2167
CY207736.1	422	1747	0	1	1	1747
CY207736.1	436	2153	0	2	2	2153
CY207736.1	437	2149	0	1	1	2149
CY207736.1	443	2148	1	0	1	443
CY207736.1	445	1946	1	0	1	445
CY207736.1	451	995	1	0	1	451
CY207736.1	453	1089	1	1	2	453
CY207736.1	454	2141	0	2	2	2141
CY207736.1	459	2028	0	1	1	2028
CY207736.1	465	1705	0	1	1	1705
CY207736.1	473	501	13	1	14	473
CY207736.1	474	1693	1	0	1	474
CY207736.1	476	2065	0	1	1	2065
CY207736.1	477	555	0	1	1	555
CY207736.1	480	2137	0	3	3	2137
CY207736.1	482	2110	1	3	4	482
CY207736.1	483	1465	1	0	1	483
CY207736.1	487	2029	0	1	1	2029
CY207736.1	487	2040	0	1	1	2040
CY207736.1	490	1985	2	0	2	490
CY207736.1	490	2064	0	1	1	2064
CY207736.1	493	2038	0	1	1	2038
CY207736.1	497	648	0	1	1	648
CY207736.1	500	2028	0	2	2	2028
CY207736.1	500	2064	2	0	2	500
CY207736.1	500	2148	1	0	1	500
CY207736.1	512	2075	0	1	1	2075
CY207736.1	516	2080	0	1	1	2080
CY207736.1	531	886	1	0	1	531
CY207736.1	548	1844	1	0	1	548
CY207736.1	562	1700	1	0	1	562
CY207736.1	564	904	2	0	2	564
CY207736.1	565	1693	1	0	1	565
CY207736.1	566	648	0	1	1	648
CY207736.1	569	2360	0	1	1	2360
CY207736.1	572	658	0	1	1	658
CY207736.1	574	1733	4	0	4	574
CY207736.1	579	841	1	0	1	579
CY207736.1	583	2188	0	1	1	2188
CY207736.1	584	1509	1	0	1	584
CY207736.1	584	1961	3	0	3	584
CY207736.1	584	912	2	0	2	584
CY207736.1	585	2019	1	0	1	585
CY207736.1	587	1917	1	0	1	587
CY207736.1	596	2002	6	0	6	596
CY207736.1	598	904	1	0	1	598
CY207736.1	600	1134	1	0	1	600
CY207736.1	608	1945	1	0	1	608
CY207736.1	608	1950	1	0	1	608
CY207736.1	612	660	1	1	2	612
CY207736.1	621	1942	0	1	1	1942
CY207736.1	623	1702	4	1	5	623
CY207736.1	623	1938	2	0	2	623
CY207736.1	629	1863	0	1	1	1863
CY207736.1	632	1947	27	11	38	632
CY207736.1	637	1936	1	0	1	637
CY207736.1	644	1854	1	2	3	644
CY207736.1	657	1956	1	0	1	657
CY207736.1	659	1868	1	0	1	659
CY207736.1	665	2057	1	0	1	665
CY207736.1	667	2198	0	1	1	2198
CY207736.1	673	2063	0	1	1	2063
CY207736.1	678	1955	9	1	10	678
CY207736.1	679	1835	1	0	1	679
CY207736.1	679	2002	0	1	1	2002
CY207736.1	679	2028	1	2	3	679
CY207736.1	681	2004	0	1	1	2004
CY207736.1	684	1826	2	0	2	684
CY207736.1	686	1653	1	0	1	686
CY207736.1	686	1952	1	1	2	686
CY207736.1	689	1931	0	1	1	1931
CY207736.1	697	1922	0	1	1	1922
CY207736.1	699	1995	2	2	4	699
CY207736.1	709	1802	1	1	2	709
CY207736.1	710	1803	2	1	3	710
CY207736.1	717	1859	0	1	1	1859
CY207736.1	718	2036	1	0	1	718
CY207736.1	718	2189	1	0	1	718
CY207736.1	723	1994	4	2	6	723
CY207736.1	726	913	1	0	1	726
CY207736.1	728	1941	1	0	1	728
CY207736.1	733	1740	3	2	5	733
CY207736.1	739	1799	1	0	1	739
CY207736.1	745	1791	1	0	1	745
CY207736.1	759	2040	1	0	1	759
CY207736.1	764	1736	1	0	1	764
CY207736.1	767	1952	3	2	5	767
CY207736.1	776	2051	1	0	1	776
CY207736.1	822	1760	1	0	1	822
CY207736.1	825	2293	1	0	1	825
CY207736.1	832	1713	0	1	1	1713
CY207736.1	845	1749	0	1	1	1749
CY207736.1	850	1844	1	0	1	850
CY207736.1	869	2233	1	0	1	869
CY207736.1	886	1126	1	0	1	886
CY207736.1	893	1515	1	0	1	893
CY207736.1	905	1300	0	1	1	1300
CY207736.1	908	1667	1	1	2	908
CY207736.1	915	1617	1	1	2	915
CY207736.1	927	1636	0	1	1	1636
CY207736.1	929	1881	0	1	1	1881
CY207736.1	933	2254	1	0	1	933
CY207736.1	944	1649	1	0	1	944
CY207736.1	954	1011	1	0	1	954
CY207736.1	957	2248	0	1	1	2248
CY207736.1	962	1044	0	1	1	1044
CY207737.1	1012	1607	1	0	1	1012
CY207737.1	1023	1124	0	1	1	1124
CY207737.1	1026	1307	0	1	1	1307
CY207737.1	1038	1561	1	0	1	1038
CY207737.1	1038	2187	1	0	1	1038
CY207737.1	1041	1073	0	1	1	1073
CY207737.1	1177	1325	1	0	1	1177
CY207737.1	1306	2043	2	2	4	1306
CY207737.1	1333	1899	0	1	1	1899
CY207737.1	1338	1714	0	1	1	1714
CY207737.1	1365	1810	1	0	1	1365
CY207737.1	1365	2236	0	1	1	2236
CY207737.1	1447	1539	1	0	1	1447
CY207737.1	1450	2382	1	0	1	1450
CY207737.1	1460	2271	0	1	1	2271
CY207737.1	1517	2320	1	0	1	1517
CY207737.1	1531	2446	0	1	1	2446
CY207737.1	1714	1853	1	0	1	1714
CY207737.1	1959	2059	1	0	1	1959
CY207737.1	2028	2135	0	1	1	2135
CY207737.1	2135	2190	0	1	1	2190
CY207737.1	2214	2283	1	0	1	2214
CY207737.1	2276	2475	0	1	1	2475
CY207737.1	2282	2304	1	0	1	2282
CY207737.1	2332	2359	1	0	1	2332
CY207737.1	2363	2388	1	0	1	2363
CY207737.1	238	289	1	0	1	238
CY207737.1	240	2254	1	0	1	240
CY207737.1	241	294	2	0	2	241
CY207737.1	2421	2455	0	1	1	2455
CY207737.1	247	307	1	0	1	247
CY207737.1	258	2357	1	0	1	258
CY207737.1	278	2122	2	0	2	278
CY207737.1	291	2329	1	0	1	291
CY207737.1	312	2451	0	1	1	2451
CY207737.1	323	2084	1	0	1	323
CY207737.1	325	614	1	0	1	325
CY207737.1	330	2322	2	0	2	330
CY207737.1	331	2302	1	0	1	331
CY207737.1	351	2323	1	0	1	351
CY207737.1	355	2322	1	0	1	355
CY207737.1	370	2371	1	3	4	370
CY207737.1	392	2224	0	1	1	2224
CY207737.1	392	2325	1	0	1	392
CY207737.1	394	2207	0	1	1	2207
CY207737.1	426	2225	1	0	1	426
CY207737.1	430	2224	1	0	1	430
CY207737.1	436	2226	0	1	1	2226
CY207737.1	436	2322	2	0	2	436
CY207737.1	443	2302	1	0	1	443
CY207737.1	446	2322	1	0	1	446
CY207737.1	454	2205	1	0	1	454
CY207737.1	465	1983	0	1	1	1983
CY207737.1	471	1179	0	1	1	1179
CY207737.1	475	2208	1	1	2	475
CY207737.1	479	2274	0	1	1	2274
CY207737.1	480	2424	0	1	1	2424
CY207737.1	517	2121	0	2	2	2121
CY207737.1	519	1300	0	1	1	1300
CY207737.1	521	2121	0	1	1	2121
CY207737.1	620	2094	1	0	1	620
CY207737.1	645	1004	1	0	1	645
CY207737.1	647	1364	0	1	1	1364
CY207737.1	651	1068	0	1	1	1068
CY207737.1	666	1690	1	0	1	666
CY207737.1	682	1916	1	0	1	682
CY207737.1	738	1904	1	0	1	738
CY207737.1	754	1633	1	0	1	754
CY207737.1	795	1825	1	0	1	795
CY207737.1	805	1663	1	0	1	805
CY207737.1	832	1827	0	1	1	1827
CY207737.1	835	908	1	0	1	835
CY207737.1	839	1934	1	0	1	839
CY207737.1	855	1068	0	1	1	1068
CY207737.1	873	1187	1	0	1	873
CY207737.1	882	1669	1	0	1	882
CY207737.1	951	2086	0	1	1	2086
CY207737.1	954	1658	0	1	1	1658
CY207737.1	995	1053	1	0	1	995
CY207738.1	1044	1667	1	0	1	1044
CY207738.1	1046	2113	0	1	1	2113
CY207738.1	1062	2248	1	0	1	1062
CY207738.1	1090	2252	0	1	1	2252
CY207738.1	1123	1638	1	0	1	1123
CY207738.1	1169	2355	0	1	1	2355
CY207738.1	1283	2077	1	0	1	1283
CY207738.1	1369	1823	0	1	1	1823
CY207738.1	1432	1707	0	1	1	1707
CY207738.1	1553	2304	1	0	1	1553
CY207738.1	1569	1662	1	0	1	1569
CY207738.1	1598	2241	1	0	1	1598
CY207738.1	1682	2276	1	0	1	1682
CY207738.1	1702	2395	0	1	1	2395
CY207738.1	1761	2446	0	1	1	2446
CY207738.1	1777	1801	0	1	1	1801
CY207738.1	1878	1915	1	0	1	1878
CY207738.1	1895	2048	1	0	1	1895
CY207738.1	2311	2347	2	1	3	2311
CY207738.1	2349	2471	0	1	1	2471
CY207738.1	247	2015	1	0	1	247
CY207738.1	270	1534	1	0	1	270
CY207738.1	287	2030	5	1	6	287
CY207738.1	304	2256	0	1	1	2256
CY207738.1	325	704	1	0	1	325
CY207738.1	339	2328	1	0	1	339
CY207738.1	359	1739	0	1	1	1739
CY207738.1	364	1424	1	0	1	364
CY207738.1	381	1318	0	1	1	1318
CY207738.1	387	411	0	5	5	411
CY207738.1	392	1747	0	1	1	1747
CY207738.1	406	1907	0	1	1	1907
CY207738.1	409	1414	0	1	1	1414
CY207738.1	411	2118	0	1	1	2118
CY207738.1	415	2115	0	1	1	2115
CY207738.1	417	2371	0	2	2	2371
CY207738.1	422	1320	0	1	1	1320
CY207738.1	434	2193	0	1	1	2193
CY207738.1	436	2085	0	2	2	2085
CY207738.1	440	2196	0	2	2	2196
CY207738.1	442	638	0	1	1	638
CY207738.1	443	2280	0	1	1	2280
CY207738.1	453	2256	1	6	7	453
CY207738.1	456	2055	0	1	1	2055
CY207738.1	466	2170	1	1	2	466
CY207738.1	483	1854	1	0	1	483
CY207738.1	484	2210	0	1	1	2210
CY207738.1	491	2148	0	1	1	2148
CY207738.1	493	2118	0	1	1	2118
CY207738.1	505	2171	1	0	1	505
CY207738.1	522	2140	0	1	1	2140
CY207738.1	537	1732	1	0	1	537
CY207738.1	550	1011	0	1	1	1011
CY207738.1	566	2312	4	0	4	566
CY207738.1	581	1654	0	1	1	1654
CY207738.1	581	2020	0	1	1	2020
CY207738.1	582	1916	0	1	1	1916
CY207738.1	588	898	0	1	1	898
CY207738.1	590	1684	0	1	1	1684
CY207738.1	647	971	0	1	1	971
CY207738.1	654	2342	0	1	1	2342
CY207738.1	655	1521	0	1	1	1521
CY207738.1	667	1742	1	0	1	667
CY207738.1	674	2152	0	1	1	2152
CY207738.1	689	2364	1	0	1	689
CY207738.1	697	881	0	1	1	881
CY207738.1	712	1998	0	2	2	1998
CY207738.1	722	1643	3	0	3	722
CY207738.1	732	1942	1	0	1	732
CY207738.1	737	1945	1	0	1	737
CY207738.1	749	2086	0	1	1	2086
CY207738.1	757	1937	0	1	1	1937
CY207738.1	776	2223	1	0	1	776
CY207738.1	780	1813	1	0	1	780
CY207738.1	796	1877	0	1	1	1877
CY207738.1	809	1638	0	1	1	1638
CY207738.1	811	1451	1	0	1	811
CY207738.1	824	1840	1	1	2	824
CY207738.1	841	2008	1	0	1	841
CY207738.1	843	1694	1	0	1	843
CY207738.1	884	1777	0	2	2	1777
CY207738.1	907	2100	1	0	1	907
CY207738.1	913	1795	1	0	1	913
CY207738.1	945	1646	1	0	1	945
