Segment	Start	Stop	Forward_support	Reverse_support	Total_support	Fuzz_factor
CY207731.1	1000	1671	0	1	1	1671
CY207731.1	1003	1755	1	0	1	1003
CY207731.1	1007	1750	0	1	1	1750
CY207731.1	1271	1851	1	0	1	1271
CY207731.1	1276	1714	0	1	1	1714
CY207731.1	1284	1484	0	1	1	1484
CY207731.1	1301	1600	1	0	1	1301
CY207731.1	1388	1627	1	0	1	1388
CY207731.1	1458	1915	0	1	1	1915
CY207731.1	1549	1879	0	1	1	1879
CY207731.1	1699	1766	0	1	1	1766
CY207731.1	1778	1805	0	1	1	1805
CY207731.1	242	822	1	0	1	242
CY207731.1	246	1008	1	0	1	246
CY207731.1	276	495	1	0	1	276
CY207731.1	276	917	1	0	1	276
CY207731.1	286	1393	1	0	1	286
CY207731.1	318	1693	1	0	1	318
CY207731.1	327	415	0	1	1	415
CY207731.1	372	1582	0	1	1	1582
CY207731.1	384	901	0	1	1	901
CY207731.1	387	1039	1	0	1	387
CY207731.1	391	1330	1	0	1	391
CY207731.1	414	511	0	1	1	511
CY207731.1	421	1280	1	0	1	421
CY207731.1	450	781	0	1	1	781
CY207731.1	498	1828	0	1	1	1828
CY207731.1	501	1405	1	0	1	501
CY207731.1	516	581	0	1	1	581
CY207731.1	523	901	0	1	1	901
CY207731.1	542	1870	0	1	1	1870
CY207731.1	547	1061	0	24	24	1061
CY207731.1	584	878	1	0	1	584
CY207731.1	612	1021	1	0	1	612
CY207731.1	621	939	1	0	1	621
CY207731.1	625	1125	1	0	1	625
CY207731.1	642	1653	0	1	1	1653
CY207731.1	656	1634	0	1	1	1634
CY207731.1	658	1391	1	0	1	658
CY207731.1	685	1759	1	0	1	685
CY207731.1	685	945	0	1	1	945
CY207731.1	695	1780	0	1	1	1780
CY207731.1	696	1077	1	0	1	696
CY207731.1	724	1746	0	1	1	1746
CY207731.1	762	1656	0	1	1	1656
CY207731.1	808	966	1	0	1	808
CY207731.1	819	1353	0	1	1	1353
CY207731.1	837	1092	0	1	1	1092
CY207731.1	920	1199	1	0	1	920
CY207731.1	940	1225	1	0	1	940
CY207731.1	948	1320	0	1	1	1320
CY207732.1	271	877	1	0	1	271
CY207732.1	273	739	1	0	1	273
CY207732.1	274	628	1	0	1	274
CY207732.1	275	738	1	0	1	275
CY207732.1	341	760	1	0	1	341
CY207732.1	351	1024	0	1	1	1024
CY207732.1	363	483	1	0	1	363
CY207732.1	385	998	0	1	1	998
CY207732.1	393	526	0	1	1	526
CY207732.1	399	1066	1	0	1	399
CY207732.1	418	1094	0	1	1	1094
CY207732.1	419	919	1	0	1	419
CY207732.1	439	849	0	1	1	849
CY207732.1	443	727	0	1	1	727
CY207732.1	452	727	0	1	1	727
CY207732.1	452	846	0	1	1	846
CY207732.1	478	607	0	1	1	607
CY207732.1	478	708	1	0	1	478
CY207732.1	479	599	0	1	1	599
CY207732.1	483	627	4	26	30	483
CY207732.1	536	575	0	1	1	575
CY207732.1	560	587	1	0	1	560
CY207732.1	589	626	0	1	1	626
CY207732.1	616	997	1	0	1	616
CY207732.1	627	846	1	0	1	627
CY207732.1	628	894	0	1	1	894
CY207732.1	629	953	0	1	1	953
CY207732.1	674	796	1	0	1	674
CY207732.1	718	860	0	1	1	860
CY207732.1	721	1026	1	0	1	721
CY207732.1	758	956	0	1	1	956
CY207732.1	792	862	17	19	36	792
CY207732.1	797	869	1	0	1	797
CY207732.1	818	854	6	3	9	818
CY207732.1	836	890	1	0	1	836
CY207732.1	901	1088	1	0	1	901
CY207732.1	945	1154	0	1	1	1154
CY207732.1	965	1051	1	0	1	965
CY207733.1	1017	1060	1	0	1	1017
CY207733.1	1149	1442	0	1	1	1442
CY207733.1	1345	1424	1	0	1	1345
CY207733.1	318	1464	9	10	19	318
CY207733.1	440	516	1	0	1	440
CY207733.1	500	1328	0	1	1	1328
CY207733.1	504	543	0	1	1	543
CY207733.1	708	1142	0	1	1	1142
CY207733.1	745	1226	1	0	1	745
CY207733.1	777	1099	0	1	1	1099
CY207733.1	798	1183	0	1	1	1183
CY207733.1	837	966	1	0	1	837
CY207733.1	893	1407	1	0	1	893
CY207734.1	1006	1445	0	1	1	1445
CY207734.1	1013	1331	1	0	1	1013
CY207734.1	1046	1598	1	0	1	1046
CY207734.1	1181	1541	0	1	1	1541
CY207734.1	1469	1695	0	1	1	1695
CY207734.1	1566	1594	1	0	1	1566
CY207734.1	246	603	1	0	1	246
CY207734.1	254	1346	1	0	1	254
CY207734.1	269	438	1	0	1	269
CY207734.1	284	941	1	0	1	284
CY207734.1	290	867	1	0	1	290
CY207734.1	313	662	0	1	1	662
CY207734.1	337	371	0	1	1	371
CY207734.1	344	1146	0	1	1	1146
CY207734.1	345	1126	0	1	1	1126
CY207734.1	349	1208	1	0	1	349
CY207734.1	351	464	0	1	1	464
CY207734.1	358	1283	0	1	1	1283
CY207734.1	370	1155	0	1	1	1155
CY207734.1	377	902	0	1	1	902
CY207734.1	387	917	1	0	1	387
CY207734.1	394	817	0	1	1	817
CY207734.1	397	1385	1	0	1	397
CY207734.1	403	1063	0	1	1	1063
CY207734.1	414	534	0	1	1	534
CY207734.1	416	1294	0	1	1	1294
CY207734.1	459	580	0	1	1	580
CY207734.1	469	828	1	0	1	469
CY207734.1	478	1476	1	0	1	478
CY207734.1	479	529	4	18	22	479
CY207734.1	512	1016	1	0	1	512
CY207734.1	522	1101	1	0	1	522
CY207734.1	523	1351	0	1	1	1351
CY207734.1	555	1514	0	1	1	1514
CY207734.1	588	783	1	0	1	588
CY207734.1	592	1066	0	1	1	1066
CY207734.1	620	812	1	1	2	620
CY207734.1	657	1680	0	1	1	1680
CY207734.1	785	1159	0	1	1	1159
CY207734.1	841	1622	0	1	1	1622
CY207734.1	881	981	0	1	1	981
CY207734.1	906	934	0	1	1	934
CY207734.1	914	987	1	0	1	914
CY207734.1	982	1541	0	1	1	1541
CY207734.1	983	1254	0	1	1	1254
CY207735.1	236	864	2	0	2	236
CY207735.1	270	703	1	0	1	270
CY207735.1	314	358	0	1	1	358
CY207735.1	355	1007	0	1	1	1007
CY207735.1	393	766	0	1	1	766
CY207735.1	478	723	0	1	1	723
CY207735.1	511	740	65	93	158	511
CY207735.1	519	746	0	1	1	746
CY207735.1	539	571	1	0	1	539
CY207736.1	1022	1241	0	1	1	1241
CY207736.1	1029	1574	1	0	1	1029
CY207736.1	1072	1438	0	1	1	1438
CY207736.1	1079	1627	0	1	1	1627
CY207736.1	1086	1717	1	0	1	1086
CY207736.1	1089	1720	131	152	283	1089
CY207736.1	1137	1755	0	1	1	1755
CY207736.1	1169	1350	0	1	1	1350
CY207736.1	1219	2130	0	1	1	2130
CY207736.1	1323	1572	1	0	1	1323
CY207736.1	1343	1994	0	1	1	1994
CY207736.1	1497	2251	61	31	92	1497
CY207736.1	1607	2086	1	0	1	1607
CY207736.1	1653	1753	0	1	1	1753
CY207736.1	1871	2019	1	0	1	1871
CY207736.1	1910	1988	0	1	1	1988
CY207736.1	1926	2007	1	0	1	1926
CY207736.1	2106	2219	1	0	1	2106
CY207736.1	249	1896	1	0	1	249
CY207736.1	256	1904	1	0	1	256
CY207736.1	293	1914	1	0	1	293
CY207736.1	310	367	33	0	33	310
CY207736.1	332	1918	56	11	67	332
CY207736.1	353	1846	0	1	1	1846
CY207736.1	363	391	72	161	233	363
CY207736.1	368	1423	0	1	1	1423
CY207736.1	379	1713	0	1	1	1713
CY207736.1	383	1623	0	1	1	1623
CY207736.1	448	2063	15	38	53	448
CY207736.1	479	1254	1	0	1	479
CY207736.1	481	1189	1	0	1	481
CY207736.1	484	1876	1	0	1	484
CY207736.1	491	2010	1	0	1	491
CY207736.1	516	1178	1	0	1	516
CY207736.1	560	1692	1	0	1	560
CY207736.1	596	1549	0	1	1	1549
CY207736.1	686	1952	1	0	1	686
CY207736.1	699	1995	29	33	62	699
CY207736.1	735	1848	0	1	1	1848
CY207736.1	743	1243	0	1	1	1243
CY207736.1	744	1916	1	0	1	744
CY207736.1	810	1512	1	0	1	810
CY207736.1	814	1710	1	0	1	814
CY207736.1	818	1306	1	0	1	818
CY207737.1	1115	2250	1	0	1	1115
CY207737.1	1147	2350	1	0	1	1147
CY207737.1	1170	1597	0	1	1	1597
CY207737.1	1238	1763	0	1	1	1763
CY207737.1	1244	1292	0	1	1	1292
CY207737.1	1256	2042	0	1	1	2042
CY207737.1	1345	1701	0	1	1	1701
CY207737.1	1369	2449	0	1	1	2449
CY207737.1	1379	1568	1	0	1	1379
CY207737.1	1396	1543	0	1	1	1543
CY207737.1	247	358	58	0	58	247
CY207737.1	280	349	1	0	1	280
CY207737.1	365	846	1	0	1	365
CY207737.1	374	1569	0	1	1	1569
CY207737.1	521	2243	52	37	89	521
CY207737.1	591	1008	1	0	1	591
CY207737.1	593	1109	1	0	1	593
CY207737.1	626	1360	1	0	1	626
CY207737.1	640	2204	1	0	1	640
CY207737.1	674	772	1	0	1	674
CY207737.1	691	2120	32	29	61	691
CY207737.1	697	1461	0	1	1	1461
CY207737.1	697	1750	1	0	1	697
CY207737.1	737	1645	1	0	1	737
CY207737.1	753	1697	0	50	50	1697
CY207737.1	824	1920	0	1	1	1920
CY207737.1	849	1908	0	1	1	1908
CY207737.1	867	1728	1	0	1	867
CY207737.1	905	1774	1	0	1	905
CY207738.1	1024	2201	1	0	1	1024
CY207738.1	1061	1526	0	1	1	1526
CY207738.1	1073	1594	0	1	1	1594
CY207738.1	1074	1147	1	0	1	1074
CY207738.1	1122	1700	1	0	1	1122
CY207738.1	1175	1672	0	1	1	1672
CY207738.1	1228	1341	1	0	1	1228
CY207738.1	1574	2159	1	0	1	1574
CY207738.1	247	1778	1	0	1	247
CY207738.1	281	1867	43	2	45	281
CY207738.1	282	2304	1	0	1	282
CY207738.1	326	1843	0	1	1	1843
CY207738.1	361	2311	1	0	1	361
CY207738.1	372	726	0	1	1	726
CY207738.1	385	2489	0	2	2	2489
CY207738.1	396	2245	1	1	2	396
CY207738.1	412	2239	0	1	1	2239
CY207738.1	450	2161	1	0	1	450
CY207738.1	453	2164	61	183	244	453
CY207738.1	588	755	0	1	1	755
CY207738.1	618	1964	34	51	85	618
CY207738.1	646	1942	0	1	1	1942
CY207738.1	653	1992	0	1	1	1992
CY207738.1	750	2366	80	32	112	750
CY207738.1	777	913	0	1	1	913
CY207738.1	826	1517	1	0	1	826
CY207738.1	830	1560	1	0	1	830
CY207738.1	874	2234	1	0	1	874
CY207738.1	953	1282	1	0	1	953
CY207738.1	991	1924	1	0	1	991
