Segment	Start	Stop	Forward_support	Reverse_support	Total_support	Fuzz_factor
CY207731.1	1011	1808	1	0	1	1011
CY207731.1	1018	1819	0	1	1	1819
CY207731.1	1024	1680	1	0	1	1024
CY207731.1	1043	1891	0	1	1	1891
CY207731.1	1060	1143	1	0	1	1060
CY207731.1	1086	1587	0	1	1	1587
CY207731.1	1142	1854	0	1	1	1854
CY207731.1	1146	1734	0	1	1	1734
CY207731.1	1172	1371	0	1	1	1371
CY207731.1	1200	1565	1	0	1	1200
CY207731.1	1208	1245	1	0	1	1208
CY207731.1	1269	1793	1	0	1	1269
CY207731.1	1353	1762	0	1	1	1762
CY207731.1	1372	1484	1	0	1	1372
CY207731.1	1410	1682	0	1	1	1682
CY207731.1	1411	1621	0	1	1	1621
CY207731.1	1413	1598	0	1	1	1598
CY207731.1	1415	1437	11	4	15	1415
CY207731.1	1484	1508	0	1	1	1508
CY207731.1	1507	1872	0	1	1	1872
CY207731.1	1567	1629	0	1	1	1629
CY207731.1	1582	1773	0	1	1	1773
CY207731.1	1637	1786	0	1	1	1786
CY207731.1	256	1357	1	0	1	256
CY207731.1	270	675	1	0	1	270
CY207731.1	289	1164	1	0	1	289
CY207731.1	296	1499	1	0	1	296
CY207731.1	329	917	0	1	1	917
CY207731.1	351	507	0	1	1	507
CY207731.1	357	1431	1	0	1	357
CY207731.1	368	794	0	1	1	794
CY207731.1	369	563	0	1	1	563
CY207731.1	381	1057	0	1	1	1057
CY207731.1	407	758	0	1	1	758
CY207731.1	416	898	0	1	1	898
CY207731.1	442	1418	1	0	1	442
CY207731.1	442	1537	0	1	1	1537
CY207731.1	443	1288	0	1	1	1288
CY207731.1	484	766	0	1	1	766
CY207731.1	489	1830	1	0	1	489
CY207731.1	494	1615	1	0	1	494
CY207731.1	497	1244	0	1	1	1244
CY207731.1	521	1451	0	1	1	1451
CY207731.1	521	1668	1	0	1	521
CY207731.1	523	1381	0	1	1	1381
CY207731.1	528	972	1	0	1	528
CY207731.1	531	1370	0	1	1	1370
CY207731.1	531	636	0	1	1	636
CY207731.1	559	1352	0	1	1	1352
CY207731.1	564	1876	0	1	1	1876
CY207731.1	567	1619	26	28	54	567
CY207731.1	587	1691	1	0	1	587
CY207731.1	593	1246	0	1	1	1246
CY207731.1	642	833	0	1	1	833
CY207731.1	666	813	1	0	1	666
CY207731.1	669	892	0	1	1	892
CY207731.1	718	854	1	0	1	718
CY207731.1	789	837	1	0	1	789
CY207731.1	817	1764	0	1	1	1764
CY207731.1	820	1368	0	1	1	1368
CY207731.1	827	1753	1	0	1	827
CY207731.1	886	1386	1	0	1	886
CY207731.1	900	1178	1	0	1	900
CY207731.1	925	1710	1	0	1	925
CY207731.1	969	1368	15	19	34	969
CY207732.1	238	970	1	0	1	238
CY207732.1	259	574	1	0	1	259
CY207732.1	267	1014	1	0	1	267
CY207732.1	273	962	1	0	1	273
CY207732.1	282	520	1	0	1	282
CY207732.1	282	947	1	0	1	282
CY207732.1	288	326	1	0	1	288
CY207732.1	332	467	0	1	1	467
CY207732.1	334	578	1	0	1	334
CY207732.1	348	962	1	0	1	348
CY207732.1	361	1143	0	1	1	1143
CY207732.1	369	851	0	1	1	851
CY207732.1	374	976	0	1	1	976
CY207732.1	375	1015	0	1	1	1015
CY207732.1	376	425	1	0	1	376
CY207732.1	381	697	0	1	1	697
CY207732.1	389	900	0	1	1	900
CY207732.1	402	1050	0	1	1	1050
CY207732.1	403	811	0	1	1	811
CY207732.1	417	939	0	1	1	939
CY207732.1	432	468	1	0	1	432
CY207732.1	435	467	0	1	1	467
CY207732.1	453	534	1	0	1	453
CY207732.1	478	1161	0	1	1	1161
CY207732.1	478	879	1	0	1	478
CY207732.1	483	639	0	1	1	639
CY207732.1	486	872	1	0	1	486
CY207732.1	489	1097	0	1	1	1097
CY207732.1	497	573	0	1	1	573
CY207732.1	501	1066	1	0	1	501
CY207732.1	538	986	1	0	1	538
CY207732.1	552	617	0	1	1	617
CY207732.1	556	704	0	1	1	704
CY207732.1	565	936	1	0	1	565
CY207732.1	572	706	11	15	26	572
CY207732.1	573	1081	1	0	1	573
CY207732.1	578	1030	1	0	1	578
CY207732.1	592	614	0	1	1	614
CY207732.1	593	1023	7	1	8	593
CY207732.1	604	662	0	1	1	662
CY207732.1	629	800	1	0	1	629
CY207732.1	654	756	0	1	1	756
CY207732.1	666	1052	0	1	1	1052
CY207732.1	679	815	11	11	22	679
CY207732.1	715	965	18	19	37	715
CY207732.1	717	760	3	16	19	717
CY207732.1	718	791	3	5	8	718
CY207732.1	718	860	1	1	2	718
CY207732.1	746	1016	1	0	1	746
CY207732.1	767	834	1	0	1	767
CY207732.1	787	966	1	0	1	787
CY207732.1	790	1170	0	1	1	1170
CY207732.1	797	1057	1	0	1	797
CY207732.1	797	892	1	0	1	797
CY207732.1	815	1131	0	1	1	1131
CY207732.1	856	965	5	2	7	856
CY207732.1	880	1169	0	1	1	1169
CY207732.1	892	1028	0	1	1	1028
CY207732.1	900	926	1	0	1	900
CY207732.1	923	981	1	0	1	923
CY207732.1	929	1055	1	0	1	929
CY207732.1	933	1019	5	3	8	933
CY207732.1	935	963	4	5	9	935
CY207732.1	991	1044	5	2	7	991
CY207733.1	1033	1240	0	1	1	1240
CY207733.1	1267	1292	1	0	1	1267
CY207733.1	1332	1454	1	0	1	1332
CY207733.1	1460	1504	0	1	1	1504
CY207733.1	282	1445	1	0	1	282
CY207733.1	352	801	1	0	1	352
CY207733.1	441	953	0	1	1	953
CY207733.1	503	1443	1	0	1	503
CY207733.1	507	544	1	0	1	507
CY207733.1	758	1202	0	1	1	1202
CY207733.1	811	1041	0	1	1	1041
CY207733.1	871	1414	1	0	1	871
CY207733.1	955	1041	1	2	3	955
CY207734.1	1085	1412	0	1	1	1412
CY207734.1	1128	1213	0	1	1	1213
CY207734.1	1128	1577	0	1	1	1577
CY207734.1	1139	1393	0	1	1	1393
CY207734.1	1151	1206	1	0	1	1151
CY207734.1	1317	1368	0	1	1	1368
CY207734.1	1418	1608	0	1	1	1608
CY207734.1	1462	1618	1	0	1	1462
CY207734.1	1492	1524	0	1	1	1524
CY207734.1	1608	1690	0	1	1	1690
CY207734.1	246	603	1	0	1	246
CY207734.1	255	1030	1	0	1	255
CY207734.1	258	1108	1	0	1	258
CY207734.1	267	477	1	0	1	267
CY207734.1	275	1126	1	0	1	275
CY207734.1	278	543	1	0	1	278
CY207734.1	280	1465	1	0	1	280
CY207734.1	290	1398	1	0	1	290
CY207734.1	290	747	1	0	1	290
CY207734.1	312	1370	0	1	1	1370
CY207734.1	351	1499	1	0	1	351
CY207734.1	351	609	1	0	1	351
CY207734.1	359	396	1	0	1	359
CY207734.1	365	1483	18	55	73	365
CY207734.1	376	1540	0	1	1	1540
CY207734.1	400	777	0	1	1	777
CY207734.1	401	1432	0	1	1	1432
CY207734.1	402	548	0	1	1	548
CY207734.1	410	1095	0	1	1	1095
CY207734.1	450	1316	0	1	1	1316
CY207734.1	452	892	0	1	1	892
CY207734.1	464	1326	1	0	1	464
CY207734.1	466	1550	0	1	1	1550
CY207734.1	469	720	0	1	1	720
CY207734.1	476	505	1	0	1	476
CY207734.1	481	884	0	1	1	884
CY207734.1	497	1140	0	1	1	1140
CY207734.1	499	672	0	1	1	672
CY207734.1	521	1565	20	10	30	521
CY207734.1	557	1312	1	0	1	557
CY207734.1	733	1141	1	0	1	733
CY207734.1	772	1708	0	1	1	1708
CY207734.1	779	1140	0	1	1	1140
CY207734.1	814	1578	1	0	1	814
CY207734.1	837	1530	1	0	1	837
CY207734.1	846	1719	0	1	1	1719
CY207734.1	878	1592	1	0	1	878
CY207734.1	961	1274	0	1	1	1274
CY207734.1	966	1051	0	1	1	1051
CY207734.1	998	1436	1	0	1	998
CY207735.1	252	792	1	0	1	252
CY207735.1	311	357	0	1	1	357
CY207735.1	330	957	0	2	2	957
CY207735.1	417	712	0	1	1	712
CY207735.1	470	705	1	0	1	470
CY207735.1	491	561	0	1	1	561
CY207735.1	499	729	3	0	3	499
CY207735.1	511	740	43	85	128	511
CY207735.1	519	746	5	14	19	519
CY207735.1	533	757	1	0	1	533
CY207735.1	716	817	1	0	1	716
CY207736.1	1047	1084	0	1	1	1084
CY207736.1	1054	2070	0	1	1	2070
CY207736.1	1076	1397	0	1	1	1397
CY207736.1	1078	1732	0	1	1	1732
CY207736.1	1082	2071	0	1	1	2071
CY207736.1	1088	2370	0	1	1	2370
CY207736.1	1092	2294	2	3	5	1092
CY207736.1	1127	1279	1	0	1	1127
CY207736.1	1151	1952	1	0	1	1151
CY207736.1	1160	1300	1	0	1	1160
CY207736.1	1169	2042	1	0	1	1169
CY207736.1	1235	2203	1	0	1	1235
CY207736.1	1316	2246	0	1	1	2246
CY207736.1	1375	1995	14	23	37	1375
CY207736.1	1394	2014	0	1	1	2014
CY207736.1	1437	1537	1	0	1	1437
CY207736.1	1443	2343	0	1	1	2343
CY207736.1	1512	1632	0	1	1	1632
CY207736.1	1565	2203	1	0	1	1565
CY207736.1	1605	1959	0	1	1	1959
CY207736.1	1635	1868	0	1	1	1868
CY207736.1	1663	1896	0	1	1	1896
CY207736.1	1708	1772	0	1	1	1772
CY207736.1	1746	1997	3	14	17	1746
CY207736.1	1870	2269	0	1	1	2269
CY207736.1	1888	2043	1	0	1	1888
CY207736.1	2044	2233	0	1	1	2233
CY207736.1	2148	2232	1	0	1	2148
CY207736.1	2215	2271	0	42	42	2271
CY207736.1	241	2245	1	0	1	241
CY207736.1	266	2253	1	0	1	266
CY207736.1	297	2258	0	2	2	2258
CY207736.1	303	2269	0	1	1	2269
CY207736.1	326	355	4	0	4	326
CY207736.1	333	2171	0	19	19	2171
CY207736.1	334	2102	11	3	14	334
CY207736.1	334	2148	2	67	69	334
CY207736.1	334	2230	0	4	4	2230
CY207736.1	335	365	0	1	1	365
CY207736.1	348	817	1	0	1	348
CY207736.1	358	1041	1	0	1	358
CY207736.1	362	2215	126	221	347	362
CY207736.1	367	2160	0	1	1	2160
CY207736.1	368	977	0	1	1	977
CY207736.1	379	1798	1	0	1	379
CY207736.1	381	1735	1	0	1	381
CY207736.1	387	2043	1	0	1	387
CY207736.1	392	2246	0	1	1	2246
CY207736.1	392	459	7	12	19	392
CY207736.1	393	476	1	0	1	393
CY207736.1	421	1161	0	1	1	1161
CY207736.1	424	1161	1	0	1	424
CY207736.1	427	472	3	0	3	427
CY207736.1	435	2228	1	0	1	435
CY207736.1	436	2089	6	73	79	436
CY207736.1	439	2031	3	0	3	439
CY207736.1	439	461	46	2	48	439
CY207736.1	440	462	0	1	1	462
CY207736.1	455	2108	13	14	27	455
CY207736.1	458	2238	74	35	109	458
CY207736.1	472	2050	8	22	30	472
CY207736.1	473	2072	1	0	1	473
CY207736.1	473	2125	4	6	10	473
CY207736.1	474	2253	0	1	1	2253
CY207736.1	475	515	17	25	42	475
CY207736.1	482	2098	29	11	40	482
CY207736.1	484	2238	1	0	1	484
CY207736.1	500	539	27	1	28	500
CY207736.1	507	2141	49	76	125	507
CY207736.1	513	557	9	1	10	513
CY207736.1	515	1608	0	1	1	1608
CY207736.1	518	585	1	0	1	518
CY207736.1	546	1894	14	4	18	546
CY207736.1	551	1914	2	0	2	551
CY207736.1	555	2034	8	5	13	555
CY207736.1	559	1924	1	0	1	559
CY207736.1	569	1746	1	0	1	569
CY207736.1	574	1733	1	0	1	574
CY207736.1	578	1943	1	0	1	578
CY207736.1	580	1892	1	0	1	580
CY207736.1	581	1946	25	15	40	581
CY207736.1	585	1509	0	1	1	1509
CY207736.1	585	1916	88	16	104	585
CY207736.1	586	1917	1	1	2	586
CY207736.1	590	1923	0	1	1	1923
CY207736.1	592	1898	1	0	1	592
CY207736.1	597	1762	11	11	22	597
CY207736.1	611	1909	14	14	28	611
CY207736.1	618	1917	23	12	35	618
CY207736.1	633	1746	1	0	1	633
CY207736.1	665	1761	54	65	119	665
CY207736.1	679	1835	2	0	2	679
CY207736.1	679	1860	1	0	1	679
CY207736.1	684	1839	0	1	1	1839
CY207736.1	684	1870	29	37	66	684
CY207736.1	685	1793	12	8	20	685
CY207736.1	685	1871	0	1	1	1871
CY207736.1	686	1791	0	1	1	1791
CY207736.1	694	1882	7	7	14	694
CY207736.1	696	1899	0	1	1	1899
CY207736.1	700	1769	0	1	1	1769
CY207736.1	709	1636	3	2	5	709
CY207736.1	710	1864	7	7	14	710
CY207736.1	722	1649	0	1	1	1649
CY207736.1	733	2116	0	1	1	2116
CY207736.1	737	1872	3	5	8	737
CY207736.1	743	770	1	0	1	743
CY207736.1	772	1963	2	1	3	772
CY207736.1	797	1308	1	0	1	797
CY207736.1	797	2218	1	0	1	797
CY207736.1	811	1348	1	0	1	811
CY207736.1	811	2020	1	0	1	811
CY207736.1	819	881	0	1	1	881
CY207736.1	825	2293	2	0	2	825
CY207736.1	831	1308	1	0	1	831
CY207736.1	842	1152	0	1	1	1152
CY207736.1	853	1383	1	0	1	853
CY207736.1	854	1372	0	1	1	1372
CY207736.1	875	2344	0	1	1	2344
CY207736.1	876	2104	0	1	1	2104
CY207736.1	894	2303	4	7	11	894
CY207736.1	906	1704	1	0	1	906
CY207736.1	922	1269	1	0	1	922
CY207736.1	925	1173	1	0	1	925
CY207736.1	933	1880	0	1	1	1880
CY207736.1	982	1597	0	1	1	1597
CY207737.1	1306	1379	1	0	1	1306
CY207737.1	1393	1467	4	0	4	1393
CY207737.1	1403	2310	0	1	1	2310
CY207737.1	1465	2266	1	0	1	1465
CY207737.1	1543	1800	0	1	1	1800
CY207737.1	1652	1791	0	1	1	1791
CY207737.1	1660	2259	0	1	1	2259
CY207737.1	2183	2382	1	0	1	2183
CY207737.1	247	2186	68	3	71	247
CY207737.1	258	414	1	0	1	258
CY207737.1	318	453	1	0	1	318
CY207737.1	339	487	0	1	1	487
CY207737.1	342	2464	0	1	1	2464
CY207737.1	376	909	0	1	1	909
CY207737.1	378	1275	0	1	1	1275
CY207737.1	393	2008	2	1	3	393
CY207737.1	411	1163	1	0	1	411
CY207737.1	461	955	1	0	1	461
CY207737.1	481	1339	0	1	1	1339
CY207737.1	501	718	1	0	1	501
CY207737.1	571	1233	1	0	1	571
CY207737.1	572	1219	0	1	1	1219
CY207737.1	626	1819	0	1	1	1819
CY207737.1	665	2046	10	5	15	665
CY207737.1	686	2179	8	7	15	686
CY207737.1	701	1624	1	0	1	701
CY207737.1	732	2367	1	0	1	732
CY207737.1	740	1521	0	1	1	1521
CY207737.1	757	1742	1	0	1	757
CY207737.1	790	1757	23	22	45	790
CY207737.1	853	1216	0	1	1	1216
CY207737.1	895	1892	0	1	1	1892
CY207737.1	904	1926	0	1	1	1926
CY207737.1	949	1360	1	0	1	949
CY207737.1	959	1656	0	1	1	1656
CY207737.1	985	1015	0	1	1	1015
CY207738.1	1022	1064	1	0	1	1022
CY207738.1	1028	1927	0	1	1	1927
CY207738.1	1040	2463	0	1	1	2463
CY207738.1	1119	1773	1	0	1	1119
CY207738.1	1151	1780	0	1	1	1780
CY207738.1	1152	1664	1	0	1	1152
CY207738.1	1199	1660	1	0	1	1199
CY207738.1	1220	2468	0	1	1	2468
CY207738.1	1290	2347	1	0	1	1290
CY207738.1	1300	2086	1	0	1	1300
CY207738.1	1363	2333	1	0	1	1363
CY207738.1	1367	2361	0	1	1	2361
CY207738.1	1372	2200	0	1	1	2200
CY207738.1	1406	2369	1	0	1	1406
CY207738.1	1413	2030	0	1	1	2030
CY207738.1	1430	1554	0	1	1	1554
CY207738.1	1558	2190	0	1	1	2190
CY207738.1	1571	2233	1	0	1	1571
CY207738.1	1652	2059	1	0	1	1652
CY207738.1	1749	2371	1	0	1	1749
CY207738.1	2000	2063	1	0	1	2000
CY207738.1	2046	2185	0	1	1	2185
CY207738.1	2087	2387	0	1	1	2387
CY207738.1	2177	2407	5	2	7	2177
CY207738.1	2256	2326	4	2	6	2256
CY207738.1	285	2304	1	0	1	285
CY207738.1	288	407	1	0	1	288
CY207738.1	299	2202	8	10	18	299
CY207738.1	321	1678	0	1	1	1678
CY207738.1	330	2340	6	12	18	330
CY207738.1	332	1228	0	1	1	1228
CY207738.1	332	2342	0	1	1	2342
CY207738.1	340	784	1	0	1	340
CY207738.1	344	1240	1	0	1	344
CY207738.1	346	2189	0	1	1	2189
CY207738.1	373	1763	1	0	1	373
CY207738.1	373	2278	1	80	81	373
CY207738.1	376	1594	1	0	1	376
CY207738.1	376	465	1	0	1	376
CY207738.1	378	1966	0	1	1	1966
CY207738.1	383	2359	0	1	1	2359
CY207738.1	390	742	1	0	1	390
CY207738.1	393	1694	0	1	1	1694
CY207738.1	397	1129	1	0	1	397
CY207738.1	407	1352	0	1	1	1352
CY207738.1	429	2171	16	92	108	429
CY207738.1	432	1712	0	1	1	1712
CY207738.1	439	858	0	1	1	858
CY207738.1	441	1756	0	1	1	1756
CY207738.1	449	1700	1	0	1	449
CY207738.1	454	2021	0	1	1	2021
CY207738.1	467	2160	1	0	1	467
CY207738.1	473	2238	1	0	1	473
CY207738.1	476	2263	18	32	50	476
CY207738.1	481	2153	5	1	6	481
CY207738.1	489	1049	0	1	1	1049
CY207738.1	489	2338	1	0	1	489
CY207738.1	492	2110	1	0	1	492
CY207738.1	511	2168	1	1	2	511
CY207738.1	513	2170	276	431	707	513
CY207738.1	516	2173	0	5	5	2173
CY207738.1	522	1952	1	0	1	522
CY207738.1	522	2179	0	7	7	2179
CY207738.1	525	2077	38	130	168	525
CY207738.1	526	2078	0	1	1	2078
CY207738.1	528	1891	1	0	1	528
CY207738.1	528	1952	1	0	1	528
CY207738.1	540	1966	27	20	47	540
CY207738.1	542	2203	21	19	40	542
CY207738.1	550	1976	0	1	1	1976
CY207738.1	569	2193	0	1	1	2193
CY207738.1	583	2241	1	0	1	583
CY207738.1	643	2140	0	1	1	2140
CY207738.1	643	2204	0	1	1	2204
CY207738.1	646	2023	7	12	19	646
CY207738.1	661	2134	0	1	1	2134
CY207738.1	697	2043	0	1	1	2043
CY207738.1	709	1957	7	23	30	709
CY207738.1	711	1819	1	0	1	711
CY207738.1	721	1241	1	0	1	721
CY207738.1	728	1022	1	0	1	728
CY207738.1	730	1181	1	0	1	730
CY207738.1	731	1992	1	0	1	731
CY207738.1	734	1829	1	0	1	734
CY207738.1	755	1886	16	22	38	755
CY207738.1	780	1913	23	13	36	780
CY207738.1	786	1641	0	1	1	1641
CY207738.1	792	2107	3	10	13	792
CY207738.1	798	2114	1	1	2	798
CY207738.1	840	2059	0	1	1	2059
CY207738.1	872	2384	0	1	1	2384
CY207738.1	876	2133	1	0	1	876
CY207738.1	878	2082	0	1	1	2082
CY207738.1	896	1101	1	0	1	896
CY207738.1	916	996	0	1	1	996
CY207738.1	925	1578	23	17	40	925
CY207738.1	925	2137	1	0	1	925
CY207738.1	972	1870	1	0	1	972
CY207738.1	983	2300	1	0	1	983
CY207738.1	990	1197	1	0	1	990
