Segment	Start	Stop	Forward_support	Reverse_support	Total_support	Fuzz_factor
CY207731.1	1038	1685	1	0	1	1038
CY207731.1	1056	1556	1	0	1	1056
CY207731.1	1084	1883	0	1	1	1883
CY207731.1	1656	1694	1	0	1	1656
CY207731.1	270	1334	1	0	1	270
CY207731.1	292	1648	1	0	1	292
CY207731.1	293	1763	19	7	26	293
CY207731.1	372	1892	0	1	1	1892
CY207731.1	386	1006	0	1	1	1006
CY207731.1	430	1085	0	1	1	1085
CY207731.1	430	527	0	1	1	527
CY207731.1	439	1422	0	1	1	1422
CY207731.1	446	1192	0	1	1	1192
CY207731.1	451	1877	0	1	1	1877
CY207731.1	509	1226	1	0	1	509
CY207731.1	526	1243	14	19	33	526
CY207731.1	591	1039	1	0	1	591
CY207731.1	616	938	0	1	1	938
CY207731.1	726	1445	1	0	1	726
CY207731.1	753	866	0	1	1	866
CY207731.1	767	1784	1	0	1	767
CY207731.1	778	1408	1	0	1	778
CY207731.1	809	1520	0	1	1	1520
CY207731.1	984	1177	1	0	1	984
CY207732.1	1081	1133	0	1	1	1133
CY207732.1	246	1061	1	0	1	246
CY207732.1	258	419	1	0	1	258
CY207732.1	258	820	1	0	1	258
CY207732.1	269	668	1	0	1	269
CY207732.1	273	529	1	0	1	273
CY207732.1	274	974	1	0	1	274
CY207732.1	320	936	0	1	1	936
CY207732.1	333	679	0	1	1	679
CY207732.1	347	573	8	28	36	347
CY207732.1	372	678	0	1	1	678
CY207732.1	382	981	0	1	1	981
CY207732.1	387	666	0	1	1	666
CY207732.1	392	493	1	0	1	392
CY207732.1	394	873	0	1	1	873
CY207732.1	407	1169	0	1	1	1169
CY207732.1	446	1074	0	1	1	1074
CY207732.1	454	902	1	0	1	454
CY207732.1	477	1144	0	1	1	1144
CY207732.1	478	815	1	0	1	478
CY207732.1	482	1053	1	0	1	482
CY207732.1	485	953	0	1	1	953
CY207732.1	486	954	16	22	38	486
CY207732.1	500	1058	1	0	1	500
CY207732.1	506	694	0	1	1	694
CY207732.1	507	777	1	0	1	507
CY207732.1	540	666	0	1	1	666
CY207732.1	566	604	0	1	1	604
CY207732.1	579	792	0	1	1	792
CY207732.1	676	961	0	1	1	961
CY207732.1	714	779	4	7	11	714
CY207732.1	734	1052	1	0	1	734
CY207732.1	759	859	4	2	6	759
CY207732.1	764	1015	0	1	1	1015
CY207732.1	765	938	0	1	1	938
CY207732.1	818	964	0	1	1	964
CY207732.1	827	1146	0	1	1	1146
CY207732.1	982	1137	0	1	1	1137
CY207733.1	1386	1418	14	19	33	1386
CY207733.1	1433	1594	0	1	1	1594
CY207733.1	270	1394	1	0	1	270
CY207733.1	343	819	0	1	1	819
CY207733.1	399	1465	0	1	1	1465
CY207733.1	488	1470	1	0	1	488
CY207733.1	553	1417	1	0	1	553
CY207733.1	574	1589	0	1	1	1589
CY207733.1	720	1190	1	0	1	720
CY207733.1	849	1151	0	1	1	1151
CY207733.1	861	1500	0	1	1	1500
CY207733.1	997	1363	0	1	1	1363
CY207734.1	1376	1442	1	0	1	1376
CY207734.1	245	1521	2	0	2	245
CY207734.1	260	1136	1	0	1	260
CY207734.1	281	1356	1	0	1	281
CY207734.1	282	347	1	0	1	282
CY207734.1	283	1536	1	0	1	283
CY207734.1	324	1702	0	1	1	1702
CY207734.1	334	1546	20	37	57	334
CY207734.1	374	1410	1	0	1	374
CY207734.1	387	1330	0	1	1	1330
CY207734.1	401	1073	0	1	1	1073
CY207734.1	421	940	0	1	1	940
CY207734.1	439	576	0	1	1	576
CY207734.1	507	1299	0	1	1	1299
CY207734.1	522	942	1	0	1	522
CY207734.1	526	1412	15	26	41	526
CY207734.1	536	1416	1	0	1	536
CY207734.1	587	712	1	0	1	587
CY207734.1	847	1304	0	1	1	1304
CY207734.1	877	1236	0	1	1	1236
CY207734.1	899	1434	0	1	1	1434
CY207734.1	958	1300	1	0	1	958
CY207735.1	286	711	1	0	1	286
CY207735.1	287	938	19	0	19	287
CY207735.1	350	865	0	16	16	865
CY207735.1	438	850	0	1	1	850
CY207735.1	499	729	1	0	1	499
CY207735.1	511	740	52	96	148	511
CY207735.1	519	746	0	1	1	746
CY207735.1	570	770	1	0	1	570
CY207735.1	652	680	1	0	1	652
CY207735.1	782	887	0	1	1	887
CY207735.1	976	1021	0	26	26	1021
CY207736.1	1109	1321	10	15	25	1109
CY207736.1	1125	1941	1	0	1	1125
CY207736.1	1187	1738	0	1	1	1738
CY207736.1	1319	1346	0	1	1	1346
CY207736.1	1377	2345	0	1	1	2345
CY207736.1	1692	1739	0	1	1	1739
CY207736.1	1856	2073	0	1	1	2073
CY207736.1	1945	2077	33	16	49	1945
CY207736.1	2099	2127	1	0	1	2099
CY207736.1	2106	2133	17	17	34	2106
CY207736.1	2146	2171	18	89	107	2146
CY207736.1	2168	2270	27	21	48	2168
CY207736.1	2168	2271	1	0	1	2168
CY207736.1	250	2239	1	0	1	250
CY207736.1	260	1972	1	0	1	260
CY207736.1	272	304	13	6	19	272
CY207736.1	274	2062	1	0	1	274
CY207736.1	275	2036	1	0	1	275
CY207736.1	280	2075	1	0	1	280
CY207736.1	285	2099	1	0	1	285
CY207736.1	286	1949	1	0	1	286
CY207736.1	289	2002	1	0	1	289
CY207736.1	303	2206	7	5	12	303
CY207736.1	308	2213	1	0	1	308
CY207736.1	311	2216	3	6	9	311
CY207736.1	331	2118	0	1	1	2118
CY207736.1	331	2192	4	0	4	331
CY207736.1	333	2120	46	147	193	333
CY207736.1	333	2121	0	1	1	2121
CY207736.1	334	2029	4	39	43	334
CY207736.1	359	2198	0	1	1	2198
CY207736.1	367	2160	0	4	4	2160
CY207736.1	368	2144	36	145	181	368
CY207736.1	385	1870	8	23	31	385
CY207736.1	404	2085	0	1	1	2085
CY207736.1	404	2134	10	57	67	404
CY207736.1	404	2164	0	4	4	2164
CY207736.1	411	2153	12	117	129	411
CY207736.1	414	1994	0	1	1	1994
CY207736.1	433	2144	6	34	40	433
CY207736.1	436	2032	72	54	126	436
CY207736.1	437	2149	4	45	49	437
CY207736.1	439	2031	0	1	1	2031
CY207736.1	445	2133	9	22	31	445
CY207736.1	449	2104	56	126	182	449
CY207736.1	460	2000	1	0	1	460
CY207736.1	467	2002	1	0	1	467
CY207736.1	470	821	0	1	1	821
CY207736.1	488	2100	11	12	23	488
CY207736.1	490	2034	55	59	114	490
CY207736.1	490	513	24	2	26	490
CY207736.1	492	2104	11	8	19	492
CY207736.1	493	2030	26	42	68	493
CY207736.1	497	1956	16	2	18	497
CY207736.1	497	2040	0	1	1	2040
CY207736.1	511	2139	27	19	46	511
CY207736.1	551	701	0	1	1	701
CY207736.1	555	2034	33	28	61	555
CY207736.1	555	2035	0	1	1	2035
CY207736.1	562	2051	0	1	1	2051
CY207736.1	569	1808	1	0	1	569
CY207736.1	572	1871	22	7	29	572
CY207736.1	575	2256	1	0	1	575
CY207736.1	600	1877	1	0	1	600
CY207736.1	603	636	1	0	1	603
CY207736.1	618	1852	1	0	1	618
CY207736.1	623	1938	2	0	2	623
CY207736.1	628	1903	1	0	1	628
CY207736.1	630	1942	27	18	45	630
CY207736.1	632	1874	4	2	6	632
CY207736.1	658	1909	15	14	29	658
CY207736.1	679	1835	1	0	1	679
CY207736.1	695	1938	0	1	1	1938
CY207736.1	711	1871	20	27	47	711
CY207736.1	716	1701	1	0	1	716
CY207736.1	725	1166	1	0	1	725
CY207736.1	725	1744	33	30	63	725
CY207736.1	750	2221	0	1	1	2221
CY207736.1	769	2080	0	1	1	2080
CY207736.1	814	1710	1	0	1	814
CY207736.1	841	1817	49	62	111	841
CY207736.1	878	1896	0	1	1	1896
CY207736.1	936	1599	20	26	46	936
CY207736.1	936	1650	0	1	1	1650
CY207737.1	1006	1576	5	5	10	1006
CY207737.1	1303	1806	0	1	1	1806
CY207737.1	1306	2043	3	9	12	1306
CY207737.1	1379	2218	0	1	1	2218
CY207737.1	1380	1574	0	1	1	1574
CY207737.1	361	1581	1	0	1	361
CY207737.1	401	716	1	0	1	401
CY207737.1	436	2229	17	58	75	436
CY207737.1	473	2166	8	25	33	473
CY207737.1	480	1648	19	30	49	480
CY207737.1	626	2232	64	38	102	626
CY207737.1	847	1261	0	1	1	1261
CY207738.1	1142	1225	5	4	9	1142
CY207738.1	1290	2137	0	1	1	2137
CY207738.1	1328	2386	1	0	1	1328
CY207738.1	1672	1706	0	1	1	1706
CY207738.1	1691	1769	0	1	1	1769
CY207738.1	1744	1868	1	0	1	1744
CY207738.1	1753	2276	0	1	1	2276
CY207738.1	2184	2209	1	0	1	2184
CY207738.1	2370	2397	3	19	22	2370
CY207738.1	374	2311	6	47	53	374
CY207738.1	392	733	0	1	1	733
CY207738.1	412	462	6	92	98	412
CY207738.1	417	2316	0	1	1	2316
CY207738.1	419	2317	29	80	109	419
CY207738.1	439	2360	0	1	1	2360
CY207738.1	483	2142	32	79	111	483
CY207738.1	510	2314	46	57	103	510
CY207738.1	530	2118	0	1	1	2118
CY207738.1	533	2340	0	1	1	2340
CY207738.1	653	2074	20	40	60	653
CY207738.1	659	1353	0	1	1	1353
CY207738.1	669	996	0	1	1	996
CY207738.1	715	1612	0	1	1	1612
CY207738.1	754	1799	1	0	1	754
CY207738.1	764	990	0	1	1	990
CY207738.1	825	1831	21	24	45	825
CY207738.1	829	1834	0	1	1	1834
CY207738.1	904	2454	0	1	1	2454
CY207738.1	932	1728	19	27	46	932
CY207738.1	945	1752	0	2	2	1752
