Segment	Start	Stop	Forward_support	Reverse_support	Total_support	Fuzz_factor
CY207731.1	1018	1214	2	1	3	1018
CY207731.1	1029	1584	0	1	1	1584
CY207731.1	1030	1062	1	1	2	1030
CY207731.1	1048	1606	0	1	1	1606
CY207731.1	1061	1495	1	0	1	1061
CY207731.1	1065	1307	1	1	2	1065
CY207731.1	1083	1251	0	1	1	1251
CY207731.1	1123	1207	0	1	1	1207
CY207731.1	1136	1754	0	1	1	1754
CY207731.1	1227	1836	0	1	1	1836
CY207731.1	1336	1736	0	1	1	1736
CY207731.1	1340	1658	0	1	1	1658
CY207731.1	1347	1604	0	1	1	1604
CY207731.1	1491	1550	0	1	1	1550
CY207731.1	1515	1655	0	1	1	1655
CY207731.1	267	1354	1	0	1	267
CY207731.1	286	1038	1	0	1	286
CY207731.1	342	1152	1	0	1	342
CY207731.1	376	1042	1	0	1	376
CY207731.1	392	1568	8	8	16	392
CY207731.1	401	1896	0	1	1	1896
CY207731.1	401	447	0	1	1	447
CY207731.1	405	1169	1	0	1	405
CY207731.1	421	544	1	0	1	421
CY207731.1	432	1353	0	1	1	1353
CY207731.1	438	1458	0	1	1	1458
CY207731.1	442	1074	0	1	1	1074
CY207731.1	476	1162	1	0	1	476
CY207731.1	477	1877	0	1	1	1877
CY207731.1	477	817	0	1	1	817
CY207731.1	480	601	0	1	1	601
CY207731.1	489	1379	0	1	1	1379
CY207731.1	491	809	0	1	1	809
CY207731.1	502	1089	0	1	1	1089
CY207731.1	508	1654	0	1	1	1654
CY207731.1	527	1645	1	0	1	527
CY207731.1	531	877	0	1	1	877
CY207731.1	561	1018	0	2	2	1018
CY207731.1	570	1774	0	1	1	1774
CY207731.1	574	822	0	1	1	822
CY207731.1	575	597	0	1	1	597
CY207731.1	579	1186	0	1	1	1186
CY207731.1	638	1575	1	0	1	638
CY207731.1	648	1152	0	1	1	1152
CY207731.1	680	839	1	0	1	680
CY207731.1	685	1535	1	0	1	685
CY207731.1	695	1398	1	0	1	695
CY207731.1	739	1277	0	1	1	1277
CY207731.1	813	1605	1	0	1	813
CY207731.1	835	1702	0	1	1	1702
CY207731.1	870	1659	1	0	1	870
CY207731.1	879	902	1	0	1	879
CY207731.1	919	1667	1	0	1	919
CY207731.1	926	1011	1	0	1	926
CY207731.1	965	1872	0	1	1	1872
CY207731.1	978	1227	1	0	1	978
CY207731.1	988	1184	1	0	1	988
CY207731.1	988	1195	1	0	1	988
CY207731.1	989	1295	0	1	1	1295
CY207732.1	249	1145	0	1	1	1145
CY207732.1	268	550	8	0	8	268
CY207732.1	275	557	1	0	1	275
CY207732.1	275	848	45	0	45	275
CY207732.1	286	981	1	0	1	286
CY207732.1	288	526	1	0	1	288
CY207732.1	290	980	1	0	1	290
CY207732.1	331	511	1	0	1	331
CY207732.1	347	573	1	1	2	347
CY207732.1	363	1019	0	1	1	1019
CY207732.1	393	496	0	1	1	496
CY207732.1	393	519	0	1	1	519
CY207732.1	403	675	0	1	1	675
CY207732.1	414	496	0	1	1	496
CY207732.1	434	1144	0	1	1	1144
CY207732.1	445	787	0	1	1	787
CY207732.1	458	796	0	1	1	796
CY207732.1	473	540	1	0	1	473
CY207732.1	478	544	0	1	1	544
CY207732.1	483	627	0	3	3	627
CY207732.1	489	983	0	1	1	983
CY207732.1	509	817	0	1	1	817
CY207732.1	518	887	1	0	1	518
CY207732.1	523	546	0	1	1	546
CY207732.1	529	746	0	1	1	746
CY207732.1	553	765	0	1	1	765
CY207732.1	579	926	1	0	1	579
CY207732.1	587	662	2	3	5	587
CY207732.1	589	862	3	1	4	589
CY207732.1	589	961	4	0	4	589
CY207732.1	590	710	1	0	1	590
CY207732.1	600	660	0	1	1	660
CY207732.1	601	936	0	1	1	936
CY207732.1	608	827	0	1	1	827
CY207732.1	611	776	1	0	1	611
CY207732.1	616	1019	0	1	1	1019
CY207732.1	627	695	0	1	1	695
CY207732.1	629	871	1	0	1	629
CY207732.1	659	955	0	1	1	955
CY207732.1	672	747	2	1	3	672
CY207732.1	679	815	2	2	4	679
CY207732.1	685	839	3	3	6	685
CY207732.1	686	840	1	0	1	686
CY207732.1	688	859	1	0	1	688
CY207732.1	704	934	0	1	1	934
CY207732.1	725	904	1	0	1	725
CY207732.1	788	964	1	0	1	788
CY207732.1	790	833	0	3	3	833
CY207732.1	792	862	2	0	2	792
CY207732.1	801	904	1	0	1	801
CY207732.1	813	1076	0	1	1	1076
CY207732.1	820	941	1	0	1	820
CY207732.1	820	999	4	1	5	820
CY207732.1	837	1018	0	2	2	1018
CY207732.1	880	1066	1	0	1	880
CY207732.1	911	964	1	0	1	911
CY207732.1	928	1035	0	1	1	1035
CY207732.1	934	997	2	4	6	934
CY207733.1	1018	1074	0	1	1	1074
CY207733.1	1035	1337	1	0	1	1035
CY207733.1	1300	1498	1	0	1	1300
CY207733.1	1326	1404	1	0	1	1326
CY207733.1	1491	1523	1	1	2	1491
CY207733.1	236	1111	1	0	1	236
CY207733.1	236	1278	1	0	1	236
CY207733.1	274	1205	1	0	1	274
CY207733.1	277	1518	1	0	1	277
CY207733.1	279	1206	1	0	1	279
CY207733.1	284	1211	1	0	1	284
CY207733.1	293	1219	5	0	5	293
CY207733.1	299	1228	2	0	2	299
CY207733.1	300	1436	2	2	4	300
CY207733.1	359	1370	1	0	1	359
CY207733.1	359	1484	1	0	1	359
CY207733.1	369	1401	2	2	4	369
CY207733.1	474	715	0	1	1	715
CY207733.1	484	1140	0	1	1	1140
CY207733.1	504	1085	0	1	1	1085
CY207733.1	520	1327	1	0	1	520
CY207733.1	520	618	2	2	4	520
CY207733.1	538	1110	0	1	1	1110
CY207733.1	539	1114	0	1	1	1114
CY207733.1	549	723	1	0	1	549
CY207733.1	559	1140	6	7	13	559
CY207733.1	561	1228	0	1	1	1228
CY207733.1	703	778	0	1	1	778
CY207733.1	821	1177	0	1	1	1177
CY207733.1	843	950	0	1	1	950
CY207733.1	873	1104	1	0	1	873
CY207734.1	1027	1322	1	0	1	1027
CY207734.1	1051	1181	0	1	1	1181
CY207734.1	1055	1119	0	1	1	1119
CY207734.1	1119	1428	1	0	1	1119
CY207734.1	1145	1574	0	1	1	1574
CY207734.1	1337	1449	0	1	1	1449
CY207734.1	1435	1512	0	1	1	1512
CY207734.1	1442	1566	3	4	7	1442
CY207734.1	1569	1723	0	1	1	1723
CY207734.1	1589	1695	0	2	2	1695
CY207734.1	1604	1725	0	2	2	1725
CY207734.1	244	828	1	0	1	244
CY207734.1	245	1521	0	1	1	1521
CY207734.1	245	475	1	0	1	245
CY207734.1	270	842	1	0	1	270
CY207734.1	288	822	2	0	2	288
CY207734.1	290	758	1	0	1	290
CY207734.1	290	935	1	0	1	290
CY207734.1	344	738	0	1	1	738
CY207734.1	348	1537	0	1	1	1537
CY207734.1	359	1498	6	10	16	359
CY207734.1	359	1522	2	2	4	359
CY207734.1	364	1149	1	0	1	364
CY207734.1	373	1522	0	1	1	1522
CY207734.1	406	1176	1	0	1	406
CY207734.1	406	1357	1	0	1	406
CY207734.1	439	751	1	0	1	439
CY207734.1	442	1278	0	1	1	1278
CY207734.1	442	1515	1	0	1	442
CY207734.1	442	913	0	1	1	913
CY207734.1	465	1609	0	1	1	1609
CY207734.1	470	716	0	1	1	716
CY207734.1	472	600	1	0	1	472
CY207734.1	478	1624	0	1	1	1624
CY207734.1	489	1584	0	8	8	1584
CY207734.1	499	842	3	4	7	499
CY207734.1	511	1022	0	1	1	1022
CY207734.1	515	1454	1	0	1	515
CY207734.1	521	841	1	1	2	521
CY207734.1	522	1586	0	1	1	1586
CY207734.1	523	1080	0	1	1	1080
CY207734.1	540	1681	0	1	1	1681
CY207734.1	541	1399	0	1	1	1399
CY207734.1	558	959	0	1	1	959
CY207734.1	559	1496	0	1	1	1496
CY207734.1	561	1588	1	0	1	561
CY207734.1	573	1292	1	0	1	573
CY207734.1	580	1617	0	1	1	1617
CY207734.1	597	1329	1	0	1	597
CY207734.1	620	812	1	0	1	620
CY207734.1	623	870	0	1	1	870
CY207734.1	625	875	1	0	1	625
CY207734.1	639	720	0	1	1	720
CY207734.1	671	1214	0	3	3	1214
CY207734.1	676	1377	1	0	1	676
CY207734.1	769	1281	0	1	1	1281
CY207734.1	781	1548	1	0	1	781
CY207734.1	784	1678	0	1	1	1678
CY207734.1	808	1192	0	1	1	1192
CY207734.1	824	1453	1	0	1	824
CY207734.1	863	1304	0	1	1	1304
CY207734.1	873	1146	1	0	1	873
CY207734.1	877	1088	1	0	1	877
CY207734.1	922	1587	0	1	1	1587
CY207734.1	927	1023	0	1	1	1023
CY207734.1	952	1397	0	1	1	1397
CY207734.1	966	1051	1	0	1	966
CY207734.1	970	1005	1	0	1	970
CY207734.1	971	1042	2	0	2	971
CY207734.1	980	1190	1	0	1	980
CY207734.1	991	1285	0	1	1	1285
CY207734.1	997	1042	2	2	4	997
CY207735.1	254	931	3	0	3	254
CY207735.1	259	965	3	1	4	259
CY207735.1	321	993	0	12	12	993
CY207735.1	364	997	0	1	1	997
CY207735.1	461	953	0	1	1	953
CY207735.1	470	705	1	0	1	470
CY207735.1	475	707	1	0	1	475
CY207735.1	499	729	4	0	4	499
CY207735.1	511	740	19	138	157	511
CY207735.1	519	746	0	2	2	746
CY207735.1	548	839	10	5	15	548
CY207735.1	564	859	0	1	1	859
CY207735.1	922	1037	0	1	1	1037
CY207736.1	1002	2155	9	10	19	1002
CY207736.1	1038	2273	0	1	1	2273
CY207736.1	1041	1776	0	1	1	1776
CY207736.1	1056	1316	1	0	1	1056
CY207736.1	1087	1435	1	0	1	1087
CY207736.1	1103	1636	0	1	1	1636
CY207736.1	1129	2213	0	1	1	2213
CY207736.1	1139	1330	0	1	1	1330
CY207736.1	1139	2268	0	1	1	2268
CY207736.1	1153	1555	1	0	1	1153
CY207736.1	1179	2044	0	1	1	2044
CY207736.1	1196	1845	1	0	1	1196
CY207736.1	1234	1548	1	0	1	1234
CY207736.1	1244	1617	1	0	1	1244
CY207736.1	1279	1945	0	1	1	1945
CY207736.1	1291	1579	1	0	1	1291
CY207736.1	1296	1770	0	1	1	1770
CY207736.1	1375	1453	0	1	1	1453
CY207736.1	1423	1702	0	1	1	1702
CY207736.1	1437	2073	0	1	1	2073
CY207736.1	1443	2082	0	1	1	2082
CY207736.1	1446	1566	0	1	1	1566
CY207736.1	1469	1787	1	2	3	1469
CY207736.1	1509	1962	1	1	2	1509
CY207736.1	1514	1656	0	3	3	1656
CY207736.1	1665	2346	0	1	1	2346
CY207736.1	1678	2375	0	1	1	2375
CY207736.1	1704	2018	1	0	1	1704
CY207736.1	1729	2344	0	1	1	2344
CY207736.1	1839	1871	0	1	1	1871
CY207736.1	1863	2355	0	1	1	2355
CY207736.1	1899	2158	1	0	1	1899
CY207736.1	1915	2275	1	0	1	1915
CY207736.1	1935	2062	0	1	1	2062
CY207736.1	1954	2238	1	0	1	1954
CY207736.1	1993	2381	0	2	2	2381
CY207736.1	1998	2028	12	0	12	1998
CY207736.1	2029	2066	27	12	39	2029
CY207736.1	2051	2169	1	1	2	2051
CY207736.1	2064	2183	1	0	1	2064
CY207736.1	2104	2299	0	1	1	2299
CY207736.1	2132	2170	1	2	3	2132
CY207736.1	2132	2180	14	5	19	2132
CY207736.1	2147	2174	5	2	7	2147
CY207736.1	2182	2208	2	2	4	2182
CY207736.1	2211	2282	0	6	6	2282
CY207736.1	2218	2249	0	4	4	2249
CY207736.1	247	1572	1	0	1	247
CY207736.1	254	2296	1	0	1	254
CY207736.1	275	2215	2	0	2	275
CY207736.1	279	326	1	0	1	279
CY207736.1	280	2153	5	1	6	280
CY207736.1	282	390	1	0	1	282
CY207736.1	283	2172	1	0	1	283
CY207736.1	287	2127	1	0	1	287
CY207736.1	289	2002	1	0	1	289
CY207736.1	300	2135	5	5	10	300
CY207736.1	317	370	4	12	16	317
CY207736.1	323	2171	0	1	1	2171
CY207736.1	333	2089	0	1	1	2089
CY207736.1	333	2144	0	1	1	2144
CY207736.1	333	2171	1	0	1	333
CY207736.1	333	2215	8	5	13	333
CY207736.1	334	368	0	3	3	368
CY207736.1	338	2174	6	23	29	338
CY207736.1	355	2011	7	16	23	355
CY207736.1	360	2101	0	1	1	2101
CY207736.1	361	2172	1	0	1	361
CY207736.1	364	2171	1	2	3	364
CY207736.1	369	2210	1	0	1	369
CY207736.1	370	2027	0	1	1	2027
CY207736.1	377	2120	1	0	1	377
CY207736.1	384	2065	1	7	8	384
CY207736.1	386	2144	1	0	1	386
CY207736.1	386	2216	4	3	7	386
CY207736.1	390	2156	3	10	13	390
CY207736.1	393	2049	0	1	1	2049
CY207736.1	400	2153	0	8	8	2153
CY207736.1	401	2149	7	134	141	401
CY207736.1	402	2111	0	14	14	2111
CY207736.1	402	2143	2	9	11	402
CY207736.1	402	433	3	12	15	402
CY207736.1	402	515	35	47	82	402
CY207736.1	403	2148	0	8	8	2148
CY207736.1	404	2134	1	4	5	404
CY207736.1	404	2164	1	0	1	404
CY207736.1	412	438	34	0	34	412
CY207736.1	415	454	0	1	1	454
CY207736.1	417	2050	6	9	15	417
CY207736.1	430	501	6	3	9	430
CY207736.1	448	2152	0	1	1	2152
CY207736.1	449	2113	30	75	105	449
CY207736.1	451	1393	1	0	1	451
CY207736.1	457	946	1	0	1	457
CY207736.1	466	2064	7	9	16	466
CY207736.1	476	2065	0	1	1	2065
CY207736.1	477	2169	1	1	2	477
CY207736.1	481	2015	1	0	1	481
CY207736.1	483	2168	0	1	1	2168
CY207736.1	491	2013	4	5	9	491
CY207736.1	492	2026	2	0	2	492
CY207736.1	492	2057	2	10	12	492
CY207736.1	492	2171	2	0	2	492
CY207736.1	495	2030	3	1	4	495
CY207736.1	499	2019	1	0	1	499
CY207736.1	500	2034	81	105	186	500
CY207736.1	500	2035	2	3	5	500
CY207736.1	501	2157	0	1	1	2157
CY207736.1	505	2294	1	0	1	505
CY207736.1	511	2009	51	27	78	511
CY207736.1	512	2028	1	5	6	512
CY207736.1	512	2034	95	121	216	512
CY207736.1	513	2035	1	0	1	513
CY207736.1	515	2037	1	0	1	515
CY207736.1	522	1975	2	1	3	522
CY207736.1	528	1117	1	0	1	528
CY207736.1	528	870	1	0	1	528
CY207736.1	532	2049	0	1	1	2049
CY207736.1	534	1973	3	0	3	534
CY207736.1	538	1999	2	2	4	538
CY207736.1	546	2027	124	123	247	546
CY207736.1	547	2028	1	0	1	547
CY207736.1	548	623	11	2	13	548
CY207736.1	551	2174	0	1	1	2174
CY207736.1	552	2048	10	14	24	552
CY207736.1	555	1912	9	1	10	555
CY207736.1	563	2001	2	0	2	563
CY207736.1	564	2035	0	1	1	2035
CY207736.1	564	2141	1	6	7	564
CY207736.1	564	904	1	0	1	564
CY207736.1	577	932	5	0	5	577
CY207736.1	586	2105	0	1	1	2105
CY207736.1	612	1955	1	0	1	612
CY207736.1	618	2041	1	6	7	618
CY207736.1	623	1946	1	1	2	623
CY207736.1	624	1438	1	0	1	624
CY207736.1	624	1651	0	1	1	1651
CY207736.1	625	2352	0	1	1	2352
CY207736.1	626	1374	1	0	1	626
CY207736.1	629	1883	8	2	10	629
CY207736.1	647	1895	33	9	42	647
CY207736.1	657	1941	10	0	10	657
CY207736.1	671	1890	2	5	7	671
CY207736.1	679	1894	1	0	1	679
CY207736.1	683	995	1	0	1	683
CY207736.1	686	1864	2	1	3	686
CY207736.1	694	2280	0	3	3	2280
CY207736.1	715	1774	1	1	2	715
CY207736.1	715	1793	1	0	1	715
CY207736.1	723	1994	1	1	2	723
CY207736.1	728	1620	7	10	17	728
CY207736.1	731	1792	0	1	1	1792
CY207736.1	748	1796	2	0	2	748
CY207736.1	750	1869	3	4	7	750
CY207736.1	752	1598	3	0	3	752
CY207736.1	753	1760	6	3	9	753
CY207736.1	758	1815	1	0	1	758
CY207736.1	767	1952	6	4	10	767
CY207736.1	771	2047	2	0	2	771
CY207736.1	773	1826	229	105	334	773
CY207736.1	782	1867	7	2	9	782
CY207736.1	786	1834	1	2	3	786
CY207736.1	787	1855	0	2	2	1855
CY207736.1	794	1761	4	5	9	794
CY207736.1	809	1793	6	2	8	809
CY207736.1	810	2275	1	0	1	810
CY207736.1	819	1573	1	0	1	819
CY207736.1	820	1209	0	1	1	1209
CY207736.1	825	863	1	0	1	825
CY207736.1	827	2013	1	0	1	827
CY207736.1	830	2036	1	0	1	830
CY207736.1	835	1791	5	4	9	835
CY207736.1	845	2058	31	12	43	845
CY207736.1	846	2059	0	1	1	2059
CY207736.1	848	2062	0	1	1	2062
CY207736.1	878	1977	1	0	1	878
CY207736.1	906	1558	1	0	1	906
CY207736.1	908	1745	0	5	5	1745
CY207736.1	923	1080	0	1	1	1080
CY207736.1	926	1572	10	12	22	926
CY207736.1	947	1579	0	1	1	1579
CY207736.1	984	1761	1	0	1	984
CY207737.1	1028	1381	1	0	1	1028
CY207737.1	1053	1714	0	4	4	1714
CY207737.1	1054	2271	0	1	1	2271
CY207737.1	1087	1793	1	0	1	1087
CY207737.1	1181	1584	0	1	1	1584
CY207737.1	1190	1678	0	1	1	1678
CY207737.1	1204	1931	0	1	1	1931
CY207737.1	1211	2251	1	0	1	1211
CY207737.1	1312	1908	1	0	1	1312
CY207737.1	1430	2174	0	1	1	2174
CY207737.1	1496	1561	0	1	1	1561
CY207737.1	1513	2107	1	0	1	1513
CY207737.1	1574	1755	1	0	1	1574
CY207737.1	1681	2080	0	1	1	2080
CY207737.1	1695	2305	1	0	1	1695
CY207737.1	1717	1757	1	0	1	1717
CY207737.1	1937	2003	0	1	1	2003
CY207737.1	1957	2020	1	0	1	1957
CY207737.1	1985	2486	0	1	1	2486
CY207737.1	2014	2251	1	0	1	2014
CY207737.1	2053	2124	15	7	22	2053
CY207737.1	2058	2318	0	1	1	2318
CY207737.1	2068	2124	4	3	7	2068
CY207737.1	2145	2285	1	0	1	2145
CY207737.1	241	1490	1	0	1	241
CY207737.1	2430	2452	1	7	8	2430
CY207737.1	244	2461	2	0	2	244
CY207737.1	269	1159	1	0	1	269
CY207737.1	274	949	1	0	1	274
CY207737.1	313	2120	1	0	1	313
CY207737.1	317	2311	1	0	1	317
CY207737.1	325	2358	0	2	2	2358
CY207737.1	325	364	24	15	39	325
CY207737.1	329	2295	7	5	12	329
CY207737.1	341	2025	0	1	1	2025
CY207737.1	341	614	1	0	1	341
CY207737.1	355	2191	1	0	1	355
CY207737.1	356	2192	11	1	12	356
CY207737.1	361	2007	0	1	1	2007
CY207737.1	374	2221	0	1	1	2221
CY207737.1	375	1124	1	0	1	375
CY207737.1	377	2238	2	0	2	377
CY207737.1	378	868	1	0	1	378
CY207737.1	388	2334	27	4	31	388
CY207737.1	389	418	7	12	19	389
CY207737.1	390	2244	1	0	1	390
CY207737.1	393	2300	19	2	21	393
CY207737.1	394	2451	0	3	3	2451
CY207737.1	404	1131	4	8	12	404
CY207737.1	406	998	1	0	1	406
CY207737.1	416	2205	0	1	1	2205
CY207737.1	416	963	1	0	1	416
CY207737.1	426	2243	3	1	4	426
CY207737.1	429	575	1	0	1	429
CY207737.1	434	2141	1	0	1	434
CY207737.1	436	2143	8	1	9	436
CY207737.1	440	2148	2	0	2	440
CY207737.1	446	2155	62	6	68	446
CY207737.1	447	1244	1	0	1	447
CY207737.1	448	2204	0	1	1	2204
CY207737.1	460	1146	1	0	1	460
CY207737.1	460	2185	1	0	1	460
CY207737.1	466	2188	178	287	465	466
CY207737.1	467	2189	0	3	3	2189
CY207737.1	479	1117	5	8	13	479
CY207737.1	485	2167	8	18	26	485
CY207737.1	486	2217	0	2	2	2217
CY207737.1	491	2102	7	18	25	491
CY207737.1	491	2338	9	8	17	491
CY207737.1	493	1298	0	1	1	1298
CY207737.1	494	1589	1	0	1	494
CY207737.1	539	2118	1	0	1	539
CY207737.1	544	2186	3	1	4	544
CY207737.1	551	2047	4	1	5	551
CY207737.1	575	2165	4	0	4	575
CY207737.1	583	2143	2	1	3	583
CY207737.1	602	2039	7	1	8	602
CY207737.1	605	2047	2	0	2	605
CY207737.1	608	2063	1	0	1	608
CY207737.1	610	2065	15	5	20	610
CY207737.1	611	2041	1	1	2	611
CY207737.1	618	1810	1	1	2	618
CY207737.1	628	2007	1	0	1	628
CY207737.1	631	2208	1	0	1	631
CY207737.1	636	665	2	3	5	636
CY207737.1	637	2019	2	1	3	637
CY207737.1	638	1688	3	1	4	638
CY207737.1	660	2285	5	1	6	660
CY207737.1	665	1068	1	0	1	665
CY207737.1	673	2178	1	0	1	673
CY207737.1	682	2059	0	1	1	2059
CY207737.1	697	1644	0	1	1	1644
CY207737.1	703	1507	1	0	1	703
CY207737.1	703	969	0	1	1	969
CY207737.1	719	1979	4	13	17	719
CY207737.1	723	1977	1	0	1	723
CY207737.1	728	1827	0	1	1	1827
CY207737.1	730	1655	1	0	1	730
CY207737.1	731	1921	28	54	82	731
CY207737.1	731	1989	1	0	1	731
CY207737.1	733	2139	4	2	6	733
CY207737.1	740	1999	0	1	1	1999
CY207737.1	747	1950	0	1	1	1950
CY207737.1	753	2011	53	43	96	753
CY207737.1	753	2105	4	3	7	753
CY207737.1	755	1900	1	0	1	755
CY207737.1	760	1991	3	2	5	760
CY207737.1	783	1981	3	1	4	783
CY207737.1	789	1856	2	2	4	789
CY207737.1	791	1809	1	0	1	791
CY207737.1	803	1821	1	0	1	803
CY207737.1	837	1767	1	0	1	837
CY207737.1	853	1868	2	1	3	853
CY207737.1	858	1770	1	0	1	858
CY207737.1	861	1750	6	4	10	861
CY207737.1	866	1781	9	8	17	866
CY207737.1	877	1783	0	1	1	1783
CY207737.1	907	1768	19	10	29	907
CY207737.1	932	2220	0	1	1	2220
CY207737.1	938	1640	1	2	3	938
CY207737.1	954	1990	6	7	13	954
CY207737.1	955	1951	0	1	1	1951
CY207737.1	983	1286	1	0	1	983
CY207737.1	983	2000	3	2	5	983
CY207738.1	1002	1700	0	1	1	1700
CY207738.1	1010	1685	3	3	6	1010
CY207738.1	1020	1293	0	1	1	1293
CY207738.1	1066	2490	0	1	1	2490
CY207738.1	1104	1656	5	1	6	1104
CY207738.1	1169	1672	0	1	1	1672
CY207738.1	1193	1246	1	0	1	1193
CY207738.1	1193	1382	0	1	1	1382
CY207738.1	1208	2042	0	5	5	2042
CY207738.1	1209	2227	0	1	1	2227
CY207738.1	1251	2321	0	1	1	2321
CY207738.1	1255	2060	0	1	1	2060
CY207738.1	1259	1429	0	1	1	1429
CY207738.1	1259	1766	0	1	1	1766
CY207738.1	1288	2236	0	1	1	2236
CY207738.1	1361	1918	1	0	1	1361
CY207738.1	1452	2093	0	1	1	2093
CY207738.1	1475	1899	0	1	1	1899
CY207738.1	1520	1876	1	0	1	1520
CY207738.1	1597	2404	0	1	1	2404
CY207738.1	1702	2147	4	1	5	1702
CY207738.1	1741	2121	1	0	1	1741
CY207738.1	1755	2032	0	1	1	2032
CY207738.1	1836	2243	0	1	1	2243
CY207738.1	1861	1929	0	1	1	1929
CY207738.1	1878	1915	1	2	3	1878
CY207738.1	1925	2283	1	0	1	1925
CY207738.1	1970	2368	1	0	1	1970
CY207738.1	2166	2455	0	1	1	2455
CY207738.1	2218	2391	1	0	1	2218
CY207738.1	241	1221	1	0	1	241
CY207738.1	243	2227	1	0	1	243
CY207738.1	278	1914	1	0	1	278
CY207738.1	288	407	1	0	1	288
CY207738.1	310	2180	4	1	5	310
CY207738.1	318	2349	1	0	1	318
CY207738.1	334	1325	0	1	1	1325
CY207738.1	334	798	1	0	1	334
CY207738.1	348	2328	1	0	1	348
CY207738.1	363	1855	1	1	2	363
CY207738.1	365	2254	0	1	1	2254
CY207738.1	366	2280	0	1	1	2280
CY207738.1	367	2397	1	2	3	367
CY207738.1	380	2247	1	3	4	380
CY207738.1	385	2300	1	5	6	385
CY207738.1	385	465	1	3	4	385
CY207738.1	398	1519	1	1	2	398
CY207738.1	404	2367	0	16	16	2367
CY207738.1	408	2387	0	2	2	2387
CY207738.1	415	746	1	0	1	415
CY207738.1	439	2360	1	0	1	439
CY207738.1	443	1084	1	0	1	443
CY207738.1	444	2210	0	18	18	2210
CY207738.1	444	912	0	1	1	912
CY207738.1	447	1411	0	1	1	1411
CY207738.1	448	2213	0	1	1	2213
CY207738.1	454	2189	0	1	1	2189
CY207738.1	456	1006	0	1	1	1006
CY207738.1	458	2268	1	0	1	458
CY207738.1	459	1091	0	1	1	1091
CY207738.1	459	2276	36	84	120	459
CY207738.1	460	2270	1	8	9	460
CY207738.1	463	2385	1	0	1	463
CY207738.1	464	2247	0	1	1	2247
CY207738.1	465	1651	0	1	1	1651
CY207738.1	469	1575	1	0	1	469
CY207738.1	469	2281	0	3	3	2281
CY207738.1	476	2395	260	481	741	476
CY207738.1	478	2397	0	5	5	2397
CY207738.1	480	2463	0	1	1	2463
CY207738.1	486	2329	2	11	13	486
CY207738.1	491	2217	0	1	1	2217
CY207738.1	494	2224	1	0	1	494
CY207738.1	494	2418	0	1	1	2418
CY207738.1	495	2425	0	13	13	2425
CY207738.1	507	2209	4	21	25	507
CY207738.1	518	2419	0	7	7	2419
CY207738.1	520	2129	11	42	53	520
CY207738.1	521	1087	0	1	1	1087
CY207738.1	530	2403	0	1	1	2403
CY207738.1	535	1129	0	1	1	1129
CY207738.1	553	2007	0	19	19	2007
CY207738.1	577	2022	0	2	2	2022
CY207738.1	583	1296	1	0	1	583
CY207738.1	596	1972	0	3	3	1972
CY207738.1	597	1998	0	7	7	1998
CY207738.1	655	900	1	0	1	655
CY207738.1	659	1294	0	1	1	1294
CY207738.1	682	1617	1	0	1	682
CY207738.1	696	1814	5	6	11	696
CY207738.1	706	1828	0	1	1	1828
CY207738.1	707	2118	1	0	1	707
CY207738.1	709	736	4	0	4	709
CY207738.1	711	1055	0	1	1	1055
CY207738.1	721	1955	1	2	3	721
CY207738.1	743	1917	0	5	5	1917
CY207738.1	753	2000	1	3	4	753
CY207738.1	765	2052	1	0	1	765
CY207738.1	775	1842	2	0	2	775
CY207738.1	780	1913	6	1	7	780
CY207738.1	784	1780	6	2	8	784
CY207738.1	792	1781	1	0	1	792
CY207738.1	792	1782	6	3	9	792
CY207738.1	799	969	0	1	1	969
CY207738.1	800	1795	0	1	1	1795
CY207738.1	824	1561	1	0	1	824
CY207738.1	839	1584	6	1	7	839
CY207738.1	839	1814	2	1	3	839
CY207738.1	843	1875	5	2	7	843
CY207738.1	849	2037	3	6	9	849
CY207738.1	862	2055	2	3	5	862
CY207738.1	885	1781	6	6	12	885
CY207738.1	896	1101	1	0	1	896
CY207738.1	897	1497	1	0	1	897
CY207738.1	899	1870	6	3	9	899
CY207738.1	899	1876	4	3	7	899
CY207738.1	915	1809	2	3	5	915
CY207738.1	927	2088	3	2	5	927
CY207738.1	929	1712	1	0	1	929
CY207738.1	929	2135	0	1	1	2135
CY207738.1	968	1947	0	5	5	1947
