Segment	Start	Stop	Forward_support	Reverse_support	Total_support	Fuzz_factor
CY207731.1	1015	1293	0	1	1	1293
CY207731.1	1064	1799	0	1	1	1799
CY207731.1	1066	1357	2	2	4	1066
CY207731.1	1135	1862	0	1	1	1862
CY207731.1	1157	1771	0	1	1	1771
CY207731.1	1193	1854	0	1	1	1854
CY207731.1	1266	1778	1	0	1	1266
CY207731.1	1314	1512	1	0	1	1314
CY207731.1	1321	1412	1	1	2	1321
CY207731.1	1373	1477	1	0	1	1373
CY207731.1	1503	1564	0	1	1	1564
CY207731.1	1525	1649	0	1	1	1649
CY207731.1	1538	1872	0	1	1	1872
CY207731.1	1581	1798	1	0	1	1581
CY207731.1	1599	1825	1	0	1	1599
CY207731.1	1704	1747	3	2	5	1704
CY207731.1	1706	1893	0	2	2	1893
CY207731.1	254	780	1	0	1	254
CY207731.1	283	432	1	0	1	283
CY207731.1	294	1669	1	0	1	294
CY207731.1	295	1110	1	0	1	295
CY207731.1	299	1701	0	1	1	1701
CY207731.1	346	1077	1	0	1	346
CY207731.1	349	565	1	0	1	349
CY207731.1	359	439	0	1	1	439
CY207731.1	379	1589	1	0	1	379
CY207731.1	381	504	0	1	1	504
CY207731.1	391	1748	1	0	1	391
CY207731.1	394	1686	1	0	1	394
CY207731.1	397	569	0	1	1	569
CY207731.1	399	1122	0	1	1	1122
CY207731.1	414	901	1	0	1	414
CY207731.1	416	1365	1	0	1	416
CY207731.1	420	729	0	1	1	729
CY207731.1	420	936	0	1	1	936
CY207731.1	429	949	1	0	1	429
CY207731.1	430	1513	0	1	1	1513
CY207731.1	440	575	0	1	1	575
CY207731.1	441	1582	0	1	1	1582
CY207731.1	442	1275	0	1	1	1275
CY207731.1	444	569	0	1	1	569
CY207731.1	448	640	0	1	1	640
CY207731.1	449	1375	2	0	2	449
CY207731.1	450	1376	1	8	9	450
CY207731.1	458	1598	2	13	15	458
CY207731.1	459	1316	0	1	1	1316
CY207731.1	459	697	0	1	1	697
CY207731.1	462	1509	3	7	10	462
CY207731.1	464	1439	0	1	1	1439
CY207731.1	465	1732	1	0	1	465
CY207731.1	467	938	1	0	1	467
CY207731.1	472	1560	1	0	1	472
CY207731.1	473	1156	1	0	1	473
CY207731.1	476	966	0	1	1	966
CY207731.1	477	985	0	1	1	985
CY207731.1	483	513	1	0	1	483
CY207731.1	489	978	0	5	5	978
CY207731.1	490	979	2	0	2	490
CY207731.1	502	789	1	0	1	502
CY207731.1	504	1146	0	1	1	1146
CY207731.1	518	1164	8	2	10	518
CY207731.1	527	1727	0	1	1	1727
CY207731.1	533	723	0	1	1	723
CY207731.1	561	1018	1	0	1	561
CY207731.1	563	1229	5	3	8	563
CY207731.1	568	1204	6	4	10	568
CY207731.1	596	916	1	0	1	596
CY207731.1	602	687	1	0	1	602
CY207731.1	620	822	1	0	1	620
CY207731.1	648	912	2	1	3	648
CY207731.1	650	1390	1	0	1	650
CY207731.1	674	918	1	0	1	674
CY207731.1	704	1791	0	1	1	1791
CY207731.1	706	843	1	0	1	706
CY207731.1	738	1725	1	0	1	738
CY207731.1	740	1749	0	1	1	1749
CY207731.1	752	1801	1	0	1	752
CY207731.1	760	1284	1	0	1	760
CY207731.1	793	1188	0	1	1	1188
CY207731.1	794	1613	3	0	3	794
CY207731.1	799	885	0	1	1	885
CY207731.1	816	1011	0	1	1	1011
CY207731.1	818	886	1	0	1	818
CY207731.1	826	1336	0	1	1	1336
CY207731.1	833	870	1	0	1	833
CY207731.1	898	1354	1	0	1	898
CY207731.1	946	1820	1	0	1	946
CY207731.1	990	1170	0	1	1	1170
CY207731.1	994	1263	0	1	1	1263
CY207732.1	244	726	1	0	1	244
CY207732.1	274	817	1	0	1	274
CY207732.1	274	906	1	0	1	274
CY207732.1	275	848	14	0	14	275
CY207732.1	284	340	1	0	1	284
CY207732.1	299	936	2	0	2	299
CY207732.1	311	857	1	1	2	311
CY207732.1	311	965	1	1	2	311
CY207732.1	314	623	1	0	1	314
CY207732.1	321	586	0	2	2	586
CY207732.1	321	802	1	1	2	321
CY207732.1	337	662	0	1	1	662
CY207732.1	341	504	1	0	1	341
CY207732.1	341	544	1	0	1	341
CY207732.1	350	662	0	1	1	662
CY207732.1	361	801	1	0	1	361
CY207732.1	362	1141	0	1	1	1141
CY207732.1	372	914	1	0	1	372
CY207732.1	377	700	0	1	1	700
CY207732.1	378	469	1	0	1	378
CY207732.1	386	832	0	1	1	832
CY207732.1	387	561	0	1	1	561
CY207732.1	387	885	0	1	1	885
CY207732.1	390	913	1	0	1	390
CY207732.1	393	893	0	1	1	893
CY207732.1	393	916	0	1	1	916
CY207732.1	396	1053	0	1	1	1053
CY207732.1	397	600	0	1	1	600
CY207732.1	402	618	0	1	1	618
CY207732.1	405	521	0	1	1	521
CY207732.1	405	654	1	0	1	405
CY207732.1	414	973	0	1	1	973
CY207732.1	420	1147	0	1	1	1147
CY207732.1	428	994	1	0	1	428
CY207732.1	431	952	0	1	1	952
CY207732.1	434	678	0	2	2	678
CY207732.1	441	912	0	1	1	912
CY207732.1	445	863	1	4	5	445
CY207732.1	447	821	1	11	12	447
CY207732.1	453	778	0	1	1	778
CY207732.1	469	1051	0	1	1	1051
CY207732.1	485	1081	1	0	1	485
CY207732.1	487	915	1	0	1	487
CY207732.1	497	725	0	1	1	725
CY207732.1	498	613	1	0	1	498
CY207732.1	498	794	0	1	1	794
CY207732.1	499	860	0	1	1	860
CY207732.1	509	661	0	1	1	661
CY207732.1	519	635	0	3	3	635
CY207732.1	534	1176	0	1	1	1176
CY207732.1	536	873	1	2	3	536
CY207732.1	537	673	0	1	1	673
CY207732.1	549	815	1	0	1	549
CY207732.1	557	828	2	4	6	557
CY207732.1	558	735	1	0	1	558
CY207732.1	564	929	1	0	1	564
CY207732.1	569	684	1	0	1	569
CY207732.1	577	764	1	0	1	577
CY207732.1	582	607	0	1	1	607
CY207732.1	585	1156	0	1	1	1156
CY207732.1	617	756	0	1	1	756
CY207732.1	630	723	0	1	1	723
CY207732.1	648	877	1	0	1	648
CY207732.1	679	815	0	1	1	815
CY207732.1	685	839	2	1	3	685
CY207732.1	696	814	1	2	3	696
CY207732.1	706	791	0	1	1	791
CY207732.1	718	860	1	0	1	718
CY207732.1	726	752	0	1	1	752
CY207732.1	732	1072	1	0	1	732
CY207732.1	740	842	0	1	1	842
CY207732.1	758	831	0	1	1	831
CY207732.1	759	859	1	0	1	759
CY207732.1	792	862	0	1	1	862
CY207732.1	804	1014	2	3	5	804
CY207732.1	815	1142	0	1	1	1142
CY207732.1	816	858	0	1	1	858
CY207732.1	819	1083	0	1	1	1083
CY207732.1	834	1022	0	1	1	1022
CY207732.1	859	1167	0	1	1	1167
CY207732.1	860	932	1	0	1	860
CY207732.1	919	1016	4	1	5	919
CY207732.1	969	1059	1	0	1	969
CY207732.1	975	1029	0	1	1	1029
CY207733.1	1024	1222	1	0	1	1024
CY207733.1	1094	1148	0	1	1	1148
CY207733.1	282	1253	3	0	3	282
CY207733.1	331	1481	1	3	4	331
CY207733.1	368	1161	0	1	1	1161
CY207733.1	405	932	0	1	1	932
CY207733.1	433	1033	0	1	1	1033
CY207733.1	434	1251	0	1	1	1251
CY207733.1	439	994	2	3	5	439
CY207733.1	442	520	0	1	1	520
CY207733.1	474	1264	1	0	1	474
CY207733.1	578	1081	3	1	4	578
CY207733.1	599	1383	0	1	1	1383
CY207733.1	623	918	2	0	2	623
CY207733.1	645	980	0	2	2	980
CY207733.1	687	1543	0	1	1	1543
CY207733.1	777	1015	0	1	1	1015
CY207733.1	888	1268	0	1	1	1268
CY207733.1	948	1027	2	2	4	948
CY207733.1	955	1041	1	0	1	955
CY207734.1	1012	1084	3	1	4	1012
CY207734.1	1019	1598	0	1	1	1598
CY207734.1	1025	1419	0	1	1	1419
CY207734.1	1109	1144	1	3	4	1109
CY207734.1	1207	1437	1	0	1	1207
CY207734.1	1310	1491	0	1	1	1491
CY207734.1	1326	1471	1	2	3	1326
CY207734.1	1354	1520	1	0	1	1354
CY207734.1	1388	1560	0	1	1	1560
CY207734.1	1442	1535	1	0	1	1442
CY207734.1	1442	1566	2	0	2	1442
CY207734.1	1506	1567	1	0	1	1506
CY207734.1	1547	1624	0	1	1	1624
CY207734.1	1564	1631	0	1	1	1631
CY207734.1	244	1451	1	0	1	244
CY207734.1	246	603	1	0	1	246
CY207734.1	262	936	1	0	1	262
CY207734.1	275	805	2	0	2	275
CY207734.1	278	589	1	0	1	278
CY207734.1	280	1064	1	0	1	280
CY207734.1	288	1614	0	1	1	1614
CY207734.1	291	816	2	0	2	291
CY207734.1	319	753	0	1	1	753
CY207734.1	327	649	0	1	1	649
CY207734.1	330	940	1	0	1	330
CY207734.1	334	995	0	1	1	995
CY207734.1	348	1173	0	1	1	1173
CY207734.1	352	688	0	1	1	688
CY207734.1	359	761	0	5	5	761
CY207734.1	371	800	0	1	1	800
CY207734.1	372	1631	0	1	1	1631
CY207734.1	374	1482	1	0	1	374
CY207734.1	396	1381	0	1	1	1381
CY207734.1	411	851	1	5	6	411
CY207734.1	414	527	1	0	1	414
CY207734.1	420	757	0	1	1	757
CY207734.1	421	1249	1	0	1	421
CY207734.1	423	1271	0	1	1	1271
CY207734.1	435	983	0	1	1	983
CY207734.1	437	556	0	1	1	556
CY207734.1	442	1644	0	1	1	1644
CY207734.1	465	559	1	0	1	465
CY207734.1	470	590	1	4	5	470
CY207734.1	484	1428	0	1	1	1428
CY207734.1	488	724	0	1	1	724
CY207734.1	508	725	0	2	2	725
CY207734.1	516	1465	1	0	1	516
CY207734.1	518	767	1	0	1	518
CY207734.1	521	841	2	0	2	521
CY207734.1	554	1332	0	1	1	1332
CY207734.1	577	1567	0	1	1	1567
CY207734.1	591	761	0	1	1	761
CY207734.1	615	1537	1	0	1	615
CY207734.1	620	812	0	1	1	812
CY207734.1	630	1044	1	0	1	630
CY207734.1	635	1532	1	0	1	635
CY207734.1	674	1458	0	1	1	1458
CY207734.1	680	774	0	1	1	774
CY207734.1	690	1076	0	1	1	1076
CY207734.1	693	1073	1	0	1	693
CY207734.1	700	757	0	1	1	757
CY207734.1	722	939	0	1	1	939
CY207734.1	738	1247	1	0	1	738
CY207734.1	738	982	0	1	1	982
CY207734.1	741	775	0	1	1	775
CY207734.1	772	1488	0	1	1	1488
CY207734.1	814	1036	0	1	1	1036
CY207734.1	821	1035	3	1	4	821
CY207734.1	824	1049	4	4	8	824
CY207734.1	839	1275	0	1	1	1275
CY207734.1	844	1600	0	1	1	1600
CY207734.1	873	1197	0	1	1	1197
CY207734.1	939	1281	0	1	1	1281
CY207734.1	943	1031	1	2	3	943
CY207734.1	958	1139	0	1	1	1139
CY207734.1	971	1042	1	0	1	971
CY207735.1	365	1014	0	1	1	1014
CY207735.1	398	807	0	1	1	807
CY207735.1	499	729	1	0	1	499
CY207735.1	511	740	20	48	68	511
CY207735.1	519	746	1	2	3	519
CY207735.1	548	711	0	1	1	711
CY207735.1	629	700	0	1	1	700
CY207735.1	669	777	1	2	3	669
CY207736.1	1059	1157	1	0	1	1059
CY207736.1	1077	1981	0	1	1	1981
CY207736.1	1095	1789	1	2	3	1095
CY207736.1	1101	1874	1	0	1	1101
CY207736.1	1107	1393	0	1	1	1393
CY207736.1	1117	2192	3	5	8	1117
CY207736.1	1147	2209	0	1	1	2209
CY207736.1	1182	1472	0	1	1	1472
CY207736.1	1205	1270	0	2	2	1270
CY207736.1	1208	1680	3	4	7	1208
CY207736.1	1212	1578	1	0	1	1212
CY207736.1	1232	1582	1	0	1	1232
CY207736.1	1277	1861	1	2	3	1277
CY207736.1	1278	1599	1	0	1	1278
CY207736.1	1297	2236	1	0	1	1297
CY207736.1	1387	2077	1	0	1	1387
CY207736.1	1404	2130	0	1	1	2130
CY207736.1	1435	1561	1	0	1	1435
CY207736.1	1453	1540	0	1	1	1540
CY207736.1	1478	2254	1	0	1	1478
CY207736.1	1481	2014	1	0	1	1481
CY207736.1	1519	1730	0	1	1	1730
CY207736.1	1530	1565	1	0	1	1530
CY207736.1	1566	1995	0	2	2	1995
CY207736.1	1585	1842	0	1	1	1842
CY207736.1	1719	2350	0	1	1	2350
CY207736.1	1730	1981	1	0	1	1730
CY207736.1	1739	2146	1	0	1	1739
CY207736.1	1879	1973	0	1	1	1973
CY207736.1	1909	1951	5	3	8	1909
CY207736.1	1943	2030	1	1	2	1943
CY207736.1	1944	2043	1	0	1	1944
CY207736.1	1957	2094	1	0	1	1957
CY207736.1	2007	2096	0	1	1	2096
CY207736.1	256	1043	1	0	1	256
CY207736.1	256	1351	1	0	1	256
CY207736.1	281	2208	2	0	2	281
CY207736.1	282	1398	1	0	1	282
CY207736.1	285	2126	1	0	1	285
CY207736.1	290	2270	2	0	2	290
CY207736.1	291	2043	1	0	1	291
CY207736.1	291	812	1	0	1	291
CY207736.1	292	377	2	0	2	292
CY207736.1	311	394	0	1	1	394
CY207736.1	320	446	1	0	1	320
CY207736.1	334	2207	4	1	5	334
CY207736.1	335	2224	1	0	1	335
CY207736.1	347	1764	0	1	1	1764
CY207736.1	351	441	5	13	18	351
CY207736.1	376	2027	1	0	1	376
CY207736.1	406	1577	0	1	1	1577
CY207736.1	409	437	1	1	2	409
CY207736.1	414	1694	0	1	1	1694
CY207736.1	439	1937	1	0	1	439
CY207736.1	442	1347	1	0	1	442
CY207736.1	451	1393	2	0	2	451
CY207736.1	452	1368	8	0	8	452
CY207736.1	453	1089	2	2	4	453
CY207736.1	453	1950	2	1	3	453
CY207736.1	455	2065	0	8	8	2065
CY207736.1	463	1957	1	0	1	463
CY207736.1	464	1421	1	0	1	464
CY207736.1	466	1120	0	1	1	1120
CY207736.1	469	892	0	1	1	892
CY207736.1	500	2133	4	6	10	500
CY207736.1	522	1255	1	0	1	522
CY207736.1	522	1325	5	1	6	522
CY207736.1	540	565	0	1	1	565
CY207736.1	546	2155	0	5	5	2155
CY207736.1	548	1963	1	0	1	548
CY207736.1	554	1950	0	1	1	1950
CY207736.1	572	1433	1	0	1	572
CY207736.1	572	658	1	0	1	572
CY207736.1	574	1733	0	1	1	1733
CY207736.1	576	1999	1	1	2	576
CY207736.1	582	1059	1	0	1	582
CY207736.1	583	2188	0	3	3	2188
CY207736.1	587	1169	1	0	1	587
CY207736.1	587	1450	2	1	3	587
CY207736.1	590	1799	1	0	1	590
CY207736.1	591	2018	3	3	6	591
CY207736.1	596	2002	0	1	1	2002
CY207736.1	597	1996	0	1	1	1996
CY207736.1	598	904	0	3	3	904
CY207736.1	600	1964	1	2	3	600
CY207736.1	620	1949	2	0	2	620
CY207736.1	640	825	0	1	1	825
CY207736.1	643	1518	5	2	7	643
CY207736.1	649	1135	1	0	1	649
CY207736.1	675	1183	1	0	1	675
CY207736.1	678	1955	3	7	10	678
CY207736.1	684	1678	2	0	2	684
CY207736.1	685	1964	0	1	1	1964
CY207736.1	691	1825	0	1	1	1825
CY207736.1	697	1009	0	1	1	1009
CY207736.1	699	1995	0	1	1	1995
CY207736.1	700	1251	0	1	1	1251
CY207736.1	700	1996	4	2	6	700
CY207736.1	719	1855	2	7	9	719
CY207736.1	720	1857	0	1	1	1857
CY207736.1	722	1165	1	0	1	722
CY207736.1	726	1215	0	1	1	1215
CY207736.1	769	2080	5	7	12	769
CY207736.1	776	1377	7	0	7	776
CY207736.1	800	2155	0	1	1	2155
CY207736.1	812	1689	1	0	1	812
CY207736.1	814	1710	1	0	1	814
CY207736.1	816	1259	0	1	1	1259
CY207736.1	817	2111	0	1	1	2111
CY207736.1	820	1424	1	0	1	820
CY207736.1	840	1945	0	1	1	1945
CY207736.1	852	2071	1	0	1	852
CY207736.1	858	915	2	0	2	858
CY207736.1	862	1609	1	1	2	862
CY207736.1	881	1416	1	0	1	881
CY207736.1	889	1860	0	1	1	1860
CY207736.1	894	1514	1	0	1	894
CY207736.1	915	1667	26	23	49	915
CY207736.1	915	2358	0	1	1	2358
CY207736.1	951	1610	1	0	1	951
CY207737.1	1061	2220	0	1	1	2220
CY207737.1	1070	2096	0	1	1	2096
CY207737.1	1097	2036	0	1	1	2036
CY207737.1	1107	1157	1	0	1	1107
CY207737.1	1137	1735	0	1	1	1735
CY207737.1	1398	1776	1	0	1	1398
CY207737.1	1413	1446	1	0	1	1413
CY207737.1	1494	2135	2	0	2	1494
CY207737.1	1590	2385	0	1	1	2385
CY207737.1	1667	1931	1	0	1	1667
CY207737.1	1704	1921	0	1	1	1921
CY207737.1	1741	1797	1	0	1	1741
CY207737.1	1927	2257	0	1	1	2257
CY207737.1	2021	2454	0	1	1	2454
CY207737.1	317	2186	0	3	3	2186
CY207737.1	376	405	0	1	1	405
CY207737.1	395	527	0	1	1	527
CY207737.1	411	2175	5	0	5	411
CY207737.1	430	2185	1	0	1	430
CY207737.1	477	1536	1	0	1	477
CY207737.1	485	2234	0	1	1	2234
CY207737.1	507	2454	0	1	1	2454
CY207737.1	548	1595	1	0	1	548
CY207737.1	553	2186	4	1	5	553
CY207737.1	569	2243	4	1	5	569
CY207737.1	576	1278	0	1	1	1278
CY207737.1	591	995	1	0	1	591
CY207737.1	602	2129	0	1	1	2129
CY207737.1	603	2159	1	0	1	603
CY207737.1	611	1796	0	1	1	1796
CY207737.1	705	2317	1	0	1	705
CY207737.1	706	2059	6	4	10	706
CY207737.1	737	1572	1	0	1	737
CY207737.1	803	1821	0	2	2	1821
CY207737.1	809	1299	0	1	1	1299
CY207737.1	810	1813	0	1	1	1813
CY207737.1	814	1830	1	0	1	814
CY207737.1	824	1920	1	0	1	824
CY207737.1	830	1562	0	1	1	1562
CY207737.1	859	1952	4	6	10	859
CY207737.1	908	1574	1	0	1	908
CY207737.1	911	1026	1	0	1	911
CY207737.1	969	2208	1	0	1	969
CY207737.1	994	2182	2	6	8	994
CY207737.1	998	2186	0	1	1	2186
CY207738.1	1030	1252	1	0	1	1030
CY207738.1	1072	1643	1	0	1	1072
CY207738.1	1105	1739	0	1	1	1739
CY207738.1	1124	2330	2	4	6	1124
CY207738.1	1223	1612	1	0	1	1223
CY207738.1	1224	1555	0	1	1	1555
CY207738.1	1259	2387	1	0	1	1259
CY207738.1	1262	1775	0	1	1	1775
CY207738.1	1366	1920	0	1	1	1920
CY207738.1	1368	2455	0	1	1	2455
CY207738.1	1444	2363	1	0	1	1444
CY207738.1	1446	1814	0	1	1	1814
CY207738.1	1488	1802	1	0	1	1488
CY207738.1	1571	1844	0	1	1	1844
CY207738.1	1638	2226	0	1	1	2226
CY207738.1	1658	2301	0	1	1	2301
CY207738.1	1679	2035	0	1	1	2035
CY207738.1	1695	1940	1	0	1	1695
CY207738.1	1700	1733	1	0	1	1700
CY207738.1	1849	2183	0	1	1	2183
CY207738.1	1851	2254	0	1	1	2254
CY207738.1	1913	2357	2	0	2	1913
CY207738.1	1923	1946	1	0	1	1923
CY207738.1	1964	2153	0	1	1	2153
CY207738.1	2144	2259	0	1	1	2259
CY207738.1	2180	2256	1	0	1	2180
CY207738.1	2223	2335	1	0	1	2223
CY207738.1	2237	2461	0	1	1	2461
CY207738.1	2256	2326	2	0	2	2256
CY207738.1	2269	2351	2	1	3	2269
CY207738.1	236	931	1	0	1	236
CY207738.1	240	796	1	0	1	240
CY207738.1	259	648	1	0	1	259
CY207738.1	280	341	1	0	1	280
CY207738.1	390	2276	0	12	12	2276
CY207738.1	398	1044	0	1	1	1044
CY207738.1	408	1411	0	1	1	1411
CY207738.1	408	2387	0	1	1	2387
CY207738.1	424	1815	1	0	1	424
CY207738.1	425	2306	0	1	1	2306
CY207738.1	435	2155	11	46	57	435
CY207738.1	456	1842	0	1	1	1842
CY207738.1	492	1130	0	1	1	1130
CY207738.1	503	1791	3	0	3	503
CY207738.1	516	2282	0	1	1	2282
CY207738.1	544	1879	0	1	1	1879
CY207738.1	553	2154	4	2	6	553
CY207738.1	564	943	0	1	1	943
CY207738.1	587	2054	0	1	1	2054
CY207738.1	643	2037	3	4	7	643
CY207738.1	654	2332	0	1	1	2332
CY207738.1	699	1904	9	4	13	699
CY207738.1	720	916	0	1	1	916
CY207738.1	721	1948	0	4	4	1948
CY207738.1	739	1599	1	0	1	739
CY207738.1	769	1081	0	1	1	1081
CY207738.1	806	1903	1	0	1	806
CY207738.1	820	2227	8	3	11	820
CY207738.1	847	1284	0	1	1	1284
CY207738.1	848	1701	1	0	1	848
CY207738.1	869	1398	0	1	1	1398
CY207738.1	877	2184	4	3	7	877
CY207738.1	953	1636	2	2	4	953
CY207738.1	961	2342	8	5	13	961
CY207738.1	962	2465	0	1	1	2465
CY207738.1	981	2016	1	0	1	981
