Segment	Start	Stop	Forward_support	Reverse_support	Total_support	Fuzz_factor
CY207731.1	1024	1594	1	0	1	1024
CY207731.1	1043	1695	1	0	1	1043
CY207731.1	1088	1460	0	1	1	1460
CY207731.1	1222	1666	1	0	1	1222
CY207731.1	1230	1603	0	1	1	1603
CY207731.1	1240	1624	1	0	1	1240
CY207731.1	1309	1872	0	1	1	1872
CY207731.1	1321	1772	0	1	1	1772
CY207731.1	1437	1717	1	0	1	1437
CY207731.1	1449	1566	0	1	1	1566
CY207731.1	1539	1908	0	1	1	1908
CY207731.1	1602	1789	1	0	1	1602
CY207731.1	1756	1879	0	1	1	1879
CY207731.1	249	523	1	0	1	249
CY207731.1	289	1284	1	0	1	289
CY207731.1	293	808	1	0	1	293
CY207731.1	367	1101	0	1	1	1101
CY207731.1	379	411	0	1	1	411
CY207731.1	382	1410	0	1	1	1410
CY207731.1	386	1705	2	31	33	386
CY207731.1	396	1872	0	1	1	1872
CY207731.1	398	1752	0	1	1	1752
CY207731.1	418	1904	0	1	1	1904
CY207731.1	421	1067	0	1	1	1067
CY207731.1	421	576	0	1	1	576
CY207731.1	425	479	0	1	1	479
CY207731.1	434	469	0	1	1	469
CY207731.1	435	1614	0	1	1	1614
CY207731.1	457	1758	1	0	1	457
CY207731.1	462	903	0	1	1	903
CY207731.1	464	1792	0	1	1	1792
CY207731.1	481	1422	1	0	1	481
CY207731.1	509	1193	1	0	1	509
CY207731.1	544	1634	0	1	1	1634
CY207731.1	562	585	0	1	1	585
CY207731.1	575	1245	0	1	1	1245
CY207731.1	576	646	0	1	1	646
CY207731.1	593	1154	0	1	1	1154
CY207731.1	691	1910	0	1	1	1910
CY207731.1	719	1457	0	1	1	1457
CY207731.1	744	1610	1	0	1	744
CY207731.1	781	1704	1	0	1	781
CY207731.1	810	1891	0	1	1	1891
CY207731.1	830	1718	1	0	1	830
CY207731.1	864	1228	0	1	1	1228
CY207731.1	930	1432	1	0	1	930
CY207731.1	931	1464	0	1	1	1464
CY207731.1	989	1871	0	1	1	1871
CY207731.1	995	1694	0	1	1	1694
CY207731.1	996	1116	1	0	1	996
CY207731.1	999	1140	1	0	1	999
CY207732.1	1025	1092	0	1	1	1092
CY207732.1	1031	1149	0	1	1	1149
CY207732.1	251	905	1	0	1	251
CY207732.1	271	1084	1	0	1	271
CY207732.1	276	561	1	0	1	276
CY207732.1	312	360	0	1	1	360
CY207732.1	333	936	0	1	1	936
CY207732.1	351	829	0	1	1	829
CY207732.1	371	897	0	1	1	897
CY207732.1	376	424	1	0	1	376
CY207732.1	392	759	1	0	1	392
CY207732.1	393	608	0	1	1	608
CY207732.1	394	868	0	1	1	868
CY207732.1	397	805	1	0	1	397
CY207732.1	403	769	0	1	1	769
CY207732.1	404	905	1	0	1	404
CY207732.1	414	462	0	1	1	462
CY207732.1	414	791	0	1	1	791
CY207732.1	470	953	0	1	1	953
CY207732.1	473	1019	1	0	1	473
CY207732.1	478	1052	0	1	1	1052
CY207732.1	483	1071	1	0	1	483
CY207732.1	499	555	0	1	1	555
CY207732.1	501	820	1	0	1	501
CY207732.1	517	824	0	1	1	824
CY207732.1	523	809	1	0	1	523
CY207732.1	535	906	0	1	1	906
CY207732.1	542	793	0	1	1	793
CY207732.1	543	882	0	1	1	882
CY207732.1	584	633	11	14	25	584
CY207732.1	587	990	1	0	1	587
CY207732.1	601	826	1	0	1	601
CY207732.1	607	706	1	0	1	607
CY207732.1	654	1032	0	1	1	1032
CY207732.1	679	1017	1	0	1	679
CY207732.1	683	796	0	1	1	796
CY207732.1	703	919	5	3	8	703
CY207732.1	718	860	1	0	1	718
CY207732.1	719	753	0	1	1	753
CY207732.1	818	1027	1	0	1	818
CY207732.1	920	1165	0	1	1	1165
CY207732.1	942	1000	1	0	1	942
CY207733.1	1033	1334	0	1	1	1334
CY207733.1	1073	1409	0	1	1	1409
CY207733.1	1095	1524	0	1	1	1524
CY207733.1	1159	1183	0	1	1	1183
CY207733.1	1233	1579	0	1	1	1579
CY207733.1	1333	1355	0	1	1	1355
CY207733.1	272	1169	1	0	1	272
CY207733.1	331	425	0	1	1	425
CY207733.1	399	783	0	1	1	783
CY207733.1	426	984	0	1	1	984
CY207733.1	428	648	0	1	1	648
CY207733.1	460	886	0	1	1	886
CY207733.1	463	511	0	1	1	511
CY207733.1	466	525	0	1	1	525
CY207733.1	595	649	0	1	1	649
CY207733.1	600	646	0	1	1	646
CY207733.1	603	870	1	0	1	603
CY207733.1	620	1443	1	0	1	620
CY207733.1	648	686	1	0	1	648
CY207733.1	747	1264	1	0	1	747
CY207733.1	776	1061	1	0	1	776
CY207733.1	976	1003	0	1	1	1003
CY207734.1	1056	1373	0	1	1	1373
CY207734.1	1140	1622	0	1	1	1622
CY207734.1	1304	1573	1	0	1	1304
CY207734.1	1332	1397	1	0	1	1332
CY207734.1	246	603	2	0	2	246
CY207734.1	288	822	1	0	1	288
CY207734.1	290	684	1	0	1	290
CY207734.1	315	1354	0	1	1	1354
CY207734.1	319	1421	1	0	1	319
CY207734.1	344	1123	0	1	1	1123
CY207734.1	357	919	1	0	1	357
CY207734.1	366	531	1	0	1	366
CY207734.1	373	457	1	0	1	373
CY207734.1	381	728	0	1	1	728
CY207734.1	385	846	0	1	1	846
CY207734.1	397	1287	0	1	1	1287
CY207734.1	403	759	0	1	1	759
CY207734.1	412	550	0	1	1	550
CY207734.1	415	1016	0	1	1	1016
CY207734.1	419	1679	0	1	1	1679
CY207734.1	423	1169	1	0	1	423
CY207734.1	424	1692	0	1	1	1692
CY207734.1	430	510	0	1	1	510
CY207734.1	452	1239	0	1	1	1239
CY207734.1	474	868	0	1	1	868
CY207734.1	491	1717	0	1	1	1717
CY207734.1	520	1279	1	0	1	520
CY207734.1	529	1367	0	1	1	1367
CY207734.1	556	812	1	0	1	556
CY207734.1	597	799	1	0	1	597
CY207734.1	666	1404	0	1	1	1404
CY207734.1	691	1605	0	1	1	1605
CY207734.1	712	1400	1	0	1	712
CY207734.1	750	1633	0	1	1	1633
CY207734.1	794	1090	0	1	1	1090
CY207734.1	796	1306	1	0	1	796
CY207734.1	829	1306	1	0	1	829
CY207734.1	840	1625	0	1	1	1625
CY207734.1	900	1150	1	0	1	900
CY207734.1	920	1322	0	1	1	1322
CY207734.1	957	1502	0	1	1	1502
CY207735.1	236	296	1	0	1	236
CY207735.1	281	387	1	0	1	281
CY207735.1	288	378	1	0	1	288
CY207735.1	316	355	0	1	1	355
CY207735.1	354	628	0	1	1	628
CY207735.1	361	1033	0	1	1	1033
CY207735.1	459	808	1	0	1	459
CY207735.1	511	740	4	5	9	511
CY207735.1	519	746	25	69	94	519
CY207735.1	519	747	1	0	1	519
CY207735.1	543	571	1	0	1	543
CY207735.1	574	788	1	0	1	574
CY207735.1	589	755	0	1	1	755
CY207735.1	674	791	0	1	1	791
CY207735.1	706	867	1	0	1	706
CY207736.1	1004	2355	0	1	1	2355
CY207736.1	1094	2017	1	0	1	1094
CY207736.1	1095	2343	0	1	1	2343
CY207736.1	1139	1897	1	0	1	1139
CY207736.1	1154	2025	1	0	1	1154
CY207736.1	1189	1972	0	1	1	1972
CY207736.1	1204	2132	0	1	1	2132
CY207736.1	1205	1495	0	1	1	1495
CY207736.1	1343	1401	1	0	1	1343
CY207736.1	1348	1608	1	0	1	1348
CY207736.1	1380	2154	1	0	1	1380
CY207736.1	1427	1797	0	1	1	1797
CY207736.1	1458	1553	0	1	1	1553
CY207736.1	1566	1995	20	0	20	1566
CY207736.1	1583	2033	0	1	1	2033
CY207736.1	1608	1936	1	0	1	1608
CY207736.1	1622	1957	0	1	1	1957
CY207736.1	1703	1956	7	4	11	1703
CY207736.1	1744	1993	0	1	1	1993
CY207736.1	1746	2104	1	0	1	1746
CY207736.1	1832	2017	1	0	1	1832
CY207736.1	2070	2130	103	41	144	2070
CY207736.1	353	1572	0	1	1	1572
CY207736.1	442	943	1	0	1	442
CY207736.1	474	1127	0	1	1	1127
CY207736.1	498	1686	0	1	1	1686
CY207736.1	532	1764	0	1	1	1764
CY207736.1	587	1561	0	1	1	1561
CY207736.1	617	675	81	62	143	617
CY207736.1	631	695	0	1	1	695
CY207736.1	673	1870	71	59	130	673
CY207736.1	675	1333	0	1	1	1333
CY207736.1	682	1115	0	1	1	1115
CY207736.1	740	1716	5	0	5	740
CY207736.1	745	813	1	0	1	745
CY207736.1	755	1737	55	85	140	755
CY207736.1	780	1464	1	0	1	780
CY207736.1	797	2344	0	1	1	2344
CY207736.1	814	1710	3	0	3	814
CY207736.1	823	1389	0	1	1	1389
CY207736.1	831	1664	1	0	1	831
CY207736.1	847	1579	0	1	1	1579
CY207736.1	870	1850	1	0	1	870
CY207736.1	879	1910	0	1	1	1910
CY207736.1	922	2347	0	1	1	2347
CY207736.1	926	1240	1	0	1	926
CY207736.1	940	1041	0	1	1	1041
CY207736.1	940	1094	1	0	1	940
CY207736.1	946	2365	0	4	4	2365
CY207736.1	950	1524	0	1	1	1524
CY207736.1	970	992	0	1	1	992
CY207736.1	985	1867	0	1	1	1867
CY207736.1	986	1521	0	1	1	1521
CY207737.1	1078	1737	0	1	1	1737
CY207737.1	1090	2344	1	0	1	1090
CY207737.1	1129	1671	0	1	1	1671
CY207737.1	1701	1742	0	1	1	1742
CY207737.1	1746	2210	0	1	1	2210
CY207737.1	2217	2281	1	0	1	2217
CY207737.1	2217	2283	1	0	1	2217
CY207737.1	2361	2387	1	0	1	2361
CY207737.1	356	895	0	1	1	895
CY207737.1	358	770	1	0	1	358
CY207737.1	383	461	3	0	3	383
CY207737.1	390	416	0	1	1	416
CY207737.1	393	1323	1	1	2	393
CY207737.1	539	1575	0	1	1	1575
CY207737.1	737	1318	0	1	1	1318
CY207737.1	790	990	0	1	1	990
CY207737.1	794	1705	0	1	1	1705
CY207737.1	795	1640	1	0	1	795
CY207737.1	800	1847	0	1	1	1847
CY207737.1	834	1035	0	1	1	1035
CY207737.1	842	1383	0	2	2	1383
CY207737.1	925	963	0	1	1	963
CY207737.1	953	1950	0	1	1	1950
CY207738.1	1100	1659	0	1	1	1659
CY207738.1	1117	2312	1	0	1	1117
CY207738.1	1121	1891	1	0	1	1121
CY207738.1	1201	1537	0	1	1	1537
CY207738.1	1270	2184	0	1	1	2184
CY207738.1	1324	1680	0	1	1	1680
CY207738.1	1393	2336	0	1	1	2336
CY207738.1	1396	1849	0	1	1	1849
CY207738.1	1425	1977	0	1	1	1977
CY207738.1	1515	1705	1	0	1	1515
CY207738.1	1540	1620	0	1	1	1620
CY207738.1	1575	2198	0	1	1	2198
CY207738.1	1726	1860	1	0	1	1726
CY207738.1	1819	2144	0	1	1	2144
CY207738.1	1879	2144	1	0	1	1879
CY207738.1	2256	2326	12	3	15	2256
CY207738.1	2386	2413	1	0	1	2386
CY207738.1	2388	2415	103	76	179	2388
CY207738.1	285	662	1	0	1	285
CY207738.1	322	1310	0	1	1	1310
CY207738.1	322	720	0	1	1	720
CY207738.1	329	2274	1	1	2	329
CY207738.1	332	1228	0	1	1	1228
CY207738.1	333	1243	1	0	1	333
CY207738.1	335	743	0	1	1	743
CY207738.1	346	1330	0	2	2	1330
CY207738.1	369	1673	0	1	1	1673
CY207738.1	371	2313	120	293	413	371
CY207738.1	372	2314	0	1	1	2314
CY207738.1	375	1642	0	1	1	1642
CY207738.1	376	477	1	0	1	376
CY207738.1	383	2323	0	4	4	2323
CY207738.1	395	767	0	1	1	767
CY207738.1	396	1987	0	1	1	1987
CY207738.1	404	776	1	0	1	404
CY207738.1	407	2331	0	1	1	2331
CY207738.1	408	2215	0	1	1	2215
CY207738.1	410	474	1	0	1	410
CY207738.1	411	2385	1	0	1	411
CY207738.1	417	2330	0	2	2	2330
CY207738.1	421	1032	1	0	1	421
CY207738.1	424	1370	0	2	2	1370
CY207738.1	428	2338	0	1	1	2338
CY207738.1	439	2360	0	1	1	2360
CY207738.1	477	570	1	0	1	477
CY207738.1	494	1710	2	0	2	494
CY207738.1	513	2170	0	1	1	2170
CY207738.1	568	839	0	1	1	839
CY207738.1	740	1733	1	1	2	740
CY207738.1	757	942	0	1	1	942
CY207738.1	786	825	0	1	1	825
CY207738.1	802	2082	0	1	1	2082
CY207738.1	822	1164	1	0	1	822
CY207738.1	823	2152	0	1	1	2152
CY207738.1	856	938	0	1	1	938
CY207738.1	896	1101	1	0	1	896
