Segment	Start	Stop	Forward_support	Reverse_support	Total_support	Fuzz_factor
CY207731.1	1015	1785	1	0	1	1015
CY207731.1	1038	1629	0	1	1	1629
CY207731.1	1056	1093	0	1	1	1093
CY207731.1	1116	1402	0	1	1	1402
CY207731.1	1129	1162	0	1	1	1162
CY207731.1	1203	1432	1	0	1	1203
CY207731.1	1221	1387	1	0	1	1221
CY207731.1	1221	1892	0	1	1	1892
CY207731.1	1233	1499	0	1	1	1499
CY207731.1	1242	1517	1	0	1	1242
CY207731.1	1248	1885	0	1	1	1885
CY207731.1	1264	1306	0	1	1	1306
CY207731.1	1308	1765	1	0	1	1308
CY207731.1	1313	1416	0	1	1	1416
CY207731.1	1324	1673	0	1	1	1673
CY207731.1	1356	1448	0	1	1	1448
CY207731.1	1360	1852	0	1	1	1852
CY207731.1	1389	1871	0	1	1	1871
CY207731.1	1489	1655	0	1	1	1655
CY207731.1	1519	1658	1	0	1	1519
CY207731.1	1521	1660	0	1	1	1660
CY207731.1	1529	1683	0	1	1	1683
CY207731.1	1588	1622	2	0	2	1588
CY207731.1	1662	1727	1	0	1	1662
CY207731.1	1673	1745	3	0	3	1673
CY207731.1	1690	1742	2	0	2	1690
CY207731.1	1695	1746	1	1	2	1695
CY207731.1	1701	1744	2	0	2	1701
CY207731.1	1705	1746	15	9	24	1705
CY207731.1	1708	1745	7	0	7	1708
CY207731.1	1711	1752	1	0	1	1711
CY207731.1	1718	1748	1	1	2	1718
CY207731.1	1817	1888	0	1	1	1888
CY207731.1	238	1659	1	0	1	238
CY207731.1	254	1026	1	0	1	254
CY207731.1	272	825	1	0	1	272
CY207731.1	277	594	1	0	1	277
CY207731.1	287	393	11	0	11	287
CY207731.1	289	403	10	0	10	289
CY207731.1	335	1271	1	0	1	335
CY207731.1	344	1499	1	0	1	344
CY207731.1	352	1510	6	2	8	352
CY207731.1	364	1705	0	2	2	1705
CY207731.1	368	419	2	8	10	368
CY207731.1	371	1599	1	0	1	371
CY207731.1	372	554	0	1	1	554
CY207731.1	374	852	1	0	1	374
CY207731.1	377	1592	0	2	2	1592
CY207731.1	379	1505	4	4	8	379
CY207731.1	380	479	0	1	1	479
CY207731.1	383	1616	11	37	48	383
CY207731.1	384	1907	0	1	1	1907
CY207731.1	387	1124	1	0	1	387
CY207731.1	389	1333	1	0	1	389
CY207731.1	390	1696	1	0	1	390
CY207731.1	392	1672	12	7	19	392
CY207731.1	393	1723	0	1	1	1723
CY207731.1	394	630	1	0	1	394
CY207731.1	395	1684	2	0	2	395
CY207731.1	397	1589	5	34	39	397
CY207731.1	400	519	1	0	1	400
CY207731.1	401	1744	2	6	8	401
CY207731.1	409	1605	0	1	1	1605
CY207731.1	413	1706	1	0	1	413
CY207731.1	418	1668	6	8	14	418
CY207731.1	419	1748	0	1	1	1748
CY207731.1	430	1694	1	0	1	430
CY207731.1	442	724	1	0	1	442
CY207731.1	444	938	0	1	1	938
CY207731.1	453	1706	5	2	7	453
CY207731.1	455	1590	4	10	14	455
CY207731.1	457	759	0	1	1	759
CY207731.1	458	1037	0	1	1	1037
CY207731.1	464	1289	0	1	1	1289
CY207731.1	464	1510	0	1	1	1510
CY207731.1	473	1582	0	1	1	1582
CY207731.1	478	553	1	0	1	478
CY207731.1	484	540	2	8	10	484
CY207731.1	491	1373	1	0	1	491
CY207731.1	494	999	1	2	3	494
CY207731.1	506	1010	0	1	1	1010
CY207731.1	511	953	1	0	1	511
CY207731.1	518	1418	5	3	8	518
CY207731.1	523	831	0	1	1	831
CY207731.1	526	1696	0	1	1	1696
CY207731.1	527	1727	0	1	1	1727
CY207731.1	529	1028	1	0	1	529
CY207731.1	531	842	0	1	1	842
CY207731.1	544	772	0	2	2	772
CY207731.1	557	1158	0	1	1	1158
CY207731.1	561	1018	3	2	5	561
CY207731.1	562	1396	4	1	5	562
CY207731.1	565	1641	1	4	5	565
CY207731.1	569	1047	5	2	7	569
CY207731.1	569	942	1	0	1	569
CY207731.1	571	1716	0	1	1	1716
CY207731.1	572	1091	1	0	1	572
CY207731.1	573	1515	1	2	3	573
CY207731.1	574	1069	1	0	1	574
CY207731.1	579	1679	1	0	1	579
CY207731.1	583	1141	1	0	1	583
CY207731.1	589	1040	1	0	1	589
CY207731.1	601	918	1	0	1	601
CY207731.1	612	1283	0	1	1	1283
CY207731.1	622	1772	1	0	1	622
CY207731.1	627	893	0	1	1	893
CY207731.1	648	951	0	1	1	951
CY207731.1	660	1617	0	1	1	1617
CY207731.1	677	1148	1	0	1	677
CY207731.1	685	854	1	0	1	685
CY207731.1	687	1173	1	0	1	687
CY207731.1	695	797	1	0	1	695
CY207731.1	699	1296	1	0	1	699
CY207731.1	721	1223	0	1	1	1223
CY207731.1	734	1505	1	0	1	734
CY207731.1	756	1039	0	1	1	1039
CY207731.1	768	857	1	0	1	768
CY207731.1	776	1898	0	1	1	1898
CY207731.1	808	1319	0	1	1	1319
CY207731.1	844	1514	1	0	1	844
CY207731.1	889	1423	0	1	1	1423
CY207731.1	901	1602	0	1	1	1602
CY207731.1	946	968	1	0	1	946
CY207731.1	950	1658	1	0	1	950
CY207731.1	969	1068	1	0	1	969
CY207731.1	974	1701	0	1	1	1701
CY207732.1	1006	1053	0	1	1	1053
CY207732.1	273	958	1	0	1	273
CY207732.1	279	529	1	0	1	279
CY207732.1	347	573	2	1	3	347
CY207732.1	347	909	1	0	1	347
CY207732.1	350	709	0	1	1	709
CY207732.1	354	860	0	1	1	860
CY207732.1	359	781	0	1	1	781
CY207732.1	378	610	0	1	1	610
CY207732.1	395	774	0	1	1	774
CY207732.1	406	905	1	0	1	406
CY207732.1	407	573	0	1	1	573
CY207732.1	411	530	1	0	1	411
CY207732.1	412	905	0	1	1	905
CY207732.1	413	658	1	0	1	413
CY207732.1	418	771	1	0	1	418
CY207732.1	420	581	0	1	1	581
CY207732.1	421	799	1	0	1	421
CY207732.1	421	874	0	1	1	874
CY207732.1	428	563	1	0	1	428
CY207732.1	429	982	1	0	1	429
CY207732.1	432	547	1	0	1	432
CY207732.1	438	870	1	0	1	438
CY207732.1	445	863	0	8	8	863
CY207732.1	445	935	0	5	5	935
CY207732.1	446	670	2	5	7	446
CY207732.1	447	821	2	9	11	447
CY207732.1	449	895	0	1	1	895
CY207732.1	455	839	0	1	1	839
CY207732.1	458	1070	0	1	1	1070
CY207732.1	461	919	1	0	1	461
CY207732.1	485	872	0	1	1	872
CY207732.1	499	673	1	1	2	499
CY207732.1	502	815	1	0	1	502
CY207732.1	508	631	0	1	1	631
CY207732.1	516	890	4	5	9	516
CY207732.1	550	1068	0	1	1	1068
CY207732.1	555	631	0	1	1	631
CY207732.1	562	760	0	1	1	760
CY207732.1	581	674	0	1	1	674
CY207732.1	587	623	3	0	3	587
CY207732.1	593	1023	4	3	7	593
CY207732.1	595	996	1	0	1	595
CY207732.1	601	685	0	2	2	685
CY207732.1	605	769	0	1	1	769
CY207732.1	608	848	1	0	1	608
CY207732.1	610	920	1	0	1	610
CY207732.1	629	957	2	2	4	629
CY207732.1	630	656	1	0	1	630
CY207732.1	654	758	1	0	1	654
CY207732.1	654	961	0	1	1	961
CY207732.1	655	813	0	1	1	813
CY207732.1	666	987	0	1	1	987
CY207732.1	679	815	3	1	4	679
CY207732.1	685	839	0	4	4	839
CY207732.1	700	851	1	0	1	700
CY207732.1	718	860	1	5	6	718
CY207732.1	748	796	0	1	1	796
CY207732.1	748	934	0	1	1	934
CY207732.1	758	954	1	1	2	758
CY207732.1	804	1014	2	0	2	804
CY207732.1	817	866	0	1	1	866
CY207732.1	818	854	0	1	1	854
CY207732.1	818	935	1	0	1	818
CY207732.1	829	963	1	0	1	829
CY207732.1	830	958	0	1	1	958
CY207732.1	846	942	0	1	1	942
CY207732.1	847	1068	1	0	1	847
CY207732.1	859	956	0	1	1	956
CY207732.1	869	982	1	0	1	869
CY207732.1	879	1052	0	1	1	1052
CY207732.1	884	1046	1	0	1	884
CY207732.1	886	998	1	0	1	886
CY207732.1	898	953	1	0	1	898
CY207732.1	905	965	0	1	1	965
CY207732.1	915	1140	0	1	1	1140
CY207732.1	940	970	0	1	1	970
CY207732.1	955	1067	1	0	1	955
CY207732.1	973	1036	0	1	1	1036
CY207733.1	1013	1360	0	1	1	1360
CY207733.1	1020	1171	0	2	2	1171
CY207733.1	1033	1511	0	1	1	1511
CY207733.1	1297	1404	0	1	1	1404
CY207733.1	1316	1462	1	0	1	1316
CY207733.1	1386	1418	2	1	3	1386
CY207733.1	1521	1571	0	2	2	1571
CY207733.1	270	1402	1	1	2	270
CY207733.1	272	332	1	0	1	272
CY207733.1	277	1502	3	0	3	277
CY207733.1	281	1401	1	0	1	281
CY207733.1	281	1437	16	3	19	281
CY207733.1	288	1401	2	0	2	288
CY207733.1	300	1436	1	0	1	300
CY207733.1	316	1443	0	1	1	1443
CY207733.1	329	1574	0	10	10	1574
CY207733.1	330	1479	1	1	2	330
CY207733.1	360	1293	1	3	4	360
CY207733.1	360	1482	1	0	1	360
CY207733.1	377	1421	0	1	1	1421
CY207733.1	383	1279	0	1	1	1279
CY207733.1	420	532	0	1	1	532
CY207733.1	460	1552	1	2	3	460
CY207733.1	479	742	0	1	1	742
CY207733.1	492	1224	2	5	7	492
CY207733.1	513	1358	2	2	4	513
CY207733.1	532	1394	1	1	2	532
CY207733.1	550	618	1	0	1	550
CY207733.1	556	1329	1	0	1	556
CY207733.1	580	771	1	0	1	580
CY207733.1	601	1264	0	1	1	1264
CY207733.1	606	996	0	1	1	996
CY207733.1	639	1369	1	0	1	639
CY207733.1	675	870	0	1	1	870
CY207733.1	777	981	0	1	1	981
CY207733.1	799	1233	1	0	1	799
CY207733.1	799	1329	0	1	1	1329
CY207733.1	851	1135	0	1	1	1135
CY207733.1	977	1524	0	1	1	1524
CY207734.1	1020	1061	0	1	1	1061
CY207734.1	1029	1093	0	1	1	1093
CY207734.1	1046	1557	1	0	1	1046
CY207734.1	1091	1496	0	1	1	1496
CY207734.1	1112	1305	0	1	1	1305
CY207734.1	1137	1228	2	1	3	1137
CY207734.1	1167	1571	1	0	1	1167
CY207734.1	1177	1238	0	1	1	1238
CY207734.1	1183	1581	0	1	1	1581
CY207734.1	1225	1510	0	1	1	1510
CY207734.1	1263	1457	0	1	1	1457
CY207734.1	1286	1468	0	1	1	1468
CY207734.1	1294	1437	0	1	1	1437
CY207734.1	1319	1718	0	1	1	1718
CY207734.1	1410	1496	1	0	1	1410
CY207734.1	1421	1458	0	1	1	1458
CY207734.1	1421	1544	0	1	1	1544
CY207734.1	264	1172	1	0	1	264
CY207734.1	264	793	1	0	1	264
CY207734.1	275	805	1	0	1	275
CY207734.1	280	600	1	0	1	280
CY207734.1	321	1567	1	0	1	321
CY207734.1	325	1619	0	1	1	1619
CY207734.1	340	1532	0	2	2	1532
CY207734.1	345	877	1	0	1	345
CY207734.1	346	1003	0	1	1	1003
CY207734.1	346	1588	1	2	3	346
CY207734.1	348	429	1	4	5	348
CY207734.1	353	1492	0	1	1	1492
CY207734.1	361	1483	0	2	2	1483
CY207734.1	370	1360	1	0	1	370
CY207734.1	372	1130	0	1	1	1130
CY207734.1	378	400	0	1	1	400
CY207734.1	379	1371	0	1	1	1371
CY207734.1	388	1529	1	0	1	388
CY207734.1	390	1468	0	1	1	1468
CY207734.1	393	551	0	1	1	551
CY207734.1	393	954	0	1	1	954
CY207734.1	402	556	0	1	1	556
CY207734.1	419	1185	0	1	1	1185
CY207734.1	419	805	1	0	1	419
CY207734.1	420	1524	0	1	1	1524
CY207734.1	423	656	0	1	1	656
CY207734.1	428	1531	1	4	5	428
CY207734.1	428	1578	3	8	11	428
CY207734.1	432	706	0	1	1	706
CY207734.1	439	1586	0	1	1	1586
CY207734.1	448	1579	0	1	1	1579
CY207734.1	452	767	0	1	1	767
CY207734.1	464	584	0	1	1	584
CY207734.1	468	1501	1	2	3	468
CY207734.1	478	722	0	2	2	722
CY207734.1	481	1417	0	1	1	1417
CY207734.1	482	1065	0	1	1	1065
CY207734.1	486	610	0	1	1	610
CY207734.1	502	1616	0	1	1	1616
CY207734.1	504	1503	0	1	1	1503
CY207734.1	504	1617	1	0	1	504
CY207734.1	510	1184	0	1	1	1184
CY207734.1	521	1422	2	1	3	521
CY207734.1	521	841	0	1	1	841
CY207734.1	528	1567	1	0	1	528
CY207734.1	535	1494	0	1	1	1494
CY207734.1	543	846	1	0	1	543
CY207734.1	559	912	1	0	1	559
CY207734.1	625	963	0	1	1	963
CY207734.1	643	753	1	0	1	643
CY207734.1	677	1600	1	0	1	677
CY207734.1	704	1003	1	0	1	704
CY207734.1	725	1147	0	1	1	1147
CY207734.1	745	1175	0	1	1	1175
CY207734.1	746	781	0	1	1	781
CY207734.1	765	899	0	1	1	899
CY207734.1	787	900	0	1	1	900
CY207734.1	789	1212	0	1	1	1212
CY207734.1	808	1533	0	1	1	1533
CY207734.1	810	1228	4	2	6	810
CY207734.1	824	1049	0	1	1	1049
CY207734.1	840	1224	0	1	1	1224
CY207734.1	865	1409	1	0	1	865
CY207734.1	885	1175	0	1	1	1175
CY207734.1	889	1468	0	1	1	1468
CY207734.1	907	1143	0	1	1	1143
CY207734.1	908	1441	1	0	1	908
CY207734.1	916	1209	1	0	1	916
CY207734.1	947	1399	1	0	1	947
CY207734.1	954	1400	1	0	1	954
CY207734.1	955	1690	0	1	1	1690
CY207734.1	958	1383	1	0	1	958
CY207734.1	968	1669	0	1	1	1669
CY207734.1	984	1481	1	0	1	984
CY207734.1	997	1042	0	1	1	1042
CY207735.1	237	429	1	0	1	237
CY207735.1	274	436	5	0	5	274
CY207735.1	287	907	8	0	8	287
CY207735.1	289	964	2	0	2	289
CY207735.1	314	357	0	1	1	357
CY207735.1	316	352	0	1	1	352
CY207735.1	414	739	1	6	7	414
CY207735.1	470	705	1	0	1	470
CY207735.1	477	883	0	1	1	883
CY207735.1	499	729	1	0	1	499
CY207735.1	511	740	10	55	65	511
CY207735.1	512	599	0	1	1	599
CY207735.1	519	746	0	1	1	746
CY207735.1	536	901	0	5	5	901
CY207735.1	548	839	0	1	1	839
CY207735.1	572	627	2	3	5	572
CY207735.1	963	1008	0	5	5	1008
CY207736.1	1004	1654	0	1	1	1654
CY207736.1	1005	1592	2	0	2	1005
CY207736.1	1006	2286	2	3	5	1006
CY207736.1	1030	1616	3	4	7	1030
CY207736.1	1031	1619	1	0	1	1031
CY207736.1	1038	2275	0	1	1	2275
CY207736.1	1057	1412	0	1	1	1412
CY207736.1	1088	2370	0	1	1	2370
CY207736.1	1155	1562	1	0	1	1155
CY207736.1	1160	1300	1	0	1	1160
CY207736.1	1174	2243	1	0	1	1174
CY207736.1	1183	1543	1	0	1	1183
CY207736.1	1206	1429	0	1	1	1429
CY207736.1	1292	2104	0	1	1	2104
CY207736.1	1343	1728	0	1	1	1728
CY207736.1	1368	1678	0	1	1	1678
CY207736.1	1404	2255	0	1	1	2255
CY207736.1	1514	1704	0	1	1	1704
CY207736.1	1545	2019	1	0	1	1545
CY207736.1	1574	1732	0	1	1	1732
CY207736.1	1602	1633	1	0	1	1602
CY207736.1	1660	1902	0	1	1	1902
CY207736.1	1674	1870	2	2	4	1674
CY207736.1	1697	1739	0	1	1	1739
CY207736.1	1716	1941	0	1	1	1941
CY207736.1	1727	2085	0	1	1	2085
CY207736.1	1737	1829	0	1	1	1829
CY207736.1	1748	2203	1	0	1	1748
CY207736.1	1753	2208	0	1	1	2208
CY207736.1	1793	2298	1	0	1	1793
CY207736.1	1827	1896	0	2	2	1896
CY207736.1	1861	1963	1	2	3	1861
CY207736.1	1898	1959	1	0	1	1898
CY207736.1	1939	2347	0	1	1	2347
CY207736.1	1970	2033	0	4	4	2033
CY207736.1	2067	2171	4	0	4	2067
CY207736.1	2121	2145	1	0	1	2121
CY207736.1	2126	2164	2	0	2	2126
CY207736.1	2129	2222	7	1	8	2129
CY207736.1	2132	2160	1	2	3	2132
CY207736.1	2132	2170	16	10	26	2132
CY207736.1	2132	2174	3	2	5	2132
CY207736.1	2134	2240	13	10	23	2134
CY207736.1	2148	2183	1	2	3	2148
CY207736.1	2154	2185	6	0	6	2154
CY207736.1	2161	2185	1	0	1	2161
CY207736.1	2162	2188	0	1	1	2188
CY207736.1	2168	2215	9	3	12	2168
CY207736.1	2185	2265	0	4	4	2265
CY207736.1	2205	2255	1	0	1	2205
CY207736.1	2214	2237	0	1	1	2237
CY207736.1	2215	2239	0	1	1	2239
CY207736.1	2215	2256	1	1	2	2215
CY207736.1	2215	2283	0	4	4	2283
CY207736.1	2225	2256	13	2	15	2225
CY207736.1	2254	2306	0	1	1	2306
CY207736.1	235	1332	1	0	1	235
CY207736.1	257	2284	0	1	1	2284
CY207736.1	265	1305	1	0	1	265
CY207736.1	265	323	1	0	1	265
CY207736.1	266	2253	3	0	3	266
CY207736.1	268	2063	4	0	4	268
CY207736.1	279	2143	5	0	5	279
CY207736.1	282	2222	1	0	1	282
CY207736.1	283	327	7	0	7	283
CY207736.1	283	337	24	11	35	283
CY207736.1	285	2285	2	0	2	285
CY207736.1	287	2171	1	0	1	287
CY207736.1	290	2270	2	0	2	290
CY207736.1	291	2182	26	4	30	291
CY207736.1	303	2173	0	1	1	2173
CY207736.1	303	363	0	1	1	363
CY207736.1	304	2216	3	0	3	304
CY207736.1	304	2271	0	1	1	2271
CY207736.1	304	327	3	5	8	304
CY207736.1	304	337	0	1	1	337
CY207736.1	312	335	1	0	1	312
CY207736.1	313	389	1	0	1	313
CY207736.1	322	2212	1	0	1	322
CY207736.1	325	2132	0	1	1	2132
CY207736.1	325	2147	0	3	3	2147
CY207736.1	325	2222	1	1	2	325
CY207736.1	326	2168	0	3	3	2168
CY207736.1	327	2217	10	4	14	327
CY207736.1	328	364	1	4	5	328
CY207736.1	331	2153	0	1	1	2153
CY207736.1	333	2041	1	3	4	333
CY207736.1	333	2112	1	0	1	333
CY207736.1	333	2149	0	2	2	2149
CY207736.1	333	2282	0	6	6	2282
CY207736.1	334	2203	3	0	3	334
CY207736.1	334	2238	1	0	1	334
CY207736.1	334	404	1	0	1	334
CY207736.1	335	2157	0	1	1	2157
CY207736.1	335	2224	5	4	9	335
CY207736.1	349	2206	1	0	1	349
CY207736.1	350	2274	0	1	1	2274
CY207736.1	353	2147	1	7	8	353
CY207736.1	354	2299	0	1	1	2299
CY207736.1	358	2185	88	131	219	358
CY207736.1	359	2186	0	1	1	2186
CY207736.1	359	391	2	2	4	359
CY207736.1	359	494	0	1	1	494
CY207736.1	360	2063	3	0	3	360
CY207736.1	360	2237	2	0	2	360
CY207736.1	360	406	5	17	22	360
CY207736.1	361	2121	0	1	1	2121
CY207736.1	361	2265	1	1	2	361
CY207736.1	363	404	0	4	4	404
CY207736.1	363	410	0	1	1	410
CY207736.1	368	2134	0	4	4	2134
CY207736.1	368	2199	0	4	4	2199
CY207736.1	372	2195	0	1	1	2195
CY207736.1	374	2215	1	8	9	374
CY207736.1	375	2163	1	5	6	375
CY207736.1	375	2201	1	0	1	375
CY207736.1	380	410	0	4	4	410
CY207736.1	385	2140	0	10	10	2140
CY207736.1	385	2147	45	311	356	385
CY207736.1	385	2162	0	2	2	2162
CY207736.1	385	2184	1	8	9	385
CY207736.1	385	2222	21	12	33	385
CY207736.1	386	2271	0	3	3	2271
CY207736.1	386	434	3	6	9	386
CY207736.1	387	2149	0	1	1	2149
CY207736.1	388	2285	1	3	4	388
CY207736.1	390	2153	0	11	11	2153
CY207736.1	390	2170	3	12	15	390
CY207736.1	390	431	1	2	3	390
CY207736.1	396	2038	0	1	1	2038
CY207736.1	400	2141	0	1	1	2141
CY207736.1	401	2149	0	6	6	2149
CY207736.1	402	2143	0	5	5	2143
CY207736.1	403	2170	1	5	6	403
CY207736.1	403	2174	0	4	4	2174
CY207736.1	404	1134	1	0	1	404
CY207736.1	404	2164	0	12	12	2164
CY207736.1	404	445	28	37	65	404
CY207736.1	405	2057	1	14	15	405
CY207736.1	406	2141	1	17	18	406
CY207736.1	409	2156	0	3	3	2156
CY207736.1	409	2170	1	0	1	409
CY207736.1	410	2134	1	4	5	410
CY207736.1	415	2147	0	1	1	2147
CY207736.1	415	2155	0	3	3	2155
CY207736.1	416	2144	0	5	5	2144
CY207736.1	421	2157	0	1	1	2157
CY207736.1	425	2161	0	2	2	2161
CY207736.1	427	2019	5	2	7	427
CY207736.1	428	479	1	0	1	428
CY207736.1	430	2141	2	32	34	430
CY207736.1	432	2140	0	9	9	2140
CY207736.1	433	2144	0	1	1	2144
CY207736.1	434	2169	1	4	5	434
CY207736.1	435	2009	2	4	6	435
CY207736.1	435	2171	8	10	18	435
CY207736.1	435	551	1	0	1	435
CY207736.1	436	2156	1	4	5	436
CY207736.1	436	2180	0	5	5	2180
CY207736.1	441	2153	0	8	8	2153
CY207736.1	447	928	1	0	1	447
CY207736.1	448	2027	0	6	6	2027
CY207736.1	449	2100	1	13	14	449
CY207736.1	450	2059	1	0	1	450
CY207736.1	451	932	3	0	3	451
CY207736.1	452	1528	1	0	1	452
CY207736.1	452	2133	0	1	1	2133
CY207736.1	454	569	2	0	2	454
CY207736.1	459	2028	0	1	1	2028
CY207736.1	465	1842	0	1	1	1842
CY207736.1	467	2002	0	1	1	2002
CY207736.1	468	1971	0	1	1	1971
CY207736.1	474	2041	0	3	3	2041
CY207736.1	474	969	0	1	1	969
CY207736.1	475	2156	1	1	2	475
CY207736.1	477	2162	1	10	11	477
CY207736.1	477	500	2	0	2	477
CY207736.1	478	1865	1	0	1	478
CY207736.1	478	2131	9	53	62	478
CY207736.1	479	2258	1	0	1	479
CY207736.1	479	994	0	1	1	994
CY207736.1	482	2147	0	3	3	2147
CY207736.1	482	512	5	2	7	482
CY207736.1	483	2168	0	1	1	2168
CY207736.1	484	2072	1	0	1	484
CY207736.1	485	2148	3	30	33	485
CY207736.1	487	1985	6	0	6	487
CY207736.1	487	2064	0	1	1	2064
CY207736.1	487	565	1	0	1	487
CY207736.1	488	2042	0	2	2	2042
CY207736.1	488	568	1	0	1	488
CY207736.1	489	515	2	0	2	489
CY207736.1	490	2148	6	7	13	490
CY207736.1	490	2156	0	1	1	2156
CY207736.1	492	2009	3	2	5	492
CY207736.1	492	2026	2	1	3	492
CY207736.1	492	2167	5	15	20	492
CY207736.1	493	2223	17	1	18	493
CY207736.1	495	2030	7	13	20	495
CY207736.1	499	2022	0	1	1	2022
CY207736.1	500	2238	0	1	1	2238
CY207736.1	501	2142	2	2	4	501
CY207736.1	501	2157	0	3	3	2157
CY207736.1	505	1713	0	1	1	1713
CY207736.1	506	2177	1	0	1	506
CY207736.1	509	2141	71	60	131	509
CY207736.1	511	2009	19	10	29	511
CY207736.1	511	2185	2	0	2	511
CY207736.1	512	2028	1	0	1	512
CY207736.1	512	2064	2	4	6	512
CY207736.1	512	2133	6	1	7	512
CY207736.1	513	540	6	0	6	513
CY207736.1	515	2042	1	8	9	515
CY207736.1	515	552	1	1	2	515
CY207736.1	520	2132	2	2	4	520
CY207736.1	520	629	1	0	1	520
CY207736.1	521	2010	2	1	3	521
CY207736.1	528	1715	1	0	1	528
CY207736.1	530	1912	1	0	1	530
CY207736.1	533	1963	1	0	1	533
CY207736.1	534	2027	0	1	1	2027
CY207736.1	536	1103	1	0	1	536
CY207736.1	537	2167	0	3	3	2167
CY207736.1	538	2006	3	1	4	538
CY207736.1	547	2121	2	3	5	547
CY207736.1	548	2009	4	2	6	548
CY207736.1	551	2077	3	2	5	551
CY207736.1	551	601	1	0	1	551
CY207736.1	554	1963	2	0	2	554
CY207736.1	554	2009	1	0	1	554
CY207736.1	555	1962	2	0	2	555
CY207736.1	555	2028	5	5	10	555
CY207736.1	564	2062	2	1	3	564
CY207736.1	564	904	1	0	1	564
CY207736.1	570	1819	1	0	1	570
CY207736.1	574	1733	1	2	3	574
CY207736.1	575	1852	0	1	1	1852
CY207736.1	584	912	1	0	1	584
CY207736.1	586	1926	1	0	1	586
CY207736.1	589	1412	3	0	3	589
CY207736.1	590	1943	1	0	1	590
CY207736.1	596	2002	0	5	5	2002
CY207736.1	607	1895	3	0	3	607
CY207736.1	607	2028	1	0	1	607
CY207736.1	607	636	0	1	1	636
CY207736.1	607	693	2	0	2	607
CY207736.1	608	1906	2	0	2	608
CY207736.1	608	2185	1	0	1	608
CY207736.1	609	1827	2	2	4	609
CY207736.1	609	2006	2	4	6	609
CY207736.1	618	2043	13	4	17	618
CY207736.1	619	1875	2	0	2	619
CY207736.1	627	1935	5	9	14	627
CY207736.1	628	1957	1	3	4	628
CY207736.1	637	1943	0	1	1	1943
CY207736.1	639	2068	0	1	1	2068
CY207736.1	640	1894	0	1	1	1894
CY207736.1	642	2071	0	1	1	2071
CY207736.1	643	1918	3	0	3	643
CY207736.1	645	904	1	1	2	645
CY207736.1	647	1827	1	0	1	647
CY207736.1	647	1863	1	1	2	647
CY207736.1	647	1922	4	1	5	647
CY207736.1	652	2009	2	1	3	652
CY207736.1	658	866	1	0	1	658
CY207736.1	659	1856	2	4	6	659
CY207736.1	666	1002	2	0	2	666
CY207736.1	671	1890	7	5	12	671
CY207736.1	671	2064	0	2	2	2064
CY207736.1	674	1865	1	1	2	674
CY207736.1	678	1955	2	0	2	678
CY207736.1	678	2300	0	1	1	2300
CY207736.1	695	1938	0	1	1	1938
CY207736.1	699	1995	0	1	1	1995
CY207736.1	706	1586	1	0	1	706
CY207736.1	706	1842	1	0	1	706
CY207736.1	715	2018	1	0	1	715
CY207736.1	718	1552	1	0	1	718
CY207736.1	723	1994	2	1	3	723
CY207736.1	728	1612	3	5	8	728
CY207736.1	728	2028	1	1	2	728
CY207736.1	737	1736	3	0	3	737
CY207736.1	740	1868	2	1	3	740
CY207736.1	741	1099	1	0	1	741
CY207736.1	745	1818	2	0	2	745
CY207736.1	749	1895	2	1	3	749
CY207736.1	749	2064	14	7	21	749
CY207736.1	751	1815	1	0	1	751
CY207736.1	753	1783	8	2	10	753
CY207736.1	753	1817	6	2	8	753
CY207736.1	753	1864	1	0	1	753
CY207736.1	754	1868	2	2	4	754
CY207736.1	754	852	2	0	2	754
CY207736.1	765	1839	1	0	1	765
CY207736.1	767	1832	1	0	1	767
CY207736.1	767	1952	1	0	1	767
CY207736.1	769	2080	0	2	2	2080
CY207736.1	773	1840	14	5	19	773
CY207736.1	773	1868	3	0	3	773
CY207736.1	774	1686	1	0	1	774
CY207736.1	777	1858	4	1	5	777
CY207736.1	782	1201	1	0	1	782
CY207736.1	782	2027	2	0	2	782
CY207736.1	789	1861	1	0	1	789
CY207736.1	808	1281	1	0	1	808
CY207736.1	814	1828	0	1	1	1828
CY207736.1	843	1179	1	0	1	843
CY207736.1	851	1827	0	1	1	1827
CY207736.1	854	1184	0	1	1	1184
CY207736.1	878	1977	0	1	1	1977
CY207736.1	886	2158	0	1	1	2158
CY207736.1	888	1917	0	1	1	1917
CY207736.1	893	1678	1	0	1	893
CY207736.1	896	1184	1	0	1	896
CY207736.1	915	1679	1	0	1	915
CY207736.1	951	1702	1	0	1	951
CY207736.1	967	1531	0	1	1	1531
CY207736.1	973	1064	0	2	2	1064
CY207736.1	996	1112	0	1	1	1112
CY207737.1	1027	2417	1	0	1	1027
CY207737.1	1028	1978	0	1	1	1978
CY207737.1	1054	1524	0	1	1	1524
CY207737.1	1078	1796	0	1	1	1796
CY207737.1	1136	1568	1	0	1	1136
CY207737.1	1186	1395	0	1	1	1395
CY207737.1	1227	1400	0	1	1	1400
CY207737.1	1228	2053	0	1	1	2053
CY207737.1	1268	1387	0	1	1	1387
CY207737.1	1271	2116	1	0	1	1271
CY207737.1	1367	1402	0	1	1	1402
CY207737.1	1516	2042	0	1	1	2042
CY207737.1	1589	1689	1	0	1	1589
CY207737.1	1617	2319	0	1	1	2319
CY207737.1	1637	1949	1	0	1	1637
CY207737.1	1650	1829	0	1	1	1829
CY207737.1	1660	2273	0	1	1	2273
CY207737.1	1681	2057	1	0	1	1681
CY207737.1	1708	1733	0	1	1	1733
CY207737.1	1709	2020	0	1	1	2020
CY207737.1	1741	1797	1	2	3	1741
CY207737.1	1780	1851	0	1	1	1851
CY207737.1	1811	2259	0	1	1	2259
CY207737.1	1906	1961	0	1	1	1961
CY207737.1	1944	2062	2	1	3	1944
CY207737.1	1963	2019	15	1	16	1963
CY207737.1	1981	2151	0	1	1	2151
CY207737.1	1984	2103	157	153	310	1984
CY207737.1	2084	2186	1	0	1	2084
CY207737.1	2090	2204	8	0	8	2090
CY207737.1	2093	2355	12	7	19	2093
CY207737.1	2135	2183	1	0	1	2135
CY207737.1	2144	2166	2	0	2	2144
CY207737.1	2145	2194	1	0	1	2145
CY207737.1	2180	2245	5	1	6	2180
CY207737.1	2291	2321	11	0	11	2291
CY207737.1	2301	2333	0	1	1	2333
CY207737.1	2320	2346	17	1	18	2320
CY207737.1	2322	2356	146	23	169	2322
CY207737.1	237	293	3	0	3	237
CY207737.1	238	262	3	0	3	238
CY207737.1	238	289	6	0	6	238
CY207737.1	238	320	10	1	11	238
CY207737.1	2413	2450	0	5	5	2450
CY207737.1	241	267	1	0	1	241
CY207737.1	244	2220	1	0	1	244
CY207737.1	244	2306	1	0	1	244
CY207737.1	246	2414	2	0	2	246
CY207737.1	246	293	23	1	24	246
CY207737.1	247	2325	6	0	6	247
CY207737.1	247	289	11	0	11	247
CY207737.1	247	291	5	0	5	247
CY207737.1	247	298	43	0	43	247
CY207737.1	247	331	15	0	15	247
CY207737.1	249	1948	30	1	31	249
CY207737.1	265	306	1	0	1	265
CY207737.1	271	340	22	1	23	271
CY207737.1	272	2244	2	0	2	272
CY207737.1	274	2252	1	0	1	274
CY207737.1	277	307	2	0	2	277
CY207737.1	280	326	2	0	2	280
CY207737.1	285	312	1	0	1	285
CY207737.1	286	2321	1	0	1	286
CY207737.1	287	314	28	13	41	287
CY207737.1	288	2325	8	0	8	288
CY207737.1	312	2254	1	0	1	312
CY207737.1	319	2243	1	0	1	319
CY207737.1	320	2279	3	0	3	320
CY207737.1	327	2271	3	0	3	327
CY207737.1	329	2273	19	5	24	329
CY207737.1	330	2322	1	1	2	330
CY207737.1	334	2302	12	0	12	334
CY207737.1	335	2322	0	1	1	2322
CY207737.1	343	2209	1	0	1	343
CY207737.1	351	1516	1	0	1	351
CY207737.1	351	2281	57	5	62	351
CY207737.1	352	2280	5	0	5	352
CY207737.1	360	2322	2	1	3	360
CY207737.1	360	393	1	1	2	360
CY207737.1	362	2182	0	3	3	2182
CY207737.1	362	424	0	1	1	424
CY207737.1	363	2290	2	0	2	363
CY207737.1	364	2248	1	0	1	364
CY207737.1	364	2340	3	1	4	364
CY207737.1	365	1489	2	0	2	365
CY207737.1	367	2330	2	0	2	367
CY207737.1	373	2336	2	3	5	373
CY207737.1	381	2303	6	0	6	381
CY207737.1	388	1991	1	0	1	388
CY207737.1	391	2198	8	7	15	391
CY207737.1	392	1501	4	0	4	392
CY207737.1	392	2224	1	9	10	392
CY207737.1	392	2243	1	0	1	392
CY207737.1	392	2325	1	0	1	392
CY207737.1	394	2201	0	1	1	2201
CY207737.1	397	2290	1	0	1	397
CY207737.1	404	444	1	0	1	404
CY207737.1	416	2159	3	0	3	416
CY207737.1	417	2224	1	7	8	417
CY207737.1	421	2159	1	0	1	421
CY207737.1	424	2283	3	0	3	424
CY207737.1	425	2199	2	2	4	425
CY207737.1	426	2131	1	0	1	426
CY207737.1	428	2092	1	0	1	428
CY207737.1	428	2282	1	0	1	428
CY207737.1	428	2347	3	0	3	428
CY207737.1	429	2167	85	6	91	429
CY207737.1	430	2238	3	0	3	430
CY207737.1	435	2295	1	0	1	435
CY207737.1	436	2094	1	0	1	436
CY207737.1	436	2188	2	8	10	436
CY207737.1	436	2298	21	0	21	436
CY207737.1	437	2206	1	0	1	437
CY207737.1	442	2072	1	0	1	442
CY207737.1	445	2147	1	0	1	445
CY207737.1	446	2181	1	1	2	446
CY207737.1	447	2244	1	0	1	447
CY207737.1	449	494	0	1	1	494
CY207737.1	451	2104	2	0	2	451
CY207737.1	453	2195	1	0	1	453
CY207737.1	458	2112	23	1	24	458
CY207737.1	461	2217	0	1	1	2217
CY207737.1	462	2122	1	7	8	462
CY207737.1	462	2150	3	4	7	462
CY207737.1	462	2243	1	0	1	462
CY207737.1	468	2334	2	3	5	468
CY207737.1	475	2174	1	11	12	475
CY207737.1	476	2089	1	0	1	476
CY207737.1	476	2093	0	11	11	2093
CY207737.1	478	2093	1	8	9	478
CY207737.1	480	2228	6	12	18	480
CY207737.1	491	1946	0	2	2	1946
CY207737.1	492	2093	1	2	3	492
CY207737.1	493	1353	0	1	1	1353
CY207737.1	493	2092	0	1	1	2092
CY207737.1	494	611	1	0	1	494
CY207737.1	502	2204	1	1	2	502
CY207737.1	508	2037	1	3	4	508
CY207737.1	513	1260	1	0	1	513
CY207737.1	513	2104	5	9	14	513
CY207737.1	513	2243	1	1	2	513
CY207737.1	526	2093	43	18	61	526
CY207737.1	536	2093	1	0	1	536
CY207737.1	539	2195	0	1	1	2195
CY207737.1	541	2093	0	1	1	2093
CY207737.1	572	2083	1	0	1	572
CY207737.1	573	2076	2	0	2	573
CY207737.1	582	2091	1	1	2	582
CY207737.1	582	2110	0	2	2	2110
CY207737.1	582	2302	5	0	5	582
CY207737.1	584	2154	4	3	7	584
CY207737.1	586	631	4	1	5	586
CY207737.1	602	2091	0	1	1	2091
CY207737.1	603	2094	11	2	13	603
CY207737.1	611	1766	4	3	7	611
CY207737.1	615	1763	4	2	6	615
CY207737.1	628	1516	0	1	1	1516
CY207737.1	628	2007	1	0	1	628
CY207737.1	640	1904	3	0	3	640
CY207737.1	641	2148	2	0	2	641
CY207737.1	653	2094	2	3	5	653
CY207737.1	658	2019	0	2	2	2019
CY207737.1	662	2086	1	0	1	662
CY207737.1	672	1936	2	0	2	672
CY207737.1	709	2012	5	5	10	709
CY207737.1	737	1974	0	1	1	1974
CY207737.1	744	2095	2	2	4	744
CY207737.1	747	1985	8	328	336	747
CY207737.1	756	1916	0	1	1	1916
CY207737.1	803	2025	0	2	2	2025
CY207737.1	815	2057	1	0	1	815
CY207737.1	818	2000	1	0	1	818
CY207737.1	836	1683	0	1	1	1683
CY207737.1	929	1083	1	0	1	929
CY207737.1	930	1034	1	0	1	930
CY207737.1	938	1698	0	2	2	1698
CY207737.1	939	1861	0	1	1	1861
CY207737.1	967	1908	0	1	1	1908
CY207737.1	983	1312	0	1	1	1312
CY207738.1	1010	2472	0	1	1	2472
CY207738.1	1053	1269	0	1	1	1269
CY207738.1	1053	1876	1	0	1	1053
CY207738.1	1062	2248	3	1	4	1062
CY207738.1	1082	1274	0	1	1	1274
CY207738.1	1101	1160	1	2	3	1101
CY207738.1	1108	1510	0	1	1	1510
CY207738.1	1137	1223	0	1	1	1223
CY207738.1	1142	1353	0	1	1	1353
CY207738.1	1179	1925	1	0	1	1179
CY207738.1	1191	1429	1	0	1	1191
CY207738.1	1233	1679	0	1	1	1679
CY207738.1	1247	1805	1	0	1	1247
CY207738.1	1271	1691	1	0	1	1271
CY207738.1	1323	1613	0	1	1	1613
CY207738.1	1405	1935	0	1	1	1935
CY207738.1	1450	1594	1	0	1	1450
CY207738.1	1458	2237	0	1	1	2237
CY207738.1	1476	1641	0	1	1	1641
CY207738.1	1539	1662	1	0	1	1539
CY207738.1	1608	1838	1	0	1	1608
CY207738.1	1618	2079	0	1	1	2079
CY207738.1	1625	1687	1	0	1	1625
CY207738.1	1679	1730	0	1	1	1730
CY207738.1	1690	1938	0	1	1	1938
CY207738.1	1748	2417	0	1	1	2417
CY207738.1	1901	1971	1	1	2	1901
CY207738.1	1948	2064	0	1	1	2064
CY207738.1	2166	2195	0	1	1	2195
CY207738.1	2194	2236	2	0	2	2194
CY207738.1	2235	2333	1	0	1	2235
CY207738.1	2239	2291	1	0	1	2239
CY207738.1	2247	2314	50	84	134	2247
CY207738.1	2264	2363	0	4	4	2363
CY207738.1	2356	2402	0	4	4	2402
CY207738.1	2370	2397	0	2	2	2397
CY207738.1	253	2478	3	1	4	253
CY207738.1	257	2205	1	0	1	257
CY207738.1	258	1231	1	0	1	258
CY207738.1	274	1068	1	0	1	274
CY207738.1	276	1014	1	0	1	276
CY207738.1	280	1111	1	0	1	280
CY207738.1	286	1691	1	0	1	286
CY207738.1	294	2318	2	0	2	294
CY207738.1	316	2351	1	0	1	316
CY207738.1	322	1310	0	1	1	1310
CY207738.1	323	359	1	1	2	323
CY207738.1	328	2329	1	0	1	328
CY207738.1	329	2274	2	0	2	329
CY207738.1	340	2316	1	1	2	340
CY207738.1	353	2293	1	1	2	353
CY207738.1	353	2305	7	9	16	353
CY207738.1	356	2136	0	2	2	2136
CY207738.1	360	2315	0	1	1	2315
CY207738.1	361	2138	0	1	1	2138
CY207738.1	362	2313	2	5	7	362
CY207738.1	362	2317	26	43	69	362
CY207738.1	365	2320	0	2	2	2320
CY207738.1	366	2267	0	1	1	2267
CY207738.1	367	2209	0	2	2	2209
CY207738.1	367	2311	28	37	65	367
CY207738.1	367	2313	4	9	13	367
CY207738.1	367	2317	0	1	1	2317
CY207738.1	367	2333	1	2	3	367
CY207738.1	368	2372	2	0	2	368
CY207738.1	370	2283	2	12	14	370
CY207738.1	372	2237	1	0	1	372
CY207738.1	373	2297	0	7	7	2297
CY207738.1	373	2318	2	4	6	373
CY207738.1	374	2333	95	135	230	374
CY207738.1	375	2116	1	2	3	375
CY207738.1	376	2282	0	1	1	2282
CY207738.1	379	405	0	2	2	405
CY207738.1	380	2195	8	138	146	380
CY207738.1	380	2209	1	6	7	380
CY207738.1	380	2313	3	14	17	380
CY207738.1	383	2359	0	4	4	2359
CY207738.1	385	2276	0	4	4	2276
CY207738.1	385	2280	0	9	9	2280
CY207738.1	386	2164	1	1	2	386
CY207738.1	386	2196	0	8	8	2196
CY207738.1	386	2248	7	24	31	386
CY207738.1	386	2314	1	4	5	386
CY207738.1	387	2263	0	10	10	2263
CY207738.1	394	829	0	1	1	829
CY207738.1	395	2271	0	1	1	2271
CY207738.1	398	2492	0	1	1	2492
CY207738.1	400	2186	0	1	1	2186
CY207738.1	404	2222	0	1	1	2222
CY207738.1	407	2331	0	2	2	2331
CY207738.1	408	2379	1	0	1	408
CY207738.1	414	2221	0	5	5	2221
CY207738.1	419	2195	19	192	211	419
CY207738.1	419	2209	9	38	47	419
CY207738.1	419	2313	5	6	11	419
CY207738.1	419	2346	2	5	7	419
CY207738.1	420	2054	0	3	3	2054
CY207738.1	420	2143	4	8	12	420
CY207738.1	420	2158	1	9	10	420
CY207738.1	420	2209	8	47	55	420
CY207738.1	420	2372	0	2	2	2372
CY207738.1	421	2282	0	7	7	2282
CY207738.1	421	861	0	1	1	861
CY207738.1	425	2289	4	11	15	425
CY207738.1	431	2352	1	3	4	431
CY207738.1	431	467	0	1	1	467
CY207738.1	435	2195	20	95	115	435
CY207738.1	435	2209	3	8	11	435
CY207738.1	435	495	0	10	10	495
CY207738.1	436	2196	0	1	1	2196
CY207738.1	439	2360	0	1	1	2360
CY207738.1	442	2203	1	8	9	442
CY207738.1	443	2173	0	1	1	2173
CY207738.1	446	2207	0	1	1	2207
CY207738.1	453	2161	2	6	8	453
CY207738.1	453	2196	9	29	38	453
CY207738.1	453	2210	4	8	12	453
CY207738.1	453	2318	1	4	5	453
CY207738.1	454	2021	3	6	9	454
CY207738.1	454	2189	1	5	6	454
CY207738.1	459	2251	2	1	3	459
CY207738.1	460	1972	3	7	10	460
CY207738.1	464	2067	0	3	3	2067
CY207738.1	464	2195	0	1	1	2195
CY207738.1	464	2247	6	15	21	464
CY207738.1	464	2273	1	4	5	464
CY207738.1	466	491	26	105	131	466
CY207738.1	467	988	0	1	1	988
CY207738.1	468	2209	5	6	11	468
CY207738.1	469	1291	0	1	1	1291
CY207738.1	470	2213	12	29	41	470
CY207738.1	473	2163	3	8	11	473
CY207738.1	474	2217	0	2	2	2217
CY207738.1	475	2054	2	7	9	475
CY207738.1	478	1402	0	1	1	1402
CY207738.1	478	2263	0	1	1	2263
CY207738.1	483	1660	0	1	1	1660
CY207738.1	491	2259	1	5	6	491
CY207738.1	492	2215	0	1	1	2215
CY207738.1	495	2196	3	6	9	495
CY207738.1	507	2217	3	6	9	507
CY207738.1	510	2132	1	9	10	510
CY207738.1	510	2188	1	1	2	510
CY207738.1	511	2211	1	5	6	511
CY207738.1	514	2187	3	3	6	514
CY207738.1	514	2195	13	77	90	514
CY207738.1	515	2135	3	4	7	515
CY207738.1	528	2195	2	17	19	528
CY207738.1	529	2237	4	4	8	529
CY207738.1	530	2240	0	1	1	2240
CY207738.1	533	2106	0	2	2	2106
CY207738.1	539	2205	2	0	2	539
CY207738.1	544	2210	66	97	163	544
CY207738.1	556	879	1	0	1	556
CY207738.1	563	2195	2	8	10	563
CY207738.1	564	2034	0	7	7	2034
CY207738.1	564	2054	0	1	1	2054
CY207738.1	604	2093	14	22	36	604
CY207738.1	627	2044	3	3	6	627
CY207738.1	637	2109	0	1	1	2109
CY207738.1	645	2068	1	2	3	645
CY207738.1	655	1100	0	1	1	1100
CY207738.1	657	1868	0	3	3	1868
CY207738.1	664	2103	2	3	5	664
CY207738.1	680	1990	0	1	1	1990
CY207738.1	690	2035	1	3	4	690
CY207738.1	693	1907	0	2	2	1907
CY207738.1	717	1951	4	0	4	717
CY207738.1	718	1898	1	0	1	718
CY207738.1	732	1937	0	2	2	1937
CY207738.1	732	1971	18	31	49	732
CY207738.1	732	1997	2	2	4	732
CY207738.1	733	1948	1	3	4	733
CY207738.1	734	2055	1	1	2	734
CY207738.1	739	1976	1	0	1	739
CY207738.1	740	1915	1	0	1	740
CY207738.1	740	2005	0	1	1	2005
CY207738.1	745	1960	0	1	1	1960
CY207738.1	745	1995	0	3	3	1995
CY207738.1	751	1999	0	4	4	1999
CY207738.1	753	1988	0	1	1	1988
CY207738.1	756	2028	0	1	1	2028
CY207738.1	762	2015	0	1	1	2015
CY207738.1	767	1868	1	0	1	767
CY207738.1	780	1813	1	0	1	780
CY207738.1	780	1877	1	2	3	780
CY207738.1	800	1434	0	1	1	1434
CY207738.1	810	1847	1	3	4	810
CY207738.1	822	879	1	0	1	822
CY207738.1	828	1828	2	0	2	828
CY207738.1	835	1902	1	2	3	835
CY207738.1	842	1789	1	1	2	842
CY207738.1	857	1850	2	1	3	857
CY207738.1	863	2015	1	0	1	863
CY207738.1	870	1842	5	5	10	870
CY207738.1	870	2204	3	2	5	870
CY207738.1	893	1048	0	1	1	1048
CY207738.1	899	1808	4	0	4	899
CY207738.1	914	1868	0	1	1	1868
CY207738.1	951	1568	0	1	1	1568
CY207738.1	970	1428	1	0	1	970
CY207738.1	971	1734	1	0	1	971
CY207738.1	984	1869	1	0	1	984
CY207738.1	986	1827	1	0	1	986
CY207738.1	987	1019	1	0	1	987
