Segment	Start	Stop	Forward_support	Reverse_support	Total_support	Fuzz_factor
CY207731.1	1017	1418	1	0	1	1017
CY207731.1	1040	1529	1	0	1	1040
CY207731.1	1055	1359	1	0	1	1055
CY207731.1	1088	1460	0	1	1	1460
CY207731.1	1170	1800	0	1	1	1800
CY207731.1	1172	1758	0	1	1	1758
CY207731.1	1186	1771	0	1	1	1771
CY207731.1	1227	1758	0	1	1	1758
CY207731.1	1266	1637	1	0	1	1266
CY207731.1	1283	1448	0	1	1	1448
CY207731.1	1412	1774	1	0	1	1412
CY207731.1	1684	1750	0	1	1	1750
CY207731.1	263	1327	1	0	1	263
CY207731.1	264	647	1	0	1	264
CY207731.1	270	1334	2	0	2	270
CY207731.1	270	529	1	0	1	270
CY207731.1	289	581	1	0	1	289
CY207731.1	321	1157	1	0	1	321
CY207731.1	351	373	0	1	1	373
CY207731.1	370	419	0	1	1	419
CY207731.1	380	410	0	1	1	410
CY207731.1	400	1413	1	0	1	400
CY207731.1	401	1673	0	1	1	1673
CY207731.1	402	1390	0	1	1	1390
CY207731.1	406	1678	0	1	1	1678
CY207731.1	409	515	0	1	1	515
CY207731.1	437	459	0	1	1	459
CY207731.1	450	560	0	1	1	560
CY207731.1	500	1491	1	0	1	500
CY207731.1	527	1727	0	2	2	1727
CY207731.1	530	1698	1	0	1	530
CY207731.1	565	1641	1	0	1	565
CY207731.1	588	619	0	1	1	619
CY207731.1	597	782	1	0	1	597
CY207731.1	631	708	0	1	1	708
CY207731.1	663	840	0	1	1	840
CY207731.1	743	1074	1	0	1	743
CY207731.1	797	1052	0	1	1	1052
CY207731.1	874	1195	0	1	1	1195
CY207731.1	902	1383	1	0	1	902
CY207731.1	997	1758	1	0	1	997
CY207732.1	248	840	1	0	1	248
CY207732.1	284	453	1	0	1	284
CY207732.1	290	321	1	0	1	290
CY207732.1	313	502	1	0	1	313
CY207732.1	355	605	1	0	1	355
CY207732.1	374	704	1	0	1	374
CY207732.1	381	610	0	1	1	610
CY207732.1	429	1028	1	0	1	429
CY207732.1	436	464	0	1	1	464
CY207732.1	447	821	0	1	1	821
CY207732.1	467	625	0	1	1	625
CY207732.1	470	1077	1	0	1	470
CY207732.1	477	602	0	1	1	602
CY207732.1	498	1133	0	1	1	1133
CY207732.1	520	1138	0	1	1	1138
CY207732.1	520	814	1	0	1	520
CY207732.1	523	965	1	0	1	523
CY207732.1	568	645	0	1	1	645
CY207732.1	613	708	1	1	2	613
CY207732.1	629	957	0	1	1	957
CY207732.1	674	709	1	0	1	674
CY207732.1	691	1133	0	1	1	1133
CY207732.1	697	772	1	0	1	697
CY207732.1	700	851	1	0	1	700
CY207732.1	718	860	0	1	1	860
CY207732.1	755	845	1	0	1	755
CY207732.1	817	866	6	13	19	817
CY207732.1	826	887	0	1	1	887
CY207732.1	860	1051	1	0	1	860
CY207732.1	876	968	0	1	1	968
CY207732.1	973	998	0	1	1	998
CY207733.1	1018	1074	0	3	3	1074
CY207733.1	1022	1415	0	1	1	1415
CY207733.1	1159	1181	0	1	1	1181
CY207733.1	1205	1248	1	0	1	1205
CY207733.1	235	1416	13	0	13	235
CY207733.1	286	1456	2	0	2	286
CY207733.1	296	1435	12	9	21	296
CY207733.1	309	1479	4	4	8	309
CY207733.1	380	913	0	1	1	913
CY207733.1	397	1279	10	37	47	397
CY207733.1	427	628	0	1	1	628
CY207733.1	443	529	0	1	1	529
CY207733.1	462	527	0	1	1	527
CY207733.1	464	525	0	1	1	525
CY207733.1	464	531	0	1	1	531
CY207733.1	475	513	0	1	1	513
CY207733.1	475	522	0	1	1	522
CY207733.1	501	1231	0	10	10	1231
CY207733.1	540	1325	0	1	1	1325
CY207733.1	543	1382	1	2	3	543
CY207733.1	549	1063	0	1	1	1063
CY207733.1	560	1122	1	0	1	560
CY207733.1	573	1386	1	0	1	573
CY207733.1	583	1025	0	1	1	1025
CY207733.1	658	1437	0	1	1	1437
CY207733.1	665	773	1	0	1	665
CY207733.1	715	798	0	1	1	798
CY207733.1	717	855	0	1	1	855
CY207733.1	720	757	0	1	1	757
CY207733.1	811	1368	1	0	1	811
CY207733.1	865	975	0	1	1	975
CY207733.1	905	1469	1	0	1	905
CY207733.1	943	1283	0	1	1	1283
CY207733.1	952	1434	1	0	1	952
CY207733.1	964	1299	1	0	1	964
CY207734.1	1012	1084	4	8	12	1012
CY207734.1	1013	1051	1	0	1	1013
CY207734.1	1090	1489	0	1	1	1489
CY207734.1	1478	1504	1	0	1	1478
CY207734.1	1593	1720	0	14	14	1720
CY207734.1	1604	1725	0	1	1	1725
CY207734.1	280	697	1	0	1	280
CY207734.1	285	830	1	0	1	285
CY207734.1	288	822	1	0	1	288
CY207734.1	290	1225	1	0	1	290
CY207734.1	292	543	1	0	1	292
CY207734.1	325	1448	1	0	1	325
CY207734.1	389	1018	0	1	1	1018
CY207734.1	397	1693	0	1	1	1693
CY207734.1	439	1355	0	1	1	1355
CY207734.1	440	957	1	0	1	440
CY207734.1	448	664	0	1	1	664
CY207734.1	464	1724	0	1	1	1724
CY207734.1	465	1590	1	0	1	465
CY207734.1	520	1689	0	1	1	1689
CY207734.1	520	841	0	1	1	841
CY207734.1	529	1717	1	0	1	529
CY207734.1	533	1721	0	1	1	1721
CY207734.1	554	1310	0	1	1	1310
CY207734.1	591	842	0	1	1	842
CY207734.1	658	1431	0	1	1	1431
CY207734.1	658	1496	0	1	1	1496
CY207734.1	786	943	1	0	1	786
CY207734.1	816	1588	0	1	1	1588
CY207734.1	841	1622	0	1	1	1622
CY207734.1	914	1322	0	1	1	1322
CY207734.1	935	1157	1	1	2	935
CY207734.1	948	1489	7	4	11	948
CY207734.1	970	1043	5	9	14	970
CY207734.1	972	1388	0	1	1	1388
CY207734.1	989	1093	1	0	1	989
CY207735.1	267	921	20	1	21	267
CY207735.1	273	979	5	0	5	273
CY207735.1	277	935	24	0	24	277
CY207735.1	303	966	1	2	3	303
CY207735.1	416	816	17	62	79	416
CY207735.1	426	825	0	1	1	825
CY207735.1	484	616	0	1	1	616
CY207735.1	511	740	18	75	93	511
CY207735.1	646	687	0	1	1	687
CY207735.1	652	730	0	1	1	730
CY207736.1	1030	1482	0	1	1	1482
CY207736.1	1041	1141	1	0	1	1041
CY207736.1	1068	2349	0	1	1	2349
CY207736.1	1087	1269	1	0	1	1087
CY207736.1	1095	2005	0	2	2	2005
CY207736.1	1151	1689	1	0	1	1151
CY207736.1	1193	1925	0	1	1	1925
CY207736.1	1258	1375	1	0	1	1258
CY207736.1	1258	2315	0	1	1	2315
CY207736.1	1293	1697	1	0	1	1293
CY207736.1	1415	2256	0	1	1	2256
CY207736.1	1416	2304	0	1	1	2304
CY207736.1	1441	1490	1	0	1	1441
CY207736.1	1595	1632	0	1	1	1632
CY207736.1	1635	1925	0	1	1	1925
CY207736.1	1653	1792	2	1	3	1653
CY207736.1	1827	1890	3	2	5	1827
CY207736.1	1984	2137	0	1	1	2137
CY207736.1	2010	2043	8	6	14	2010
CY207736.1	2021	2063	18	10	28	2021
CY207736.1	2121	2276	1	0	1	2121
CY207736.1	2130	2299	9	6	15	2130
CY207736.1	2132	2170	11	18	29	2132
CY207736.1	2144	2272	0	1	1	2272
CY207736.1	2166	2237	9	3	12	2166
CY207736.1	241	971	1	0	1	241
CY207736.1	269	305	13	0	13	269
CY207736.1	277	1296	1	0	1	277
CY207736.1	277	2010	7	1	8	277
CY207736.1	278	2015	1	0	1	278
CY207736.1	280	2075	1	0	1	280
CY207736.1	327	2217	1	1	2	327
CY207736.1	333	2185	1	0	1	333
CY207736.1	333	2270	0	1	1	2270
CY207736.1	335	2224	13	7	20	335
CY207736.1	363	476	1	16	17	363
CY207736.1	382	2185	1	8	9	382
CY207736.1	386	2216	1	0	1	386
CY207736.1	387	2043	2	0	2	387
CY207736.1	402	2008	1	0	1	402
CY207736.1	403	2064	24	6	30	403
CY207736.1	408	2143	1	6	7	408
CY207736.1	417	1181	1	0	1	417
CY207736.1	425	1147	1	0	1	425
CY207736.1	447	571	1	0	1	447
CY207736.1	451	1393	1	0	1	451
CY207736.1	465	2253	5	5	10	465
CY207736.1	475	1620	1	0	1	475
CY207736.1	483	555	15	0	15	483
CY207736.1	487	558	1	0	1	487
CY207736.1	489	2041	12	14	26	489
CY207736.1	491	965	0	1	1	965
CY207736.1	495	2048	0	1	1	2048
CY207736.1	512	2028	14	23	37	512
CY207736.1	514	1818	1	0	1	514
CY207736.1	514	2042	10	14	24	514
CY207736.1	515	1819	71	62	133	515
CY207736.1	516	1820	1	0	1	516
CY207736.1	538	1679	112	43	155	538
CY207736.1	538	2028	0	1	1	2028
CY207736.1	538	2040	4	34	38	538
CY207736.1	555	1895	8	4	12	555
CY207736.1	566	1941	2	3	5	566
CY207736.1	575	2069	1	0	1	575
CY207736.1	579	1950	0	1	1	1950
CY207736.1	589	1764	0	1	1	1764
CY207736.1	592	919	1	0	1	592
CY207736.1	607	1941	5	1	6	607
CY207736.1	616	1767	11	15	26	616
CY207736.1	625	1900	2	0	2	625
CY207736.1	627	1889	1	0	1	627
CY207736.1	628	1957	10	11	21	628
CY207736.1	630	1929	1	0	1	630
CY207736.1	633	1932	1	0	1	633
CY207736.1	637	1936	117	103	220	637
CY207736.1	638	1937	0	1	1	1937
CY207736.1	641	675	3	3	6	641
CY207736.1	658	1913	11	7	18	658
CY207736.1	683	855	1	0	1	683
CY207736.1	702	2046	5	8	13	702
CY207736.1	703	1810	0	1	1	1810
CY207736.1	714	1637	2	8	10	714
CY207736.1	714	1828	11	13	24	714
CY207736.1	722	1863	1	4	5	722
CY207736.1	724	1260	0	1	1	1260
CY207736.1	725	1887	13	15	28	725
CY207736.1	727	1817	6	13	19	727
CY207736.1	727	1950	3	1	4	727
CY207736.1	740	1825	1	0	1	740
CY207736.1	741	1826	11	3	14	741
CY207736.1	753	1783	17	4	21	753
CY207736.1	754	1912	11	5	16	754
CY207736.1	759	2040	4	1	5	759
CY207736.1	767	847	0	1	1	847
CY207736.1	799	929	1	0	1	799
CY207736.1	820	852	11	12	23	820
CY207736.1	836	1939	18	16	34	836
CY207736.1	839	1942	0	1	1	1942
CY207736.1	851	1679	5	7	12	851
CY207736.1	854	1682	0	1	1	1682
CY207736.1	857	1040	0	1	1	1040
CY207736.1	886	1757	1	0	1	886
CY207736.1	924	2017	0	1	1	2017
CY207736.1	930	1723	8	11	19	930
CY207736.1	955	1599	0	1	1	1599
CY207736.1	983	1761	0	1	1	1761
CY207737.1	1138	2356	1	0	1	1138
CY207737.1	1191	1313	4	6	10	1191
CY207737.1	1330	2290	1	0	1	1330
CY207737.1	1374	1517	0	1	1	1517
CY207737.1	1862	1927	1	0	1	1862
CY207737.1	2210	2286	1	0	1	2210
CY207737.1	2246	2278	1	0	1	2246
CY207737.1	2308	2411	2	0	2	2308
CY207737.1	2413	2450	1	21	22	2413
CY207737.1	275	2379	1	0	1	275
CY207737.1	286	822	1	0	1	286
CY207737.1	314	693	1	0	1	314
CY207737.1	348	1502	1	0	1	348
CY207737.1	364	1283	1	0	1	364
CY207737.1	365	811	0	1	1	811
CY207737.1	369	2310	1	0	1	369
CY207737.1	372	1300	0	2	2	1300
CY207737.1	372	916	0	1	1	916
CY207737.1	380	2321	12	0	12	380
CY207737.1	391	440	3	0	3	391
CY207737.1	394	1121	1	0	1	394
CY207737.1	404	1131	7	14	21	404
CY207737.1	440	2303	27	2	29	440
CY207737.1	459	2057	1	0	1	459
CY207737.1	464	1149	0	1	1	1149
CY207737.1	465	1291	0	1	1	1291
CY207737.1	467	500	0	1	1	500
CY207737.1	468	1418	0	1	1	1418
CY207737.1	489	2317	0	1	1	2317
CY207737.1	542	2182	7	7	14	542
CY207737.1	546	2195	12	3	15	546
CY207737.1	582	644	0	1	1	644
CY207737.1	600	631	0	1	1	631
CY207737.1	611	2348	0	1	1	2348
CY207737.1	624	1641	1	0	1	624
CY207737.1	686	1291	1	0	1	686
CY207737.1	710	2468	0	1	1	2468
CY207737.1	724	1045	1	0	1	724
CY207737.1	731	1989	1	0	1	731
CY207737.1	737	1645	0	1	1	1645
CY207737.1	744	2017	3	10	13	744
CY207737.1	747	779	0	1	1	779
CY207737.1	759	1855	0	5	5	1855
CY207737.1	832	1823	3	12	15	832
CY207737.1	842	1383	0	1	1	1383
CY207737.1	985	1800	4	3	7	985
CY207738.1	1022	1548	0	1	1	1548
CY207738.1	1108	1203	0	4	4	1203
CY207738.1	1124	2330	2	0	2	1124
CY207738.1	1127	1512	1	0	1	1127
CY207738.1	1142	1225	0	1	1	1225
CY207738.1	1197	1526	0	1	1	1526
CY207738.1	1272	1631	1	1	2	1272
CY207738.1	1286	2341	0	1	1	2341
CY207738.1	1392	2338	1	0	1	1392
CY207738.1	1476	1504	1	0	1	1476
CY207738.1	1486	1890	0	1	1	1890
CY207738.1	1682	1829	2	1	3	1682
CY207738.1	1985	2034	1	0	1	1985
CY207738.1	257	2294	1	0	1	257
CY207738.1	271	1229	1	0	1	271
CY207738.1	310	1791	1	5	6	310
CY207738.1	325	1001	0	1	1	1001
CY207738.1	326	957	0	1	1	957
CY207738.1	329	2274	1	0	1	329
CY207738.1	342	1655	1	0	1	342
CY207738.1	344	1240	1	1	2	344
CY207738.1	361	2311	1	0	1	361
CY207738.1	367	2333	15	16	31	367
CY207738.1	378	1866	0	1	1	1866
CY207738.1	380	2333	9	7	16	380
CY207738.1	395	767	0	1	1	767
CY207738.1	400	1901	1	0	1	400
CY207738.1	405	586	2	13	15	405
CY207738.1	408	476	0	1	1	476
CY207738.1	411	1543	0	1	1	1543
CY207738.1	411	1715	3	27	30	411
CY207738.1	411	2256	0	12	12	2256
CY207738.1	426	804	0	1	1	804
CY207738.1	443	1827	1	0	1	443
CY207738.1	453	2253	2	4	6	453
CY207738.1	456	861	0	1	1	861
CY207738.1	467	2034	0	1	1	2034
CY207738.1	473	2238	0	1	1	2238
CY207738.1	484	2248	16	19	35	484
CY207738.1	494	1710	1	0	1	494
CY207738.1	500	1761	0	1	1	1761
CY207738.1	546	1046	0	1	1	1046
CY207738.1	637	2317	1	0	1	637
CY207738.1	657	2071	3	2	5	657
CY207738.1	685	1842	11	6	17	685
CY207738.1	695	1630	1	1	2	695
CY207738.1	706	1955	3	0	3	706
CY207738.1	707	1643	1	0	1	707
CY207738.1	712	1886	9	10	19	712
CY207738.1	715	1106	1	0	1	715
CY207738.1	717	1890	0	1	1	1890
CY207738.1	749	1913	3	1	4	749
CY207738.1	776	1900	5	6	11	776
CY207738.1	804	1904	48	54	102	804
CY207738.1	826	1361	1	0	1	826
CY207738.1	830	1864	1	0	1	830
CY207738.1	830	889	1	0	1	830
CY207738.1	835	1830	0	3	3	1830
CY207738.1	842	1886	1	0	1	842
CY207738.1	848	1860	5	9	14	848
CY207738.1	855	1758	6	2	8	855
CY207738.1	877	1767	0	1	1	1767
CY207738.1	894	1868	2	1	3	894
CY207738.1	898	1686	7	6	13	898
CY207738.1	910	1261	0	1	1	1261
CY207738.1	951	1473	1	0	1	951
CY207738.1	959	1703	0	1	1	1703
